X0,X1,X2,X3,X4,X5,X6,X7,X8,X9,X10,X11,X12,X13,X14,X15,X16,X17,X18,X19,X20,X21,X22,X23,X24,X25,X26,X27,X28,X29,X30,X31,X32,X33,X34,X35,X36,X37,X38,X39,X40,X41,X42,X43,X44,X45,X46,X47,X48,X49,F,Y,LIFT_SCORE,TREATMENT_NAME,UPLIFT,Y_TREATED,N_TREATED,Y_UNTREATED,N_UNTREATED,FOLLOW_REC,ABS_LIFT_SCORE
0.28144906454372903,0.33723784284009695,0.287866885126639,0.24217732466386602,0.662811244570907,0.60313957371046,0.602901355749292,0.67803174268004,0.8531469928777858,0.36678826964948297,0.415893307717325,0.5127899806958179,0.629082285189135,0.42021766061604604,0.562589083796764,0.244737951988317,0.412290556973893,0.0538072444103297,0.9379251809629909,0.536758598219274,0.205795128892246,0.355837864929656,0.546177718513544,0.200310509436479,0.597875696866566,0.695903421844751,0.57495472407321,0.284349040424286,0.598040876366593,0.474116502041265,0.661834693112116,0.6932842973361489,0.47301499433149097,0.519190799910099,0.655685286203031,0.375882516759663,0.43253265133858704,0.459074937184724,0.40569193274604104,0.7695770414154871,0.545306026760908,0.490260799473516,0.543430317480731,0.540347298889162,0.51296321289644,0.562572690809439,0.661322565925251,0.592378083943282,0.730278613847654,0.6347886765028471,1,0,-1.0,F,,0,0,0,1,0,1.0
0.533312627638241,0.639671039501967,0.694397720279529,0.31998122435942894,0.853388269736082,0.44447113233152596,0.440545379612963,0.565207345560166,0.3838697982017029,0.6661292898553411,0.724891205739789,0.35778711241926,0.26748401207767003,0.654450359135864,0.6971714070904039,0.39389272517326296,0.31779052682849396,0.285331984897743,0.146452751366679,0.27320158323655397,0.384263964316478,0.45492132206201896,0.40133615147633894,0.454546840270259,0.542351422447346,0.624951729416497,0.594109086354208,0.38551128537202595,0.678079731371489,0.391743127278015,0.4229549509943621,0.5812327204812111,0.578895673488417,0.48304254910734995,0.401563829609417,0.501077271864021,0.41701616168581396,0.48334394910028705,0.516971567888756,0.500735637385214,0.657156615061775,0.8479163799493921,0.713005273787515,0.587996812087389,0.25824490212966,0.5372226289798829,0.6476490113377571,0.5918036167999959,0.591148414566011,0.577237166541087,0,1,1.0,F,,0,0,1,2,0,1.0
0.43006599729455003,0.5641049043917629,0.5275128380017,0.5192503056893,0.283564337292886,0.539246598769925,0.564916872451809,0.5880737542565171,0.5175450581219221,0.669039705401416,0.372105544957779,0.272733333670583,0.427044086330534,0.41089716769919393,0.442040032665486,0.5947445490309611,0.45759470115374895,0.5784721966903951,0.344747066450188,0.420755278368925,0.5349400986851439,0.520498863910839,0.306811427640053,0.633933942501043,0.588552114801089,0.381353006434925,0.26124931382597605,0.371811496726605,0.21275292709505,0.509080501912411,0.40916322405268396,0.600881215755786,0.7348556731400259,0.284551362957032,0.62559016348855,0.19374726587734195,0.269650675972193,0.557479354616428,0.608443761073817,0.8088934467836949,0.33346334569543107,0.45630833406591104,0.490857269882417,0.492993588302927,0.805998325014773,0.5510841038310389,0.884084438361115,0.560237921122323,0.634710952117786,0.37993049292711495,0,1,-1.0,F,0.5,1,1,1,2,0,1.0
0.433409209407882,0.7674830982156802,0.46399832829812393,0.493118603783127,0.6016360156517829,0.289615490129636,0.41878297529487296,0.526770577171581,0.34718082926878197,0.520850656125272,0.21646848197720103,0.428309310066545,0.354851188205065,0.483927344353747,0.595068939445048,0.35920093690620103,0.0799941860421581,0.353574202198684,0.0477831211913901,0.57556406893222,0.555662741878488,0.35866480852865895,0.4229404258731189,0.30560027168777,0.6329330079569859,0.35313245333221505,0.244085822124828,0.543627741008221,0.7152709133296071,0.5787323434617221,0.39543995444982594,0.765964188052313,0.411008114772951,0.423367926384776,0.27525349486343703,0.529495373793619,0.474408819579401,0.503806566385364,0.374348269776774,0.567357943720214,0.622287987485638,0.5198383575496861,0.489499054714579,0.655753704533783,0.528263434648178,0.44703002803716796,0.19568801945469397,0.501791220658951,0.42431697388351397,0.5457205653367571,0,1,1.0,F,0.33333333333333304,1,1,2,3,0,1.0
0.44485014263520206,0.20351906593238603,0.474048086082891,0.34887496732145196,0.37065108523121,0.5151685377680779,0.5244689130908811,0.444658748507169,0.22346642783540802,0.535919124628346,0.442781363625181,0.486359107599165,0.251217462745799,0.6012720149338571,0.7110962906298449,0.586624762949288,0.297136871100108,0.38780667463782303,0.37341399235556794,0.573617661408939,0.44718163460859095,0.6784655912820129,0.480712359805099,0.201406959406742,0.523525889022306,0.43178753283378796,0.686082438862887,0.36678756377375393,0.284988548705042,0.486246233032611,0.448832157223896,0.568392379362573,0.612335424431404,0.580002462422332,0.38902478997441997,0.6096926348405921,0.7220890253400829,0.484209192819802,0.533210595212996,0.6542763332966579,0.38917232738897206,0.243597347862356,0.798646083068976,0.5502699860647111,0.21840867624013602,0.31747302107663394,0.440220108401029,0.33574195834285,0.6872682348032328,0.652485466058071,0,1,1.0,F,0.25,1,1,3,4,0,1.0
0.45883473642613704,0.6044446055564261,0.32591891791738103,0.7053875437603141,0.4853411660117561,0.378671094815302,0.235043417541147,0.538846954134226,0.320571713105827,0.8500910155107609,0.26996819359547397,0.4198014705394989,0.30559006130565697,0.709314185383543,0.807554661420994,0.421979877521234,0.252823509825681,0.108771350602811,0.4113047570723621,0.733596452480249,0.6166449213256789,0.45579819098453095,0.3571402848602229,0.4845337979899129,0.566200542477806,0.5673906078324399,0.53386079052979,0.26973559074961895,0.6503973579113471,0.484403731668664,0.404874894861758,0.614139771249791,0.382805536332174,0.0939508705489345,0.5383403896065571,0.46972482087943396,0.42243370278251596,0.343791126102567,0.18825947130196102,0.796911157145945,0.49294037681522207,0.30034833113519205,0.7566874471078541,0.502794799071171,0.911667087609281,0.582884836409445,0.37796260525777103,0.559661406641491,0.601466393795806,0.503486994403123,0,1,1.0,F,0.2,1,1,4,5,0,1.0
0.589453703650337,0.45706790813285203,0.38400557227537496,0.5318118232026849,0.6473999888929379,0.378939158695095,0.33786892016262005,0.556526551163124,0.9499125356479141,0.45949619147213505,0.35785292916846295,0.301341149210796,0.61038637533151,0.796367876806896,0.333806806760917,0.65787513671076,0.667120283756448,0.368386585231289,0.335315786726894,0.46746086300295003,0.50305404809966,0.443363718748992,0.528611592985267,0.594347854388501,0.448863766223016,0.647185355152686,0.505166380951051,0.352885024926866,0.518978316996051,0.447920066706355,0.581450786094751,0.262299195040469,0.5531733980233879,0.541376201542416,0.42178105937471294,0.6210509166728609,0.6978788970719799,0.520669843283564,0.333798100706894,0.79485190960844,0.508848655462856,0.48011957653566295,0.329540087603028,0.34104231908140503,0.350531181249682,0.55510374098431,0.787302551823429,0.596592392134841,0.6287315949662571,0.50587738738019,0,0,-1.0,F,-0.3,1,2,4,5,0,1.0
0.5958545445973299,0.38284467780913894,0.32814292242752,0.5645202156732501,0.5786824199334661,0.6933286324712901,0.6407275431798211,0.588695715193164,0.633052928481305,0.579935772051786,0.37482035391482205,0.39400474961752796,0.399250639191904,0.36936045972318704,0.341823981394546,0.5218039875323239,0.452419798930818,0.29438383250295797,0.5485422055733711,0.57881141607187,0.583079180990801,0.389025684678617,0.6165792072226899,0.309168310070365,0.536854037326624,0.799948288638422,0.40690784989395595,0.509992640029237,0.45119664587563596,0.5815313387510079,0.284198768040697,0.6766719600544129,0.535695539548595,0.409685603462516,0.6492485688567379,0.5678630783475219,0.6472690241530961,0.48198120397231,0.8639296345110509,0.46567775863665,0.252620211234791,0.30824695189432205,0.701357214569529,0.363219706582954,0.4537791254078929,0.49295388149253205,0.339281618061388,0.5640036850282529,0.5749395013138741,0.35268785483673,0,0,-1.0,F,-0.46666666666666706,1,3,4,5,0,1.0
0.353738308598935,0.532355714465264,0.578979787437035,0.562366161235889,0.3673128063994,0.794949488540059,0.298378887763977,0.463089950270193,0.5880603466440429,0.6663133922665421,0.698841034102809,0.48490831246145005,0.54846865413904,0.651844792043082,0.375670428040914,0.345402396411435,0.6870470050345141,0.298845952566894,0.34265522498815404,0.622277515412997,0.20223045759726002,0.31147542708676396,0.29902401831600295,0.32033445647925396,0.5843520662966121,0.579146093827837,0.31708956317749,0.692650733553916,0.5934559334280579,0.462314802024636,0.456214976231915,0.482564836356685,0.562558122823687,0.460755062653151,0.49762577411120706,0.24679356160757698,0.471670556829498,0.27004788718357,0.301056391030506,0.34130454405637706,0.371836542410724,0.48916819481025897,0.47900569783926894,0.529667245695296,0.635959601840978,0.474801986569919,0.425828281025217,0.5085883827614129,0.512046631717775,0.46033022934412005,0,0,-1.0,F,-0.55,1,4,4,5,0,1.0
0.5784897973656831,0.6241123087092509,0.563192705695705,0.377341993092909,0.513225033588936,0.9259022348404008,0.225019441477238,0.7259010675854041,0.5052192823109091,0.36089093747874795,0.35719562609139205,0.306215585471919,0.299970284135642,0.49614307780590006,0.36133536846330105,0.399992424538965,0.347158025626847,0.42758802094034204,0.8470923225395219,0.621938310633626,0.48856706968764096,0.36788559395733295,0.625028395047962,0.324847535118183,0.474514305969007,0.6514046587317139,0.772506541271892,0.645071657274592,0.475977473590317,0.44277905274321505,0.516906646836675,0.566274771268937,0.626655316691322,0.86428356542688,0.336091534878794,0.649537730700361,0.46571236304734,0.540661205212642,0.9409594637085691,0.38533956280333104,0.2961564360965,0.32728333657740305,0.278671324442456,0.653651120269755,0.724045533014892,0.664128892251806,0.525963332125871,0.263878271464708,0.37601547083578796,0.489917323770609,0,0,-1.0,F,-0.6,1,5,4,5,0,1.0
0.315623450746208,0.554221292402521,0.261418411214486,0.4530415536120921,0.554692341266328,0.20411572360595104,0.536391930138252,0.7024094677724971,0.534580027265375,0.27854949137204305,0.341718902488621,0.48989803289595396,0.6716524006080771,0.7060126451028259,0.547609870023214,0.33468121059786404,0.460779983491787,0.40844488884582897,0.584190523220926,0.511439655790577,0.5585487367383979,0.495678052888845,0.600070565272056,0.21094005408537897,0.316800221169384,0.39098598171068,0.546039098047664,0.479622995623466,0.21772201293405,0.587596387307353,0.791357130641524,0.532875820077843,0.45056289434083097,0.41769630653591705,0.632624114718856,0.561179330120793,0.732392801439078,0.709442973534561,0.6894688647576509,0.49563933544921396,0.428450182344943,0.768933285316524,0.559486481271848,0.5669633181166899,0.42481498108562105,0.6498945021351011,0.663502961326214,0.43794630151325603,0.4659857904895379,0.356004543028586,0,1,1.0,F,-0.633333333333333,1,5,5,6,0,1.0
0.53688776672661,0.548928816558859,0.28218143388919603,0.8068743635947171,0.333736625096929,0.36446363505623997,0.580949934623902,0.595141805327402,0.60445769111555,0.587329629991848,0.5063638506234239,0.596019896612276,0.457585331969324,0.702301307223022,0.664853074985942,0.6918717299832271,0.17486046361648702,0.590913657796306,0.29428685121231796,0.838120468051269,0.37769535217249395,0.382735089323565,0.217172662634633,0.5936582981565639,0.44784321041722497,0.316855592418266,0.44823469947731304,0.541994780555474,0.39300498140627294,0.416593531481324,0.26563853972198603,0.54629781432564,0.46031952014150895,0.578383213721411,0.681968561076027,0.466627790095957,0.311586168321753,0.4394021391928761,0.7477204552878242,0.56428749330764,0.577165565837433,0.6085181969796839,0.50114643213681,0.611242544590359,0.45235115346286997,0.376214737542221,0.404147402660594,0.666382206551071,0.42773203811586497,0.459656572786289,0,0,1.0,F,-0.5142857142857139,1,5,5,7,0,1.0
0.27034045947674396,0.385503771182156,0.383796257237339,0.5312335264949329,0.36388309657953904,0.531120879406084,0.526334685853896,0.558402325931984,0.34347586428916804,0.418879895741274,0.247280727780148,0.296858891666315,0.653299717712491,0.537938389326213,0.43277708403804205,0.44365117791736997,0.521941137873712,0.48419965904483503,0.37067520183296504,0.530105965186143,0.5229552268668289,0.563189454449645,0.416450684222202,0.452489304635431,0.5246054010081761,0.502576002879025,0.544478062441081,0.736552888128867,0.605290984240334,0.463569283815087,0.26234019935463,0.12694877741726102,0.7517403295759889,0.737707124869553,0.60324289148842,0.323274345562824,0.40580444808061705,0.278161806819227,0.5804310439062299,0.550624732801419,0.46627127915557104,0.35552726557463704,0.37711737115445504,0.681052854077475,0.41456415298339794,0.38595617496214,0.6097935548422521,0.352886599535617,0.513258520003521,0.32711910387983195,0,1,-1.0,F,-0.38095238095238104,2,6,5,7,0,1.0
0.584645742639833,0.588354216387348,0.314066592525933,0.41119988786753603,0.481763744312761,0.49070380569922,0.5353310611994979,0.565375942764286,0.31083016301180894,0.501788129293589,0.6380424776032719,0.340762380007917,0.24814097747448602,0.7702801919913851,0.6932606820525781,0.628298804910952,0.372812766129841,0.206735931385618,0.36097521172037805,0.427331918103863,0.4658740381899171,0.408322817530532,0.7111124171146509,0.6117087587151421,0.691521083121558,0.43203853415532395,0.649708250691685,0.612755631542423,0.45490006232770896,0.539289345536012,0.425035522690567,0.6382547124314829,0.434861511642386,0.630476348920464,0.6107864471853011,0.6331602375919579,0.6103594170915129,0.47275035205626503,0.616508750617803,0.311582154534974,0.410842346690276,0.6788157707942879,0.7228802438258891,0.45388737200892,0.4247765666629221,0.462153125853196,0.284387278117895,0.34377101307610497,0.47071943170058206,0.40470630474997704,0,1,1.0,F,-0.4166666666666671,2,6,6,8,0,1.0
0.413439209700124,0.48551168574273706,0.258646807890439,0.0963020301379634,0.487731655682778,0.534992199932395,0.615953817781495,0.489743431639277,0.647650308865312,0.46127191127203204,0.25170905457562304,0.291577426607107,0.748154022351162,0.740006449046845,0.4754048283257589,0.27961695922699104,0.468399657186221,0.5897733299159971,0.434915455384359,0.42158303906970096,0.19500473012188602,0.47243282587749397,0.43956675729211897,0.376160763095128,0.488305417545169,0.581846262202733,0.51772439420227,0.696856554522687,0.380312582302317,0.375908686845387,0.5554610456082271,0.544282350118228,0.462117172718589,0.7251323589743092,0.507762233505527,0.600722529981426,0.571803767527179,0.42386035651909904,0.572962296628358,0.39189604296577707,0.457175957184904,0.21352248641736604,0.445766472155128,0.435254100606546,0.461655851081564,0.6430978523832162,0.561339066115312,0.696883848803764,0.634602669060877,0.504157175049758,0,1,-1.0,F,-0.32142857142857106,3,7,6,8,0,1.0
0.21526825343720898,0.549562837351699,0.37021662346273704,0.523837291533015,0.728952125072004,0.47586999344180897,0.44374207824174206,0.46993181465549105,0.442522647016932,0.431913144382724,0.43791650324502507,0.53906774520595,0.524488035813585,0.367578988181802,0.67432839855389,0.643983329246219,0.37163809363429906,0.464986586088623,0.735713373299624,0.37348904033635794,0.5555153696373349,0.457587970767301,0.428626167455157,0.447359480317544,0.30415867318241196,0.28144357248836605,0.41465395431862706,0.474914152808052,0.6103342687345821,0.557833139754224,0.39149887810960504,0.676334594400924,0.36573117888560397,0.6471648384402221,0.291549572927804,0.33335073166964196,0.26686867566532296,0.483044659370435,0.846054518797256,0.547415498277932,0.49881078503434895,0.674939533224146,0.51187598746122,0.430081004492848,0.597941320989813,0.495292319859861,0.15292044892729098,0.7017437541174489,0.47469314698172493,0.336825073942898,0,1,1.0,F,-0.349206349206349,3,7,7,9,0,1.0
0.399831900054195,0.656653812446751,0.579735577255901,0.552198970906589,0.958339453501822,0.351908986786254,0.447442338670574,0.519593641475425,0.470569036893251,0.49256938921149607,0.5263237733471811,0.23095507788411104,0.456461497364226,0.5822755647338771,0.37661871232846295,0.40552831642197995,0.333864291131725,0.0489148385332041,0.393622116586246,0.604535453912895,0.43348473157325396,0.406977073100145,0.513893337687786,0.48340523656384704,0.603734772870274,0.6158482628947829,0.391791802263726,0.31886578233313695,0.361373800107313,0.734144071192338,0.333213832573654,0.605808850051186,0.390624928665292,0.452804159580437,0.5577244777512149,0.7281768898835629,0.38692278629125104,0.7202632431198109,0.43514729083038395,0.669138896602026,0.359175255795421,0.366142685780336,0.645185102108052,0.37402128690805303,0.5375690736290639,0.5651478475361229,0.506611169820766,0.457113668052599,0.43726928491800604,0.327880099381198,0,0,-1.0,F,-0.402777777777778,3,8,7,9,0,1.0
0.25007881117722397,0.55166211487676,0.47841913737766795,0.269497971327371,0.5748096635465961,0.41648013803875605,0.32455901475908,0.472380984715442,0.70833694789488,0.576228796410564,0.550885927645218,0.613722003956884,0.168555162639011,0.489844919675053,0.634734867941487,0.7534837305409041,0.702002165651238,0.513949598419168,0.41254518552062,0.846505812459082,0.538970853476907,0.28684789859696697,0.179671590356795,0.46338404691014096,0.245445455876425,0.432315397357312,0.493190849010624,0.611929369906016,0.232083528519723,0.495908184343441,0.48211581634686107,0.457634969462521,0.43535975672850197,0.5092939096164301,0.4446011708830229,0.5062157302198139,0.5326724032940129,0.36973459219903604,0.771363887279571,0.687701560111626,0.313962175347525,0.562676135567623,0.931983667547131,0.526918668841929,0.856307466319562,0.48735312909474104,0.6980286495711979,0.543758904630016,0.644328941833995,0.7247181412843192,0,0,1.0,F,-0.325,3,8,7,10,0,1.0
0.48813329164367997,0.673882449102131,0.692154926087448,0.597660463305891,0.74731018552808,0.326478329209774,0.4338071378305379,0.48660012111758394,0.266976953119982,0.592939753789418,0.567254332081491,0.403571540650186,0.514543485486423,0.49876958593516296,0.48934582251989794,0.41310105806804204,0.5149550280004861,0.38358784376265204,0.682995357525896,0.472911004103169,0.5609790467821529,0.551016734956717,0.44090596948329297,0.503062185600677,0.5232996453607139,0.481953389773011,0.29504487661689194,0.428930563614736,0.356502196037095,0.6218855478872789,0.405703743530661,0.7207598056570109,0.49915265500311,0.596924280448566,0.608331675107283,0.250114413686217,0.48260209586817493,0.591057270470026,0.36390519607369803,0.512213142252484,0.469034081781519,0.5132847298800209,0.6397781396182131,0.6018476789912529,0.43694394887440896,0.5960968925251279,0.359316627098709,0.617714246746282,0.41997782303633,0.20969447534270802,0,0,-1.0,F,-0.3666666666666671,3,9,7,10,0,1.0
0.7149872907205,0.7585124830627801,0.984656181645736,0.5728500571717939,0.40411121231293107,0.363386989806008,0.752835103661897,0.499416469005674,0.512543895555558,0.45963904639409797,0.45577998250555896,0.4758605651223,0.555394148134141,0.620833262767031,0.6656326251132181,0.384023410036759,0.365602844975384,0.336147892268392,0.5549583164912111,0.595249958357314,0.351574990501787,0.338867587969631,0.619991017976224,0.575932387044719,0.281872608676156,0.49553802336862296,0.6205019004163929,0.361120199578243,0.31751868578969206,0.61354900350675,0.47415075932728,0.755070952637537,0.8677889095919709,0.41049697227946297,0.378553018945281,0.643614123738864,0.444034339916557,0.4951757068570711,0.7842058089886931,0.61637302663568,0.485767559248399,0.434517194071796,0.724720955013967,0.567607141435838,0.820768165817125,0.60846818388633,0.45667952897968395,0.632320449053192,0.529965222635896,0.358421060355085,0,0,1.0,F,-0.303030303030303,3,9,7,11,0,1.0
0.682706166182396,0.544061659961798,0.607328696724615,0.5576431524568871,0.603494917653143,0.50507901848102,0.379028074222731,0.380130744753325,0.552296090287441,0.6548244784094169,0.54675366072018,0.43445407697029204,0.446636782471969,0.187244684826008,0.576669405488404,0.408682045151848,0.592000442948439,0.676936909861353,0.61211145637103,0.4495423894594579,0.596351863868089,0.59648950680806,0.33833294425455895,0.550203633623662,0.458943582055006,0.7017117547879389,0.33767819464667104,0.505220679949269,0.45338144217028997,0.46957736622695706,0.34365569078490305,0.530643577367401,0.7058462759443779,0.250364894441697,0.678505906507055,0.427618264664927,0.5912973338927769,0.416912563054428,0.785403915758024,0.383353703016893,0.22610753345954002,0.75893759801532,0.7867752353884229,0.558929585527219,0.5060969595807889,0.406983717082475,0.41351857420270294,0.465241007953865,0.38101606453537,0.411012906054084,0,0,1.0,F,-0.25,3,9,7,12,0,1.0
0.232561515658468,0.57883989988015,0.588180431383649,0.60922705494464,0.573438946921694,0.16265724246315302,0.422474990237155,0.6711999233873791,0.54719159970432,0.48597221134143204,0.39829806700401893,0.361347391648644,0.495014851653383,0.479918296351142,0.8292207542310279,0.30802804396068395,0.35944312028194003,0.30174150918209997,0.654548499145059,0.6881718808283721,0.519089661512369,0.75826042274333,0.633560471919048,0.396668971700219,0.411975410316671,0.619873101115083,0.364891323083758,0.5222578960099,0.3409300832010119,0.69489396969358,0.28898287753504903,0.617373238025829,0.42523548703804903,0.679849215965016,0.444401091835822,0.650231979049728,0.348137290293997,0.33628747798679703,0.820174177737141,0.48770980666918606,0.683683600476113,0.766355991421858,0.718445255921034,0.531252025167139,0.480815681419971,0.649939652659095,0.486696838414706,0.37469774167332104,0.7036485728133671,0.279468203575007,0,0,1.0,F,-0.20512820512820498,3,9,7,13,0,1.0
0.49767860316496604,0.65730067671795,0.3394051767782801,0.5305926085957371,0.31845278870024296,0.761006187087312,0.7568622378224971,0.552868354223343,0.614543299366043,0.45175003374153705,0.6045810855432789,0.35879275862339793,0.632765175907653,0.679194800828397,0.41464685365878096,0.245401642675522,0.37152142776305797,0.47091896697748103,0.70341178486145,0.4179429774196579,0.5220027668986121,0.508453830743132,0.302666994872612,0.44458874683385796,0.44918518315145,0.438178228424645,0.39714263324207594,0.488322259229815,0.8857177786290151,0.506854935623655,0.628256888795727,0.725152970633733,0.545775848383321,0.519855961072855,0.46822247948722995,0.20269241605333102,0.495750846092944,0.40155019853368795,0.451286479167585,0.522785933825151,0.312363706283766,0.686132201514083,0.70932672098912,0.5825268071965171,0.6225614357183721,0.28141096503846996,0.21163541797443802,0.742579761451814,0.4345339980643161,0.498062891973479,0,1,-1.0,F,-0.138461538461538,4,10,7,13,0,1.0
0.41456670533317896,0.41561198473968497,0.60083608505884,0.566513412977948,0.537044664660396,0.47435967860242406,0.6089618570240141,0.258413325182764,0.806351005949544,0.48571398984344,0.648088239082672,0.325822786544198,0.673324950501868,0.43467532908684203,0.533116116011202,0.4594954428777271,0.304650495580462,0.246166735934465,0.573288879567656,0.333344056387856,0.41864462613059206,0.32684244823907105,0.481665487923389,0.549841469170224,0.540769283655612,0.76404889236399,0.6563826160572479,0.6481996846028161,0.8620716843112021,0.598077134794566,0.34418078520563594,0.528081317870991,0.520293397247479,0.670077699059358,0.6955853616394461,0.112233042220902,0.823028609236968,0.387594712315771,0.823423553535458,0.6732101444093621,0.38234643136844104,0.273094901030732,0.40168234977856504,0.42441872354503296,0.483628921403322,0.434878606962027,0.48694864888424105,0.520686219020396,0.0565292629164966,0.386554286535187,1,0,-1.0,F,-0.1,4,10,7,14,0,1.0
0.610922604979169,0.523032397263077,0.45567863835640604,0.483651103916229,0.675497652402674,0.40882654803380103,0.708369816576791,0.673307690812776,0.7299754957451801,0.48833882721409905,0.334553648168062,0.454085195382748,0.7948544773395759,0.47304489214363893,0.40224387780198606,0.353024420081164,0.4743488369047771,0.43437679204110297,0.421379469676248,0.509598757131667,0.299585326320807,0.35042777898525,0.49335357904614596,0.565512478888808,0.60737539006694,0.36056917142031497,0.503886262051627,0.605660558252239,0.432004736540153,0.42428430085466995,0.495131944697555,0.28882290580458303,0.512597949011781,0.589767024551708,0.282852689204385,0.23624726226799397,0.355209561283551,0.283147193355782,0.800521710832239,0.8686864034123579,0.349426772881994,0.5865868511447261,0.68577791250255,0.53553647645527,0.287715607663237,0.51011803094913,0.464904362507618,0.486209932863404,0.37342204404004403,0.582767899915102,0,0,-1.0,F,-0.136363636363636,4,11,7,14,0,1.0
0.162642897452085,0.639015330693881,0.584280432268973,0.48284280964089504,0.587861260236062,0.372345178787008,0.48756836987938107,0.35229636184387797,0.6550380853656379,0.584794078561282,0.443471569465011,0.53634775796789,0.366518963100899,0.32268935938527504,0.42345463686695295,0.527767909882877,0.406774554261923,0.38938062906234294,0.5796785892471451,0.21967468355189998,0.40448097213005796,0.545986677942171,0.547705319982738,0.322648994972928,0.38579000900199706,0.45868351978421995,0.4056535368241861,0.515653459891634,0.532528122194723,0.582308684474084,0.59159092635209,0.796840501278516,0.6637192047865749,0.7922034034452701,0.43600133637111604,0.23712406235768999,0.41453731197601296,0.736671977610175,0.519883269391641,0.317763544363149,0.601402229566942,0.580101564232371,0.548535896684076,0.47496426637565203,0.46866451226529504,0.8393585640884641,0.47105228237267704,0.743816669836827,0.296496176823712,0.545346798799355,0,0,-1.0,F,-0.166666666666667,4,12,7,14,0,1.0
0.46930654250287707,0.7991746504907091,0.528833999555163,0.349856533389709,0.5225840067063621,0.48837361762961,0.6731219048216041,0.372465959465711,0.37215163728712997,0.58103615982052,0.48009337177184297,0.4679434890372439,0.632536529717318,0.605142900806221,0.571258944375171,0.40885024104914003,0.425110916743391,0.272636574934212,0.48810473197693804,0.31957237768059493,0.47634590874044797,0.7256744565505471,0.486157715562805,0.879911884641823,0.8845134374622281,0.460747811345117,0.451054979797405,0.4491798983269621,0.6114106994936639,0.65774111498777,0.412348553471258,0.6405398345354351,0.758924771194798,0.9121463168543309,0.482733747583341,0.6192914810698779,0.639699877484917,0.307249407895264,0.4108059348685201,0.588790070867266,0.6594185891772071,0.381356955179682,0.470247883731622,0.659489354696053,0.6668891516745981,0.4575388688982271,0.5466444472554449,0.468513324611766,0.427613791082975,0.386470914238474,0,1,1.0,F,-0.2,4,12,8,15,0,1.0
0.584355330584638,0.494157685540986,0.783702158562308,0.42882620618152095,0.5915089645617441,0.521461214840687,0.6070805201801059,0.949034486123489,0.396279471587594,0.5731374207305849,0.445816740738267,0.5216730265811621,0.349732463191092,0.5643576888214339,0.632706654729402,0.61809459161848,0.29913602425275704,0.374776903439062,0.362529394265834,0.540112637433535,0.641036139770895,0.71321140634353,0.473424974471053,0.47469921513344,0.44776197826654607,0.6089843944232,0.179577663206625,0.26805830193779395,0.421141000535928,0.653074149158886,0.372991876037612,0.191206862497413,0.350770160627753,0.7634399061759258,0.500616931775176,0.576797006762985,0.5324896868681671,0.5218310112056189,0.734748881734364,0.6188225349772221,0.443688860651235,0.69634649201014,0.508813536872793,0.6213775978735029,0.6673012565682911,0.7183416724839109,0.557953491634388,0.48071581110156997,0.261107159857925,0.36853461298823,0,1,1.0,F,-0.229166666666667,4,12,9,16,0,1.0
0.561762506448813,0.42683905924284005,0.530759542206304,0.488293435714764,0.561888298099809,0.259928047409212,0.622844490844848,0.540311714590956,0.701531053690581,0.475208281345779,0.5382954109782739,0.539002989072286,0.587746962354014,0.271260334738489,0.6394610463108571,0.5706665126625279,0.5338235463384939,0.6228214886828389,0.6443584632684599,0.72408535140913,0.399016666426807,0.735502308343768,0.501454280100065,0.546375399316214,0.491360937117962,0.678384768754683,0.625448990113402,0.36404097384240003,0.5328158474006671,0.578025880183525,0.5049642305662271,0.171676472068309,0.27713313065099,0.6583033697881,0.3673448178962199,0.36370112134827504,0.3683539167986721,0.5798511108873621,0.694448108695485,0.60648781683848,0.696407840679157,0.577855138249978,0.306943794154258,0.363592042251752,0.252272603992993,0.48256152866442603,0.589751115543283,0.41535198722371997,0.43786004861837496,0.598805883585406,1,1,1.0,F,-0.177884615384615,5,13,9,16,0,1.0
0.443065865648529,0.597882849684003,0.602020070839483,0.728740764344921,0.571361164045466,0.490228089495133,0.658659711774048,0.454588552561633,0.631774325362777,0.451419876240072,0.45924625955203496,0.445356719488861,0.654456642167589,0.508823800715401,0.530372457034735,0.40078874789711894,0.526992141875082,0.0759140940294976,0.4790095992825879,0.41224590993188703,0.4617890381431439,0.300069441075841,0.592539594171883,0.411892305777651,0.349982702136164,0.40943929187324607,0.37424183534903793,0.26163310552592395,0.5831859925737161,0.672171180586673,0.275609585481127,0.32740817880892,0.43598978103565705,0.472684251387105,0.32864757622550106,0.7524584123479209,0.34630835580496305,0.20246008892387302,0.530003511731823,0.515051404031508,0.520225162191694,0.63452185052925,0.49515859699589,0.516754916241278,0.28415852137251696,0.42235571420567997,0.475953758997134,0.695102039785799,0.87429806331147,0.622069006480739,0,1,-1.0,F,-0.133928571428571,6,14,9,16,0,1.0
0.23026730155873998,0.141283570028941,0.6997248902971801,0.6449589123250921,0.495665125228081,0.525358617767452,0.4041680550496551,0.611642062037865,0.5438893673506789,0.6865178259829061,0.511860333508892,0.40700637231215797,0.656953848139994,0.659182312504243,0.320209306441122,0.391617084158728,0.31768212531465506,0.379978810176766,0.38725135540613503,0.483976887328548,0.190802724595735,0.540290971060717,0.392040360116034,0.391068800868676,0.6810742692805409,0.485723918781502,0.32941914991454696,0.6052362071680271,0.463060408702626,0.751835462854882,0.464200364114552,0.498579346756473,0.7924383895189491,0.532284737672592,0.699160816331549,0.238992464999177,0.40149004949674605,0.5471332092108929,0.496961584347303,0.563902387373493,0.7233907720063899,0.493094371059365,0.587764191866755,0.49470536169914703,0.351804430528595,0.6097057511919179,0.7044970056811529,0.605754629047042,0.625154049570622,0.42930281610407206,1,1,-0.916666666666667,F,-0.159663865546219,6,14,10,17,0,0.916666666666667
0.327567344830169,0.444138093549705,0.488177220700819,0.6599405155792509,0.569194996226345,0.42912367508672206,0.42198516302611105,0.7229579124920529,0.788991251542452,0.635350559344417,0.8090724442225021,0.48642951640910903,0.5456701915354389,0.485249803808338,0.45320569600027294,0.626508413662869,0.482124187154459,0.618881467146156,0.7610415652992231,0.45480832892565504,0.44939920390849897,0.5322504078879339,0.326989235509938,0.547781809195056,0.6558384799835041,0.515645262471652,0.590834519282176,0.550754031175651,0.607702432802881,0.523557379901334,0.541240240182927,0.6890630532759139,0.653511746066652,0.6043201260802329,0.258289621491552,0.262873269104673,0.269914193145295,0.634196125502527,0.5330467321907411,0.690415598153884,0.48402098833201296,0.5072355271862801,0.425280198893492,0.431350578046166,0.859446359048086,0.584417137352801,0.20949648246861802,0.34899244613776,0.260776430044452,0.548351649443433,0,1,-0.916666666666667,F,-0.12156862745098,7,15,10,17,0,0.916666666666667
0.26658279426909903,0.695621735648607,0.565090871643477,0.636910817161271,0.587290150318818,0.767436285075527,0.584889108716625,0.583582273962235,0.484248091418799,0.312954900841406,0.5033592661726429,0.34875859654991703,0.6338593445589361,0.33152040960016,0.479925212232363,0.379383040225658,0.519291586475923,0.472578098335631,0.6663386562894921,0.8978034908075041,0.182524783377122,0.399285979655183,0.292220611369397,0.48016423413301507,0.506532510386659,0.607249856707756,0.6980575008776579,0.557473009296764,0.218617737130136,0.306792695984132,0.3567867831624821,0.38871858874876397,0.6703310373975411,0.41033256834336296,0.40400077917266103,0.329705758851649,0.318149573873154,0.310973453221005,0.557246188803361,0.8574554551550071,0.46232310790439,0.6457196446323741,0.52486272118944,0.422162119374674,0.301737967278797,0.507815049783461,0.5862758358323771,0.32639131634175,0.775356096605776,0.575153197214321,0,0,-0.916666666666667,F,-0.150735294117647,7,16,10,17,0,0.916666666666667
0.33596412201137393,0.44017671821022103,0.7388617067929929,0.613867699261145,0.785959021007619,0.705569070321348,0.484378861175351,0.8207093687744929,0.7515344049865029,0.6676777132093691,0.699300997516181,0.322828422452895,0.49856475260021205,0.47096514169751896,0.502315896203405,0.20427209587260897,0.49111225841062,0.46796961398431897,0.6457255096264809,0.383923309863049,0.17234267040277101,0.43907441289834903,0.44014678041692207,0.20881717593035798,0.350216662405185,0.5520494063246271,0.5358203674896239,0.574150841906598,0.44602618963891705,0.7510171307113009,0.6119713067767559,0.452483377244113,0.501340003285296,0.440943020302706,0.9281197838616579,0.24632517646936997,0.5272211684073479,0.7293510101054642,0.587047946470756,0.641762895974604,0.5571610112207249,0.561357639511041,0.611689122780084,0.35278277921779105,0.21036823995048198,0.528579375087794,0.37497782849523104,0.47005770127488705,0.223320006301655,0.46051971596904606,0,1,-0.916666666666667,F,-0.11764705882352902,8,17,10,17,0,0.916666666666667
0.444324921664586,0.5790673143393089,0.649082274884646,0.7219876559458142,0.75744917725119,0.673195653210209,0.420065573325266,0.784073490494292,0.668781875895621,0.36318189693808206,0.708400233606902,0.468304046322832,0.550427619963584,0.568002696499841,0.44084402772394704,0.324049326804073,0.4428944885320179,0.506100781164275,0.806036727533066,0.398227546737698,0.5926288973125439,0.514060539250349,0.560835603348288,0.309725448165203,0.23251994846152696,0.467389740515221,0.26996130591364803,0.636971513905732,0.43465358440256,0.46809724319833795,0.600154775181503,0.590779674304049,0.197512521277656,0.7341311344517758,0.5992673760086851,0.24752371980982102,0.477153730469964,0.694898162736758,0.40212839271006395,0.45129823739227204,0.32960743352162897,0.538603574019924,0.349823052852915,0.286275521724914,0.283095353308312,0.43728750453800996,0.7309924489973929,0.629911955457993,0.508223837100252,0.344061117583006,0,1,-0.916666666666667,F,-0.0882352941176471,9,18,10,17,0,0.916666666666667
0.32821872892576504,0.42661944686986497,0.3551191531387679,0.773907013040394,0.7346175278339242,0.490005929852613,0.641501376421038,0.7877126112388959,0.59402006320703,0.40845709818166204,0.556970889186328,0.499753588859195,0.509639135918806,0.243238263941768,0.526996639155068,0.44109857797618107,0.313781771499463,0.26775413018077804,0.39453226116899104,0.353939258299152,0.48617537678628797,0.26418389267581,0.38343565720306205,0.506824274387095,0.77192528198459,0.4217527997170371,0.390202679094413,0.41382479736783706,0.211249570430839,0.425571003607524,0.495179720135002,0.513585157491409,0.36391141531565896,0.47955761806358205,0.712033485845953,0.253220518486952,0.35132848449026505,0.543607505335886,0.15905743331749403,0.5100113110484529,0.386625187991552,0.81455643827165,0.35996010532476597,0.714056978677512,0.613055946178055,0.507486029366664,0.22008608590951603,0.6079200801212171,0.502211433369937,0.0657424046316793,0,0,-0.916666666666667,F,-0.114551083591331,9,19,10,17,0,0.916666666666667
0.289937249533737,0.289642618894922,0.40340810302871705,0.726214397650477,0.526909567252718,0.225597770290958,0.6526046519635601,0.518271790112246,0.7423806495813722,0.202145140814276,0.429610381924465,0.34071775175681,0.649710380384694,0.343370371691563,0.536820177223966,0.4306335640059721,0.523892666486855,0.5111086195648661,0.39054535343716296,0.622703125249505,0.432139020020646,0.370442044768393,0.352850794048096,0.63796421889333,0.40441597684201597,0.548605852463869,0.516249750994339,0.7001791459560109,0.4154306596399289,0.596008857221563,0.228576255078529,0.6120358146044829,0.434862282545226,0.343406147125303,0.5522956418037149,0.34467861263680705,0.291001607929243,0.6414261250051221,0.20393774170965198,0.7251819206115849,0.558216423881325,0.15616137715364403,0.248312723454688,0.6221679694870239,0.41126644133436896,0.7906593231989608,0.6149647185203599,0.450327703879919,0.318009316645849,0.41666833010852294,0,0,-0.916666666666667,F,-0.138235294117647,9,20,10,17,0,0.916666666666667
0.417466079135892,0.614955294844302,0.426717907588142,0.7668622885807149,0.5100532377237821,0.479615621165452,0.579400179057895,0.300896802449645,0.854524071840509,0.5130674299634861,0.676259726028949,0.31959184730657203,0.621067969595454,0.617097877842559,0.3808104007729571,0.6644162794664399,0.5590278459468331,0.317959043364783,0.731694379147598,0.393596554650429,0.457747710446546,0.58979267198473,0.5120648322835379,0.544686876693546,0.511577205628964,0.476064577789525,0.413288812366477,0.5645677359745029,0.454572637541491,0.46460791358035,0.434703808425974,0.470813816667056,0.349386688050565,0.41068166376036597,0.649209465454867,0.30132557046083597,0.36492483433105105,0.551689010198006,0.46930888543228405,0.628392558830812,0.39037103345318397,0.815938099519738,0.348879599493939,0.927644293899502,0.35375433093582703,0.661080367565157,0.555812732833528,0.546830758799308,0.261053371708584,0.508796229721892,1,0,-0.916666666666667,F,-0.10555555555555601,9,20,10,18,0,0.916666666666667
0.7233707765561072,0.22966419198957,0.48378533269068,0.724643055406917,0.38792998317627003,0.534842996213615,0.442814475710214,0.6546445362337391,0.396708336395699,0.626965902645256,0.596543172506119,0.166913140095258,0.614903024855049,0.44655188076251395,0.39174257452142297,0.45521771691174395,0.6498221864358471,0.43348255886706205,0.7732544186555609,0.816865971814851,0.552368023265244,0.751289327257638,0.36940638077607796,0.39055362577728703,0.6266572710391589,0.463867056503403,0.39265280306529404,0.5003096171714609,0.266022006594967,0.29861381252423497,0.335644437085241,0.264801545895043,0.7246596044523442,0.50212445493984,0.5804532327049899,0.32459708618334004,0.547283506598904,0.381274838319664,0.35643123871265703,0.695446868467406,0.609416432506528,0.7832505871127671,0.34188361820248303,0.4210982538425279,0.18460331077222197,0.420492429821732,0.436537876373603,0.312032904979089,0.649156795985068,0.6964824671964019,0,0,-0.916666666666667,F,-0.126984126984127,9,21,10,18,0,0.916666666666667
0.4937323910798329,0.48766826402843294,0.5137273575522501,0.655951150730713,0.21711869850040902,0.565167997233707,0.611978134126965,0.315417374929245,0.632826088623552,0.520896803239743,0.258807480512318,0.3795624098804,0.515351718693936,0.5338147945584271,0.514440968161359,0.251202044340422,0.39594119325853006,0.314111672624438,0.263534635662275,0.558730330261035,0.501844236583313,0.37792045297055604,0.22244245134295001,0.49397535367096707,0.686266599761036,0.687261102554872,0.339079588316121,0.522484272853475,0.631194970028736,0.679194715285037,0.38927047576462703,0.3677618799942,0.5208224344105821,0.727778059509863,0.240682972227216,0.260853636439878,0.5766988083082629,0.504689450849627,0.255477298461982,0.663258099163787,0.535831524609474,0.0764002310871823,0.5345527895521199,0.600341833322461,0.49969900809805295,0.486971822417966,0.40971714101179896,0.47027806382140397,0.48438426004090995,0.5375942843700999,0,0,-0.866666666666667,F,-0.146464646464646,9,22,10,18,0,0.866666666666667
0.47814237242341295,0.354014790351734,0.204949311163899,0.7528195034386891,0.44507128917167105,0.5035665534288071,0.48430734047004403,0.46016643254939005,0.6022102498612271,0.432295642039942,0.55067731061238,0.385339962399012,0.44550745858418,0.59452534169016,0.548214928025353,0.6300516611701129,0.40894904595764003,0.541500136308746,0.593092292953555,0.253401781873741,0.48961997861398293,0.43056698371059404,0.325224870100132,0.539204127460973,0.7869502237705059,0.589608030087189,0.17811302108948301,0.536007463307818,0.40177093636730893,0.471523077419784,0.41934410922142296,0.45981759163267205,0.441387485717433,0.71398245439762,0.46056352795641103,0.8056568285910021,0.480600033835806,0.444059597416401,0.5667156191107591,0.499074584811796,0.340827806205517,0.019091961126653,0.592499950481871,0.34139923843739195,0.416377601327489,0.36584604299028395,0.53968836897288,0.703212339526338,0.501399279545692,0.28058969758358193,0,0,-0.866666666666667,F,-0.164251207729469,9,23,10,18,0,0.866666666666667
0.44968499648911403,0.30635090262794396,0.5401636095488339,0.425089427509024,0.611585479676176,0.35306512336780294,0.46703156295621,0.46413886332899706,0.540424945725722,0.47056915663257004,0.5411725619259521,0.34303264724942795,0.470443025038938,0.545659202606747,0.6054704362373741,0.456051790413727,0.12319338024644,0.3725386027807629,0.20115284328751395,0.282754079439794,0.26964665326552106,0.352933541527735,0.626997901515559,0.49949726094313895,0.5496684171609509,0.42963315082481707,0.498033430439313,0.410197271204939,0.332875981694548,0.528327926810398,0.47548463644468203,0.5971979980452271,0.40226860375584106,0.426282138323742,0.26912506822926896,0.63845556994427,0.4410748745705979,0.48236425597181604,0.448353877910126,0.349574964441595,0.511058939656972,0.0863098008854939,0.608426724517577,0.6640088191157479,0.399955506466176,0.47578649820899604,0.5481019591667321,0.6244989167438341,0.502059904420948,0.651749585161158,0,1,-0.866666666666667,F,-0.138888888888889,10,24,10,18,0,0.866666666666667
0.49251227207635,0.35046788486832203,0.34932373265211797,0.560048692728935,0.771466668915792,0.43531281583440296,0.227110414306732,0.528790612757743,0.5399721612358329,0.34733854111127005,0.619401098869351,0.4441735534607779,0.6734455943922739,0.6497073005164511,0.496694851187155,0.474405437304323,0.6547690344302389,0.542706287895779,0.37691831629976796,0.47876119647689397,0.651386756361602,0.4243756784245471,0.5458857683863689,0.513786267671249,0.48094266710063205,0.49734222802895295,0.404428171151247,0.636441905106212,0.46442237408332104,0.6156560749707181,0.366508653658863,0.780469139627247,0.622655464677443,0.38979274601532304,0.60949396483865,0.540538338148539,0.33121830827730897,0.56205096427031,0.368013276057891,0.59312133154928,0.447636515529216,0.0673237716026089,0.33827050995951197,0.401607964564258,0.45960912665119397,0.570068601831201,0.529852743695345,0.675792340457677,0.213798393397929,0.235698915308233,0,0,-0.866666666666667,F,-0.155555555555556,10,25,10,18,0,0.866666666666667
0.530843614796481,0.611652998506272,0.330397663499643,0.40819273414816903,0.7081739426404271,0.503849007150083,0.6049410163052529,0.6162128251226999,0.39115299520841906,0.414394439364554,0.6885593848578959,0.4171973017378379,0.518867293853711,0.7785673274831949,0.7112815372207459,0.266871322391945,0.36689744623328796,0.50978049316122,0.466971127218633,0.39766038777352797,0.326043882401002,0.7543271776323021,0.523917788506714,0.42944788501330194,0.573014811968962,0.7281103824083209,0.607521139181176,0.340771244330765,0.737898151915116,0.7153647906137099,0.540047080368312,0.513005165732875,0.291502749475693,0.510734099039302,0.56163488468649,0.5257559857968499,0.633709870446365,0.6177271653468029,0.432238010936082,0.589753968283298,0.44521812695336604,0.103383404572885,0.501170854786461,0.175005013116166,0.32478436215285805,0.47307235909419,0.33171835146714,0.876985869988499,0.46983020298956496,0.22623913768986703,0,1,-0.866666666666667,F,-0.132478632478633,11,26,10,18,0,0.866666666666667
0.565113081239785,0.38682113006431396,0.546962326301555,0.489335488729401,0.498182061701873,0.416853431877741,0.7042444832594359,0.35098950862667205,0.716271547340077,0.41717628509720506,0.281682824943091,0.6899292060175949,0.254621955769975,0.693139459000889,0.264647320995301,0.680794016506537,0.49212006839571104,0.48493861610264005,0.262344160219034,0.45235408731062005,0.46121538775978604,0.42864032352588793,0.5240232643730851,0.5030856507614839,0.242482680595079,0.504656881857624,0.5862826173382579,0.33460757369828603,0.34048883784539297,0.35044164912661796,0.413442563458836,0.31147148306487105,0.606349801222359,0.370114616564552,0.5022618809867221,0.49436421497858296,0.575649953725833,0.544609072343272,0.47426821053697293,0.264366867198909,0.41996046301776396,0.0921687650972379,0.43838041050114795,0.48242872658844704,0.46543664655781103,0.348706722197178,0.561424453755452,0.5031151391911189,0.568855807879995,0.48708993748614604,0,0,-0.866666666666667,F,-0.148148148148148,11,27,10,18,0,0.866666666666667
0.49284593472872495,0.458693233788779,0.4406118372008621,0.5982379364241789,0.6938294475823329,0.259853698233764,0.5528133286020911,0.46844751768855497,0.7477280913752841,0.477585167391348,0.34159387237284305,0.382459078624928,0.32783673160795895,0.40392079387930496,0.37380255258192896,0.524037951063515,0.380768648323576,0.421405947021288,0.571611985509614,0.421609777186298,0.146925319817637,0.7621009718157691,0.315554249246035,0.27012032204318,0.32017910606665007,0.335862503070345,0.48102972062591404,0.532078293930695,0.6124800021256179,0.503357761219806,0.5204671975792821,0.144539233741319,0.650920715570938,0.55394170838899,0.8477547904246999,0.6608600358914261,0.605818424326206,0.681898864137046,0.31468038493582,0.668677626168162,0.282314544683618,0.6065315416343849,0.6285329115157651,0.585423860729464,0.6903952971059639,0.38761563122895704,0.628960443045235,0.571384853687973,0.610728861533964,0.41063862664869105,0,0,0.852941176470588,F,-0.11890838206627699,11,27,10,19,0,0.852941176470588
0.504167604893606,0.47767504200538,0.5440750846248801,0.527383316644699,0.22001913892705302,0.480462765410875,0.531229548877878,0.47225754458332897,0.48638248551439894,0.171451982195553,0.472837630227765,0.240256960396251,0.72621447140467,0.41869131085445793,0.539417143243017,0.581785229954079,0.530145154130565,0.55079977925791,0.5653824176319691,0.5004005515389179,0.45701313502314,0.605753797853241,0.379262479025312,0.517423676286702,0.548725579624226,0.45047412798023106,0.414461537000214,0.553722255689464,0.587781880827761,0.552012186601504,0.401142758299662,0.21679611104529803,0.5583636490806889,0.82544323697085,0.44910401012452,0.5051424789023939,0.410815106453486,0.557377472344005,0.460013777986948,0.6946961448444499,0.5543292276275289,0.45784703079256495,0.392331584383717,0.0,0.6332916907792021,0.555407359405115,0.257481766366703,0.47932584861147204,0.541558736087921,0.48433516843176,0,1,0.852941176470588,F,-0.14259259259259302,11,27,11,20,0,0.852941176470588
0.6456675632735029,0.566104271893104,0.672356468349805,0.5757872165899449,0.6815047392636869,0.6324523854411159,0.447917271429476,0.552184638379718,0.462749957220423,0.541984996482414,0.647763952556822,0.32720471687127,0.463155913421495,0.680278948243974,0.454939078747967,0.6959297485905811,0.17087493917357596,0.35465209252170704,0.517916096441301,0.6382834435159089,0.133249936944813,0.41798146875928405,0.566910394439504,0.256745004380397,0.263232692721105,0.554798740103976,0.535524227375918,0.37809634006428205,0.437209942859549,0.38449359398278293,0.6509557595661779,0.630546952954579,0.6221964861928779,0.355828753467704,0.7439878207380891,0.43684231510176397,0.364918720466741,0.5188633473635039,0.24396227699667003,0.638251756837694,0.21450782691070702,0.5048593439478171,0.5414266148143471,0.513575559392291,0.7139643383128791,0.480943760109144,0.453381270268217,0.45824495457438597,0.386611065856802,0.627469033125454,0,1,0.852941176470588,F,-0.16402116402116398,11,27,12,21,0,0.852941176470588
0.861283648567863,0.519056377923945,0.631491148917408,0.288949155246615,0.539553173582458,0.603315644541414,0.46795217797486,0.0,0.523664342059507,0.489580333628698,0.34151032455566493,0.434719195166069,0.577509596860451,0.7602124214855049,0.49334728123306104,0.49799099315118894,0.698414575999124,0.7572718526384671,0.639853164633078,0.43612271574526795,0.6121659786547701,0.454263910282351,0.581289929444919,0.45634999802343607,0.20761726636761,0.30225759003574104,0.4332068989801311,0.385664122680039,0.515196226947008,0.8352737513014961,0.546670175402622,0.565092387261556,0.484093563302394,0.28612167383108,0.40103535963990994,0.410408181005996,0.42801601967702796,0.39890916815769606,0.461330870996406,0.46804695614214203,0.43252708602568,0.541063821366515,0.503802601485806,0.644184006346836,0.6741102543286501,0.462872934460961,0.3716407461900061,0.554542063729528,0.29325265215275703,0.435920201988178,0,0,0.852941176470588,F,-0.138047138047138,11,27,12,22,0,0.852941176470588
0.6359792380350899,0.379463394749944,0.309353877051679,0.40808357607069795,0.475532895467555,0.5137482948336529,0.28613626882665305,0.453360630202567,0.15234941314038,0.463384977615738,0.45007262090689504,0.395412100910885,0.672775299244287,0.612896519636001,0.48264967658204705,0.6139050425134029,0.455640212614133,0.233106962562536,0.65976752896521,0.5141162717769929,0.487907457701695,0.27103757067599,0.45820533259959295,0.51052684304471,0.40393082123996293,0.497916147027365,0.0657368408760195,0.36519965678190297,0.298730993790573,0.7291936366537171,0.350473337023559,0.36341286058686706,0.6448936875824661,0.489020721541611,0.8056799564786591,0.45488514328389706,0.4502730781465589,0.477134094025533,0.727730342310481,0.33421344251618895,0.36763053612888,0.535032657834433,0.512218508402809,0.41240279429317295,0.592181342847926,0.311850366691472,0.330121755422548,0.42288423840451295,0.32981381127726694,0.326794036288351,0,0,0.852941176470588,F,-0.114331723027375,11,27,12,23,0,0.852941176470588
0.827654834192438,0.6237799222985121,0.5001006053081221,0.545248962721845,0.556291104227384,0.519475573434135,0.444421033467182,0.7833949058068141,0.31992464409562,0.5533011023019971,0.41906543398932206,0.6704992253527641,0.406912873819938,0.430181031792756,0.5014717450742321,0.48321024579146005,0.329511492870392,0.525822840038367,0.699725004008473,0.60916651979238,0.425114279754161,0.698932736265796,0.524755440156047,0.38419458462377204,0.19977583159038398,0.5604150191885401,0.407857006443791,0.329040100852187,0.527301289319677,0.497639577737699,0.205976193884026,0.570684229000614,0.221627840871334,0.578681451628278,0.534982031931615,0.686523239705003,0.27979111698426,0.179415581834932,0.533297182507375,0.747522546266227,0.42460985821627795,0.44806327980083294,0.5593486882447181,0.522476243139693,0.584182066179717,0.6191494429913871,0.363699690478743,0.6629849503896209,0.463931651422709,0.5368279477237959,0,1,0.852941176470588,F,-0.13425925925925902,11,27,13,24,0,0.852941176470588
0.49421627966986,0.39953658118579904,0.574276782754746,0.42806520187071995,0.6573296720714449,0.46714640575093896,0.375054117936362,0.5182024132245179,0.39002376044016707,0.601872749414572,0.824251790689711,0.501045228871391,0.647684055957554,0.474524489255646,0.473834020017642,0.24758413401785698,0.11964298928314099,0.379696179679826,0.5256127310342861,0.421261857028507,0.397662040323983,0.477038780245651,0.5961286279935529,0.293578686734588,0.498012310653151,0.35845962220275,0.44831387549783297,0.46027824910374604,0.613235211208984,0.25491688619561803,0.391465105856591,0.491052865075002,0.5029226981888479,0.23008453063196,0.428046352996725,0.34696087725626806,0.4241968487522171,0.606878156294092,0.73724965853387,0.6587624258871351,0.262129657492607,0.531152834921557,0.669467223775839,0.42203907068552293,0.5894545941980179,0.449596532453096,0.3988242304679289,0.491755711199231,0.48769819982232304,0.6054690730191229,0,1,0.852941176470588,F,-0.15259259259259303,11,27,14,25,0,0.852941176470588
0.517026687208753,0.49904378240045205,0.517822797480288,0.49339846866628295,0.7473189891393391,0.22415256760996,0.42018603414133204,0.48056499841893896,0.546194264719491,0.35787920823174,0.385399588103776,0.39285123014594003,0.632116556836038,0.41815539014757996,0.315883960171391,0.3626256324325421,0.42164839998819104,0.534500279067052,0.516562929860029,0.477036081751951,0.43688327737899996,0.5393359340192581,0.538607404410373,0.459180890773223,0.545158481112599,0.397330005250458,0.519090648868441,0.21421379380320396,0.40741663435283004,0.421466875485137,0.391257776574464,0.7906027104816009,0.265643820480833,0.524691004056739,0.310854027861976,0.7464168250707429,0.23769787731401298,0.53239300849422,0.661504882639375,0.37647533165348707,0.542460099638989,0.26882785496879197,0.621578373649035,0.4392403122912971,0.3188126260916189,0.48844773165197497,0.488750576813791,0.373142436758802,0.285328653361917,0.307890764737003,0,0,0.833333333333333,F,-0.131054131054131,11,27,14,26,0,0.833333333333333
0.36634596787579604,0.701050689771051,0.37367839638641603,0.422211054576335,0.342531453938576,0.48158832016530295,0.40034746670603105,0.4324544508883929,0.39124832640378104,0.5350208211397209,0.47777226162692504,0.35495305464379495,0.417996299469997,0.666476231937621,0.38814202960290795,0.600084694860605,0.515485408787568,0.582565403203539,0.333658204108192,0.656387595686247,0.293333869189088,0.39058136449834396,0.4540600124774721,0.518038983202298,0.485823592514124,0.642477078088064,0.586858732572691,0.19537460106015697,0.533783111152075,0.618109332800643,0.619471650551147,0.3993411893584629,0.541194511875239,0.5050413578778831,0.460596977685531,0.661815758287314,0.327485884928283,0.4823477292288251,0.640988253466944,0.47881539049423,0.38845403270008005,0.37541634062274704,0.537964138966012,0.5428077414019811,0.632296904139484,0.394971963358597,0.37106759832370295,0.569875520282109,0.45132104797100603,0.329408703411576,0,1,0.833333333333333,F,-0.148148148148148,11,27,15,27,0,0.833333333333333
0.43140720181569203,0.748993483142274,0.334982275386101,0.670228431614074,0.34998131342104905,0.36684412462036603,0.315666815279362,0.8679650235780608,0.617486986818928,0.595520365625249,0.497722366677865,0.5228828198404051,0.584517640993745,0.5088517148595779,0.378709563709502,0.48888999318084597,0.19671620007824303,0.42027826087686504,0.714418217446745,0.7436975279454321,0.37415232068466203,0.293626358537529,0.385209136763549,0.0595043294923634,0.320922442599892,0.37121231228837,0.29711777898411895,0.11524945310408599,0.7577018251296,0.519005972543425,0.6455144802189581,0.7260009010438531,0.283977512151424,0.429947137511865,0.658985864707343,0.782887277560277,0.481335388363099,0.49651933386305896,0.482028485094044,0.557960735434038,0.453786489267674,0.259937645058939,0.23953952608388,0.437983787436726,0.310422541197296,0.30459762239901,0.303106592841309,0.455372598009831,0.606289806010059,0.315608732567076,1,0,0.833333333333333,F,-0.162698412698413,11,28,15,27,0,0.833333333333333
0.425075700886723,0.452450162039838,0.30302393201371397,0.378790535953115,0.48321495079364396,0.44141385540949607,0.179030610730353,0.742931016408452,0.44722974643789903,0.597925215998725,0.380019589862803,0.6087899968725171,0.514744967443989,0.531499607620005,0.4719729531550661,0.19636720012951198,0.31291385751746903,0.5075884322989529,0.6259892344227621,0.424990991542387,0.5891951644167029,0.523754925588392,0.5637813963067378,0.429490431819983,0.366145440833359,0.609053314252749,0.491268965094436,0.18248485199292802,0.478584872325705,0.57318445379598,0.417859941200739,0.459794490288503,0.43258149477614904,0.691909079175054,0.28424020484293605,0.495402753010858,0.31596860467843296,0.582936803725883,0.546822164932062,0.7241552631762042,0.477246513271926,0.28544085420725396,0.900794441976735,0.362577187988494,0.291904505955533,0.710768895560011,0.55851738017475,0.637702229768895,0.32692947043813503,0.446922262620645,0,1,0.833333333333333,F,-0.178571428571429,11,28,16,28,0,0.833333333333333
0.5062560109652,0.43331931600239293,0.7058961967241079,0.691992680943604,0.54006420788999,0.644793331361368,0.509817061235248,0.382536538761471,0.33664019373135307,0.5657127711882379,0.581505505865971,0.31218765727393605,0.43878971216277207,0.532378900460428,0.5098969976684771,0.567021121043064,0.4449402139413471,0.318102441447539,0.396698149989324,0.284564456905885,0.34875925988214695,0.398532610761156,0.447962259663397,0.49195051244209603,0.45890004795172296,0.765167283347725,0.7194092586983859,0.205356287332522,0.478603097003221,0.48572512233128706,0.4810983029932321,0.12993154708416302,0.46532865285953795,0.5348858973842461,0.43968589152118603,0.5056577981012721,0.3406928743166339,0.7116966057158871,0.36196917732223494,0.8688872776242711,0.215952686077008,0.30278296374999797,0.551981963547675,0.6120102577203101,0.602481812378328,0.28476072125828,0.665153529098278,0.5588384400012111,0.0755465486777745,0.702226897498831,0,0,0.833333333333333,F,-0.158866995073892,11,28,16,29,0,0.833333333333333
0.37162849666617104,0.340767814526208,0.308631773285776,0.567570758728105,0.558196008472323,0.20277066518123002,0.22437735292258804,0.500975079448376,0.551860062013739,0.4411515917740221,0.594502410729319,0.339922792899403,0.317381116466872,0.310744488311465,0.4987905781503929,0.34337287368742697,0.502840550325784,0.451439352084345,0.185695614909732,0.39517959235107103,0.48433142694691494,0.657879657730289,0.43038207317294896,0.345844013875029,0.494294601363189,0.7688491051144191,0.504775407980163,0.23975853409433104,0.46442248595344393,0.37870183137737495,0.30375794259586897,0.51786134802918,0.39024763646965993,0.315317862196782,0.545289560298898,0.250593889638793,0.321321076874328,0.535196977927234,0.6847766107797859,0.617602348054582,0.52781370643133,0.15757981457016298,0.478758535123725,0.5360956810197121,0.9642817776856389,0.548453855518264,0.3665378561963979,0.667693772019105,0.5389134960997429,0.49106666630620793,0,0,0.833333333333333,F,-0.14047619047619,11,28,16,30,0,0.833333333333333
0.606272972073709,0.43609695760439704,0.5352926137560939,0.483481676040231,0.733008104681018,0.35653655189459793,0.648740839563963,0.21737619081295,0.468217086155263,0.5992807258634979,0.713642137945993,0.342645227127451,0.47300173947934704,0.45948909892043,0.724938831403282,0.18641125972633102,0.32960987991336604,0.5153452783738761,0.37215006856793703,0.542998429658088,0.46875738541464396,0.655742290165825,0.485703919238587,0.440823860344839,0.366189769014087,0.50556173744165,0.32048940310807,0.243907949052573,0.530258389134431,0.541572897784753,0.22028708193256502,0.374944340849832,0.459396755542875,0.542033335834768,0.42902654500125803,0.39096190751402793,0.529318556078818,0.5270293110473879,0.340897881204303,0.29795889238610995,0.685025396167611,0.246879205331554,0.444410980014301,0.437920806268019,0.418678793594661,0.24288299176483602,0.39967489073464707,0.596195952148426,0.456239831252739,0.618975709127478,0,0,0.833333333333333,F,-0.123271889400922,11,28,16,31,0,0.833333333333333
0.101577586052941,0.335806397498478,0.293457371565148,0.424850333393003,0.40573211904636,0.6585016423847571,0.513687454953795,0.460793041271541,0.6763947330807211,0.533750122249267,0.485484110414515,0.438024992450796,0.5274242239981679,0.46301193064900803,0.46787203124403,0.343502018058973,0.26224734988128895,0.735776304698417,0.469529105805822,0.40704243292417996,0.588371442185728,0.30824943070410304,0.5637743976648729,0.591561313405631,0.596552279896947,0.697125219220974,0.6820989330180761,0.217969109525233,0.48612076960902295,0.5686891027096129,0.371537840560674,0.428806399625215,0.544619221418221,0.563705681884749,0.9072634219384441,0.590654145557289,0.580690117686401,0.342100227401976,0.4746578319608879,0.45426336075222096,0.44914047998597795,0.219844962387901,0.443683630272069,0.556165494269791,0.7906930593964789,0.0061875051485304295,0.251843674241108,0.5631017284547211,0.595873618521522,0.304729501518591,1,0,0.833333333333333,F,-0.136818687430478,11,29,16,31,0,0.833333333333333
0.41239727261717896,0.403771297983182,0.791128990647734,0.51161257482231,0.422013642802034,0.7619704305234041,0.571341691990106,0.37165083101488394,0.564800836597931,0.565488231425296,0.5123105278174039,0.43310735675730794,0.49656369238012105,0.582972374864563,0.625467570698199,0.097335461273355,0.367865568696826,0.19121986694129398,0.411729302215861,0.5699403868892989,0.39168648027639097,0.5843358494159251,0.60473675803712,0.36102351285349293,0.7436566517090921,0.7003251088586,0.7921564431841619,0.212994412927588,0.387983671989826,0.543397274722882,0.5475707673952029,0.5135263252347321,0.494064370208192,0.661380695682595,0.7020283335056678,0.5764677004447321,0.37198223270127206,0.381713996361793,0.376705672020178,0.589203268940533,0.516623621594496,0.18032970433814102,0.76216952105931,0.44062893055265895,0.7242504826475691,0.472688272706771,0.6005681300494079,0.7074498500867,0.7188956313071599,0.496721414873187,0,1,0.833333333333333,F,-0.151939655172414,11,29,17,32,0,0.833333333333333
0.631240854210415,0.5708028270901071,0.7222556264644749,0.815113416719592,0.339848776207145,0.39174630215599204,0.464851290361486,0.35386259752215704,0.349368379231266,0.508538885718658,0.36795391385765397,0.520172920693432,0.800684483975348,0.4687192521342679,0.5794576955265479,0.199356379274031,0.40440207690408,0.423773925825516,0.302366352505112,0.23370530766198397,0.145244311916012,0.7511334278229491,0.5209021683788491,0.5524174072104849,0.694789274817338,0.585664707213069,0.3707222705723979,0.11267575211241301,0.39225359370703294,0.7836995348475021,0.381541744056919,0.46227175042624896,0.6066161252667039,0.7137035965481929,0.6636516285256379,0.486052476295866,0.6235345536540811,0.44592687814317705,0.552480997501232,0.720591352902424,0.349876286244037,0.273418848062676,0.568768012764942,0.4214894727325039,0.381557291886354,0.41219554309167794,0.722946629118288,0.416863903554607,0.658545797606501,0.39693919175602005,0,1,0.833333333333333,F,-0.16614420062695903,11,29,18,33,0,0.833333333333333
0.359518673374693,0.49763355825696504,0.3569367237816671,0.511520886956528,0.7630809815709642,0.5948941579600301,0.594478231054464,0.8140872613633199,0.5557412420201999,0.296847119345448,0.31197232333786,0.300326311672865,0.432172410718137,0.67129535763493,0.46829495684116496,0.21393741468344,0.0245077226324365,0.412194286357359,0.541592554320302,0.601381851659588,0.584093278362432,0.355666873708757,0.460762970769985,0.602194146503574,0.626859420646028,0.492108506287152,0.5472206634449021,0.153227947593699,0.532767324462499,0.640822242271847,0.384607141902571,0.366671353853341,0.36528893465614704,0.7324539230033259,0.52261280942598,0.274394873090488,0.273572527859685,0.41882863854784796,0.26020223220381195,0.703251055926424,0.46488531402282396,0.30340699728596604,0.65578857231641,0.5818681246002211,0.200447886053765,0.379486308436353,0.554935403738796,0.627559728914661,0.6199576877312281,0.267755482545531,0,1,0.833333333333333,F,-0.179513184584179,11,29,19,34,0,0.833333333333333
0.397513003212284,0.156632788648072,0.4489960235790879,0.61993792407016,0.6877843799570941,0.522825017636471,0.618961637887666,0.46506827042509497,0.44108240762400003,0.531916766147227,0.873479130227735,0.347924130892678,0.25728548991784195,0.5169902900231429,0.5829201076499201,0.48075532044709496,0.47871444836217997,0.329693782637908,0.42253114720041796,0.6198298974661589,0.39686308686414706,0.5361868692165471,0.7403750369692959,0.37176177513635394,0.33553454040612607,0.6770271437430839,0.5508954074572829,0.106213977203579,0.41377908956274606,0.34747849979007,0.7466614811125749,0.554420155405512,0.621062534435395,0.309819042055241,0.436766198044386,0.479957388064461,0.551614322919023,0.34673180287155503,0.619951134729234,0.714485331458868,0.51622484662809,0.357865968663688,0.688522745021693,0.5486603405520071,0.632872673803043,0.28077399777880296,0.15184464822634197,0.564479314628648,0.329514162696953,0.572092712367558,0,0,0.833333333333333,F,-0.163546798029557,11,29,19,35,0,0.833333333333333
0.7106809312683628,0.688899894922941,0.555032315987246,0.6803831379990489,0.34827571954705,0.488136040394839,0.568736584180311,0.667364079900325,0.6974168791576322,0.627342936448453,0.67972750281747,0.400564501611519,0.400925090518758,0.8815430138873349,0.390093592478777,0.19362180533459897,0.347730843919631,0.6179138433777329,0.265704108168731,0.410026112644281,0.6675216864655911,0.538499985583393,0.295847867821937,0.31275943490240304,0.415242606439011,0.548214638953835,0.521917366299395,0.23908440143238396,0.27394444547012103,0.47569097040031394,0.5820104394639721,0.49264265984052,0.534084078566078,0.449107666103295,0.6338943100716179,0.502214569301945,0.459974844530892,0.621756112515322,0.21959286560868602,0.7478356949463779,0.602357004791869,0.325990598913813,0.442902704310547,0.139887176328976,0.44408603797238394,0.749052025625764,0.641277678092264,0.147013516715052,0.457476318837265,0.368883908488765,0,0,0.833333333333333,F,-0.148467432950192,11,29,19,36,0,0.833333333333333
0.29731436740658,0.8978063928137779,0.7472800747243442,0.38812145867633,0.5631553461131371,0.412024464210122,0.33406541993092,0.570461475146723,0.4370642463051121,0.586913795547068,0.46120380333925703,0.46838728720304706,0.626417327675225,0.6317839802377709,0.35557170577029207,0.391116505260406,0.516171435957054,0.4210260746934821,0.5723802035438149,0.4135495788711529,0.28579626279188897,0.6217269931763281,0.667478610084126,0.28523261388919396,0.37359495761983796,0.706328574629605,0.48692808352327793,0.22770692204282,0.22824756252652698,0.24419515183965,0.40149931091912106,0.488093875153495,0.35932671868311605,0.5238906876033811,0.5103452282056571,0.39107971239571504,0.649191810346652,0.619824471404351,0.6085066290685239,0.695997997581079,0.587588167919518,0.300710837927034,0.5993304855186279,0.517401049201343,0.45209067985688395,0.25765231262197097,0.404151022535552,0.31741530007556,0.306679539983126,0.5197605788793079,0,1,0.833333333333333,F,-0.16123019571295402,11,29,20,37,0,0.833333333333333
0.283403096540692,0.715499414010261,0.30645197970714194,0.39908407123031897,0.684527957785078,0.671457952191578,0.6124539443135589,0.665177292619161,0.297735022932607,0.2386211083244,0.5824753447180849,0.347819688730557,0.304756376811654,0.5690897039844339,0.561351821670034,0.4222846237814579,0.45916047443425106,0.568521224126506,0.398251895509056,0.723607041248028,0.592919217191132,0.43331954082164004,0.462246662709539,0.466523539685088,0.46616269520857795,0.6587731954379711,0.5810597078674039,0.656643465609873,0.510626552571968,0.231764489398362,0.349001674278329,0.282891713815549,0.6132900021002919,0.493298054650469,0.42530879415993394,0.402645411568134,0.46972606439874703,0.67923338777274,0.421016877969615,0.308624034195758,0.417261640361045,0.3569489642334,0.732515346106767,0.7374500399627499,0.5251724292797101,0.0929124627909792,0.0134558364402798,0.30187387466797,0.7267133492183709,0.668623228303079,0,1,-0.75609756097561,F,-0.140540540540541,12,30,20,37,0,0.75609756097561
0.434836504036325,0.7586501860960271,0.6825239957584069,0.229286683640905,0.696756788147694,0.38852541177448496,0.314046796351913,0.46768181299259404,0.5944336931351949,0.5539487464806071,0.100201283376828,0.297374667035752,0.641012975088581,0.476625886164819,0.62807446674333,0.609012243982982,0.6165740590709631,0.508371741665017,0.445652497660522,0.504641715480219,0.35927621623419503,0.26758456041056,0.48254444344684794,0.401865688025041,0.292756592025136,0.563710886807011,0.583559184536094,0.360539360148707,0.57191735546689,0.6315435552770721,0.608523273372785,0.49731640992509296,0.423315978381956,0.399765935403791,0.335028974491398,0.469286912738683,0.433682559367351,0.6702820188762111,0.468197319652493,0.6587022953908579,0.4712477565526079,0.29307988754649394,0.562551937896751,0.6974417483950479,0.33831103422242403,0.450351692053471,0.574353416860521,0.5479948182535771,0.45201741059842604,0.361125211105092,0,1,-0.75609756097561,F,-0.121185701830863,13,31,20,37,0,0.75609756097561
0.40116852884773296,0.5685018121497221,0.317887400268487,0.334092946971421,0.7590802376110729,0.490078679071793,0.19598117838371698,0.681368030254441,0.6265421410362261,0.17581924592569598,0.4189083720254879,0.227061385345373,0.41129201582595104,0.6967803994885521,0.656348910668318,0.450858063282223,0.452785846621663,0.445749621100214,0.695207282166385,0.5814266734050401,0.5375364178867371,0.545382161724956,0.369727186213932,0.48015939483790293,0.691337711793266,0.31349339132577697,0.38607751587260297,0.435780467038318,0.422321148108034,0.38345566715059703,0.479929240048485,0.529970229647986,0.640629965071551,0.7293143022031899,0.55950102507414,0.8639180682187679,0.5474217205544629,0.3850462803692129,0.609912821821794,0.5518836461946109,0.385961711865834,0.135001154962754,0.561653222844235,0.7059145860912991,0.37944274761163505,0.7662413071213741,0.548612443601336,0.6925478394173751,0.7383409074871801,0.439286253384584,0,1,-0.75609756097561,F,-0.103040540540541,14,32,20,37,0,0.75609756097561
0.741258838067693,0.302781580514208,0.593350551283926,0.6857231456543149,0.6878350252830172,0.6953335365261459,0.507993107588136,0.37594030835143893,0.5359581357881501,0.620188052752056,0.378802819753411,0.49121895280714295,0.426060433363824,0.533455606485711,0.650115430630645,0.540559787289996,0.4578203415467779,0.6371719255024549,0.616448381146639,0.44243794925409,0.433381732190813,0.773153134522114,0.29879455940038396,0.44986478758907505,0.704163529675055,0.428378017164683,0.63613703723774,0.44438170656518294,0.5549407975101469,0.377427683315737,0.3723705459318571,0.572361026105756,0.579414484220342,0.639594248361398,0.591639202156414,0.325276931698667,0.5575150001394611,0.302693233336579,0.317025180907092,0.43658921652348204,0.389233464492739,0.669179681331041,0.433394416623002,0.784124949094191,0.157251777849778,0.410645687054178,0.310897344539817,0.38638986302304296,0.33891711361848104,0.622581042248853,0,1,-0.75609756097561,F,-0.085995085995086,15,33,20,37,0,0.75609756097561
0.603773583264184,0.661302993204684,0.527802374678484,0.49170556969603496,0.514617850293064,0.44321224883045895,0.602662104107376,0.476779104708313,0.5259354443776479,0.642176007293249,0.26675239024194897,0.408814051346529,0.455517861011718,0.549424727123594,0.5440003380704871,0.16217602509344198,0.30637760964139005,0.538204788186326,0.871799182719,0.48192362768931396,0.473648125938985,0.17055221346491697,0.413501737680447,0.37694834764684104,0.405590433665038,0.46863980167747793,0.46092061155058006,0.36154339964698,0.45407641790913394,0.85589428307507,0.17694229080948604,0.49640622214192204,0.48671004968800896,0.25236117992504,0.6712095958100021,0.7450753721344692,0.535596518526554,0.5494782646455411,0.528325753693872,0.7336327197300379,0.34053760135336897,0.5964850564262071,0.525096303287099,0.74756323704192,0.36137509492498504,0.368446302137673,0.672846234252627,0.749692054060109,0.314744414471607,0.125738492240899,0,0,-0.75609756097561,F,-0.0993640699523053,15,34,20,37,0,0.75609756097561
0.616419279205467,0.5897111415190961,0.46080714975081305,0.30791935824586497,0.473009816640367,0.626469365497626,0.522460786034933,0.478715564177524,0.8094531698484569,0.5647002760175279,0.600158682155573,0.5838419535827399,0.6273255229063951,0.5583200598703609,0.758795874950056,0.269022988010329,0.30311284699748803,0.6629073980503629,0.466681970348765,0.513773786729673,0.4259038091750129,0.43906544090287897,0.46252093129168304,0.39459324592133393,0.4186848359334,0.64630380612537,0.7550679330040629,0.56958112075356,0.455713123640284,0.7284374045083091,0.584212099590006,0.626466142842812,0.47748044333605394,0.644358628302396,0.536709522114858,0.7526995716437229,0.5477740399702701,0.35837807041161107,0.5215260513334851,0.700886217519244,0.606594211630722,0.48798659668222705,0.494468821893894,0.74399910693887,0.6851807872648009,0.46176245313145203,0.39824133344089596,0.316620462044263,0.27227771421034896,0.300669775736627,0,1,-0.75609756097561,F,-0.0833976833976834,16,35,20,37,0,0.75609756097561
0.543641781161393,0.8339294940853851,0.633370012163576,0.380809780382822,0.729104880695155,0.375315315964719,0.288128375811586,0.5200943779877709,0.534048046589807,0.543252801274748,0.470162603237721,0.254474905066185,0.43470152411285495,0.43853929238826794,0.649214434348566,0.559293470622534,0.552572030019375,0.36472103447882703,0.371161072083034,0.6219226736419661,0.657857041421089,0.561700019754813,0.426947426735024,0.33763472472274697,0.512027690914636,0.38066026950249604,0.5261960196569679,0.43782571635845796,0.3451699326500349,0.5572949397378989,0.34380038424077697,0.452155606578315,0.475192336059174,0.4088047864688621,0.488228007649678,0.565687525743999,0.444048003719697,0.606050099696961,0.67955188414896,0.46514267969946993,0.521358236259381,0.572184978008603,0.592992809997275,0.72113052124058,0.36611308668020204,0.445355472378023,0.529824936587855,0.5347394296781971,0.35339820681122,0.22137902550324898,0,0,-0.75609756097561,F,-0.0960960960960962,16,36,20,37,0,0.75609756097561
0.8095391658582309,0.37278120341605603,0.501604900862967,0.585234324669603,0.614477951812528,0.361898937587169,0.497895964284447,0.647585378057412,0.507848707584729,0.506220078634371,0.64404484413954,0.5806435158046629,0.5609950774176291,0.6552527155773559,0.561665379643435,0.702824378565705,0.34911482833099394,0.411455220743925,0.46682024606414296,0.506987709144896,0.542486257065912,0.40571731936498107,0.34528438860787897,0.543745083684349,0.28367319812330605,0.612572372183887,0.322012780635538,0.526170376305656,0.41178244376027,0.18304093134701602,0.48078053432734297,0.373454764450245,0.687449432539078,0.661678609773807,0.5737202124999139,0.668506755098867,0.648105258428775,0.34442660477461395,0.6038047123253871,0.5807744694353421,0.520909073693443,0.270949388697911,0.299966072918646,0.692873143767741,0.44065563835265703,0.565661742295285,0.25300498567486396,0.17527490803596601,0.40573220353067896,0.37787583225631,0,1,-0.75609756097561,F,-0.0810810810810811,17,37,20,37,0,0.75609756097561
0.350118841507897,0.500614776333295,0.403096913847889,0.480222430784892,0.501853136811942,0.27493620397129903,0.309780983062556,0.7072425228059891,0.48222904433288,0.492496180592959,0.7756408915817359,0.42887484467648207,0.767509530133859,0.564842864198407,0.5514858810368511,0.41240448888610703,0.36207153365741995,0.3353815517583689,0.7974389647511501,0.503830401708383,0.589330324773874,0.349728972708301,0.466863825643688,0.45779259991442206,0.480472640064184,0.32133408625636606,0.24433576554445002,0.4439597228498521,0.36497084292982207,0.56969084823768,0.24905824013918698,0.677880681799892,0.342082110979544,0.42980740362829706,0.44425071158873797,0.591674583885534,0.497278402967202,0.27962680544309,0.635126348472129,0.396073755583131,0.475281871624349,0.34553228004604103,0.0,0.7958791747580659,0.36929193161565205,0.5344681566082279,0.668494909190832,0.764850922092389,0.42323258830253707,0.832518414616615,0,0,-0.75609756097561,F,-0.093172119487909,17,38,20,37,0,0.75609756097561
0.516136487341267,0.21088932082714001,0.629857772511698,0.420986401080466,0.476168906059516,0.531164531778029,0.593940250208551,0.290562365221345,0.244831349677757,0.42887547087431,0.420689513917032,0.516281729217043,0.73458266550878,0.537741566218429,0.8393363781076529,0.41240468505680894,0.395368812241351,0.405065948489639,0.47337131243949704,0.638196471429803,0.577294001114036,0.445603370723802,0.48191918468951,0.32371483976575,0.732236531069497,0.317190741220469,0.36715482060182897,0.271436211277681,0.42150121428560205,0.5421926101995801,0.28556692617215,0.24407482811570302,0.644020625181545,0.5609916702035229,0.49786128206553204,0.5577466172725329,0.625605314291029,0.5833438414033659,0.461087883565461,0.624948350478687,0.307886789125075,0.39842092650710503,0.6494243801698871,0.702704791097141,0.7179132066434599,0.5672642299888809,0.5868657908558921,0.835517273562706,0.597759222487834,0.7397314897250459,0,1,-0.75609756097561,F,-0.07900207900207902,18,39,20,37,0,0.75609756097561
0.723548306984638,0.20842616204776604,0.512698830009222,0.513372003317467,0.320148737044724,0.404944076337631,0.497036673128619,0.8927991046468722,0.347897234925152,0.34551010792950704,0.5427866212654721,0.495375562884307,0.23262661929513498,0.754949917700655,0.75407507279847,0.7339691811788199,0.332166209805192,0.48775271814321003,0.48726104318166397,0.708862708591182,0.646625145992005,0.44719627974905796,0.35228132411152707,0.35966647014109604,0.387248857319251,0.7549887327827359,0.5641870303754499,0.6964946614492961,0.3521840576272679,0.464503757995676,0.314699948960726,0.48009863326838104,0.563859839208985,0.5427374361164811,0.797976410207857,0.503501632576917,0.531419226920224,0.643671560327975,0.705786758374956,0.683832953757308,0.4724593620947679,0.36023433177056996,0.7424673655484421,0.6862239181086222,0.66406189608473,0.7630229101654858,0.469216372363221,0.715063866372149,0.4323734342539629,0.32048149856386104,0,1,-0.75609756097561,F,-0.0655405405405406,19,40,20,37,0,0.75609756097561
0.38921593262768395,0.630634867693853,0.431906494600637,0.6503205350063119,0.6447890006790911,0.484281963248876,0.7360675814090429,0.534694993114094,0.40725915036941995,0.30159528434423605,0.431348423460524,0.542827511480457,0.45597864243723496,0.190818626149486,0.6903486412624511,0.27338023712119897,0.509850277589204,0.45567693704704404,0.5492497513836301,0.3948671118311621,0.32593222623281,0.24024332797429604,0.43432493958231105,0.5142354525331579,0.229561159168839,0.650044330486744,0.502971050671378,0.49555363045258294,0.44856893259686104,0.557127558171941,0.435652086766099,0.32722315815350606,0.607735188077526,0.46502658767307403,0.6661215976510041,0.340763453944977,0.390039245902211,0.509186630428878,0.26650496023465103,0.438728332233845,0.501225352649443,0.34722744734205896,0.556975371365889,0.718565494617198,0.593236541722522,0.37112312498681893,0.6771032490361228,0.515088897018094,0.5936053966468829,0.38544460276784204,0,0,-0.75609756097561,F,-0.0771259063941991,19,41,20,37,0,0.75609756097561
0.5418889384811629,0.5047342979795619,0.37521720848652707,0.371154054531195,0.46372030395086794,0.531850088623147,0.5636223656330981,0.744002526060159,0.662170202211807,0.574776918379615,0.609838621915313,0.41426480775741703,0.488659887772919,0.273537647126786,0.590390976879667,0.5100787994407321,0.47803165643182205,0.258089444606193,0.817084997379197,0.4988031426175229,0.5004466564347589,0.537473943270056,0.49372278203127207,0.53114029181834,0.23895525060806,0.623619795807557,0.559371754256571,0.547399377387396,0.49340756263466795,0.75945044196641,0.31803778498758195,0.603999058195462,0.42610331758772707,0.5039899534968529,0.550146810346381,0.39079516008709797,0.641636427322318,0.557765346194219,0.84054290140377,0.6749734250723239,0.33093168258562705,0.650032677389378,0.366201945394678,0.70846459756171,0.586007921681754,0.27353047960033,0.194994235735858,0.384419731436081,0.533077725647807,0.6228023886326469,0,1,-0.75609756097561,F,-0.0643500643500644,20,42,20,37,0,0.75609756097561
0.5077618857342129,0.821753360103848,0.6578893485941291,0.566623460454262,0.739762380628081,0.307353138720305,0.314410109527563,0.45374884883059,0.503172170833248,0.39279826762248604,0.40486078311563795,0.263042579873422,0.508834659370899,0.624164423144418,0.6740869889454549,0.42558352544788003,0.553217870524334,0.47629622865862,0.5476172395758571,0.51848737117737,0.39602714058070004,0.26636353817653197,0.6794249612857141,0.540514823716755,0.24162535339315,0.37320407659573707,0.154316229183695,0.40590034850609996,0.40879274896802703,0.674410972795224,0.503301645446422,0.6970278617785289,0.42080253682705104,0.564861234923931,0.579229380293268,0.7070770604332879,0.387391516158994,0.157332087340465,0.352236817236384,0.65167160865502,0.43830464157809995,0.44859740225160905,0.5998539361039771,0.6977084082600129,0.48084297037954293,0.416779254599151,0.48361606065001295,0.608387071782588,0.560930348859588,0.267097372144016,0,1,-0.75609756097561,F,-0.0521684475172848,21,43,20,37,0,0.75609756097561
0.574035670473444,0.534005481033525,0.5586527336713879,0.416902933579443,0.336043044491645,0.523633159948029,0.31036374632243796,0.417783522863712,0.49685487671526796,0.567527644010813,0.605904536688312,0.416607679262683,0.7000138774914871,0.3354863523677,0.567732744857215,0.266957250417029,0.592720257446237,0.684677557421449,0.0,0.417710317427022,0.40509795307122104,0.41731632861482004,0.460719589505837,0.471276287266556,0.6526041616963361,0.496159912904037,0.353841746572034,0.34574228099605897,0.33685981141381605,0.596703881951396,0.505443559374337,0.48098456045374605,0.48813800483042896,0.547807056830687,0.477940644631948,0.473918870365851,0.40611530337803103,0.6957511110642329,0.571643394365963,0.146724764174423,0.417758228467164,0.695706653838395,0.540240064243385,0.691933275762187,0.357748932854004,0.547191899347195,0.459458582499341,0.418976073759097,0.48426772131935497,0.525920961293945,0,1,-0.75609756097561,F,-0.0405405405405406,22,44,20,37,0,0.75609756097561
0.601786385594616,0.221960213800844,0.332935698949683,0.547284364368595,0.7207364561712679,0.554763046595596,0.363437152484589,0.687659627662103,0.6875590820815289,0.34983842283478306,0.438492643145012,0.48299754307181103,0.570215666778472,0.618757334676729,0.622081355917699,0.8128414565639142,0.6148821654075911,0.48881781407544206,0.597712521132312,0.595899147662893,0.519603924778016,0.709216014214708,0.525706022603038,0.13225537105420698,0.7609176159697808,0.736420370402859,0.342389128575648,0.46546600227254203,0.6806433418258171,0.278298717024373,0.6332762186419101,0.390315146728224,0.672928248927277,0.503118567616478,0.8820181465067759,0.34066168356571397,0.5153877592553471,0.7285079253859129,0.41657573323962505,0.697177646989624,0.400317449431324,0.5960922714407221,0.18988123047459698,0.7559968265136779,0.41499390828864796,0.49796295872980295,0.73612188809048,0.651902983447506,0.428133292274286,0.5645234458168821,0,0,-0.75609756097561,F,-0.0516516516516517,22,45,20,37,0,0.75609756097561
0.565562589413343,0.59399538237741,0.7181268170132379,0.40102221111298203,0.581179557295745,0.5776940961506679,0.42632479086385205,0.599562527576918,0.582561659532203,0.7937318432539581,0.418313208191555,0.587844515908557,0.54344501630564,0.5595559983848051,0.9198532059756,0.5581361059785429,0.518776614551165,0.5832389396461309,0.315469237805151,0.463616785402351,0.286964007453367,0.38245853155140896,0.41351145421016605,0.5772978166877739,0.324894018387427,0.44763079821050605,0.44639841232837896,0.551878525990556,0.481812028927844,0.628823423992177,0.5797590874338591,0.668222070041343,0.575149944987606,0.5302926001790711,0.5454091429619989,0.513531484758312,0.412053030612376,0.7007867815617679,0.46934181910432204,0.241460055631347,0.587088672057689,0.38405951705438895,0.671465249714454,0.773278084725741,0.542632354097393,0.48947017449522706,0.42579976583768797,0.6999403320512161,0.4385182792925129,0.517606743675275,0,0,-0.75609756097561,F,-0.0622796709753232,22,46,20,37,0,0.75609756097561
0.570498150058187,0.630815824834812,0.694624264094197,0.481302542700257,0.720007484119816,0.44885011063339203,0.638078807903742,0.512497553884304,0.8655878458907079,0.43414600205523995,0.46057437188945793,0.26974579368303603,0.49796928596990103,0.7119883706854772,0.633816520361566,0.301871891628752,0.538571089902926,0.621339091728803,0.232967782535237,0.590250451621094,0.48015890703416797,0.277271613882167,0.621432557274891,0.30739742707833895,0.602679555445653,0.44472695915321997,0.5071077477222979,0.537607067837154,0.453300811533529,0.5803987868118221,0.26560729506666003,0.572860256569028,0.0,0.0808979148615617,0.6937143443157909,0.458653070236115,0.359132835510873,0.642483546322146,0.5984816844383161,0.423095246671914,0.43928206148846904,0.4605102708678371,0.44050777494146504,0.721166969715904,0.42075504319239,0.41313582760578105,0.363823911484052,0.809495460387682,0.545811205266602,0.42374737253610795,0,1,-0.75609756097561,F,-0.051178838412881,23,47,20,37,0,0.75609756097561
0.534918696054988,0.6277337348431921,0.6378474762229661,0.532439939532549,0.657215364992619,0.44415759914488795,0.696374393822083,0.55120539486192,0.635652586987217,0.5349688601139401,0.58130284808039,0.5280111866521611,0.789274579517688,0.475421555141007,0.6659832836137459,0.544494884359876,0.29046217614418895,0.527550080801862,0.6102043395968549,0.524439661605432,0.375439654834766,0.495499070545246,0.48224628545533293,0.401767433268812,0.623767254889543,0.6280271381905319,0.6929534732389679,0.423039760379462,0.509906184387783,0.6244451560676391,0.526019739128243,0.386063829231336,0.36988541303156397,0.46724256409211606,0.309565615006115,0.828518758107284,0.49902192202072704,0.486796805322492,0.364098424743538,0.49542791174875395,0.476925361893476,0.6445782829577049,0.572880220355055,0.775850230451741,0.368097846546933,0.5980885698084499,0.710036609355633,0.522068212188465,0.631588395261905,0.47927216890085794,0,0,-0.75609756097561,F,-0.0613738738738739,23,48,20,37,0,0.75609756097561
0.5859027708568629,0.367238744970416,0.7247936401522621,0.33703290112021805,0.7201622442121289,0.448908987434084,0.654406854915834,0.5047894360555171,0.36006290357230497,0.430130867450141,0.35732516121747904,0.252146961425723,0.255087459318283,0.558843782598947,0.586769044948071,0.349366647755536,0.506848383893731,0.465214944076552,0.6667163149238879,0.48378645350194,0.264833983625208,0.244558139371057,0.4208704115769079,0.434342312149029,0.441522971946875,0.41912447097853706,0.450856363131432,0.484135537797683,0.480494967848837,0.6972002520226229,0.30585899730833,0.8441470194556759,0.6633324909363111,0.5956352685539771,0.6058350351008729,0.761736176537641,0.503045200187353,0.336944762814752,0.447770758256884,0.350840112445784,0.5368353445316401,0.600471836258789,0.37324668505990105,0.7039288624868492,0.37308652361945005,0.266547746377319,0.6644060233913169,0.493454228047175,0.515669400683635,0.695575739780506,0,0,-0.75609756097561,F,-0.0711527854384997,23,49,20,37,0,0.75609756097561
0.426260063615449,0.613134783405648,0.44658353095519804,0.634646977300596,0.5335860483285261,0.47688001147147796,0.566188977145186,0.311173220920674,0.668680873832735,0.61205825357863,0.35983973542969105,0.380850261375057,0.37989688570258,0.900667679964904,0.63896252868495,0.34207487359175,0.367041239800321,0.5060915591651479,0.367693581230929,0.607489714540646,0.6119036703188211,0.60461884470616,0.417619580441967,0.43447386384661296,0.34620013883256706,0.372198244504702,0.6333436929643471,0.489844847840799,0.207111975210131,0.48953269484059997,0.32136171007347,0.32204575207534997,0.5907227110653851,0.28159155808899,0.668119643580094,0.6686892771867571,0.454731101893019,0.630721369806479,0.496097706983466,0.6086046412244829,0.530338109554375,0.475144900847486,0.277187272925641,0.710073981377473,0.523160875494854,0.287087974470431,0.336002245480561,0.57696067753017,0.5520280373673921,0.13309648262795598,0,0,-0.75609756097561,F,-0.0805405405405406,23,50,20,37,0,0.75609756097561
0.39526603111809605,0.349685631922182,0.438048874072288,0.6538958857424351,0.46598217315528495,0.375055418337616,0.435560727199174,0.486421859966798,0.37895623796312705,0.39496900323439704,0.43410984831773297,0.36211772378537105,0.672178739466317,0.3929678376082079,0.695780211914625,0.39830545389317795,0.456378149511896,0.26478527175105,0.343965737491967,0.5511704918161391,0.6317385783937989,0.579933858660979,0.617584160325284,0.457614833115644,0.380137560012889,0.599525946417001,0.4662128897290929,0.525883625830151,0.468339625965002,0.542631337076026,0.570104290121992,0.5592786288003171,0.556275752789094,0.622515382284803,0.56928433467426,0.23496294726389003,0.600564336958263,0.455373907702624,0.334249773567083,0.44560568686856394,0.494683410542738,0.33700214726289196,0.492056075782002,0.7647313934636791,0.7009591904893421,0.856260597687989,0.49536212617433295,0.351651253404057,0.487163976036762,0.615628148560213,0,0,-0.75609756097561,F,-0.0895601483836778,23,51,20,37,0,0.75609756097561
0.503024902075982,0.563668737151417,0.568306096491571,0.538692217289839,0.5334025239001261,0.36262439036092403,0.5595061358453051,0.239924921200292,0.38842052627225304,0.69696351894971,0.787823968212241,0.331572879602335,0.6432888779461,0.742135575981085,0.558936252809167,0.603305042662722,0.6340948248904761,0.26162347992802104,0.531014238016791,0.541869658105864,0.412335061664319,0.327807423172548,0.35478685125118603,0.751073061071683,0.636021558456258,0.410550433358183,0.476425480660841,0.528267999594877,0.502181625083189,0.593333503339241,0.707073970023741,0.49677663356948704,0.516988207743899,0.292036234596148,0.558866199569234,0.9556993693983928,0.682969692969861,0.59399123769149,0.5823332936875569,0.8427196032012841,0.488899783881514,0.39250301756950495,0.47159679867660603,0.700462351271531,0.43491998799876,0.591821726466975,0.599398805685995,0.596489724384842,0.521326172128745,0.36162066858672604,0,1,-0.75609756097561,F,-0.07900207900207902,24,52,20,37,0,0.75609756097561
0.54078465468594,0.394542893926471,0.333695065279578,0.230051009568885,0.41123415710433797,0.375406351637693,0.44126878028481104,0.27935515476363,0.47899791098989397,0.245623394795411,0.574186180206538,0.428313369977419,0.232259111653987,0.7362861759348579,0.590996634380599,0.585881003313775,0.444921938988401,0.7374901899496139,0.394863505887442,0.41183405167828396,0.40201699036431604,0.21496411726063397,0.352862369745645,0.41926463014385296,0.6193626342263531,0.525065830343336,0.586999831380111,0.325514525153344,0.298253621176717,0.522346597105389,0.487300850356206,0.38405063390197797,0.6590399966628879,0.516999388765921,0.6750132405067509,0.3921738836397,0.48503544641281,0.450615700163939,0.46425207591823103,0.30932542353149,0.625169295788894,0.27243250201632196,0.3728749746319289,0.812118462890439,0.585499506792741,0.8318234906786071,0.298363547441232,0.6482175457999151,0.308419019784055,0.9289687176073979,0,1,-0.75609756097561,F,-0.0688424273329934,25,53,20,37,0,0.75609756097561
0.436831710292127,0.36137601780775896,0.24209540643209498,0.7781529713568109,0.49856801870118794,0.5346916357113359,0.761834760973254,0.581085009415822,0.573517821896218,0.4733056644883879,0.563841266958432,0.347169807098111,0.36821810516278497,0.5131974931668549,0.5586215925300789,0.742183051144519,0.5336894677491539,0.650405561951213,0.259761164977778,0.6242895107327261,0.26151896443849804,0.571625748655895,0.36071517996245506,0.42047791432317694,0.6637566999880171,0.604145787258919,0.5306464340909121,0.317717376568033,0.35503588834023997,0.678486209487655,0.40785010984258896,0.5748448268563421,0.46687626335638893,0.542703901157484,0.44159985666368795,0.647997399424636,0.5076323024916239,0.571274930785499,0.39974743047979494,0.429633613480639,0.305200271171215,0.39103483060189204,0.534367305500798,0.700635127365773,0.704092322388428,0.8259863592689108,0.701406662354911,0.515612426991235,0.46676312060925,0.526324981297377,1,1,-0.75609756097561,F,-0.0809334657398213,25,53,21,38,0,0.75609756097561
0.523634872942351,0.669765988224959,0.32998800702527803,0.34103649248532397,0.239661205683004,0.48746704447205996,0.275094471865618,0.42757902540385606,0.671486205361786,0.47959415377914794,0.37860637244835205,0.5856856903511071,0.701254050868533,0.471606477992059,0.409693855580552,0.439868220612882,0.433300462842724,0.8071850655308491,0.796231018498881,0.360135541526145,0.52353873083532,0.30204885747203597,0.35709065027749204,0.449192792448198,0.6338743800728079,0.6057454930164899,0.48965561535461105,0.41675138689752295,0.561448873417166,0.23154547735867198,0.282151682302391,0.44562406373057595,0.6460067649615171,0.649436865040775,0.645002293627545,0.472111014445548,0.34743632037736,0.681442995790965,0.304088084396994,0.357340975222186,0.7404688047757522,0.524231559630636,0.7020783824699791,0.556573920705434,0.32945599525047603,0.480432328357076,0.637390151731043,0.465197600423179,0.486856842411519,0.28613972863785,0,0,0.75,F,-0.0667634252539913,25,53,21,39,0,0.75
0.329545766860292,0.37056868021585504,0.549052209537606,0.509672569880284,0.609874294428261,0.49682843204625204,0.492738044912696,0.607084422548305,0.6279983794880389,0.40329583395286406,0.518191986952123,0.18070714565081197,0.452795028190487,0.16971018956422002,0.562621842444635,0.835565027426261,0.67012993379048,0.6127652239664481,0.18777987268723498,0.4771532401170061,0.23451973500885104,0.205346053756737,0.42957908889340707,0.56063552586323,0.589295659826277,0.7370201344246919,0.553604334506927,0.562562183674029,0.530622333691308,0.47868605638713896,0.21931123487173398,0.37621768729975497,0.342219887411417,0.404460985984056,0.43151676104916403,0.355959953372524,0.6314608681637479,0.44640644722379796,0.8179656252760309,0.45229114535339104,0.7352072417089541,0.43735970420406,0.38190738289291504,0.6480799206822,0.45061977641842,0.575751357406046,0.43259884184823605,0.609488296890312,0.586531773556452,0.283053748079773,0,1,0.75,F,-0.0783018867924529,25,53,22,40,0,0.75
0.35909286477613794,0.392510432129492,0.39262698326222206,0.47379938311884,0.33125310126242796,0.780962729635326,0.374090046521209,0.135270355143752,0.959123318854323,0.5656550776403381,0.49989591273659295,0.394165473715283,0.709265704141528,0.801382284409511,0.44518073168965006,0.38146874358264604,0.759570094014688,0.7524962803767759,0.602940889316067,0.534224072466652,0.414840980890026,0.478926658284283,0.451223045817974,0.697698482553875,0.504805946706027,0.911428670711004,0.51920958890712,0.30582140705788,0.530564858610154,0.6917347940180769,0.427962746911995,0.6135426768055301,0.39599536668670604,0.7146090093527908,0.505486172955136,0.481808716172409,0.639092288162833,0.58007386598537,0.7301223657860542,0.337075392341762,0.7201325202629592,0.5889320353123331,0.630647151707675,0.302417663958008,0.41696969689016206,0.0714705889832622,0.6323234028072491,0.649201880945256,0.7871590627756371,0.49530150925761895,0,1,0.75,F,-0.0892774965485504,25,53,23,41,0,0.75
0.577384802016664,0.276738485659322,0.262725114724014,0.60094377433593,0.6153656577195711,0.518731598428532,0.5067096200722391,0.427776167902174,0.5195963457232751,0.626516609139044,0.634941435764379,0.648229963084551,0.44035097366788395,0.82435807113326,0.40419667257064795,0.5360433200353779,0.6401350601779611,0.360140455654474,0.5880913253471629,0.30051542632261896,0.483338379965349,0.581472590946475,0.502346327602084,0.603675236054555,0.634526655357167,0.420398804856651,0.545361943965721,0.39809880881509796,0.674062959707394,0.5559563685873421,0.411415381742481,0.528799500827024,0.474632690263479,0.41580311949621707,0.4865728188322899,0.632146258664433,0.569937817704039,0.687313865985944,0.50944205036696,0.29692820798715597,0.7568349461081328,0.4429927160833739,0.6332249060010571,0.8619898098899521,0.27271139218312496,0.45322346613035297,0.0872633591940039,0.39815055963134793,0.30561415318458396,0.496603480145056,0,0,0.75,F,-0.0759209344115005,25,53,23,42,0,0.75
0.8463701924807749,0.431886990539247,0.360305480092818,0.338439990095914,0.6304221376497829,0.34530114957865604,0.517407065557198,0.45342562688426,0.4972987469470999,0.477656871988387,0.435262131986896,0.38089547405802704,0.360088356072837,0.5336986071461101,0.401421238477095,0.5851128160117679,0.42807853475505797,0.49393678340784297,0.238989516440525,0.6147166142425411,0.619758644022776,0.5029833047632629,0.5396284577248011,0.535055834115325,0.448431198135715,0.7272211356141609,0.585698360740071,0.35282575183080206,0.515312839920828,0.8127620664965122,0.585032065157168,0.574727767088856,0.5511211572105961,0.511354021716521,0.6259804455860639,0.38622343386004,0.34988123325702897,0.6472628979493239,0.671307014419681,0.594314877986959,0.8654056317000469,0.375771015502626,0.24636140781048302,0.37655565477320596,0.790120621818596,0.6759276421263329,0.377296176902021,0.7953467212719971,0.489685057338409,0.278667427894396,0,1,0.75,F,-0.0864414216761737,25,53,24,43,0,0.75
0.406775660983718,0.375588529404644,0.246165629650743,0.30494139909614504,0.5253125971549629,0.31584505841368893,0.435389708859548,0.52848501996486,0.7007022835305711,0.411701676404124,0.5207850529739271,0.340908227194709,0.762641678238547,0.6030809760942231,0.55654916389587,0.286348445776793,0.507927518476191,0.42854286796889,0.693344430065007,0.6722335958068628,0.579719033689374,0.645142483295403,0.476827590800692,0.47386109984115005,0.526077138148383,0.22977921980970498,0.74464225491036,0.5142523770200971,0.26569304970998897,0.7148296066930581,0.40354271947545,0.479703920407752,0.49102126877759295,0.5807768975088871,0.580178919928398,0.542891069691384,0.548555237617409,0.782197490981416,0.13003177332360902,0.65238483215763,0.7539824536401271,0.650648201365504,0.515328074738155,0.5629383462617271,0.780903033597364,0.613852143862952,0.491009209339942,0.5630227510150021,0.555339910011973,0.409969876674886,0,1,0.75,F,-0.0964837049742711,25,53,25,44,0,0.75
0.655968205845345,0.60837111945063,0.399153722543622,0.608121302724748,0.595757616315952,0.47975830065472796,0.324436350795208,0.578765537483501,0.5730231344928729,0.492092028804382,0.622649757680239,0.7097276985710591,0.543317282040284,0.515069926589778,0.510311799590487,0.7879078455472242,0.480183081304838,0.596133281381036,0.699308101387807,0.45661880705276703,0.464608581186275,0.405151120034427,0.470404342504839,0.579057843672912,0.582854834688792,0.6299476827438909,0.471511612738301,0.334595291256104,0.616984277096195,0.5843064985644371,0.418819784320501,0.39537818059464097,0.5070253370179261,0.463726010679428,0.40554368928044,0.5956925053225051,1.0,1.0,0.783738689115856,0.43164740583752,1.0,0.739729018218713,0.53150929979562,0.34594333459032295,0.307025060911491,0.501385318074938,0.482517779585956,0.7777234546202141,0.533211764112942,0.488387528944653,0,0,0.75,F,-0.0838574423480084,25,53,25,45,0,0.75
0.642500795768827,0.43485900687245294,0.602818904189403,0.513201155625434,0.5161567766736129,0.529381136985813,0.324366435881156,0.603890802557813,0.675789893114653,0.42717322387510903,0.722125075526252,0.309081511463831,0.5845000433078521,0.21060598071329698,0.612095819303537,0.5523580383280771,0.4669022947595129,0.43207954083290995,0.7015193555407641,0.481461470433123,0.508283784712202,0.26268962734397,0.635867453632739,0.5366991710047581,0.42090819080183794,0.555065669670324,0.4347679783716021,0.299727830556994,0.37088540749613397,0.723527813886795,0.228688027250252,0.28001880567472803,0.132409638704855,0.6710126918737329,0.391311136307344,0.549754494755368,0.612797137397429,0.64994055020725,0.325423233403553,0.565434049669372,0.7363014507610491,0.31643867128232894,0.45806806615011497,0.460712902049997,0.614555194081411,0.26740130440168997,0.40713789120497795,0.27616829735016496,0.6685077239520649,0.484773484326132,0,1,0.75,F,-0.0935192780968006,25,53,26,46,0,0.75
0.64361529333731,0.498331759442702,0.38527052583556504,0.456010566800784,0.695033488193562,0.8637752902680121,0.420700002895543,0.526138663460365,0.469501691129766,0.498918026351517,0.418261689483128,0.6013617341023361,0.564603728797132,0.571966849424104,0.582585557420165,0.47280130589204705,0.585913113187724,0.43662477776620395,0.694398131578502,0.352096545964119,0.534694887255122,0.54174048512774,0.590610140101255,0.42807951736675703,0.7976258908204891,0.278836215112104,0.42444051688345097,1.0,0.5006315599782469,0.5039878733984171,0.6012158631550288,0.642534555566042,0.6875142178638691,0.270386181821489,0.7374061901085749,0.301313505516844,0.56079554351612,0.5087199242717779,0.36340060348186703,0.614352731376302,0.8135946745155941,0.613256585238001,0.623675483791205,0.345702570708349,0.6502114358192811,0.5647054693586611,0.490931058565315,0.27165843832610603,0.478210356282184,0.615413990885922,0,1,0.75,F,-0.102769971898836,25,53,27,47,0,0.75
0.7306192573594509,0.647356966831959,0.513371026189511,0.452245202378266,0.44673461279204296,0.77731773182317,0.38547342010223606,0.343619690639359,0.717429551430433,0.45916941911406894,0.559225298321006,0.36616954484312697,0.647607656135038,0.49394700852862106,0.7616664783522672,0.32923900723473104,0.8181787547206171,0.37692167240350394,0.7401265202317131,0.540549927209234,0.49793564824274195,0.44393649000891705,0.32858759307805196,0.669498453042804,0.298608330235192,0.487373591810935,0.611868711607667,0.42618569917427795,0.557740515509906,0.5089477908047261,0.32219180284056703,0.45508371432923295,0.346865309145524,0.43555487782289704,0.7548481897909131,0.750872939986792,0.520053971693705,0.597288266661297,0.6281701702129511,0.54560322616641,0.842782850061745,0.6928958863413162,0.5795497705297651,0.6109897150519611,0.38126905183446,0.636799415130669,0.6371652250362171,0.346934483084824,0.315751360516468,0.24060566104113698,0,0,0.75,F,-0.0908018867924528,25,53,27,48,0,0.75
0.4170017590745971,0.6781648663487599,0.461891788854488,0.47993072383235497,0.610894105615514,0.45927635707527004,0.663169025402366,0.600239355412006,0.8416931955227679,0.326182183401995,0.410734805357349,0.26078242706371696,0.32348774516115303,0.50085631915913,0.6386662764836839,0.48351106754796996,0.453293272062206,0.8616570207585551,0.19357101899259002,0.287979406719732,0.43327684153315604,0.473048820995807,0.551964048731963,0.431617108602176,0.6266740924576121,0.654353411060453,0.36753010509264,0.333156559647274,0.255080066069398,0.511231268989684,0.35109275895221503,0.45678571841825605,0.8712148139013148,0.511238026653847,0.593076791644944,0.62694422922657,0.5781500273166159,0.511441807612394,0.6095548696828579,0.33586255895214095,0.734367810090541,0.500834727320683,0.586127465552117,0.49778597409384795,0.5216161510413271,0.378919883536646,0.45941934253976,0.40881676551544005,0.440104043150335,0.297603041423377,1,1,0.75,F,-0.0810185185185185,26,54,27,48,0,0.75
0.3599993439465371,0.39111384538068505,0.610116183723004,0.812215767428395,0.49522120140681697,0.56172736785606,0.537999347125163,0.372622138896781,0.570164452360276,0.31884431254131607,0.542137242929941,0.38470191833678297,0.300376708470732,0.438698542153753,0.6995166508279571,0.284668102421664,0.159046942499337,0.486206097224021,0.738980896922603,0.46377160587867794,0.519201292569717,0.606485372775301,0.415421676459497,0.434709913842364,0.5314374810547711,0.417707351794584,0.646717642154079,0.440125528036747,0.42354193400843604,0.48206054128955395,0.5385856095125561,0.778214432897343,0.308333258930813,0.34557275262124004,0.6573728340674421,0.650404780904011,0.62521697050362,0.340568069222703,0.7050415271602372,0.49147112251413205,0.40798067564348206,0.487636916299996,0.6913801814082161,0.61490643386377,0.27553824252236603,0.41838870153473706,0.506378533551282,0.6213636699478511,0.258439196078787,0.37420479349340796,0,1,0.71875,F,-0.0899470899470899,26,54,28,49,0,0.71875
0.365096228048484,0.445234097387664,0.6241125042472428,0.592624731668718,0.595029293221761,0.5612535476027819,0.38692518627434797,0.5076169188469829,0.358492412444973,0.404352793241237,0.487098987997573,0.482384491918221,0.342659777197291,0.550492366990667,0.736767843689592,0.191225473138883,0.768469619725327,0.682719535810998,0.579055026726418,0.415885927622886,0.555712164478572,0.43867195383091906,0.4306587152976671,0.30922417334714003,0.6800515487381991,0.38893638784645707,0.462411025059766,0.299704295700349,0.571788975905699,0.673903122850024,0.31160788447334903,0.6833397183940071,0.6258096082696629,0.31654259544361496,0.7569623065384391,0.520670559040145,0.5317811261952089,0.47304471865156,0.7050673234291659,0.6785226227612011,0.317455542195579,0.36948351274989394,0.768348870955461,0.566862790066809,0.386127828178869,0.69433007812448,0.5310041145985539,0.40594976644381897,0.5719413703283199,0.3991855060049389,0,1,0.71875,F,-0.0985185185185185,26,54,29,50,0,0.71875
0.368659138518646,0.28426024108897197,0.308005826348659,0.5269840980562729,0.231843066935191,0.566837867895633,0.30116666986732205,0.4951934282897779,0.6536758625507271,0.5165555270580651,0.44070484589646997,0.42717456928019604,0.52857715969314,0.577051342931883,0.5723921371523121,0.504860536608373,0.902142022784539,0.464986994568814,0.5278384207977971,0.691958042952418,0.33867111142630396,0.7009244266583571,0.419723146295302,0.525587844225074,0.597846626863165,0.5965934918312379,0.8538678593798391,0.46628316802232794,0.5819445290753621,0.61082877087044,0.271254585654082,0.535808385816521,0.444310597795079,0.749243874096515,0.415066904104174,0.5314304796212271,0.4297045697707271,0.688410310763561,0.500522880803896,0.862482557943415,0.5999258072916489,0.331422464981007,0.4882527924962439,0.532578595994182,0.8901567919192879,0.495205420114864,0.54766515735876,0.6063577842106489,0.493276539834005,0.521368217406424,0,0,0.71875,F,-0.0871459694989107,26,54,29,51,0,0.71875
0.464868757743636,0.351980114386532,0.30466619076312607,0.4870505590885221,0.42468670537963793,0.665843950817573,0.328946801232499,0.419455949617666,0.48855435427556604,0.454000291593621,0.588731816615892,0.437386451592337,0.618059818175973,0.6897420521038841,0.623431071719099,0.32718310675512796,0.42777624720331,0.254323002137166,0.254177502158913,0.419626196234252,0.600097961587106,0.5169277258856749,0.7626842200781441,0.46400092800642895,0.42519743629836104,0.42802837882172706,0.44676072948292606,0.516157029184252,0.334378802228172,0.454395119456364,0.40281461980780103,0.33126777537180496,0.465778310211598,0.346336513726812,0.5646802727415121,0.7573007859058499,0.48263696439959397,0.35106875499556706,0.598230492181897,0.50686564106824,0.4627149504090421,0.388599308989819,0.662893879053288,0.332152045686975,0.5531107026872789,0.48872132283044895,0.690798667261151,0.646671966277255,0.376652136611524,0.430264685974406,0,0,0.71875,F,-0.0762108262108263,26,54,29,52,0,0.71875
0.4345761208345871,0.36915341007343605,0.146283768889108,0.514154019514,0.8131651349209,0.613687872648071,0.5373701801010821,0.472335189158907,0.5766810777824499,0.440089260030044,0.3492478995088171,0.3803390096315011,0.572422798419191,0.585900098050676,0.626006810087536,0.422776497284444,0.7456572626658091,0.36241079668780896,0.703092946027489,0.346423914183335,0.609901805589178,0.5547999889074929,0.616798210199561,0.51700325306119,0.510562645641231,0.5833403808376179,0.6237789325131871,0.322341055782414,0.34509429428711497,0.7497898950623371,0.270179821950286,0.109365736193841,0.669946971524922,0.4793331355460471,0.8144550358702141,0.470936545952868,0.500363001837179,0.4984409405159099,0.31310324609561896,0.589897664835741,0.199916215826825,0.385611782018266,0.5269005645805539,0.465821572778594,0.537990717463057,0.5350603119877829,0.593965353711667,0.593766356406311,0.6434027317328871,0.209614617615913,1,1,0.71875,F,-0.0667832167832168,27,55,29,52,0,0.71875
0.492701488689937,0.423682499913018,0.425240063293655,0.8458834302450771,0.472190461975241,0.6834125724800829,0.260971210454137,0.996978113408595,0.502972598431503,0.39295851641776397,0.522809543830357,0.31078031566083003,0.6137182349790731,0.718717934411082,0.6208392502187591,0.498649961056616,0.518834519893414,0.30642230110855295,0.558642168421154,0.509427795832556,0.773439541384626,0.4706375193133371,0.523680062314322,0.52087428660584,0.746332974948933,0.6750058106858,0.528889831647271,0.348665853289302,0.8154412777883199,0.59012120560477,0.6971700198046321,0.5395937528486551,0.5063075579718029,0.356420901357183,0.393983326064127,0.50319691236228,0.39563334281188794,0.4958859794698471,0.265046444972899,0.39045404342020207,0.40506754005102796,0.11388721907021002,0.667875961455104,0.227394693938769,0.7278844368180971,0.410237329729791,0.349096603325765,0.562621505245043,0.46335811252047293,0.39225055280823107,0,0,0.71875,F,-0.0562607204116638,27,55,29,53,0,0.71875
0.4035552409634411,0.3954793244992921,0.5696822531762221,0.572130384850886,0.447664281727356,0.6215873897972529,0.4227306690846939,0.309801080827767,0.7052260490923491,0.376364882764386,0.6347807620443361,0.25941563321957606,0.3729357105735,0.7967364817727179,0.792248561437072,0.533565306755857,0.333470175897955,0.279259810168621,0.5027928356296301,0.43217618493290705,0.487110521969117,0.547895827672484,0.5227391423736331,0.450005479242892,0.41831435652772203,0.450540238560974,0.5041806692044419,0.5434819000162829,0.494929266929523,0.512750011419527,0.152437111317252,0.5160628504377249,0.384274620578652,0.211609121130223,0.675026347026034,0.326043077407757,0.5460854245204779,0.538420048266695,0.234495255352945,0.424717630948428,0.32110912910320694,0.530133845688722,0.34574403509026097,0.498896864462635,0.5447635413237291,0.45423616717742205,0.647455241440569,0.366626714386252,0.6709793753187421,0.35203731914984293,0,0,0.71875,F,-0.0461279461279462,27,55,29,54,0,0.71875
0.63674711756747,0.270581095159026,0.6928799143612211,0.496071491898733,0.555839078765215,0.759903122414812,0.5484453889926321,0.518030186339661,0.31001586064929,0.570157149103704,0.424131756837428,0.5289596826210949,0.541535538165964,0.687091561154889,0.650790103296342,0.247423352102557,0.437770507604724,0.36308652528115704,0.44188328116925896,0.461670145846329,0.3588898391509,0.42923378941444107,0.520273707281065,0.437452366146826,0.575043794947092,0.6100115764888161,0.50557823378332,0.452133734009872,0.506949782883939,0.331924233617156,0.216779765686693,0.5457674431283089,0.43769053904490596,0.560353924766004,0.5468706429824629,0.626307109720095,0.6106939443894029,0.38183754932131203,0.40039474901267497,0.5724455225395151,0.44015314846978704,0.528017941109016,0.559653388868453,0.5896076837686459,0.553618337009212,0.711505171072566,0.454485729875808,0.400073337341801,0.316554025541141,0.596027645739436,0,1,0.71875,F,-0.0545454545454545,27,55,30,55,0,0.71875
0.45306512203568294,0.327944517616511,0.5180134124803889,0.40159872320031503,0.5884187891982321,0.588642586616708,0.542312142757023,0.64003085471325,0.5172084329816239,0.5451925523532539,0.482296391934383,0.43805727395334204,0.633582303312764,0.634031986934167,0.555166241514031,0.39719370956693606,0.327862299967072,0.477528327652301,0.3534604009310321,0.415733777662457,0.380978519846531,0.420160147582096,0.47857842777908705,0.264988095615197,0.6196738516997429,0.399411787688289,0.763060054209345,0.5881037026155971,0.236828952482228,0.522062165103243,0.19252290083191498,0.5194695079912001,0.38705576956726595,0.598487123161002,0.21363339830201303,0.32319926511065805,0.40393632434338705,0.45697451526746,0.575046088584955,0.897072486032328,0.508442107199648,0.48635271042864003,0.378951319336985,0.48745241517397203,0.864402505483777,0.777660458100761,0.5025633209260539,0.6390294124609829,0.5688255189870579,0.5459084972102679,0,1,0.71875,F,-0.0626623376623377,27,55,31,56,0,0.71875
0.7269445607393271,0.207089642663913,0.420512780232189,0.274473506033383,0.8282412323571371,0.5388059438027929,0.54620205981932,0.6495257438723699,0.5633361956061961,0.507689225285705,0.5057090925710139,0.33442132139534997,0.544667429865152,0.8180990222871171,0.690041418855711,0.7767682184381071,0.184060455321817,0.532944527324188,0.664904409647464,0.484270601230927,0.291432152547758,0.8356765307420251,0.367113593637409,0.21786792991742499,0.520706084602701,0.658072531178987,0.422192184544078,0.337996893393908,0.25172006757584403,0.374604213971944,0.6100189708913679,0.39016686430789294,0.5519569495528511,0.46051963955041403,0.316428348418304,0.44467182849515996,0.650663159980164,0.634986504637875,0.6822162900641701,0.492726718317204,0.482724414344674,0.518290611973592,0.468716036078427,0.46952052499962005,0.480096876387923,0.377132326911555,0.642727367930004,0.31480547104813394,0.22863179822360397,0.731741504609462,0,0,0.71875,F,-0.0529505582137161,27,55,31,57,0,0.71875
0.7534807936041279,0.354398232514622,0.281334433914438,0.602708773638536,0.471203405248646,0.631850808054599,0.400226244246075,0.27798211846706,0.4180262608091721,0.531284801211028,0.48983213649544394,0.353955382719892,0.4340052754585129,0.666446832598549,0.6473164404203879,0.34991090700115696,0.583511933182589,0.39902840785731003,0.221640141941072,0.6275160551205881,0.42651322436608,0.577626098927199,0.580475660743747,0.485217845200257,0.47200272819060296,0.7631308259659101,0.322531117295226,0.545292587451606,0.5800274237065811,0.5074029859334349,0.190312310920871,0.5808105249282671,0.867356226764883,0.6001405454819139,0.23214877462738603,0.513881351455215,0.668660706018668,0.22462516160717397,0.5395579691449239,0.8718564553005551,0.665880406886661,0.6843396107897621,0.16151107079560598,0.5465920475311821,0.48000205548407204,0.8296140854085601,0.5695578976810021,0.401274845972575,0.341689180328248,0.41130191065162397,0,0,0.71875,F,-0.0435736677115987,27,55,31,58,0,0.71875
0.48950324876863704,0.335737806210007,0.34317153369371695,0.529527745342288,0.5931003722446829,0.5510708511868659,0.621545825130851,0.5290250018995031,0.734517638925104,0.580595787783636,0.4942056353772629,0.440057086687275,0.574338152347588,0.599701203934535,0.7253015847016101,0.434793505163613,0.0846024537310141,0.42753954215206896,0.4682368724822801,0.47635659920119605,0.6816520224824101,0.436424094360052,0.5494400377988571,0.519247700128863,0.365526872024502,0.239918906887599,0.40114139161082296,0.559342965494103,0.414443351649025,0.444213311252231,0.60622928547204,0.338329554775161,0.475078200783178,0.391107471336426,0.520359083522599,0.463901148579918,0.7112390214944759,0.6187942666786871,0.6464490845443389,0.60538520559716,0.501965135307417,0.108053807167107,0.21913095163181898,0.24622576520741002,0.548002007929139,0.647243116968095,0.5943216749588439,0.653653780964879,0.40757884901171104,0.526437627916101,0,0,0.71875,F,-0.0345146379044685,27,55,31,59,0,0.71875
0.6869275301196981,0.36021536062506293,0.596246211354542,0.597465295333042,0.35737974864674,0.6318105607718421,0.870713819562678,0.45607481652055604,0.672505435111313,0.46613659530074397,0.358414221001145,0.495386193617926,0.29241344578005896,0.48617666686337,0.579440720109421,0.39875378474735296,0.602347238188196,0.571937085037981,0.5472218973379089,0.679928518937908,0.30627814292745803,0.43529675585675104,0.34088979617182,0.310537704638573,0.6626392566868511,0.535313300425605,0.314278878307032,0.323271830607724,0.37240753360666,0.6152777851779959,0.604596338898778,0.505221209073934,0.354307683229281,0.548882311057369,0.8813806521043621,0.399871866758601,0.563972196494374,0.520318707504267,0.321971642196185,0.571636502291359,0.6359432338541899,0.5887848503637181,0.56997040287139,0.43372959382961795,0.28362719837038,0.537126199318685,0.5059200209757471,0.7204019179646601,0.639556382495699,0.592635754022117,0,1,0.71875,F,-0.0424242424242424,27,55,32,60,0,0.71875
0.36598333059783006,0.197923641012909,0.409471202471367,0.40131009083792607,0.717440025025519,0.6958600614249828,0.49351825489408097,0.697285802219683,0.36978247982083096,0.421331265240145,0.7257964162147951,0.471971626376123,0.68872954870238,0.496383087834254,0.7772085222370881,0.65337049814029,0.8612159388490429,0.450560669345452,0.310281649179138,0.41721722709904296,0.45037238817005,0.46115945048478796,0.340729391110323,0.620288696170968,0.427367448862356,0.532257550151642,0.37956804184555704,0.515409711420271,0.726965470771989,0.517208478273183,0.49550041067369,0.617246661952943,0.0469225407862762,0.453987153207154,0.745449532676042,0.31418189600772495,0.7598249663537191,0.291619298865976,0.458289022997924,0.735911151047051,0.6865471797327021,0.38124973369903004,0.48570073110900897,0.351183824473558,0.549085041481979,0.524238331340042,0.35032486703952903,0.563285381748455,0.639599228140189,0.582276378367284,0,1,0.71875,F,-0.0500745156482862,27,55,33,61,0,0.71875
0.6593212066180191,0.34288308197863504,0.328853752911948,0.32948637329452896,0.537315804486042,0.7220431543998641,0.3392679550617199,0.6914266031452111,0.448998328381209,0.367777263503135,0.476901774166713,0.170176924164137,0.512003612932967,0.750367465628362,0.579570930247041,0.520128646347233,0.33855157899445104,0.31259534793659305,0.679500200893241,0.463505010713219,0.495750017079784,0.404535508367858,0.372762109422639,0.41941588915114797,0.5383794879746829,0.4325647068031671,0.508219055434234,0.437963237547646,0.436534282134963,0.427781004381156,0.303239755302381,0.633241231649574,0.6565876857117221,0.48327778903265795,0.48532973110128796,0.655924743725959,0.5561897374930339,0.489306138604591,0.4434675162464,0.419612281705551,0.359882125749598,0.310229722742881,0.46432199604189,0.18285357304211702,0.29060396883085304,0.586198912599302,0.375247012208952,0.3903346666389821,0.47625642160846204,0.5494249593830901,0,1,0.71875,F,-0.0574780058651026,27,55,34,62,0,0.71875
0.5580880853515451,0.40992321412319,0.557946292008524,0.51583676938491,0.550362262528105,0.5466067439319849,0.315224284003229,0.484968571795144,0.520734029497907,0.537470661844597,0.5797885269116421,0.34314043600364097,0.5271580230553,0.582715214639504,0.654304945596468,0.395207384846341,0.499016955893486,0.5296948100610099,0.624589841461165,0.36694888758856103,0.38978082378090595,0.47943488878477203,0.433243689711874,0.6203190443422131,0.595991295476402,0.47868335620025204,0.42197427420659706,0.39166684438715504,0.41212818842269505,0.441971194704815,0.587310094838453,0.343364205697532,0.472706474745052,0.21765722057128797,0.44953189094771795,0.46326098764153995,0.5650374169963039,0.370941148211699,0.6911859030812929,0.453228674641582,0.37252612189679796,0.30124100327014897,0.756149637975003,0.5288908494905801,0.6315521034293691,0.5032455584111939,0.572147721204663,0.423278994500057,0.430583547867342,0.184341958125337,0,1,0.71875,F,-0.0646464646464647,27,55,35,63,0,0.71875
0.43202740113724997,0.36412696800346295,0.263722141511051,0.532898915605095,0.6861327055048672,0.590524003247879,0.218880127540203,0.4241322917362171,0.732993569392693,0.47919123888591,0.493617839499127,0.34484703091176694,0.239016463356192,0.427397765286734,0.5714955279996881,0.42699636126990503,0.441987473349789,0.533488745082383,0.474631331665605,0.458823887972484,0.593214907751142,0.5498555743227629,0.44727030991486294,0.24428109241635998,0.5319027739864071,0.8865720214116691,0.4805133496963929,0.46214598944771795,0.408763514558609,0.538444055525813,0.45568797752160206,0.276859065804862,0.657799470626245,0.605420024168883,0.634454184334675,0.5411565483383429,0.477776962932709,0.667076843562194,0.496697615442873,0.5760174337518951,0.40898451326158003,0.48204453340212705,0.48826623764244603,0.570819436680214,0.29261315232502805,0.527270809451511,0.470231751974165,0.6778210592301249,0.39692344716772104,0.773789969758533,0,0,0.71875,F,-0.0559659090909091,27,55,35,64,0,0.71875
0.43106604314389796,0.471943583294883,0.5142299374138479,0.39245992231573107,0.680405410806186,0.46832661923911295,0.498790795595449,0.47052525000261797,0.46284029689201794,0.397511396310427,0.48289969377161207,0.369989676617978,0.21146508771563602,0.321852462250948,0.7229025492892641,0.400118729271243,0.198534652183588,0.37943105672076893,0.325716482640406,0.7524042432046869,0.41953353123592896,0.46853852251561,0.47590857494384403,0.486490522667405,0.710629571936633,0.6572893954161079,0.412038003557063,0.44534746361644895,0.37435212478697205,0.46939753557284497,0.6189558851574289,0.540341147525098,0.539418074593225,0.5704398087442231,0.533338008342356,0.5064267096237539,0.601005645816898,0.620788413175027,0.402639672899485,0.711507591605116,0.494233621562519,0.411840629525491,0.6518580635044029,0.37623698274758005,0.41341295626442404,0.28414945640282696,0.36465196565015295,0.585159970974367,0.263026034571828,0.171012644974226,0,1,0.697674418604651,F,-0.062937062937063,27,55,36,65,0,0.697674418604651
0.290541252201818,0.53007577243505,0.24616514951391,0.469219868975484,0.659390139001994,0.468762115338439,0.44962328942209207,0.6694517402780731,0.40750556525320003,0.29151430919108695,0.6236724457565911,0.441464588452836,0.6492529425748249,0.677268840847892,0.5812437202542929,0.43697212101884203,0.634519440861177,0.31472559092946,0.5185194766462871,0.45196423967946,0.46825194368581896,0.570907249726721,0.618653232348661,0.42469642451904704,0.3007144367449461,0.422267073005194,0.586264188993425,0.594915567778975,0.506368247026892,0.505211827786115,0.6326518539066519,0.313458678958769,0.48268116285472495,0.567658545852322,0.6002660226760539,0.31123344591109303,0.5890176405980619,0.322336037457913,0.5848712896505239,0.598414467407856,0.6421963707902281,0.432418423537691,0.607544025432898,0.30730061183553803,0.563079085879962,0.159830208063781,0.637652673184429,0.412222971737484,0.518801966849782,0.486875545897674,0,1,0.697674418604651,F,-0.0696969696969696,27,55,37,66,0,0.697674418604651
0.507741458063904,0.716679121505591,0.551052033281474,0.602939118617386,0.7418588686752379,0.8350131164950719,0.5082426021584919,0.387481351824145,0.8826538995715401,0.48715932978188703,0.51397923773314,0.141232477223219,0.5360169153401749,0.539402362016809,0.7595269583312091,0.434174517883517,0.4359317399575,0.503379827595165,0.645745084158843,0.45088988956499504,0.36751901110145896,0.47239899238528704,0.48939561575189894,0.548310185195241,0.550142520067992,0.464916652083622,0.7353550244127941,0.512666610873985,0.40612579628635703,0.5981727309424809,0.373048963115307,0.7075738522489878,0.437811651603275,0.6388146620473161,0.373841345595826,0.5400354759708,0.417286935849719,0.324695965854114,0.681485315670939,0.30295674792961796,0.547108944680859,0.289234439756031,0.501284623318825,0.5690229818386421,0.457026970233349,0.17032686455184304,0.305311418310794,0.635576102926979,0.49733017904461496,0.0983271430591517,1,1,0.697674418604651,F,-0.0606060606060606,28,56,37,66,0,0.697674418604651
0.400394933034185,0.437059479693854,0.47502459614541204,0.7291131640990941,0.566095818626957,0.60870257971749,0.46862740552702703,0.738548000215417,0.609736842241019,0.35569013152591494,0.42828067712262896,0.478214785922835,0.314198736902613,0.6964347685032121,0.542430939820566,0.686829828443429,0.142691679720056,0.566111775157121,0.49331489434331,0.5722374997829399,0.388208834029743,0.379958988141931,0.665962065436382,0.40824220364922204,0.356889569440351,0.515184757286782,0.38315056328319697,0.34750334305521696,0.545482725403051,0.747296258808244,0.5359172559045811,0.498968814062261,0.508436864622956,0.581499094492482,0.534048467656912,0.334017651113128,0.42400436368291794,0.6247986023108101,0.5781503525767869,0.3410945999978211,0.6050698181424771,0.378398703044725,0.736499058790207,0.455371548914701,0.47222877174838596,0.263687073819822,0.303215215259348,0.36548362499994,0.633537221694175,0.45094242317057104,0,0,0.697674418604651,F,-0.0522388059701493,28,56,37,67,0,0.697674418604651
0.471566591965806,0.42262456152089095,0.23739281352535002,0.39224477754308296,0.593264250583672,0.45036169465136794,0.6296154549311739,0.39627410072129293,0.362330821767741,0.540837155222187,0.778831997918719,0.585350163639774,0.5409868314848499,0.631947244556074,0.659286193912649,0.435425724163492,0.29226656666015505,0.5420650846667701,0.71475343373998,0.49053357454546004,0.41780708763189894,0.484279265436195,0.547490982046541,0.39516348782386795,0.135063748654265,0.55985926975134,0.47133323724267495,0.4452585521962629,0.6054595084970561,0.626907435549013,0.41430557450012495,0.6312563740312939,0.5820413209898871,0.641925233175115,0.6645092137077739,0.478430298303875,0.360501577160075,0.518735493734249,0.6733609745910029,0.48200449410158097,0.602920291052413,0.321388194246438,0.42083641891835705,0.461864025502529,0.358519390743666,0.255996575972721,0.364173910164366,0.7244367352357041,0.7053380828570931,0.480311238834616,0,1,0.697674418604651,F,-0.0588235294117647,28,56,38,68,0,0.697674418604651
0.717881431663264,0.290054001346925,0.369713887672085,0.577366292635665,0.6264149398914921,0.437391911991214,0.42546457195118204,0.32809948572937897,0.7319899713727701,0.532424212027021,0.35413191202961897,0.763209333129364,0.5035823125856911,0.6942237429931529,0.6818753058372629,0.43233518046563,0.40447651316349,0.41725987550283095,0.548389711258646,0.485040293404075,0.499420673323899,0.290308305023583,0.48050977323632105,0.53198221278486,0.425338232440692,0.47465724511324503,0.438369305994488,0.556935067465694,0.307551391254419,0.330021464195673,0.340545458620592,0.606326666994744,0.34441543254633195,0.222958206290719,0.554989025094305,0.49187770832042405,0.488609833752567,0.0743295795384246,0.527039901879091,0.5767811433609671,0.434226291909729,0.495373096310169,0.384239120841448,0.260864194287397,0.5467463657120971,0.279773240866053,0.45743296800779404,0.496877891135976,0.435864348896698,0.7375578775673969,0,1,0.697674418604651,F,-0.0652173913043478,28,56,39,69,0,0.697674418604651
0.592452119698078,0.483369081349257,0.671136112012188,0.395742809298662,0.5787080972916221,0.724761123425455,0.536178265923886,0.28642052131091306,0.5580580947670071,0.36645501975891703,0.351518221066299,0.6393377634232359,0.4551540948791721,0.29859745961497697,0.9492514539769742,0.49417313627144205,0.45460023080265,0.45769616166296506,0.8412092147668829,0.528894120127697,0.395133358513865,0.48984569542867795,0.391118657830439,0.41221528658176104,0.33135668293261,0.620519639302525,0.37291186342539506,0.27370541021956,0.507820961489758,0.480433392807457,0.403815367023006,0.381108859869415,0.452461578555145,0.669357969887464,0.547384954970915,0.543268686275375,0.6479032688804929,0.452320015058468,0.557894000073916,0.618917988877695,0.36771237962558095,0.619476254814316,0.62730138194527,0.47720393277447404,0.6394375885102309,0.259575423677007,0.6987034685969951,0.220802835383156,0.43707226222391904,0.811541442138976,1,1,0.697674418604651,F,-0.0564454614797864,29,57,39,69,0,0.697674418604651
0.116400940942407,0.727540036408218,0.393046674964526,0.42103687573609294,0.438083447538914,0.583219528287905,0.553941086807306,0.4986245665859871,0.39733665399745205,0.6958132198992529,0.633770078634489,0.48128236202121205,0.530384814032008,0.47896607089543797,0.5894014208321421,0.460947978849406,0.6861642442638691,0.31057151052494203,0.399691470517546,0.5590367598477091,0.5354459315758611,0.528574380253433,0.266746537696901,0.45759121556978294,0.514173544119013,0.541198762508893,0.6381477033802779,0.43069976068211496,0.30088698022079496,0.5651253219561441,0.6797945847331861,0.34579523829154,0.704920024835103,0.47164492503415706,0.53495678474687,0.46777008072178794,0.509377382281618,0.443548765426244,0.6855233580811719,0.716062670590333,0.528876328119455,0.18797562307604399,0.27475078241893003,0.639377527690655,0.6824271961973771,0.23652142280519395,0.497859323741084,0.478777366536407,0.33627220718545003,0.704873469047938,0,1,0.697674418604651,F,-0.06265664160401001,29,57,40,70,0,0.697674418604651
0.5541459244611538,0.551286099624048,0.184327917583614,0.346262394313294,0.6246670853513531,0.456080789286566,0.412457627410963,0.813653525539322,0.477531131738606,0.35922378612744704,0.38163673674125,0.33501149743798103,0.454821665962389,0.38851276829616294,0.6864006056811811,0.813915525063514,0.5557750118639859,0.33701491456862603,0.570503015962558,0.254643957889346,0.299572754546915,0.540458439908012,0.42680491857839004,0.45544100039970503,0.5565642078808821,0.786951256767779,0.352085488754406,0.410160734790048,0.623483003495734,0.642325963167423,0.463983546374341,0.39365888593224896,0.500814118054806,0.840824279561888,0.41933930316537893,0.29595289224737203,0.47151093660924603,0.288518202408502,0.688937038876694,0.57805193427626,0.475434520205515,0.591431368656324,0.513331577781196,0.371592803920736,0.525716121366502,0.310102545539714,0.6513902681860569,0.400927171563216,0.34459479585939506,0.26316183168472895,0,0,0.697674418604651,F,-0.0546083518655794,29,57,40,71,0,0.697674418604651
0.36663573885608597,0.7109800559328661,0.267254688704335,0.30807354434898604,0.835212174456405,0.5650549797248571,0.593364646633182,0.452089431975931,0.491755120142997,0.5285742338020271,0.596279535189384,0.558521576805461,0.6888398951294049,0.399953906485351,0.6773275169277839,0.37372769593188704,0.390875071035733,0.555409160308052,0.7205936690147741,0.48639185331504203,0.302060862617776,0.295770298722509,0.343642993492325,0.331591982275215,0.41199416582099796,0.4368798963979699,0.539553827791171,0.57285650318724,0.40230742554351,0.211784834008936,0.46046966347368606,0.433402711748674,0.37430549553678005,0.5561233197059859,0.559810516365544,0.456943542207226,0.33360456936619504,0.5113623393719551,0.6132928954818089,0.12638178634459,0.39289239851517604,0.631902242767292,0.49994387266764595,0.445887869120221,0.40747596042085105,0.22476229524735503,0.30111198477247997,0.653010043066185,0.467210844149851,0.13051745702894402,0,1,0.697674418604651,F,-0.06067251461988299,29,57,41,72,0,0.697674418604651
0.6122292769272449,0.530087217331341,0.359464613841201,0.6011901620860021,0.530480987303621,0.517753790676731,0.52908784602162,0.682752954556711,0.47822154263027505,0.90243740723684,0.47668975600315205,0.522738341809773,0.2212129035822,0.47748166110248996,0.5932908777604521,0.420456905418289,0.5713726627568511,0.66649144656147,0.24953049986969397,0.18822684690519198,0.49833187291031206,0.506808276888153,0.7173136120030601,0.6954643724463211,0.5465655677190361,0.5371309020517929,0.490414520299234,0.4663888375073571,0.522172900063072,0.544861175168541,0.7056995158789959,0.40560812386207795,0.446630994239101,0.591804539616855,0.290396137476034,0.7398463566091341,0.481072804377805,0.533144783114578,0.410197902177794,0.491307244945552,0.4863707841556629,0.316588123112745,0.690645138270214,0.536588461892933,0.597663720548307,0.292674772138036,0.486868555154608,0.6837540702576851,0.630342428213475,0.44746519600853396,1,1,0.697674418604651,F,-0.0522030651340996,30,58,41,72,0,0.697674418604651
0.595264527985939,0.8754881470549059,0.39934732779869,0.6085991602151251,0.606689305669817,0.5695148142715699,0.40474024101090705,0.72546089938373,0.455451331805095,0.640614550328983,0.6141842984181091,0.68981658977376,0.434032508723085,0.607751735764484,0.565593451288485,0.31631596273850204,0.551560573097271,0.35524974995965897,0.699311578603241,0.54393905398787,0.36732855610374704,0.537142874898658,0.662937593122068,0.44439336512841604,0.5461540954046981,0.6164881887113771,0.620599486469938,0.353495459526772,0.298626495802573,0.49667976983811496,0.529190229646171,0.589752914497221,0.5687815097184871,0.30745070740763697,0.558930514710644,0.424874004646811,0.692010314250318,0.6038514538201569,0.48490563336936293,0.631145799790946,0.45847881265252205,0.45393240159346604,0.377434361625025,0.544677359235224,0.271352757292513,0.28580494047301797,0.21608679104248102,0.646348794549587,0.610214440319428,0.397840202952235,0,0,0.697674418604651,F,-0.0444024563060935,30,58,41,73,0,0.697674418604651
0.718495019344853,0.544214156476563,0.7047286993939051,0.85728395075821,0.585037466435036,0.470716267280967,0.55176085198567,0.514454280997948,0.565806074284027,0.347684051987902,0.402421968481008,0.482941244693429,0.47926580468019503,0.422767914859822,0.609040265169909,0.45370357102800196,0.621153653704168,0.5083635323902729,0.6325797763424019,0.38669426240487703,0.227583326131958,0.341756423423625,0.22401006996654899,0.565711612289859,0.552474957493676,0.442617865258534,0.481025141741319,0.362429876613045,0.652585073195218,0.443273247867596,0.4287158233670089,0.498780159878049,0.332044679038511,0.43083630617295504,0.369974903214219,0.397499629036542,0.26987910205036997,0.549025801961883,0.433577038361823,0.65151254877021,0.253055125832418,0.460023500609807,0.1245577909719,0.593993788461823,0.465317868739841,0.25693433051514203,0.710351656729497,0.167992665934764,0.56488221616566,0.349683872069575,1,0,0.697674418604651,F,-0.053169259345252004,30,59,41,73,0,0.697674418604651
0.43767892942107106,0.287524428188003,0.5649883449534361,0.464645973837617,0.673655746030475,0.508640882906746,0.33764071923324296,0.38019778520064795,0.6055741972328571,0.6951740479912191,0.589189817517266,0.4702449677984051,0.35705047837534204,0.451541142320338,0.584297959038227,0.26169168041689,0.36121783497561405,0.29946389618472996,0.30425611250276896,0.324265022879768,0.38113348776385797,0.230376345293961,0.55088426820607,0.7515099587321691,0.34988213086756603,0.388637773393303,0.552112290550174,0.42116826607818,0.082489216109009,0.486738521105586,0.5725351982869179,0.7170416998710569,0.0417659257872548,0.5753679503032291,0.30964795137226897,0.451347491202861,0.597056176347588,0.484385360936036,0.378243086777474,0.708551561894405,0.6434496508848799,0.657981531639475,0.544525690393986,0.509734378917711,0.505405030136828,0.214181184885349,0.447958227576859,0.489078161222937,0.525179830130339,0.19951454069641397,1,1,0.697674418604651,F,-0.0449771689497717,31,60,41,73,0,0.697674418604651
0.639661235385013,0.49934415611592403,0.7486546917115698,0.5738201744405439,0.7121031550832191,0.29481333271308,0.5917451843371401,0.42053066543580303,0.627344346599128,0.600439945852121,0.6757473255265201,0.601158543060727,0.637049578115598,0.610820836419462,0.6751661433107211,0.6203754913410121,0.45677823997071704,0.5897077319270699,0.600154784384027,0.48226918866206603,0.7651532984374309,0.573335841121616,0.684661633639735,0.5682846277175999,0.39575040310710996,0.47063258125593604,0.426913984963731,0.600976319803236,0.46164187002380996,0.183400707828435,0.452952596520581,0.5351840312102101,0.7084519154590309,0.5760177548898421,0.268609074990162,0.454620383310617,0.54180366142077,0.678403282564625,0.335259667825523,0.6418334772876279,0.63891284877274,0.569067315644425,0.35153422038582804,0.46803272065591,0.588804230762404,0.282749841803439,0.43104350872077396,0.217425266526488,0.298465546211521,0.607851773016614,0,1,0.697674418604651,F,-0.0509009009009008,31,60,42,74,0,0.697674418604651
0.407403329048359,0.41837148388143097,0.262221447142667,0.518687778585134,0.501468383397957,0.719139636837793,0.28186816215981503,0.392383817615835,0.5034933280422371,0.612956504856654,0.33615943726331604,0.625791872527169,0.6443690701002039,0.591719583021165,0.87309122732245,0.347668571405515,0.39186909267826603,0.565143519109526,0.627924232234584,0.95031812204262,0.400746174675776,0.582404219764841,0.668668101695975,0.419921748280827,0.6163813244169921,0.34911620456593895,0.370941331855086,0.271261780597501,0.441683638720835,0.555721805816576,0.25337026037474303,0.67278563897779,0.229358715457192,0.489277001175144,0.5587178659854,0.28325019068651597,0.715160929655596,0.69672716807202,0.551259217928069,0.707139643503947,0.49799455212366206,0.415049402753317,0.566387252365835,0.401056885972195,0.659825647460711,0.30388178145342,0.470983322324587,0.45213693638886293,0.48501178529617495,0.45112495865381,1,0,0.697674418604651,F,-0.0593708462560921,31,61,42,74,0,0.697674418604651
0.42088010772335,0.8912136747355729,0.32680109773052696,0.27659389560711,0.5118889358802551,0.49834912971797996,0.617980195813145,0.83372383290033,0.510503295625886,0.304352811326393,0.39696286738931297,0.470231951992867,0.444128614007976,0.232206339037495,0.547555783618086,0.19009977205118897,0.339216672074154,0.366295204645758,0.39225869456642604,0.406726614554364,0.508805760284783,0.49856759696470393,0.49712289605806703,0.5283335790039739,0.278210149909682,0.507172661570677,0.24025208058696101,0.454182197747076,0.43498808647770504,0.45062774952965995,0.44455387439472294,0.142091555876719,0.49483152834231,0.324461573025595,0.48035260670691105,0.620588442871494,0.712637690078178,0.2935202964278,0.44197212220674104,0.6860937963041049,0.336695193721716,0.4995709690112621,0.564213140926959,0.496242967978896,0.416753814108811,0.287267168337271,0.331410613406388,0.521852505128211,0.341274445217352,0.57716248350368,1,0,0.697674418604651,F,-0.0675675675675675,31,62,42,74,0,0.697674418604651
0.524967579803975,0.531056369007879,0.637887802900699,0.47588094442073503,0.899749329233816,0.463388461925824,0.21130516154037302,0.455187345702596,0.422229056654505,0.329672706945473,0.380803911326124,0.561636745000595,0.660536403879141,0.45261682443752105,0.799660598199875,0.768550623492246,0.650177652079781,0.477156173548813,0.558891351288648,0.48079289065330105,0.400416564267882,0.459732734523646,0.5426903527433711,0.5641379786272851,0.368016647728475,0.6990722924345699,0.602259053799814,0.37509583418300896,0.5927363855699251,0.691875887066433,0.38862268983025394,0.509837932268588,0.5653750428897111,0.50411677417914,0.467537878340191,0.41141108369793294,0.365464648412195,0.467416752721121,0.369407070922204,0.377113732146567,0.344771535275212,0.400353159688771,0.7805811617392321,0.644204216833526,0.42619721838591595,0.25891297306975897,0.5253149100955661,0.450109800639944,0.729787787874831,0.4204149818389621,0,1,0.697674418604651,F,-0.0733333333333334,31,62,43,75,0,0.697674418604651
0.628919094648436,0.40362793951719,0.5243673208154821,0.392039096835785,0.64826318521028,0.47154562241269105,0.281732470526666,0.46349791631269605,0.592614933017594,0.6587461596962889,0.50150550377691,0.5913034082589771,0.6225916189607629,0.635200361274275,0.663818601196668,0.6015354960878829,0.393002384426909,0.41933545899160296,0.5846021389846,0.5928324374449139,0.392043497334405,0.358279336909694,0.290071169060731,0.5068727700285071,0.502654741522091,0.540515271958955,0.7154729166752459,0.506988546298759,0.590583659804556,0.7360840027826059,0.341341923226862,0.8809266813164301,0.3872730851297171,0.6731040921056389,0.394495215691066,0.660606376646365,0.444912087995068,0.493923960215431,0.5866322690421409,0.528781518256818,0.4186579209931529,0.3530462796922921,0.278675892722951,0.48277605385928707,0.573185179962782,0.181517500760055,0.42480684881044606,0.68727862363069,0.268344690624137,0.35506021472425,0,0,0.697674418604651,F,-0.0657894736842105,31,62,43,76,0,0.697674418604651
0.6373783797524111,0.368095870869909,0.44973029308003704,0.481433384883441,0.49262288811146704,0.6301066460430501,0.33170679817131604,0.38677316955442803,0.48551131398295394,0.4775972681525639,0.40286597787517103,0.44678071815730996,0.6654666779996221,0.7092303342235179,0.572170875019329,0.6226672911443539,0.539894923240759,0.698355442689745,0.430891136059274,0.41603684025700705,0.535101722409992,0.687620070440072,0.635890990611586,0.5545464269615121,0.3931128255308,0.5068031332612449,0.6882136813951519,0.391007188191251,0.263822446952037,0.456914611784063,0.31771250042015803,0.8198940401494642,0.628953324041575,0.7255780939680241,0.661003320806495,0.465042711230897,0.597869672760198,0.45473834262350604,0.532473567627296,0.6710837749342199,0.377691092623828,0.7404673144223741,0.29580180676204604,0.637763392837264,0.213281645820743,0.173454160055505,0.598072034690607,0.678719359759827,0.599582771924488,0.572062901144355,0,1,0.697674418604651,F,-0.0714285714285714,31,62,44,77,0,0.697674418604651
0.19113611203172104,0.119560881651662,0.37994690501414097,0.264692564858262,0.517514142822145,0.4125043132859871,0.598644836750177,0.763518680917501,0.516035591157144,0.63033445841822,0.654709056842364,0.47644883935873905,0.598696691067456,0.595353203221661,0.9325938910423539,0.24949240414157398,0.680076731356813,0.41116471531610205,0.358093735566761,0.469787289155331,0.208851293773861,0.518741087438777,0.493042139301216,0.38804042020788104,0.593742588068744,0.7258257698046391,0.450451605011661,0.346120522185175,0.492562772589349,0.35014782377024606,0.5462755715783421,0.6093318344513791,0.584146902388894,0.803935141212223,0.6048244627270739,0.462346332067229,0.34585754858700996,0.440309893672842,0.5726247916796801,0.555408959286775,0.49010175504069,0.31264678376302196,0.407898595294604,0.239423123980754,0.36818260451295703,0.30523892796326896,0.394079874009846,0.658731117684924,0.39455971550680297,0.275826969011556,0,0,0.697674418604651,F,-0.0641025641025641,31,62,44,78,0,0.697674418604651
0.452711183555101,0.7141170575952551,0.548173216211995,0.702614907387528,0.49009645285793896,0.504581166502473,0.43048772782857103,0.513086193926197,0.524326357989931,0.447099154159576,0.628349229397897,0.53624592064632,0.693696111759971,0.46798787441120604,0.587905753570869,0.276322587910133,0.605958373689761,0.603112364256587,0.39252799070807204,0.43199460510869003,0.42231025237110204,0.49617840563860705,0.867558483312882,0.512377168811409,0.526651037752945,0.700994849625962,0.340130551460113,0.27699945798972603,0.605933533120566,0.609137131734732,0.312513264097117,0.444590636715606,0.587864092361535,0.290651192454018,0.62808893394926,0.548086514906726,0.609103449428424,0.34170967663338603,0.29401472139057694,0.248195661075082,0.556651749027698,0.504099089826965,0.434485613322413,0.48288068154801006,0.7664013988470479,0.21589335920860198,0.478477020456335,0.23149408948992103,0.476268603696765,0.6385712276932739,0,1,0.697674418604651,F,-0.069620253164557,31,62,45,79,0,0.697674418604651
0.548565794861517,0.424136212754747,0.493179268823774,0.422939802468274,0.527273339511415,0.574111995610717,0.39046911386127503,0.45498176439132304,0.33599091053896596,0.583393132667417,0.34208311142729,0.321962556620917,0.566736390235834,0.6133539231202271,0.555751588641754,0.232865978781829,0.349271606019594,0.559219030989636,0.35918878120769,0.635345418423552,0.37175179764086297,0.52997506583719,0.100305552915164,0.344737067660131,0.391194073241798,0.44856886682874797,0.616520932109628,0.315874741906516,0.5043105274599361,0.695755195254635,0.485799389860688,0.562985817278065,0.5415619554940271,0.593554115164822,0.947220084501919,0.33126932494079603,0.388771290565885,0.482416172383551,0.42568546422362996,0.489014016698336,0.565371910459785,0.311724354578784,0.6109235145939129,0.548733540940009,0.551857079707625,0.27305734175715,0.470520967789961,0.263318279598788,0.6025367519629461,0.49467359117127796,0,0,0.697674418604651,F,-0.0625,31,62,45,80,0,0.697674418604651
0.4582011796947879,0.511905017828316,0.721970219240869,0.6177224342608341,0.563710539929404,0.470811423128324,0.4025783198553661,0.551384062745673,0.588522237386924,0.623636720600708,0.494555771855065,0.714918887301272,0.590479408485572,0.313275465115704,0.6646169124390761,0.6335640907772719,0.7582206792363879,0.191392264719063,0.5527488645075229,0.488029548921725,0.517566864599424,0.27473203929761497,0.40816296604995506,0.328859179729507,0.468955382624875,0.434679935714944,0.531800330025905,0.574374518640457,0.46022481362223605,0.5550693561409711,0.43097915984426605,0.542959210509587,0.40995405633545795,0.23548758361338,0.5965258828513089,0.24973299486431197,0.43280929577477395,0.534087993961181,0.343734390171619,0.6109238306872371,0.681272358422112,0.681541086327363,0.714521395009184,0.5550607361900911,0.532822147930126,0.139420280179575,0.287548351291748,0.584793886727681,0.136743652458748,0.60091479877333,0,0,0.697674418604651,F,-0.0555555555555556,31,62,45,81,0,0.697674418604651
0.447627676238951,0.506399933178002,0.38559444541675003,0.707300621419427,0.41846965608484,0.504641397315541,0.22861224778889302,0.366317184019818,0.6021791359735821,0.4470304910907771,0.639872430884729,0.44991735942711597,0.622863446722709,0.65019174161911,0.5477756704265689,0.462253723029363,0.21522068136935898,0.532296208330991,0.43680618536816607,0.282860141948548,0.127797295836119,0.4358044888183089,0.5744917667967161,0.242684516450418,0.57284810666328,0.49738397279873603,0.11467407456010699,0.43134520824687506,0.493060552975082,0.170822564746411,0.476548812280911,0.49271161963223203,0.387748888947247,0.6289313408319671,0.44152435825977504,0.551845736483882,0.578949010620025,0.36752645547278395,0.6172143798896801,0.299845593620091,0.398779624310629,0.382942099167298,0.6307493757592371,0.538133100786371,0.453845304805342,0.109533504034987,0.570806687382593,0.708737256649121,0.559556314084408,0.38280698572443395,0,0,0.697674418604651,F,-0.0487804878048781,31,62,45,82,0,0.697674418604651
0.328492094530264,0.504602361790359,0.50085827873397,0.513031342606775,0.607600375580755,0.491300379083068,0.592399048453786,0.8714520979150879,0.8558680418245259,0.554665788677719,0.475777284110568,0.5971172506777851,0.6999110007444179,0.333959894052776,0.458335860784228,0.471651986348495,0.126845745067711,0.323606791687992,0.596415484351298,0.419402736272794,0.243458025684561,0.529662892549151,0.561377117846554,0.34868239514635996,0.704038845400395,0.702082836392374,0.23941396303521498,0.38905754703591794,0.485392485262824,0.828697141582374,0.20399081212754896,0.7206576523907009,0.7661305160354871,0.4763150564944071,0.558276594466943,0.72854485924878,0.47388155608953797,0.5509843393910121,0.40753460259154795,0.4329302102834629,0.32313641112013297,0.311203907812013,0.46311680213690204,0.8098232589612819,0.9377289043742121,0.684977967912239,0.584260079180147,0.5451610053128509,0.617825599112271,0.434717315245826,0,1,0.6875,F,-0.0542168674698795,31,62,46,83,0,0.6875
0.7173642942519909,0.44705530760533796,0.44796559718143397,0.531938591955306,0.626169809575267,0.5018418392719629,0.40523240873123495,0.485297622944851,0.745314587388521,0.531809244700181,0.531537959616907,0.45628664431563104,0.67474778523439,0.363216736791991,0.36814869575304604,0.574285951950467,0.496476526785001,0.49006252335944606,0.648112159182208,0.29472429662989397,0.518894135729834,0.512431826769362,0.41487042838333504,0.566326481139518,0.34774110325438595,0.656717289637479,0.420983299606536,0.329985490986152,0.482472968886994,0.600976661647453,0.206662408223688,0.19112370151559901,0.244368856710768,0.594736203724184,0.734212778634868,0.46355468747774803,0.596401341013508,0.414296408563891,0.39157199514619606,0.45538851539205105,0.44310613466790505,0.572274664700454,0.819560820729087,0.233910303485762,0.386107964609785,0.351891685173683,0.561175911565839,0.699400770336749,0.293974630144093,0.7483634890687579,0,0,0.6875,F,-0.0476190476190477,31,62,46,84,0,0.6875
0.573658131918026,0.38944058574532503,0.176934943137404,0.35414374808106497,0.36041724783663504,0.575475631620187,0.33641614315146995,0.6239460307484059,0.6145477801794891,0.41894933830326503,0.4351778975389,0.6197336879732149,0.542901099395516,0.45696650159865904,0.427623537464812,0.35738499517622097,0.6167430717725239,0.48098312396005805,0.357582338506596,0.510059653809285,0.40105407196411796,0.684893581519704,0.494640800943683,0.6400527171697099,0.45446083936565707,0.666457620117573,0.38370137181164793,0.48984000941880895,0.39942762480266397,0.42450630612535606,0.38722368645227795,0.460928385386367,0.5691865712153029,0.20390221304436498,0.5382288941912949,0.7124286879243149,0.379078411688455,0.487046282370786,0.419301499502394,0.55551549126401,0.22571194382469698,0.637284819931891,0.377865518714007,0.6848447969932181,0.556585915404139,0.39731476775187896,0.523211183233155,0.37155843844370595,0.6886885333806341,0.286837205164687,0,1,0.6875,F,-0.0529411764705883,31,62,47,85,0,0.6875
0.512550678563786,0.808641699074014,0.6804881567849069,0.3525875921805,0.46189459523353005,0.664666246608447,0.631115132485533,0.655298179413886,0.700342272120011,0.240438319984698,0.588257446433349,0.576259138928541,0.585201818216164,0.33861050402284804,0.47449622786175,0.6610178936816529,0.34604721327932497,0.43374634306236404,0.600221079069772,0.45162787258726,0.25669568786562497,0.516155501970723,0.344155557650138,0.38134075165993697,0.42699041157668205,0.6520168627445949,0.498886410546075,0.509290387879044,0.327822392281393,0.7525298298749301,0.362739969581264,0.675575588292251,0.46289745288489403,0.169214113724864,0.392554724918382,0.41324369978805797,0.618396858731869,0.541422289965516,0.6415080940199,0.5857177477786509,0.438077160505858,0.455098758692151,0.711574715672882,0.223425293230251,0.398738539321471,0.592369738918057,0.44877527593689504,0.6961900503331601,0.656336972170214,0.6915468628106689,1,0,0.6875,F,-0.0608776844070962,31,63,47,85,0,0.6875
0.41176515096396504,0.39449404910622204,0.5850905647824439,0.53327779289804,0.517225196757837,0.7146800023809691,0.34910946840963103,0.643747326493962,0.75924819518299,0.513123778806474,0.836457018659399,0.633472977844264,0.5976240516487049,0.43446958190170293,0.486024625924844,0.5969009097374991,0.446766547987321,0.44492346282748296,0.316299741998331,0.4324657948415411,0.114291615951388,0.609080395556625,0.37656028732955,0.479138319958201,0.580057058033453,0.595384086445651,0.48800763980992296,0.4562155802002151,0.491882108940552,0.48907080691080895,0.205322902009686,0.579706480211344,0.0762086888123395,0.576444778861464,0.647803403227161,0.447029483898676,0.488672909256283,0.526742106795028,0.49939882484926,0.426925791488569,0.48535461020429904,0.351635778704619,0.387638020519908,0.33180048598120304,0.583564236697614,0.657448687992566,0.769308129272093,0.614955339479165,0.693587964131978,0.5515326334190079,1,1,0.6875,F,-0.0529411764705883,32,64,47,85,0,0.6875
0.593168925013401,0.573277026081207,0.688590906755438,0.585932010804036,0.543136201257716,0.607787084632165,0.504531975109552,0.583577781804072,0.438908544132646,0.7392481602613591,0.478671987714561,0.544252039706227,0.418471458001865,0.37484763827752,0.46039538122740903,0.5565467362131851,0.385183012048877,0.4346365455287321,0.373330086032665,0.544286125997114,0.5316717548142039,0.433376165009555,0.635941502684729,0.545973106150603,0.510814052494173,0.677518342952715,0.43902526489631705,0.29895144116510103,0.7925891214818309,0.41351560930935494,0.449611420792412,0.5045620774388161,0.5181117536441501,0.291840667947159,0.46837515623796294,0.4361136747185829,0.4320063877389221,0.45111904197944896,0.7475814492085029,0.8044357629634541,0.542064785295165,0.328742047665128,0.46367058716203496,0.3578922200966261,0.454040887724841,0.7518860493004829,0.619492419300438,0.4044910439165921,0.720331258738158,0.683216375511442,0,1,0.6875,F,-0.0581395348837209,32,64,48,86,0,0.6875
0.6845551798564949,0.603386718788754,0.416824542191435,0.394533354833817,0.681523221839686,0.32996777441947805,0.647182361890618,0.48991445136293205,0.3770531500433011,0.7640362886765141,0.495006996957981,0.489467297550729,0.388162064682083,0.31844157552719204,0.321735714868144,0.460265950861375,0.604378968752438,0.560775257084832,0.45661072212702103,0.514887547440871,0.458563529343194,0.487083955057548,0.670007258979462,0.263368173210254,0.600371849274616,0.615542180558156,0.33220566006355495,0.5006883574798789,0.40443675087831,0.7624116842549069,0.31215583830642796,0.5821187271160411,0.5525582695046739,0.60324528552547,0.550971338210585,0.7263233047500841,0.620828936519912,0.340411889055228,0.6597843271932801,0.517999082646826,0.361260625938798,0.6957718651379499,0.443756386871272,0.43012310230419004,0.687704335887941,0.487203754876474,0.648138208547112,0.376682715220752,0.686619830709787,0.554934070421437,0,1,0.6875,F,-0.0632183908045977,32,64,49,87,0,0.6875
0.293892826799802,0.66015086815137,0.427119891719312,0.392672830984943,0.5662720145315531,0.6058732355864089,0.23670943220124,0.8331700548390971,0.407887605742699,0.345486776345151,0.609223087876905,0.323181581758966,0.5967791082813411,0.40679302392164496,0.34877999634741,0.43957198931454905,0.37765144577320703,0.638099519209018,0.6653136092778629,0.6798933323123559,0.595740593107359,0.47338409213340404,0.7072892085174091,0.380471034223051,0.7292077853871941,0.6063989693139019,0.19273942932323102,0.46979004012535297,0.21394963244434803,0.5040815477121979,0.568241771314275,0.1981295144493,0.504247169543942,0.905876410377135,0.46530506392745,0.384488246320928,0.474529398615591,0.37277209235252096,0.854615275512235,0.600317556962947,0.320947330511493,0.4864136654609171,0.18413915116432,0.456568438245462,0.503809701103858,0.37809509194505103,0.6906711626238621,0.6058655916858411,0.422509791363437,0.366727911542553,0,1,0.6875,F,-0.0681818181818182,32,64,50,88,0,0.6875
0.608323905810609,0.49822214998220204,0.6150470183829461,0.24661333063080199,0.8359682567008199,0.6491889706263809,0.34265926147534104,0.6723854579516322,0.7343141780574008,0.57662124679666,0.7742080316113271,0.617916501200402,0.561000517817672,0.33953030044049004,0.531374778616545,0.345618474324394,0.5677974146897309,0.292966090946822,0.4982639000653979,0.792619079338683,0.546366630456914,0.590112983015199,0.7714454611603471,0.560345059456989,0.6795242186032839,0.24237257184369002,0.59512292838635,0.6627080702314051,0.39360412949759604,0.5600037984468149,0.5654115979052979,0.0670314891085775,0.46327305269390895,0.529270676015956,0.562103692141092,0.49463429674874104,0.48134237578801903,0.5502684942635461,0.402842197250799,0.537574492985879,0.62396022174638,0.60576722624079,0.45645397979920593,0.254460291787182,0.5701698585216011,0.527576677418968,0.472926474048052,0.71040988261921,0.6561632131586701,0.255564020587686,1,1,-0.592592592592593,F,-0.0730337078651685,32,64,51,89,0,0.592592592592593
0.573111657649862,0.768077834019224,0.7552389284894571,0.516767514622451,0.672846810127252,0.388536776204055,0.421114244154762,0.33055606198442605,0.43440660390605607,0.6135874421746801,0.7517952952552991,0.40101756638939096,0.472792290577785,0.379804443605106,0.43996555072739296,0.688064897871567,0.2173625850606,0.539179489221001,0.644374739715822,0.6331195551720329,0.312180934026836,0.41267874479446204,0.26900697653069,0.59272840725058,0.6414472831321071,0.130310605568569,0.518389984525115,0.5197660925462679,0.49436350780398103,0.549267408869313,0.40645961722286894,0.46566594630946206,0.38692097817000204,0.383965027385173,0.558155136019999,0.37441865099853205,0.8951108172769129,0.566392349731245,0.528419836342103,0.446050371914548,0.238911347099251,0.32354985415367304,0.651205679703315,0.45325082359423297,0.49270806031658,0.49763688075239004,0.399651643183451,0.25261956076335,0.433470693384758,0.466865249699197,0,0,-0.592592592592593,F,-0.0807260155574762,32,65,51,89,0,0.592592592592593
0.406615337974903,0.466266486303553,0.34094870705020397,0.53563367674228,0.44098164740706397,0.476978580069217,0.541779047482034,0.613970991167244,0.815638744361645,0.419212423176335,0.411967401492702,0.259998266435352,0.3619646903688979,0.662286550263553,0.43571347853244297,0.552417394923124,0.4616897868124621,0.49794758123814503,0.434594011563177,0.605521968400583,0.37900923756692106,0.7190026048992451,0.351253953355859,0.442395325264308,0.7036827711390661,0.455553384738089,0.5890522023593211,0.5273081973660759,0.30402577759366495,0.662638720062084,0.5153306416100081,0.8396113442244829,0.27761884315813695,0.53256747385734,0.556629881313182,0.776619947778994,0.514229557377031,0.20716507196832,0.6030268564701889,0.728605385316716,0.533995147137406,0.471573649208728,0.524923034513705,0.38886398604277606,0.41440984374143197,0.39748078285898997,0.590440616484415,0.501321479102999,0.39694332055602605,0.341968539080789,0,1,-0.592592592592593,F,-0.0730337078651685,33,66,51,89,0,0.592592592592593
0.7626834820691251,0.441366047402759,0.485594510365486,0.552995352699215,0.5100529188705639,0.0962929124514091,0.672311426266021,0.611663258356577,0.656425553354257,0.450342457108135,0.348540114746433,0.44753828363994397,0.412214680564692,0.736272761133807,0.473393535216531,0.254415464995436,0.56352047676755,0.559910548972808,0.654944575427182,0.7868430867871751,0.529596776472671,0.35572212650815505,0.549178149671067,0.540760557036619,0.6434391250151371,0.518032796870913,0.33433530917375603,0.577140559498547,0.345629069030376,0.5499265336189849,0.29479822248485604,0.463894476052962,0.658717690937869,0.6298640621479511,0.6191362909663161,0.510704675709397,0.6285628487884929,0.471301747833525,0.565360554730132,0.352804843499066,0.7115832331507091,0.231388480674399,0.624568353888296,0.5360125783294121,0.53646481177119,0.40757139310376206,0.514659469736332,0.769878271788024,0.8442858418664292,0.46377883000476205,0,0,-0.592592592592593,F,-0.0804963944323327,33,67,51,89,0,0.592592592592593
0.707950178215335,0.4947814416530061,0.5173704578562971,0.49978202969443997,0.57313507219535,0.67549823451755,0.604678646549938,0.36736539139237606,0.433628630426934,0.743875519650757,0.900700265424063,0.34842926195146595,0.563398612236478,0.536913742710367,0.323802400532781,0.587647277091016,0.583878409341714,0.43981853128373294,0.457234213710918,0.324714660307799,0.605414533910153,0.5382915030613521,0.433681491833483,0.45314376285999797,0.617824017759471,0.524424286664621,0.292806220202583,0.6498742736851629,0.574656554743021,0.559147224776805,0.331257012452481,0.48254388248869,0.8095872280617471,0.8445868641685921,0.419431207552514,0.45766106041675897,0.6102787806826221,0.657909443567416,0.41283884423349104,0.380745236631173,0.5719946273465629,0.598461366108509,0.6385667479098411,0.40171332832268,0.414277481906159,0.640780450013978,0.293765752158597,0.508512199949313,0.6948456690552729,0.48183818454490507,1,1,-0.592592592592593,F,-0.0852404643449419,33,67,52,90,0,0.592592592592593
0.34402627448185696,0.471192617447492,0.569737261925268,0.499865336280938,0.38447653738670295,0.565424065606367,0.605198552679871,0.736709775600966,0.258272867026373,0.6086584600349799,0.67779608938952,0.30162851788607203,0.317820623679256,0.506243573048044,0.417846173446933,0.43685970570497995,0.531545461076867,0.505648845161719,0.763781457344864,0.656802815289604,0.588800820421901,0.619963807497322,0.590149886304235,0.48236475681046903,0.582035635066186,0.527219512534802,0.402027680804596,0.32298685378381103,0.355522783555474,0.5850609309017399,0.5394148423641071,0.451422510419417,0.39083897816474,0.23250016586169697,0.5001720808466851,0.5525951825637789,0.16248262759288698,0.547693655285946,0.436131215493182,0.40249980564159005,0.37871113881959995,0.5886312092471371,0.385419261369882,0.7585596151340541,0.307784492884414,0.34253631048239597,0.478305151946563,0.42788642441492797,0.281597617454455,0.36605101168464704,0,0,-0.592592592592593,F,-0.0924836601307189,33,68,52,90,0,0.592592592592593
0.43088792746435606,0.529671573620223,0.6951750440849399,0.501159910943147,0.7052772532599291,0.35453374843990004,0.370916099567002,0.5957873705978161,0.6707004652890921,0.28277709197750606,0.33620563393715097,0.437931618281104,0.4652660532243139,0.49386050651926006,0.416681737622638,0.66272714343508,0.7148245844051891,0.44292075939611,0.34779120241876,0.524104569013562,0.30835680078531,0.572124847902449,0.41166432018024196,0.41323065836266,0.639224740046498,0.555542872155159,0.414991957829502,0.484907535288656,0.426820414026348,0.5558871238574,0.46841423540940097,0.24897132442568104,0.5779318759581321,0.525995173151249,0.42962709830923207,0.3773911484435129,0.520351128831371,0.502408578621231,0.48004045543502294,0.6400989763222571,0.467238045020946,0.348425714934671,0.463653112660523,0.258536507593227,0.460054322135151,0.534128047463291,0.6245066714536209,0.5366080166792889,0.560709108002865,0.5512924102031099,0,1,-0.592592592592593,F,-0.0850241545893719,34,69,52,90,0,0.592592592592593
0.543670923663106,0.5934593476298,0.675014484778049,0.23139820539037897,0.39088181520170706,0.54751899993129,0.372623764020606,0.634464340593412,0.7444548324193759,0.42357523519746104,0.44622129931241,0.44030341586418004,0.608896767428058,0.708258409751739,0.43335976295734,0.654406934023081,0.49390232875367895,0.156781243883416,0.44038029404126006,0.45753485814172,0.489980824357971,0.38372744395714203,0.21688107747787197,0.602773212951181,0.660325018173699,0.474328176230192,0.450919085009333,0.690989748374996,0.45997671774310606,0.39700139310362803,0.30852272646572304,0.837573150135573,0.41042077863540394,0.33350526692871996,0.4503464132422079,0.351965585008151,0.509199560563688,0.504037749167796,0.43677380778208397,0.517690976390777,0.555676537100403,0.6701500530621429,0.69620405314677,0.7468750067611758,0.447788244915458,0.46654144272431897,0.371408612952163,0.38468176982640706,0.798752648248833,0.46506290335494205,1,0,-0.592592592592593,F,-0.0786749482401656,34,69,52,91,0,0.592592592592593
0.589048651210557,0.4073381317225421,0.484716624514956,0.305869434673588,0.506796180312672,0.674483961982844,0.508868456330787,0.5514801837787591,0.636292898833764,0.5087215756058879,0.423685237791536,0.613591098283118,0.316674753886353,0.421772563408289,0.372095374238963,0.39783242370042293,0.602663987054794,0.39140362595288897,0.696171804946236,0.716583706343203,0.413858546578316,0.3651730068980821,0.47459644996561995,0.244024776013224,0.630127397194582,0.44630522595757,0.145465359779364,0.618137066645417,0.305612152323628,0.670143099416959,0.42838809366420294,0.48343894487258005,0.44417861125732,0.7472871308404209,0.530571788558752,0.559222317396967,0.35368908823452294,0.575582836705266,0.579138270053907,0.321322422000582,0.46595889208923896,0.5646070477284479,0.660979746122266,0.585401736510269,0.5036759691761571,0.46869674924863397,0.28760652512654306,0.0987750006257103,0.444186438501341,0.5613810194813,0,0,-0.592592592592593,F,-0.0857142857142857,34,70,52,91,0,0.592592592592593
0.409293150702384,0.675993136298388,0.371082684301415,0.24746741597948,0.39854282734419205,0.68937433802201,0.380035229975203,0.531250833548953,0.559573183334242,0.596766600484617,0.537055835128128,0.5186143634022821,0.0288280381026892,0.440252877703139,0.454568075408527,0.529573685187536,0.22848927253859602,0.41134478353226,0.323071610709853,0.40710362057164506,0.477391667871476,0.6450142973706811,0.452872995995548,0.422452547243577,0.6383695725002329,0.5525165275244561,0.5450134531383211,0.356612588469817,0.55698483202935,0.6561993697666569,0.337999139463538,0.509036369284264,0.40627289618712203,0.48252721429550394,0.578368504384227,0.405807220342326,0.6352174307828199,0.650039322036367,0.6192354914945339,0.4652631063080879,0.28273856949287896,0.6552792669389829,0.637425259635196,0.437773843996561,0.556370871101047,0.575940367666114,0.685472904911935,0.367454739031,0.370076452124371,0.49644728885599504,0,1,-0.592592592592593,F,-0.0784708249496981,35,71,52,91,0,0.592592592592593
0.156093373668272,0.44680900946588703,0.36378629070090995,0.5751721025505849,0.19329738478416603,0.37599341104868106,0.233927287119204,0.52167643759519,0.35253381955848706,0.5305718287639609,0.657799755550799,0.505468890225346,0.546201625927903,0.571364832434487,0.49734103435434707,0.5081390819248289,0.609779377194526,0.454451365611271,0.416705831705145,0.62389597677209,0.41421682676570604,0.24698549926514604,0.541656030195631,0.39425100926244294,0.65071222205722,0.30814373020247,0.511747027088324,0.368583873366773,0.384585671210106,0.5881210576459279,0.548787866819005,0.19964975576931301,0.516377897723571,0.610723092258031,0.382874344611451,0.425876521075906,0.560526163870569,0.521773274895466,0.215175940831355,0.6058180260446441,0.554448746420511,0.40846081409015605,0.676506266025368,0.401349065924383,0.34548648771397905,0.50581246529245,0.254237470716157,0.524304372444425,0.533469924762106,0.55198815531815,0,1,-0.592592592592593,F,-0.0714285714285714,36,72,52,91,0,0.592592592592593
0.691091734595268,0.43491402827422904,0.5387706338264551,0.1797652122398,0.324964379628997,0.7551746038681608,0.681803018597135,0.432772464782719,0.607967810912391,0.526598217559022,0.5994076972897471,0.239330119060267,0.43568257990164705,0.631980040217427,0.30519367663745195,0.504612233673817,0.25291109364296,0.353206276292219,0.487884515913349,0.42859474204092207,0.51211096093671,0.5568033863103261,0.62891346421813,0.489850921417822,0.6173121015270121,0.45236038648296,0.156322079579293,0.667371826024503,0.234794873559346,0.45000821511215294,0.398280961288564,0.470617320232234,0.47679701898090004,0.524894752762576,0.48212640224985204,0.563329377542447,0.6349475110197139,0.31800173108903496,0.6861265636760799,0.424098051709283,0.512614281845037,0.145205780523546,0.577231318371801,0.750424737713863,0.70528331899825,0.555699564189699,0.6295276564041861,0.379244254453585,0.40035410892629497,0.5691610981526141,1,1,-0.592592592592593,F,-0.0760869565217391,36,72,53,92,0,0.592592592592593
0.24026347415778498,0.588857004350746,0.485036173353525,0.450514371400243,0.3093980082873631,0.440770403141028,0.43805023391405606,0.6741129909976059,0.43188039799339206,0.5482394133556351,0.535152141384536,0.45688784405560406,0.48373085358865403,0.9649597676096799,0.455064886201336,0.329136971476185,0.524114651018843,0.351680527899536,0.6008779377542,0.45175744546024704,0.537290613576687,0.5017374279615789,0.575290494787958,0.486010750184113,0.655555520176895,0.487107629421214,0.46575970802467,0.7040872868439241,0.345864281931385,0.4844089445409249,0.487952310686851,0.29229999250807204,0.28636224362303303,0.45707446495407594,0.55132531421322,0.468700510066736,0.36841548949472397,0.470731476429268,0.6226891763733101,0.47692618128004105,0.47659323933746706,0.410270980780617,0.5209805128800711,0.528093537008652,0.7281627904527579,0.6123258588770619,0.16271700054619298,0.7092465109375541,0.136203809004471,0.572936995842527,0,0,-0.592592592592593,F,-0.0829362715902323,36,73,53,92,0,0.592592592592593
0.236887451798604,0.405998684037307,0.70810470114288,0.6849906429564069,0.6775141458284331,0.644906162637536,0.398802278693498,0.6364266699163019,0.440334155542283,0.447456004897687,0.423563735666311,0.581541722826365,0.7709372001817049,0.568081679124634,0.28809046369356706,0.515264852632622,0.6562649812603171,0.37544871699446997,0.71210240615023,0.478161496491984,0.378582645295372,0.18112279825361602,0.5330352253602291,0.47885331059033603,0.536153248791022,0.5955834633211701,0.396566553738252,0.8384480751175291,0.309725791219573,0.32892471155453495,0.589796033216954,0.6349970570996071,0.719007030659332,0.275022184221065,0.40509867067165894,0.39807534018156104,0.643046240652264,0.46891372299049,0.574566692146705,0.575910068429955,0.62229394859881,0.6038678438011539,0.489315475433103,0.583603117076767,0.430709857210447,0.306875543359162,0.48769627312067404,0.563982522286985,0.280788869994407,0.27439291749864103,0,0,0.583333333333333,F,-0.0767417881867728,36,73,53,93,0,0.583333333333333
0.462884843500147,0.4088922632737029,0.54908068595487,0.6872925428998299,0.6527982979553879,0.404070173913328,0.40603815153356604,0.679573596159838,0.647156188599099,0.474212858466469,0.21031298135371104,0.28113757998420397,0.548677754638287,0.670961810649283,0.4337119993170279,0.313084304694869,0.28560617291286106,0.625463766648825,0.6348111216253121,0.645478263526512,0.28593171947195,0.276391485348143,0.516584100918371,0.503730998528215,0.6117509028175171,0.6573095285621391,0.389558226829329,0.6716712007600351,0.507650166223943,0.42841913135166,0.3722835657106379,0.586539290000723,0.567900335561027,0.445158819180557,0.38290525803540504,0.562551173824719,0.193950449454702,0.5233366419359651,0.3519465458596479,0.48273972358351097,0.6572899983438271,0.418918219540058,0.656836338573688,0.602008076568749,0.418754526633133,0.44984610106736495,0.668810078315994,0.325956600339729,0.44719031558909206,0.44206337569534204,0,0,0.583333333333333,F,-0.0706791023025357,36,73,53,94,0,0.583333333333333
0.47430654721636495,0.46073036267353296,0.5267752653886729,0.6106921886210129,0.807749585342448,0.37099347398686106,0.571727422645814,0.5039398132126479,0.6293063558036489,0.5544958229807478,0.30900745993207895,0.724000695682255,0.517805168374453,0.632752473860854,0.50097076054653,0.42023721842225104,0.631367955723994,0.660134471642644,0.8797564106816751,0.6175295267338771,0.30411903465657303,0.47970050761425204,0.279116543823219,0.5531267813245451,0.5404415705969571,0.465158204372904,0.5377623374310421,0.4212923979271129,0.292820352388557,0.37822530155901396,0.406682008918973,0.4237597431740279,0.533628107985042,0.3749053621021671,0.43149813027111894,0.39906350683912,0.4938543357716479,0.415444168531074,0.5121487133036521,0.5315044032072279,0.48181627085511497,0.734120727420149,0.264398857858749,0.6866790266084289,0.6484111471317529,0.546342854506809,0.579160527966204,0.36828670961779,0.659774407378076,0.61969660919353,0,0,0.583333333333333,F,-0.0647440519105984,36,73,53,95,0,0.583333333333333
0.5584522835626391,0.45215971946226,0.7649819909098481,0.628977313480749,0.282951257520764,0.598808481845275,0.518257535943773,0.586697134993836,0.667442686470581,0.298243853218818,0.522110810194892,0.297643664647395,0.588277202780347,0.44476923073916397,0.30840035235453805,0.443110939759044,0.30465507768109,0.34672756231875895,0.45403322478930397,0.6775042022958989,0.37988863578109205,0.500083910266871,0.555901178902708,0.655829933948765,0.25818238426344,0.598765849077625,0.534781231091602,0.332974787941608,0.543991998242828,0.41439107939689,0.531798338172918,0.63980025765994,0.242926087590184,0.601497592495418,0.547390035877325,0.36960441353395096,0.38407078086012497,0.558075947130042,0.472737017162247,0.49520928766922795,0.390957607861782,0.22680159816865303,0.56325327184273,0.29917452394200605,0.422621927057832,0.463878452871293,0.137204997162401,0.45389004234026703,0.588572672333598,0.8098565745452571,0,1,0.583333333333333,F,-0.0693493150684932,36,73,54,96,0,0.583333333333333
0.621066065059889,0.50224776187995,0.299433348707005,0.768310341621408,0.28813852831780395,0.38574111113021003,0.330917658572157,0.48021555729421705,0.7071003845091101,0.22644568845336702,0.5649291137848239,0.318710279354505,0.33796985483796194,0.3608741034575921,0.493283592181645,0.301779317138186,0.398871277283678,0.43405245744000204,0.637355841150863,0.390368660831113,0.348149653240179,0.525230901825841,0.673873363178737,0.5058109762781189,0.326346850996031,0.503225460288906,0.642299148984307,0.432211649107233,0.254926280843452,0.5626565756394929,0.594574071973523,0.594766969592963,0.3713924590511671,0.5413733370027379,0.49013818011216,0.523608099791024,0.31544745946995195,0.629102560798284,0.5279009610815569,0.546682437238656,0.504085070189603,0.271962792293888,0.423990746659965,0.25882240980782,0.646336116423906,0.438706609983764,0.273313805939452,0.6328145372109039,0.454755755500214,0.521091727797163,1,1,0.583333333333333,F,-0.0625,37,74,54,96,0,0.583333333333333
0.34694931352934194,0.431745962445845,0.508286396222743,0.29750820304183195,0.584921165094356,0.808495525381604,0.404593960474535,0.40626212920441096,0.7548744332561909,0.557576173743759,0.49183373283024995,0.539020917750909,0.48868316350792995,0.895939443762894,0.5057727098242871,0.324324496872137,0.32410822134940503,0.47383297607102,0.285348129915423,0.436060930888535,0.5436984437132489,0.35437543645165503,0.46100323449950203,0.522946467781641,0.601706813051792,0.519398734010002,0.488685937593432,0.40516888731544204,0.41111633124224106,0.454416915614255,0.3950262054015689,0.354666409742097,0.694588955819577,0.44889459408155796,0.46526403473219496,0.43955403055213704,0.6255981344061021,0.24632653544350502,0.546817082541537,0.594836829357452,0.5793686873139909,0.42290479050181107,0.170511931150987,0.5784563545442091,0.785417677456904,0.296864198612726,0.280840822040074,0.36112134405838897,0.355120774677353,0.25416856366264,1,1,0.575757575757576,F,-0.0558333333333333,38,75,54,96,0,0.575757575757576
0.5543258808504079,0.421577396797456,0.379802383914887,0.20835750012239102,0.5684920693460551,0.601273177153984,0.48420275041989097,0.48497883380094997,0.845994742749984,0.474378326782178,0.6739385845755339,0.6151531169586939,0.7630581284925791,0.466028638072344,0.234290335954645,0.265963842365532,0.222529714140275,0.364109601734173,0.291287832707211,0.502364317498427,0.361419398065008,0.682412360615385,0.36241786743302,0.6875207460474438,0.32387285890688694,0.6359646386152521,0.6781750934309121,0.5567192857153511,0.463963453161464,0.792793060001033,0.302358877711947,0.459424061815067,0.7077244704566491,0.622268901549592,0.6310294166032641,0.577146232198678,0.5777135301902211,0.319612342365955,0.521951694704876,0.558340426581732,0.41874507304133207,0.45670833321567794,0.6607684468317929,0.549780524838001,0.385437758188003,0.436201540286714,0.33363417382550103,0.553811246767169,0.485877343290734,0.583394661688626,0,1,0.575757575757576,F,-0.0603436426116838,38,75,55,97,0,0.575757575757576
0.426409767864457,0.485851957292133,0.5872311950355339,0.42864104611841203,0.639217248502514,0.514505312079932,0.733018607633603,0.425351951877657,0.567956672161465,0.401205087564719,0.476313170647382,0.485312905183049,0.384831353470336,0.44813169049361207,0.411948389139747,0.31156364434416806,0.142243565278323,0.5523763613489611,0.206771045720045,0.46894970098947203,0.519664284438861,0.640750716618865,0.500809532156175,0.598159169831286,0.66388773952434,0.435988932524753,0.41258590837584397,0.4426575884524821,0.3540721028612,0.47796188296652004,0.442512803639997,0.341094628336391,0.44382808674760704,0.502247234481795,0.35349253089715793,0.41203669258938797,0.42190859124551705,0.46225156227805,0.293459743451735,0.5724833694964351,0.39574921291918397,0.7087097567754291,0.653789533328942,0.606849689937189,0.6328143002083609,0.588227458799432,0.0641207247841535,0.575712016002634,0.6854105734313101,0.443719872879278,0,0,0.575757575757576,F,-0.0545578231292516,38,75,55,98,0,0.575757575757576
0.336727199711655,0.405841870486984,0.5294527707121599,0.219015893918763,0.5881235527615539,0.459080529152586,0.900238704029412,0.792202226511954,0.35317290676803403,0.710258640307011,0.43908397164413704,0.462345664598729,0.509511399306425,0.43331022382154294,0.360996655141646,0.23972153872947802,0.313785099895197,0.504015595061019,0.276764048943683,0.21409192406230398,0.449222130192767,0.22076259843511398,0.697883298640785,0.40525590881233603,0.35520374095960106,0.6444463954321771,0.46069500139803,0.42291079267936604,0.32029960919574296,0.51952418052043,0.4741793688422,0.598965104712208,0.720948014007573,0.738872611692749,0.3393580635526419,0.5839844566120389,0.5773296693683361,0.357746391013101,0.473247299546217,0.631495006050467,0.34118775067136803,0.42227624350420506,0.30709810510286,0.6282087546874771,0.656193209115717,0.333267069547315,0.6863965607721789,0.49203174933223903,0.501486995043525,0.529411301373498,0,0,0.575757575757576,F,-0.0488888888888889,38,75,55,99,0,0.575757575757576
0.439184710240274,0.544922400894857,0.465159493419128,0.595793586598676,0.303675755178487,0.777143064834808,0.335593704936544,0.430317064972195,0.46944719130828,0.3830273065552,0.41354476315927796,0.543825455331,0.39503118942556104,0.6901821999158029,0.468226848535541,0.5891989919306441,0.309979264590308,0.46312911598943,0.24186171924344296,0.419220426950685,0.427877313245303,0.6193466811277,0.7117635554348309,0.25329337981127503,0.8901118795896469,0.497098244265685,0.40017200702021993,0.561502802829785,0.41256169710962,0.6123970257118921,0.583206707786734,0.5517638002574179,0.397268673571517,0.82541311835925,0.33309710420442795,0.597050501509955,0.5981564144007601,0.26540234221271997,0.200093302663635,0.5068059742061539,0.48284006481293107,0.534867158444296,0.41553408984657797,0.23144691548843999,0.362876756222039,0.5653230686071179,0.33826089901509904,0.6038487749424201,0.44277686733796795,0.705110419265703,0,1,0.575757575757576,F,-0.0533333333333333,38,75,56,100,0,0.575757575757576
0.32083548239616,0.592133604118442,0.357783382116049,0.49432252586733294,0.4219341261133979,0.344318664285224,0.8568886640663449,0.5730481243993629,0.6443204246817039,0.32150130452594,0.573610623822453,0.269583649988911,0.235601793283918,0.479670824281424,0.539575620682575,0.617034379072432,0.460834073132419,0.288554676083963,0.287440676786787,0.697789165908,0.196028300147959,0.615069374574432,0.45562818803872496,0.5004972316894061,0.501192085963431,0.321829278340427,0.39203516948742895,0.364439400456533,0.566133874770792,0.638695991461542,0.419343112903379,0.644033700183629,0.722986035044015,0.981029443992859,0.42382052414727295,0.7718154931029201,0.46402279808979296,0.445545050828733,0.29271448050008003,0.49936402461585,0.508376592876005,0.643004630754338,0.556813640140025,0.5305697445788671,0.617810912795541,0.251181113440482,0.3627363569639221,0.456042707811506,0.536171065560949,0.28445227215555896,0,0,0.575757575757576,F,-0.0477887788778878,38,75,56,101,0,0.575757575757576
0.5271237043614221,0.408503363125001,0.801557657391842,0.527635937815296,0.685835151786354,0.453526201692867,0.30522461539325396,0.649159396795725,0.6918889900084129,0.424845699277822,0.504124336694945,0.631787365065369,0.656234692582822,0.354676452368991,0.481881094774577,0.41133561067834007,0.463405899073183,0.49595710864902204,0.302416473182126,0.309457138911775,0.29916801307076396,0.406650992725339,0.423675872625035,0.4531782916801721,0.30560681217804403,0.5695296771735411,0.22563607472726396,0.526238824836051,0.47011036377286797,0.567033691100619,0.537236403559173,0.46642427433284706,0.20711336965823798,0.640047583451328,0.442086140594932,0.6848011835243539,0.449245123710296,0.5492674433903739,0.673373693308014,0.648021339635535,0.47886978022829296,0.7225588909364209,0.609743184354422,0.639469464038916,0.223831866114714,0.386744080394331,0.378818021513916,0.7943166142495699,0.779086607264809,0.316899880175537,1,0,0.575757575757576,F,-0.0544554455445545,38,76,56,101,0,0.575757575757576
0.6965965170417551,0.399236017176102,0.599185087230191,0.562068401077953,0.4649913412758879,0.5134747940851611,0.27899832215312104,0.49698425902564203,0.604207588017963,0.48957585473753795,0.701452717884741,0.471956068731691,0.4765351301354229,0.719368323514273,0.523042253981241,0.408702119984953,0.566814078734264,0.493938334846245,0.267105084860008,0.619647894929834,0.28785260655816,0.5458218261281671,0.585551651809691,0.366820955396519,0.393179800039751,0.5844397119217299,0.422928974435075,0.40531921178462604,0.423352605833411,0.5592611268572071,0.5190113711322479,0.636973733718996,0.4273283528159861,0.359077723929753,0.674428708025625,0.199657213643356,0.4145065904228621,0.7082274263080129,0.41036607213743703,0.44779746037519297,0.357037530636484,0.28881470637024104,0.35068932232492106,0.5638280808860171,0.6478827282952111,0.627075687975827,0.580075273756236,0.54482873486103,0.55024852822587,0.313654880187065,0,0,0.575757575757576,F,-0.0490196078431373,38,76,56,102,0,0.575757575757576
0.37160887185701197,0.7103811074337171,0.38908101027885206,0.5320489465806261,0.471444223611697,0.534750143857714,0.487203953186934,0.401203486243588,0.549056081430875,0.5988626620888879,0.5735736839908321,0.41456080499738296,0.351846642382076,0.691339362563199,0.467053293988545,0.28387782181414,0.25654875961257895,0.332756542482209,0.174329874197216,0.41228120245573996,0.599138164481107,0.543664851945022,0.38518456333241297,0.501093389010879,0.503459660999808,0.872348290551434,0.27840593317892603,0.638975233372355,0.6026014812323071,0.45227756753128,0.50458072926098,0.6074945202945721,0.238117352677013,0.36626668841206605,0.598492068133386,0.48090104551804796,0.446251570801389,0.636432398156463,0.321148859196667,0.6171260844661921,0.4124838780085471,0.634718890039409,0.389582636787567,0.26927836988803,0.448020077260312,0.396745825876978,0.42243107243934497,0.368810189425218,0.560482066113352,0.604253929023675,0,1,0.575757575757576,F,-0.0533980582524272,38,76,57,103,0,0.575757575757576
0.661913923111199,0.5628256104070141,0.5753963291992049,0.11231976321416301,0.540831957887433,0.440872914081652,0.594577475392071,0.855033901963659,0.30545795348476695,0.494460410184775,0.5039526540379621,0.251451783108105,0.45068514670584997,0.490106417958495,0.530886075150845,0.33318338590681396,0.7492979203119159,0.44667528797530504,0.14651250698365803,0.426871314171687,0.356946445979367,0.530731239622046,0.49631561488016096,0.516939820609845,0.536581882902164,0.5797432128798929,0.639359021167692,0.331571358718263,0.343851468043598,0.44965842500648,0.5868537460903791,0.509418869388845,0.41957313396849893,0.8000677179606619,0.495369299033912,0.34825632404039397,0.790170274787198,0.439266632230015,0.453894018562874,0.7641923244229871,0.42822545366014503,0.655974607698754,0.47027331340557,0.4312142622896,0.25986274396180603,0.495725944842365,0.544521687353822,0.657925195849578,0.31942071026431895,0.444759792642216,0,0,0.575757575757576,F,-0.0480769230769231,38,76,57,104,0,0.575757575757576
0.45369249064756,0.135357448141465,0.344508381258212,0.327580331398505,0.563875229360803,0.6008546560203439,0.380176501005274,0.65629884050127,0.6197812648897061,0.427181584168915,0.600937865413996,0.476922530026336,0.875544283336083,0.44968620184719704,0.27841514572624704,0.513784141397946,0.170763256944259,0.307592068749507,0.242953909116719,0.338509809336737,0.475731778139285,0.44213824800469703,0.6209226249043079,0.37004433714124896,0.528415815808344,0.452361697533044,0.40006224041113303,0.49563889424502,0.564320952379259,0.24202690642622304,0.5433393136090929,0.473885998567503,0.62332441025027,0.46008091343748597,0.507136520639743,0.393788812100013,0.313304909427958,0.502972832521292,0.480137332824104,0.5112050337442271,0.501626787324896,0.105094370322209,0.628961916228015,0.504851707834835,0.644259092172084,0.518168425201474,0.44481596118097705,0.32295010902158694,0.6472458242050749,0.532496575425244,1,1,0.575757575757576,F,-0.0415834165834167,39,77,57,104,0,0.575757575757576
0.36158637376301295,0.367666551568293,0.674871847275504,0.533746743860801,0.521598622970075,0.5315670459188959,0.6465663677264311,0.599476877790002,0.5113401517263879,0.39937926031380394,0.49250315284860996,0.258967929794602,0.5288217606831671,0.452272459908394,0.49988361697434003,0.34587109316226,0.384429348627209,0.432375201858685,0.177481140666877,0.39452832057007203,0.512334013573039,0.563259676323219,0.241562829654259,0.49063290127759396,0.45805514476750203,0.583783831415063,0.318633277615817,0.28860602822815506,0.39892860042368,0.8175334950868159,0.5515002483237099,0.496381131574376,0.6291125058788921,0.6530285446764039,0.44361254466854794,0.549381536490697,0.458370020999049,0.6684781912438621,0.329165715430979,0.45596585968597203,0.36263218016209603,0.662580917507364,0.8130290255533259,0.26327721144911,0.43335760616391494,0.438155678738524,0.44853579989043296,0.48515071659461,0.620442393233552,0.4069586527980279,0,0,0.575757575757576,F,-0.0363636363636364,39,77,57,105,0,0.575757575757576
0.3727402489769939,0.59332650610386,0.38620894921790205,0.224350807537513,0.535635145363774,0.0704743637821255,0.589287522861953,0.378882190224461,0.43512150358170293,0.498865680603536,0.565667150550573,0.511711849672978,0.6344851667438679,0.6270291042136751,0.45312026214762,0.35348299622351603,0.5907058876169761,0.23782995515618802,0.291056282437607,0.584620002820058,0.328891787565818,0.687480911385968,0.5158548654609221,0.48237433630123494,0.40493095521424505,0.607711599702245,0.444885311229713,0.25432880865668,0.46241572351995297,0.41452137281926,0.183156193798562,0.42718998039761796,0.207492856128446,0.49984640236336497,0.673090623723061,0.500681038970628,0.699046496747854,0.5173724311530089,0.42842352732922495,0.836269368685292,0.633063441463553,0.334745579636656,0.405252270324427,0.572814392320343,0.624963029087468,0.431110464823408,0.5779450399654771,0.760183998343446,0.278696377853077,0.430917131337289,0,1,0.575757575757576,F,-0.0406763048272483,39,77,58,106,0,0.575757575757576
0.49737279472133794,0.5434058929999199,0.506558450911466,0.5302347095432199,0.483672533067685,0.40353420446696403,0.279465525239979,0.6787848583183921,0.655578415220073,0.362953217389063,0.573400120752695,0.39657639741446793,0.568666864477964,0.385893124059798,0.49505160846874496,0.361127021023874,0.41267141911787,0.500742192112994,0.284148154156004,0.437735791845204,0.478107506622715,0.6084600067509189,0.5474945026285221,0.558737240850802,0.49048229862643505,0.547727551198782,0.596938351884291,0.6230738558942951,0.688479975960519,0.600868896028109,0.315327572385366,0.7586308717702069,0.699701300504283,0.18271206257834,0.622278111560563,0.561818649561297,0.27822085843937605,0.5009450805901311,0.15967471990159898,0.46383682550498406,0.556096611352218,0.297226539933769,0.28937655355544395,0.6399007821222,0.500736342871354,0.266592235916522,0.5090370855284699,0.556288731925663,0.400250183664682,0.0697631776392264,0,1,0.575757575757576,F,-0.044908362665371994,39,77,59,107,0,0.575757575757576
0.488486995515492,0.6686439732984351,0.39820819084836495,0.5831043491723841,0.492646295816489,0.566693071905418,0.433270781664529,0.49555713673108703,0.548673619760041,0.367604859643296,0.605793833400588,0.534689426644682,0.5481951207160499,0.796031343692304,0.26978284221256504,0.235765376484726,0.4897947315227801,0.384311828530327,0.302498387450784,0.655053743728505,0.552750952238533,0.41997115144683006,0.180560298517882,0.3780209730266029,0.548667024859493,0.6039399177253679,0.380086054672094,0.41712396391067297,0.627179284940597,0.532450660473348,0.615520395942852,0.6106057909555329,0.581639160278634,0.528578398548614,0.6614930905985279,0.7178950521645021,0.47750058696960906,0.54561633355043,0.360215884315248,0.618538047652496,0.39005549120681604,0.492433922662073,0.7993173403320791,0.469253274654633,0.850005444478929,0.627181755011188,0.32268396395383503,0.388316649183869,0.291869384095922,0.36026958035155,0,1,0.575757575757576,F,-0.0490620490620491,39,77,60,108,0,0.575757575757576
0.255111583972414,0.22169001142251604,0.58379069944086,0.323230024305424,0.287506647354601,0.72419993521706,0.35368324777263105,0.47155284064561703,0.45095538527798995,0.26669284504659196,0.6837552945498591,0.43046748810998403,0.456043409489444,0.522321450529591,0.46258508530455394,0.44331303672045597,0.569787772044232,0.5421499903608621,0.29847714421193,0.648329671969267,0.404332540175624,0.437387758697862,0.45814497757166994,0.32435178740224396,0.303578822222256,0.516650731311219,0.047278977283945,0.542219123737068,0.10890777280779303,0.48319755504552403,0.45936062771551506,0.680398763049726,0.8103143410312129,0.429502709475492,0.568073293656228,0.706558847839516,0.42652136640243604,0.6160432535639371,0.634679146432499,0.8133046543544391,0.6216456137254089,0.39547516337976396,0.962225218923172,0.42402139862077004,0.420134413481986,0.26458544452275695,0.392612025808687,0.60374502817013,0.3974774396066671,0.37118057541065297,0,1,0.575757575757576,F,-0.0531395210294293,39,77,61,109,0,0.575757575757576
0.2544177279128,0.5419278288899871,0.653428255985652,0.33376119483235,0.443849068217858,0.168951547397755,0.317295852766799,0.639140816073082,0.6295276624049949,0.533954671066479,0.6912647972372641,0.339677527581885,0.589577263066881,0.51440862520758,0.329990465922224,0.5966285850499129,0.583352271116131,0.603190078047454,0.16478111893254999,0.41556538710402297,0.379177046195392,0.31757676491728304,0.548239496170616,0.38256248322299197,0.32647606153954,0.28109167741678903,0.517090733689798,0.4432824375776671,0.47878546333564,0.557033843420671,0.43213112951781196,0.8111409739028891,0.598706073813703,0.418572903518981,0.517596567655715,0.318820361455769,0.346145299640682,0.619817331107448,0.5359594270558571,0.70707803387258,0.343353702708532,0.344979444452354,0.8461694950253449,0.6402193757725779,0.5181359896023511,0.21265255421525,0.26155304902085896,0.7650729221345909,0.6165519933254809,0.7462025843390121,0,1,0.575757575757576,F,-0.0571428571428572,39,77,62,110,0,0.575757575757576
0.6966976109887211,0.5837407140865911,0.6152894396443821,0.529291247327069,0.45005690180644403,0.6117585670293629,0.6473059774709761,0.6503024639642649,0.8324710736285129,0.42261389047729797,0.425526015812565,0.39502856942089504,0.5267970025854279,0.636470974508949,0.337700187824529,0.513320240221555,0.41168359680845595,0.539762904358193,0.296820201550343,0.5074359398049729,0.570486479472588,0.361641826510563,0.390576912058511,0.650461682215026,0.300653125132857,0.5947765520345649,0.47230701144845394,0.591132387184337,0.41602955102734296,0.513472957445378,0.476035466822133,0.48177681341170603,0.49614831022100897,0.479950719354464,0.46956694503121793,0.17761169539356,0.564553282352715,0.46325113360815207,0.689318248491424,0.7529292716953809,0.437114050123296,0.512106992228719,0.580410476402582,0.636402537654692,0.5003864937576931,0.0904932536812411,0.632987504164676,0.425025441356474,0.5988223480563001,0.496408038357285,0,0,0.575757575757576,F,-0.0520650520650521,39,77,62,111,0,0.575757575757576
0.530178592885407,0.559450945204062,0.46798217484653204,0.505196123064031,0.41798527862958507,0.44429282794930197,0.483179389303623,0.6256560495755489,0.497279813285219,0.448960276228238,0.5179994421470661,0.450556108909574,0.5903720387586271,0.6902715825392071,0.3679757031821129,0.492558410756908,0.7477931562473421,0.40058612068210403,0.19741403356917,0.326443821538955,0.0946194852295003,0.527283209779187,0.536420106608258,0.501710341646927,0.545053025372098,0.5768239435280911,0.46162325485029204,0.654537045855884,0.507960655951242,0.62286636371529,0.7580208350290601,0.36268068608775506,0.29057516317020005,0.6802526765860389,0.430599699144132,0.46136866119647996,0.519228842975885,0.44523330677897793,0.38299923497196703,0.617062552672684,0.495127158746178,0.783051949246503,0.515035332059196,0.65580809020353,0.568728580628004,0.7790990297033009,0.664920527463613,0.504459592125773,0.462736961977052,0.426452350590372,0,1,0.575757575757576,F,-0.0560064935064936,39,77,63,112,0,0.575757575757576
0.548651897448483,0.45999300065262494,0.43118894787401707,0.48362598058641604,0.41349624438582006,0.331432782699847,0.576789635595337,0.5517894661280179,0.559822854275077,0.20137912309557798,0.369452820365032,0.378576319222389,0.608622360467283,0.5095183914384079,0.475790068319466,0.47663194847429496,0.422615176908008,0.37321246176010997,0.23733730793106797,0.337012093405329,0.509143820244933,0.347890940055345,0.51092039530755,0.43300582414111705,0.79477828744818,0.7401703899229192,0.746024959551207,0.26692306364480606,0.602869513177698,0.5724374148607121,0.392250335348461,0.5557559777108969,0.517216337173938,0.5930343800852421,0.48060272398141796,0.418282026224991,0.59419615917475,0.6013005387719411,0.497702219032711,0.48264601662130696,0.409007706392702,0.23173074449891898,0.43063855098252707,0.503797672601798,0.485954540760931,0.48829813854241794,0.36000543595304796,0.36200761509696605,0.46638390973070004,0.150690927699727,0,0,0.575757575757576,F,-0.0510286174002988,39,77,63,113,0,0.575757575757576
0.696288463561158,0.370605844358246,0.6795746273390229,0.40170080636637606,0.660731909644219,0.559949413683823,0.443331595639266,0.487209391012469,0.34145625998118795,0.417275973493036,0.539330796110054,0.418566670243429,0.30148824871582697,0.6310895231368001,0.3821297270849871,0.540856736864542,0.433990090015565,0.47037108723814397,0.257735187519547,0.42173949663765603,0.5753549199640661,0.38513538334090597,0.445996838948365,0.29793348444164003,0.682522814317766,0.5357883362614939,0.33460380694631503,0.423798060929308,0.250423674521031,0.51595094186613,0.0931937827871684,0.6484694288081391,0.582466763176578,0.5656122719997579,0.625312983099136,0.833497585745386,0.47613794523659003,0.36302930546805606,0.23085313782496802,0.798326587249433,0.26492524170750803,0.65766693589615,0.479690293492039,0.46682496006400803,0.476308476070468,0.660714183908509,0.384258735125572,0.37443564375829497,0.475533726036633,0.556772282825009,1,1,0.575757575757576,F,-0.0447016110732925,40,78,63,113,0,0.575757575757576
0.40849865676541003,0.384672867744825,0.315578548419944,0.47195808860608207,0.743351299462299,0.624322888279265,0.433558261945355,0.49222827946715897,0.415306809914844,0.513824838115646,0.383470226087065,0.117356222219669,0.583224756733901,0.486903784292122,0.48741354604226894,0.7532300927109941,0.439897892672709,0.7108071461649409,0.162638546869219,0.46399877156029107,0.38701333821157297,0.510864700046852,0.597501356651936,0.35406844103630497,0.7092784995561141,0.7516983307960899,0.5179997205633831,0.5017070091406141,0.652254236084171,0.543794906975914,0.48793716263826603,0.6218085323206141,0.489398179841642,0.526689981570729,0.4661100612885421,0.4039731357843279,0.36291296839441406,0.6340688318501079,0.287127929629397,0.547076496892391,0.5094606178333471,0.344098113673311,0.6030005783230411,0.533919339464509,0.391895352181379,0.48309423889602504,0.45848715626306297,0.531685835095473,0.88670441251167,0.48584669955983206,0,1,0.575757575757576,F,-0.048582995951417,40,78,64,114,0,0.575757575757576
0.415154969106445,0.415267357779164,0.278966523055731,0.595628993191021,0.731860131025528,0.49657877660870703,0.6886187738122521,0.6338852291009269,0.556945797859033,0.42278331374104,0.5228250440119511,0.46089658371436,0.524389946061275,0.428312140526329,0.502760587323133,0.681591212321419,0.49819811111190604,0.6354440833974799,0.23808385727738102,0.5591671457511309,0.48749180514632395,0.459881728765349,0.42194460197895295,0.435027817134358,0.6436919785553671,0.435844468969945,0.587109504754924,0.596123090544181,0.26337330166773004,0.6866559179419799,0.49415646723014295,0.364867134990211,0.49974467703643605,0.37042800063671,0.46878930996891,0.5298220369530879,0.514802649349413,0.7013392369134911,0.459594591754321,0.604014277001189,0.6167746320469449,0.70505029051359,0.7591947155819692,0.574584880418635,0.337867796133271,0.567676497108711,0.440102982652176,0.697676820465527,0.402440893570652,0.42915114024431494,0,0,0.575757575757576,F,-0.043701226309922,40,78,64,115,0,0.575757575757576
0.5600362860854611,0.5346223690737649,0.42918038276482395,0.563971911382293,0.5208195268250391,0.269540735232827,0.394783946493098,0.224212768220667,0.714074009508248,0.42873148082393,0.153475051223669,0.620784533756829,0.413805071214082,0.49283773764322797,0.8190198020615039,0.420199715514457,0.44462020343502606,0.299687782341516,0.29466714642167496,0.388879436294557,0.553978554112583,0.34152877075821303,0.49919054948322794,0.44863218748093503,0.5644323705065029,0.548953605251534,0.606571819196156,0.466081195093335,0.5607032866548071,0.38006244349390605,0.668671677276809,0.4366883665797271,0.5854971786006851,0.591838192003541,0.5905399679745269,0.6760789924464089,0.455786503988716,0.32231312128711403,0.7473268760838059,0.8998974976617691,0.663104500489181,0.5824860115961539,0.5635756720965129,0.37161889704821205,0.4728252887605561,0.600825865896446,0.5445072152345449,0.42058706885450403,0.549119513440033,0.4963151867689671,0,0,0.5714285714285711,F,-0.0389036251105217,40,78,64,116,0,0.5714285714285711
0.599015490873883,0.233667194530129,0.35404901329405397,0.64425444905411,0.39327534281131,0.329447913701286,0.5694691961372739,0.571708724755232,0.411543830673587,0.445742907503915,0.623891707000787,0.45817311448078796,0.496812272686637,0.340671142709004,0.39267692948685495,0.356944163716846,0.6837484792207579,0.557358783780661,0.669739661955414,0.532423734769821,0.5644876188367121,0.383135516556302,0.41066209355814703,0.42569646429482794,0.46090899296415905,0.7797391238405849,0.287014480982796,0.4445011713486479,0.20544308345472198,0.612074849520411,0.19680411494993802,0.492368301236649,0.709518267653899,0.4493935513538139,0.531662579783243,0.46568639677632706,0.35640629713326394,0.672769639470314,0.5241382928113729,0.7825956767253491,0.558333950350661,0.280797534656953,0.437261262805141,0.5968173349084329,0.623610065093411,0.407991015584875,0.511413009023423,0.69184289979708,0.564405358383506,0.767867995341093,0,0,0.555555555555556,F,-0.0341880341880343,40,78,64,117,0,0.555555555555556
0.6710387179979461,0.681593021934125,0.691420809056084,0.769575472468103,0.475732989451412,0.7756192736253041,0.27887826102201896,0.43532315536659705,0.8943596169333979,0.45126228995322293,0.648344296209454,0.41944690470912105,0.406770138474705,0.265038642009628,0.287957297985218,0.19628940734014103,0.36333790065708005,0.49545602373944997,0.6601320925607149,0.339442154260402,0.590104241135407,0.474269762384076,0.8420856346984631,0.613049107165186,0.461875852269909,0.7699074247343141,0.528058752268386,0.428985460858341,0.430114151572786,0.45360679900448403,0.3877592356603621,0.63490945152686,0.44068337718809003,0.538723915587243,0.467492571272498,0.40400317368580496,0.8241449531543559,0.5575909698479791,0.546119424238588,0.588140886784683,0.46622219276810295,0.43460373792369394,0.329540977549961,0.711799344677677,0.37806550162355296,0.613472231869358,0.124435200221733,0.46751880294124,0.616105986430326,0.7055564317702541,1,1,0.555555555555556,F,-0.0280212052363952,41,79,64,117,0,0.555555555555556
0.666547464917812,0.49028379060190996,0.587868205324599,0.689988083993526,0.314696801370379,0.45857090935114503,0.16623402586178,0.5777511099638211,0.8238926576076491,0.524361847559645,0.545865740513576,0.6288974236632889,0.510580295418454,0.638389022090388,0.386600832120728,0.790183431229944,0.662128260029589,0.39662016191821503,0.39831580688081897,0.7885832834008729,0.444888502261137,0.562586150111506,0.348053270321389,0.415132374272419,0.33315886082644897,0.530890732168492,0.43532615971131505,0.607570645445155,0.40166261656792,0.646246471715322,0.38095669414452293,0.59222426580373,0.386943181902259,0.799678712223137,0.549515125957558,0.8558308706278521,0.6426971866158411,0.57671505556978,0.197626061585097,0.336793918326348,0.587261135058106,0.49513511349482103,0.396415477171418,0.640395479550568,0.610086961787202,0.570612864770903,0.667240012355418,0.351798164451031,0.32389501196648696,0.31640250647240603,0,0,0.555555555555556,F,-0.0233855395837803,41,79,64,118,0,0.555555555555556
0.621972633201235,0.408542021739854,0.453619030280926,0.33430912666891305,0.430423648757055,0.7181370548768058,0.23171485055613297,0.364387485586502,0.533173027670063,0.266836426787808,0.547364755099804,0.487167444546997,0.507205341848876,0.7491804376334991,0.647347591285549,0.21003171612872898,0.22078790052149103,0.534650561094059,0.413055978827562,0.554958925759556,0.266418617066122,0.34188339960230896,0.545391714101235,0.273140255004363,0.280146767240667,0.497944327336545,0.564111388237791,0.48900362590753793,0.488069043538212,0.44108069052526205,0.495599444550248,0.257438206968308,0.39155855666214007,0.313765425701184,0.677862672889405,0.0287853729138366,0.46362489169029797,0.42446064852695503,0.503768819414598,0.369520273384664,0.6140217630404959,0.22377547818585397,0.473167411333736,0.34782117468968504,0.47969977321307505,0.49399753342016495,0.44293437908246003,0.65712459022891,0.48036797233480394,0.505369141459995,0,1,-0.545454545454545,F,-0.0173728813559322,42,80,64,118,0,0.545454545454545
0.548733430780707,0.206525989556906,0.592018231543659,0.349419422442867,0.494130580172479,0.853087957441428,0.49741579197146707,0.765942356860908,0.6274737568754039,0.595306223037492,0.403988301246685,0.376565007035249,0.44161299380019103,0.816021575712,0.76028259762133,0.17720772495727,0.559817530866552,0.498626112176521,0.299094734093614,0.548756079817131,0.47308298733061,0.18355965773442,0.45941495767549106,0.263005851940888,0.35922809983604104,0.703557429889237,0.278845443168356,0.523120195206735,0.477245257793112,0.52825267670919,0.366129799034168,0.524156470316784,0.5108885523707829,0.216852295636103,0.291628433775712,0.34590884650508696,0.8474119702767808,0.49155620656435794,0.46079485377816604,0.909352587117807,0.3770012079836839,0.22072090039137804,0.42351201844659403,0.50580777316564,0.548134728093349,0.640486974086182,0.48849276441556794,0.514219886310394,0.22812853007763104,0.421874505923027,1,1,-0.545454545454545,F,-0.0212184873949579,42,80,65,119,0,0.545454545454545
0.359836139448725,0.5804143903255059,0.479372676700509,0.5797478751071421,0.615924413158571,0.608523717090162,0.550422049382362,0.6093137512375,0.387710821990636,0.307785563869602,0.544377607752046,0.341988728224622,0.595360452854499,0.677677649158202,0.590014030392703,0.570795644788393,0.3612169476204629,0.576452599679948,0.7835295341639209,0.32893938069385403,0.34109567597702195,0.34653848831900796,0.46821224981455295,0.30463693568719397,0.311434703206978,0.574180676230131,0.496375788640608,0.380680584634902,0.16035023434926501,0.48777685705559,0.37654021721537895,0.519399269054485,0.21752255705487697,0.44734383533688704,0.586350811016889,0.46624102616687,0.417552874252076,0.624739308698444,0.321347326957034,0.574690563507946,0.6100511510003299,0.167180282030189,0.301706940815695,0.362519415924531,0.6716304614159079,0.5910032813089079,0.5077261921261439,0.20457555118654602,0.43036854802082597,0.417930748694145,0,1,-0.545454545454545,F,-0.0153542898640937,43,81,65,119,0,0.545454545454545
0.5610885000360649,0.42721445737759395,0.49497115273378706,0.648405297935724,0.397744214030935,0.596896302382261,0.576829533803905,0.547707717492477,0.5086379539075859,0.58071759555614,0.47862564176039896,0.532183372540257,0.31422045763880496,0.7051511043531491,0.826596316719873,0.485714991445656,0.56288292530512,0.510918343425637,0.8050427126278811,0.36893868764767296,0.578584200395834,0.209450991991001,0.248971099669936,0.510616525202694,0.4788556604870779,0.359419764250539,0.451196602647909,0.26974748312185803,0.518962492042571,0.8401439106728509,0.37263353839998997,0.36799256392358604,0.5165506099409001,0.457018474024411,0.6766833538065071,0.43843223807908704,0.285215115756659,0.402148661872549,0.507965502516536,0.5134644647370801,0.360719887253144,0.6362607083157261,0.65746173641484,0.4984123203277229,0.488982968867459,0.485809273341636,0.48274806589868896,0.5747814352225971,0.551005402747896,0.38890556408500704,1,0,-0.545454545454545,F,-0.0108024691358024,43,81,65,120,0,0.545454545454545
0.47553621302436,0.39053026009966607,0.5305559059110151,0.521492243745095,0.667556588780591,0.362223403254941,0.680984340935853,0.252680169283579,0.7251854243270609,0.5619387309341689,0.428073449793322,0.378009018309483,0.45005197832025995,0.552506215943911,0.369102141473762,0.36159394569452896,0.719019050282567,0.361768705400925,0.639879563189107,0.622936465747172,0.715350984382891,0.4726688486075071,0.46784052625031003,0.35493168054836205,0.789906526977741,0.519649996752955,0.353856207506614,0.653669367684728,0.23047478955768105,0.600330335125297,0.32391565242666,0.406117354947159,0.338645861430604,0.517746506004868,0.5855340873091701,0.48323322398301294,0.20207619424440698,0.33440777410992895,0.580221437137204,0.729853066409593,0.48018428607799,0.441935332059516,0.674156621698727,0.545731257432546,0.39102564973189297,0.49682727957636796,0.40896678559832395,0.6727952051764781,0.721680093954206,0.425994091845989,0,1,0.523809523809524,F,-0.0145903479236812,43,81,66,121,0,0.523809523809524
0.3938603306104311,0.506617500156072,0.688194263346682,0.468102986503456,0.5985625951819,0.41105259882325895,0.19971404282708802,0.497453497269544,0.45734956633789897,0.513610319548739,0.6643506126580071,0.474827442714374,0.29866706862218,0.302667730285399,0.619415706369251,0.48007029289499104,0.537870003420486,0.42761838319018,0.45121819278762804,0.550936708766056,0.61466471751952,0.544958208729335,0.8822106206580951,0.61581877285708,0.5270770659826389,0.6088633177763321,0.46519780792496,0.5392186252638621,0.526990448175056,0.603408890712947,0.312477859830612,0.40283199986863205,0.511347154193547,0.26001330206103,0.458150553368473,0.528496438443076,0.5814581941898941,0.4835295312331379,0.427654484326666,0.42211230660997295,0.424229719593774,0.29509921788407106,0.664468726581504,0.451164319693114,0.5501641229460781,0.474214837081981,0.604498211757401,0.605484962059245,0.469833437089797,0.43345560286063595,0,0,0.516666666666667,F,-0.0101194090265129,43,81,66,122,0,0.516666666666667
0.45399200359790604,0.5054594811495771,0.34643729018706704,0.34541036855897905,0.265286863295423,0.32675653846418606,0.5013140882926379,0.44171442889361107,0.679161779900687,0.3819432038794771,0.39383238010398797,0.534122036141359,0.633244768715744,0.5386378552799289,0.5840229088873511,0.452384944186817,0.32637294361762104,0.47561679966634207,0.24787056082031797,0.333179987442633,0.5682456516056321,0.716324325124419,0.646515438559058,0.7130812042825179,0.40503677546470596,0.5987705194343871,0.481270919848282,0.392711181550562,0.5128828433703351,0.46519899218306104,0.215715152821866,0.48058323478425896,0.6823759144929461,0.6656579421333149,0.47561376603683597,0.525791330832,0.400679827679026,0.520969249997903,0.611893528360781,0.659309721384475,0.563150600208426,0.4761151234401911,0.687828577335306,0.55329369350686,0.37581772187377793,0.337807107763417,0.19789819060496103,0.336363595678766,0.38017223250414506,0.320448225116796,0,1,0.516666666666667,F,-0.0138512496236073,43,81,67,123,0,0.516666666666667
0.539217541291576,0.572059207879023,0.509685388110503,0.22569200675310802,0.644727901931472,0.27925049975264193,0.289579642376904,0.5573585590192851,0.647743549228176,0.7689290320510459,0.615199671798323,0.8458863132359971,0.32932752788187103,0.603696545794915,0.710946267568353,0.278447403342164,0.216001904978666,0.564332770175443,0.522583101753641,0.454529146571123,0.543560920583706,0.429058392760556,0.44633061046718603,0.482197974328829,0.43718688515886606,0.416592813223692,0.626529057073195,0.369749914037274,0.497963584575101,0.718489057653749,0.33992232799897304,0.6485247013790811,0.0201936440566106,0.579288258022187,0.376655821912898,0.5327225719313761,0.431946707797992,0.786254460460511,0.322914382693222,0.567647016269691,0.518819548029657,0.6435793627049671,0.362956057056598,0.652094098533603,0.634265225600386,0.7367479600355831,0.591104544802449,0.46148675971813397,0.7623174408913729,0.596964080836035,1,0,0.516666666666667,F,-0.0203252032520325,43,82,67,123,0,0.516666666666667
0.582553181139785,0.662822260867915,0.459541678148424,0.300743339887989,0.610626260723349,0.44923224360598296,0.7758050726021829,0.526880461758271,0.516594708341386,0.198879085174291,0.987471185997103,0.614985356021783,0.444116940003704,0.601788082366432,0.543627717372608,0.335053784039338,0.521290525605541,0.42292819781897095,0.727936065589964,0.638961625429929,0.298894597858108,0.261097762325912,0.566418852016491,0.69791050546824,0.326960440838093,0.6760696638683349,0.28764615802257104,0.42211535721741705,0.45047260196804906,0.48201016933550106,0.428328453674497,0.638760724256571,0.48660298552076103,0.383393941406243,0.580068610650859,0.339580720328229,0.737028034293853,0.493172931588829,0.683934075118269,0.6902929569702738,0.616249571814052,0.184052469822325,0.5095796920379421,0.388362181161431,0.501731979271306,0.34618956692814595,0.435640181634136,0.383826985481844,0.6437493151200679,0.5642871353379351,0,0,0.516666666666667,F,-0.0159323367427222,43,82,67,124,0,0.516666666666667
0.161221634385025,0.5947277080321222,0.614083791228516,0.285453209347451,0.488757847254176,0.488427948325064,0.33588322545919397,0.433526365767544,0.655578529505263,0.272376748139048,0.30825483941059495,0.557552188534611,0.525465319606673,0.563764517259377,0.7708202444733779,0.663698961099033,0.46281427468246206,0.277683345087317,0.607635633405834,0.330639450054201,0.30794175514646305,0.38653395687266706,0.33834484356899397,0.518849885652995,0.270652408544328,0.537134877439603,0.258354953450409,0.56223918698913,0.33701224029138105,0.458792638552654,0.352694963296185,0.80193390044424,0.487099886349839,0.6979460735084921,0.435333844643341,0.540492773190717,0.5208337112750229,0.630239379554886,0.13489886887202,0.555446312308453,0.579314650631763,0.430511616912303,0.755667575132847,0.57040222306124,0.32647870291402303,0.51860212778221,0.510845361107082,0.774244617753876,0.488754153144516,0.610828078857739,0,1,0.516666666666667,F,-0.019609756097561,43,82,68,125,0,0.516666666666667
0.507621983680436,0.517010546947961,0.45482638024625205,0.384236674441974,0.68611676522026,0.46946709735799297,0.471176219117893,0.452386585280977,0.45016290437757106,0.259489072800843,0.39899240653716705,0.400853581655835,0.266213401064716,0.47736275533445394,0.568984812822131,0.373854025450874,0.5028690013658329,0.34660591641932004,0.20057998004345398,0.442313449256128,0.34472708587999606,0.55535657730236,0.305375597382991,0.530201496103939,0.495511102708449,0.5944977100987161,0.594643276444754,0.545312654996594,0.558172958012581,0.25516170462752497,0.524238076780441,0.52776115815919,0.647089327265348,0.277958535159655,0.434207095110692,0.468874549345216,0.5554961828266489,0.5795918468578051,0.342735515724777,0.652274555257581,0.404924551609615,0.54864860500006,0.512304153643482,0.424998970683645,0.63030211115699,0.599687426147443,0.5342517054239571,0.579498172784395,0.438777219428766,0.4224807179891,0,0,0.516666666666667,F,-0.0152922957801006,43,82,68,126,0,0.516666666666667
0.58948753497378,0.526518304625342,0.6106042669353621,0.7851160621368891,0.5011792282652129,0.35925198250583396,0.47360971820842296,0.514260468567742,0.6108984681981489,0.47588443212160497,0.8265940088689481,0.352914786528837,0.48954942998368206,0.6649538469620451,0.5769130538474029,0.45053633227449996,0.32014600465874704,0.565692516319938,0.30677601412069394,0.645228175591046,0.23695919626765302,0.559529672487972,0.5310718742830149,0.44201812295217796,0.453890644349319,0.6946222538035931,0.44157728346749997,0.35020068036037805,0.453535142259866,0.674940926432318,0.39300610413490006,0.5775573078771079,0.6147592616659711,0.47370883956032395,0.48770875393206703,0.770862111287792,0.339930772773408,0.332358593773926,0.487913125149614,0.79577052986791,0.440627648910769,0.62402481736742,0.550798673827876,0.564253328246773,0.42350959020106504,0.616320919290775,0.40263135335441,0.676828270934841,0.6827962898776999,0.5521898460105921,0,1,0.516666666666667,F,-0.0189168427117342,43,82,69,127,0,0.516666666666667
0.595114348706275,0.5327487920003621,0.45611664423315895,0.4181153724216621,0.388192330371475,0.18762868890367002,0.436410787818981,0.587070008667901,0.397051444232298,0.553364195999367,0.464096322466601,0.17028828852235298,0.347011252179877,0.429103165565111,0.622710398836532,0.409279782537213,0.305029005584914,0.740349664459011,0.393054317238011,0.36110558365292295,0.7405133978152199,0.26373181567596,0.31691251102150203,0.20839977858089603,0.528325733415315,0.575626687540026,0.48316696262153297,0.45677400850220395,0.136235482486781,0.4692720459192561,0.22496425599107395,0.45342019638385495,0.31724867033341403,0.5537612228123779,0.444451945444183,0.480522316038544,0.43704365699777203,0.43439629698462107,0.36295672620037506,0.307116242846105,0.6880550397708511,0.17872388633160996,0.6646661603530329,0.444770272062921,0.4181215353298429,0.621707190615468,0.8832271430918321,0.609090323181539,0.707719849656328,0.41807967710307703,0,1,0.516666666666667,F,-0.022484756097561,43,82,70,128,0,0.516666666666667
0.600459164900225,0.22705224188878198,0.519538199433916,0.67277315325588,0.6654874344765129,0.329603073948863,0.500777899803894,0.7747305614792129,0.621715464185186,0.5465254383829939,0.49557215573524793,0.43845220932857104,0.501993845810172,0.7936409120693358,0.548551208827713,0.323588687332537,0.5077217225110949,0.397125366513686,0.6594691395855179,0.336607910095253,0.40869643377901704,0.46486622857177007,0.46765270236018003,0.528054428519044,0.466703840852044,0.5753157007901271,0.502290354591185,0.587178946124932,0.5000200272794559,0.69887437829272,0.6059411747485309,0.48987149503756106,0.596972849121057,0.6019229895914979,0.414428152400554,0.7655113317037671,0.50569044094363,0.499476898577925,0.5382813714692001,0.8243558583607771,0.48887469991701393,0.30885439865242703,0.6216363074162811,0.505359614609024,0.9608262163574721,0.44811572642464004,0.3710242144142,0.6402153517104929,0.495894421338307,0.621448694466595,0,1,0.516666666666667,F,-0.0259973529967857,43,82,71,129,0,0.516666666666667
0.463970156599554,0.7278917294768059,0.873176515586217,0.41148625095025504,0.594608989234364,0.452197091319813,0.5583911783345611,0.425601948895984,0.468312784683254,0.5303482871524289,0.5343050542274289,0.3927689771543279,0.342068676788731,0.486959337415486,0.627498818610198,0.5469982974707229,0.449923499141609,0.47392603308629705,0.746226500589682,0.19967438318100103,0.539398923682891,0.555715625100007,0.41779656170883395,0.623767162758782,0.489847590892758,0.5291981039840461,0.266953011351246,0.41792805132159205,0.48434937892732705,0.48151081114856603,0.37744213443243496,0.437377955269136,0.6815907722345931,0.36336191290468606,0.5776912428640749,0.383265978361077,0.737071239958597,0.580356398497992,0.227360002271092,0.683065949612974,0.6187646555555689,0.307748003347063,0.592656811416446,0.400654892567713,0.7767572055895721,0.44256367078947,0.4491313548648971,0.5638789011605789,0.385327163625983,0.5370083649959779,0,0,0.516666666666667,F,-0.0217636022514071,43,82,71,130,0,0.516666666666667
0.750743067717842,0.36912694309557403,0.62411315182845,0.0600568807354961,0.7984739243579448,0.376876554559037,0.31388677955557504,0.485756543604912,0.54965944763662,0.5123818840362899,0.645120144428479,0.6205778853091469,0.511622058042831,0.5889290181167139,0.542996603962409,0.575395074225182,0.40786104035702503,0.5255640674064861,0.5796640703833951,0.377057061886867,0.47177530209539204,0.498075380414932,0.46534462199262894,0.245514698841376,0.34098553886981803,0.424704609244769,0.535796565259129,0.588018554388049,0.45824216793215,0.5005476030574461,0.704225850032112,0.421580809965576,0.42612415721105,0.41071611184755796,0.736940629132298,0.730638187663159,0.577397264946469,0.33502589563434104,0.4506312752249171,0.700624916617008,0.5661930544292719,0.371710337953335,0.693749222185085,0.503529121435576,0.303406894073698,0.5308095135665241,0.500579394648756,0.70988225642479,0.535872870216982,0.572126458679054,0,0,0.516666666666667,F,-0.0175944889219884,43,82,71,131,0,0.516666666666667
0.423908918259872,0.46741760275964,0.604193115637522,0.514347484559352,0.733539695588289,0.36486104254911,0.22504641538363396,0.42858626069975003,0.48208749502669995,0.42065415043340293,0.178542838237564,0.321309922536144,0.47749784500566,0.5591475499895229,0.8547521717545609,0.47136799360481607,0.41591052757460295,0.288493456968742,0.39921186548336,0.507051959146409,0.5616045203152099,0.825985188568015,0.376692277930454,0.712304445883249,0.3798424490515321,0.538584305887144,0.43895893818188103,0.399469333554229,0.16195896131920598,0.680150859790281,0.38768635973786697,0.430857029910625,0.45383233309619603,0.431456053522243,0.6529558024237271,0.470695908575949,0.47267172166759797,0.343336396449302,0.594091035795255,0.7268479431754309,0.696369946825131,0.44456130073072797,0.37198653659946396,0.441242633555044,0.432552534719788,0.502939292876885,0.315265760479487,0.608618373848658,0.6420014774543579,0.502556138127287,0,0,0.516666666666667,F,-0.0134885439763488,43,82,71,132,0,0.516666666666667
0.4774099199254289,0.6457504765958011,0.38717815123748206,0.638476365432731,0.474309607218873,0.270291791081954,0.472037449360759,0.444089968497231,0.462899915696444,0.47171277497742203,0.48741086366594605,0.45364415747466297,0.438640815203,0.380076725740476,0.686558224926507,0.640487129277255,0.50476296163344,0.44165736239157105,0.27715937244709005,0.633090074798678,0.790739295896402,0.6334737589398721,0.5148502847829171,0.45383409411976205,0.24906656566528898,0.632236459209862,0.40954976823265704,0.357435829633902,0.267838135387674,0.6045200148759511,0.406204964464553,0.543297007437124,0.427932832154632,0.36128514652170896,0.29640604003036997,0.7380709121392691,0.600840869221969,0.424790111210154,0.4943720003529579,0.7914663578990241,0.5078955788429109,0.45615016820363297,0.594309593535049,0.591533727720543,0.5641366360255721,0.7965636618006641,0.39266778427090004,0.5398780699913329,0.583332913709833,0.49933202012937394,0,0,0.516666666666667,F,-0.00944434256372639,43,82,71,133,0,0.516666666666667
0.714763878998332,0.49184424121531,0.18286229323022102,0.548022578110985,0.518670711670871,0.462971832583595,0.501728665885815,0.570967678840658,0.459157593920535,0.32125116074839,0.43654481986020094,0.33909223025172597,0.342840219750393,0.6293937451830961,0.7719569752916099,0.5549723584730479,0.49039512576024896,0.587684229414916,0.433150188252072,0.7277493514603258,0.15572265685489498,0.46552021785719105,0.606728336788649,0.488511515294694,0.375988235209176,0.622450665644401,0.354976002571887,0.381923956786522,0.17703510588629898,0.482624530272048,0.45075296119376707,0.33513657124866303,0.518538252927471,0.293101244501856,0.5465582583161379,0.36490657521703995,0.50081048115351,0.535550797299674,0.42802052566020704,0.6702960019898829,0.564038362288697,0.35904613833463,0.460150369912936,0.54751225754731,0.6622432829331539,0.5107035093412279,0.361497222007995,0.186985847368218,0.43551887764790104,0.392433697508427,0,1,0.516666666666667,F,-0.0129231889333818,43,82,72,134,0,0.516666666666667
0.22801276000629,0.519268200530979,0.42603550774723004,0.593764518947039,0.652726175199178,0.36772270769474397,0.564261126203353,0.476708227479721,0.6065511120337149,0.203569010519159,0.603249123232697,0.502785902943441,0.19633592058768998,0.579248918909162,0.7644501557566421,0.35231302820078997,0.370798948663061,0.608003815291158,0.606704285869764,0.5223751831666721,0.381375055959308,0.57177338419681,0.470443251860226,0.582223785043266,0.46121879216122297,0.6841292403242929,0.47971850090380797,0.4403077475726189,0.5599868978408741,0.48905320348262293,0.307343813968485,0.565205673921013,0.613522922345383,0.485785230143234,0.368093068974832,0.43198541937600204,0.5993472955760071,0.521904753130281,0.5990579580727651,0.0772085089475541,0.377713291473794,0.150965787106917,0.403811367918899,0.6267146230645401,0.233460843301777,0.35457645076393396,0.40726958021293796,0.27625067593192604,0.522722379854448,0.514187075398028,0,0,0.516666666666667,F,-0.00894308943089428,43,82,72,135,0,0.516666666666667
0.487133929498721,0.49739909857421993,0.5325219360050949,0.517134019832289,0.461011742719077,0.4587328007303979,0.4762528283172629,0.146067657356197,0.41729890166063005,0.46842121523879,0.599608374087395,0.5468928167527,0.360653581487561,0.7812674982617758,0.5477139004753779,0.5414368261587671,0.46758872453011496,0.43399191937980197,0.44269993917295897,0.5737468716751789,0.866455231996869,0.294557620955503,0.45198337543271505,0.296544863641427,0.47099874209341996,0.470018914003099,0.6867730442734499,0.578771824279817,0.31463315917886103,0.522167365452281,0.311109674423533,0.47782293841641904,0.329409984434136,0.530784969996166,0.510630601958979,0.29368851205723995,0.482763525339941,0.5423329634770221,0.3437098474054439,0.427314594015761,0.48907873363353604,0.7303697011236641,0.725607285436234,0.44252124895351996,0.551036146612431,0.510429314711836,0.719808235740747,0.43283739866342,0.507313782218353,0.44773181348785496,0,1,0.516666666666667,F,-0.0123744619799139,43,82,73,136,0,0.516666666666667
0.192812884370549,0.507803253815697,0.599313982281911,0.469492438089675,0.455729707986719,0.5394906410286029,0.47288718148156206,0.3726333509481479,0.451362691666707,0.453808978061599,0.50924451970733,0.545718952564291,0.5546838687032829,0.6112643177606579,0.59818123603941,0.520127784842938,0.6941342681091129,0.35485143864372104,0.542011988618225,0.42668415095606105,0.5565617759775681,0.523675611451685,0.5582849683411071,0.537569520046315,0.8073330938488891,0.515912216077265,0.42729468651393,0.39437748246609705,0.4098362015263571,0.433109459674013,0.42627887406908505,0.48939043103529706,0.569906735996255,0.56425789524451,0.353868734782036,0.467933438996076,0.349535179163695,0.49320688172614,0.42225149280909,0.7159077898519541,0.27253980164055,0.19453766405191,0.500271826589492,0.668353454621178,0.612812541009204,0.552326869194291,0.463922583107492,0.660441635574793,0.7108208015920701,0.393191796043613,0,1,0.5,F,-0.0157557414990208,43,82,74,137,0,0.5
0.47761913272410494,0.8620448922371792,0.788159097481556,0.6646193552979051,0.566857750788995,0.5432055132977179,0.502458579312565,0.582637826150505,0.528870145671952,0.607294328423773,0.498171193639201,0.351592684406172,0.486925983595303,0.522435245043402,0.5580470337008989,0.508766886681395,0.580621497206984,0.328464504743376,0.46455874209912107,0.285806025397795,0.5507040286406021,0.464280819361212,0.41169126881247997,0.556639068524323,0.478200068950583,0.620220806385089,0.559743407301657,0.34759307258011996,0.778029553234134,0.630942736874595,0.339055607330949,0.318838995404369,0.739345680215341,0.265577788927317,0.5982138596360389,0.801705650211795,0.533276354662992,0.615345474815463,0.44209676191322,0.453185313602428,0.546126525314718,0.297202806319112,0.548456742395646,0.483466295872151,0.6375729569196329,0.5625306161392121,0.416873718260273,0.47366939566723293,0.478033279841915,0.752899164241076,0,1,0.5,F,-0.0190880169671261,43,82,75,138,0,0.5
0.432844926811541,0.8307250071697758,0.755644318873804,0.267632685520747,0.5843591327441789,0.6466000919435361,0.621752346348454,0.505426873777161,0.400412249125196,0.62292097090711,0.48972057277910297,0.529784806427399,0.5357496601992341,0.605632415199315,0.49851039045643797,0.39616921273370503,0.397378074052619,0.592562854192662,0.351235531353305,0.44272052667916,0.62603633948963,0.5296818322168231,0.569987291415189,0.40820488637116,0.45416235388415294,0.4301084250619171,0.5639751681362679,0.6558863508775781,0.532339489180523,0.380153280154228,0.5001758386596671,0.919174227112713,0.7111148917514759,0.617178769109339,0.5347945732953321,0.566765759406104,0.45235514823855,0.484004498390885,0.812056144254718,0.461205044904135,0.36617408727036604,0.27577364597792103,0.517973027383693,0.567115876113333,0.5521784265986371,0.531799223493426,0.19908940241885503,0.586763802516598,0.146562771523791,0.5097913830803821,0,0,0.5,F,-0.0151781014213019,43,82,75,139,0,0.5
0.4059141563967,0.40495477073384906,0.639932038896339,0.518815558191674,0.9143312249711301,0.5681101533125129,0.523240844972626,0.8224787738908471,0.44103394093046894,0.28681601487143105,0.50068201064346,0.288396403491484,0.795298723212675,0.6280975362084079,0.547981162373557,0.282928616932148,0.538930032954296,0.22037496149262698,0.4775532268581121,0.624654878369787,0.35461478985226297,0.6049803367776411,0.6414624736679039,0.6141876191107839,0.39209245504710494,0.6313161665984339,0.512235382760768,0.524109504433674,0.811978659173124,0.530058900554408,0.606956296033177,0.21487710917655498,0.452382149310709,0.727837162310085,0.8648391742313059,0.6252074917458261,0.6401807630831371,0.306580225617619,0.270689970363713,0.5894816763333299,0.38151814911823495,0.5528874701000309,0.909757182095735,0.47706063273284294,0.552170890459658,0.5542312121383609,0.226067582607547,0.5764165774310329,0.665667124370603,0.4906310424980871,0,1,-0.5,F,-0.0094478633960301,44,83,75,139,0,0.5
0.668871735543321,0.7300664030735269,0.339956376360804,0.5551175488135109,0.286173358374052,0.6464677037751999,0.34988555146885403,0.613095138853515,0.5760710902666689,0.25807435867845396,0.5695501296475439,0.359958228943831,0.702091511947879,0.7505136459658579,0.650437538244964,0.28648360752821195,0.48576296603802793,0.288271543875217,0.199797528758916,0.35516298754884207,0.64736389657769,0.44600831351027204,0.39005508165867003,0.20495962818638802,0.520120017937591,0.592533074985819,0.41081810615047,0.5073114700449199,0.540376574655779,0.723327033674306,0.6074780740684781,0.5309883881088329,0.623528493308637,0.742475617080735,0.41361816755046205,0.407498820218469,0.522932488658452,0.510610732516367,0.62439288317981,0.48830373161963203,0.467230023603741,0.6118995324341789,0.631980853736217,0.422542815563938,0.567161834233831,0.503853101184259,0.45088489490160705,0.428631573393567,0.504098091577289,0.681506481930278,0,0,0.5,F,-0.00559380378657481,44,83,75,140,0,0.5
0.633876658135225,0.471079329697896,0.381575936630323,0.669339357552999,0.35040085841551805,0.7018204638781039,0.254538026767931,0.7160307382106329,0.452039767934128,0.5208160815422009,0.597198007830546,0.519426818961283,0.442224187735568,0.335022343328825,0.8828228224393759,0.6583597553431421,0.5272953755211041,0.538463720412623,0.665067518986621,0.370964566088522,0.204633816138843,0.42809446211254,0.502350348437139,0.645003405164886,0.5551138271618778,0.677523410083811,0.453988457955755,0.5518470230427149,0.48634794456200003,0.320209259907981,0.44837087604952497,0.450865902696184,0.608256958769106,0.324034257822779,0.41141378303484605,0.744474599127905,0.578165867928452,0.243391359970561,0.298169546849318,0.499976028837246,0.37847447151968205,0.340747684051863,0.561383853079634,0.38962016627770796,0.302015636651708,0.416838305217425,0.439160544785534,0.586707508355204,0.28289730675148106,0.41376417484550104,0,1,0.5,F,-0.00888661027087068,44,83,76,141,0,0.5
0.34555848209885903,0.41381498976288,0.569231062977629,0.5788870029093031,0.7785442410837958,0.649794798774535,0.3426656201952101,0.42341595295656004,0.5603368890996819,0.4776296079235511,0.44473920065523403,0.36756031461677097,0.815566810700903,0.48180850002819003,0.511532600076682,0.365369852490509,0.40692829099972494,0.30568041786879496,0.5919730034723629,0.348019768689585,0.6554414084445389,0.41485116639351793,0.435433381290427,0.5063542419713379,0.5263956607129371,0.45465466154736794,0.5456378690956389,0.594558297812341,0.7724815963549821,0.364330175790731,0.41924797482617,0.462070611316449,0.6019977737289979,0.7635713369015609,0.471878823681933,0.505146617086628,0.539186039652593,0.9031268004392959,0.48297712253905395,0.691922198885136,0.6774917583672639,0.40433728772891103,0.671218383964624,0.585871339495871,0.670703472442343,0.555380646516845,0.7824839928865649,0.626173684090492,0.5143354580936099,0.515273971626909,0,1,0.5,F,-0.0121330391990497,44,83,77,142,0,0.5
0.30859798091458696,0.464867667354224,0.363702760261849,0.44687379571035496,0.736576793192534,0.0652032875275676,0.6098645473019971,0.442781552862541,0.7346176398088109,0.606667526085066,0.6015429293015029,0.270474716030205,0.360234048635128,0.7653568935646379,0.572893271260605,0.42176271910448404,0.5946173567518279,0.168592669822637,0.48395590694485796,0.697513849732204,0.491015195746801,0.581121770244916,0.3885470291443521,0.30099379599402504,0.292780976717915,0.4519960507644729,0.4700921214926989,0.6033445937135931,0.329484569126348,0.7318622321470941,0.3516960365913211,0.705916318835505,0.594255564482379,0.40442421134130396,0.546566133854445,0.391548640223742,0.53077301528388,0.6589492862234809,0.49441484121830603,0.648084894493644,0.5597428190068431,0.40086041975842,0.49657826334092403,0.599238607678519,0.321914543203985,0.347943452972242,0.395971915754382,0.4207580774017461,0.47029210166261604,0.593178317414041,0,1,-0.5,F,-0.0065392354124749206,45,84,77,142,0,0.5
0.47928555248524,0.6135585111567691,0.742592112451427,0.3832427154418279,0.799322476748739,0.588162503202839,0.672121178109744,0.636089476162442,0.650697118255298,0.642377628755891,0.409146112845486,0.442283830244008,0.6158089284956291,0.478867912872044,0.5183444621134811,0.5240215671586239,0.3789993958979829,0.531615662738931,0.346716943451894,0.489786705070908,0.8056866604973539,0.492074092395614,0.644278285038865,0.502395302498079,0.313602198148802,0.47436799022856896,0.465675352021545,0.362759366303813,0.324397347216922,0.573925604251265,0.6615114761962211,0.5926777220820529,0.30974807848108504,0.787870878815774,0.583768321822098,0.488633704466168,0.37399275781038105,0.731478818384071,0.492192425498096,0.506325210948433,0.6141643422054941,0.38041447994666905,0.479126602074046,0.44428654122892497,0.44155173764785605,0.5196040499919171,0.6814509499344491,0.58486568288199,0.464847595405322,0.289165751173792,1,1,0.5,F,-0.00107705053852536,46,85,77,142,0,0.5
0.5126337449705121,0.171725839859264,0.432493828670506,0.600110494508203,0.380773882508303,0.567474031113221,0.679558987893341,0.624275039472415,0.42831573272002005,0.264389156942776,0.578688268589307,0.458984129889103,0.36713034814869394,0.39006725763434097,0.559973206445275,0.561510261971361,0.33535068434522997,0.333291825734293,0.637118593551288,0.330687384640737,0.529456006270665,0.635136943848484,0.522100641053584,0.471945258142275,0.41867768762993895,0.633783669218952,0.54042687018709,0.551001252607393,0.357559904820524,0.6266452269122479,0.26265337796412697,0.675955223922711,0.6396685137435429,0.42926591094748795,0.46839628576862996,0.702522790603895,0.431199946423663,0.554448955891461,0.32160154368835103,0.323651884799565,0.5093755063900539,0.5736838962808101,0.540807142517152,0.38229471289593503,0.348247756741429,0.6490901221997529,0.282735388488673,0.6128669929744351,0.513904153924946,0.204367452126626,0,1,-0.5,F,0.0042581067802161,47,86,77,142,0,0.5
0.45772685799363705,0.7805489323154821,0.543550100060496,0.327047540602788,0.573733804946636,0.709660035662992,0.377343068588274,0.403934651812748,0.60204855479686,0.511792832218125,0.35628690006350205,0.311945713906625,0.392846744937105,0.502726117871578,0.5472332828201789,0.274279809044704,0.4713947128463521,0.438754487558282,0.44317713112377505,0.525725557573933,0.24410979845315697,0.655785971932386,0.5773933495835071,0.6291707421570899,0.490702815978387,0.47845136977820396,0.5526261961982779,0.26168170641813604,0.42556692407021596,0.446863047427009,0.692997918063896,0.666574335079409,0.44628704200394304,0.40532822314833,0.351487942007773,0.5752991049345629,0.394696923305036,0.35555667313157496,0.357334950473086,0.8064186748609179,0.47690528219170897,0.6343696334421359,0.488672811035507,0.657506665673203,0.495756767419872,0.47280328779319003,0.208326778558909,0.6685163878831,0.6604373028928039,0.45373011116842704,0,1,-0.5,F,0.009470616804273859,48,87,77,142,0,0.5
0.428342832046061,0.620305809214661,0.352931086629844,0.36650690155074606,0.5918739888722641,0.37446485846295097,0.6054619672344219,0.4197608661620221,0.721698692509246,0.518095493213358,0.27595882704796,0.532054976557034,0.39995450484002704,0.651600312684589,0.542405577148055,0.0452452690570978,0.610755179700753,0.132766088282749,0.740174447930742,0.286984726120286,0.43355217239300703,0.5297547257408,0.47754084126547297,0.534054308979776,0.426032623432176,0.534555203643433,0.48449346934021503,0.454826784027192,0.668278155950634,0.8053629530561329,0.514464358617642,0.394087254672661,0.528046552418269,0.688125443013825,0.582773962910708,0.574960137336566,0.47324935572404997,0.599597641967663,0.424051075596293,0.585911383551421,0.440334600443096,0.40858577121638795,0.421329729734985,0.439000616697155,0.752644127106735,0.49762642102835797,0.186345767519808,0.731926316958379,0.386206775012248,0.6075566530951511,0,1,-0.5,F,0.0145646606914211,49,88,77,142,0,0.5
0.5090659432436929,0.465609126759939,0.4561857028803629,0.44605339364346,0.35847379753430203,0.551545578491864,0.21050761335326898,0.64873881560305,0.5078247977428341,0.572329666056322,0.0775045996799887,0.447792695268841,0.57282190144797,0.6486898447098289,0.644768285806031,0.138656841619972,0.5818651385686441,0.410441964279737,0.44317464622608105,0.49310024281141207,0.6869992606251949,0.40432485627732595,0.5919506756236089,0.7467690800677771,0.31969471458459303,0.5995948161634781,0.5892513369561171,0.343594308103474,0.478607335783377,0.6313358339112621,0.718263733865403,0.44042307586571394,0.26509766513245897,0.365892163428948,0.648747488029003,0.5793429073653089,0.34975774935619397,0.66322871202329,0.449280660536284,0.612663930623533,0.613418870724865,0.442039018582322,0.7476911672770931,0.64573984357805,0.836124829886885,0.478132379884594,0.6464166240430489,0.264716500699897,0.340561816424319,0.5547689522951911,0,1,0.5,F,0.0113636363636364,49,88,78,143,0,0.5
0.42329078256293295,0.5190994036054529,0.673745693715461,0.5171883038980921,0.432260586709176,0.5908602606591999,0.792793824023715,0.8398405248383131,0.442981413496145,0.406637343442608,0.29308816410746,0.48775339469328904,0.28119858968056,0.366251931823653,0.5555874426152729,0.55886622571445,0.42395613590312703,0.255282999973521,0.581939969968365,0.386564155363774,0.602914508696212,0.6855078856375091,0.41979842350075,0.47610542282944895,0.5755032542318199,0.48706139339836,0.523032213525503,0.558404701323611,0.49620911828590997,0.6044418585101701,0.426245695540123,0.32020564873320195,0.20228659758789103,0.433607974965775,0.6732925728166049,0.797949161467723,0.577705029866947,0.629163107008674,0.650410906628747,0.6877567013333828,0.385279224769519,0.6409828933795749,0.614355713409477,0.5877449462500239,0.7233030023577071,0.34753707394340805,0.40389155796931,0.29625944986115504,0.611986727346047,0.35156771850079105,0,1,0.5,F,0.008207070707070609,49,88,79,144,0,0.5
0.6068622840059781,0.461480968268149,0.360687698531259,0.752339273156295,0.650481532092144,0.648651501350484,0.27496033196966807,0.37365728397965103,0.381565828736945,0.47550912818210705,0.395953819374899,0.401672122447373,0.5003429275986839,0.546706473509934,0.629247815320674,0.30108912165018,0.455209424195396,0.40381696387397903,0.402187380129577,0.7314547137352491,0.41315190796499396,0.45338374894766,0.547532879598277,0.37222505160478203,0.502887360757419,0.5158960144864481,0.443126869559677,0.5347343496206131,0.513178920847782,0.22921645676322897,0.141270775821759,0.509955918360056,0.7190610610199709,0.4603266060929821,0.41806934283972597,0.560972314053993,0.5892611668884139,0.439939119362782,0.599248027760645,0.6140002768995911,0.35246244527027004,0.710302674594917,0.46521129158575,0.519286939418115,0.558982078374929,0.430320382608745,0.372481769029666,0.579295598237944,0.353817142396063,0.278937492068086,0,1,0.5,F,0.00509404388714729,49,88,80,145,0,0.5
0.40599395543839,0.666867675120411,0.462479109430105,0.563404357110324,0.637785362627129,0.6551877130491129,0.524357933221364,0.5525666626227851,0.614982496098708,0.54787346791235,0.5375072255743879,0.163844953395203,0.30113847435825297,0.206322137367089,0.626337667572052,0.42058095238591997,0.43875264413347403,0.460887517282151,0.504876031231647,0.821048380587105,0.5760050079114389,0.438761357397677,0.429472339273905,0.46870924653447904,0.515910094572872,0.393953866092095,0.357878081424379,0.34644441513575897,0.683588158598259,0.422908362736725,0.291657310195927,0.6403599084365219,0.524871195218656,0.6236933052115071,0.41875430012353493,0.421657720820551,0.34988896881799,0.898519586317438,0.435385476307844,0.84891662797263,0.35024052224802693,0.534221291280285,0.420454912989558,0.368007157949285,0.543802452433253,0.49921087423435206,0.376332030508433,0.44463412959481396,0.637061182636067,0.45562849721295295,1,1,0.5,F,0.0100736148779543,50,89,80,145,0,0.5
0.625332767839225,0.826802967432065,0.547429906336121,0.5614532346877321,0.4628335488640829,0.651500131980493,0.6382239526039871,0.367798906995282,0.432532080773619,0.430752028296019,0.671927022916518,0.320190653267803,0.674266574314763,0.5052692699471201,0.8363039257047759,0.19601534931135997,0.450505063231867,0.39558476934281395,0.7723511192766079,0.49202785113671704,0.527599060044499,0.752327472027005,0.621367780574713,0.52741897127181,0.410261537564659,0.401071639428913,0.46414372860275604,0.33997398276031504,0.4266814226313929,0.353168349790966,0.4208318537602229,0.735021904245817,0.521322966650956,0.41170882878348103,0.557039211194606,0.42957934009781606,0.5336747241973879,0.350655547896203,0.40469630709360205,0.648380905384449,0.372720376923603,0.236382815352108,0.592291352216161,0.627984834625578,0.580159205524182,0.465687633091426,0.40366384079725304,0.403526824824148,0.443273045185386,0.396115198289572,0,1,0.5,F,0.0070032322610436,50,89,81,146,0,0.5
0.416169573902211,0.530733493795608,0.47352451679733704,0.278565344163291,0.330355537574822,0.558205147091974,0.510364461224862,0.703131489081072,0.578138217030428,0.576080606524178,0.661961411058338,0.47084607829551506,0.395353999168951,0.3486076287702701,0.8155711230949871,0.142409262346301,0.464172891774889,0.678727903231022,0.373789000414351,0.6819290338752779,0.14009795659427,0.6065035097394671,0.401425672967757,0.38816815527636,0.290049156389018,0.55694622096917,0.5109399284381121,0.43700826989675895,0.675606319092793,0.8163881531189591,0.555613497449027,0.656705308048347,0.516665204077058,0.387785969910828,0.5158892677536211,0.271056122510666,0.5219276744736769,0.342390932338977,0.454131546494597,0.6879320847355149,0.532548254334284,0.413482531703339,0.787214682261723,0.481413543737984,0.593112373350024,0.5566054677984179,0.371941642602039,0.637380562875969,0.693471958529214,0.487231030867759,0,0,0.5,F,0.0107773446457236,50,89,81,147,0,0.5
0.508425957735092,0.47256077887566705,0.333635139509135,0.41209771680368396,0.343071289085201,0.5804205695815551,0.607796635270788,0.610143503919578,0.402004981660232,0.39540817472832596,0.52426984456431,0.521670868819364,0.46144827037916397,0.546145371666462,0.656286420129209,0.603422197581025,0.6526810168799589,0.5417743522352411,0.740271049823192,0.524454843932756,0.522996420635978,0.47399986166658,0.515641919136298,0.576640709789534,0.25491421999267605,0.545766409907555,0.5941534934297641,0.35597573257178,0.5785688985337378,0.17840848482389698,0.21031906610357,0.296403116507089,0.35966554544085294,0.393463080815991,0.608616897692828,0.367930751356439,0.5774699650206079,0.6917178440462389,0.228889091895415,0.481289650232169,0.4733479892923279,0.46982333820436895,0.35649010799789793,0.49388713600517997,0.43693517013616295,0.48654409000529997,0.7008439938498651,0.39705868878943607,0.42393142467421,0.45557333485210605,0,1,0.5,F,0.00774369875493475,50,89,82,148,0,0.5
0.47143497871210205,0.487491544694255,0.44072883506431,0.43167200775991604,0.6074482782634689,0.7197485035868879,0.496696536272149,0.467828397741349,0.6633527646339621,0.5661892492021179,0.664507162015375,0.483551390743919,0.427550160032441,0.523731083239645,0.7339796959692291,0.7328158154351391,0.260313355367216,0.397285521649998,0.13726497310556,0.44608784133386103,0.401684378402595,0.595895825402967,0.690082471301831,0.559564685413032,0.38768968513374,0.806247828728294,0.23607617615310603,0.302565446685213,0.52055406442967,0.670795344230541,0.5398282135563259,0.387930778014915,0.507674784409036,0.49115158132956,0.34925604992463694,0.552103128765839,0.512099080537617,0.66600917089112,0.5877019355028941,0.491123630170545,0.223867325447285,0.42981209654099206,0.504113595836677,0.485136130624168,0.523781582282775,0.509145484690973,0.5875628779893579,0.584934362651525,0.643006634390561,0.579569386470265,0,0,0.5,F,0.0114621823391902,50,89,82,149,0,0.5
0.442255761200229,0.88510242998722,0.634146080438739,0.79767659101536,0.569813368514554,0.667299274196229,0.571094110929105,0.572837024575167,0.5077438662123811,0.416439789047288,0.654649103238149,0.617933731230631,0.663787974916605,0.75619510596396,0.5860069536487801,0.506636303046195,0.46226645722398707,0.45117357569009403,0.601919107947837,0.453848158393615,0.691334457644053,0.561019553768361,0.5489313985845821,0.399730045088195,0.705050847106646,0.43702794823410207,0.607679531834506,0.546814945018596,0.644094978414092,0.48339290281992203,0.477407572217842,0.5058261884712579,0.289624773059329,0.6352045414114611,0.6897131329865229,0.297371517495821,0.520918642326366,0.4353946864375421,0.470929205661747,0.729285047528234,0.38926536552621605,0.320720926463642,0.44611439271229103,0.548995353465104,0.422506145965117,0.42420004445146703,0.7787876184625501,0.8129680179809399,0.5010244426778859,0.409758778710974,0,0,0.5,F,0.0151310861423222,50,89,82,150,0,0.5
0.353448723658687,0.656011957377811,0.43546257296219393,0.0956009696271488,0.581607394694107,0.534865865073073,0.435673227438372,0.303475637047028,0.7169097338014291,0.690678403410244,0.48537921773299203,0.17072350734573902,0.5947457951831999,0.618496819619201,0.703280837807654,0.629924549302789,0.554686003594015,0.57431632070103,0.536223491896065,0.655937926170162,0.41386571500356206,0.521356342497407,0.534114301280741,0.17109220682813903,0.44519930295379295,0.716457978966142,0.22742116390713601,0.446458252143034,0.322315951787627,0.6513892044464251,0.6408216021070621,0.36370307404452207,0.402925051597137,0.28621176232413503,0.328149329153302,0.583608074242562,0.5744668619187839,0.517779826681453,0.609935276692174,0.6092061266157021,0.67528139056737,0.277489713013607,0.614377793330916,0.16621753220036098,0.3645345564492489,0.634069609301687,0.131272245418164,0.308560270462322,0.5684117006417211,0.581301420040343,1,1,-0.5,F,0.0121288786368033,50,89,83,151,0,0.5
0.686525991465976,0.523884935390549,0.33560832006055796,0.542306718554277,0.551735012780558,0.6815006253521021,0.49752540390859,0.782435403050317,0.47811344872753503,0.36625539550777503,0.7783892737418291,0.396479014670314,0.643916692775583,0.9144239592859359,0.7248585639740559,0.49529901023267897,0.416750364516951,0.574679179156343,0.45072893237190603,0.516851845205781,0.5312236911838439,0.641908537454357,0.49463670750402006,0.553245103185445,0.535281657520579,0.6712685882814979,0.42691892921745,0.517191326846893,0.7419070604187851,0.555954724267302,0.45832899373768204,0.497638619445804,0.447211968663116,0.0,0.8144493057030558,0.6672505951466929,0.6147346137032529,0.534645012207463,0.59375974320562,0.33720834480727196,0.559740868995146,0.288798958708173,0.515189123415349,0.592222361032687,0.516099749887532,0.365326983425269,0.386262169920229,0.595175255994075,0.6256330020200369,0.33249955935377,0,1,0.5,F,0.00916617386162033,50,89,84,152,0,0.5
0.443055715830305,0.568322656541144,0.5155384916422621,0.34764399860786793,0.37953347076861105,0.35227140311791494,0.648065804368224,0.5523611331917071,0.43654714752056895,0.46224021987319996,0.266836332498956,0.337200006184399,0.37234404191265,0.5079347418758421,0.6715237627414389,0.516805541804249,0.225788787912317,0.244885346075228,0.530178289491935,0.36990085625742897,0.40820915103777106,0.407203425359372,0.610618443061136,0.5261748119142271,0.541718809388942,0.52541609836426,0.624818225607125,0.39960709189060906,0.649148525095738,0.5171389333573,0.24846223998897699,0.717237229384148,0.549169046428529,0.626561126266122,0.567171668276501,0.6094747651263139,0.5565387460488149,0.362553073623109,0.659456193058332,0.805980322230274,0.42749164591179295,0.7141333695804,0.530360812949038,0.47124777082471997,0.370104986567318,0.581236128660499,0.651088928703726,0.565142141939831,0.5064355075350909,0.451673835983565,0,0,-0.5,F,0.00292397660818711,50,90,84,152,0,0.5
0.47758899690222295,0.576235066952563,0.3885737909098929,0.7280152993054431,0.49592177460637604,0.497998788797927,0.30066847504799604,0.6280980530995861,0.522813317261858,0.42208532878341704,0.519056905393593,0.21514389808369197,0.6766830586326089,0.63230821330331,0.547411561311143,0.570214251376913,0.41832659774013503,0.18722592073080802,0.6602209420346651,0.729324332239889,0.6369179798598671,0.33179837157721603,0.553082860482712,0.38718606252448,0.303120780133926,0.48427649050978494,0.505328324255005,0.426240496573378,0.377076917096359,0.39800006561774104,0.424383490126561,0.34392505309682603,0.27638991581944605,0.440167438748421,0.523312762120382,0.603322476800316,0.30916997577601696,0.543689506493848,0.268650555829182,0.5719732295032479,0.141228145218911,0.5697237628780961,0.7735570586755741,0.44649884763104497,0.6004274607743101,0.545618660904169,0.470962785744277,0.623935158929211,0.605640768765848,0.33488474107161403,0,0,-0.5,F,-0.00318102949681898,50,91,84,152,0,0.5
0.6639369549718609,0.49079521293162204,1.0,0.564546109824146,0.394407579964122,0.368839394156923,0.158636142780859,0.621337457178967,0.36666139536531106,0.4863330005067229,0.43226802903742206,0.6902494525001441,0.6237069379426811,0.604072896224992,0.5348132235980999,0.43003058823648704,0.497316445270181,0.47859301242171004,0.702559350706156,0.33253572992670694,0.714794677027396,0.5702005962486619,0.596053196085673,0.362323418143041,0.411307203617505,0.555808705156027,0.656017120456053,0.414703927494165,0.496040828336671,0.333405115823985,0.38540700973323905,0.634643927252073,0.6306013528355711,0.43178293253599304,0.36648403126275003,0.719930218498985,0.559516175227896,0.771532163866256,0.697102998765391,0.51033551948791,0.33225504217413,0.237240159989589,0.36616906308433506,0.5510582942243629,0.551150365847004,0.764374001694487,0.6514753690114521,0.6899957753559971,0.7833469221789621,0.680954656454381,0,1,0.5,F,-0.00610500610500608,50,91,85,153,0,0.5
0.511648119518965,0.518972351655236,0.638541683550983,0.5811561834364499,0.537063459148302,0.451491138826742,0.51113682801773,0.920677557122355,0.818942097695194,0.580736592303324,0.7404679913285049,0.306223290121185,0.602321713409713,0.6788959672601109,0.52620216615902,0.6776655505931011,0.578782973084572,0.628094197933266,0.16797452360620999,0.46358411923551396,0.693692696142285,0.306015455955163,0.368603985815872,0.43959084368828005,0.553336803713714,0.542541955647189,0.578559771119725,0.31179113050519897,0.7225326647499829,0.159803267050181,0.526589406852217,0.54122483137008,0.537398383397907,0.5364321640827779,0.6140492623244499,0.38321407556909204,0.424136136032401,0.559724993064141,0.542311713441088,0.29210536986631896,0.37146384164475704,0.51712057640453,0.465210524584382,0.626571416816007,0.38250817895786504,0.7078508755486719,0.38766357312258104,0.33851087176065897,0.28055634998762,0.26516119508079505,1,1,0.5,F,-0.00120772946859904,51,92,85,153,0,0.5
0.5644619325838239,0.46052600362206,0.5029545894998211,0.389370254083258,0.723383966823947,0.46194579519543105,0.287746503143329,0.657482521101933,0.674869195303092,0.329300561349351,0.6731003809663111,0.401243398912686,0.466957139669823,0.637572890877923,0.5247133499851749,0.24184961441782798,0.528442272478927,0.44463914407956706,0.5574018949412779,0.637337128979221,0.6364101115532529,0.49594421625128904,0.606274125899814,0.545109522674478,0.41995232375159497,0.460049116997979,0.37892835536801295,0.29712693670838797,0.672511929036313,0.5468646833993329,0.40962672541850603,0.418596209252557,0.477266240724456,0.233072528065359,0.48853329663729794,0.726456801341953,0.694411701312271,0.586034787631169,0.498941753151258,0.434377917532684,0.43668981576487104,0.48406037226588794,0.73183618651655,0.49350470404371904,0.5568894557563461,0.536013588260045,0.41505356369385493,0.586324763417828,0.25937984394636,0.480390418267922,0,1,0.5,F,-0.00409373235460186,51,92,86,154,0,0.5
0.516701400569183,0.43867012562775703,0.625558025163383,0.5539055529811899,0.502580081182082,0.7201845998079499,0.356565728966814,0.43712192518821796,0.43737270542528794,0.32021694111186305,0.494563541782502,0.389882501192463,0.7273847629585379,0.424666688712127,0.5400116675948949,0.48264925485932103,0.375546236765796,0.510730812776929,0.47363472351780295,0.493421911878016,0.554137706359718,0.5476132420676311,0.631878760515151,0.331797413557017,0.52593535055114,0.6158295271798471,0.509488346655791,0.33220568350642,0.610370604637685,0.41582858574966,0.341951631470847,0.369429760340063,0.37499353724165796,0.383995853016063,0.4769202495882971,0.7761069693722409,0.6357532731442329,0.552869866090049,0.604140560590105,0.5964180595456551,0.267763165476378,0.8753247350268909,0.789398099404106,0.6065577096070129,0.5486890006923171,0.504550293941159,0.280719700050674,0.5853779370804649,0.567695875497634,0.5031200433246671,0,1,-0.5,F,0.000698226504678101,52,93,86,154,0,0.5
0.44672440213085896,0.6181077386078989,0.524518660842165,0.314107591915788,0.615527893964843,0.8624741455216609,0.425081737334374,0.38397498826221504,0.7195009789873271,0.4425158041885421,0.34437362717674797,0.359048253798289,0.6955529612810271,0.42394064172772206,0.7907482552093791,0.328499019369374,0.475495477519219,0.553735034569605,0.48157813168784297,0.598487302558833,0.600328521250329,0.4462366204892129,0.325970127952703,0.567632782046476,0.576674284627535,0.482622827823081,0.513848614275473,0.44071218226663894,0.40496244272211895,0.528442933660039,0.29806259979018296,0.3973803473383661,0.5677239576483629,0.396092257312269,0.7058932989043629,0.504033638736101,0.6392573338783549,0.5062683971469389,0.481083676114965,0.7438624150591031,0.460031642101012,0.570654367393355,0.5643839276887329,0.458492465668498,0.45727334056312396,0.551413453721241,0.49474859441349794,0.610236389667412,0.5115101519854229,0.29873007018307896,0,0,0.5,F,0.00430107526881718,52,93,86,155,0,0.5
0.400304092038894,0.30270907379442896,0.367779845743447,0.5247599929558271,0.694728076396224,0.544189026071183,0.35708870985501096,0.642651054849428,0.5047219703811029,0.435514513419889,0.320799956099505,0.554043773341187,0.35360281198283294,0.5697673795274871,0.8784921975763449,0.6838757911711679,0.513019411891963,0.601436056944878,0.7180340656152059,0.652189829466428,0.16709714006561902,0.695957961792801,0.403443765270073,0.43309832412172794,0.6961290355723371,0.6732632143073821,0.43437140768181803,0.537767238186618,0.35383290214250296,0.671590222916557,0.288567399733583,0.694635344666249,0.30395231826251695,0.650957391007475,0.36743657312283895,0.60298220072385,0.41656850070233203,0.320398071131068,0.317504148089651,0.580885419376031,0.257989600839013,0.220150775911788,0.48293616542770706,0.41332573944687107,0.592333435677447,0.52036031923179,0.31801202346639895,0.455057423314073,0.608680211477535,0.34331713702969396,1,1,-0.5,F,0.0014474772539288,52,93,87,156,0,0.5
0.635740127461308,0.5349288747416311,0.0611027410446907,0.194037958403494,0.651530166194188,0.62310692840514,0.4344086355758561,0.43299817818225506,0.601200830598547,0.7075811811849351,0.592635727263769,0.35726715391339703,0.732967577724471,0.40497695208277,0.6788300413198181,0.251186934907806,0.53211020436401,0.40896235200783,0.3760710330067729,0.785771815432653,0.318751213702125,0.629775030802545,0.7205052854575209,0.5499070750744219,0.391156054901469,0.473726263447454,0.433648899521029,0.403625638481111,0.40728584586621797,0.476835412037981,0.41078012457297297,0.520812314338274,0.625634484459025,0.597509946508064,0.42475942031128205,0.7921507302371229,0.39840439963359003,0.44998358891771795,0.48427145859393106,0.7798994783109409,0.491312246177859,0.40807777664914296,0.6953598405482021,0.5793443690943679,0.47383262783284397,0.625574511314906,0.481653726241515,0.556845235366156,0.424781177939719,0.852800403026025,0,1,0.5,F,-0.00136976919389087,52,93,88,157,0,0.5
0.486949810575632,0.650072252419778,0.51460910283763,0.443565074982822,0.48118678430708,0.885882594815961,0.40976764024578993,0.435189596807517,0.281664458071539,0.5674792061069001,0.23830845118092198,0.734942150203024,0.5007735039236,0.6051296622668559,0.623196022015831,0.0579533458909415,0.6067791766906079,0.5133778788777871,0.43050619999602796,0.447071857186573,0.413406524921043,0.614747961398609,0.3780918881196161,0.35420964651971504,0.339983352715777,0.63664083407405,0.5050903160795079,0.5316119263130821,0.5993644799779029,0.631817199480567,0.6063615672771171,0.4618100155103621,0.733277693633649,0.5567451811604129,0.8614801653788149,0.687763579042951,0.174767908227572,0.32560664397512895,0.331359070378638,0.545098661007141,0.507987668590257,0.587684212815341,0.558534613936531,0.45713576603059297,0.36565621570972706,0.356353288080166,0.37700562542113497,0.6330085279780551,0.726916965018394,0.25424019142118304,0,1,0.5,F,-0.004151354294269829,52,93,89,158,0,0.5
0.601321202618963,0.509665236987732,0.311368119410521,0.5624305824795329,0.491219403345742,0.5581050093164921,0.5921094867751321,0.435831652340285,0.21859435738212699,0.450181453789308,0.8449233743798491,0.460230080116503,0.8458287758581601,0.47913464894328495,0.696735464681181,0.490742789681753,0.277466762883768,0.441639949942719,0.589727431227029,0.4572035071567321,0.8210443123940592,0.41956456308471096,0.4609952146713329,0.36658057956701295,0.43706575865513203,0.535863154438913,0.328796399984367,0.558270315690463,0.858821399581956,0.401641418406307,0.41957349292215707,0.399812859790044,0.31624968612049104,0.6966325639884101,0.602526556902124,0.5572275054211779,0.589097333247662,0.746051063257067,0.579794748757553,0.47398692353205396,0.34890188079827006,0.426168118036329,0.33134056153256103,0.608597026252843,0.663016306395932,0.5747647926223171,0.33104527199059997,0.5122238002047009,0.556771571055786,0.448967939149025,0,1,0.5,F,-0.00689795090282008,52,93,90,159,0,0.5
0.5426478241490901,0.712240148734825,0.776304786489355,0.449278677678869,0.844641590612293,0.331780694893685,0.6141335984297739,0.5840094348645021,0.5098383484218251,0.426572775978252,0.7329879393212341,0.6161823319916621,0.665731727893466,0.584652639612047,0.56762743514073,0.195568235508755,0.216563947817074,0.234217412792877,0.6684501839790921,0.160743356218687,0.489349601000571,0.5131799847052629,0.485169067692034,0.4122870682594179,0.18978822171918103,0.46565633594524103,0.530526876563574,0.451930244097704,0.551136933633999,0.4035195375913811,0.421216067442557,0.584968130562164,0.46323896887659793,0.529971544728327,0.416222201385217,0.58067047495782,0.47895742033257394,0.7867875269493521,0.307811391178794,0.47648486451255,0.342037463985344,0.451199668707837,0.676749233641018,0.533976695558009,0.36126918340694303,0.533465687920447,0.50250372683437,0.504555535928008,0.208521420856108,0.49190914116323603,0,0,-0.5,F,-0.0128462464873544,52,94,90,159,0,0.5
0.412794750442714,0.502312203217532,0.362419345061149,0.542421508307747,0.6095548963765229,0.5590503424376639,0.767368618109375,0.542385265797277,0.415143764013831,0.37147644656440004,0.41515231820608206,0.538848356843081,0.732896277981859,0.16646988543819102,0.7055454754039019,0.295584622400133,0.38103143405355894,0.48246383266098797,0.629515879904166,0.439206305843263,0.364204449291272,0.471417043492896,0.649063047755588,0.488315615653182,0.667702538546569,0.31471889952062104,0.7461516905516391,0.510175767968029,0.43772623264978205,0.248200372996346,0.47346617498824894,0.3718781879105929,0.5285379432697561,0.50155944709928,0.374034764608799,0.430421536567119,0.48691086850042603,0.615412935510567,0.453211933505906,0.5009020301211661,0.3622952500671989,0.283802338205591,0.5416732053179071,0.34353455588325704,0.590219701644093,0.482432154067636,0.359865218980012,0.825315091877911,0.629470235200873,0.90415569155764,0,1,0.5,F,-0.0155585106382978,52,94,91,160,0,0.5
0.6792386963186321,0.6005255548391739,0.38972281527862696,0.539172485795116,0.6686901121310551,0.544129229852649,0.509512175634089,0.616141705836105,0.556687900700116,0.44076455202262393,0.45967674890062504,0.547022752896652,0.6572478259014,0.375502389401967,0.6447527425155639,0.48826480577544606,0.576704138657482,0.5707214504759991,0.299581729295959,0.5673033617078239,0.437017561693146,0.583464931015419,0.5818521192257861,0.39851586449572995,0.577699140947114,0.383024881191813,0.343767149732918,0.357734868904448,0.477568787221151,0.33704462272975805,0.21101906458646,0.319954900338875,0.439033374947719,0.50535670949726,0.53082066842509,0.548214483105538,0.558062242006635,0.5025849111123439,0.6714264243585071,0.479453068994435,0.690193447513597,0.362251157880674,0.5609334497732309,0.146286605776716,0.6338054805069,0.354645890720702,0.34736339370488695,0.47629508948578203,0.600800166139712,0.485307077794659,0,0,0.5,F,-0.0120259019426456,52,94,91,161,0,0.5
0.436298107967623,0.178650987546953,0.384622131756493,0.516829570333894,0.595411046035082,0.55420657561624,0.538965200101778,0.799825190644235,0.6437590753757729,0.462195555627554,0.51600815935111,0.26710016831546696,0.484307587253334,0.124938083853041,0.566128647896716,0.31097605307088205,0.5188665020828189,0.5135754540865589,0.615712524376178,0.488229570066628,0.577226363789048,0.594458150805365,0.416674125401463,0.6196742130551689,0.540022496280974,0.684469795596111,0.43392189169586504,0.571103323136514,0.32555221882765806,0.5816922188328161,0.37929261930059394,0.6735994619191401,0.6401391273565561,0.39434528931850205,0.6455334590677,0.39744128540205703,0.691966248314487,0.40423530944345704,0.458457143243669,0.41327441247789504,0.288216904555596,0.6209534697719991,0.30610648648400607,0.422398341999785,0.35246807633494304,0.36318651477300895,0.0,0.6666153309988051,0.355301500907217,0.49789980680826,0,1,-0.5,F,-0.007322654462242559,53,95,91,161,0,0.5
0.793772048423306,0.509211426586221,0.48129859598577,0.518467614326259,0.3620569561984289,0.5976086547053331,0.278378982019453,0.39866481600961895,0.48062101523214296,0.25455821660851,0.7180295352479901,0.338501371276337,0.501536117515254,0.386468451482976,0.558951139601925,0.50180380714238,0.6357871556361789,0.117727850963854,0.35523690305522904,0.51268118830972,0.6417502847146279,0.44001567305398204,0.6024271071552211,0.4013569749493279,0.41716938806768106,0.5459360448910271,0.5907776936959029,0.5725465880167621,0.48080258981330104,0.23783844170218102,0.550229912927965,0.43283387667218604,0.47013731064260705,0.5750697657585949,0.7272458869178009,0.37023699622488,0.30683333214789005,0.47495090020727293,0.0382217005893773,0.23962196687774104,0.219049033958861,0.441800508434041,0.6541001564212819,0.274998103923935,0.301511768643893,0.404502585989961,0.506466996377686,0.540791611104651,0.49362233314601794,0.511517004409263,0,1,0.5,F,-0.010006497725796,53,95,92,162,0,0.5
0.44838677034068,0.642758214759554,0.6029973880124929,0.29351398116294103,0.5035980730066351,0.47471756506008705,0.725536781091688,0.44389865203971296,0.254396366848567,0.5699825205143871,0.565344496186412,0.444550546832771,0.429943368615882,0.706244677944091,0.520160560310671,0.566609478945777,0.632253077202947,0.22899624216152697,0.526565311122542,0.468518626692919,0.8530743853651931,0.43767665357825103,0.46020067278687105,0.65966942448295,0.525061382942264,0.358218395767062,0.5235922982717,0.334047160719852,0.657770649995156,0.128014048544869,0.517047529200558,0.35610701502316994,0.316887366453041,0.521260824748853,0.4890704172103901,0.680966296607658,0.47723572842333006,0.639144120786828,0.315511334944331,0.5263648990295321,0.44668109747762896,0.7079108290610691,0.750229450709361,0.6760278381703722,0.610803864848398,0.57324096225947,0.593757852201965,0.403194485494572,0.300536823739237,0.572126965498474,1,0,0.5,F,-0.0158179012345678,53,96,92,162,0,0.5
0.680433523975212,0.563434814285418,0.608790834143041,0.273364400135747,0.468664106586014,0.575965349263956,0.306032273932036,0.6332049054321421,0.33347684221686197,0.38562962738013296,0.550112572031133,0.325174763101174,0.6881432461635479,0.672911232044882,0.6976800688554411,0.414402344136433,0.14068856442375102,0.276200855013511,0.41170328318033206,0.3853485815672021,0.35808957017079907,0.41395503643543297,0.39387158392016297,0.500612413682634,0.5204335446736029,0.533448696411417,0.40521265612584295,0.547295919215949,0.3935412062305921,0.537084865745725,0.44273514731719205,0.4414521173757221,0.403862784404331,0.619990574358942,0.613868726155043,0.444634279309108,0.511122475819027,0.401836038980067,0.313572040737868,0.34601236062199897,0.627926201359806,0.38181789500698904,0.637529946706171,0.348013768801779,0.56935558145341,0.7463310312236351,0.489221532968478,0.29627164887797697,0.5538981195630049,0.253637659657061,0,1,0.5,F,-0.0184688139059305,53,96,93,163,0,0.5
0.31626848236641697,0.414428635676029,0.723617446760231,0.300798974089995,0.5985365916716721,0.5436343246965579,0.456495311903366,0.5914116082537739,0.21133591812999,0.32000568018151804,0.5995963059831451,0.419418793802331,0.741283045832918,0.508665570080679,0.6501851592812521,0.355899827076118,0.34528399678684696,0.7195795566674341,0.5538115714310721,0.435279535802849,0.5284330547657221,0.237432879290555,0.6615934054941379,0.383848634696051,0.4681367584056839,0.415619818452081,0.557975205339817,0.37291849360084495,0.479803333677965,0.46871665990322403,0.411498960339493,0.574478037447414,0.364160453197412,0.7042592303321329,0.560671691951485,0.5822438364496579,0.31786065611518394,0.7374697518440899,0.7013211422943929,0.675404433449228,0.34148205495207007,0.49716655631239703,0.703100181034534,0.255463404540972,0.58432878363075,0.520113678061078,0.188630225689934,0.494952706647731,0.6468304966064,0.29303043481273305,1,1,0.47619047619047605,F,-0.0138511163114288,54,97,93,163,0,0.47619047619047605
0.7184211739677749,0.5830163270196229,0.46991735414264,0.7693307912696709,0.44390165616560995,0.8374349677808329,0.295030200868646,0.41192345900734706,0.33035269614892304,0.5668362084237679,0.760593218098759,0.5181414857593309,0.546889898968821,0.45289049446036295,0.5564836050666889,0.10453132661999699,0.403166972581039,0.42190922627925204,0.5402100030443839,0.682223201852067,0.35223305503521296,0.269241777938609,0.49221682913407,0.275555634454403,0.594756549910994,0.473621836995956,0.488873553628261,0.482390779358702,0.421040976215444,0.582865376398588,0.45087345460434897,0.44677759541393103,0.55002048880388,0.296368865868177,0.44869092461691795,0.5828351855347379,0.42201465032597496,0.44647210985814006,0.569554262550564,0.340700364259221,0.63152118540901,0.490892143007373,0.67111435684324,0.451455581187167,0.31477542575082107,0.32271038430415305,0.51013215784346,0.573146356508855,0.6947847196440661,0.6880117276112789,0,0,0.47619047619047605,F,-0.0103721398038722,54,97,93,164,0,0.47619047619047605
0.587121269664247,0.6041668897136079,0.384677246659709,0.40967220615427596,0.39117090179935904,0.675001520630867,0.47407085575247704,0.23119472525077,0.5547539282349839,0.5132611524861339,0.663570766692975,0.494085512557455,0.642358069853631,0.403602581525435,0.653246397283009,0.42520642856144897,0.22995283015971602,0.474363334309832,0.6037555605721079,0.43735597729281606,0.5254647220922729,0.356635533934709,0.467560499400102,0.586084396191245,0.405498667148271,0.337516980100619,0.3714754746991,0.5599529346753029,0.5393597955588489,0.465500913059275,0.495179658691622,0.652782047661776,0.563754506817327,0.49204637297281706,0.557590616095089,0.714153123630966,0.38729215813309903,0.412857708898134,0.36834386281644604,0.848399089605511,0.507889548016232,0.549378754974132,0.6021179742877031,0.54532579611584,0.23354490609680603,0.544370265872752,0.360260122891141,0.6911889458150101,0.7738791576679741,0.480354140313601,0,0,0.47619047619047605,F,-0.00693533270852853,54,97,93,165,0,0.47619047619047605
0.25343219842931,0.263296202195263,0.17078975419742498,0.4501017450087871,0.35944530742169106,0.584856845504417,0.38975214381798795,0.547955314274578,0.606875788657932,0.5622593393991391,0.847508888062212,0.40029575670767403,0.552260523739405,0.36559090661061294,0.5647875408658929,0.540949534857113,0.6629069612825239,0.605298825730388,0.711150744836622,0.5429739534089529,0.511206147411999,0.379261841500031,0.494443373561128,0.52653558530657,0.554615398756964,0.5322026215174871,0.650864432174775,0.40578713103614206,0.5957852226508771,0.6674316361192629,0.538105461683639,0.384716717372073,0.525041400491669,0.596190386263376,0.449223318059413,0.6413097909767529,0.634829972275614,0.8968351636673059,0.3376808773179831,0.42157473057690004,0.5090393350275589,0.456155193329923,0.520403697405577,0.4065086273796721,0.394117342176312,0.47169286497849205,0.203198437691419,0.551950468716786,0.549173843601932,0.630014712164795,0,1,0.47619047619047605,F,-0.00956402931312883,54,97,94,166,0,0.47619047619047605
0.170846743320988,0.24245032612268802,0.501438779720731,0.31930164082863105,0.388470559213094,0.6056131397671589,0.76536193239342,0.6440726267124319,0.578026591589614,0.505540848496239,0.551267168383903,0.383595449650398,0.378199930412762,0.6043234297522629,0.6292908650678499,0.452318825914205,0.475203339821757,0.5618374350736839,0.531257727312807,0.573983757969246,0.348254277859805,0.17077817110248997,0.29945760750288697,0.605859662553949,0.569224372804176,0.44389378914390604,0.6400136376276789,0.5753044574638511,0.19853922365541898,0.546628459162932,0.5003951083540801,0.24401028889776002,0.32606106010866104,0.269133216056103,0.573358997731032,0.58443471369678,0.660764883376827,0.180686425913797,0.40209081602606,0.265746310932855,0.5622903379801579,0.545903712141472,0.475783984623004,0.45360979064659,0.5256906379191011,0.49818282779139705,0.39358501183707295,0.5583702765681751,0.5817509363500921,0.5638903674045129,1,1,0.47619047619047605,F,-0.00504057044504558,55,98,94,166,0,0.47619047619047605
0.5505794292506401,0.538540983346858,0.516684748361264,0.622581353818185,0.516925476476947,0.6627653694560041,0.19675874403026,0.634163932240884,0.387036668674041,0.550272527191622,0.4229835440359411,0.463854127070214,0.593840573651407,0.813173274726675,0.592182887267352,0.44107688734046796,0.525841071937114,0.363375367482128,0.551416431874083,0.939042218017832,0.38862507178853495,0.33082462052786304,0.566445773852507,0.348505895562959,0.300709220007873,0.6691941969021551,0.49343702692226,0.445981170017976,0.510870654289992,0.47905813352944204,0.249733518541262,0.48140805395008296,0.4816030333312801,0.7495146864630559,0.559816730727011,0.597091943281101,0.41366861425580603,0.43867737900991605,0.370744590863661,0.634283140723321,0.537835417774445,0.37280672508927004,0.58306145786717,0.535753093013282,0.512678460592465,0.565180213214205,0.667367659039055,0.5667445690076789,0.5486619389030271,0.333120159230849,0,0,0.47619047619047605,F,-0.00164976170108766,55,98,94,167,0,0.47619047619047605
0.573371501122785,0.577045075293211,0.358179008258807,0.59736397913523,0.45433941382019,0.567801551779647,0.698582406502589,0.456044079507801,0.478597001263426,0.591450768740547,0.33986751322611897,0.41872748818882005,0.493446867656627,0.608264298197832,0.70134312535808,0.6822712665892479,0.577523968542548,0.617011914449475,0.19301387845277002,0.5715692412322501,0.574201997180734,0.37156354942416703,0.550412486102661,0.379550034967152,0.5990368100266911,0.66795826892154,0.5337156284482,0.4593966544190971,0.30849285636294,0.580047875158482,0.51605298559346,0.551250343959806,0.138543489077826,0.5025117170940039,0.3711382998270279,0.8509389796525111,0.43371219303205105,0.582095803410535,0.38950507699229503,0.6961743172528381,0.46193999044614203,0.37554685348479205,0.3980690179302629,0.47613019375023996,0.60619736043614,0.547249768057651,0.518932388897774,0.705426707655671,0.47299617874012106,0.45636859136969604,1,0,0.47619047619047605,F,-0.0073186959414504,55,99,94,167,0,0.47619047619047605
0.665568123637828,0.481656484896615,0.40207829459177,0.8168002922170229,0.690672620347321,0.719598335926644,0.3532112775476579,0.48167297675755394,0.5525292156954871,0.311445927235989,0.573761524805219,0.16757634213714198,0.43374406050362796,0.577266814429775,0.540886450293532,0.46116793099227704,0.547544329751793,0.20267502823672198,0.543351007244694,0.466911849538289,0.448751208184234,0.281496008059336,0.666629545427491,0.318512363004962,0.5255760536708529,0.642149077129462,0.714959125418481,0.323297324876647,0.534930353517296,0.558844646779387,0.31545262119616996,0.502100836851307,0.39543896605066203,0.49786155753224204,0.50335984582346,0.603610250723119,0.40342047860707203,0.520036232664769,0.717077303234265,0.496884578738142,0.5009471050046741,0.319968330898799,0.47068891336954,0.45929654365673994,0.459169875112599,0.487523647682558,0.470100979721453,0.43535584783262105,0.432624208135984,0.47504157063822405,0,1,0.47619047619047605,F,-0.00992063492063489,55,99,95,168,0,0.47619047619047605
0.5804669323877839,0.6568175382885899,0.5362602398426071,0.746154374001957,0.474654602307284,0.735119938860341,0.630883039716581,0.335243840675507,0.47496508269864596,0.447461481125201,0.8097138256025609,0.452765254672367,0.32812719471728,0.40170345997911894,0.7985536777681321,0.166512221954814,0.640924613766719,0.47915017783445096,0.397995986724908,0.678222624324628,0.38031565371663706,0.350569473550568,0.30224792026343106,0.521578046533805,0.519888163558683,0.480184803131849,0.601502310271738,0.35716367757057005,0.41187778762519606,0.444994171132393,0.489605010126969,0.170722558829515,0.375764589519839,0.607131300593962,0.305800063621398,0.6697876303173921,0.599055070297766,0.528511189835739,0.226288771490722,0.685685776162469,0.35711611020182,0.510228378010529,0.7449952107933628,0.6092571284051801,0.752684976665674,0.31795993949976803,0.461323950402086,0.5193220326614071,0.6156530153197309,0.34428715506453605,0,1,0.47619047619047605,F,-0.0124917817225509,55,99,96,169,0,0.47619047619047605
0.6076022227437751,0.7089444393179449,0.311600097293294,0.38606115151463,0.37551739542751394,0.706225480797634,0.6033852261477529,0.46286291722439504,0.568765001783942,0.43835707779649496,0.572405903778897,0.7600169727291329,0.537276222608333,0.587712555080811,0.6278293780969871,0.460272626428218,0.71232148395793,0.639852615842638,0.24907730707452902,0.46288493012982107,0.21175225541231799,0.175572809382357,0.350459897137282,0.13269396269817998,0.661331228365588,0.6295514420122861,0.552306678284938,0.339321841263072,0.6099672521091221,0.694357666633901,0.26855170983563004,0.18397965290054397,0.539035337404125,0.4910820930578729,0.333290955790595,0.548921877038055,0.46338303109763895,0.6378708156888511,0.7081023708044609,0.573654996459615,0.5150262312370649,0.47681293642028205,0.701187530109562,0.502720067884396,0.744793760707728,0.49939324709543,0.483461334447474,0.404700465238556,0.49928285945265793,0.27203190142648304,0,0,0.47619047619047605,F,-0.00915032679738559,55,99,96,170,0,0.47619047619047605
0.5095480753814811,0.6705040691741011,0.673617613536116,0.30265621754243893,0.514986048990069,0.41773391230797996,0.547262785847602,0.22505664009476398,0.39525501262447404,0.493789942970625,0.4808069553964579,0.496145220303119,0.694534314022408,0.6550384617185041,0.6847032284833139,0.344395015885193,0.628468787191042,0.127334039610679,0.16363293333729098,0.519883040082841,0.49250443077211997,0.5731541799595141,0.46526696411670904,0.52949175768902,0.517131903798364,0.36888833404634996,0.527224023300748,0.19766986913604104,0.7678404466251221,0.43224450102179707,0.18634380244979395,0.442006190012089,0.8037935984335122,0.4700884551761261,0.35095499558988696,0.838371525666468,0.540224411284563,0.326019796485389,0.5815889683556961,0.839590788765202,0.235969053476272,0.595681160907318,0.427226644492861,0.754928554630592,0.7454035605323209,0.38656131349272105,0.707539403442126,0.491574938020905,0.608192812276536,0.32001794715654397,1,1,-0.4571428571428571,F,-0.0116959064327485,55,99,97,171,0,0.4571428571428571
0.5295428248244349,0.39556816898325203,0.5769645872646129,0.48435112648758294,0.6239201427220661,0.9320459772071991,0.5415813808085421,0.646463943414769,0.7800643295078109,0.36064866569089293,0.35345242793998904,0.521572294983497,0.5457937995226539,0.420802741627149,0.583038625029298,0.32969791166818896,0.384229656858271,0.694800040295597,0.462562366348444,0.467670579731205,0.293573902257928,0.353364156489098,0.539835605599918,0.583145617590508,0.442972716466702,0.473263102545139,0.520354240994523,0.23773408760379602,0.507565506208902,0.75920872412826,0.196007485552947,0.401913665901279,0.38999258845954404,0.617609238164169,0.657567408694354,0.6013398399134909,0.384423910239999,0.510631456646227,0.577885685144172,0.711716337796418,0.5819551072964749,0.434277700994955,0.45472543670720794,0.519405184701212,0.702888491491802,0.699699254461325,0.21513559342655497,0.476685556090241,0.462994869415284,0.575861825128764,1,1,-0.4571428571428571,F,-0.0142118863049095,55,99,98,172,0,0.4571428571428571
0.65722739558134,0.406909975750284,0.216886114158077,0.495497966843389,0.5880252695857471,0.865932039639421,0.35781633145886205,0.629228342923484,0.7688992377873659,0.43183453675885,0.627831491678287,0.3547191120214879,0.550870627542609,0.350622161489403,0.277912788126519,0.231296186587234,0.20314437722123702,0.5948454832259661,0.43035953973374,0.599716848863348,0.7546068217500749,0.49763319849417403,0.43479874351454795,0.39389886365472704,0.5522983332686789,0.551840856907975,0.5809631112274879,0.161945209085446,0.135398536073485,0.423562847276959,0.543427119609587,0.56059507771614,0.804434028790285,0.316170481074023,0.47485997915600003,0.35214527308682597,0.42970660303781605,0.605011268396305,0.30994163857033896,0.607000712467063,0.44752130072623103,0.744359681831181,0.533731666551326,0.38808879503897203,0.365047389672459,0.43685126330816904,0.28172856649971506,0.552143883220375,0.5594732639713461,0.5787353103811221,0,1,-0.4571428571428571,F,-0.00976744186046508,56,100,98,172,0,0.4571428571428571
0.482775172357506,0.372156159639975,0.6320114330084781,0.39455268961278006,0.7093717137052041,0.252582739117921,0.27633867992313105,0.700170042170734,0.331074644385594,0.48131948832374105,0.477557626566326,0.296684282809623,0.54130582799119,0.5616664362706411,0.49194816605189895,0.41272279644832105,0.477144802719487,0.11529884801954199,0.54747578141469,0.40682933671494,0.345752685829546,0.657544694792086,0.33140743280507107,0.390607920787651,0.54024472914455,0.7229505904987601,0.21445747912357602,0.20034554849431696,0.44031324196780197,0.743098362598512,0.481820150454428,0.7522377059183191,0.500140974593993,0.559640951276954,0.350249942964446,0.584336896517312,0.36588213186790397,0.511452646695575,0.293814282002678,0.7743286393820369,0.38449780950692997,0.422161863757217,0.591423578383417,0.6543465359918471,0.48990755553021,0.5458932707694389,0.616961062299852,0.544604578208195,0.40787746016033294,0.7171221307831779,0,1,-0.4571428571428571,F,-0.00541100621690083,57,101,98,172,0,0.4571428571428571
0.48938797144524,0.8458581554330401,0.523084676526362,0.38676873596210903,0.493219437305919,0.66171048272661,0.15992946102986402,0.736567550592251,0.586939818905465,0.5135222837194411,0.26804543927565305,0.36767605536620795,0.5692713673154121,0.5301335114782,0.413900775877507,0.316693998358693,0.298068992967966,0.719648983027516,0.346956200025919,0.364993435089805,0.226281977954428,0.40434576483677204,0.27497268871813396,0.479676526612681,0.539736932835148,0.71704308015859,0.37851038803797604,0.17512511958973698,0.586913632361871,0.667381408778396,0.32575251224714397,0.696298616258556,0.5605350255352429,0.6344851426644019,0.331677600371234,0.9681433724021179,0.43317991256433397,0.5970027054588081,0.48731433163815796,0.43610304071718603,0.613288015240712,0.5650267202512811,0.37291705326174396,0.43099643437292895,0.7047659434461979,0.48006772092122296,0.47162628906475296,0.46142558496385605,0.487349113492646,0.6444928745192819,0,0,-0.4571428571428571,F,-0.0109439124487004,57,102,98,172,0,0.4571428571428571
0.306989881929993,0.62538388127047,0.33330118048887103,0.5717722288986811,0.42196438222404203,0.47190511562297605,0.7732010491956559,0.698925708595364,0.6542475019882089,0.680532060978037,0.669194312946282,0.5512798863705171,0.632995036951737,0.746021446028989,0.495749115145303,0.47579167735185796,0.46284268488302605,0.376873138405837,0.6235194956031371,0.592047222892258,0.39586662001786893,0.47479930283921895,0.40888691574702096,0.575247957909679,0.581344877131573,0.512349524165423,0.16288621373318202,0.21001698133363697,0.49718573831053897,0.7834596509564901,0.5697362178144261,0.6422543337284771,0.7280414456944008,0.630999698732697,0.507794707700995,0.50516525921956,0.385565815793343,0.403563590306996,0.5771264251564999,0.257079445713603,0.5257764035929501,0.46646392698455796,0.5334020176524911,0.5752316944599211,0.444552358906053,0.5179347479769051,0.611420380284696,0.8970212810654871,0.21299759795115303,0.550325221920392,0,0,-0.4571428571428571,F,-0.016369383608038,57,103,98,172,0,0.4571428571428571
0.518158658403158,0.7005674253738481,0.19057034896819397,0.562665093856357,0.6447046068281651,0.617463968249374,0.447049347963734,0.5745612788695329,0.46460287830138297,0.7365172197312571,0.5769314558326469,0.370750703265908,0.3617279113591029,0.568815153357683,0.521219556375932,0.287687336741917,0.479810219666098,0.624223490582574,0.48927036996794393,0.561437426246624,0.228704214798757,0.674137491792858,0.295096741274627,0.408478219037052,0.559082149705552,0.689598357081854,0.5128762406665179,0.226750546975887,0.594970143032413,0.27844912048279696,0.457528093216482,0.35176743264160804,0.607088383370452,0.679440092924435,0.218184849205545,0.6302802896314239,0.520394180069526,0.27838099840404806,0.840740588791352,0.180082224663207,0.47579487439104495,0.613663917283225,0.844974980431174,0.453155822064628,0.349187301804783,0.575433502737734,0.578049087336004,0.62143471656751,0.521339271740956,0.6694409018471851,0,1,-0.4571428571428571,F,-0.0120751341681574,58,104,98,172,0,0.4571428571428571
0.39540677399389296,0.28810265220341497,0.208704744467221,0.48619952764648705,0.37360184252317297,0.703988716719853,0.30118576044613105,0.756058865054685,0.28358819733959695,0.519512785688567,0.668516956417533,0.416676568777693,0.5377416098299029,0.6537284944190339,0.36234002073258204,0.4906585103710949,0.493900739302425,0.7787650070749821,0.399968953635352,0.556502734550232,0.428487821435104,0.39940769825228295,0.246108648592057,0.483501959090721,0.7553268679962181,0.617006909268943,0.43506612055370203,0.183905118361262,0.38023688606060707,0.35334141429237603,0.266670740236233,0.5054907712960159,0.8407616701045871,0.380610433863226,0.47821068306273995,0.338673790424053,0.695488805014772,0.5437418498755701,0.379174901034476,0.395603721671984,0.5440536751963909,0.42625655913000204,0.690705702087354,0.5249974917320479,0.35978267495218896,0.495717350557713,0.359359817631081,0.4568042935186621,0.489838051532823,0.645117235786377,0,1,-0.4571428571428571,F,-0.00786267995570322,59,105,98,172,0,0.4571428571428571
0.587602153698471,0.328974874579204,0.29252524934471197,0.39660833097844506,0.502879346888383,0.35347256240490793,0.35765563614424795,0.486794768737856,0.6692087824867969,0.415797580442792,0.496622827325697,0.29443902210937395,0.598976576541826,0.47672649247727295,0.465793874935709,0.558393725122,0.3761813561457729,0.462188498569998,0.47755767243569897,0.634019575589329,0.822671750745629,0.35448140295414,0.45306697531617296,0.223235519858293,0.551920581665344,0.456838284629041,0.24786678153882702,0.122972026304517,0.32867836051612,0.6867276228546322,0.323271565268047,0.542645893132509,0.26005438917031304,0.6207315461449979,0.6636266722999979,0.485330592962851,0.551658373666697,0.5032188630841911,0.32150609336917496,0.39339628800206805,0.518563157727179,0.58605814545914,0.48231383894652397,0.34688859782487197,0.50402660966798,0.33546704145100203,0.543450908733664,0.555546263395265,0.5518482759686031,0.583360849249401,0,1,-0.4571428571428571,F,-0.0037297060114085396,60,106,98,172,0,0.4571428571428571
0.307143784875838,0.350940433166504,0.48145367133223,0.814571249774947,0.44690382709401705,0.14703292684452401,0.47610541036998494,0.674888488732695,0.693694629871161,0.59968446198581,0.40634118482528503,0.545689320779376,0.8924699586469219,0.332614820145195,0.697767713899519,0.6468460878809129,0.636858234295377,0.313275090436038,0.8177751168410831,0.281680965604013,0.568582419327388,0.6180024971755121,0.500721870739278,0.6834295828619829,0.455105534233101,0.687859749491335,0.4082139650045,0.227492386335072,0.487393528337175,0.59396942226482,0.432132475507721,0.7687732622142769,0.229988552106357,0.477548382089313,0.5174213869034129,0.41807905386839794,0.454632396877108,0.65890183875497,0.367787652768048,0.590161754059996,0.266626541382957,0.470022457734637,0.70889826803377,0.41048972416245294,0.7446891617049229,0.643318429249364,0.201478099672716,0.707297705347052,0.34335378405196004,0.535303794201769,1,0,-0.4571428571428571,F,-0.000436252590249819,60,106,98,173,0,0.4571428571428571
0.550653837619522,0.330458596155417,0.304178650506329,0.626808788261742,0.8142069230632349,0.481433188966325,0.39649840856113794,0.5963310476678929,0.270783204517634,0.61264847290055,0.35421079361089,0.716270499521966,0.400175786835994,0.555940927682991,0.6418601333673221,0.31482899613988,0.43567580733223,0.562067545239184,0.606742010541988,0.699779473482798,0.661790584984562,0.554090016667691,0.18370774459082898,0.48086351569870706,0.7006245697717829,0.405334113914331,0.22804250918772898,0.08735647146361701,0.30476553315621996,0.570390190310428,0.435542137231052,0.626541733889443,0.6471537547242939,0.36449736902099794,0.36426327397805,0.474844304531134,0.559338343871379,0.523676133903235,0.6278574946170921,0.6117474577991829,0.342868433288774,0.5175873509224811,0.8149209864050551,0.625629067959167,0.37958317117637,0.7398625249124708,0.38426051892091295,0.626438628177318,0.34220531518525305,0.601362850386417,1,1,-0.4571428571428571,F,-0.00292778139232275,60,106,99,174,0,0.4571428571428571
0.825224058765168,0.5545486895907471,0.0772604038551133,0.508104516393992,0.712691194727342,0.332109899728284,0.456791409900503,0.523815634158681,0.5942189714441539,0.710523150261271,0.536262648961961,0.45695010172769396,0.470683494218316,0.433176932791238,0.429973042384099,0.565168030778592,0.6149386561098559,0.40732303882059706,0.21025472833095002,0.307359905762646,0.60743619350623,0.398640562090081,0.44046946053580893,0.283999279564215,0.424713274554609,0.43721366039657705,0.516778486641288,0.236981140784613,0.552743365067425,0.639739408363359,0.46417358481049004,0.8702436687854871,0.5404382759984779,0.511088944125121,0.5419520247041721,0.589053315567956,0.24671136932048102,0.570482728555303,0.42824475702435705,0.797345388991429,0.5160928446941939,0.39282229571051397,0.326383972111551,0.6046142941133039,0.30013659453135305,0.678034278342296,0.466183045921874,0.533805748515243,0.325281353298724,0.23976174007737902,0,1,-0.4571428571428571,F,0.00112794070254585,61,107,99,174,0,0.4571428571428571
0.297408941709401,0.531008229323769,0.45523395976759,0.337815574144217,0.517418394377825,0.40786659714824997,0.7444998851222171,0.5065576822510499,0.67668624549507,0.27172041221645704,0.40329837794072493,0.299354213097909,0.5663888561110361,0.38567298611821993,0.55148911617657,0.6295834810366421,0.35929281542374497,0.42559536898833605,0.29533036311555394,0.395918005605344,0.634522484066323,0.6223722176018289,0.40736235312538,0.6225946309064561,0.38948912652894196,0.4237414691046671,0.618774028878664,0.192846159582031,0.379232890370282,0.0,0.64596104142853,0.45467749627991205,0.234369297834709,0.393141432015778,0.578950143298964,0.596528841659035,0.409913395452536,0.652037752954079,0.438672460048168,0.255008052616579,0.50039952858774,0.56713694023852,0.552687311262405,0.392030624339609,0.5632434378615839,0.46820405820214006,0.238381203030577,0.328943041823075,0.3108235461633,0.558555839198145,0,0,-0.4571428571428571,F,-0.00415070242656457,61,108,99,174,0,0.4571428571428571
0.419412442346923,0.592616258765921,0.40143625004243894,0.35024490797085395,0.19202386192670604,0.47015751950273404,0.649904514410634,0.501077945595357,0.402479193977055,0.484333103206634,0.594906426378334,0.529456187596728,0.725461563445985,0.337556695944601,0.262378542422537,0.345208023211219,0.492979992025,0.529247472730794,0.702684146904245,0.10010997001503699,0.5992241031383759,0.447154114212279,0.467787553018099,0.494873495223966,0.5425126569169311,0.37475397889987894,0.27116357878217,0.22380056617418398,0.513089008740246,0.5371587627983421,0.6623161846460051,0.4735227877564629,0.8948650471330251,0.473983312257094,0.37361133192296503,0.645579202126803,0.388222658871348,0.545561304636949,0.36254898989390605,0.321708042476076,0.293066817421016,0.42876023718357004,0.401072565396687,0.243440954091615,0.643123290506944,0.559841388079107,0.22431834078352803,0.18089876651801,0.40518265647535706,0.509931102513709,0,1,-0.4571428571428571,F,-0.000158177791838021,62,109,99,174,0,0.4571428571428571
0.37142768440597995,0.609747717400827,0.569217413071682,0.465666444433695,0.670346060828408,0.634513828102657,0.46963806827250804,0.39812951845864897,0.607339850098829,0.6851393215500831,0.8071735850952579,0.360095809345388,0.577235058094166,0.6673646703204941,0.6214220688446489,0.251054298596477,0.591829974436683,0.30690171245128806,0.45984168411601095,0.549622710056604,0.675491180570605,0.274489340361625,0.666513418914563,0.4206328615117729,0.613456766011225,0.282093252132876,0.49957928999539003,0.234703781694816,0.44675491662107797,0.7064392339100541,0.5138980158821961,0.557591628697479,0.294804161112402,0.4204918217144071,0.449469542354035,0.579162285432444,0.475057462790101,0.520309760104662,0.18175030093498,0.556967319257697,0.496615310226236,0.506664935124395,0.479290854816394,0.49015802416013793,0.37215329676870296,0.602101363742353,0.791614434665754,0.12560602611031,0.344300353526335,0.4173060811728971,0,1,-0.4571428571428571,F,0.00376175548589341,63,110,99,174,0,0.4571428571428571
0.38339836278888,0.5053082955064401,0.36278910153467603,0.4080879686942299,0.49417479532089703,0.815669683295462,0.50709938802816,0.569850590763088,0.5132926125718951,0.606242328335718,0.5584104657043331,0.16988326777435903,0.44029026290781903,0.222601371856191,0.551276249905202,0.518628547423333,0.379803763597114,0.289032311709451,0.571613279101687,0.446532576219711,0.359089365752415,0.365211597633522,0.468360890206814,0.609250240983884,0.259188928817904,0.348491840955993,0.686922798047357,0.216218307426677,0.490935079536836,0.467514386141983,0.5625945357613841,0.328372557404242,0.539167401735761,0.298736406481792,0.30142877656180894,0.7327698938314781,0.47345639443924203,0.6636105624131611,0.588114010467835,0.632816401303719,0.6546543378889991,0.425993480864539,0.6362285090859471,0.543531722881207,0.765983001094087,0.511848840911164,0.62608169206966,0.8759868451869541,0.823709954136277,0.7247720879047379,0,1,-0.4571428571428571,F,0.00761105933519723,64,111,99,174,0,0.4571428571428571
0.6628582831283321,0.458934679520397,0.128415758709666,0.240446357895202,0.495841472257699,0.485299901908454,0.28291712448092304,0.3529401231993621,0.564455378026444,0.49086122176089203,0.51371624692714,0.504839532628796,0.190786132501097,0.234692288256572,0.462386930276138,0.107575653704744,0.459319046106311,0.364768790637492,0.5803883318509461,0.569098348032676,0.512123107164946,0.5433894056338321,0.64561181022482,0.18122594769831799,0.6644744020781489,0.636905185161982,0.578974818560129,0.226052338349577,0.677510797481306,0.5132875302831871,0.8268384096211999,0.364117273190964,0.277407961772083,0.442004055332473,0.6941027294728321,0.422076781566601,0.573460034175584,0.464173416903752,0.45196862195899606,0.43905013697350304,0.49194951745357796,0.43254701078487107,0.502049483344418,0.502041795927613,0.6042839501338549,0.22399818478157998,0.6975693658701949,0.351803702205382,0.496942227209923,0.32830592378819895,0,0,-0.4571428571428571,F,0.00246305418719206,64,112,99,174,0,0.4571428571428571
0.39735801444269503,0.536382524485298,0.551495129793684,0.471634478628332,0.5465757889324699,0.413971969339464,0.715890315531802,0.595597038346752,0.338961377626878,0.455137026410039,0.687204935744243,0.377956690067676,0.4360916602318521,0.5200645965956799,0.282845749001303,0.44729976571914504,0.299962373811165,0.44394081010074,0.52673605113098,0.469755245358906,0.560943665813505,0.7132305161871841,0.5631655722175151,0.327259259567068,0.534994336001928,0.527665216430392,0.72936295842161,0.435872955435432,0.36157852131040297,0.519295853791541,0.354734801069394,0.509689044469953,0.5920245669063461,0.407074023338813,0.6627526651910551,0.6220148780350779,0.335063055219651,0.42698184359489205,0.6966042469921321,0.59573287861134,0.46001037111382104,0.37657443607817603,0.719177045698501,0.349199739572153,0.15737420114796602,0.777744350166185,0.586954530255792,0.31084659602074,0.559160052966853,0.495463586717357,0,0,0.448275862068966,F,0.00571428571428567,64,112,99,175,0,0.448275862068966
0.480995400549706,0.540118073067586,0.49368448444922297,0.501958773230436,0.492980406756358,0.581722179854265,0.453769287629665,0.803679054426374,0.6322441371576171,0.5051431245527971,0.514035768103475,0.119189799812246,0.698602478178155,0.6817593049865711,0.472869740474834,0.504997609023877,0.255898837691314,0.6711712834826901,0.591198756117209,0.55256477023317,0.35066874039530205,0.560934997850528,0.29008130474157595,0.44485273889095595,0.534324791666175,0.5290924863027179,0.29554602393153195,0.5256329136741711,0.300503369988982,0.63086814188224,0.39328392754425606,0.501661612054389,0.9205538493750408,0.587179747714031,0.563176602545602,0.47626953600770294,0.416673808187391,0.26954925178086,0.323052606896652,0.285477035928176,0.406675499732985,0.31939946474602504,0.786880931417397,0.536154286395263,0.43891255283857,0.421452952239904,0.525062284761316,0.629575238438822,0.55235905071629,0.517929155884424,1,0,0.448275862068966,F,0.000657395701643471,64,113,99,175,0,0.448275862068966
0.367099610191499,0.364641280294858,0.655270407727466,0.47165237135688104,0.236947555499593,0.499801350390565,0.6342642929956911,0.610073964230657,0.636036363983469,0.487718562318028,0.59030839939315,0.609530521859844,0.5706110468729351,0.847215769495875,0.46862640251775206,0.4362787364425,0.500649104009257,0.29032857365867604,0.479893607320809,0.6231776147406539,0.399044046064891,0.286554337511812,0.427990660238076,0.36150778832175606,0.4137051591310871,0.33052278489669396,0.410734570936611,0.556500328792185,0.417895376499628,0.572981577084924,0.404999737451206,0.5506898250978511,0.660482324518187,0.47436645949982004,0.266596786538665,0.716154582452698,0.461238016679694,0.400817255460558,0.522066339217383,0.5730102392235911,0.5262960610974989,0.469945395323988,0.0332375342076646,0.541818380293359,0.18194480813543498,0.45898861438251504,0.575326951822197,0.33621040130211505,0.369448620196101,0.578617062435333,0,1,0.448275862068966,F,-0.0018101367658890399,64,113,100,176,0,0.448275862068966
0.41779677090705203,0.46161532717464904,0.27005935376907997,0.460893887019378,0.439615169003503,0.7516946044373479,0.6967999608319899,0.436743206547497,0.48171907319351503,0.523039606223894,0.49034543315681894,0.414570670651186,0.174468460405954,0.362047437411558,0.43551053667336204,0.350211166575716,0.5102930756252929,0.6164181016083979,0.383358241397182,0.69236697714928,0.515492660906784,0.39173389349664206,0.41609629476246707,0.442081108392127,0.550696747427784,0.22766286466028798,0.493535459295722,0.510241609494979,0.465813737726512,0.48420824805161206,0.78042937625993,0.44566356077052705,0.51172769820354,0.584626897681617,0.650571773268346,0.594225474877055,0.238966505806784,0.6917332739569729,0.6103531205996321,0.8454281982446851,0.609602358388537,0.407949423871997,0.423719602389728,0.566629656010117,0.531408190887626,0.535061932040091,0.461776164258836,0.502798805798812,0.5723569727651561,0.7612467833459521,0,1,0.448275862068966,F,-0.00424978751062444,64,113,101,177,0,0.448275862068966
0.591449853833525,0.645491543766398,0.5164103898439699,0.410209459805505,0.637824115861056,0.5339127639608571,0.645549154702376,0.532285784523573,0.8277140176713471,0.350348810454494,0.41422634431930394,0.532822616605252,0.4742082814255121,0.554964294412909,0.331313482506828,0.515158879297666,0.50916813982575,0.37285287539299505,0.581964814742292,0.5276238326007029,0.281463151211514,0.354743683697716,0.5616878022384879,0.443275887966573,0.339913525102783,0.39785866927303903,0.6782732050888941,0.379248528186375,0.574169646307734,0.6950593578784959,0.48993883186944703,0.529387319732603,0.464531566624893,0.7102765869101221,0.869312517966769,0.614944690673321,0.644816766186192,0.635234038672842,0.443269486592765,0.37316635935182196,0.292241867642138,0.5114742499226239,0.568156299364339,0.585146420667099,0.462082668860415,0.40610204452671106,0.488499208013104,0.39112436804703005,0.5188766935528341,0.6706584303627809,0,0,0.448275862068966,F,-0.0010440489211495099,64,113,101,178,0,0.448275862068966
0.242263502255974,0.39658143280841,0.421676882721786,0.41558399530523404,0.8608706083131831,0.5849325417389329,0.650528101455518,0.675363344658403,0.329658709741362,0.5116688109341629,0.42398867582027205,0.316959869384225,0.40412124682309397,0.745831261598175,0.265414556496306,0.472212898429057,0.343124343464754,0.5589087227770569,0.45188943889537103,0.39749710471035793,0.5570935389411341,0.5171368986046441,0.358251773693254,0.46550019958376,0.410925127628372,0.547689168810497,0.495733819590217,0.542673052619452,0.549445385872782,0.139578183558785,0.41285976922093703,0.35988350188647206,0.240840641882311,0.307518369163232,0.48475163222052,0.645644027671019,0.502794673984552,0.528248757802858,0.33253226657756396,0.650045644749936,0.19531619154560198,0.293508520571841,0.38554577365078396,0.6956006235023799,0.534299808412164,0.659594736875702,0.5652904225097769,0.718213723945638,0.318404097733525,0.40471430583822,1,1,0.448275862068966,F,0.0027597082594125197,65,114,101,178,0,0.448275862068966
0.33688656352334095,0.643351050859325,0.189261616717601,0.5180057515899339,0.427503074879943,0.56962657886369,0.526731300275617,0.464460773225077,0.28018677779404605,0.650470835154521,0.5076890594047129,0.649300238904009,0.522858638278545,0.41382095802938795,0.23681417984544198,0.637683371993051,0.38678016665804105,0.35961655965631395,0.6019370552258211,0.300137012366324,0.569004508947506,0.42164866554563,0.481355312559969,0.5445114599666121,0.504957155048863,0.47743013178953103,0.660024544142548,0.716346032015756,0.541213840042246,0.716410433929604,0.166126243271324,0.6018584242964511,0.38243330708417794,0.7173268282713109,0.615438597026638,0.344746359380365,0.55270582204834,0.24364408872491397,0.759014316628203,0.41391606811803006,0.17164884322724697,0.313756563744743,0.46028906458453106,0.42242294615915604,0.22486841543125,0.544927899265781,0.504249441302935,0.5145909440317621,0.563230860906166,0.7086893144921899,0,0,0.448275862068966,F,0.0059296285406252895,65,114,101,179,0,0.448275862068966
0.40619849276642406,0.45791677430479794,0.6204154103782371,0.405180495027906,0.4855977147076239,0.5204053296550071,0.345830508775041,0.563947388464673,0.5253479104348351,0.455072676177898,0.71410826371693,0.398612130092632,0.24372436062967,0.57668663699794,0.3543275914441811,0.49219876727528794,0.19180911362142603,0.7141176635870351,0.582525026768344,0.369723284471659,0.23595607798279503,0.516615434713915,0.527716172153094,0.548570759447268,0.394083685481942,0.465964352399344,0.502118069040126,0.477320061936863,0.307284658447247,0.430570706900871,0.476845190729667,0.7359831262137991,0.34246860169349297,0.39363922396963796,0.368632633034511,0.3925802637093,0.531024109172049,0.45467766117134006,0.714761837811198,0.6757971753587181,0.501654495045284,0.438382554460221,0.615438522876505,0.34641075633709995,0.347804550996292,0.5507490332963471,0.628004504423295,0.5599257336865661,0.35578141403246605,0.871482071138129,0,1,0.448275862068966,F,0.0035087719298245697,65,114,102,180,0,0.448275862068966
0.336193782869796,0.6177191413834261,0.45535711053119204,0.550814664639656,0.70178531362373,0.5774359423779499,0.9251083845965921,0.518111874108742,0.410207742848628,0.36035674285280495,0.259896467500838,0.5820760288813449,0.631837891612845,0.44082971886675204,0.484211607363211,0.508840323531905,0.232661686845682,0.243902696882545,0.543003733296466,0.38563694104908397,0.496428072455265,0.557978898551984,0.49699694809146,0.35935809960359605,0.35702708349821904,0.481253426447152,0.41791535665650204,0.653115600710429,0.5196799229644501,0.728190252688892,0.5547840118739711,0.343595918509048,0.340645195406792,0.6785630151411851,0.583570035065978,0.561729841367511,0.392328302413652,0.571122808364412,0.19425448691766697,0.33148529806065,0.339213771960295,0.6384688413818449,0.6218924571800261,0.5992853763036771,0.5703075708198471,0.615882699226381,0.266450029369848,0.34044313167324297,0.39755035310902603,0.578153423108078,0,1,0.448275862068966,F,0.00111466511582825,65,114,103,181,0,0.448275862068966
0.675419763367615,0.6363227643279761,0.543968730075146,0.416613009626375,0.582352758849431,0.496666067333412,0.523174847606889,0.736388329091663,0.498457009369409,0.5097478173433859,0.5877513743178471,0.337124092764497,0.298215995319979,0.4359321813560779,0.361202616101259,0.41883937763964796,0.24442393012622,0.593732697483999,0.678544754997914,0.44698908699761203,0.5370066640929779,0.554715513645934,0.561489323350625,0.44507816288480895,0.542584199199599,0.482759073943647,0.516634906375579,0.408699958782858,0.33571781442110704,0.542026397928178,0.279379429328783,0.463656415962416,0.638406635367311,0.48999748237192603,0.5237641524953249,0.640344469996241,0.463288999675898,0.39344168358271203,0.624226624408821,0.205546163204565,0.350937658572473,0.269166289227918,0.7040140069555592,0.596077580852682,0.528123049684396,0.458813543988565,0.565104787423447,0.559581726915634,0.682635429657154,0.277295526871711,0,1,0.448275862068966,F,-0.0012531328320801699,65,114,104,182,0,0.448275862068966
0.45214863065878297,0.5820459670934879,0.662651404215667,0.41074664112665205,0.503794158676644,0.46505517022314796,0.398817369512731,0.725556203572778,0.673948468296701,0.366581112312885,0.539096318950617,0.27674015177219,0.22627749862823396,0.6551435885809821,0.4097238837929071,0.480373165573174,0.40480070789313105,0.5416551864651501,0.38119941608879404,0.426778756742311,0.472525930482775,0.620326706030361,0.34559479918805897,0.7914052049148671,0.4000256267192,0.46906469035514103,0.55120506991066,0.48751433711318204,0.350699390214425,0.464649728335625,0.260991361300346,0.5403419560839761,0.471637713975882,0.39975648326489294,0.7155203660665479,0.7253690372309008,0.34633004666121,0.434797481807084,0.583633566319084,0.613631614866011,0.507505305777529,0.43579050153649607,0.47705497261547797,0.323638703581207,0.398888215829656,0.626138798827268,0.31434976717415897,0.334727950481705,0.5556712304932729,0.368541906245505,0,1,0.448275862068966,F,-0.00359505320678744,65,114,105,183,0,0.448275862068966
0.5527569291676461,0.5055886052491679,0.615378867822425,0.575847623312209,0.407729186190641,0.27910339378600396,0.8488818778736559,0.716167804386863,0.826563568773866,0.865427385449947,0.624547779845021,0.428991094015437,0.337143776477945,0.522037612308188,0.48774493269453495,0.613633332741176,0.387232912487246,0.27947875560007895,0.576259651674079,0.467562876337187,0.595260324934326,0.457148819289065,0.504471742870256,0.5462860562623509,0.526221454808807,0.342286935057177,0.20538361645991898,0.28042914849248995,0.38636578866243293,0.550706628931271,0.46372383294441705,0.742947501484053,0.492247205806479,0.46855466954262,0.5848368125835811,0.36655441961944296,0.407095358535892,0.633311253240804,0.40997822555519997,0.6750857037318471,0.617260615073834,0.593526153231392,0.724847801388929,0.49365703826449997,0.541223553723262,0.5406973645815889,0.43038643475318605,0.5808482788714511,0.40215356395973706,0.5155842308368921,0,0,0.448275862068966,F,-0.00047673531655223494,65,114,105,184,0,0.448275862068966
0.487782672321054,0.5802454204173649,0.39455027745219295,0.535985487428719,0.39886820975808,0.194490367104152,0.52426402214561,0.755330491549544,0.426839446921845,0.5319832002279841,0.37606222757108204,0.5027510092229821,0.5786159780935749,0.519496030911953,0.44844147006233603,0.6224260198767559,0.311596694483805,0.780714719879303,0.708516794901185,0.501440377606312,0.447983714041832,0.37827688743971005,0.594405278707577,0.346897008560673,0.508228833467258,0.44048062753479295,0.5558352976666011,0.317403734768467,0.6860255321341209,0.5335259155573719,0.325697130834457,0.6528475609403199,0.431854253895664,0.624854367405802,0.654193820359241,0.5197741351333479,0.5072440954159171,0.36776467750107705,0.625173008844332,0.327922412192734,0.728356200926913,0.4002811410387179,0.5415153053191439,0.587163981664945,0.498714803205251,0.5591239537889671,0.5517389851940699,0.588603365572542,0.627144266515579,0.348623609206458,0,0,0.448275862068966,F,0.00260787102892368,65,114,105,185,0,0.448275862068966
0.7012204824129321,0.5832442199965949,0.270241939874004,0.333409465941704,0.6477596898036351,0.273006970737005,0.3714674566759779,0.483236115332583,0.413636025446904,0.644859851221842,0.6439041561469809,0.46438357104621003,0.7191309794751859,0.46986645360862106,0.295790424334093,0.188597457422583,0.40903487868442,0.5057299783880289,0.487577125068396,0.50107594475065,0.510208614960455,0.5597455823085911,0.49448346176482594,0.491449817834817,0.29692383051678994,0.40892439665297703,0.506674178031366,0.534010229499501,0.67808553958765,0.5797943951922829,0.503063859411931,0.5946672405458149,0.6605785032960689,0.624973816391821,0.774891352117902,0.622345728914558,0.5495558776622801,0.552389439105954,0.311091597864975,0.623718734186183,0.407763619559329,0.34246310220563203,0.565641073099718,0.407141751093976,0.45012222613925895,0.33886508284275396,0.314459800365456,0.55422126769821,0.5060190909846161,0.30809937430287604,0,0,0.448275862068966,F,0.00565930956423311,65,114,105,186,0,0.448275862068966
0.566148971590841,0.6339397769751701,0.57078837159526,0.33247633641221,0.5278601246028389,0.379164082783725,0.306292114525925,0.564253033011724,0.62161824019736,0.453608969256426,0.580090711377342,0.402334793046677,0.377922209385601,0.534991120777959,0.45422574647595004,0.172060584656109,0.5812747601146739,0.471390738710307,0.6638660423919089,0.5094388043507401,0.383360299871348,0.600011315017194,0.603578072100875,0.670324900496681,0.544774248993245,0.270675841243856,0.4131762773841529,0.637414989149411,0.312801931299357,0.633196280636386,0.323963646739297,0.366861784601608,0.750731314528438,0.5588419634177739,0.672119298493972,0.559872726025534,0.727128491996594,0.32040915497919104,0.423290495611455,0.569228364606049,0.5007341239080739,0.337816086382569,0.28443983627848995,0.6239064147461851,0.525446592840907,0.464167240877811,0.6614744679568649,0.64800583452631,0.25101529163387,0.5730226156773449,0,1,0.448275862068966,F,0.0033305188103949198,65,114,106,187,0,0.448275862068966
0.6678623095975029,0.504490004078773,0.476957783386144,0.590959146762063,0.4738096565687279,0.616218135062201,0.46557651527159793,0.579824850866376,0.35024856576517605,0.47219122263095403,0.638003713837219,0.34828614510607697,0.534731497682331,0.463725978465199,0.357016180258575,0.379832801578255,0.24564706836925,0.31416285282364503,0.6471142329373001,0.376236843094384,0.5227486353429149,0.34645933203151197,0.501453656418361,0.341907441191984,0.389542914229036,0.5583808137393149,0.48397171934376293,0.559867090699801,0.22636780613013,0.5776296782158671,0.486494438749535,0.421396547181532,0.564112612221058,0.78796156811688,0.3717525692223079,0.5526470160953281,0.662560179188783,0.7236610203482841,0.14343695823824898,0.37490227041001095,0.679666571803586,0.38747488637360794,0.527976096707358,0.394427987967771,0.326582508440083,0.37650776248147705,0.553010237141549,0.60197205463277,0.713408090166065,0.34089351404600604,0,0,0.448275862068966,F,0.00634565136244869,65,114,106,188,0,0.448275862068966
0.450062814339552,0.3769318820828971,0.277586128662044,0.252863315669208,0.506098344727502,0.728357047733999,0.24606491862573002,0.466098296218543,0.555681264463842,0.39691468134050195,0.40845112621050106,0.46805986173907305,0.510936782214565,0.39003868972990996,0.496789268721774,0.538094881952254,0.44295677413903994,0.715589575581862,0.618878484064999,0.439168155162284,0.12378997799538599,0.292397008804239,0.474434429628847,0.468940782350124,0.43350456112459296,0.368880441148846,0.393421464375991,0.527813807662474,0.675553412831665,0.693176756656424,0.43740170853737803,0.44382378964913205,0.7637105618663341,0.466369263392585,0.7976676934188192,0.712594680982818,0.5168486463920829,0.406274772439435,0.40617560362433797,0.5411223718065301,0.16706812474351299,0.512306456438318,0.527885905996504,0.522136337919606,0.259714550426918,0.26889145683065,0.888762473182318,0.49268548911405197,0.34252489979913003,0.53310814375838,0,1,0.448275862068966,F,0.00403787245892506,65,114,107,189,0,0.448275862068966
0.254335395822675,0.466882723677924,0.370036863861829,0.44880726344048405,0.51031077663846,0.61012441518547,0.47626427817857797,0.627822060309149,0.42202983001531197,0.6866143671904069,0.672192999132219,0.410099229528128,0.39207108026991705,0.612329461124132,0.491824741930236,0.534214875144138,0.6265473196790879,0.557334839423391,0.44349878933121994,0.5240610580938591,0.31416777530125706,0.431443991493442,0.43472994921488,0.6017939156250811,0.32676525197635997,0.34897482497686,0.644747095641292,0.40832385195834997,0.41629540782499996,0.241891444563899,0.48208397203903103,0.566466555855763,0.325619776997695,0.487768137170164,0.667556130921076,0.556439758311953,0.5813579491508211,0.6037527226264909,0.437970825838516,0.6306940501056939,0.566849062372224,0.338650384272003,0.6398124746507909,0.597132813710422,0.5437132452101551,0.670249679947088,0.6188803923168791,0.635245479608186,0.595566386437465,0.324819082273703,0,0,0.448275862068966,F,0.007017543859649139,65,114,107,190,0,0.448275862068966
0.32953384837378497,0.41301365338902896,0.28367582775961303,0.42449390682228605,0.38729065456587203,0.467682627860433,0.461428834443496,0.6581657118254151,0.474055677720051,0.518581526842682,0.577554001161656,0.373747594641404,0.645331852640329,0.32004832748648804,0.355107407629739,0.548279868778057,0.493919056349734,0.756821154168995,0.48158445762270397,0.7144312316246558,0.362149657084859,0.530740070363415,0.549643932045592,0.514257256744047,0.48905565641984405,0.547836880811319,0.455916469145242,0.48414049852706703,0.354484465931608,0.467906411576578,0.34735657083412796,0.3688774005892771,0.6506948743264991,0.279467700564367,0.7865293019373051,0.38664161739545705,0.5073222779411409,0.43349512827932796,0.7245504013374772,0.624369859875603,0.45494623682604207,0.3460768751878,0.5523989309305001,0.38190913949726896,0.32674828447445603,0.394819247475475,0.349771332108773,0.616949287537452,0.622525863993329,0.490612369593883,1,1,0.448275862068966,F,0.0107551487414188,66,115,107,190,0,0.448275862068966
0.729706368084239,0.43028614244768204,0.554631768744112,0.38153350990275203,0.453305089796758,0.652581601628406,0.168263842827416,0.638057773602902,0.568462158467673,0.45098797389478007,0.628541350328673,0.575998884048852,0.377757195635872,0.6762494772481209,0.263531767756818,0.570271827318182,0.505273514716694,0.554223185290852,0.5000872017819851,0.546927863219499,0.28277329863421197,0.195510995548379,0.42938165930359007,0.592900513593615,0.522421757282622,0.49677953490964005,0.434343865129299,0.460043641094086,0.513454616435234,0.7710595535659559,0.38832916555129104,0.503899715387433,0.7986601969986701,0.424797140774127,0.6288575204337261,0.480062521582029,0.5669916131883249,0.272048979026229,0.315454156620377,0.8150686969505719,0.102600138867184,0.262922666497182,0.526831983014277,0.537336726625214,0.33056919328209305,0.28821278359550895,0.444705708993997,0.426853972687511,0.586448587659569,0.39136235456039103,0,0,0.448275862068966,F,0.0137036193944913,66,115,107,191,0,0.448275862068966
0.4579330920143811,0.504052919325429,0.456808536879376,0.37233136908894005,0.439848530374536,0.38987601764688895,0.0793122077995726,0.576009712109315,0.594633394759603,0.30715913875345696,0.765167817025,0.4375859134267329,0.5148606683820279,0.7600760375772281,0.31230875924169604,0.304621454067502,0.464508905868904,0.641697207861888,0.42607693096275107,0.7546302405332809,0.247751432232714,0.19528014386984305,0.304130829210253,0.483906566160612,0.524631225089657,0.550523261369824,0.73910852519715,0.34790276105082196,0.5214580669959029,0.355682307994393,0.339462930059331,0.768506323077594,0.490252521571896,0.10037357217249401,0.6541457425027211,0.820424638332271,0.464758692588562,0.322663145909714,0.701922966120168,0.738246114510943,0.6784569974257171,0.5702006462273149,0.7087124251916629,0.598831968013932,0.48202596552407206,0.20792982791403603,0.6359379519902719,0.419458380550767,0.5154834051198279,0.67715385842297,0,1,0.448275862068966,F,0.0114130434782609,66,115,108,192,0,0.448275862068966
0.497478872372044,0.6711113238219711,0.133359391993857,0.572629643494595,0.815981791266273,0.48144775478527096,0.24267820672005103,0.613640126431754,0.6401915342391329,0.250498309597312,0.579795305342678,0.29316991064786896,0.536501270818806,0.42913672868565605,0.344620410286789,0.290189172625083,0.5064035643562329,0.540476726699881,0.649657193577636,0.590613768807785,0.23252936695701,0.6815702249245671,0.36211889436629996,0.364378788143435,0.521145342035034,0.349820509126909,0.47900382512721396,0.291157202827461,0.716688298046999,0.44162613307860604,0.44963638575637804,0.355219466139927,0.5800077129489399,0.6948363104996731,0.546861476113626,0.36542785931248,0.4655600500127679,0.54561357208228,0.64708660656476,0.19915021853971698,0.668693864423052,0.543807155745001,0.259191004283754,0.383868644493094,0.5752064470681589,0.569097022949148,0.208633837819527,0.48369431868977397,0.635591079836198,0.48044222124084496,0,1,0.448275862068966,F,0.00914620410002254,66,115,109,193,0,0.448275862068966
0.42451787406713204,0.5661868775920931,0.579031273799424,0.58345100348977,0.436187016325738,0.40704693256811103,0.54869312747443,0.602676326397627,0.391992309666589,0.614442148905589,0.7050580273791359,0.29351174512315603,0.339997128930896,0.49894678358383393,0.391681731197758,0.384809177911725,0.45552742027703397,0.5890348779857529,0.554151397664462,0.49246632148898795,0.5455174255866,0.670166405164088,0.520653869785783,0.423649111886661,0.39460004518871206,0.47467536634944796,0.330039412522252,0.31972225642708396,0.373131568042124,0.299357136123484,0.551017526992047,0.612942890339668,0.435825016060439,0.5649125672612231,0.648386190264242,0.576840858091503,0.526280078016582,0.669739416382855,0.40263968498138397,0.517840214690073,0.45078660834806106,0.427270046268441,0.47051678424013504,0.532026695532809,0.46353488276251004,0.5499577613707061,0.4728127570915329,0.33639027031871105,0.31119152885265006,0.798297940353588,0,0,0.448275862068966,F,0.0120573733751681,66,115,109,194,0,0.448275862068966
0.330602982560477,0.41131569538759605,0.7252601715592629,0.24994803688814898,0.826393048800727,0.424902984648115,0.5234000458418661,0.447356300316495,0.589144337751796,0.212767791612668,0.511373245543925,0.48259228221587896,0.5765135976948629,0.5674112456869059,0.505223032879567,0.636998255066379,0.42666297458206,0.45084326733830393,0.5482055770126,0.313864929630719,0.381528896102837,0.464427196153775,0.295975382874747,0.478787665113157,0.474838681038791,0.28217787549662604,0.418599143387914,0.5511070596741329,0.49423636236725704,0.7749689998320991,0.635636739659685,0.41955250514339903,0.5663391224812551,0.347738828841615,0.591053568331031,0.403413694544322,0.44299557493557795,0.46371547868497404,0.604117734166027,0.6865149768230151,0.35102547701472203,0.16876992398756102,0.393180546401459,0.543084956059359,0.472491004120833,0.36626216338023404,0.444963592599633,0.5979531526358571,0.316625527566318,0.41905004031523796,0,0,0.448275862068966,F,0.0149386845039019,66,115,109,195,0,0.448275862068966
0.439856077642673,0.446413649372848,0.530951354700229,0.40819618587278406,0.6903346415939928,0.31678510664974396,0.6998520882674361,0.547175441660271,0.194746191186617,0.275790887595625,0.192497506067773,0.656988151791396,0.7321361946957778,0.43928286768950603,0.341912205533317,0.646640540928709,0.42548863025784,0.528626831427057,0.352478953076025,0.368329534879618,0.463234660407933,0.34066283380131995,0.210465371972457,0.48858764471311206,0.480718650508681,0.396552718803115,0.345881045704117,0.44789182854146997,0.557731720734039,0.379250368856003,0.35762289722023205,0.772048000259787,0.454314839426248,0.6293899041508729,0.267074450127134,0.5274393619158789,0.657716990992442,0.49743939035152895,0.664151024342738,0.5820242641765639,0.388402127209507,0.35933150338713704,0.845833577075398,0.775088649418285,0.571310442458403,0.6913811285268541,0.246506624937169,0.30578424136161997,0.6093404455437211,0.233805962344928,0,0,0.448275862068966,F,0.017790594498669,66,115,109,196,0,0.448275862068966
0.651523894592745,0.416906401425367,0.418666669085003,0.479995011794706,0.514707077253386,0.21432280864770498,0.525728399294017,0.41608169612810403,0.427975614868586,0.377795687215332,0.20047373125391302,0.259481817899598,0.639254048737588,0.575257384893491,0.39708579162903795,0.361973753674354,0.286219224276289,0.183984533502359,0.416253914923887,0.59091373011396,0.335178904292166,0.280512961077059,0.43280539360503206,0.278069447723841,0.36159416216858903,0.491232351756887,0.48788821273306704,0.426835874158903,0.487114180502586,0.47139314580922,0.564426864133866,0.5837408166372111,0.7227866196329691,0.49033256867496,0.41781654927569606,0.556724054132516,0.6642980714251221,0.55850156170082,0.45495517452835404,0.6785432646938929,0.252163299775422,0.30791455061172696,0.37071484628665996,0.543549738567037,0.18826423060266398,0.690920293705508,0.49590149351529605,0.366278033138086,0.657712423450434,0.276384196417276,0,0,0.448275862068966,F,0.0206135510924741,66,115,109,197,0,0.448275862068966
0.22061162731453798,0.5106556348309571,0.411663241817695,0.561560824356223,0.405911018618159,0.511719511932188,0.22460555027458298,0.37677140888062893,0.37386923331759603,0.537565137886426,0.309907482409667,0.34226585521854996,0.502087422353271,0.4442654026770129,0.523839495099439,0.6203121170320229,0.49234659529312497,0.570742691695389,0.46171417546190796,0.570834186330896,0.35685328903884,0.31947089697795694,0.479594234689226,0.602962071330563,0.45448274435005703,0.45793376069721603,0.47161798002723,0.411259416775391,0.39041082788547904,0.529659045579245,0.470432165084715,0.5780933294868079,0.670521419806813,0.599032137617164,0.398416963810767,0.39309361292521605,0.5165740620604771,0.316515608955562,0.577709614779523,0.6443843386181229,0.47608243958854496,0.5517069301492521,0.835932661645989,0.539005376382465,0.566565819715684,0.3443294411817,0.127246781072974,0.547381900806889,0.570029705292224,0.43399221822024203,0,1,0.448275862068966,F,0.0183574879227053,66,115,110,198,0,0.448275862068966
0.5974752161169039,0.61493757084645,0.245853296751512,0.494253126904029,0.6639613811528101,0.0425158398789393,0.55911249409103,0.419432202518805,0.575910718574944,0.29367911003311,0.565062272511161,0.30505207966343,0.17050670142625102,0.481539609518916,0.468286560446311,0.207869064076668,0.559899861123436,0.3850561533212971,0.624847361896915,0.462698402108875,0.389649791700179,0.34977299875431606,0.5873817947617099,0.634353636441498,0.489323156446762,0.5542851567293461,0.20936138561834697,0.5074561253495301,0.28905553889081603,0.565120051548782,0.40624451302435205,0.559839509370714,0.36163049401125996,0.44867318994000105,0.677795360281501,0.728155005100147,0.158868494111371,0.31280656586875,0.40606719138797104,0.640408788854875,0.40100693058056897,0.297061834803349,0.43806458926739394,0.40582115857952,0.542835286040275,0.44978784512773207,0.494509554198403,0.424687490954445,0.164508923225879,0.34497019636212395,0,1,0.448275862068966,F,0.0161240987546428,66,115,111,199,0,0.448275862068966
0.12829125304661,0.5136878240917571,0.7207306257732942,0.470748312390464,0.502414270663378,0.37898948777004704,0.749530647983519,0.6638402552775511,0.37851460793126,0.20427115565674397,0.474963426215427,0.32069366914180497,0.6250076093768809,0.6551001458620811,0.324876184388099,0.33538246062231103,0.370999324794759,0.5687439594108691,0.666871885885401,0.627419230600197,0.555906116896054,0.795533395450612,0.533065147848508,0.76112020627425,0.559864890635589,0.37929794037944004,0.5276996595900151,0.6245411924814979,0.823117541853057,0.46160023162709796,0.587532945465125,0.4924014426561621,0.458506312423919,0.561155783814713,0.611950026997907,0.7821726858895258,0.43762057878648103,0.34298606635737205,0.5931791214079211,0.46955189142455694,0.35737363470643496,0.178927862214159,0.6326129430362349,0.6827344635551171,0.5286788777975671,0.26346554033709196,0.321606414123248,0.402321581307867,0.47346123357332603,0.48316199441315993,0,0,0.448275862068966,F,0.0189130434782608,66,115,111,200,0,0.448275862068966
0.8198700127306551,0.471701228929229,0.544409587327955,0.0,0.471331058966598,0.586104516860568,0.31873070704608897,0.317575453739983,0.526590561214979,0.494414581488412,0.563701410649951,0.43511837361579403,0.438384067455156,0.47878945597279204,0.40388896622865705,0.484445587747738,0.540718842011963,0.411948292531043,0.6682984024562,0.391052131000275,0.5225495017746429,0.5209713508531311,0.63004451685913,0.7921222185357191,0.52285032203749,0.382502329468946,0.41426516313337,0.42827674669585897,0.613337676256437,0.317982785602836,0.40251708523037893,0.8481761743958621,0.5402027358592361,0.4049283752013879,0.37034257737748993,0.691347617885811,0.661378652807163,0.47608614848884,0.424030068259181,0.577211310947026,0.586259110866648,0.526791611983927,0.654305087876025,0.498268422599321,0.18067398100703103,0.34272429908398194,0.48364424528666206,0.579275370081907,0.518685562694766,0.6254333538889699,0,0,0.448275862068966,F,0.0216742375081116,66,115,111,201,0,0.448275862068966
0.45551459461765,0.496854007065135,0.524891039265186,0.47915210220698706,0.7041254700982109,0.76572323444453,0.630579269109158,0.469353978940589,0.774276051673238,0.58663265991047,0.7776250247752149,0.38587417810062796,0.818491532309957,0.354063843328719,0.41862396620223,0.297672426089635,0.5238457457462871,0.42483994339806697,0.489179980002054,0.661810290405592,0.566269744244519,0.535429507708556,0.45100800741078995,0.523699881043318,0.525094734299825,0.519874975887213,0.6673497068043841,0.603702504630496,0.6628952693923941,0.644394212181968,0.627988609936523,0.37000384925161295,0.463398167703156,0.673297498187541,0.54766167122341,0.715444309197833,0.34164261551660297,0.48461573193887897,0.4319381044183571,0.682289580472657,0.47891193391143205,0.8094309106104008,0.648389800283082,0.32046807472231,0.534673621728899,0.427202807133109,0.822189975368222,0.352055356352984,0.618140159555021,0.29657368359433,0,1,0.448275862068966,F,0.0194575979337064,66,115,112,202,0,0.448275862068966
0.30502015183115805,0.5663977326770661,0.432282110773137,0.38654354992300205,0.395640688239927,0.585768421733425,0.4931631018449099,0.574111814557797,0.7393349672794541,0.45045640118732505,0.7151218916176579,0.522366414267178,0.534376436829447,0.7830366931554781,0.49608125904278205,0.44445785282919503,0.241195629710366,0.25654025768335303,0.481658274848549,0.29023936351089896,0.39216953345369204,0.25030131201663103,0.31315442547644395,0.42148757893133904,0.44664676604804704,0.42968372809534006,0.518855294525948,0.643159071690489,0.393241869078219,0.510684241489886,0.505338459910219,0.977132118982805,0.82842794987893,0.417069093038081,0.5868519396046159,0.663858616937477,0.611565988380169,0.450910909689553,0.52032058434534,0.7259645267880299,0.565216322346051,0.579416607903814,0.635592273050379,0.537142028427686,0.46851281473046,0.600863236929795,0.5727871425119189,0.41572410907412394,0.5705278316909069,0.7170892503246741,0,1,0.448275862068966,F,0.0172627971728422,66,115,113,203,0,0.448275862068966
0.434634710766461,0.6604670772109871,0.183059056403358,0.438908530026592,0.47368538149657,0.484062665829826,0.412333293210756,0.284741714262473,0.632467948109024,0.9205672988802321,0.5272287981081939,0.4739349737385,0.46208910336215603,0.380157283065886,0.354457784769295,0.519505243605958,0.27314667681270605,0.49248409727801296,0.501033253770833,0.6288692006885921,0.5387941208607461,0.27311107333748197,0.836052176946111,0.45284652486411897,0.365189576976212,0.46320078648027896,0.575100062791119,0.37858280418218004,0.6265401758176421,0.49497524854681796,0.6094449341046899,0.49831945905642705,0.27088910232545604,0.36591491322517,0.533348494436822,0.599053267119897,0.5935885113279671,0.329200761787468,0.480643003829037,0.490398823756909,0.15488783842127501,0.466739795443725,0.655503032964099,0.626073368495402,0.428461481858209,0.445313456202058,0.500858951164402,0.646443417565994,0.8416592582916128,0.564874907726334,0,1,0.448275862068966,F,0.0150895140664962,66,115,114,204,0,0.448275862068966
0.307012061750422,0.385311998347802,0.64379524833878,0.538334439970876,0.536687394242553,0.44973989624737004,0.32941518127332897,0.267866341288075,0.498823585420288,0.34429661683386104,0.29599013238726096,0.40547711065881,0.523026673163184,0.40872545250795095,0.4207131139050929,0.458401021081575,0.468076251873559,0.394664459169171,0.686326098589152,0.477410832253753,0.24681695589479602,0.252665532210155,0.32481393296839195,0.335584991045534,0.471024071323641,0.479034573839774,0.414897572951671,0.366225340276439,0.405474252641641,0.681759304219687,0.659593293850048,0.551037613362793,0.5952193274350389,0.48922046808712394,0.1701351377104,0.7445395258672071,0.395433635571302,0.45209137259379,0.38280380018643895,0.586913985014538,0.5137058538414779,0.27107040675597,0.48681430594195096,0.512998131120644,0.427984618370067,0.6630634391324979,0.42095292002875,0.502164448414179,0.51060331368945,0.369436262223819,0,0,0.448275862068966,F,0.0178154825026511,66,115,114,205,0,0.448275862068966
0.521828297197918,0.7222184355742951,0.476584086898385,0.584686695389973,0.447401185236144,0.308179944879545,0.527741333538484,0.280048497054949,0.36096172531871207,0.65115649796624,0.259339518046715,0.507143582718958,0.364862001455077,0.413627865464184,0.35997780645319893,0.19960503966773802,0.485991551166036,0.465802936091952,0.7484810144333599,0.48832288377298294,0.35682834385545703,0.242945310603371,0.325666842406997,0.514489996475383,0.40040545985113896,0.505199408028815,0.454345611508805,0.489600256529008,0.388703697645173,0.48638102065727,0.466895332776988,0.500205102253552,0.305637080327141,0.50302693449414,0.256604694133691,0.548696833559875,0.8110076718772601,0.543732540642305,0.41856874727091103,0.6231356400424649,0.22599680158425,0.38655689909628993,0.39314284629407303,0.410652958751473,0.367697870308639,0.41419590171438203,0.229385496035332,0.41927440295596896,0.279284624810688,0.269795514004775,0,0,0.448275862068966,F,0.0205149852258337,66,115,114,206,0,0.448275862068966
0.37037318209231607,0.516004894703544,0.0607237610394959,0.523565777707897,0.7057149653060452,0.55790193729936,0.20895528329129898,0.7387095707245459,0.6127900696449711,0.4806680586759171,0.490913194187123,0.531917931193974,0.45445768233304096,0.6052357179065501,0.5222451943510861,0.508731921634193,0.350939922756894,0.524428973877355,0.650586626930649,0.30068956629013205,0.5765609891074189,0.21309813332698602,0.566080022420618,0.6736932869841149,0.386793209829195,0.557512109693696,0.5656649339917379,0.528677315348031,0.600107324497242,0.714295838820534,0.38933764715376706,0.6493507702178629,0.25420392955600796,0.753476506061295,0.445395820531774,0.771432318307436,0.5187275185772321,0.49778081371432104,0.143955766916871,0.41806560263931297,0.451755897281734,0.469976415958864,0.259120126099455,0.42072295674651794,0.439951160951424,0.594355396120052,0.626631139515161,0.451696021728346,0.664996920152948,0.559721930525187,0,1,0.448275862068966,F,0.0183574879227053,66,115,115,207,0,0.448275862068966
0.43226275033331496,0.620322783551893,0.34833541614646896,0.32361671839822104,0.655329604373354,0.37965336890097,0.533278594631411,0.794685979502145,0.73127466423677,0.678805091045354,0.379797225685302,0.46805646167371007,0.37525922926596,0.767348392902731,0.38618877081587205,0.378734166762607,0.24643070232454697,0.48023830018453906,0.6603291324865671,0.5453051594813529,0.43700789885136104,0.589713605419814,0.7604410836384341,0.41023160442320206,0.391179023473948,0.428784222802207,0.489510439132305,0.37507493340757303,0.4358318378017151,0.454220863579153,0.503311673443487,0.591200906093754,0.520143637049546,0.415942941725799,0.408949967562117,0.7456372692267671,0.318713312275326,0.464727981456501,0.42105602974265705,0.488989637377529,0.40493547436883504,0.5773415646118829,0.7337827201832651,0.46374036811505,0.45138064936086103,0.623530815100596,0.590109121982324,0.309902698366662,0.650571976787231,0.5923772451036221,0,1,0.448275862068966,F,0.0162207357859532,66,115,116,208,0,0.448275862068966
0.5728622597732329,0.44073429891532706,0.500653231876143,0.265965985797564,0.469657784181188,0.45841351176476897,0.6437245912060079,0.633428901038938,0.605184964050981,0.392831952997551,0.469254218011984,0.34334772182401396,0.748660599724593,0.5300668040625229,0.36011029996551297,0.320714679447332,0.248388438803326,0.391865285232353,0.329510855551497,0.5224753311850561,0.41399417962565704,0.559524172807592,0.51773215660568,0.528340177874525,0.46116392242338794,0.5623847816337549,0.600045036445331,0.546285058491835,0.627519265805657,0.4063066750277439,0.48309702812116206,0.548408929960567,0.26353946958233,0.36131348543745795,0.373858527622753,0.48405395217258507,0.325831061932546,0.491828233311437,0.301540295341835,0.38024748023994104,0.5264626026744149,0.48984980963895597,0.41155010995473706,0.5779100146293311,0.451279817693543,0.5273139265579939,0.511555040571672,0.48976506296110495,0.547273274324959,0.574230739308123,0,1,0.448275862068966,F,0.0141044310380695,66,115,117,209,0,0.448275862068966
0.529650806157286,0.7619826894498679,0.5837242490322391,0.45298535890455605,0.762837624240035,1.0,0.598053774788014,0.5396718410374041,0.631699104171869,0.192941354413548,0.575668155055244,0.495525570514963,0.303662580172279,0.551843796694304,0.509628849767423,0.369574447681614,0.504645717601659,0.5717881730733729,0.815890993444072,0.481493002773427,0.539456857776977,0.409701109192959,0.5953051704108481,0.536642434831486,0.538431186932384,0.522022298194348,0.39502526434599294,0.635310706915864,0.7317024185292241,0.583682625532453,0.16385913645361802,0.695968665272246,0.45502532648288707,0.7292152198323691,0.635206041365867,0.586818525127603,0.46530891608113295,0.619868449521126,0.551914662976444,0.6090047248482571,0.530833057339415,0.28450055439808597,0.46882581692143394,0.442354773122437,0.44377290964444205,0.609644972397686,0.5877004565695649,0.47742175937539294,0.43391707545173297,0.350315951274917,0,0,0.448275862068966,F,0.0167701863354037,66,115,117,210,0,0.448275862068966
0.548777941012933,0.481312012961827,0.814795955370485,0.19720776790768102,0.58056776108539,0.632125287867658,0.713104529171546,0.6196360884415479,0.5789970619091529,0.7592369511399591,0.651075037589816,0.627648971501913,0.5913943730901949,0.6001542509758411,0.5330522814230271,0.457653840072342,0.5536390577962299,0.513931532094367,0.686658575422754,0.6738696897120041,0.564045953733949,0.528837919834089,0.550168406353068,0.45372773768031,0.42930915150134796,0.47508206491054294,1.0,0.400511481917504,0.6507491305051789,0.33674923227954306,0.29975844195842705,0.614133857358117,0.581130780076035,0.424232610397048,0.609274709625542,0.5024736169323929,0.419208420714206,0.20305747770837304,0.6103278916166949,0.736670690599062,0.441590964182042,0.36266966889844393,0.5852664636044079,0.352580079574757,0.450962706963243,0.7813229256160601,0.36348758396991104,0.408309868626618,0.535108715200016,0.403474535438151,1,0,0.448275862068966,F,0.0118226600985222,66,116,117,210,0,0.448275862068966
0.64727936322559,0.598026381923913,0.229059544907321,0.248578453869224,0.391360949889731,0.7459893242085279,0.41528617802068,0.681626522633177,0.5959479470751881,0.53208872453234,0.462466265379214,0.38403901130802603,0.527350267887617,0.5378511082800279,0.380077257950096,0.614439975966674,0.5086133013956121,0.319073011507399,0.532960346977339,0.6150614592584069,0.510847576362442,0.580497215865041,0.515920482642279,0.424260051149073,0.397552249457127,0.515918899091632,0.546878390569628,0.32703071142247697,0.536070044819428,0.399486959718949,0.5042205997679099,0.383528989108226,0.547991219426689,0.532331461812813,0.357985517524854,0.7179229855687471,0.459029140734823,0.650219179290673,0.6817460253954589,0.427425952674152,0.491696440356118,0.274736119260925,0.33769052277809397,0.186117148205566,0.36192765622416706,0.545380240929192,0.15703614202512697,0.608523149205678,0.532895189449344,0.7541860359403231,0,0,0.448275862068966,F,0.0144631475731329,66,116,117,211,0,0.448275862068966
0.7400525205633961,0.7236450248625269,0.49216412263774106,0.344570182381308,0.763726743638522,0.457599483331381,0.522174732648102,0.550387500847701,0.3473120593299939,0.522436157908076,0.7132179536261719,0.5429135362279891,0.25804886503313396,0.34774538733509996,0.36540766210284004,0.613821832404016,0.537890776748659,0.48403005157844603,0.741182753513981,0.698632569159487,0.611308717826075,0.681443018634817,0.377315131151198,0.690364108845283,0.408786529385166,0.494975524932572,0.6221635230876379,0.6103197515607571,0.362397811989785,0.217786576619827,0.452611390780703,0.317772585128344,0.5725820012586109,0.581556204915962,0.5489558044394041,0.543740756663972,0.399923997405378,0.6434298426534151,0.465222556929015,0.43117232416082896,0.629775967442999,0.580366130615329,0.528287145179127,0.38502775591211996,0.42420471394138703,0.7160629408279949,0.640375815656091,0.381396857658813,0.493120236845124,0.368381041059515,1,1,0.448275862068966,F,0.0181472029813262,67,117,117,211,0,0.448275862068966
0.515059690092439,0.350203807301564,0.46034519997798207,0.5102949901195011,0.6021050221437441,0.41380721153099204,0.219135072478053,0.558911277924509,0.629621054897127,0.6461807150477261,0.6006011273733299,0.39201212042460604,0.28628509458532597,0.713655704753828,0.6696370492364879,0.425844841373734,0.4157541193273371,0.476165330352906,0.43135544568146794,0.635582240818867,0.345510823360256,0.186473728015407,0.503734285951096,0.561866505740277,0.372317557011111,0.486059338736214,0.401548626805724,0.37896712194327703,0.605240673016319,0.5892589879165601,0.612620867102708,0.641259913291564,0.567430837472794,0.36312839664321206,0.637055283808463,0.556081597448153,0.509633355498592,0.18504954877241298,0.490763793023206,0.5661920822232629,0.344924870664078,0.49526285065058595,0.7173954250804159,0.300520532315672,0.507109105535249,0.441664647395074,0.333886225842669,0.40158270307355604,0.6488571076137261,0.386352166977699,0,1,-0.447368421052632,F,0.0217688167724316,68,118,117,211,0,0.447368421052632
0.407715146974784,0.357600954367787,0.276117731698194,0.389125146926726,0.37159609899991103,0.241666717507633,0.612943889641847,0.502470501503953,0.5897204062115239,0.554945995548421,0.551041860588646,0.34498229801796504,0.200515470998814,0.45958822836998203,0.854674443210405,0.517330488664781,0.36468260368689703,0.5012634179667129,0.759219127088822,0.4081537601934289,0.476001743503021,0.131568081840232,0.5366600479926961,0.5543847178482989,0.456010757080716,1.0,0.32874608022294705,0.473104217251134,0.6781608005086109,0.49116439606617895,0.635408692703183,0.41155082665758097,0.5315458216087829,0.443458818223941,0.45891021977421204,0.362537421860849,0.586306248866284,0.652581336144659,0.640068124662454,0.489617191317148,0.45025098143288395,0.6941849344464411,0.29708752497515506,0.37851916857653295,0.374474210106209,0.667463808279024,0.6426899615288809,0.22199944827276996,0.5706950265839821,0.311218236665529,0,1,-0.447368421052632,F,0.0253295631048629,69,119,117,211,0,0.447368421052632
0.379188710296919,0.49424956300782596,0.38090724806254206,0.5717259944369859,0.407477841838467,0.362688765381957,0.7651946080447959,0.810949634760298,0.42273254091978796,0.313025556852967,0.6310434987416179,0.252616197451093,0.568439800680411,0.574733057414184,0.645845643850315,0.7560132072926942,0.402862906819411,0.4365452335324311,0.510222962461574,0.47510927561844296,0.5669814263089771,0.395104300759364,0.411478077570418,0.48708550166397707,0.531535943622954,0.448776286719729,0.5195691480470039,0.310507168543831,0.736144516703445,0.7340771295661309,0.68314306588863,0.608086972249417,0.537024941339875,0.544331816769767,0.24465619252346502,0.203423490959845,0.7534498132594201,0.538419394627154,0.5977754994955871,0.5675974143747321,0.35209002621076,0.194214037952215,0.541981578947426,0.38935694045955704,0.33768823763605893,0.34832319012099794,0.23923723296646598,0.46464527752239004,0.636484754334399,0.822123357105592,0,1,-0.447368421052632,F,0.028830963665087,70,120,117,211,0,0.447368421052632
0.42810183375614097,0.624716432720998,0.695177794239969,0.357819881790307,0.79875368949993,0.36719400046984496,0.641295840504843,0.45471751860089504,0.42858089861262,0.5763910704004711,0.518476687053974,0.57658536454831,0.530049381045008,0.88786201280081,0.5957563409399661,0.433614606982461,0.642820799882257,0.470561922004613,0.850730824994637,0.6510123644186191,0.37175915044721797,0.385500394656795,0.35303134395873303,0.34611525681830496,0.205218952178696,0.671157746746313,0.62154618537216,0.540720066469951,0.6665708562013629,0.5856703015834921,0.238946971897715,0.473742237281034,0.418647956697387,0.49647129850199295,0.7164515814840459,0.0766609285177649,0.391267198181764,0.578223723625795,0.168237227712951,0.724354492594582,0.63541435461358,0.509611922301918,0.7140211399791802,0.5727118876708449,0.803562903621287,0.40537710786467895,0.5201440143510581,0.256615613320357,0.523337531854345,0.6611255828222601,0,0,-0.447368421052632,F,0.0240100270259684,70,121,117,211,0,0.447368421052632
0.547868452153666,0.34245810821243705,0.597367678468778,0.322422929278241,0.47418965807641106,0.207321882433591,0.48392437368337804,0.661410831409645,0.409709871453984,0.379140779400698,0.48752341649526293,0.548894182488766,0.7631598036033441,0.504001753656279,0.7237217811724208,0.45099206217653404,0.501388054099957,0.39532241869021295,0.504351864266454,0.3657195418021861,0.288952022859394,0.644771903079195,0.543944347289771,0.282158358083812,0.244825737277909,0.49246588584687395,0.311032165598909,0.29494786984679805,0.681137829135922,0.6407944874938599,0.5273673386663189,0.6068633220577869,0.329203166627596,0.854510576582501,0.658288671794353,0.33380868522700397,0.472659551275457,0.42541463080291897,0.544334916750025,0.5866637063220159,0.520256990461209,0.267277846004396,0.754566197339118,0.562665980882131,0.313302921464597,0.3937419059069461,0.12125624684632301,0.5521585220746871,0.349926147636621,0.0948943251530901,0,0,-0.447368421052632,F,0.0192681221350323,70,122,117,211,0,0.447368421052632
0.613931706748947,0.533769120431573,0.6625423616771929,0.7301367000643191,0.5876425058121422,0.237010231826997,0.39969524450330696,0.24887340376179398,0.563334121802841,0.5549397938633001,0.28616314321076397,0.339661583844326,0.268095604041427,0.281034965071357,0.6225193870717,0.484142639008442,0.408360767546884,0.272883742996655,0.348140041008403,0.529636121143403,0.416104296287295,0.516822076635445,0.5014929238721589,0.46661203778981203,0.33163354951733803,0.425288091356702,0.201924868836045,0.572244941811719,0.6019294194792789,0.504978641673318,0.37951176653017604,0.554045865509979,0.8202187651398729,0.53300899203033,0.737962467077681,0.527974789596509,0.77946441638317,0.479993705735427,0.367005410957983,0.675545312204567,0.699934485638575,0.33406635700674797,0.67187656439785,0.5964952461338001,0.785736700982682,0.43672632934558203,0.4587415380896939,0.256086662204469,0.45205707293965997,0.22930941157762802,0,1,-0.447368421052632,F,0.0227334026894772,71,123,117,211,0,0.447368421052632
0.728862678216265,0.893453913275625,0.277742320146315,0.562214335619079,0.47409384261100607,0.203229374401839,0.46118491689115704,0.480257269864826,0.603600540922245,0.428412755817082,0.50971340979009,0.24419448326508303,0.610301398444359,0.5224027124422379,0.432829932178064,0.316800657065312,0.516164941480112,0.498342094944341,0.345045467519177,0.6401584822905091,0.689994372881518,0.489805570495034,0.347466144357914,0.39394210816335207,0.460706248367171,0.598372328315302,0.49568699864929205,0.7732599547218829,0.272364335900322,0.5522988270352339,0.206980511538001,0.6346879731006451,0.36925713158603496,0.7662082137139999,0.7958647760280021,0.766917351524249,0.47351209026203006,0.553744466583452,0.447213560888244,0.6956849525987711,0.30427993598090003,0.19022066062177803,0.602204974420871,0.5627801637946801,0.643765643583686,0.757365898435215,0.5129539755903421,0.6294604231453,0.265842074905402,0.624215290080318,0,0,0.4166666666666671,F,0.0253489799048934,71,123,117,212,0,0.4166666666666671
0.451387413641232,0.837542394809757,0.503621386370947,0.5789687020801569,0.529033889436222,0.323979021777399,0.37228725676728003,0.472606177506795,0.6831400454115739,0.6517425652280731,0.517298718938701,0.391619064741732,0.7122067788601708,0.688554611111874,0.370840078274353,0.5962394643315571,0.27935603603878806,0.563462515122749,0.442617631399443,0.39120752022667893,0.640915650868777,0.48249909827468895,0.462845083321113,0.45141661759546897,0.5796414225459261,0.5600632429200191,0.43869388843173496,0.424973052514589,0.35547574122016495,0.580245006377218,0.20186118975692202,0.305867660361195,0.31121314376237896,0.477817880191184,0.366710895536581,0.77689547958189,0.22525483405878302,0.294249848705393,0.47917300618363107,0.38629690611809797,0.487423558602527,0.134624277863013,0.554675256392276,0.48449482344506206,0.4548828757039621,0.319263647973785,0.472029755877183,0.415981374739711,0.7731780475743499,0.44554396119873096,0,0,0.4166666666666671,F,0.0279399977098362,71,123,117,213,0,0.4166666666666671
0.506034164860032,0.513667326089885,0.620585501592907,0.41922245947101205,0.567753744148186,0.556727629778663,0.38443772197043896,0.8047160597323421,0.21309920111423802,0.20143726448397198,0.6450360770094671,0.6271115556493001,0.47092810815958597,0.7488223319105289,0.48239766455401706,0.461808599986414,0.479371983661739,0.5705638948153621,0.526566411657105,0.579481582184649,0.728578479420142,0.48569251588622,0.6311704031463721,0.36049427509137705,0.575632443377584,0.43831677947239706,0.36910647609603003,0.487974775582615,0.0807929588689995,0.6262324665025,0.33535659172206,0.45530296627516903,0.6315664953116179,0.417821052409977,0.4111846330124129,0.4990447466372821,0.5297909840517729,0.554350631297604,0.495998268857026,0.20582236800301898,0.548265830182536,0.391647339817028,0.7698383896310179,0.45805016262109494,0.5714081376360749,0.36762233906365505,0.334504181884758,0.320194577905154,0.5890900801778199,0.667245988178086,0,1,0.4166666666666671,F,0.0258339031988452,71,123,118,214,0,0.4166666666666671
0.270909716963545,0.409717918846539,0.5475123927643879,0.34397801901938396,0.520085325359399,0.46380374404176505,0.520718454865277,0.49200212014635,0.547819508375239,0.59833470931971,0.6513092685679339,0.44000464088673596,0.646028015426776,0.67010505226637,0.439007902574576,0.538449456682204,0.39863372743129105,0.33636050417713004,0.35077468206840806,0.5513775013836469,0.8042081458957242,0.484326307297994,0.6086916170127521,0.46748996728658,0.14277548892860298,0.460211235528002,0.575596489408011,0.53716222979846,0.59787857913748,0.686014681167734,0.263581966325241,0.625379993387453,0.434275048893496,0.48730253273074997,0.42130136338482593,0.299484128081419,0.43841201401064,0.38969736105766706,0.6584805157369781,0.522696073240553,0.35561013710274,0.338316559411266,0.684298239832389,0.615539460319764,0.6398565484193891,0.45854573673784205,0.31374066274477,0.18385453432549498,0.775045624861328,0.45475461345030005,0,1,0.4166666666666671,F,0.0237474002647003,71,123,119,215,0,0.4166666666666671
0.46529030354112894,0.237570746184697,0.530104043250204,0.435873596417065,0.331488490798996,0.410569398134658,0.517458783152344,0.4070183397814339,0.347453678618762,0.501671734159904,0.649902232853045,0.392717567616113,0.579805849115675,0.411794301163893,0.286404635075379,0.303738098976138,0.442758116563683,0.4613081008874871,0.6663775159521739,0.7861949814312149,0.6376317488501689,0.34761867370856897,0.53398589682703,0.36651304284762204,0.419721941357617,0.6779510403760071,0.5151300782755109,0.46280081817011604,0.4143215704904579,0.6410867753028571,0.37686334104677505,0.508759996505672,0.329122720611346,0.418917138705813,0.40427666055615297,0.0,0.43180370154242204,0.294668555992357,0.715745794817865,0.4562113575556671,0.573055036540497,0.6139322534551379,0.30324377561278304,0.34978503883532397,0.602329792691372,0.5963925485459339,0.277851616057759,0.41121504896152006,0.58271820494123,0.398746856099586,0,0,0.4166666666666671,F,0.0263098464317977,71,123,119,216,0,0.4166666666666671
0.38175268785314004,0.565109454782177,0.523831923608408,0.532921928790161,0.483503675624945,0.490596691462159,0.763784736420109,0.543019856622053,0.9267464706704279,0.439187504973435,0.7906823380847099,0.45432983484422496,0.32379505703526,0.502041779692292,0.407144619906243,0.303583918776614,0.5832780422498871,0.3895491564095929,0.5973234826583901,0.40957269863448204,0.6855616938508621,0.41928065985656,0.527091876810169,0.450257903417096,0.868815830283934,0.6360938612820171,0.453443974938851,0.287009358928018,0.328797737025085,0.572259237637691,0.349276249268736,0.396017884418326,0.39952662260949107,0.46793504163986793,0.5992811870623671,0.496295830493789,0.4651123699775329,0.5793370805291209,0.19718081780965196,0.914272228815479,0.455314817367867,0.4956120156334651,0.510776559258256,0.615980897956175,0.582796970081754,0.49194538189909703,0.516083224931471,0.6246118990879761,0.447380735018865,0.639466208229195,0,0,0.4166666666666671,F,0.0288486755835301,71,123,119,217,0,0.4166666666666671
0.38797090435440296,0.278540125572034,0.7615823681434399,0.431984530946831,0.7810896882879491,0.749590183439521,0.518012812263291,0.506043846737926,0.615927445682322,0.322960210367495,0.6966160672176371,0.562966241857874,0.5255240864180011,0.33812840739799604,0.43465006942615503,0.38316772443117403,0.360721072698414,0.451418046702413,0.17586573331041697,0.466164920160504,0.633069250984897,0.45175133245339094,0.39885045415186504,0.375145323852746,0.416797686722003,0.6940154114527459,0.5929737475734449,0.432781976920105,0.486999217434211,0.645435176383121,0.45625897929724296,0.35925540710535603,0.425150564668979,0.44691022825036897,0.290222060582795,0.43346363724884396,0.502975988454093,0.6075005016319179,0.6501205694425469,0.57293841694453,0.49728334020871,0.44733141452264297,0.605359572335037,0.34730042691671104,0.9038834232044358,0.21439130175729604,0.747435541434,0.46654831475509295,0.184643827880451,0.569562352072802,1,0,0.4166666666666671,F,0.0241935483870969,71,124,119,217,0,0.4166666666666671
0.575952914407415,0.657323574817798,0.594834958418779,0.29844362832636895,0.6466737230516779,0.46721254472947604,0.7188800583821079,0.47091322574937605,0.663084687640591,0.0963546141500998,0.6076779166916639,0.330136569667758,0.476044213525156,0.4702900240287921,0.45840198413109207,0.5510736502839101,0.495999706475823,0.41348100600374604,0.47442444794298605,0.5597603871012651,0.7478741186867459,0.429035681827632,0.35301121043843603,0.24217382968643603,0.5763220800387711,0.8704408230121371,0.39095824817645797,0.504728774591278,0.32694029426118204,0.808486009995072,0.289471132028049,0.359596521259344,0.5491291343792379,0.784252248307555,0.2776635572008,0.513132987286818,0.798168971487344,0.431695560060442,0.415226601282387,0.629045969497318,0.426863297865277,0.5455483574244321,0.353341509127559,0.5677239813071899,0.548947569736007,0.138758624621897,0.41068060752457397,0.602396151067031,0.159684860989928,0.310727819594555,0,1,0.4166666666666671,F,0.0221219295649601,71,124,120,218,0,0.4166666666666671
0.48590689063926706,0.53447247754308,0.41902203586214104,0.6074787134456779,0.49672231769694203,0.563000527522309,0.220832819008275,0.405085724081657,0.664194884764077,0.639715689375225,0.634025562264497,0.5345834149327879,0.494849962950391,0.533342940269839,0.442866405506998,0.46092460411183,0.533253613207016,0.610408803632512,0.527512464914684,0.5525533327762099,0.7565813211889659,0.218157054075788,0.520649454667131,0.5024378414644011,0.37717267668518,0.407975044247185,0.45938464394535994,0.252272702019171,0.41047636705955,0.74192323684631,0.557672212029113,0.30355501156436,0.581129459329662,0.692185357879615,0.44486398627532303,0.38250807038864004,0.48413871278624104,0.427404065585604,0.6186435630725811,0.5758020643577171,0.545472707298615,0.27245803812747,0.5258486427192179,0.545174985162338,0.41891904279708403,0.372091986353784,0.49004651648027003,0.434529750275606,0.133884591775645,0.307355480356918,0,1,0.4166666666666671,F,0.0200692296361762,71,124,121,219,0,0.4166666666666671
0.303134597291854,0.53966132758964,0.4632845651712129,0.598267437022706,0.5731872984851011,0.36797206944037,0.333036297629582,0.45668583703517207,0.736193461745265,0.31760666324380604,0.501806906581468,0.46062852407087795,0.496746802725661,0.384124856164208,0.4525868477406,0.0542580460091531,0.5503671077442961,0.574270334433177,0.47438311704195,0.46274686628738204,0.628364922573847,0.388749821935063,0.7886354669653091,0.267246835577842,0.5485567691641379,0.687780075112552,0.30556763602006604,0.640126321627402,0.37063206187214703,0.5930768880563629,0.583670546589679,0.683506317072446,0.318703506721828,0.39502049616749896,0.650531997794166,0.633175558676963,0.406714318496892,0.47639530155161003,0.5938491122560949,0.645664680904341,0.36933854527184,0.41784089572061206,0.6072536269497111,0.709392156611511,0.570227065890523,0.3945563018717779,0.238460358420995,0.545709243775457,0.5054211834184841,0.5427006044692549,0,0,0.4166666666666671,F,0.0225806451612903,71,124,121,220,0,0.4166666666666671
0.452893982805782,0.385366083411916,0.608948420187427,0.704271077107338,0.6538270269650649,0.471434853152621,0.640589785162783,0.6964728846641949,0.408900647023704,0.489706241217262,0.645819217111423,0.43081790335868897,0.5235406699981121,0.29911649953963104,0.256839044681675,0.337223364023206,0.36507532729197706,0.540776502947955,0.50157070381981,0.6194416107202529,0.750329669927713,0.6625490321859361,0.302023303589477,0.391568762760095,0.41515006726719106,0.515182195233812,0.42037929170444,0.371807384804641,0.29067283813745304,0.636113955160795,0.557185478571733,0.29228148172641305,0.649975965813553,0.5474056442572309,0.71671038762026,0.42487128654820705,0.527864394845793,0.47715142685507794,0.7010273497249809,0.410628368874764,0.590199778263798,0.341593337790725,0.549517884290895,0.555530906794891,0.47337786892205,0.519219476464504,0.320962340075664,0.569908065842761,0.635595450163436,0.528551529691145,0,1,0.4166666666666671,F,0.0205444460662677,71,124,122,221,0,0.4166666666666671
0.7277647432327511,0.50552106645316,0.580855953415825,0.459956536966502,0.5944809603003599,0.39145010570416205,0.338213001283255,0.342990917328245,0.485337489824682,0.609446892370865,0.6404962451288571,0.305245907614513,0.595852161787261,0.6542484017167989,0.46508700982774803,0.426408678130968,0.290392062737067,0.237207189702822,0.842759066698073,0.502195129111782,0.885290650461573,0.38797874591791204,0.5835316402334461,0.45913147884782596,0.570067975804109,0.6271094491936839,0.665040229855679,0.47417957635527497,0.7497118809352971,0.741322907186943,0.46277876095364706,0.342102723507383,0.385000401731446,0.379804642858815,0.544390306909448,0.690041722967265,0.612354570329868,0.4691218640156721,0.547711463478368,0.535270603796146,0.579473361822303,0.679222473261355,0.7472085831985891,0.8440859772869108,0.502997252861752,0.41125393530277604,0.7655273184703351,0.609449205530443,0.7038630784495641,0.5621564538058579,0,0,0.4166666666666671,F,0.0230310956117408,71,124,122,222,0,0.4166666666666671
0.411810272626867,0.349911601341968,0.3959556177799729,0.5457515846418761,0.527795088677127,0.306238162009476,0.542918263978595,0.506503604118536,0.415630218435008,0.579857978304973,0.5789490605709351,0.48518584170359097,0.43954264911761,0.6097000451918729,0.64677115490777,0.365004443830432,0.129265675131904,0.474464674532432,0.8105466908390709,0.504005007753037,0.35420052584463,0.6136207522983579,0.54109646217046,0.316571869141471,0.9698863580093509,0.38014834072545095,0.380798372851104,0.36812701620769894,0.4957692136322871,0.844242782618384,0.43493870913996996,0.44890213649196,0.44578690656627296,0.704403281061272,0.5331944392014001,0.623729170191235,0.4139213785111721,0.12123161381264,0.26630581806744696,0.538646073175581,0.522621629929776,0.468948710764933,0.35699879868880197,0.40222323054684994,0.588553231268474,0.7395034143756228,0.33314728584243497,0.8137701599268911,0.418465017891769,0.6924232892422328,0,0,-0.306306306306306,F,0.0184504504504504,71,125,122,222,0,0.306306306306306
0.719992363293646,0.989096541750467,0.4396166372827,0.549619666604911,0.81160893294287,0.21989965984027396,0.420955095924666,0.552561913808645,0.639046564806275,0.567971702792064,0.21508254749008898,0.533397916988101,0.615033980239736,0.802626892182011,0.5422160371183471,0.273446382562902,0.8083192479591671,0.460860486142392,0.315619057863476,0.8300375701552629,0.46135656196742497,0.392185818743551,0.357888955871432,0.47538328223292,0.666109225977345,0.6154964848784711,0.387552130379925,0.348537966696341,0.305448441278989,0.7991527061455359,0.37454894227434493,0.41543208881568,0.37055899845782897,0.209210599174865,0.6091695783755191,0.796484372448712,0.7031435479397261,0.72011550993987,0.499504267690416,0.667640506705349,0.6308746183679871,0.409321451879094,0.5726970348408511,0.377874971453387,0.590700235207769,0.465922213757778,0.393772925199882,0.7901085362497079,0.584662733678323,0.397302722675601,0,1,-0.306306306306306,F,0.0218790218790218,72,126,122,222,0,0.306306306306306
0.646379042328215,0.502164419602009,0.454039819682864,0.542055096824045,0.350210357969413,0.42089627672170105,0.5342706019146339,0.558793742578342,0.724475034667788,0.5106297650541379,0.5489089475732659,0.691069103121954,0.520311426535956,0.8431489333243909,0.598222416911153,0.39470746171109006,0.700913086697556,0.444601221226511,0.640606778267915,0.476704302029084,0.8075408742959119,0.49291649107041796,0.4993443139633,0.40316398430452705,0.5767216727971489,0.5231402620122121,0.36881208627045,0.422635985260576,0.7345684801106921,0.54483850611902,0.429588778960585,0.5146855716412021,0.71020039322879,0.251114252032085,0.628645631308828,0.7022217886137191,0.749859295559558,0.42791306533720097,0.42526355553465595,0.571177448554293,0.500415746749387,0.514709784617236,0.317373385748287,0.42165796335215894,0.46733794285327895,0.38282211038392,0.39239644982860206,0.21600938373551998,0.5578050866914511,0.5614446573595839,0,1,-0.306306306306306,F,0.0252536000567496,73,127,122,222,0,0.306306306306306
0.553505278640347,0.546020480903598,0.478826918890544,0.58893754464113,0.775064130441073,0.267128107917449,0.550820393834463,0.568068997194447,0.513929336089759,0.333720247047839,0.6953806706136529,0.28139623492492305,0.541707729788532,0.559226016467034,0.549964503096367,0.50506679277578,0.478518364414,0.505318628384592,0.41687028294548795,0.47657861283071,0.302128594305002,0.44541745214746004,0.6028039083119399,0.35615774375483095,0.590180952595583,0.655699501771396,0.545894337892937,0.370917270017025,0.394687586108641,0.41372519887906795,0.6294646383329201,0.43245980633407793,0.47550322817643204,0.263015992374664,0.593693012869963,0.7640770930108909,0.33400660989381203,0.560150659975193,0.337522049617207,0.5830267613729809,0.44193617568915,0.431967570640684,0.6455465457562,0.345449715916849,0.451201488896151,0.658703556980207,0.6208637642362471,0.56753573320642,0.354001210874757,0.559773539478324,0,1,-0.306306306306306,F,0.0285754504504504,74,128,122,222,0,0.306306306306306
0.42681171454729205,0.534358212673736,0.335270126420175,0.557633037228669,0.47716786776860604,0.492794771185805,0.43673354713652096,0.692129293709283,0.45285877582827205,0.583927835714668,0.568622209770769,0.3662423030223221,0.716848667001664,0.738566167867038,0.6248078484053039,0.451942116199895,0.30322212813210403,0.448228932600258,0.5585282027958189,0.879420424162917,0.33146224614243797,0.700432526798912,0.48448922024822494,0.186363912326059,0.6001452930273511,0.37407962771750203,0.5821971462720129,0.398440138229127,0.49744309431623296,0.503948241053528,0.267911131926927,0.542843484894493,0.543903598873925,0.506595898334309,0.46298951793684795,0.44681157030797897,0.434677156869834,0.5179971649931371,0.39014557216940904,0.4701483004596121,0.5486550907518979,0.508734301357007,0.6392556038149929,0.47692046925522796,0.5197980977240619,0.56785124593894,0.32484974161142605,0.564928719005801,0.421705916044382,0.5648023020405699,0,1,-0.306306306306306,F,0.0318457992876597,75,129,122,222,0,0.306306306306306
0.464647227796975,0.6339229130214841,0.41157976624242404,0.237201726702995,0.552233293008864,0.32667830297600103,0.26874008937770805,0.69127015106951,0.6663255196405511,0.475568118384433,0.596958961172759,0.32917476632854903,0.274462562156907,0.38206565506931106,0.725954439284095,0.509911683348148,0.318057309079174,0.561839474608626,0.568065981702136,0.42978111257130897,0.531523194806989,0.279190953997463,0.288037118354938,0.479814728195664,0.587950957315084,0.616743928158954,0.529265714146627,0.375616111683844,0.23375730617524698,0.544442923626283,0.1329782243435,0.5770801110954229,0.5318890122334841,0.5775245641901601,0.633080292729683,0.7359848876412172,0.276741679291266,0.500803837286156,0.631804130228042,0.40164766574247296,0.663479707760258,0.261291756094563,0.793391485889121,0.597755848050996,0.445334870842984,0.406368163694992,0.5660665387496291,0.6726527290528069,0.311125903648983,0.6823737177713461,0,0,-0.306306306306306,F,0.0273735273735273,75,130,122,222,0,0.306306306306306
0.219920398542858,0.6044995401343821,0.5625115895385789,0.464011842953531,0.524994590591558,0.43104457066575497,0.522376301878297,0.359995023382152,0.639503745776235,0.6560523602827121,0.524890819802008,0.589984732168612,0.551519306280178,0.34713059922798,0.623792869282874,0.623973176158593,0.342165197545173,0.5631737718919979,0.37275834688895704,0.488371802690473,0.24323798430104102,0.501227044473496,0.5396017624439879,0.0251612754574458,0.5664626406953001,0.601392781911747,0.4537943691886579,0.28910430271861703,0.6212556425394289,0.18769410559497302,0.38868829296583207,0.35822527369902096,0.6031684903292329,0.7914953277500909,0.606341838051344,0.592079743458715,0.621473953624019,0.655540901537259,0.851039611294668,0.709141463156478,0.3863660439533211,0.222351570404627,0.536800894253259,0.36869559770856203,0.67256410363204,0.40306624200665103,0.266208766284535,0.395113645060711,0.6539428148199761,0.628984755448295,1,1,-0.306306306306306,F,0.0253535701966194,75,130,123,223,0,0.306306306306306
0.43747472175909496,0.42002039317703,0.6726152889268969,0.533609104973154,0.6069180102407441,0.447360127228818,0.7171961124511149,0.364202775434108,0.5419106590700471,0.36504451773995295,0.682888331728249,0.422108906412706,0.417183210140403,0.43727199571847,0.7834701779449621,0.535246829974304,0.513952216191441,0.501535919342243,0.37896279684406803,0.40551285903453904,0.37029757328964097,0.626731422201462,0.452397061673055,0.40209284961609104,0.660228510353991,0.542371337655797,0.610764265168547,0.42876624335418106,0.17037198600642997,0.595939499818797,0.396954374044543,0.305256787314572,0.447776304063624,0.4335892811514939,0.657633720970505,0.598495476987441,0.494228744256548,0.740164611198322,0.769846114666403,0.8928566296997459,0.4168735307846071,0.47872994840193195,0.432686688802796,0.515299684676582,0.5427545797467,0.42713700934407706,0.614717834254422,0.315668988397502,0.571206470749996,0.24447732942126602,0,0,-0.306306306306306,F,0.0209495772430082,75,131,123,223,0,0.306306306306306
0.27810549894590697,0.31899986186493895,0.5720261837888779,0.374082852134734,0.832083874308471,0.38506728849074295,0.34860301928645,0.571505368828752,0.579164379531924,0.30020819219147804,0.780835245722428,0.4284968948973689,0.481996504018688,0.726039080433698,0.646889372993921,0.591929276271678,0.25146221009762304,0.579860034876709,0.5711540827774749,0.29911996488996,0.650502101258587,0.45008209872960503,0.502525114934892,0.36329799952048397,0.576284780474921,0.539694296509155,0.522494566638373,0.24968293260031,0.522092367284962,0.502750787502217,0.425539660755016,0.37809507624292105,0.595905605065799,0.44889355299617606,0.236442183029911,0.583228729894705,0.420450682601967,0.393360277426241,0.707375914058107,0.600372665140713,0.439663311793207,0.44912491511823605,0.38450698875534994,0.616935256205217,0.40239597428284,0.502070398905331,0.368489249342326,0.681707706341076,0.40986544835987204,0.4091697163475,0,0,-0.306306306306306,F,0.0166123114553608,75,132,123,223,0,0.306306306306306
0.42796620640520605,0.554202514450816,0.43771421294419294,0.27256632957103194,0.7601000570172399,0.354688697820457,0.655879075121926,0.5795658678876701,0.555579969113756,0.53021608529947,0.619226381269427,0.692696172710651,0.47106127954973104,0.624907112515934,0.612799877929958,0.479884256265245,0.28983311651106203,0.23933414484991,0.36739202526830206,0.736799453291174,0.401178907719694,0.589069393713902,0.476594850478502,0.40420557716952005,0.611820610396819,0.40194489422883706,0.43031851929832304,0.40905798525886206,0.4187401025316189,0.38735827698734404,0.270282692051119,0.757747889380876,0.40572139102739097,0.47223583485854603,0.49510168096426793,0.397565939096267,0.5789775985724229,0.310017729899431,0.603734054232802,0.20293037996260602,0.6300340341243,0.49589954244339207,0.852152979053058,0.527146382072907,0.67600448488751,0.360455133278177,0.5808642010452509,0.44862700299998104,0.61666487863798,0.6453024819125601,0,1,-0.306306306306306,F,0.019859064702113998,76,133,123,223,0,0.306306306306306
0.720335337380914,0.557305533272999,0.527045481756108,0.612655596833453,0.683531708121828,0.21883245188020103,0.236810468230743,0.5272901449116789,0.669045258878328,0.33182468740917304,0.7306923116515369,0.21917852361728896,0.7414054231616709,0.465067115648774,0.7071860959074129,0.491426039268495,0.5269606693440971,0.28969978967266696,0.820061222104618,0.533101537134948,0.5103889304927439,0.342853295254721,0.5881560742929449,0.47574741599418297,0.6832683438823921,0.793528333646027,0.641545071969429,0.272341235074516,0.18085499994967602,0.43939055578273495,0.102776745534657,0.788274702115888,0.638560073030745,0.6294947246117161,0.594728325835588,0.599815169160029,0.37268433518804206,0.225482762883762,0.547950842175252,0.9852575785457879,0.44055647587295005,0.29736673534775104,0.477039359085636,0.45290899812006197,0.672269666325105,0.537733426023217,0.718767642672751,0.648239676794192,0.511826190321394,0.302156059084074,0,0,-0.306306306306306,F,0.0155946723780201,76,134,123,223,0,0.306306306306306
0.416551528266802,0.43569403649964794,0.5643761384047621,0.42628160980523994,0.603376453565567,0.5234821226534301,0.49952980049430995,0.47594790644027896,0.6632876328902271,0.5460316806499911,0.613987086235881,0.21809706708098697,0.632324512352942,0.37002728603906804,0.545966381988413,0.269663240750917,0.694165449885563,0.37786956172838504,0.660918099190083,0.5426284414268651,0.309681212132248,0.449644581485601,0.5044833923905669,0.36272114615071205,0.579008527803131,0.553861788186687,0.194339553504285,0.34966053410001396,0.339932682865372,0.5280816728325329,0.533483335799131,0.33131614420592403,0.398121441275005,0.6729103868574761,0.4953826887299821,0.43455488398441205,0.297965589145747,0.451272087164064,0.497982761262087,0.541060339997866,0.5319896026454729,0.38553845642503703,0.6922138291242931,0.547161746506695,0.5904240698589319,0.545529555732989,0.313858852507891,0.46996764052686996,0.32619899870718105,0.258872731358302,0,1,-0.306306306306306,F,0.018800863643913,77,135,123,223,0,0.306306306306306
0.411368504816229,0.4590901011334079,0.48039535525214205,0.25948366978923604,0.294848177009128,0.425155279612733,0.470431300963957,0.376554113713432,0.445552320613985,0.49851066583639597,0.368548395030188,0.338079680958283,0.507347271205468,0.680061869711199,0.947870336962334,0.42707348606837703,0.15148313471274,0.5056093428283149,0.6015125893123922,0.549265931305598,0.520272462950216,0.37811754460374797,0.558634473828162,0.307861836121058,0.634426996901848,0.338386634215299,0.239947696514064,0.436446946276329,0.779490853255567,0.368511435968341,0.45610280427129796,0.5215076730522059,0.615494935831038,0.828518860518546,0.28534805879729996,0.422732568935386,0.5548308184329229,0.725653133773301,0.54449221690639,0.40906360209952103,0.47596141745160603,0.340829268180041,0.6980353484676729,0.30047537318475703,0.744925446957427,0.663192793565586,0.500284588005421,0.452144183743534,0.7692908662950079,0.229342756482367,0,1,-0.306306306306306,F,0.0219599050382484,78,136,123,223,0,0.306306306306306
0.5580486595281771,0.676161686405748,0.24938123501815196,0.462951737012735,0.434945373645984,0.5531765639933989,0.513941992794784,0.6300260473873729,0.498171129281108,0.17721842066385396,0.684965386828244,0.4568328681368521,0.8992345756081879,0.45645850418932,0.608781292304477,0.5379621209104439,0.47774535617064295,0.48484969143757595,0.33155010165039195,0.625440555600117,0.37748635360593497,0.48997025184980897,0.400848146424601,0.393847818951065,0.373141988794286,0.584761503030261,0.6054511493280209,0.628867433898436,0.262361802259831,0.38359838569013105,0.284633753611313,0.5285127912512271,0.33320868900638395,0.487613778254712,0.566773069549191,0.5398476586398929,0.502186300242965,0.3224021564386961,0.721269117223828,0.550171518727018,0.49586419667856396,0.404451577873516,0.585298940234703,0.5040065810892589,0.308383589736433,0.565157758188256,0.690419740131026,0.527755126888609,0.28904934665217896,0.228566969712267,0,1,0.29969418960244604,F,0.0199579831932772,78,136,124,224,0,0.29969418960244604
0.5439314375916451,0.32532512470032,0.645693444097275,0.7497866249171509,0.37359710426710596,0.902250852718591,0.31596541264114897,0.600801998424847,0.287642317871027,0.15335455733753,0.235284663545826,0.46672100531004496,0.398991831699968,0.711347649386072,0.8974590859656809,0.426397884088322,0.196337523001175,0.433742567542982,0.701877568310004,0.46206501860104604,0.409130513734729,0.5937133639378089,0.556836220273937,0.5082856388488111,0.587868346212392,0.657640628407198,0.241901425159924,0.65113855348275,0.518676818106886,0.27133091273409304,0.506415060504435,0.31444893457768003,0.343476713960288,0.411394398901404,0.375210964459651,0.35668472721389005,0.5129722121354741,0.415470169174062,0.502302105999998,0.568934625411742,0.541004002227079,0.438908723912889,0.6573912362610079,0.45320377210568896,0.652343563048496,0.569419050146059,0.35295765985449895,0.42229467366991297,0.43147954459313,0.393695014766801,0,0,0.29969418960244604,F,0.0224183006535947,78,136,124,225,0,0.29969418960244604
0.6461671873923879,0.334852722472614,0.40456306616581394,0.350950616374509,0.9224430318063872,0.5797110682103249,0.28751864341132,0.642413232091653,0.364680011823951,0.26694499134413197,0.103820658446819,0.382378780606947,0.491607748360941,0.6437837066413851,0.557083486149094,0.2918394510698811,0.24536140595302802,0.6671455700459389,0.579311247075958,0.56937428802599,0.6561970444081899,0.5590888666612829,0.464956164845728,0.48864305062017405,0.7208638924514441,0.423922922284762,0.43488774399392605,0.6918368809975849,0.4394473425824221,0.2600334737005561,0.3682849527835759,0.47893834564369203,0.378703194446531,0.5661015732906299,0.7626893821939179,0.668613511622999,0.5222628309701539,0.521714310686656,0.836675393331165,0.7356911726545259,0.367209224969801,0.26014594759413,0.492761493480415,0.53578899201439,0.6315306787056291,0.534608606494688,0.46513465119689396,0.5288494411264509,0.44402719770351795,0.21921454759811104,0,1,0.29969418960244604,F,0.0204320666319625,78,136,125,226,0,0.29969418960244604
0.32647583368777694,0.542884888189944,0.574782160133149,0.6114380115385041,0.713047625025991,0.38591179013611493,0.238408276563433,0.502994313211503,0.5063855173355151,0.439291896593143,0.194976663885867,0.38859992334731497,0.378224464068048,0.412205936059853,0.693529647267719,0.763872019956006,0.36386933679747,0.474059325517403,0.32829104721588204,0.55204725421903,0.396685510901226,0.583699204253454,0.36756089234852596,0.692138820773246,0.48354941565507203,0.508258665310985,0.5276234492583329,0.664838647581008,0.537880954843859,0.461867990664761,0.3448734019346,0.415430051010781,0.815876448301231,0.287061797164992,0.45441089202565604,0.4908791022610779,0.49520191260158397,0.49658486627364395,0.492610223267079,0.7686820648886301,0.534014025352592,0.7519889937871909,0.54077837952354,0.517485091182062,0.5191859373531951,0.5452151104630011,0.273907934316402,0.40048285077708706,0.542280987611076,0.36842612989507206,0,0,0.29969418960244604,F,0.022868618813163998,78,136,125,227,0,0.29969418960244604
0.41090273687545203,0.259018284802664,0.19391450148141298,0.6268130761201961,0.4050651141363929,0.44551399130547203,0.525091465482424,0.42028807457297795,0.394047598490621,0.5638593210492739,0.7446603516991759,0.320977513377342,0.674120562940855,0.592659437820838,0.5483011241273449,0.397633934765478,0.301464736793026,0.509162702055728,0.6830246466772472,0.631134949963144,0.49325636781897203,0.28151354319684196,0.572920063775772,0.349564297596439,0.5606606489477329,0.651264652083999,0.393125882780205,0.6262928290160921,0.547907387002108,0.521980245567263,0.566079439746549,0.372509696748646,0.707897722311291,0.482250690498248,0.725366482734351,0.39446657009924396,0.484300893927944,0.28860431108754897,0.45774268815925395,0.7539319423264681,0.6280224261921179,0.387851454747068,0.645477070064797,0.586964138325408,0.37796545602704207,0.41807068013659404,0.7152162939742559,0.799726111400072,0.52362183466212,0.615293131798652,0,1,0.29969418960244604,F,0.0208978328173374,78,136,126,228,0,0.29969418960244604
0.593060444923874,0.453588332972909,0.388271858488928,0.42965918347005605,0.394336787735214,0.384970982993146,0.423760405356498,0.66616366393909,0.6133997381097299,0.41315067148402795,0.39832722507787305,0.331605146427591,0.306741718862171,0.314661820029541,0.6867954542090949,0.290948914103675,0.37618567514195894,0.341338726681151,0.52785109687324,0.5372822721634679,0.548538688128,0.4074904108461121,0.6902687014577629,0.502649317160321,0.579883082935936,0.44237188007522904,0.355127269956092,0.6950813923904879,0.822566621352103,0.276844678424308,0.41503138583978794,0.572475708764709,0.43943119273448494,0.47812542131373903,0.7537292133654019,0.35685908969102004,0.751533431798857,0.40994669383787996,0.510456724148199,0.498157785454437,0.429391166956103,0.509355586015476,0.558065209554086,0.54770550704471,0.719211221477803,0.607162167409145,0.57451968762951,0.123013679314869,0.36568719729944105,0.155315960867174,1,1,0.29969418960244604,F,0.0240107568190548,79,137,126,228,0,0.29969418960244604
0.588056455273499,0.839107766171055,0.781782410424344,0.7118713595817471,0.41079812725500897,0.594093976244535,0.538772958895405,0.635995624375094,0.6897002907394061,0.729707562390141,0.539880733508817,0.526974779406794,0.472486456069177,0.907230000307457,0.7380926356305909,0.0736701639995297,0.452836888830071,0.38706080178014396,0.356310286662637,0.513062890425688,0.756040557812757,0.408888641427313,0.5909794022214581,0.390279349222306,0.592056249296332,0.652862746970005,0.352941562677823,0.7087138371780001,0.5285271478581111,0.590482973054417,0.306812055918612,0.468887295428769,0.260717962872275,0.26283789075174696,0.547686715845841,0.607201651324713,0.670634506368236,0.509969789512134,0.22616578366664897,0.7537059170425041,0.470914110776455,0.24028411969590102,0.69822265969547,0.47259443458533706,0.403749625347344,0.488670056695748,0.615764480888896,0.562165562402516,0.5509179735241629,0.31954724100644105,0,0,0.29969418960244604,F,0.0264239951550697,79,137,126,229,0,0.29969418960244604
0.48415818520994996,0.6808410011561049,0.39610910154138396,0.488524831667611,0.640754427947008,0.465987943454945,0.44133362871363496,0.6528714200119761,0.546389055678019,0.47401102603609396,0.393904514373878,0.480629746755702,0.5161386853255839,0.62870437257262,0.5810317812963011,0.45566439217309007,0.413711383986812,0.297080187051533,0.532891685919636,0.538917411097366,0.41421763681517293,0.31942018092867697,0.27661590449986,0.34580664328033095,0.336565160592161,0.45345994813766205,0.494835132324775,0.8705883703338579,0.39917450417288897,0.48453602942810103,0.47052751041621504,0.5231089722184651,0.321462944979419,0.505992835727566,0.40584700120245004,0.699798262458176,0.355650830146441,0.5397047825602229,0.530586666135075,0.292108716734073,0.389566016390759,0.37700840588322104,0.728600189841593,0.5645354725971329,0.429395540641011,0.4528803699096479,0.667276399420968,0.453213824089919,0.47878082710897296,0.65203885441467,0,0,0.29969418960244604,F,0.0288162488099016,79,137,126,230,0,0.29969418960244604
0.353833771225774,0.36686794992964,0.6924793308477829,0.57932827857225,0.558895830012824,0.7821170617139821,0.470740509798949,0.5710898503919711,0.441090339783122,0.48242070259748204,0.6086864768851079,0.38862452756427296,0.690212205056123,0.33784811275961896,0.745246576101306,0.413227762869734,0.396958399339849,0.372490724435659,0.400005070072232,0.287581222426262,0.48548515071337894,0.49845762642655,0.6469861676799279,0.6517279726914079,0.417373742116823,0.422471354331735,0.54755654275353,0.693283278966215,0.48287661646536606,0.49206830921052097,0.324660444781769,0.6125213961506351,0.43676523256323396,0.43947748879680204,0.7250204871577479,0.5797710339345991,0.314316351669893,0.45356972526189404,0.5955633664192521,0.611056906584707,0.578697433688884,0.5482208506731211,0.40712041234044,0.23831665234788,0.553249398323885,0.264919878997661,0.3700292288130129,0.126984565509401,0.40638972302652704,0.501172308846176,0,1,0.29969418960244604,F,0.0268587859828735,79,137,127,231,0,0.29969418960244604
0.6916565020682889,0.9454894297078209,0.42421829623187696,0.583229784359865,0.533896838611201,0.636567197250701,0.44241359985859496,0.550176337807089,0.7091104461838008,0.65954286381056,0.4579990449199,0.35301912720121204,0.40017117613615,0.485748148256839,0.671620129182317,0.427159697459916,0.370375837388615,0.3886074807881699,0.575167519194199,0.275790865892379,0.0,0.564858752578859,0.422957583486064,0.40605641870559,0.45654756452783296,0.702399907850884,0.233557612507313,0.663191153921316,0.45111169832505704,0.412646936207702,0.40061771058165796,0.613470059943825,0.460594501286041,0.726677637592751,0.5513007448326371,0.436240591949812,0.6397022311676379,0.5328712694740729,0.302489587240664,0.7538165977376311,0.5443219600904311,0.6806804388198989,0.3937444145805371,0.34696067702588596,0.398012280823548,0.6536818183287719,0.5086210974621429,0.6747202058794661,0.514988527115956,0.165189901232303,0,1,0.29969418960244604,F,0.0249181978353888,79,137,128,232,0,0.29969418960244604
0.517760451160539,0.40721935321983793,0.452093774250533,0.506943873664924,0.310023706611492,0.7807118347042559,0.590953423265681,0.472511382029255,0.682217966215369,0.448039585712346,0.313774241789264,0.45403816695380395,0.577390146494986,0.6424445740967839,0.7180321410965219,0.46143436614309497,0.5841158297883321,0.56921242296842,0.6197518253148689,0.665689452098459,0.201249394955609,0.363861515108298,0.506399610306359,0.49678996505419,0.358095826181954,0.51373772928124,0.239142136847978,0.637732851936522,0.544726139983158,0.5294253361050011,0.579561014607523,0.35077809162600504,0.6848838505575071,0.41641642898901204,0.529514361037127,0.5406819365767921,0.756606752356205,0.22799283634914602,0.34111089067887895,0.529244706256603,0.3731727519436239,0.34999276701109105,0.47046430986466603,0.517068241401727,0.385258093568768,0.690489143059728,0.44279971598047896,0.8580598046328441,0.49431659478296003,0.319058873807693,0,1,0.29969418960244604,F,0.0229942670968954,79,137,129,233,0,0.29969418960244604
0.36837233952142895,0.7657829617197651,0.6565636360275129,0.29008832350482694,0.358336820451103,0.429409462520521,0.547796516106367,0.551969254980084,0.4565073546660399,0.50743894576639,0.462541656196451,0.392001216770493,0.3660110557127971,0.698238387618689,0.7760609275744399,0.407870188236807,0.34799488224092306,0.652058776054889,0.563650015697377,0.580869954441969,0.532371999245565,0.193314921427946,0.327657890156627,0.26295009283609,0.35126151361823,0.466313794678068,0.45759975492906896,0.666575079527377,0.342226570741315,0.33312001390704,0.585804066880226,0.542994864624212,0.7757931538843341,0.47363327695270097,0.6735416281325459,0.488627589553924,0.5325069219672209,0.42698923781335496,0.2106744377044,0.532402244077905,0.36093842252508795,0.5106197633456611,0.5215571673667899,0.46786270517490297,0.44425395132140205,0.48985816897847706,0.54327827246209,0.6513236818771421,0.41521624323664397,0.6765223303752559,0,0,0.29969418960244604,F,0.025360284484372005,79,137,129,234,0,0.29969418960244604
0.5842024110461851,0.43273162159567696,0.17337731673740198,0.5940454455318179,0.12190942536413399,0.419599891477295,0.451169975087045,0.582430820050292,0.6476732404698189,0.669956723323959,0.48300294979956604,0.527968781609097,0.38694169168608294,0.5421355586936351,0.569004090526844,0.345330982758927,0.622766848413141,0.332099007243296,0.496048981460624,0.426828910711964,0.46890249394511496,0.312396157742336,0.511000181347308,0.45943332655552604,0.44158119927736605,0.59260991887573,0.32184162092194896,0.770462712191394,0.559768660530801,0.6198357974748709,0.49437875837767103,0.5456524783744879,0.331078652258161,0.553090108103234,0.338859101526529,0.43670203912829997,0.512162300704544,0.710070582602931,0.5461373980129439,0.32566614646559494,0.539200872523341,0.396545756603354,0.505988679891201,0.39465255792467796,0.372442557116253,0.462932862349245,0.20585046332677104,0.26135227536572697,0.670406931595994,0.43453923997650706,0,1,0.29969418960244604,F,0.0234508464047212,79,137,130,235,0,0.29969418960244604
0.4676540256523279,0.517934842372745,0.682302610124038,0.654919008031578,0.5142452968005901,0.393388763846224,0.660742169570024,0.560191525119295,0.763343349233485,0.325269589289023,0.549838580961687,0.29858287702485803,0.389988410569066,0.8448288822765021,0.628898589833531,0.3700313404886699,0.594002280586568,0.51401489928012,0.6366617711715861,0.3160955369474,0.404615728107323,0.47216273368672296,0.503045380799945,0.445598266718522,0.293973488407214,0.671458362705659,0.49386095777982203,0.6416246044465279,0.6137326391526651,0.296189095177925,0.697791763836607,0.598924984467366,0.21905758813422502,0.5198459043839989,0.378813780251975,0.509325799227698,0.6237601068664871,0.47503221159026204,0.5002995485545291,0.435482917278236,0.5280654002266509,0.47547962189886295,0.653873112793104,0.465567714540617,0.443766328520445,0.5126903877454221,0.41420303032261896,0.320790760404491,0.350803423754779,0.43624092244984297,0,1,0.29969418960244604,F,0.0215575900037115,79,137,131,236,0,0.29969418960244604
0.606786769710701,0.24919348877131697,0.642849531122067,0.6901083549265811,0.5249753664790491,0.38426014360715705,0.42009610873871706,0.686250696166185,0.5320102089243011,0.443814164883563,0.775202369934773,0.373558697174857,0.47973569143271605,0.5842521385673101,0.6257907345798339,0.264150862987587,0.4261950901791479,0.24139317369207602,0.699553602585814,0.622079642853676,0.529138356551343,0.58677709197994,0.36468020052933,0.48006616948391995,0.655673386427448,0.41684187590721006,0.6476158468101509,0.7202016095724451,0.44370803757468996,0.758031904673428,0.16867147540427901,0.462351634429965,0.398153674350302,0.566607000091598,0.433795842911373,0.5505780844717211,0.670185247406303,0.407115132605943,0.20621642705780105,0.685915570046249,0.337678224357276,0.5839995869818171,0.498773453822724,0.511078502600187,0.649145156323915,0.47424636791302205,0.41857149596364795,0.695376661981145,0.652557581655854,0.475192309858958,0,1,0.29969418960244604,F,0.0196803104499677,79,137,132,237,0,0.29969418960244604
0.5838766713702729,0.259306155043619,0.5811877397703189,0.46395329855486,0.6540286099497851,0.397220478325832,0.44184660763201794,0.594071282323229,0.614434587713458,0.33633610274084097,0.6529714372173979,0.258241321550576,0.572741377886696,1.0,0.57371659504198,0.48259340987637794,0.6206933444945419,0.369605475191874,0.46935038799443995,0.456820508969966,0.608117377587475,0.628957857549269,0.4303171679875779,0.6840754967346581,0.353594741478151,0.46942761714624703,0.5183697735817621,0.7331632486641021,0.423380758220274,0.5706683920796071,0.5188852856099521,0.3757837689040329,0.39638891051185,0.209977268877612,0.41947859380359004,0.4183129824758,0.669027102015926,0.7360584991227651,0.40363000695608503,0.54310558876591,0.663829130314011,0.29670091635346396,0.5622428261930279,0.225613659969237,0.409843494145181,0.483193936882863,0.6347478997575811,0.537434859076236,0.46590746890741996,0.49470032364069,0,0,0.29969418960244604,F,0.0220204870269275,79,137,132,238,0,0.29969418960244604
0.577800778701037,0.42559005280911105,0.6752386759692021,0.684986029283985,0.691347557607306,0.336304653694062,0.602151661102974,0.592465456462176,0.710713238849615,0.297713638391406,0.570861777102865,0.22693533160333101,0.44106911886625105,0.273541538552304,0.5654182632786279,0.169770681124878,0.576471858335982,0.11847242660240101,0.5716609406280401,0.33548684661069,0.263526175916531,0.161062585586515,0.517501219960281,0.267804048733149,0.35068585701678,0.5228556120132679,0.4096632927900471,0.764498427278759,0.346665249753198,0.5309813106602371,0.45203303962814706,0.5068451397742849,0.6171645236062528,0.42203727491263504,0.503339927130414,0.30790654381449395,0.396355202834964,0.632259185541862,0.441511119093301,0.711174594674881,0.432987087421365,0.17039276390535998,0.4492608932935879,0.32986504074997103,0.47571184312142,0.23915878311885,0.369064406777722,0.309798488589483,0.38447317048921703,0.39329833044692303,1,0,0.29969418960244604,F,0.0178419193764462,79,138,132,238,0,0.29969418960244604
0.43447871989253,0.504117913798122,0.125850026936297,0.493332750004006,0.309488252275267,0.7248306708366999,0.818251986737422,0.621026644007368,0.00605249773390782,0.500125640431137,0.524514985228168,0.36839371594504,0.520284783832626,0.46342002821879497,0.6287282024936529,0.493361684668649,0.437185451044966,0.283088523508146,0.514102593542957,0.457859260862089,0.5607447560291,0.659151417465386,0.6763878419732919,0.396661631204995,0.40437981820197605,0.534571007287269,0.41156689534284,0.686090778517715,0.540826181707481,0.48405214509558,0.5285774777560879,0.564473031730152,0.5402048472547679,0.901951519560053,0.672910900530422,0.474938820826776,0.588419574211115,0.555020641126454,0.46241054587714897,0.819317398669187,0.617931747906756,0.520738545532297,0.546028572981363,0.61316848586434,0.562286148179846,0.6686267611250439,0.428160976901679,0.7033030278973951,0.292950557023482,0.430134624065445,0,0,0.29969418960244604,F,0.0201625128858165,79,138,132,239,0,0.29969418960244604
0.41183965633867803,0.7200926761445509,0.47977590419331795,0.478597832707642,0.403160129377096,0.508356412130154,0.548458937518592,0.734083947427652,0.29222718213845,0.41675145441281103,0.679285202822119,0.452119711519391,0.465538314069318,0.535777846474332,0.683680497312068,0.5626450327230971,0.596648102479778,0.489188669673952,0.3019822247797,0.720873941273104,0.34448931836606206,0.45409408607276003,0.35776794656164707,0.446694393256322,0.508500375743858,0.747074159887172,0.525044828743037,0.859767565129018,0.37217060897851295,0.285877944400978,0.5278433620781189,0.6416855398949319,0.7244956354660359,0.417991248548976,0.63727029022536,0.486782831500854,0.562643478340302,0.6110132793258609,0.39901425991490796,0.5552837333532751,0.668084386528052,0.414138159636394,0.559664771064496,0.397371686006122,0.215998746461571,0.26640678453364103,0.41112652115214793,0.628469516163181,0.461017765766596,0.538057902108429,0,1,0.29969418960244604,F,0.0182971014492753,79,138,133,240,0,0.29969418960244604
0.283592358498987,0.561024160909693,0.432255328802304,0.5291524975520039,0.797427644474553,0.373746244471955,0.24046268980495103,0.33817289740569606,0.654499283120978,0.592199611147951,0.565250679603493,0.227578569549057,0.39814241061753497,0.463064736304658,0.595981635292698,0.690409088253707,0.241320047962721,0.387131977611664,0.606333084016943,0.48673624749840205,0.384191864139736,0.688757350377463,0.4471538048082849,0.271337948788649,0.269717129736267,0.48618557881466096,0.40205843468903707,0.7314889588601708,0.489800334371827,0.631798247352504,0.305960244115663,0.5806148294266179,0.6771633967060601,0.4538138217558979,0.44949537411901297,0.7251415284063009,0.38836533424143205,0.38561046568847707,0.374695797386905,0.3960002981978811,0.581810414949916,0.34364678913302005,0.37318895092728005,0.39637055284419,0.4316085761773629,0.48803690108412495,0.4777830908093879,0.416637065300881,0.47849133104868896,0.508175703748798,0,0,0.29969418960244604,F,0.0205965481989295,79,138,133,241,0,0.29969418960244604
0.309567482222623,0.19813068202904102,0.5832631932530289,0.4231107140375979,0.5498547890148311,0.5801254871329821,0.471991081382052,0.598586208894968,0.67892873507143,0.6180257180199139,0.67190167307157,0.515027554391852,0.365813548329206,0.50858400441393,0.575453427680896,0.453291965989195,0.10105690576563,0.318472163618999,0.7790353296541309,0.592121198047958,0.280661832494418,0.41809786471013793,0.41489857270191,0.49560219485016704,0.254863511063883,0.584063518012819,0.360239328823017,0.6468512349002871,0.727047206499384,0.50521618726008,0.34271137768485704,0.324816080732672,0.23915520072332996,0.436598315161807,0.595472141196934,0.608380432127294,0.4974408499075879,0.268161992305777,0.0943502462478083,0.5463266674183279,0.268654785160526,0.564172200290312,0.488051526579803,0.5542652250550999,0.6386946627998861,0.572294355932268,0.0175826906666261,0.592444827681659,0.6870755927660319,0.267765084497591,0,1,0.29969418960244604,F,0.0187447598514792,79,138,134,242,0,0.29969418960244604
0.5767223165289019,0.312121071484296,0.515622568848689,0.636767804382282,0.335075458157901,0.477858238026315,0.29411924265894,0.42784794891148603,0.5695229897833051,0.314551696650981,0.6875276344673039,0.466402051441698,0.6275867374829079,0.46351770502959294,0.6553871252694711,0.24217369371209804,0.560987401976139,0.21230977966328896,0.680944747476722,0.770413085417075,0.53042213467971,0.549688223287193,0.5728739335597889,0.5743832943934979,0.344773325437609,0.512060424721652,0.46926724838666,0.71817240833103,0.649694287185509,0.687629435175061,0.33850268241349296,0.702844175111237,0.41776222157300397,0.397367667200543,0.50694331721522,0.49690648156277595,0.368029699101804,0.19229681449069,0.6011725692357011,0.540395867454305,0.427841472313821,0.48296521362673295,0.33936178144622103,0.315447744362983,0.797830419678672,0.5537573277928659,0.46928338081908205,0.461651786898571,0.3726765797440711,0.570594553268038,0,1,0.29969418960244604,F,0.0169082125603864,79,138,135,243,0,0.29969418960244604
0.23806302429363602,0.532216389104395,0.608180541703316,0.595344691594519,0.5559087174934001,0.655630715413425,0.553845067646085,0.496690110391322,0.5623131925484051,0.5777925045093311,0.45570540574878604,0.46449380030061105,0.7406674940338179,0.297109201239759,0.563880951843552,0.251798601288752,0.322029377775335,0.452702018172654,0.21120863734029896,0.658722744355713,0.682517686275703,0.509523304837511,0.36662085757971297,0.310004676796573,0.35294161913981,0.47053710767297,0.44046091423811295,0.638049401308758,0.49665260900019703,0.441784536775076,0.445413030849371,0.49508333864956294,0.705172592068199,0.382785710361245,0.484724724816423,0.366692974449228,0.32709487073686,0.534440691876741,0.4192333654684679,0.483227073969998,0.603098394057532,0.419240467544434,0.595041268982343,0.43073339398391997,0.42802853883342995,0.38996085928309904,0.430873659577722,0.418392437293068,0.612701771385897,0.495105654250902,0,1,0.29969418960244604,F,0.0150867189356142,79,138,136,244,0,0.29969418960244604
0.5284550193271911,0.49632875924903797,0.41332845641914795,0.24716601693675802,0.8968320180644991,0.19121558555242396,0.17687379301157102,0.737997521051616,0.46720258992957703,0.45227729449974896,0.22659415538567698,0.477048932233449,0.5605610282029,0.626273007578808,0.8008500881129978,0.397091540741491,0.772130495003009,0.45504713996081503,0.7267275089752979,0.49112185282105797,0.34273416930736,0.664044770764833,0.473264775761375,0.480596753857101,0.579995084159177,0.5400730624173279,0.6364431352384661,0.712842086565708,0.597621931863175,0.6580631528587599,0.44693000195140004,0.6437056307458511,0.5337363072506249,0.639074998924812,0.597964192824902,0.503632111611512,0.453282287438493,0.365113635312075,0.6366090675526851,0.47390392809643894,0.594413712672939,0.401431689713231,0.464581223711448,0.36339944439933203,0.337382361505654,0.548692346268213,0.49391244096294606,0.353209108189805,0.650610262908598,0.38721614869590903,0,1,0.29969418960244604,F,0.0132800946465542,79,138,137,245,0,0.29969418960244604
0.6009070414861589,0.57121146790607,0.26114785074085395,0.174672179582263,0.3709160423995089,0.6691496517244051,0.686260113290411,0.2401081861545,0.647515220037643,0.7485489567347109,0.5444279104066071,0.43747435435532106,0.470663628554475,0.657425824563704,0.7972344819828509,0.238296051909803,0.37467269809609993,0.32105779903731,0.399880980870836,0.643905527740754,0.44132884977979603,0.0947630341974783,0.320560327704837,0.490474358446969,0.6012811316593001,0.474497124177969,0.510362850754372,0.624468903772958,0.493219224459228,0.36269768217513204,0.712376675925256,0.83320944583465,0.6725924535260621,0.44416909204251,0.49125558105957,0.612029491472495,0.347008122288191,0.65336322943559,0.38110685425206603,0.5900145724972871,0.6046813924301371,0.545720128681124,0.50816867075185,0.38816405032461604,0.535761683803857,0.470702032822954,0.47118888984835205,0.26538409721092804,0.433722188287976,0.66233553889098,0,0,0.29969418960244604,F,0.015553199010251002,79,138,137,246,0,0.29969418960244604
0.477567866696327,0.608268034213961,0.6620271436822529,0.35880807231028994,0.58177321588727,0.444063142301082,0.301454743603973,0.5477954436746321,0.534352271214824,0.0614874046621304,0.509770809824463,0.50381471539735,0.60002716121621,0.5169234624978,0.5931317386087939,0.5559227177652409,0.46273011653635493,0.41534495025956,0.658586440251353,0.416918742874683,0.626497220283789,0.591950062882448,0.30585092755025894,0.36394785912739,0.339546128105352,0.44946710964448994,0.705919976348219,0.759417915048429,0.415535518951373,0.361563498786115,0.498671523029409,0.496341596533775,0.6453379517572111,0.35116031640122497,0.42718830901955895,0.310220277195976,0.5120156224974279,0.417806650325328,0.5173840904033521,0.33083108961028995,0.5934344636475171,0.388657727293568,0.460975970163491,0.587922455639574,0.559613675981876,0.466229301148979,0.587953439063193,0.314127602812866,0.570318960258459,0.505476823461449,0,0,0.29969418960244604,F,0.0178078976705979,79,138,137,247,0,0.29969418960244604
0.46382454831595704,0.34209915658531004,0.5665201840291639,0.251472536327915,0.484371830626314,0.737318759865382,0.251971730891495,0.530597664711506,0.711515167305913,0.532658522607799,0.6210005456211171,0.42901788431888394,0.677346097670777,0.601509805845958,0.6834860848535471,0.745631921527726,0.836758401663307,0.38974047354440206,0.7411997119216179,0.320842865892072,0.7135306123344959,0.527292654902837,0.43117465555245205,0.42688105371293894,0.511611704601685,0.539778812563774,0.610852303669735,0.7006108881761421,0.22421559544497002,0.322011961145406,0.180681091693037,0.560318534894486,0.411093525903996,0.8174105058960791,0.22458510394491502,0.542190571848293,0.36364218759696,0.563824279483083,0.55794406242438,0.6805740636205,0.216036165114017,0.31030606642418396,0.41356113095785296,0.405365211924867,0.510436777930273,0.523545307390861,0.42884921143234,0.5618619197463921,0.455442737647208,0.28913885482545,0,1,0.29969418960244604,F,0.0160121552127163,79,138,138,248,0,0.29969418960244604
0.41895969851770093,0.499805109255218,0.41540840699156895,0.485367393896764,0.583533826789036,0.458623872870143,0.41422423547867404,0.647036861901656,0.7037992221839801,0.5642737608437299,0.455219304686236,0.380048258636441,0.703252624160234,0.448784532818539,0.8454027268221942,0.3689341496067379,0.48869461326948704,0.7548705899094491,0.5321163182567911,0.800334153937692,0.535289718237531,0.261337061919106,0.571728420108587,0.675268301173635,0.655673843961444,0.531132306276615,0.33368304708725,0.790020340541165,0.7086545857162779,0.603250060949564,0.46917236544644497,0.35598526779263506,0.437449827304933,0.711811862419927,0.5330512218107921,0.392779455582469,0.562270914335061,0.47199522747984296,0.261301107022777,0.5591839690256141,0.524301245159377,0.29009512903010903,0.677112223315312,0.5832916664748511,0.338930212489054,0.754395992909053,0.36705383965850896,0.590512343802457,0.281284816849303,0.8083081997531079,0,1,0.29969418960244604,F,0.0142308363890344,79,138,139,249,0,0.29969418960244604
0.5462013666274961,0.7291893440049809,0.622082995689341,0.588229242137421,0.242664438102473,0.527304499311766,0.41754998080067607,0.664459955141749,0.4739046223013879,0.579545283083555,0.389160688005796,0.54138475606303,0.542467033237666,0.45437615339460796,0.5860207772820699,0.40743622979481,0.354179474266814,0.694209550020268,0.325885210862365,0.472333431023992,0.23758524485711702,0.572555239944523,0.4360034704902229,0.287380300850966,0.480636593384635,0.561149462847788,0.182156416094996,0.719700514590967,0.556042566521269,0.6111054785117049,0.34041653231224606,0.355392914813115,0.37074543062163107,0.385987009203683,0.5804131898506291,0.421418724650007,0.623344220114082,0.43304247614926294,0.645350779589526,0.5626524746201529,0.563437451826408,0.5614743909549089,0.672586561475975,0.644187102732719,0.7984162063672209,0.538755596047129,0.6842047228811989,0.38545826974351294,0.604289215264066,0.166661546777803,0,0,0.29969418960244604,F,0.016463768115942,79,138,139,250,0,0.29969418960244604
0.657266008681982,0.441061599190219,0.476072680548322,0.39983971373749605,0.764746985664472,0.561951987479455,0.5437061482513179,0.7058936647284829,0.7447601593611871,0.673140070794468,0.652449835942323,0.266648588955071,0.417891967017941,0.604882148924994,0.605806979967036,0.5127956105677159,0.220696264869687,0.47387221511312394,0.557685736393635,0.608162505634917,0.348357421509699,0.343682328111274,0.35199616213671603,0.412545362758877,0.500043986609493,0.425605201346808,0.45695579991890206,0.628417456804807,0.6105216452217691,0.309821593784886,0.535151218115439,0.527661243182513,0.45245478837650205,0.49535643700589294,0.6463680713015151,0.64916951458339,0.830024654330383,0.467702855790348,0.3908576502691021,0.45043372040378793,0.541211314636557,0.45100208851452,0.6879770643128599,0.39375502389679,0.428510119928734,0.792220587279096,0.368692911302041,0.557142926740724,0.356619809244904,0.274338459899522,1,1,0.29969418960244604,F,0.0195395683453237,80,139,139,250,0,0.29969418960244604
0.5222498379855329,0.564402573578258,0.6489072386583941,0.49952221831500604,0.561858974025447,0.38805222630151004,0.52187125483374,0.756066254118257,0.88482122929751,0.392904737243728,0.7142908446762021,0.425802306546389,0.321570658739414,0.648006267088555,0.592745174500523,0.260959560339023,0.48039396656199607,0.442794577522841,0.45161417727866704,0.633726215856817,0.570161928961809,0.250941414314512,0.39599887488509794,0.5035062315522679,0.630026001198276,0.42226985523405297,0.33619808697987696,0.6344737901468189,0.3774722296280821,0.749024921272381,0.402794530329481,0.534946196894544,0.44667399709645206,0.4912326267617921,0.5715144378051071,0.39553484308819803,0.3801682427996379,0.754187778806105,0.456762043924044,0.47828187752178297,0.37931149175172607,0.147048309300375,0.38748361093311295,0.399860616240492,0.27957448382612604,0.34036469954391196,0.422364852422168,0.6186701034656209,0.774714303914473,0.476199409419513,0,0,0.29969418960244604,F,0.0217547077875548,80,139,139,251,0,0.29969418960244604
0.528022863535914,0.687847614134131,0.6461995312719351,0.40245471521751597,0.552338935426169,0.492542280261666,1.0,0.498998169478651,0.37108751330615,0.326334844975799,0.32571641841425797,0.3809155228943139,0.577292393917898,0.562443582872694,0.6020146028180711,0.16799843465917003,0.38398443563481205,0.7020625593031511,0.3874559083730011,0.531713287146883,0.5745781204568051,0.6336401289183,0.565007376139481,0.234211835489169,0.6544767454610539,0.497371502396594,0.515442345813118,0.8006372008123921,0.22346445198701698,0.47197105325922495,0.0507812486651804,0.714709374915124,0.526776256874047,0.741655073638731,0.32752205582315697,0.27997597845479905,0.314522522573919,0.693022490016855,0.564248116208676,0.461255060809204,0.337623709080599,0.41501616402696206,0.430756863696741,0.46992594350755895,0.34555129098158194,0.567777131078292,0.6001422173998521,0.510114094677514,0.7545425129715779,0.381853318720451,0,0,0.29969418960244604,F,0.0239522667580221,80,139,139,252,0,0.29969418960244604
0.399832600312436,0.508015831079099,0.566362080207734,0.60882757951208,0.6195460024256221,0.592008247345051,0.692888838275543,0.434068179317135,0.380884343722396,0.325564752403615,0.664045640303521,0.493224987792065,0.458932975879816,0.718476192066581,0.546112373604457,0.411320266225399,0.6069016277455711,0.299024277458432,0.703883678446677,0.47599110658506794,0.606439883455819,0.5981941112440989,0.416838190391932,0.291905135173076,0.361281206351178,0.613842558118144,0.498851192679356,0.7206114017287271,0.555576501328499,0.322054757138905,0.214358991538114,0.7115542729904659,0.54308655066735,0.631397704851567,0.753316330410198,0.40498762167797,0.34615858080236894,0.49291417628626005,0.21638176886156898,0.6194495036891949,0.3874904285706,0.483627938700996,0.759149123058858,0.457908306791239,0.13355079002006198,0.5830962255785179,0.5845640946440109,0.375658590211303,0.627629907635171,0.561288235689001,0,0,0.29969418960244604,F,0.0261324537208177,80,139,139,253,0,0.29969418960244604
0.4389430354714171,0.444156724066099,0.533402524777188,0.41646602893566104,0.477549655771337,0.816288779575417,0.570513209562451,0.687643634656281,0.571783470026089,0.668272379674637,0.391226633293226,0.36691902162944207,0.259711750132111,0.524773217941572,0.713893580056575,0.25305404917472796,0.22705948243744897,0.530262262746012,0.158360159414134,0.5696376867429661,0.35987753249759996,0.34122174729597704,0.46939588667311,0.465006918893274,0.45450217483280303,0.46691274062849103,0.368565348833391,0.74568738256473,0.278885152847256,0.466040383947901,0.438667733453298,0.593223659580689,0.573493879309619,0.636763485105039,0.41545001455492103,0.509182494519057,0.279276702029955,0.5334568589889,0.3884114635030279,0.7401671671289181,0.520248039584361,0.340633343006357,0.622070703187994,0.5262102511678189,0.484751656092049,0.48596090021748,0.254226260188095,0.38326366480518603,0.537994064914307,0.3867209484994671,0,1,0.29969418960244604,F,0.024358465983119002,80,139,140,254,0,0.29969418960244604
0.37777148145617606,0.414465739688965,0.316081176560882,0.150132141525195,0.6363904015839189,0.657648550612265,0.6904447117729481,0.614406377879583,0.599527531282287,0.766644299904203,0.6058719435484301,0.34636138326045,0.39742642527546707,0.530796661769498,0.653876692605416,0.54394417804798,0.580008083946952,0.471359701274135,0.9136415101368521,0.373722638893549,0.24591982314063798,0.6591241803413079,0.28164229827334303,0.32655156416907,0.424345860915101,0.4322712009677629,0.315856062968727,0.6549890445158929,0.5487731183350371,0.743148549939233,0.335251303520274,0.5789160626087609,0.464398384174492,0.547125396452672,0.9049308449249659,0.49470861042234004,0.47089322598012895,0.64564273848059,0.293000700373576,0.624849609262232,0.309289705139654,0.7038259025012671,0.708971757954944,0.38212948669808594,0.37318104185673295,0.590072482203141,0.558849985201582,0.3991303997954129,0.332134807706989,0.6222191690598571,1,0,0.29969418960244604,F,0.0202474690663667,80,140,140,254,0,0.29969418960244604
0.592465836169549,0.5103350200016561,0.616767138414753,0.462196427759797,0.649651264595606,0.36699578309353503,0.48081678926121296,0.594907040671936,0.5363409195505711,0.505612043893617,0.626161066363328,0.366410751733209,0.48732543020930497,0.627432906737978,0.542847863177599,0.33191122840574605,0.329980573888789,0.4168933401159579,0.38672865939803497,0.424946999645603,0.7083013486824431,0.5285996460707569,0.5628317917233271,0.508970603153067,0.7019644524878199,0.579369135758938,0.566533663655981,0.657847747505162,0.365394389557839,0.571266513694702,0.506771617756394,0.5457501862463711,0.505252397068761,0.452659651588736,0.507221073644572,0.6759850413035129,0.443654952628313,0.549480693731507,0.7302938524897701,0.500647790025881,0.42659675936522795,0.21667534271258998,0.58710201775028,0.394312574454647,0.7609693043166341,0.36808530027408504,0.5142566358216211,0.7942433118322251,0.6054077314919,0.53404115140359,0,0,0.29969418960244604,F,0.0224089635854341,80,140,140,255,0,0.29969418960244604
0.5644631437364771,0.516934864981664,0.7695960527185649,0.238404878217787,0.621792328824426,0.565737369103873,0.735746129507881,0.702482579001933,0.42752858025822604,0.508265551013181,0.275290477259744,0.3094644107100061,0.532404410256118,0.43754767400518,0.7424338198800029,0.248045416563657,0.44031521063215395,0.396494229334135,0.415249698629486,0.370519722415339,0.41009321317576,0.44325032323403096,0.620436296178072,0.45993533491280497,0.35926550087743103,0.567915096783571,0.412731136114081,0.8780175268750942,0.5798473857797729,0.34876644398336604,0.25768179599755103,0.38056344671695896,0.58260388594529,0.524854852186849,0.6437722899794379,0.307848030406984,0.4406609677979071,0.5483510800816971,0.732850702105615,0.5926499113399809,0.435436738342103,0.6194472509305079,0.542513957183553,0.51787991810171,0.435567683957993,0.522343085346686,0.611450468774072,0.808732790718545,0.466293728416872,0.877320182013369,0,0,0.29969418960244604,F,0.0245535714285714,80,140,140,256,0,0.29969418960244604
0.560933716441577,0.492233614758927,0.4989511667264721,0.47814270434596295,0.320323154647861,0.634224067909993,0.39750676405811897,0.468250889426038,0.6736048959367199,0.440529744154611,0.162797287000853,0.504414729496087,0.576676022503965,0.62236645690661,0.6269394449741911,0.513963474818611,0.354519809424404,0.545506208952379,0.533542349798408,0.35783961874008496,0.6430859481146171,0.27564808386477696,0.6155770287220961,0.45213268727442396,0.5045883812115199,0.8961325613665401,0.36989422695047497,0.661484247063803,0.41375293931748,0.558639650324328,0.467545436163349,0.8468199754331559,0.519848062398226,0.504801351998474,0.39839465073899105,0.426672909240511,0.26469747631526197,0.4869326315519001,0.790547462861653,0.724712612610925,0.41634525108248704,0.520925227955973,0.7718624416007601,0.454602610770413,0.547752399918606,0.549861021984588,0.569332079952931,0.410618994790867,0.6196466330661711,0.385988488175334,0,1,0.29969418960244604,F,0.0227904391328515,80,140,141,257,0,0.29969418960244604
0.38726971743304,0.5982801806657729,0.7284207710977351,0.281618463547209,0.700904659891676,0.6401409733184991,0.39918933266506607,0.859041365931616,0.5730436724096911,0.44638490811408604,0.541976033972605,0.28608264454293,0.194668941936451,0.814616313598356,0.559731954266078,0.6728611655667279,0.5141013536719721,0.53590641703544,0.637043721260986,0.43751122993938796,0.624521316740698,0.6750273297266209,0.407914698180371,0.4639266864041571,0.22668463491361898,0.4992285286399771,0.5260646618581251,0.6482402697948171,0.5980923233391451,0.44368411612369796,0.36683978777722903,0.612444089241959,0.32719852941197997,0.39300259738535603,0.630093172669303,0.47614985370130397,0.476415282702301,0.477263011197911,0.486507453898988,0.326057936377383,0.320919169966841,0.775661426065102,0.441336614452133,0.498588864459156,0.565155011262869,0.484083334475483,0.26568447155832997,0.46608239777341204,0.4306543122849771,0.311570407673859,0,1,0.29969418960244604,F,0.0210409745293466,80,140,142,258,0,0.29969418960244604
0.355069152062563,0.615221958239996,0.76124508728695,0.36694604491041494,0.449156207752733,0.0291275822637946,0.44323959493169396,0.548667154258263,0.407545193712632,0.349973422233799,0.276597415416542,0.332913204059064,0.512567118888241,0.489004959889411,0.6077493284326371,0.374012130274197,0.48813461250818296,0.35226085970139004,0.700210594044815,0.540386823700867,0.333155677429689,0.5540417599174611,0.464760081300469,0.355565148529021,0.23585606115611898,0.48404631801917003,0.489495003792713,0.652266142266522,0.356151175022076,0.517727440259109,0.7326938478238441,0.548845968482452,0.562426816475009,0.6986627202782479,0.453729910864577,0.7643809005111891,0.7836929932376291,0.32415954595185803,0.5193726834146721,0.602982640355338,0.309052991290573,0.419298322461812,0.636371572141855,0.161428135490906,0.43325338504783506,0.311664594129377,0.46612345621811896,0.47696394935656505,0.42841834348684205,0.4172418637609939,0,0,0.29969418960244604,F,0.0231660231660231,80,140,142,259,0,0.29969418960244604
0.325245338768263,0.514889407316734,0.48664205290575296,0.693365162905211,0.647661549745861,0.42689431958497703,0.40799968977963297,0.5904448829119,0.16264510407427402,0.59351832308207,0.531928086468134,0.412016779376974,0.912917153248152,0.5757173752470761,0.551110092667263,0.41979297785273,0.38858395014499103,0.731011704744861,0.37790651503996,0.48330757105585603,0.537658206754981,0.524121230926978,0.433903415419435,0.540192020574734,0.5639844043510289,0.480872454358924,0.5460670077378621,0.8252393990370409,0.44445678250633397,0.6594708793305151,0.507048337503249,0.668753784218267,0.476710251454916,0.291039804881681,0.555266534970276,0.425528757642014,0.44688050794807205,0.28951062206710804,0.17873147375529502,0.7711055024367399,0.278619039085799,0.360977772617164,0.412893786932686,0.44586564119733707,0.6359070981153521,0.3006760214416889,0.6643634287546619,0.375209080636769,0.668856817585525,0.47051800072403704,0,0,0.29969418960244604,F,0.0252747252747253,80,140,142,260,0,0.29969418960244604
0.437856626622802,0.736657587317872,0.345096361929003,0.414028922154771,0.6880225295611649,0.7715686891361601,0.570692741178235,0.558755162630147,0.584617431480199,0.271075912098579,0.5443145198634389,0.271871378345153,0.5651755098529929,0.7030923585289879,0.608091244955514,0.31999515169075,0.681602370943117,0.49086348693834,0.5837992380291079,0.304838834927559,0.313030812132794,0.469472019166496,0.712201150105336,0.579787385595935,0.431616506544236,0.6728495398862471,0.406986089138468,0.7014616310798749,0.5696781247348821,0.538912594170117,0.44575528176475204,0.658795662366655,0.633140936237565,0.526691531730404,0.6259722049496179,0.765609504111225,0.354871117954742,0.49995904607793396,0.27151645844218997,0.639883604181495,0.32333797614433196,0.8218371579815641,0.7023604813599239,0.45462185831557705,0.774942093865297,0.548679979377503,0.33385984348812897,0.527818200235426,0.661364955082415,0.238830291172138,0,1,0.29969418960244604,F,0.023535851122057996,80,140,143,261,0,0.29969418960244604
0.306013809754505,0.37068540386140897,0.554169877796879,0.45443206818146104,0.518257157436835,0.7474692167468729,0.5693766337455289,0.5335918639792311,0.6148612504756601,0.652785249474629,0.23595769207056103,0.724779380416326,0.259031942963224,0.528569413522277,0.7033889711109941,0.7193101612969119,0.387391121781368,0.409180144985913,0.7343904934036329,0.640584917711157,0.5398479674510289,0.284973837234095,0.34401293096640306,0.323517141622249,0.470911159928651,0.6598166285304201,0.52310890257298,0.6623278729115689,0.394369899228883,0.309467790283162,0.32310203282606703,0.5723182347183511,0.627930412424945,0.4745079275096021,0.756033226930502,0.632550767782381,0.18620460099474698,0.542686469056849,0.31455679246746504,0.55333801506158,0.29192991188317197,0.374660849671423,0.688667338367465,0.15667657381502698,0.574142349550365,0.421052127484337,0.562802981411652,0.333981391904512,0.58605252949082,0.564262392831193,0,0,0.29969418960244604,F,0.0256270447110142,80,140,143,262,0,0.29969418960244604
0.65949966269322,0.5456758202416729,0.696377595989992,0.692949822136686,0.793668331328205,0.6972981237479671,0.380351117349565,0.43994996914007595,0.757693311777839,0.7335366178263791,0.6950569343661239,0.435253882408693,0.4292669234689961,0.3723724839351021,0.643717012322511,0.624043636310145,0.342621366426437,0.329350519325347,0.299423221241756,0.429935316115781,0.24586164599591895,0.32522896827082104,0.39757089334343204,0.49770915205996796,0.6061971807295821,0.40684021790785496,0.576246865245011,0.747568044171496,0.4461326632309289,0.6553638665876529,0.360602160967408,0.5414968540403929,0.5010615527611769,0.39443903728835605,0.625266312243557,0.31089858643255697,0.37290605495306606,0.49006195820707,0.513588980490531,0.797424310662601,0.627779471185054,0.5165309634034639,0.583581369877696,0.6043095262412199,0.43884164989312396,0.32072219130408003,0.357783839581206,0.42703403192140504,0.219284565364363,0.7161723256735991,0,1,0.29969418960244604,F,0.0239000543183052,80,140,144,263,0,0.29969418960244604
0.253747475774657,0.350912199927248,0.617028966441394,0.60997665409641,0.8044514164276899,0.48953373035441294,0.348978350358011,0.430420610739235,0.560230785088809,0.48105002195641494,0.280072414397988,0.513552310048438,0.395997308184731,0.5974888584140079,0.541859530479829,0.235687695097868,0.43493380686229705,0.398382327381516,0.647284905204875,0.6034522679821479,0.582732130192278,0.41134375605028994,0.617249486530515,0.37947452464414394,0.508879037916156,0.48247256870931104,0.41125914568752603,0.629610384885657,0.4200178628188971,0.544316124407276,0.471298794536992,0.547236462996137,0.699768204499048,0.45020603006452703,0.609683448678576,0.667156624034203,0.680580523647244,0.466275300118716,0.282990149270965,0.578649290518098,0.423925409765169,0.29874268725896197,0.33199219635611305,0.354082084680498,0.70822706733272,0.39458953332011,0.18978732921006,0.64455592646064,0.462337678204449,0.483046636877197,0,1,0.29969418960244604,F,0.0221861471861472,80,140,145,264,0,0.29969418960244604
0.600444877623946,0.20785757002097896,0.5380693817150051,0.580927024204831,0.71134634252787,0.612284344198295,0.304863159963527,0.4548788654440471,0.558743694324898,0.609108659106956,0.504860381922736,0.45017416747440503,0.49534601322152705,0.561696286932967,0.8019975999059251,0.545210996831645,0.7818003651549781,0.5597746889689761,0.5158903274071389,0.910417761789213,0.357402142246437,0.615441687660798,0.62778154810427,0.387004204125121,0.408306938209732,0.356980719409559,0.29430245767983504,0.6744694007344011,0.32612362384765997,0.576688187522374,0.38021052547799106,0.7075507975407981,0.46198375517095097,0.7025820076379781,0.5539258195161201,0.741019989133141,0.43680649491016904,0.5516570642143741,0.443618070347632,0.756029963375631,0.5733986198852989,0.403696962085539,0.549619060419546,0.256886205027507,0.37749723314912903,0.511972331124416,0.568207455132564,0.34900284088344397,0.38820539508258395,0.801228602712776,0,1,0.29969418960244604,F,0.0204851752021563,80,140,146,265,0,0.29969418960244604
0.34227223945081203,0.204710742060218,0.55006252019541,0.5592318995304439,0.48250436668056707,0.41479159096392104,0.19514201450409197,0.634258523492802,0.6152662955311711,0.59494379270875,0.0933639944763959,0.435747760796134,0.6217584605040519,0.7554672689708771,0.596417121758178,0.582088499646069,0.45843762386800296,0.48278786781088,0.540400075837175,0.11051861118508098,0.300276913482842,0.20987780639333103,0.789295670822117,0.38958869932182605,0.251008937343066,0.5159807451713729,0.42755753549741105,0.620937829680129,0.505902739851016,0.491822144329637,0.391578784543591,0.6655543092733079,0.578658255402184,0.7442683057926289,0.442992449834205,0.63812190076865,0.522180270706684,0.19562262166827002,0.360906444312916,0.40462902493930897,0.456399100345311,0.35377945787886605,0.205243051821745,0.5816511372399511,0.43581421232347795,0.576395655942314,0.325542175803208,0.593017788572913,0.188237692487135,0.522265857226337,0,1,0.29969418960244604,F,0.0187969924812029,80,140,147,266,0,0.29969418960244604
0.19998571485329897,0.43912036873304405,0.5187665694551999,0.532151589812362,0.578355358370997,0.47322823195356195,0.5639451054882489,0.48667247735780894,0.573577957886272,0.34643579844241607,0.43873411293425396,0.20931021413603698,0.578030031118897,0.41132666102438503,0.58104775873567,0.6985688902463729,0.35361990973510793,0.78020055573861,0.7989041428771091,0.514733408670243,0.605878104350871,0.48808970916635996,0.42249088077629904,0.6981027123915021,0.513050289337909,0.557397186671846,0.541523275025023,0.7481986446106731,0.40406240274468697,0.363598863256724,0.413616735925099,0.310462720795057,0.647840564863871,0.349483071627456,0.43034990561705394,0.394236299479269,0.396304782659997,0.507784632558326,0.5229312831695371,0.49798510620510295,0.459867795203998,0.363921962135017,0.537723255715662,0.5160021464770479,0.4789448869706961,0.629928931923653,0.45701237147662105,0.555698758787566,0.5882050396677211,0.48540810678272606,0,1,0.29969418960244604,F,0.0171214553237025,80,140,148,267,0,0.29969418960244604
0.48556460622684394,0.5639785332990239,0.437096694942891,0.5866965685763249,0.528314141721581,0.783204323665135,0.4116455694981939,0.557989410175277,0.390909276422211,0.31319999628284195,0.514093005558416,0.50867951107197,0.48071877271365204,0.394033274093617,0.562875166793951,0.436297246848166,0.55670082190896,0.425634465175761,0.314394992284924,0.38250635652061604,0.36591490940872706,0.6534636691212601,0.398769629886476,0.422628489657145,0.5885902881704389,0.8089642877474101,0.595029980881219,0.722239590034032,0.19360395931210397,0.581163939875073,0.373781417455638,0.704740989230673,0.24239300434574998,0.5911783275231459,0.48467843709997,0.28005831934717995,0.523615191271408,0.659826591441318,0.36542270129934296,0.463725280597712,0.604265782080943,0.434694449108707,0.5436748765699051,0.24593570731102699,0.670184410010197,0.744704112769638,0.217871060998217,0.29942820230975103,0.478828042652065,0.43524368646197104,0,1,0.29969418960244604,F,0.0154584221748401,80,140,149,268,0,0.29969418960244604
0.6393096997242329,0.210179084524297,0.15834087353301998,0.433542919885106,0.6619213095755401,0.529718911410012,0.5177723756110201,0.40104585694965295,0.44073920420758395,0.38672290308344903,0.55749173328369,0.523035165731782,0.543640568699149,0.821334822083318,0.648566250772969,0.252179960877547,0.281686883147796,0.414198270742758,0.41866646241309496,0.547930517239828,0.6510933558337729,0.469596605089441,0.470410679929223,0.23801887112978498,0.56227414333171,0.4578782635222621,0.301722260676832,0.6435564457663111,0.34644550667898105,0.6824220093908728,0.321570079769602,0.397579672731989,0.752471907784757,0.50730605254838,0.4980533316644461,0.337058535668789,0.47039301794455896,0.477918966983886,0.465979319918253,0.6718189531595121,0.5358820379831329,0.6284750334601429,0.576873546707016,0.5933138838803941,0.49788543052699397,0.24713283864472102,0.573311211465782,0.502411945151788,0.335258698901378,0.5676040858632521,0,1,0.29969418960244604,F,0.0138077535847052,80,140,150,269,0,0.29969418960244604
0.607547142811725,0.9876762218190259,0.20151880000202899,0.342514745154982,0.6778905542250321,0.529971072124268,0.439302018994803,0.607873815888175,0.135545645889931,0.416080657579671,0.853999966695298,0.312082717705568,0.6334698397060731,0.33026688206309096,0.65496928610466,0.608535570757352,0.563999298432415,0.485760625117029,0.584135950369985,0.510968408525883,0.5818421574030279,0.43536474315007,0.55969383801478,0.708106426140251,0.37769541599434897,0.5711283401174,0.6520052102416619,0.8628673546639559,0.476918118216289,0.552926096751771,0.5081951990465949,0.6181435517812379,0.297693051979359,0.6441714373702491,0.48641434501217795,0.398933422101891,0.7121620347467479,0.30276438248207,0.39217754247566605,0.636296045394468,0.5464871800374679,0.44275061368504204,0.6210799739648729,0.581386008369816,0.43383200141625,0.61485062472078,0.256176563105049,0.778071776295161,0.585606518297442,0.281198785719515,0,0,0.29969418960244604,F,0.0158730158730158,80,140,150,270,0,0.29969418960244604
0.474194703770946,0.36085431137790003,0.47232752809477396,0.372920473352997,0.473212995362864,0.7044926699220381,0.7270607893882209,0.299384362349476,0.679210077610187,0.476426609939008,0.520146369162225,0.41420715200378405,0.661002832990776,0.5204857316118601,0.6201770434944059,0.482905662583485,0.0,0.31692720707989397,0.45633620924384205,0.30344314080805895,0.261521074875217,0.34926766817243204,0.512895794213867,0.5529409788501359,0.31568299957999296,0.542842133648627,0.628672512866245,0.692652913684907,0.490635741399036,0.898705883958312,0.159496812399935,0.776204479392817,0.569393697862136,0.430788672728317,0.48141941232293206,0.594422097261328,0.629697708494617,0.7156737229572959,0.37287435378981004,0.677101061030938,0.454247946145299,0.38145283003445096,0.570432438186158,0.471220351806316,0.603129686820751,0.398332121985614,0.241418175196416,0.549545829492144,0.291731583387523,0.23674605146849598,1,1,0.29969418960244604,F,0.0189125295508275,81,141,150,270,0,0.29969418960244604
0.45990761734631,0.83232124954626,0.43259506758401794,0.55623977775963,0.7682902827910819,0.42108400625602505,0.6217071548437479,0.4722464243995061,0.233576242496746,0.578345292367678,0.48980636672419303,0.6335351365461179,0.48816497262214703,0.54321880080364,0.623852424453564,0.414364051833158,0.7093101641492471,0.434002523332839,0.5773879975849859,0.636852692286772,0.503132609227974,0.6827207035826831,0.5875458935628181,0.147632213590765,0.353093904304192,0.670228502570656,0.38390593502346004,0.6257377386945,0.5035141239445801,0.339590926624371,0.43286018297532497,0.534312061670511,0.572071591244575,0.5351209798545179,0.49116757160449603,0.6329837619268791,0.439073720501671,0.400598336223321,0.5980702365478628,0.7487538991736321,0.682710126518006,0.427258708983667,0.58003620201882,0.5275040216032569,0.5075874343708939,0.279284507536464,0.39092355297340503,0.568999089703485,0.49529949339493795,0.380949111935618,0,0,0.29969418960244604,F,0.0209625500510324,81,141,150,271,0,0.29969418960244604
0.546164840727787,0.462505353848245,0.38237473570286296,0.38571702163773497,0.899460365685203,0.444957109210224,0.340449728335607,0.620117425148558,0.57851814396829,0.6737397125297211,0.682816030828931,0.491893828666735,0.363942214627904,0.764500902331276,0.242987157031068,0.332493948633783,0.44438201560408397,0.656230350116052,0.470563106572041,0.646039168193761,0.44924024536942103,0.15427430055659197,0.519459553115335,0.7508258589514429,0.45358331969293497,0.589898486244408,0.602891603714603,0.411062300583879,0.49643417988764005,0.6435228000133659,0.330258815536846,0.19162173934084098,0.421568798211863,0.29810353480656604,0.43128425021175304,0.3594895093229721,0.407333247504482,0.6544737440408199,0.268266004479626,0.47827654924656304,0.40361390255347995,0.375409100038568,0.448699318498937,0.487944601408799,0.8004904027523521,0.52034399503384,0.44324252788099,0.753475986772499,0.6859647253217779,0.221984508064797,0,1,0.27586206896551696,F,0.0193210262828536,81,141,151,272,0,0.27586206896551696
0.5511549517397839,0.22477637729865196,0.44705820971088794,0.49087352503228204,0.769775927811971,0.509799585720266,0.36556304700641706,0.520956856014275,0.928116103348757,0.211420661297629,0.7381981211749971,0.24652018026281397,0.5569885330592951,0.5141006162764771,0.504202967874782,0.23318170658395998,0.3957942360953379,0.24930573257224203,0.547485875248298,0.525612372212797,0.451120696132309,0.57472174184535,0.40118827933174295,0.537287011948283,0.198632956741883,0.753828912092199,0.402920250353164,0.793310840529186,0.262409204996988,0.27617644209561704,0.410220009411726,0.46842463191749295,0.659884373772566,0.348437531633478,0.445540760486411,0.9991462248036941,0.39243888359375606,0.5285888375978289,0.21940589740365699,0.46379914694211205,0.5934094474577011,0.21099629617262802,0.414093640093522,0.621545005379259,0.38369190745832504,0.494130740238772,0.446662838680076,0.5644801585646511,0.420099476869526,0.4922892797821621,0,1,0.27586206896551696,F,0.0176915283298262,81,141,152,273,0,0.27586206896551696
0.649355492941971,0.6894992020351371,0.44792186079946705,0.45790414976371296,0.66625662059785,0.33079310564749603,0.626823522966912,0.350868155610865,0.26657959368465806,0.5260035407229501,0.780063359125047,0.509806230316247,0.540653850787227,0.750789526282956,0.5262383721625271,0.43150867612817295,0.677995583955705,0.760324703548096,0.4854699325018879,0.737180332075876,0.0938841985950018,0.402565703859231,0.536717292146927,0.5992189855115029,0.547351246651704,0.861564909605657,0.46964526884249397,0.43998320059657,0.558251156940461,0.536077443008538,0.463534142903302,0.6151182089386851,0.45746612560786404,0.478446802936288,0.669220380991052,0.532054543681315,0.502771421477925,0.317533349693201,0.544976270116106,0.4887342960805421,0.6251964526811701,0.6365802896536,0.5144002357499671,0.556868903143585,0.35144600343341,0.7422020247712541,0.496571642875152,0.16584628534477402,0.436005718932748,0.7581063967471791,1,1,0.27586206896551696,F,0.0206882319558376,82,142,152,273,0,0.27586206896551696
0.618202948250665,0.389283986278161,0.7076946330740891,0.39080081302309205,0.496714308469504,0.951850094492746,0.7252438195744929,0.563488873971827,0.315036964926438,0.413673329231115,0.553634922600428,0.590792771151615,0.558424664395453,0.6233342868213541,0.5022734927143371,0.473379847065633,0.542204609799009,0.37508236807635503,0.453699860562911,0.29385791508561404,0.300292360744477,0.605847970850936,0.6606166243468841,0.41617660583935706,0.428127846540902,0.722362144116044,0.5184569831208979,0.420381775645356,0.212236643824513,0.35519514374626293,0.56582013779189,0.27746907684922306,0.4247026099802729,0.551003705410646,0.501143492975905,0.457342196850356,0.3687523767341939,0.30915336795361603,0.365885003905832,0.670039044543865,0.484762003724318,0.6408971887452399,0.5723159565971669,0.308009267551287,0.485562041911169,0.526488643936811,0.395150843581279,0.5781458476669621,0.166547258377696,0.337017977505614,0,1,0.27586206896551696,F,0.0190706281484527,82,142,153,274,0,0.27586206896551696
0.311740413487424,0.459184684988681,0.275742191686573,0.5105299054986421,0.33705036999271004,0.518519300706746,0.514547158218194,0.14562439666430702,0.336367350336501,0.57616595358408,0.6933479798665451,0.43232474085857503,0.817310094550668,0.5153002882579141,0.395417882921216,0.5957862099577789,0.722578501286518,0.63170830023726,0.34417977849087,0.5475082816054311,0.5081700459745611,0.6143331055978829,0.443001501670616,0.654945561557533,0.5606371388911071,0.5775314302228111,0.470608774697951,0.5909434399276321,0.652259887510829,0.598466866947836,0.329197404637224,0.5519889778762299,0.5571749560223199,0.4329459879564179,0.7266971973513041,0.6876537742853199,0.36577003307533795,0.610290976036468,0.525101503145594,0.5306262794600329,0.261592069780114,0.5209047220058429,0.528313366464115,0.579363775550452,0.5706162882093659,0.3565649373319,0.303939379950294,0.45146801040685297,0.49059553246901094,0.6184924394775949,0,1,0.27586206896551696,F,0.0174647887323943,82,142,154,275,0,0.27586206896551696
0.863547323828602,0.4583478576718789,0.620275236000998,0.42336688753439,0.41764839441077,0.678657376060308,0.5212346739435499,0.605704719726592,0.31872926515305605,0.401174420184164,0.619458263558656,0.544647886692851,0.48009999755751,0.571814021127187,0.369910726652456,0.841229126110965,0.594188601176363,0.401127756958358,0.468725883412111,0.673808169309635,0.20883773783917003,0.525243216919294,0.5406241726248711,0.484524969370144,0.6474116522526,0.660782937014441,0.48079641306767607,0.31348552563541804,0.6781037364887479,0.6056852789045799,0.21489194398215397,0.37125800597996295,0.567431287013736,0.51352640084436,0.601240377773871,0.576406963119559,0.39498046257475006,0.626424324502195,0.559554381283518,0.357668042789614,0.5909821765365451,0.23463237503135898,0.5301789006914771,0.651331596851778,0.34663789158431296,0.578895563972136,0.480936976807182,0.477728062689032,0.436076390888274,0.19301420436393898,0,0,0.27586206896551696,F,0.0194937742396407,82,142,154,276,0,0.27586206896551696
0.665088074926003,0.471361759121591,0.48426501448099,0.38408706505869,0.543648871861611,0.649400851278835,0.415778049760675,0.34960541896066194,0.776943456889503,0.658489061216066,0.829510893366946,0.61131764751063,0.283052305757205,0.630240905763723,0.46171511707919105,0.5567110230627901,0.22193158633800897,0.46947186759429,0.366813252420242,0.567976031223795,0.499509388328085,0.490524756834798,0.39759314783184996,0.278634908458464,0.34009147200383394,0.723176452307863,0.33239670069031296,0.345038078496794,0.481757404441782,0.699407696102912,0.562605997261027,0.394133735138441,0.44699238814303494,0.3822205004363661,0.31682192552876,0.797305135939596,0.46979485087269607,0.609189620782418,0.600504062374014,0.475001185269339,0.6186252572701619,0.38698840492049796,0.494066870575115,0.4516020009841721,0.44068680696772905,0.47720118070256,0.6301122737027729,0.6530634107515589,0.40423793304315997,0.670113055899047,0,1,0.27586206896551696,F,0.0178980017287843,82,142,155,277,0,0.27586206896551696
0.42599950490559707,0.22830881030243602,0.723865322207925,0.43623751553718204,0.6855167094368311,0.524568150864841,0.22859361802476502,0.5779308787380351,0.48580287675871797,0.5844993000803721,0.42777135538610994,0.28088036751600604,0.540181557162468,0.463398133742065,0.37569595249267695,0.397035719073183,0.5149876545570511,0.24884222530528002,0.8732434408020799,0.6293807612388349,0.29199264341243497,0.703988612356892,0.6909770186623191,0.35050524569889596,0.35311858171592897,0.588725064122951,0.458247315344227,0.535321164445137,0.654640987826558,0.5553703898019721,0.371827352439365,0.472139325842442,0.47931949916731,0.284267050875261,0.645987292251897,0.615553926973417,0.471177118291606,0.514616875250917,0.502502270798199,0.669926739536199,0.43472645708450197,0.66412097636265,0.655208922753824,0.28598247595156395,0.19887927972295003,0.561205638092274,0.6821982302716811,0.504238461186707,0.812039523413966,0.572604831873046,0,1,0.27586206896551696,F,0.0163137095957038,82,142,156,278,0,0.27586206896551696
0.437479929856326,0.599433668547313,0.43333384182987705,0.46111469103943603,0.601341238467209,0.64116386679943,0.431023416742262,0.987307186774868,0.6088492408337061,0.638398230977709,0.63380544108812,0.5582092284842389,0.39436753334082597,0.803450967127948,0.45654913460745095,0.547751649362343,0.39826647068346904,0.519755315542944,0.399085972260803,0.415735152548058,0.413865502099669,0.429353496502837,0.556388719888895,0.569103749964437,0.367250008776719,0.786628523301219,0.505509624708196,0.37736971667984903,0.251738498151558,0.719307862255347,0.466030934093659,0.730986672862857,0.638584974834501,0.5543204118401539,0.519765809036763,0.360331015199296,0.421664627929461,0.33023356420417305,0.55560283818751,0.45168231303439504,0.422462009811349,0.540674407808208,0.40364659955149,0.371851534897699,0.6115212882383871,0.662404136050158,0.35850248396423995,0.5740950072618679,0.24608051060632602,0.25139819557328696,0,0,0.27586206896551696,F,0.0183250037861579,82,142,156,279,0,0.27586206896551696
0.272790713756963,0.184361935581833,0.587185554555724,0.537344843856256,0.39371551473835,0.408068518637465,0.624037114541614,0.5603144239222421,0.604398856204541,0.6643447999152491,0.474919539952025,0.461117175039839,0.6747078542440259,0.746645844280712,0.422271155945258,0.252955239521992,0.683159341067105,0.549664040263885,0.7056125673838729,0.5305695617947029,0.30046370891235497,0.365381548633866,0.622351608976714,0.50449268686719,0.27717067940103496,0.6121722922456739,0.41307628356955106,0.5660997981195239,0.376358926008807,0.780008292167319,0.299302274977659,0.412099092244021,0.3600852688644029,0.53447553337214,0.404420368754915,0.533788491795224,0.40383556127391496,0.605986379190631,0.45817939214640996,0.5654796181074111,0.38617796189937703,0.621032421004705,0.43052815989815796,0.4848666425337829,0.5627312130926401,0.551517194243623,0.41120919276849605,0.538189416655516,0.36890519145006107,0.352574139916776,0,1,0.27586206896551696,F,0.0167505030181087,82,142,157,280,0,0.27586206896551696
0.603301786291187,0.611870179148703,0.7724974633081859,0.564557518692189,0.6502572011897739,0.47160702570996704,0.6734739854016851,0.48569085365218795,0.482710049854394,0.638293215550823,0.43939148703557296,0.38415520880230897,0.691585042668317,0.606550248376259,0.49352503120491703,0.363439844537696,0.35711894981582204,0.39135310658188,0.48235076081295797,0.6719734497695691,0.430940822499426,0.484162966232666,0.325504872070102,0.51365806688059,0.323933221773761,0.6540705664192739,0.46202710498429106,0.570322336573438,0.281525343154995,0.45404891447401596,0.19584302024427,0.5608511180238199,0.39238203167572794,0.35190040468005396,0.315149378716292,0.4004954760132489,0.30582227093666603,0.37575229132311405,0.535430022468228,0.638264244774039,0.41208244853566,0.447916630914077,0.41345014489759496,0.432391409522419,0.567674379867961,0.39437652882574603,0.645260800515459,0.07679199576377702,0.679922975586532,0.582544574886579,0,1,0.27586206896551696,F,0.01518720866122,82,142,158,281,0,0.27586206896551696
0.705700822134515,0.289725816408013,0.608634062725228,0.340046358712916,0.42336222474449897,0.43113940653649396,0.35790737543694706,0.47065771277734897,0.811309913527271,0.43570556361330604,0.41502863299236403,0.316989105527245,0.691010309932409,0.9109395278918441,0.5178737310234199,0.311100431900706,0.561745427698457,0.43276714900281804,0.385658530607869,0.43090232615928004,0.43274109832288,0.325394752316212,0.554010349421225,0.43304850880006296,0.5504058956051819,0.352149694304672,0.308052123089258,0.6281545720404929,0.545197359102196,0.557911456896482,0.53915419210732,0.37835886897473997,0.425145276390373,0.592498760581522,0.37821963571050005,0.674768525968889,0.500494027205646,0.516776671782846,0.519215532398542,0.5802394285419771,0.5211460690400589,0.628676637321324,0.338239336426128,0.5920919866492379,0.507700784721169,0.274886589757344,0.504625889317484,0.372632513716826,0.633607209696984,0.4735455038463499,0,1,0.26829268292682895,F,0.0136350014983518,82,142,159,282,0,0.26829268292682895
0.5077525305750129,0.234251266113733,0.277906939154582,0.508843782541047,0.576560519794043,0.165213360618534,0.328784844570284,0.598584900212203,0.6502801172503809,0.600482541142928,0.592176975974515,0.473297887380656,0.41305542859953004,0.7408580229714421,0.5059049266618649,0.40718014235772604,0.673671487255082,0.6185508190328171,0.41188121716954795,0.34314845350318,0.525390962184315,0.336151611800553,0.501367176539085,0.27947183186385305,0.220708441680413,0.296313113711578,0.38335678510412396,0.514510980793978,0.40946186105631893,0.748405830330116,0.34187283462018,0.649046479654375,0.380630952273097,0.580050304843614,0.7215057251626171,0.8631996562961272,0.638825078965717,0.43225164338495703,0.40897159977812,0.37200681739102603,0.27452980245790104,0.4351800043198,0.37965464850812397,0.686376368805761,0.184629649093978,0.27280977149510605,0.442000596446961,0.722828343914956,0.468027240956751,0.31329524736209996,0,0,0.26829268292682895,F,0.0156273329020057,82,142,159,283,0,0.26829268292682895
0.425694532399728,0.263611704732395,0.612548802636901,0.526920136717456,0.40290515118548403,0.46265245575742603,0.7000360004037641,0.45211941312960796,0.336627831591395,0.4237508108125871,0.292481654268125,0.469675489145014,0.369308306766861,0.541324995384683,0.4921772618191911,0.49265581878224796,0.523303532356018,0.561729441364399,0.33457614942527303,0.6727140611086411,0.465384642763827,0.5078900495036439,0.402963501297845,0.399943191229651,0.47552400849147797,0.39945051282031896,0.425554280578605,0.45304966478846403,0.393982034031274,0.5073138087492279,0.5521308042313039,0.5212878845558929,0.714964232414988,0.40601871522352895,0.547769797327297,0.477593833870429,0.7511983515242021,0.487759975923664,0.501434205143633,0.488667709476971,0.48343461351801204,0.31161484650873905,0.44299851591825395,0.335224814563072,0.619697808860999,0.5082716832049691,0.277579723050844,0.642264617613832,0.649575875282022,0.43360754538982305,0,0,0.26829268292682895,F,0.0176056338028169,82,142,159,284,0,0.26829268292682895
0.5695599209431871,0.339724563801128,0.369145008123909,0.30108945942098403,0.4576825215533111,0.7153857472945501,0.35895928068465893,0.532429356005907,0.522215721408132,0.44342242155118605,0.6043404995813381,0.616053814987261,0.576056432059717,0.535962941453029,0.484209464194261,0.455380492026298,0.6332921566727379,0.155313857432784,0.515307596131368,0.36267795954696996,0.609540262356959,0.389580140550994,0.49093087553839704,0.37408651373810203,0.498395922494154,0.530779206604122,0.243036725115227,0.508764517197905,0.261830744920302,0.719080275129402,0.617968442552157,0.6562638164047809,0.500293201386548,0.736404477957446,0.293984309217538,0.49057126053099104,0.521862816717524,0.538679854156473,0.5649096641256041,0.780720847113419,0.397480643932192,0.435259483556277,0.862570035986889,0.257461662115777,0.589201472654171,0.713961309107853,0.748002225704655,0.205384566867655,0.5594497581089599,0.5673042609112969,0,1,0.26829268292682895,F,0.0160612799604646,82,142,160,285,0,0.26829268292682895
0.46276237108882895,0.19415700937990302,0.57359891075073,0.529064012186349,0.497645222091617,0.264243421302753,0.5003786267487079,0.6307070188832691,0.641900384068729,0.39923494518843,0.5997883648338729,0.614863393162049,0.632658482180158,0.6985393054420501,0.511024326765896,0.6101966714593139,0.378769911332739,0.41465614676636,0.47054262053207596,0.789118839198663,0.349166113535071,0.379221889461245,0.679635963235504,0.44571854203171796,0.566793410797185,0.5173165454382971,0.481675721905538,0.29142176837385103,0.334112745668382,0.447646605235745,0.527596694382737,0.4584324016888379,0.609884158625796,0.541845206625867,0.622692797036254,0.5502106588204589,0.6415847218163421,0.360528765256245,0.520026306437839,0.513913315355426,0.460346515637694,0.7820671720946729,0.213714488386439,0.278163902022867,0.526707629953274,0.6136175830446229,0.39030277250042894,0.38486022353847,0.625732120149546,0.9034813972863929,0,1,0.26829268292682895,F,0.0145277257953315,82,142,161,286,0,0.26829268292682895
0.5039253662104289,0.3178027236711,0.5901318841757529,0.5661382309988771,0.424799094381788,0.402361053058307,0.357902755961498,0.559204713510816,0.5371241251614111,0.527513479517465,0.45962582690882603,0.456467017243483,0.34851553525768103,0.7301951764004458,0.28339989142364896,0.360265339843572,0.25965500039772305,0.524534707451932,0.490878403212125,0.7231712501854201,0.274828732879364,0.345275813727151,0.537436829952604,0.7030992342690051,0.0590339486388091,0.533856196137531,0.353721484818403,0.317122601970643,0.5512445408446539,0.5944209654310351,0.631313707747042,0.378368662796057,0.46245436991072,0.559754332070759,0.48880023199952793,0.48982549795894703,0.687102789968836,0.347224901805292,0.453927379635844,0.34039585014962703,0.18236301500912303,0.490156856495452,0.44416956585228495,0.290932040940296,0.526866143597484,0.62963153430006,0.375563473047726,0.536060345333491,0.6962969535750949,0.236056104234703,0,0,0.26829268292682895,F,0.0164891789762968,82,142,161,287,0,0.26829268292682895
0.136491442194335,0.153716202536592,0.6365326125448539,0.434434492421743,0.41943472055071795,0.268297214572773,0.441585876694325,0.614198399771827,0.57741139607195,0.45882129128374505,0.376405938589481,0.33181077749485305,0.36624604087786206,0.9547558091749191,0.385085354733102,0.311462314527011,0.3487520113594019,0.502345623610126,0.39643605769218393,0.47552853218541796,0.5524700594492371,0.5517697619339169,0.5788982441857919,0.37581335086181,0.46488081279828797,0.388145625571075,0.480138242791452,0.660374993651687,0.14056930403265,0.5397705507919149,0.320082414495916,0.19956113600317701,0.474740164166501,0.7907769745549259,0.660251786958818,0.47274072160935904,0.715789541472327,0.683122121475676,0.484598361953215,0.856176611777975,0.567922509175011,0.199111525599459,0.25453758403508603,0.538900126330087,0.45955954042204106,0.5199406730853711,0.519834257218029,0.8353960679024599,0.613623532866646,0.89384669081943,0,0,0.26829268292682895,F,0.0184370109546166,82,142,161,288,0,0.26829268292682895
0.17472705182569898,0.333340076181586,0.48038043487707205,0.364412491384104,0.506610685797647,0.491514791766755,0.7840584929306559,0.63374284805181,0.57602606008146,0.705223781964192,0.588461120912101,0.295531708625353,0.29179149621827005,0.7596169658201949,0.496625656150243,0.343702789284305,0.554999011214943,0.26565135299195697,0.41252683719132105,0.576118259245977,0.38229270111132896,0.60944130482375,0.613219083150078,0.36549344947628104,0.729863192183542,0.488348164038456,0.465532354866492,0.6575879871920799,0.6978057128669859,0.691612984413927,0.4895157758337121,0.6370464869606589,0.667264592076029,0.501735651826678,0.6780821740552071,0.606906791014472,0.701434666182685,0.37084824025143603,0.5282848209165011,0.620163942864129,0.47129983268621994,0.5930884345940121,0.70414852113625,0.5774954037528199,0.471222720877812,0.666249479185299,0.500215817112629,0.6741436778165479,0.38349637427794503,0.6600471301126489,0,0,0.26829268292682895,F,0.0203713631268581,82,142,161,289,0,0.26829268292682895
0.38960000185075,0.173512560776577,0.39970368144107105,0.39644355010695503,0.695222079876538,0.445037196651735,0.6440066582511479,0.228426276128327,0.5714374378957869,0.35782728582647494,0.413855817455065,0.264467551158829,0.42293326493237,0.615909616079332,0.528571687175672,0.43978711597781,0.41724076432446994,0.606355233028091,0.46492661433535504,0.41818326509439296,0.517259814135421,0.23629511236425602,0.66042195203544,0.555329068952283,0.4515627390186501,0.501639703005841,0.347540241175412,0.48204998309473707,0.36424043569566206,0.42890259138170705,0.260644246306216,0.53199308894101,0.553567079533509,0.44927657824436,0.7734534931075551,0.627065364572538,0.45804546111462296,0.7101729544967901,0.3180347926189,0.486176583909645,0.55483622550925,0.348224235707142,0.592618778837786,0.64521743290697,0.552962483731332,0.8046078344167059,0.31828582185857107,0.66193884245326,0.28732135600656,0.26321748807939604,0,1,0.26829268292682895,F,0.018844099077222,82,142,162,290,0,0.26829268292682895
0.466548030835976,0.35538607461079796,0.28185554335028196,0.4644798825973421,0.366744392745317,0.512224850834034,0.33854861923631197,0.512390953933743,0.495832641527735,0.39619968875559597,0.780526861939494,0.550287523308584,0.5640586848371031,0.507824079432204,0.521842317772467,0.671051888321094,0.5287025367654289,0.40032893255160207,0.35821908396067703,0.5831913459538449,0.532583772753741,0.46144293272855796,0.6067853778520589,0.19963413791541698,0.728540969473464,0.47610606270491995,0.479243400339139,0.5281333624062,0.0979459259639501,0.660316972245757,0.56365941878282,0.516767320659097,0.678974539670707,0.508489029952188,0.7516404928491179,0.439025696588122,0.264584583947871,0.6000005139993559,0.39021659981385,0.3976564559390271,0.6481811362581711,0.287213811074081,0.46597497029811097,0.50188629236706,0.552738177428165,0.5651318028164061,0.633126821046453,0.262794237249303,0.430680817632927,0.540538631916732,1,1,0.26829268292682895,F,0.021798890764408,83,143,162,290,0,0.26829268292682895
0.751826942491259,0.338861458807147,0.401780966704811,0.42189802332577603,0.5966009263932299,0.559784785525888,0.6524087173070731,0.38366892217464393,0.7114384235064342,0.7064992405618492,0.5725603686754809,0.6734350557066839,0.29502150352949796,0.9115986951209691,0.466083487461885,0.35304894822486604,0.436029000925048,0.405082571131844,0.627420972389704,0.47867098384114704,0.48731356600397996,0.33055794480807105,0.699459571444713,0.40752244091311796,0.45635649816216706,0.4459062489654221,0.8005691870514742,0.34605925057407,0.31553880603764,0.43370708426748,0.465021897694288,0.863517625215292,0.276359666410519,0.44874567771381496,0.29770206653105896,0.737065736927215,0.348557904527813,0.4389770429425471,0.593908444271641,0.582549452646575,0.310232512464537,0.8013984213295992,0.475968164848409,0.31541706945654197,0.24606888436896898,0.170551955375797,0.394952863279247,0.326566544261211,0.454215233210708,0.7593235611995991,0,0,0.26829268292682895,F,0.0237185494917453,83,143,162,291,0,0.26829268292682895
0.402846858897345,0.15540085554668803,0.5137180705461339,0.195156772111498,0.616782384817174,0.621006247653328,0.19334540275376302,0.390051050829419,0.733293817119005,0.584100863424161,0.6555005595290689,0.543463259927652,0.33563792883195,0.731827285901005,0.47526914942153,0.328373293089653,0.53730314955817,0.499107140722495,0.6121308576287379,0.40883060326220705,0.5561790278104051,0.476046812245598,0.40335095524602504,0.381885213110453,0.536874461251695,0.48866869014268605,0.34108784169401196,0.571176001497093,0.362893160549508,0.54123250255165,0.4392667281529529,0.309843255106445,0.27424690947068403,0.6607662020016739,0.396700025589877,0.539326962172765,0.5551119325470479,0.55189197388936,0.35246180221110096,0.721077498157876,0.372683596565014,0.521089138364391,0.6194427706097989,0.487503878653825,0.364081149696637,0.19135581264496804,0.615756377150759,0.34195081128779703,0.41498822093162996,0.64251578216923,0,0,0.26829268292682895,F,0.0256250598716352,83,143,162,292,0,0.26829268292682895
0.41488347700194106,0.7708899935028442,0.460795236733316,0.48917261239897,0.581373385724499,0.405093657016521,0.6337005469903039,0.5717643496411321,0.7290254417216,0.47229068227107796,0.475375592870585,0.42257145563826204,0.514520853551096,0.5299761415157039,0.8100732816735942,0.376372117351866,0.553491010415522,0.47136713276626707,0.5419275723496639,0.0663958978373845,0.36551307492304297,0.24263152087977302,0.386746182742949,0.554046500198266,0.555610059728162,0.4835164657834,0.29426768922778807,0.597749354140552,0.539657599769679,0.41175332345314103,0.5295861416894371,0.49919873166882106,0.228904902068652,0.21373510401694,0.346206892893872,0.522711887735458,0.617665144538611,0.525265645993286,0.473703125933156,0.636607434048063,0.645495012978172,0.411389948032168,0.49910424936294706,0.644004669319311,0.29037893353524397,0.578341662609298,0.631214797694956,0.768034374327787,0.6154935349900279,0.27985737739343897,0,0,0.23529411764705901,F,0.0275185565287954,83,143,162,293,0,0.23529411764705901
0.508729081835194,0.6495982673865329,0.7922366788091201,0.6943317183847989,0.46192377611619606,0.31088585177718703,0.319447416563706,0.53547325946793,0.453493742214696,0.372434536997746,0.20810965561479397,0.528321073295743,0.47618904240017695,0.561754482751486,0.6529519819771601,0.508795767304871,0.516903520987356,0.40103170758473605,0.759936876768101,0.517601756952363,0.27760398732270597,0.606047837404246,0.396518880077948,0.539477124344304,0.765041714442204,0.7407222569512869,0.500907333313604,0.31523261260672997,0.41539403776386896,0.50409848867711,0.420549490739616,0.781218557832402,0.644284673115248,0.280645590343959,0.44630814488056303,0.7103709424020259,0.40070190659940297,0.343049359835997,0.602569649905409,0.483226395936955,0.464310616804116,0.6961428881646601,0.49478164964697496,0.48954665757953203,0.32568543052426596,0.485859301765715,0.507562739456508,0.268246336639758,0.467333018340546,0.664283232802825,0,1,0.23529411764705901,F,0.0259978117120975,83,143,163,294,0,0.23529411764705901
0.5559580310461949,0.554919183089715,0.183816708796957,0.662174421885154,0.628363371235597,0.48359378990913204,0.23579166706205,0.318548519279223,0.478714530759836,0.525829225011991,0.45876955202455794,0.5203252327817379,0.847733098033766,0.38006952519318604,0.754805318373098,0.301887229211458,0.713967829363722,0.476841803707761,0.586161683614475,0.5208756366817651,0.162952566348722,0.5487398034613571,0.161777764223668,0.519466078227701,0.576323626359291,0.37613491119662,0.650189337165421,0.31763425176640697,0.474156389446844,0.338437365682584,0.641573729328463,0.5813717622724239,0.429385397245724,0.38054860797547496,0.543246977751949,0.7382822633419691,0.729065464700792,0.681750331328018,0.7177880429326909,0.8135614413400841,0.47967657057235397,0.195322348575055,0.765397260393665,0.34659652543168606,0.693831516081359,0.374246172723379,0.646433787635966,0.48329963754246996,0.11986277428362699,0.23835757003903799,0,0,0.23529411764705901,F,0.0278772075382245,83,143,163,295,0,0.23529411764705901
0.477699318758666,0.312989499066342,0.30228551564339695,0.542674826525519,0.509062393631873,0.40274083849265596,0.663572818000295,0.6052596442422521,0.673367185037931,0.604549362610705,0.826292163933517,0.686515284556304,0.251532309665631,0.8758669568150219,0.6022701674716441,0.539654574272623,0.569527854230114,0.697167517977889,0.6228194681383641,0.548270745898808,0.337974134098704,0.4979128946936121,0.182396624097784,0.5683896237575891,0.6311809200844051,0.752904286598856,0.41894704400706,0.517296462512782,0.5408815449664429,0.5633437951517,0.264768854941409,0.35464257651450604,0.989478175228665,0.39845246053028005,0.370393069409546,0.624241872421717,0.37781242716826396,0.49030890787248405,0.5007701513007271,0.626303407007793,0.38276599530398897,0.38824490371695103,0.255546307704474,0.394752861666421,0.39867425615693003,0.5239918051884871,0.5678085952492901,0.487263325155026,0.21823170854704999,0.645758404712111,0,1,0.23529411764705901,F,0.0263655263655264,83,143,164,296,0,0.23529411764705901
0.632744423146396,0.427242033960625,0.43482876371003004,0.634451583002303,0.529431500522127,0.522808471852775,0.4838308800623661,0.4944921934403879,0.5303401769167561,0.527926403637161,0.664835421546586,0.47630361873756394,0.5857632749798171,0.473242091205429,0.668544914286986,0.541323958862574,0.26592332739834396,0.431200046554066,0.4670652499952979,0.695287036818486,0.583014199516079,0.43307234305524,0.30951968656152196,0.492395867267306,0.6560380365272621,0.251736461881454,0.296647004213484,0.355505878380264,0.42583541524771296,0.44931316196903603,0.400673296325,0.6368554243007309,0.627267774612166,0.7408080536787329,0.63115981811151,0.6386337766886271,0.41837551487695096,0.5082228606763429,0.49962723084082394,0.314604542823801,0.492270633829636,0.512481008127539,0.564183415958827,0.41374701043254,0.6394589431699829,0.531699700647569,0.472002198123101,0.541455256844877,0.280003987719193,0.692159393414315,0,0,0.23529411764705901,F,0.0282310282310282,83,143,164,297,0,0.23529411764705901
0.238081442692029,0.6483842096282951,0.42192194534128596,0.40843288048496096,0.530514182521738,0.5122710161436049,0.663379126559588,0.634471202208379,0.49546495081310493,0.7708432050221821,0.5517023486905821,0.322839364636825,0.609087715843841,0.4163976579080779,0.58649336118622,0.256150295960585,0.36752161045699105,0.6986317203728489,0.42168543987706497,0.7566839342501241,0.64861797248048,0.4476190781593979,0.677042934196831,0.65544251116676,0.6001655510238411,0.541080450869719,0.549356107299914,0.56443387405003,0.26762370250834194,0.74421125566228,0.485764056697063,0.6042851064183511,0.44019050397191894,0.45542875106675396,0.7629593272065921,0.452003947408406,0.286475469561102,0.46498245638692104,0.421316066627353,0.359228681919651,0.513975349558457,0.35337151852715404,0.5609758177306489,0.38683080728138997,0.500302619818379,0.584615082350905,0.5778873826813,0.592014657950501,0.31968939036848903,0.370840150347804,1,0,0.23529411764705901,F,0.0242003367003366,83,144,164,297,0,0.23529411764705901
0.324464244315445,0.4100383136615539,0.28627083024848304,0.44710088912227397,0.5922450319310799,0.47951513048850497,0.432376082765979,0.6345984464009521,0.665502251003708,0.7681502118970049,0.390336534299622,0.309284086789902,0.65644636648046,0.7578308988858979,0.5502903948069681,0.6773779310802889,0.566701000450735,0.352852965292755,0.398827898343755,0.392827699894993,0.571670149682178,0.587109167058792,0.46521290766498496,0.50477511842759,0.5718960838854611,0.510830921825587,0.45452041281926603,0.31817406650957103,0.47266971266576396,0.44482418795144496,0.439776248827526,0.5720152324514439,0.2899932013453089,0.56407806080785,0.39742430151244296,0.768225245094993,0.3105324035103811,0.42032541181143795,0.516534682347735,0.31129918438884496,0.7188318449417072,0.459989686657175,0.3985527476707129,0.583239103338193,0.46197322657977097,0.5208340557770129,0.232613974101107,0.7476050864832721,0.332423596119377,0.449424672312417,0,1,0.23529411764705901,F,0.0226976137211036,83,144,165,298,0,0.23529411764705901
0.657458229134061,0.5282376297091129,0.551055339348781,0.5654600545371451,0.45191013322058904,0.37036748331789004,0.41360522598510796,0.45699531121024395,0.583777924033313,0.409447539163111,0.460048394090467,0.503959818036521,0.5318505667518979,0.9697484832065452,1.0,0.398130191841378,0.6848384359328321,0.648594957327416,0.4160791912054121,0.719555925230984,0.602650163830014,0.40663508510491403,0.392497816396428,0.519161634333716,0.552018612553684,0.51092475755039,0.32109769926324294,0.35968566995256,0.686699453507458,0.746269639114202,0.7051718024252599,0.316050723302728,0.506798122118608,1.0,0.31941223910509603,0.6315120899499449,0.43781178933308007,0.478863427575061,0.425556530387802,0.5277760016192801,0.397609902089483,0.621720015986308,0.595516802072718,0.29740881638140304,0.5857998684935961,0.482704390755594,0.534659978777015,0.6339409167255821,0.526865162419535,0.363286769283103,0,1,0.23529411764705901,F,0.0212049424005946,83,144,166,299,0,0.23529411764705901
0.55452656843058,0.42029138333921,0.508989649155556,0.435964065150937,0.472954170817673,0.35514143040826396,0.578199826446775,0.614242998232199,0.525321426213724,0.580322287100512,0.8431018811690479,0.5426819936913011,0.702986891620609,0.34344968127548603,0.601489668686331,0.11664388404145601,0.449350831957442,0.20082267409968899,0.437721924898233,0.424531127955025,0.5814428554135711,0.338971450894099,0.50021401978722,0.647062265534761,0.7170700339749259,0.27742943805408504,0.437443428352651,0.5059489763793029,0.277092295287421,0.506973238006851,0.43052117331173395,0.543022196711144,0.554939130616916,0.37364938404765,0.601641098474566,0.6169007587857579,0.637268231582374,0.615383296422923,0.4659643497554,0.7556071292182232,0.505086766345432,0.4209533775887871,0.8057925237525079,0.44264836007911496,0.749884774852022,0.572843986635385,0.272479357968488,0.5442163201173871,0.7246190598182951,0.328983253818789,0,1,0.23529411764705901,F,0.0197222222222222,83,144,167,300,0,0.23529411764705901
0.510794423983284,0.39769986961239207,0.282650741717596,0.305569423192026,0.65025667879501,0.46458747620125396,0.397544748292687,0.71132128888917,0.622676659750854,0.390419728700291,0.376292580447796,0.510129882312339,0.41972280880373797,0.9302041345726461,0.547302609060069,0.33059730174586893,0.5805209141249239,0.373734970627367,0.637646396923614,0.518299540482959,0.37289315027589703,0.665517379245942,0.6874253237913149,0.5610620941988199,0.651826260811364,0.562711466636019,0.394859390891049,0.5846870020203969,0.42063099788897296,0.7238533089590171,0.542660983564631,0.45063890798226097,0.442143313632451,0.412293973678863,0.483195770666369,0.618055242066386,0.328341301822109,0.383091798190123,0.549727360577187,0.45137092812886104,0.61277524023424,0.5685658457344139,0.594901630558132,0.341052238001958,0.48790697314383297,0.43765144353913105,0.47664575327371,0.46578925369184204,0.41773422921624,0.451458229140858,0,1,0.23529411764705901,F,0.0182493540051679,83,144,168,301,0,0.23529411764705901
0.535200989210916,0.6676970152616729,0.359739049891844,0.47730868021952205,0.344709583684398,0.504118319258038,0.472096517780667,0.513166768076464,0.48294038083927504,0.44187469565549703,0.377697022629854,0.533024100336577,0.469162067700277,0.683575002081902,0.463388888850595,0.8606436855734559,0.39922546434207795,0.44086283718040103,0.11407483484321801,0.631083487227995,0.7577528038441791,0.5051646109415271,0.482365724446805,0.40966375780675,0.23393521381679502,0.573360374863351,0.54887014747887,0.5241519417957899,0.615080624954687,0.47561832990233205,0.35127939526701196,0.5840440690997679,0.234281477317069,0.256224837008615,0.402454398395085,0.462394260196429,0.495428325450811,0.211861997805812,0.218387352750073,0.35002456852966396,0.49255592140560406,0.567013558542804,0.547128811021737,0.42555428161823206,0.536110666264174,0.43807956312779406,0.230425537583552,0.5141370289081071,0.42057077698644196,0.457236925043502,0,0,-0.232558139534884,F,0.0142742582197274,83,145,168,301,0,0.232558139534884
0.623968416970582,0.561249913663075,0.508117326649877,0.531330628245817,0.564325087419199,0.636958551677095,0.6535896543261409,0.346173321871477,0.356362015481684,0.545179268896325,0.5563126982572671,0.586888467688436,0.29704015393093897,0.663021383083901,0.486933075051269,0.503755416674067,0.27484876908918304,0.38156655968754405,0.70704097714753,0.554799089846067,0.6734845112267429,0.509319770269466,0.23737697701240598,0.530628443485712,0.550558019780312,0.541568866193573,0.5971679408533229,0.708031619412913,0.496610709705993,0.24805220443509002,0.38058515829073897,0.61533375878312,0.5332897217505971,0.46588932384750203,0.35333649452988697,0.521789943365906,0.523220642906951,0.597340939032708,0.541129704709413,0.5811157762055079,0.557612175156266,0.338466185824906,0.36669201469570706,0.695191922984635,0.629004994517202,0.39639812051559903,0.638313178054104,0.736699012699239,0.6476446004236179,0.5725191114839691,0,1,-0.232558139534884,F,0.0172029308697037,84,146,168,301,0,0.232558139534884
0.40226026723993896,0.508006800049943,0.63903758930745,0.454124127071496,0.5321616305678621,0.434497148511572,0.43334283739555896,0.414202059229808,0.367323709429534,0.31586032067811304,0.39374330738489,0.4768699094427829,0.603745447943796,0.779372981998026,0.42914124148601,0.367660432133506,0.5277649858230771,0.36329062725824296,0.408832349708543,0.635087658029288,0.630244110535965,0.436370854347144,0.502141929379514,0.7667625163091579,0.269763846129568,0.48563756117271506,0.295045245136601,0.31913973671881396,0.358275792084016,0.484227003921479,0.521793661383892,0.675768397865001,0.48350523954914004,0.358765277030669,0.4611686742884079,0.4422103416037121,0.39343416496419603,0.682707651590865,0.749977298756164,0.713087049345562,0.18854651780545603,0.55110880722689,0.42816343657303296,0.46384819463778004,0.509732300768802,0.463082022812874,0.563970583995934,0.6600774354362879,0.503921654332506,0.179945181539468,0,0,-0.232558139534884,F,0.0132890365448505,84,147,168,301,0,0.232558139534884
0.31389236059765696,0.5106011461186989,0.486689888460801,0.337896933706079,0.44837386160520704,0.352258150993434,0.414354229195065,0.487494953028182,0.4965779927408279,0.335052497808539,0.5452783784576111,0.42060688060865203,0.7809931464308231,0.303227562395385,0.34655501828839197,0.46657466587468,0.436196829224341,0.48439497803093395,0.489967485698086,0.448364161439111,0.811984055725425,0.304612819126221,0.410685373822951,0.641224481246229,0.321679871636111,0.7106348561389251,0.33771614291260993,0.512264187845117,0.687418853547627,0.37035023192782,0.5262719422305979,0.486420308342157,0.322265892531844,0.7062348658492079,0.31553766442577197,0.37641499825523206,0.5931875141230971,0.64719989884346,0.338324920596783,0.5048238207626871,0.383264067586342,0.395798077974635,0.407142886024895,0.4381363622224779,0.276639488565648,0.627951784195752,0.140751199339046,0.682772216288683,0.38964609323013893,0.5022692505768329,0,1,-0.232558139534884,F,0.0161847894406034,85,148,168,301,0,0.232558139534884
0.60391549637534,0.508815431060447,0.434659040568555,0.19078080486158802,0.725147454408634,0.519504543909492,0.618259861500261,0.767747541720386,0.512825345068713,0.273225158431403,0.220885357388724,0.413412144962277,0.482109105934523,0.677055169321468,0.361166955406572,0.260950502201881,0.368059459819699,0.20035756900427398,0.284932017011581,0.45406093124217495,0.6609203538658941,0.19907694281579502,0.803515567060616,0.5859248866573821,0.160772816755758,0.6906954237872099,0.687933316748936,0.347686862717465,0.6125542121693759,0.427055134622437,0.557532374222536,0.5825510804143511,0.446555885648975,0.685198254007628,0.460657511492265,0.247391073226492,0.574716518274225,0.46944664438157496,0.5256756238698019,0.567498864231973,0.5110513708316929,0.396031573686497,0.44977272648484,0.622438131709984,0.512544045939533,0.644606211582634,0.554814806191757,0.717357987790593,0.517839862370247,0.7313303394681371,0,1,-0.232558139534884,F,0.0190416731699704,86,149,168,301,0,0.232558139534884
0.31522379286828006,0.38363889315166794,0.44771399363476894,0.11388534012576301,0.545492538234989,0.671861829519602,0.50692454966722,0.28180962325672,0.674688492343784,0.419312201204044,0.633750773711433,0.598433027116509,0.6789597688899511,0.510038113181748,0.47644101042559006,0.5241860235050679,0.477613172353745,0.350317877082394,0.670285382413526,0.716644790169874,0.6782307458128061,0.5245309740312439,0.6943600818907221,0.6591530318972979,0.483631199484075,0.49589749708606506,0.43009067529502204,0.29464558796659196,0.678509004068232,0.47569469724946706,0.57746579667112,0.40797089866300107,0.574556213556661,0.573013629648442,0.38924841306828795,0.266434013563677,0.5346956017051351,0.49046527172229903,0.33799248841448404,0.570602515277412,0.24361371789309197,0.451766499301301,0.580743342090963,0.7871607904896021,0.7520124759274979,0.43910140880292603,0.398903726000413,0.520240205805501,0.18821181885140698,0.595898261574894,0,1,-0.232558139534884,F,0.021860465116279,87,150,168,301,0,0.232558139534884
0.33327669898747,0.5062354687131401,0.731084215587592,0.37543236383217604,0.475049577172229,0.467431696742281,0.6555303894063019,0.429450493060452,0.611961316613712,0.31733734018980997,0.39085194695153297,0.36005810222659296,0.538106286109122,0.647092755007002,0.42695987284321896,0.425435487621125,0.23398127800605104,0.262771193575347,0.5508550555099421,0.589132732101298,0.7819371126800799,0.46329496133925296,0.43998776034881304,0.34529887665144504,0.601148437439513,0.39919602719815395,0.516079504895791,0.927344746416781,0.4291507790600061,0.277390936278943,0.355810233530745,0.871004176811633,0.510409423297629,0.331585066851964,0.425577600605132,0.26253202182519597,0.5611668048977659,0.5918867101618871,0.549038006312798,0.9226739975182159,0.587295494257406,0.327346430318142,0.34028588728721,0.6580395126537371,0.328352262533727,0.22987241881346102,0.5107664116358,0.558911271299088,0.345681775141534,0.384437227611387,0,0,-0.232558139534884,F,0.018019405513630002,87,151,168,301,0,0.232558139534884
0.515946606678798,0.17651560684375503,0.541961656283467,0.35086120891363104,0.6046206206554829,0.606625356175083,0.522884203331535,0.541072717338298,0.24530101992898104,0.684448292676077,0.520269514012815,0.417668606578567,0.410686280014144,0.5619917726298129,0.46567884194135495,0.532349824400595,0.249336951201664,0.442859166677531,0.663439392019262,0.268656256259451,0.6792734588712889,0.339436208733874,0.621357333500613,0.457026957021789,0.411711800505796,0.570111398217926,0.36285588044333006,0.45926507490730206,0.602732177739081,0.396685421776774,0.404917157535896,0.42167523233721993,0.696337805110754,0.547623571576483,0.284947291098722,0.39124685781540103,0.430785732402062,0.309187245368638,0.529725203131731,0.571714370841461,0.515914314128178,0.25199779738511496,0.255651773177637,0.45690072595999204,0.5587031916922729,0.425293284905432,0.29207410151318103,0.385331170657486,0.30706589602211304,0.579005542061339,0,0,-0.232558139534884,F,0.0142288861689106,87,152,168,301,0,0.232558139534884
0.23739196161967602,0.277152413431126,0.458070113779707,0.280439446759724,0.675180706056215,0.5367420458188189,0.6770995116641719,0.825527226041836,0.615235223655836,0.411809023392374,0.255745822564843,0.44180504501168294,0.5555906580095009,0.649909772388922,0.41611975961531295,0.383596002569887,0.632908920091503,0.38331973469128794,0.424576229078174,0.708308570206809,0.6277499817307061,0.429796609542991,0.499103626452573,0.5128797936693821,0.522226821286446,0.544423530229925,0.7638995306291759,0.49941959672803404,0.28449695955446097,0.47560930436283094,0.549189579335364,0.458283897588937,0.498638385024945,0.55548038517849,0.557054512098231,0.460090450839454,0.642961774152056,0.377460076547113,0.5476919343629609,0.860739600632146,0.305069953304742,0.340466555553635,0.367555566850008,0.321635910359723,0.655372384808078,0.34001525894386103,0.48314175388305003,0.6177827726122961,0.43978156177517297,0.5342727310399289,0,0,-0.232558139534884,F,0.0104879160966712,87,153,168,301,0,0.232558139534884
0.579881397491126,0.3822896575511289,0.497342108076896,0.4052464065254821,0.5262513539942539,0.534153007126819,0.49159935159168494,0.493711313741463,0.770603261468283,0.47427517941344605,0.35280817891766203,0.5052445107386659,0.20873666479194394,0.750394623150047,0.40050711449169896,0.202059939343534,0.3099078391816,0.46965777623215005,0.5263165141190779,0.43617536838834203,0.62818831982161,0.0727716466037284,0.5409210978548621,0.46686225087672295,0.420799262887863,0.736250810421681,0.228775329574529,0.36960720214480103,0.5174209931712721,0.48917592772800295,0.36967789920444305,0.8184876947494009,0.44648292580552706,0.198307120228636,0.38506690917563297,0.6678992444385561,0.619997501399628,0.486761081063059,0.44634826710281394,0.588800963079651,0.603180088534909,0.4612690394609699,0.361369693094877,0.483812118751779,0.78926075232895,0.6915115659892601,0.731615631801842,0.476811090855359,0.41875158322271794,0.48790635480074607,0,1,-0.232558139534884,F,0.0132890365448505,88,154,168,301,0,0.232558139534884
0.269614751484208,0.635094534057843,0.34803441550789094,0.40989643683393895,0.753480399318278,0.636912921958568,0.41123933749447295,0.689917125927064,0.762402608012385,0.380637028223853,0.46083777161128403,0.617300997942854,0.57657970423259,0.39969795387981805,0.540139637564933,0.433047823710927,0.4980412893358351,0.5136625296780971,0.7230322333406819,0.565172038299343,0.508649953103303,0.5086102128937661,0.299404484727623,0.56494046792996,0.7690273404676411,0.522521128370519,0.440533898998369,0.605182911024157,0.413103545004365,0.696134721367773,0.299586945790523,0.339581348379662,0.637819611226419,0.493836309297714,0.7216777514995821,0.3375168712512249,0.5451504364595829,0.27143712919109303,0.16627698411725697,0.571375328132866,0.250689688482706,0.433166000861319,0.326621097406079,0.408418244523258,0.5138855251004121,0.4664983101775979,0.546751520683776,0.501255379543322,0.543799959992331,0.35949478270714796,0,1,0.211111111111111,F,0.0118259224219489,88,154,169,302,0,0.211111111111111
0.48563196836920003,0.24503705930349498,0.273179009226799,0.25615568240007397,0.733474957366001,0.379163290349154,0.46733336109057894,0.53298896214471,0.819727697829269,0.601610709973203,0.49901239710854,0.4949345351878429,0.23593234031267799,0.579943592362705,0.693688860799292,0.731382109167697,0.47420077520481296,0.241511902802273,0.514886629527755,0.260873844560865,0.639547296660465,0.391404078176341,0.739490328406533,0.41970777464620895,0.34261198043290303,0.5330466877476939,0.6639678511747811,0.403886687365432,0.413755578769546,0.5604298011294089,0.051833280872694,0.554092095862188,0.38490815403368195,0.673654312020691,0.503888869024091,0.25631459468137396,0.481793113443635,0.318475714089377,0.351720056682003,0.3880845815459629,0.387223808291613,0.32968397490319395,0.6120237200610981,0.542909961076797,0.511940783893921,0.43990793232423,0.47565388452473,0.48233913090912106,0.287823076532568,0.476939851115959,0,1,0.211111111111111,F,0.0103724658180103,88,154,170,303,0,0.211111111111111
0.28308599355799396,0.38862579780569895,0.42880078643676295,0.797184502290048,0.38545983357481706,0.47031827912415297,0.38140524370219797,0.408177635866804,0.873224041374391,0.48940262866633705,0.811467690905235,0.314874306001091,0.6885090467841999,0.639154748254624,0.559012992954594,0.678113288950513,0.526722271514952,0.40424322542840396,0.621518247994004,0.267023875688019,0.288594892623894,0.4289072951261789,0.30794266757968897,0.481938210187892,0.243287977799064,0.5314897136889369,0.558456813606515,0.377010425586552,0.7020213358597939,0.827893241548625,0.7244908452909559,0.3925257783877639,0.504084711184234,0.698149155495545,0.5410117525647629,0.301283022463943,0.598572957952607,0.5144680187572771,0.45916845962134206,0.5116552095729171,0.506406266239105,0.34627085381978007,0.6275167126047969,0.351245784616766,0.5873377266057149,0.48054637835740405,0.44999391307244396,0.555949686532316,0.354286065629895,0.4412235020683061,1,1,0.211111111111111,F,0.0131374427765357,89,155,170,303,0,0.211111111111111
0.613941067380714,0.406749347530836,0.182347729829573,0.39329520927711503,0.619866906022152,0.525324110529477,0.489014210715178,0.706941195823292,0.7607012888683722,0.523337438567771,0.45381980118849397,0.48812931871257,0.7217315789961819,0.34376350527529403,0.752205183958496,0.3677360692493761,0.32095454375224397,0.795557795623224,0.826080203536229,0.5075344386789771,0.620230310427388,0.4391988499293111,0.569564963314949,0.50258560482134,0.523252928067252,0.508350369791757,0.628911441435153,0.5215234423434689,0.269478703104892,0.601220910332895,0.6908073463340451,0.558985082835106,0.5381715397225579,0.36595255626148,0.42229028415867,0.27901873921194603,0.6161273483849461,0.43395361924704,0.35088146356514094,0.7076568656717591,0.315628934394349,0.44220163195566997,0.723647101450883,0.562613872776663,0.443576874000685,0.49146084896828496,0.23138256032482898,0.7521452995447059,0.5911279939429229,0.327655185399422,0,1,0.211111111111111,F,0.0116935483870968,89,155,171,304,0,0.211111111111111
0.613045212423648,0.6432327478846651,0.6998393038401751,0.426698682823657,0.5186332859150979,0.5910902427566199,0.6052555472315551,0.320312123323055,0.763283049593343,0.51455370947246,0.842040544839282,0.294069854014317,0.6885660731144909,0.377867960750364,0.572582116072794,0.22729110186773002,0.20707595576330498,0.3590786639677411,0.665492411778382,0.43243475838182105,0.5399660239744389,0.702834186434525,0.18175409051527697,0.44735714488398903,0.457720636663387,0.649677159307438,0.6819060714094661,0.547174348561028,0.536538735694593,0.39122289555378004,0.41484070502778203,0.5996559808121529,0.31392577084173495,0.7661491473689109,0.31230654790528,0.937228683847742,0.26875994435084,0.474909422123712,0.47479160590968,0.5259737333434911,0.363162275960341,0.42128049026897296,0.407800374018076,0.524630926913164,0.6244140989356539,0.4512542875873011,1.0,0.583988163605974,0.5801002787120589,0.389622166174507,0,0,0.211111111111111,F,0.0135378106821787,89,155,171,305,0,0.211111111111111
0.240850506759547,0.6153831111568,0.42012540149466604,0.23217281098754602,0.704502679115655,0.44924332710804105,0.7874031718205041,0.452435794445886,0.7488211972772679,0.630837615823646,0.6136052109337901,0.46785654025956297,0.43702852558876204,0.7505222310305841,0.56555397352437,0.20227781738784,0.534324089982932,0.543617696848655,0.7518348691835051,0.47749983374953203,0.42057069466831104,0.395817465343666,0.477229314363605,0.429338464556337,0.315369826739791,0.47605361922638,0.399626893507432,0.490422154936131,0.5102614115690229,0.270895955940817,0.41872777261096,0.40214363074415505,0.42240804712758206,0.5105029695408231,0.529517094167259,0.6834255510084879,0.377892166133072,0.4153083108761,0.7688372177214811,0.5836727668910761,0.19370356766593602,0.559612274437411,0.507879995331529,0.43767299895795203,0.313981544445803,0.46497076286900496,0.40732110947049394,0.586077183636957,0.6309521299634039,0.4989243335824621,0,0,0.211111111111111,F,0.0153700189753321,89,155,171,306,0,0.211111111111111
0.45650374956440204,0.48544159061007897,0.452865625164711,0.45452433776905393,0.611141465629916,0.35454037482997297,0.42187673704662104,0.465366855054146,0.82579924716141,0.284097352125026,0.601776125720378,0.680578938603653,0.657930594917819,0.600925589710067,0.613243906029447,0.34744351817609004,0.518904095420949,0.27869327433105895,0.580256189132783,0.536595330727069,0.421460320402713,0.259533491085243,0.580273104495126,0.626652518393173,0.327161857189142,0.27643188122266105,0.359258471722991,0.472240126959394,0.6321434127986629,0.5808004822741121,0.4010718590770271,0.5454365744724171,0.508005925248499,0.498964785976403,0.8559880956848539,0.380534254227075,0.553341436466701,0.266326353091406,0.325954207193823,0.563236924855119,0.159606986439422,0.48063944438927897,0.46632502893284,0.609675830715138,0.501574629686028,0.491373480292622,0.35014247166364804,0.47506545801531397,0.49755365283110997,0.227183227696081,0,0,0.211111111111111,F,0.0171902910581065,89,155,171,307,0,0.211111111111111
0.782780684532321,0.41797843105416904,0.372922268332885,0.425750877452906,0.37058310142105294,0.37902423074813,0.431328462271801,0.7051227197053659,0.9323346170012471,0.527053601196104,0.260898406287587,0.479138671777532,0.6333072015976999,0.7185122185025419,0.621901461631508,0.47886682941599296,0.40041147887781203,0.316173282898082,0.5409447231836281,0.477029723027443,0.527342698730085,0.561895181828,0.256898251946882,0.497100255149464,0.5170339194508161,0.767265885914777,0.5699498789132911,0.5967395163965171,0.22471689248522303,0.357548348537576,0.467518925675549,0.440482764859294,0.5381552732985729,0.5819160515098061,0.6656456435194921,0.518623266694408,0.49183995726239005,0.46011462463115704,0.4287236435179821,0.587771972124675,0.5195822297779099,0.372719108949992,0.618924232489787,0.333659396447164,0.508353794891835,0.923973429779328,0.605730952774009,0.464655077549462,0.690437912454061,0.686356016986247,1,0,0.211111111111111,F,0.0135095631838302,89,156,171,307,0,0.211111111111111
0.40109084806542405,0.645868242324757,0.561552424674787,0.451484716237448,0.6347313949776899,0.483231197633664,0.681653890140658,0.5445272480411399,0.863054540574422,0.5524321956737239,0.55986214337858,0.587805156961423,0.507008175320999,0.266193530928561,0.651666396373321,0.462097899985564,0.29829830178405103,0.287365220837432,0.419494340705183,0.45684835395888895,0.336759903863515,0.390742695921829,0.36614477056685296,0.448201529248713,0.492690003864134,0.557047457133266,0.719765673331687,0.551874352504856,0.31600632921530203,0.934314492770716,0.699514543693036,0.58254915841215,0.44990478961181996,0.40457154323815003,0.562722164334778,0.5483721756478379,0.7247649230276341,0.517295496621074,0.315216884041183,0.40088498769572994,0.648799528565593,0.39720817879137704,0.536763994006206,0.6484016709406479,0.157309175359972,0.7846709318816891,0.494582759923369,0.48210480349780893,0.5001007486573661,0.324340704694595,0,1,0.211111111111111,F,0.0120712620712621,89,156,172,308,0,0.211111111111111
0.26179975964395497,0.5750437287526011,0.36030360375288795,0.46544914585978703,0.6054242985342471,0.402002625648074,0.34231899009544203,0.844533248155573,0.751719635310833,0.725262781259989,0.6112820728725861,0.256853158871234,0.639123845770806,0.4237612820202179,0.5871620517423349,0.733040102067608,0.44874901812809104,0.309942356658841,0.167077583566669,0.910518450881011,0.40040026400499107,0.376313727843032,0.37626972625768795,0.578358316348266,0.347600411987468,0.519553390307296,0.667036778069775,0.44769972119673207,0.43231357881866606,0.5683919001371911,0.643266046813832,0.5221455553076789,0.491115827101036,0.46467694100023205,0.533792176952786,0.3926280376353571,0.535205041417829,0.7689424531469691,0.7342903517911121,0.695606494354595,0.6935556614842099,0.3081464474156789,0.7298458910340841,0.592635765321264,0.451535096094909,0.541431683264773,0.5547729208477441,0.3811338702251021,0.40121331321808895,0.418924030122842,0,0,0.211111111111111,F,0.0138785163057007,89,156,172,309,0,0.211111111111111
0.6285270078880589,0.391527964614366,0.5435329510953729,0.8774832024124929,0.770394551390456,0.680706199083876,0.712767924237013,0.455610155154455,0.794776214770271,0.42495793093598605,0.37344825189464004,0.46205331795522897,0.63402163079367,0.380931672526625,0.680221683978402,0.69039251218354,0.145126386758381,0.38228056976027797,0.743279665584982,0.413264678327066,0.510467559784379,0.420438736432726,0.3828992022798429,0.683575295655885,0.484308386456166,0.494889647460767,0.34374417905405896,0.46731166648907496,0.4834516689187971,0.38995361737078205,0.308241332590333,0.52254655194181,0.25845505201044,0.365017512155342,0.534040926658279,0.484980076762978,0.37183211001610295,0.5265386971556579,0.7588454177350229,0.822244370338832,0.28404290501959495,0.39480450323997296,0.578637340707991,0.62887356732962,0.728305169060573,0.371631813779319,0.579379274191117,0.414651982525599,0.49729236663363,0.425666142536455,1,1,0.211111111111111,F,0.0166141034361923,90,157,172,309,0,0.211111111111111
0.560774293428334,0.34715071331894504,0.6875485016933249,0.632952237420527,0.562371063119143,0.5352623767047701,0.6989465977448809,0.5519608164393239,0.75752929641341,0.501328851722649,0.5567800877008989,0.33687799546399494,0.0425691003374177,0.365484825957904,0.550602005472922,0.45420672612862495,0.34604195526404,0.6305330281213871,0.42767585604789704,0.625446833939827,0.39312981473572095,0.509380936202436,0.42770499141823104,0.554839813767617,0.5614460405865059,0.569225993514234,0.563274805298453,0.450379602730802,0.5730187643889311,0.12990111017958,0.569694118427376,0.8408450866650021,0.33970774187975705,0.321852675168161,0.47165517229436404,0.300047527037857,0.550292427011266,0.626105567071261,0.6725749486014511,0.492320111803219,0.470725548701799,0.17426810995364497,0.46047450294869696,0.44664792003290704,0.45985709847773903,0.47260457386147403,0.327762178681361,0.4241943725182321,0.329885077842404,0.630313612905277,1,0,0.211111111111111,F,0.0129859489574372,90,158,172,309,0,0.211111111111111
0.524106738815537,0.454892389893045,0.858804413431683,0.723066936810438,0.618619914873099,0.581033440792379,0.48125541681645506,0.21973930015857196,0.753233419190392,0.43057391422883706,0.43042449500493196,0.38469506789934704,0.7388162383519499,0.6761336277162788,0.557619276013234,0.536870704973892,0.30260010504956497,0.47475733878562304,0.600204044813421,0.346931528517436,0.482436018959959,0.5910420686589261,0.5786436776560621,0.545224218424997,0.37469696296511,0.7209744229201349,0.320654871599253,0.577158324788741,0.770405141907693,0.523983493930303,0.410182069236387,0.572579330794448,0.391158618266061,0.5176055495218711,0.521747215024393,0.685844744844348,0.5764457935617809,0.501194698370429,0.566452980390824,0.39021151438374296,0.237552838069762,0.33025219117992,0.40927232999281804,0.488706543221668,0.20110540280564498,0.515359781696663,0.7791520641734229,0.6910628831398989,0.224474224135439,0.674443536410446,0,1,0.211111111111111,F,0.0115557370355247,90,158,173,310,0,0.211111111111111
0.36799598196866706,0.35354020512850004,0.561951591045566,0.36763682364356,0.801827541605009,0.48994733019186293,0.42191242220591707,0.482988493463133,0.7740294777826742,0.452228599635532,0.38545055265475103,0.39825572487952204,0.544946852220325,0.680072916587249,0.590464229196193,0.47504435495288594,0.625271992390652,0.3734400509377439,0.560379911702264,0.44149692076399,0.8419440331360121,0.169672789924113,0.438272111243954,0.573420786925796,0.42965367961999995,0.5581921323411511,0.410838558744298,0.536450136197347,0.57055085863208,0.57337193642637,0.494706404311758,0.9641618398387221,0.455981321629201,0.423858971497198,0.734268642249097,0.9685162597115591,0.27610028016786,0.6124799689257061,0.38583307510350606,0.747553751977468,0.44322348875063794,0.395542021194224,0.37409962084860704,0.636618829197333,0.7912167210930391,0.42093790541357107,0.6295026846782149,0.21259831085340802,0.46185671324787103,0.39268179378725104,0,0,0.211111111111111,F,0.0133501567015345,90,158,173,311,0,0.211111111111111
0.37742186945475303,0.60530486504686,0.33841019407833695,0.44487400124103293,0.43000180208785704,0.392201359296415,0.53881381941753,0.334594200706099,0.7575046190965959,0.7710203825964042,0.7837378506913809,0.29661853989104303,0.581014928574652,0.283463613293973,0.590272073407318,0.41039405310025395,0.276632654567005,0.274836085302792,0.546830969399618,0.463705164959537,0.506959344668904,0.525577353281227,0.477753876011059,0.601195487235328,0.8083021715099721,0.8720967109479241,0.616527560381944,0.318726262018625,0.32097958463237297,0.62082175544366,0.440490916415103,0.571733559017052,0.7197294557641021,0.44612971154719,0.493343971674965,0.534249531379726,0.590336660681049,0.8241922304555279,0.601228054598163,0.386005370166395,0.28739658963203496,0.29812482666602697,0.546293992283796,0.24903626259838,0.30876773859575896,0.657490974817252,0.4877932284082,0.43620985385369604,0.6231603162768621,0.430718251115339,0,1,0.211111111111111,F,0.0119279454722493,90,158,174,312,0,0.211111111111111
0.22007062974043104,0.3856956334651479,0.378733918546533,0.44295719801937294,0.442911575545592,0.516568706303361,0.61322942027747,0.536394817398259,0.7600109846083821,0.38506427887057393,0.349037002687335,0.778221645419348,0.476774414293437,0.586995313568837,0.738106150673528,0.7098448506556221,0.336016689401741,0.279283498917191,0.471477049444817,0.641237283679034,0.24290155691076099,0.4162752341215011,0.454935315879537,0.723746746144335,0.567676425320539,0.644764406168946,0.176090225834716,0.256634774083144,0.441469639402845,0.6944296599832329,0.488606058424966,0.49269911487744605,0.212761520256415,0.37930926342537297,0.6580742141982879,0.578080730919329,0.6955377833068102,0.7225781411008191,0.409617261163055,0.279595648447475,0.42458936537853004,0.235752784390529,0.530761333677253,0.5062886444705049,0.36593389158075507,0.451979064999536,0.382274795223696,0.669253494925115,0.443126112968404,0.27811274893978005,0,0,0.211111111111111,F,0.0137097100335666,90,158,174,313,0,0.211111111111111
0.34110442603255897,0.4150112253324179,0.266634506131417,0.574711616542868,0.6067601961097641,0.7200003495907401,0.462420771599749,0.525128499932739,0.8565421119354141,0.5882050274381171,0.5991492502093521,0.420557920217934,0.610855080760171,0.565477603175656,0.719698461111167,0.284308889280607,0.557550334865875,0.33215237086616994,0.28193384874037203,0.572700382393995,0.373773728681076,0.314811704179648,0.299060989143608,0.440626948354933,0.535647522652279,0.386384953990406,0.420671754493284,0.258787910391503,0.4305727818502921,0.5928245111834289,0.60308219391662,0.451269326201055,0.479221938313426,0.601712734905,0.669758358568114,0.293584484208779,0.5815068310065611,0.355876649128228,0.47421387515722496,0.520757266118294,0.541097513750752,0.49015079783595206,0.634029390700388,0.4795708405261189,0.38355928781211296,0.5999138764713249,0.576481706166515,0.440045034828327,0.43293725901698904,0.4729963630442379,0,1,0.211111111111111,F,0.0122954124002258,90,158,175,314,0,0.211111111111111
0.762542515298384,0.7255950127626021,0.265087428909725,0.506699191984497,0.658727476651118,0.7177135696321751,0.5170225086108279,0.512323391925932,0.8206558608058689,0.438279104825174,0.557175052235643,0.427364579890833,0.636982739493282,0.6649987694389611,0.578122236504569,0.32053747812370004,0.22769721417613398,0.408731511919931,0.614685307613487,0.5044106536452789,0.469672718488808,0.302908175713201,0.453363012123942,0.41287295531008206,0.7821147545118778,0.539747969848504,0.47817844414686,0.42676301479495704,0.648545587926295,0.5438303283785589,0.41211678707013794,0.79532342949057,0.37503953215511204,0.39869371400004106,0.7114364833539342,0.31160387544683604,0.694130175347701,0.48897909442149795,0.537039048762155,0.7134637462020821,0.22019693834947304,0.640678779386537,0.509828079950122,0.47036339852927,0.261770885406638,0.383807272332545,0.665964234347243,0.503308159176303,0.338234936670738,0.603136410326317,0,0,0.211111111111111,F,0.0140646976090014,90,158,175,315,0,0.211111111111111
0.639407004197827,0.5563744264021779,0.5830145786590689,0.44773097513568,0.4654312364666989,0.504179539479327,0.661135380224313,0.574500367098434,0.965482298898131,0.49951011434906395,0.47133704924675,0.456809604018656,0.503081662585384,0.546739061164589,0.5471128216615799,0.121141749964101,0.14142078056214902,0.344600418492403,0.12029807550618302,0.45348938048734294,0.333423136901875,0.41303790891178294,0.45080555993884003,0.42564505540518105,0.38625783270768105,0.621995233204802,0.393290899682558,0.420809421622461,0.520175091886635,0.5461864613785871,0.45330695962199,0.43731246322989004,0.592590497155957,0.640809576517981,0.38517892810160803,0.32211221500241904,0.3815756206312729,0.34777090214313694,0.550080989695619,0.46122759862660995,0.527607403411019,0.43885886321049494,0.5925564283022691,0.26388941055709103,0.629449344583358,0.436899497182815,0.44991026353902897,0.4718640344256289,0.567405871805412,0.386097615698435,0,1,0.211111111111111,F,0.0126582278481013,90,158,176,316,0,0.211111111111111
0.618423226569987,0.44693566285646796,0.199668459119564,0.659758417755411,0.6773414034583171,0.6550921985099429,0.46856329978036104,0.8935131989364541,0.773026032764028,0.541959650370575,0.517442916075712,0.403683578600275,0.430728947404522,0.621153690812125,0.574796090381402,0.33660670364200396,0.6214805809575351,0.552028650493998,0.556648568366206,0.5909799516970571,0.7138138512312131,0.565041162804648,0.227741815619071,0.508477307385342,0.319659616126484,0.7662272466805601,0.45039357981833794,0.35609133183546504,0.635293848004608,0.69168501543202,0.35238763353268104,0.536151679827772,0.31557469602613203,0.6801561655015129,0.5169078224563101,0.627806633184656,0.35532993557466797,0.4212718781712221,0.117698961023648,0.508824727848606,0.28497202954443296,0.583764877796908,0.535357564240898,0.46902991094677204,0.27157612735459497,0.613486529438755,0.715293010105444,0.72513160514053,0.38231913309606796,0.278741356737814,0,1,0.211111111111111,F,0.0112606317134529,90,158,177,317,0,0.211111111111111
0.550643288424826,0.392700305999461,0.384642241831597,0.532112471632026,0.5582395140713741,0.701804595609847,0.3507595344084001,0.33324046299213,0.915717325980521,0.248794876898585,0.420713735165456,0.43275827858623295,0.438972295974474,0.459460658658165,0.6083869871050179,0.329687211257908,0.470884173485687,0.46242170432215296,0.409564057018729,0.37274641264190206,0.51347509608898,0.24394071183893398,0.435113510270378,0.44810449083934395,0.355352024955183,0.6479206517180179,0.378707577712809,0.36513913676163207,0.44413663040949897,0.547509331554635,0.5461395442318089,0.653044301409597,0.5998914685961251,0.509614219332949,0.6250792250552161,0.421706025802795,0.542039426282757,0.42058144817755894,0.438031594047431,0.34206657914619104,0.341932387179275,0.630532002951534,0.520888901782995,0.407839899750252,0.6587035376659289,0.39178492162145,0.48732659376617105,0.569769576682912,0.383344101261274,0.46805672122981706,0,1,0.211111111111111,F,0.00987182549160104,90,158,178,318,0,0.211111111111111
0.398640591423997,0.253537404616712,0.43031152914952897,0.502808920737762,0.285868822871143,0.6244773379420899,0.192036235119345,0.407756866161148,0.8097639806367031,0.6926179932773749,0.9165383355975141,0.391692867342457,0.775915845168588,0.29235500411664395,0.719000727055898,0.4740344528142829,0.38339517350011,0.416175009807822,0.3559265163454,0.589025135598553,0.47589049454415,0.37904760527306497,0.33527596055481895,0.17003815530751,0.42429294476609,0.33866586286416195,0.694988302267825,0.331384474384969,0.678827995533433,0.5615510115788579,0.31381844657655394,0.30252666278870805,0.6526420242335539,0.572164396857576,0.79960492411025,0.435179206669866,0.471238783780006,0.5281331878622729,0.670557229539823,0.442521184100754,0.31215617392084005,0.453240832942117,0.894545014337063,0.34488353101929997,0.7571114098322421,0.45827839056122793,0.6389636960425811,0.533374539152886,0.31520901481423197,0.6974482043972909,0,1,0.211111111111111,F,0.00849172651878893,90,158,179,319,0,0.211111111111111
0.773064607469236,0.20597188828471802,0.523552182161713,0.58543623122704,0.601260708959467,0.5895414302908341,0.534764841653124,0.370437378443141,0.8920831312541909,0.352483665405846,0.441927017866623,0.555565500015803,0.296243905189999,0.806942306986915,0.681243212987726,0.49557596794947,0.198617993839593,0.42090588262567696,0.36419166627460703,0.7561751009292328,0.25156273394506,0.17457102944279998,0.4531872671884461,0.44226282000781103,0.620153035513781,0.5376492975280871,0.48990375905865996,0.36139277070741,0.459152050490356,0.453765064478003,0.245735254966803,0.65812162410527,0.37652597628385404,0.698748135727426,0.578660160651259,0.588412704699193,0.48585683729335905,0.278548195140779,0.253738871944739,0.612765037557021,0.18296352425471696,0.644351858174705,0.753338204306208,0.412970487902169,0.357419987061682,0.39285992932394603,0.67548975322075,0.595535189247688,0.555116052613213,0.940052533114054,1,0,0.211111111111111,F,0.00490920920328852,90,159,179,319,0,0.211111111111111
0.445147742267057,0.187638805524937,0.29832811542133597,0.19890156923576802,0.424669539279197,0.47893266765475295,0.31601152241814395,0.357733193773444,0.548437048332695,0.56587649892603,0.531376034932428,0.603771921221071,0.39507426185695593,0.501897742014851,0.215401475806812,0.322879719050753,0.452622276477773,0.30802456953507,0.504008429873878,0.446761925694829,0.417702925679238,0.667556609285175,0.349057296301123,0.5217202903527249,0.800608054490821,0.469130121133077,0.44289002954622003,0.553963996514769,0.5362769707287071,0.6624392424924339,0.48639494586327797,0.442057511573475,0.59941641877285,0.5434921989681829,0.42174637061133,0.550325929639401,0.41333706907425105,0.504850665315671,0.563689490950174,0.408352387269741,0.320810377928687,0.543698377177051,0.39988121398696,0.47758632486490993,0.33020177617145097,0.41072143612217,0.406281554519161,0.30166935306571396,0.37144883666322,0.33763566954589,0,1,-0.2,F,0.00762147335423191,91,160,179,319,0,0.2
0.321383388860667,0.35064490726063496,0.43831816499412296,0.6048370850010129,0.533468971120719,0.392761465383747,0.211689480959553,0.459465710832581,0.539698202478343,0.49587206860762795,0.55728018606136,0.45514597352220093,0.60510665942212,0.449808495720509,0.0738775398234106,0.3860213046551721,0.43958801828410904,0.29550507201852,0.46463579535639205,0.539143651993915,0.546666337887759,0.614007173443949,0.479268573976331,0.43650549947295003,0.556065884566998,0.482798495997084,0.575643328637453,0.825427521915399,0.383315624522005,0.46432256637416897,0.44822108360782,0.5795572796560761,0.5589893051169929,0.510923917433915,0.7955871549334641,0.503096023055845,0.7301614509481329,0.546892809238233,0.43114519932725603,0.366431045132109,0.623862790021298,0.440949796880093,0.450783857081704,0.5526835838205,0.243747226497326,0.59182033142481,0.307227192288831,0.34872663868878,0.316011384273925,0.202313599237753,0,1,-0.2,F,0.0103000447828033,92,161,179,319,0,0.2
0.601022625432649,0.688268548393359,0.43509897039063,0.40902727168166203,0.456499437017024,0.21503124838293203,0.554851211121027,0.308970074231292,0.291095303896606,0.6467968750376141,0.4994464500546861,0.699359149664371,0.408874720664081,0.668627631691459,0.204111982170212,0.32847168071743,0.32117377132689195,0.38650864245894606,0.4938704642337321,0.7149113928326299,0.526138131716489,0.40214157901340497,0.4343072841640379,0.32756238752514,0.42812620963585296,0.41507870385767104,0.347215711579338,0.533350709593164,0.5410483264869891,0.765635292388944,0.48077067906368703,0.5289191727545239,0.610687344144404,0.5520806577644001,0.775111029622936,0.473753161757671,0.670664219612499,0.18535657677755502,0.6415688026740749,0.5004270081210379,0.6358396976792691,0.380795628031293,0.697715777473148,0.483166975057005,0.5777637227588199,0.297172091083298,0.190757864999974,0.426055336002396,0.203843773164062,0.5423066763239,0,0,-0.2,F,0.00677270792213314,92,162,179,319,0,0.2
0.30010166280239003,0.5637158216958421,0.6811328855630531,0.767647687460325,0.7924597915658329,0.5568370634531961,0.451915279857947,0.8701182850204341,0.745875704346978,0.271210976854316,0.38485720026453996,0.44631139818143606,0.24416037941010996,0.515846617388312,0.199816026690588,0.249943027213563,0.104480464144655,0.376126359361814,0.6127439186153391,0.555980972019015,0.539559056586841,0.376792194678943,0.503661673096934,0.299564754795096,0.450892803857337,0.6096981706532221,0.575491323234111,0.40667020855165703,0.7638670118743159,0.21791599502779,0.457675002969478,0.45384144052228703,0.527530493513899,0.623900908855219,0.6672419823442829,0.632918681371843,0.580260450529324,0.351187414677333,0.582253915288911,0.766536804631486,0.433415175050373,0.689855807397735,0.6656507959020319,0.5698669000838621,0.31155331268310804,0.534736030331022,0.4613842826102079,0.627999813137788,0.38872066929073706,0.666850910167864,0,0,-0.2,F,0.00328865126834232,92,163,179,319,0,0.2
0.46004636724377296,0.6175300331105881,0.38717600765239796,0.501544187178692,0.49372473672490297,0.45913081231407,0.5164364633433011,0.719146577763317,0.35598561480784496,0.548212249302901,0.5566025522402049,0.53437862724649,0.48162296009853006,0.644754772055166,0.11350411098534201,0.332472091700094,0.701942158983716,0.28101819691255897,0.19382055745311302,0.317297920196018,0.581754089828231,0.5255242795539,0.329148825849163,0.28116717621403003,0.56175163583613,0.8560923218282409,0.49601157956568004,0.401884092584366,0.39481396614410796,0.7754496212415128,0.38926934241296,0.553572518787915,0.719983088674069,0.18227416525810397,0.427956886982155,0.371177738190039,0.286411359967035,0.61895902434489,0.586659252204687,0.6362738035564671,0.276088088172417,0.41850638896005804,0.51629384001415,0.602910770608271,0.5252193681823161,0.537129535847324,0.621182921778482,0.4155393048345179,0.344398205103422,0.42193461624817796,0,1,-0.2,F,0.0059446440859392,93,164,179,319,0,0.2
0.424555857682163,0.35046544654012607,0.367703703210724,0.4530729233913379,0.547686545690294,0.456554401338517,0.287312117881185,0.30009456548997,0.489444981102234,0.46736450667545704,0.777327076273417,0.35288118060308005,0.34049269834341495,0.284779251017657,0.218887776380388,0.44409969124825893,0.45107642769203,0.3623027592611521,0.33662308756712495,0.472692134636978,0.23085001805119396,0.6306833814479289,0.47988886477108,0.526903743392124,0.39659790335647904,0.36704609111785097,0.47123266014455994,0.6867104232732459,0.5007591840176521,0.6702659805976551,0.315731416778406,0.692054869613411,0.393565733943064,0.514979741903149,0.316348419269507,0.5643752544296651,0.498723868072621,0.408587929461359,0.391686670177524,0.659110943046771,0.435594292283881,0.7694175370766001,0.4677759871463879,0.703795121365665,0.4796866478745829,0.6694430980410451,0.6091838899118921,0.547971616268558,0.4513154051533879,0.46146149662888,0,1,-0.2,F,0.00856844305120164,94,165,179,319,0,0.2
0.428658344039365,0.47593006484462397,0.20150786252207398,0.28131795837963697,0.6549698267006769,0.444355301004946,0.386456787056783,0.42443936793541,0.494458749593485,0.399124228761467,0.318889144417946,0.276140247178992,0.7513697627743241,0.644379075591041,0.484807929690261,0.29297267772707297,0.48975909346865704,0.785474827415079,0.322340883844672,0.570490257910447,0.449096269641216,0.727981661095386,0.7580658871663791,0.5504055732582641,0.5167681669222051,0.335624584313984,0.48763606200688,0.3775008128314529,0.47903255348920293,0.691213841751947,0.38512727713102507,0.44939274118965705,0.41004387003397497,0.6785561643114381,0.234306203471988,0.0766548282213939,0.5635876149742729,0.43422775336663894,0.396600708743793,0.302189332756119,0.0,0.333303401362901,0.593078450567766,0.270394266024081,0.6243620714701639,0.313500507278401,0.411120147288539,0.521260246889486,0.541395511700198,0.549310513832687,1,1,0.19047619047619,F,0.011160629980738,95,166,179,319,0,0.19047619047619
0.498282896844173,0.0201173742183532,0.46431315040853394,0.331731469488866,0.5044041018194511,0.40759085909399206,0.733007052457859,0.31772607557599003,0.7253360402486401,0.520953219176596,0.697480822343058,0.257889472686798,0.397704452475005,0.376350650621119,0.329597871177972,0.479252230765877,0.535517400417289,0.248986867096701,0.707279446858415,0.568869130295537,0.38376924038432003,0.369550336791575,0.34501285157552697,0.46212741011979996,0.260107483308359,0.5898249535262591,0.5250250140631679,0.4590562465010539,0.458868509424315,0.606683179339381,0.35955030087877504,0.35624024116003705,0.7486246730924971,0.5581271295868929,0.5977608880173221,0.175070643604579,0.34704788124725106,0.467428340932502,0.25033362814173,0.946064402711311,0.48721978746331795,0.19542450130621802,0.602787271946811,0.332924219581043,0.6670516737080621,0.41893489663979605,0.434974397815391,0.603760036841595,0.31278667746071004,0.5358547588006071,0,1,0.19047619047619,F,0.00978915662650603,95,166,180,320,0,0.19047619047619
0.485768013460406,0.45246431056159797,0.457163398535351,0.29740934738719604,0.438007347300651,0.44271165448368394,0.437197711482866,0.7286716623234091,0.4481672912261189,0.341270169425776,0.35342195821169003,0.277998300890335,0.6025246087829129,0.49284982790739396,0.5395103573494661,0.42798385494871705,0.49347467746591905,0.585531827592665,0.344350337484349,0.489391996823305,0.444452859323389,0.5684113801438411,0.5115565107693251,0.39345427215133205,0.5743016679899571,0.718179562580625,0.36494416268479296,0.254205287282934,0.818022163332943,0.6139461506812579,0.5549381763527039,0.39719256121086205,0.402421801818362,0.684392419852162,0.422349237117272,0.319135594380003,0.532553995447482,0.5987567085300439,0.542846438208174,0.773773383509708,0.38398199442806497,0.5434980293385689,0.313841300030091,0.398622263794557,0.594845803978676,0.563113694829958,0.7024749815497849,0.47461484930056697,0.337449865050357,0.45391312390472704,0,1,0.19047619047619,F,0.00842622827759643,95,166,181,321,0,0.19047619047619
0.42486120516477205,0.5592926197068729,0.37579734070867005,0.39416705728739293,0.690704514756084,0.332134056779741,0.578858520330541,0.439821256453259,0.487052512348157,0.508139458747958,0.383721791137351,0.480823343347897,0.33767572497697895,0.7076982425635071,0.537219478560933,0.22141703177171498,0.4650537516229071,0.519826213866356,0.497138347557219,0.35373549464402004,0.5233541169982561,0.27852727156171503,0.313703246668674,0.45228231660851703,0.372784770681711,0.5506597232252071,0.293013672294943,0.40795445495531796,0.720997329216086,0.602872983682005,0.39813861631861297,0.59956243631046,0.7665101420059491,0.30968361074504996,0.566521171283274,0.32860191125272303,0.629995594576407,0.650724599409317,0.378024532200619,0.6917535767931071,0.45805511945970795,0.595126475578845,0.579223435695748,0.456410203142138,0.573602854916208,0.47011758530040004,0.333206310577704,0.696164195632661,0.7915431716213129,0.46856259647846105,0,0,0.19047619047619,F,0.01017735538427,95,166,181,322,0,0.19047619047619
0.39828850540778993,0.576886787614932,0.5798987851727601,0.459418163750254,0.6522827354337261,0.534438704749456,0.234493998966239,0.6060148693802561,0.6510354704393629,0.5745288505915129,0.457543436591834,0.517097040263582,0.46754981252514294,0.708062198975164,0.4319533762691479,0.300305261608124,0.356997188995262,0.4478868173424879,0.5551483573707819,0.34665255448515003,0.586073930819644,0.573224827334815,0.506244645940459,0.130654105924334,0.407680729166266,0.5125174967191299,0.566107528726595,0.468381892165133,0.571609571120219,0.6100519965408921,0.4712356691625179,0.25094004733014397,0.736948284731033,0.449545565867746,0.46281611534822903,0.31394447229107203,0.518055820659193,0.6903299096365981,0.3813826313943329,0.5108161289644519,0.569483293398258,0.34090254547731297,0.648454107119825,0.344194978424516,0.549635181179832,0.631809965773734,0.129970491749512,0.540025054609961,0.650967506200244,0.620076829570016,0,1,0.19047619047619,F,0.00882166436644416,95,166,182,323,0,0.19047619047619
0.65875656009458,0.297526954885852,0.3957896066696429,0.304847869038026,0.7415281991798399,0.73165843834288,0.43982496941075705,0.554634734680546,0.637907528978603,0.603504616384551,0.46769744016864595,0.254986969865679,0.573264053455342,0.56464813688983,0.4550297744305229,0.622291332968802,0.42748011785606305,0.43627386681464003,0.384875686046823,0.422537080602908,0.360934197674065,0.31713849711952,0.26257487788038003,0.340907221725992,0.36702721729786797,0.46260100796636605,0.321784267383877,0.41500218853438703,0.12877515260059,0.53865409905218,0.35755698184997997,0.58639658752947,0.43960563053252505,0.194952446268327,0.525005592749141,0.295614203161557,0.5595703677707751,0.467188974772124,0.5595344733089399,0.572005382229982,0.357648399934447,0.5654765485790649,0.6173919872371221,0.431248759124591,0.730764831643983,0.570533800817226,0.64573189577373,0.47614171791459703,0.41880227319565794,0.48220601490665793,0,1,0.19047619047619,F,0.00747434181169127,95,166,183,324,0,0.19047619047619
0.7208389532622009,0.5061467867455399,0.5015965510178461,0.41203185873903997,0.71015138731564,0.5594558500555761,0.45907539969402,0.3955635929489671,0.39397694171903497,0.236767438462245,0.60487885694474,0.396078031464844,0.59245845720428,0.5278118112215551,0.49746529720668897,0.462555468143211,0.44713694961281003,0.44225816634915704,0.6319796739678101,0.3653794919948529,0.45166330967899004,0.4064043480799939,0.6347884234659079,0.6078244288355079,0.32837274059186,0.573781124259344,0.32379936863899,0.557437856106447,0.3965906014755,0.708812314086634,0.5852694831052591,0.316711901837109,0.5164421224067299,0.28147718816573,0.749493218348377,0.148037116102847,0.39500904650790103,0.38924662662782294,0.41266163743907397,0.45819707014428995,0.636488877838199,0.669854024097857,0.7806408252550592,0.6285404667795921,0.4739283249095821,0.38770413269321097,0.3707217896212439,0.23644928791311604,0.525256993937969,0.390094905942451,0,1,0.19047619047619,F,0.0061353104726599205,95,166,184,325,0,0.19047619047619
0.382710093942927,0.6282131757219,0.502050503732857,0.576530834386943,0.308724834640151,0.47875122284929106,0.181944187912548,0.685638867451386,0.284275349872546,0.601625764194473,0.499345204013981,0.17705791642726298,0.5846063782288411,0.5831771358347729,0.6388591291854251,0.42990848093458706,0.48181455735356604,0.39173433749694503,0.5153670288679,0.483581620609022,0.38400634875205203,0.28519323893452303,0.636146386472338,0.601117782355025,0.5981261060269051,0.819059178971657,0.717899672689511,0.43973380703762005,0.33105289217218603,0.41469822799499295,0.28269795668496994,0.533998574559705,0.7211703444423578,0.47130371921301095,0.570337006230339,0.6813077018956191,0.52334950943358,0.733051640502372,0.479365096702821,0.544581878412536,0.38996019759805106,0.717127537165823,0.46210884748033504,0.454210401356384,0.48628570241588004,0.354340489071351,0.382656793657132,0.650798616678705,0.33994784678939,0.668422726212062,0,0,0.166666666666667,F,0.00787197871239564,95,166,184,326,0,0.166666666666667
0.544074263579586,0.378427641557312,0.5397715234459559,0.3615217124027871,0.5128602330893739,0.44473187956107796,0.332793382938337,0.420445372663868,0.238914121600638,0.596855824665704,0.5979891905326861,0.44804097455836495,0.22237481909452397,0.795533363253063,0.669350717392498,0.43393031643977903,0.538213582561914,0.6736638229533051,0.47816915090112,0.21690868371934696,0.41747784032862606,0.507747103848364,0.469313311254302,0.573783427236042,0.312547405044664,0.562235732827697,0.310440677886532,0.365092397193412,0.7346596917841859,0.691983188554344,0.634481849106751,0.785452785622938,0.581436819622702,0.571867197976245,0.597374413861376,0.42533858028872207,0.335064634111651,0.550427899852473,0.73937276326364,0.466891793836125,0.455801074138654,0.45978473785921997,0.429697374485304,0.403375718500062,0.6616078233065329,0.7441226502268019,0.318969599310171,0.28542758853118105,0.193351874112624,0.319979771861841,0,0,0.166666666666667,F,0.00959802512803509,95,166,184,327,0,0.166666666666667
0.176643766553193,0.5726601923555771,0.639467432575022,0.562418648065634,0.9622523658272009,0.530096077552376,0.433291082658007,0.5414766432431021,0.21886180539348896,0.550928607964535,0.41727162524348205,0.188211298705425,0.601725403523586,0.49797530606277296,0.542226523365867,0.367611233262439,0.426705763799941,0.664579679561095,0.572307670711681,0.37918771284141495,0.64398871214367,0.40790963823765397,0.271241257660676,0.48442078430685104,0.40435105151323797,0.476047932043622,0.46412458954593605,0.48148188156439903,0.435952781915362,0.44953613500121203,0.36634231366853404,0.38394228332639396,0.460969100049954,0.47986651915966294,0.5287470101048879,0.516380687530696,0.456511307380545,0.501500581479468,0.486580628553468,0.621215425267864,0.6678656761517869,0.517513531065925,0.908446882029413,0.500043858931992,0.6078236740998361,0.557580831143073,0.60889340534749,0.23106906027241897,0.332501139699383,0.590145111933098,0,1,0.166666666666667,F,0.00826476638260365,95,166,185,328,0,0.166666666666667
0.5479454082599571,0.5709196227783809,0.6605273893085539,0.60286425564451,0.384697208728067,0.509408685573064,0.6841360533458659,0.501735874073271,0.366020334238609,0.35156086422306204,0.568925602774396,0.428605698560327,0.46670750957270707,0.45014839104241794,0.5516567118864649,0.574430390507244,0.39307315707089496,0.43039082286075503,0.358657770628133,0.577144272750665,0.29160126035961104,0.613636723759001,0.288627806105151,0.440193240001859,0.5810391331071021,0.8426348435933051,0.5805844894969089,0.386606063435409,0.634902028941154,0.560794299792427,0.264801083181955,0.5070227804137419,0.270996948029942,0.6634898965835739,0.6797989345590749,0.615141251412678,0.37441511448373993,0.5942648520998721,0.5892287819364671,0.8753957049928491,0.48499262351399297,0.515908557300773,0.678067540576847,0.46000328764041903,0.28423047969247806,0.40945714387939797,0.47958690297250106,0.435234995764798,0.36597810973308204,0.47035119423828403,0,0,0.166666666666667,F,0.00997912623136921,95,166,185,329,0,0.166666666666667
0.457048054517085,0.606458251978813,0.497794912984836,0.208549824378221,0.7070971054460471,0.516457121348005,0.461977664663885,0.44634918166431203,0.21935198092871103,0.38398834683531,0.47314736753015,0.377035052038322,0.516708070622235,0.653727882879411,0.547406688999517,0.5230225634504171,0.605670895887884,0.147308971881841,0.289384513696633,0.571512294703313,0.421577130991286,0.15218233214026,0.521468049589796,0.42879141412242205,0.22549568332821002,0.454548574514711,0.38990236475918105,0.440433176879379,0.310875979239686,0.6464878731192459,0.407779812369651,0.603697962529736,0.281316148009965,0.3806838477599529,0.51446396357826,0.696073675895042,0.652067885020926,0.19109239441918,0.47270874142375,0.602614666515066,0.623095967970228,0.315863654578525,0.536380177346625,0.386694106081803,0.594792086538396,0.45379034924783096,0.42189147758755996,0.7124226346908391,0.293887645891255,0.435581416401423,0,0,0.166666666666667,F,0.0116830960204455,95,166,185,330,0,0.166666666666667
0.530416155976572,0.47062253417638705,0.273144527230854,0.439028616360716,0.325344540840395,0.577313964816213,0.567535952947931,0.591446165824558,0.594519460518159,0.43163949163073495,0.345599352187396,0.33645384846780896,0.565730035039595,0.684796307192317,0.5684528012508651,0.259400826934418,0.5130812404022179,0.5469303128351339,0.5677968448144761,0.41952692928578794,0.41587266266727096,0.44988943637033596,0.6426687915752399,0.46424320845930894,0.419481092524475,0.6901517173183199,0.585339026510604,0.285145846163093,0.379272942414186,0.6913531924321121,0.48874265674935996,0.720923034873073,0.461593653864435,0.6860993576806229,0.41765659782726205,0.542634125853047,0.451321838338438,0.49132056029579796,0.687698000019674,0.361217409270603,0.324828249970234,0.580535764178801,0.718175784218032,0.4877383677219871,0.6739805475483701,0.69784122820934,0.41136884842102794,0.479254963797416,0.5201845487970371,0.288074258951134,0,1,0.14285714285714302,F,0.0103556218833036,95,166,186,331,0,0.14285714285714302
0.7616285964154441,0.525246494263791,0.479602605531987,0.541160339239869,0.460788970270126,0.7596509610059079,0.479664019682932,0.502449709313766,0.356426375664806,0.42170681670159993,0.805360098291136,0.65901305933574,0.549240529398828,0.6371208568882281,0.5763848207872231,0.272068121565273,0.202814476236425,0.5867337179886379,0.603096513731084,0.39893752125659204,0.5141923238314939,0.506968446632925,0.41486663105832705,0.574933281477301,0.570524130686376,0.528260621015529,0.51243264769993,0.607029441346906,0.32444648443276597,0.7073207843496959,0.5289718445120289,0.53377115892876,0.506435655705066,0.408482478950175,0.6563502746032621,0.38407977405168703,0.6282727466394561,0.6322498068319731,0.425537432253947,0.281499640200178,0.25638723450469303,0.22770151802080899,0.617012002626008,0.320423816226229,0.484641193598479,0.4331969087282971,0.602520180700298,0.445675719507931,0.669282258115426,0.40514747285940206,0,1,0.14285714285714302,F,0.00903614457831325,95,166,187,332,0,0.14285714285714302
0.38605887857389704,0.6028329211307979,0.402771984459343,0.37476093482611,0.624150510457406,0.8295152551551999,0.553141459298418,0.7265877279601429,0.37812847001117206,0.283989857556742,0.36487919518659995,0.57130988362525,0.655515824888871,0.615428143353486,0.581294547165464,0.40749150496980896,0.385814068380231,0.36870023571406896,0.438214727067096,0.551517628334455,0.6403535607746911,0.518548816015556,0.36112091666588997,0.31253409824260103,0.50692681067743,0.342876826636144,0.381331980441752,0.47072731667843,0.300553119554836,0.611615922773191,0.60147816273743,0.46550996662224897,0.5567134814255771,0.6021375393529399,0.34836881612808696,0.6016738379936801,0.613786040022359,0.539902642455829,0.095503711895576,0.5285375491705879,0.575863271253906,0.36751051983205296,0.0795824283681469,0.36071066751680003,0.519157419320526,0.578891844964614,0.40827475812674796,0.436065424652358,0.6583248853620279,0.46008532972155497,0,0,0.14285714285714302,F,0.0107275950649445,95,166,187,333,0,0.14285714285714302
0.7584549914568419,0.6739756203521171,0.436885349761443,0.36708890908598496,0.537226189001085,0.564402121136811,0.614234445621251,0.568481451556446,0.58069258625664,0.42070421785420997,0.5906453674441831,0.298314886109307,0.8256429873367651,0.34481761282162204,0.63596396161001,0.50310482306918,0.607922571863467,0.48943253102221707,0.6926284485742129,0.430893115145683,0.5133256668205279,0.518049465977418,0.461802613450632,0.696581039054476,0.6901204762455619,0.496399997978891,0.48050237990305106,0.441058699890777,0.324910130645842,0.634483276487202,0.329617794705372,0.41058777954092296,0.8135125777169459,0.52249952957171,0.595483686057354,0.797474465345367,0.517567876679085,0.637165560219665,0.534546198162285,0.3663382258158421,0.5606689661684571,0.24200053864505605,0.6744591212823051,0.5921312541364799,0.587520655180735,0.38945462777045897,0.49177925504398395,0.259030604541861,0.344879931615943,0.5363577490592971,0,1,0.14285714285714302,F,0.00941490512950005,95,166,188,334,0,0.14285714285714302
0.514404921956478,0.29931431571097494,0.408299135691178,0.612428470673308,0.6588111644998029,0.671403250034494,0.469622780441179,0.5427116060513929,0.553547110209725,0.115918015423214,0.389846613091122,0.521641045055642,0.6723743329477551,0.607213125512067,0.766530112129636,0.5504648779291329,0.360756932459741,0.43768992544428004,0.766884454430231,0.281508572457974,0.525108612141682,0.581404163983251,0.48549320373583504,0.488735441899432,0.5317728672844989,0.319499994814687,0.6818877835714809,0.41555425139472,0.569407540442453,0.573521955151508,0.501457382037206,0.482766597696883,0.3725541525572179,0.5953094973348221,0.221733942756408,0.5548029611725289,0.38505103075615005,0.43259456749990394,0.32689772190665195,0.43765298460364094,0.617417940075219,0.215571716845908,0.503636849881179,0.331642630535597,0.480631184369456,0.39992911988784297,0.4208376381530561,0.58977382422025,0.8336597534710991,0.42169378264701396,0,1,-0.111111111111111,F,0.0119760479041916,96,167,188,334,0,0.111111111111111
0.328797227605928,0.696535859252517,0.527631202464396,0.6315205017971041,0.6476941610543578,0.604641916845515,0.50588708646349,0.40958113849208005,0.6782410092177179,0.545724086606135,0.42391213112952797,0.448462398443098,0.507964433117435,0.6364799844015071,0.7445994703608,0.524760828038717,0.337253310500015,0.56223726055896,0.35598099177546205,0.340021547660932,0.275334150300253,0.483012754786488,0.514963007154113,0.483044217666956,0.284568091986283,0.646944313493307,0.48186294551838205,0.45105694792916795,0.5136645250528371,0.6871873370984439,0.583137524565957,0.4794071771120711,0.513870537644031,0.544795913750148,0.43217499059034203,0.196811368182602,0.599233777770786,0.4741224623475999,0.27776967072611003,0.71503985656938,0.670528738261498,0.461349721165109,0.525292361533551,0.466200562989149,0.586311398346207,0.370442080680193,0.494600134312341,0.7285149018473779,0.9607988058987841,0.398108024527452,0,0,-0.111111111111111,F,0.00855431993156541,96,168,188,334,0,0.111111111111111
0.5616601677923589,0.825496118629638,0.817459704104723,0.293752446071211,0.40452636583270507,0.44310267663660496,0.6048901139130811,0.663224009314994,0.689696484473193,0.303219506967063,0.628259402120974,0.624329979052125,0.302680637645973,0.7413182561302372,0.623062011855121,0.29027106325926,0.7988065592650708,0.35913374732724396,0.5991673223921931,0.190968126105009,0.46969868280061206,0.516421808541257,0.42664298117576793,0.457792306030036,0.51286569000809,0.41175127750217205,0.42795444364370294,0.61443296969122,0.202885953133453,0.6330543338278161,0.14373499595760197,0.8460117997177249,0.6275526160210301,0.8277472569027071,0.608271541478646,0.463016558247988,0.34448187582830697,0.5101648249410861,0.632727801409942,0.238550732563885,0.378543094190921,0.17905926072135697,0.514183388851926,0.47292038519554497,0.30494396980129806,0.406720658295395,0.19536441564244897,0.43221026047090294,0.9527407302367941,0.5016562083182371,0,0,-0.111111111111111,F,0.00517308578110054,96,169,188,334,0,0.111111111111111
0.424136698987701,0.674753490637106,0.231057571741826,0.269383801596528,0.5119045488790329,0.46694861448977704,0.542840114460376,0.5642339953156761,0.43392463264762,0.611288767510812,0.606826167813658,0.362343349820206,0.6157433544566829,0.44774056786817207,0.540919222008139,0.298666969926331,0.477545514122273,0.538246768173936,0.7719607754984699,0.48342818601180704,0.278765612852645,0.6806692262380539,0.605987139927732,0.6078282683559221,0.45441246508442296,0.657205585251953,0.523122323943052,0.6121979719576011,0.0204348399564404,0.4780146752139821,0.606218009761146,0.487269557646757,0.7642108379498941,0.737565088132336,0.488095969997067,0.569042852042409,0.43943093362347996,0.513141140229793,0.6537811428385589,0.6033397654177839,0.474816240770869,0.272574426506885,0.531293195530239,0.47184728502951,0.698320339001424,0.37885147525871,0.34217605362538106,0.131873731107926,0.7815295231015509,0.432281511381784,0,0,-0.111111111111111,F,0.00183163085593518,96,170,188,334,0,0.111111111111111
0.46339010730771996,0.7003856779582129,0.5386887322556649,0.42311626934721996,0.5464537550080599,0.593454753480332,0.266299850894498,0.467257049243178,0.509766877904698,0.41349597921629205,0.43840918766223297,0.389197848900325,0.530399385084942,0.7576896573686129,0.702446810695373,0.41475923420691496,0.535663179539361,0.44262541941894,0.586935621050714,0.593129746776872,0.48177289049215505,0.6844621964008699,0.6103891097404671,0.7184315305328771,0.668887766662869,0.711023425640723,0.18657278500784502,0.40210019001520997,0.7190240905646691,0.285870252492258,0.391608155329704,0.52599960165934,0.319198363532243,0.894103299727445,0.4803124037457979,0.716559707654916,0.21926706948234498,0.35557883142369,0.50608073590603,0.126119412962369,0.628976000308552,0.4101711602471021,0.38149970681291995,0.41267381486848,0.47283215155286207,0.22158602588014603,0.155721531995108,0.5776232117398828,0.8109229543450721,0.565579029211901,0,0,-0.111111111111111,F,-0.00147074272507619,96,171,188,334,0,0.111111111111111
0.308584955381807,0.5119183886147629,0.49727069273325103,0.0796199609130248,0.6124086736396359,0.558952536139546,0.6249633832193691,0.531215627258629,0.770067670900416,0.695621639358743,0.629191697725391,0.48147205159051204,0.215105016311438,0.653549114216061,0.647342688994538,0.5535448648149971,0.277965417226952,0.510216376697004,0.367399653754352,0.393137955138449,0.607746595151968,0.5078836348734871,0.286125781370269,0.6612557547918609,0.45799476100367703,0.5506344948575229,0.438122628946177,0.410643136600506,0.468872536602484,0.634549952057523,0.5575287694657171,0.5641997062512121,0.7017856941638679,0.43091858455923,0.42758519903004205,0.557008856029068,0.36291715124745705,0.673079815717041,0.570708830448844,0.6492494633676109,0.391344079581794,0.33263637613453007,0.517950676137946,0.30662396741978004,0.43391873350941496,0.18196086822169,0.5052775619488039,0.38516090498200106,0.8839150046068521,0.4850567574075829,1,1,-0.111111111111111,F,-0.0027755957056822,96,171,189,335,0,0.111111111111111
0.336576541097503,0.410321283167433,0.49071106987760105,0.252995997861383,0.6046737055264871,0.33250962178436,0.608115707927464,0.5818523943273081,0.37605677917487895,0.437102584533984,0.539339062104553,0.14210919143380402,0.4235914303942171,0.619119671109444,0.843427724070587,0.303259283191204,0.37822624205827005,0.662140761223254,0.6503101071789189,0.380770973106599,0.569770494442598,0.4960621837089749,0.38121301375880395,0.59721612443127,0.874379182793119,0.407114847251052,0.541197849636312,0.45648100447529494,0.870044266053538,0.189036321968964,0.37569785920535,0.5505440117482161,0.476632523993349,0.733369736439273,0.645887964611912,0.511007632617366,0.704484735491145,0.6635710194326561,0.686546042381095,0.6190057434638659,0.534627380392916,0.31590289254484805,0.19922721178367,0.369757045187094,0.682156042785546,0.37226773623642295,0.347307512051839,0.513772744791791,0.7991291851572621,0.533788757813474,1,0,-0.111111111111111,F,-0.0010964912280702099,96,171,189,336,0,0.111111111111111
0.479058875696584,0.433074390909369,0.558916942810798,0.852723192029874,0.40158715951675,0.4960684085385779,0.466512860723024,0.361106752151864,0.6470381964804549,0.700942420124571,0.66997371429915,0.5618743553168439,0.6825871433337779,0.94420667168502,0.565409211874674,0.32991779734823,0.48967388802759,0.49103930371486404,0.47413597402554103,0.356246815175778,0.573241875879839,0.11462489993542001,0.827169178744144,0.417826413975854,0.42123204527162,0.504035230597169,0.667954927173526,0.4104735077381021,0.33766218745687104,0.35524311367728395,0.204768563425646,0.73606969880324,0.454873416327346,0.5897369427249929,0.5505260822836451,0.536917994930517,0.383893042713752,0.478597742206011,0.43277110140213304,0.918969164371104,0.517190586889054,0.732458647582828,0.5689565522352801,0.3673370183637779,0.47334752121094203,0.529228449743482,0.407101105249863,0.44357277726534,0.7764415809724491,0.600029971819089,1,0,-0.111111111111111,F,0.000572648237805118,96,171,189,337,0,0.111111111111111
0.262408142577038,0.457349237858423,0.5175911747356521,0.319821133238529,0.45523410169086403,0.784970337783865,0.56910566936151,0.945471189593974,0.8249446356227871,0.636607545794693,0.7455887951696379,0.5774912427874039,0.341864736291278,0.691555249924428,0.47929961794174797,0.5577398602187971,0.532362099871736,0.144328532646445,0.266403041989333,0.43325089390115096,0.456975186494903,0.391058100296204,0.607459323179963,0.500994489052638,0.529757450115282,0.541723665684589,0.362190593951348,0.48133240975418,0.321961357282203,0.651854504560501,0.6539511828730661,0.5771806638593729,0.46810097934283895,0.45276462692732794,0.382936783832219,0.5672480778351751,0.699734562183546,0.6488677899941899,0.49066259325392403,0.406460847842527,0.453816941567394,0.455901672712739,0.52719222045966,0.4595176419293471,0.45495793102354704,0.536772000913643,0.408886804682527,0.641106476180459,0.5859769830028001,0.40980119256740505,0,1,-0.0909090909090909,F,0.00312262783796835,97,172,189,337,0,0.0909090909090909
0.394434131824484,0.5983867714762929,0.910337343348993,0.575692459723229,0.474250633800205,0.6066958374018959,0.566730593379847,0.486232390321318,0.303506240771239,0.389860467162636,0.319064226355493,0.379485131762836,0.42267200715500103,0.324512861360706,0.416521093736891,0.5407993357438641,0.32448971193778603,0.543720787855847,0.240222382812558,0.512141488297454,0.43478378985101096,0.510474516155738,0.703314271426384,0.344420669874058,0.20270572936147602,0.469976497575323,0.663965487069652,0.28666333782544606,0.44252761936262197,0.571843395635829,0.46323343537243,0.783444645953552,0.337676338008998,0.229696415832758,0.42180635526348503,0.5329915110338571,0.437907107096256,0.518507335186331,0.6008179927279129,0.42251141833472106,0.32183321838908,0.290522111433862,0.605157963272736,0.5189687681962271,0.558385361311895,0.666066746569948,0.53158718819674,0.587426852414734,0.415130510262188,0.6041004768314351,0,1,-0.0909090909090909,F,0.0056431279051817294,98,173,189,337,0,0.0909090909090909
0.8481082497445479,0.441470230805784,0.236821864470469,0.501949546168531,0.566884803955845,0.496262232411364,0.531750096509492,0.665746457360928,0.524309549310344,0.44565358961028,0.5470261554335221,0.5611719030689319,0.462583326253836,0.447823470816404,0.478732171784207,0.254407156222411,0.23706178113074103,0.52091525794843,0.29064103831746896,0.6191835387354929,0.48198961327620593,0.29025397338161896,0.597345204763573,0.146918046608517,0.461721646247276,0.5517460807778211,0.281391872238061,0.524777291019031,0.558463337506115,0.38827462528915,0.36626860910799103,0.5983298114395861,0.381244155744732,0.47868020511032106,0.508054589476859,0.49524339157637104,0.5493975895876939,0.434395918423582,0.6193859675735429,0.39885911502068394,0.204471921229605,0.49411607318864204,0.5463250172273161,0.37721866933280995,0.48543414187209494,0.73396170359376,0.29751580241587,0.489915166894091,0.537998549208299,0.6194875020395589,0,1,-0.0909090909090909,F,0.00813465670725466,99,174,189,337,0,0.0909090909090909
0.511749479007582,0.223565741132075,0.683324085989953,0.182462111453952,0.617597356411148,0.41766756084542894,0.45011175569930395,0.707061590113897,0.549467829041696,0.5949528934779721,0.5304306641784571,0.387337585258685,0.7459831228770458,0.519055242809279,0.494892690131784,0.5581486197685329,0.575678660280077,0.536436655431115,0.15981119806526098,0.329917950977786,0.286805557267914,0.5406426611734371,0.32949418609930997,0.611287308020218,0.668225638616577,0.44323716501497795,0.672618080721699,0.4160861319893371,0.512199155399815,0.36696565981631896,0.5741478276128,0.694834547462275,0.4621598804532371,0.564755194916952,0.595359746818386,0.4306645849849439,0.459808294599752,0.47302181104062996,0.522866186236149,0.385728668913277,0.6007636473146301,0.38040716157044896,0.327920112912519,0.5309970898298491,0.310783755208719,0.33618877546861203,0.42702795177259206,0.7223881799297959,0.470787901078012,0.359741025297678,0,1,-0.0909090909090909,F,0.0105977108944467,100,175,189,337,0,0.0909090909090909
0.437455163018879,0.39260665323611893,0.5776370623573339,0.490228536735597,0.393764600395258,0.5581144360589689,0.437833242551442,0.327212389192106,0.4389993642259,0.547105399327298,0.6025532294623349,0.383281610008857,0.47230920200185406,0.646642305729413,0.43995464684304797,0.422803702936766,0.47745476832115397,0.39977572993517896,0.23409879283050797,0.7826240447564441,0.593137500302434,0.447092838746266,0.6042208916983929,0.34542063219253494,0.48702066194818394,0.562640011066717,0.526936057271742,0.29710652325486897,0.539161414543327,0.669108325810778,0.42350235265794395,0.55732876256374,0.457555916787468,0.38739344431278006,0.7509098936712151,0.650678147314597,0.576394619893735,0.471462090193934,0.463959578265586,0.426384095788323,0.699053616792067,0.490742545144077,0.32118817345956896,0.6062049798646129,0.5753493685309079,0.518496429989251,0.493215759134932,0.6480463305957099,0.9576616869826329,0.6095382320346391,0,1,-0.0909090909090909,F,0.0130327758295117,101,176,189,337,0,0.0909090909090909
0.34190762087714893,0.23024359236308606,0.4573345272346721,0.39669726294077895,0.47351800732256105,0.469192156906661,0.657754251463717,0.6554127306369251,0.258778224326145,0.5434358885013011,0.60956487509035,0.46499588285009,0.693512222766277,0.326428511887968,0.505928181768884,0.4212515185518621,0.5901285883132621,0.587474022569276,0.0905745862139154,0.467434767471401,0.37158955277337,0.6718327257759461,0.584881618334217,0.424878113978206,0.6307308087287471,0.477338060888829,0.6385560632053211,0.356385762373693,0.350270798603653,0.626470534474449,0.6719026190941609,0.47806373458731005,0.26737575036788797,0.38728109698883295,0.512762606605268,0.6191336678437621,0.25147336834574496,0.25620160745846,0.552604214148096,0.394146525291498,0.43829756261936603,0.21524959981969397,0.616633026020308,0.643396965006744,0.30465322325489397,0.75471805551775,0.535361774143774,0.721010387149103,0.3622674890513879,0.78503561757191,0,1,-0.0909090909090909,F,0.0154403259065533,102,177,189,337,0,0.0909090909090909
0.5734928482429449,0.45479249501966296,0.462225973451887,0.5494568243403161,1.0,0.26671915908997895,0.284787086616545,0.50547592019274,0.7213581277067609,0.581632223707201,0.5343519948175259,0.332393074577891,0.552856531311206,0.7210753852441579,0.528344130863392,0.34680402690291495,0.511547376204231,0.497639322347677,0.232372901267372,0.818165585916933,0.36882644009168497,0.40804531722810605,0.63260728661006,0.540822321424651,0.6981266797817571,0.565253319425772,0.6459928637610749,0.609054161993932,0.37593290358273795,0.740645867057693,0.4213501475238471,0.418686538815186,0.4639874938623089,0.271075951951687,0.5529520174332659,0.6659984305006701,0.4650484785673879,0.7169725532647621,0.55616594803317,0.32541006491467,0.5846772690618349,0.48271006815478495,0.504642389018302,0.716527474598874,0.42041037150065,0.505365666249796,0.6533970979911351,0.285088623003166,0.452391483166757,0.684725227865427,0,0,-0.0909090909090909,F,0.0122028473310438,102,178,189,337,0,0.0909090909090909
0.561720039543916,0.537197108022718,0.565074259853147,0.645543355091913,0.8681678660414491,0.272726902438263,0.317514726363961,0.454729918442905,0.594410272949291,0.12479469387379902,0.517222504784199,0.34941533942917896,0.758778178536833,0.40168176354914004,0.485820962265871,0.566326841965783,0.339741517595636,0.36929977390034796,0.6286404664239,0.43105648522180395,0.618724136418046,0.341882514311145,0.403945445492257,0.497779291818021,0.5190296783015229,0.314593051275449,0.760054627366067,0.600579602276915,0.6128364778014439,0.634612936077251,0.40392653794903494,0.386024734188964,0.270005318889536,0.489031169774916,0.454397163388516,0.47419026656698293,0.470653732130255,0.5180665939807921,0.420362950256681,0.6424153717697171,0.352273345002316,0.5086177291613859,0.517738431788613,0.425540421817552,0.7604102555978741,0.329524916656567,0.555349243811861,0.5301714761238729,0.596032204779287,0.17216270700869502,1,1,0.0384615384615384,F,0.0145881338792831,103,179,189,337,0,0.0384615384615384
0.33921819555774196,0.34094625357671904,0.7495538188512529,0.659366144727797,0.250178608286981,0.495833345627504,0.4971559297649821,0.7856276992123209,0.6799582034450419,0.8300723838633771,0.7404075692332199,0.6019489009017449,0.44526645036315204,0.6344156333959561,0.411672137074295,0.398372543465823,0.516362632657444,0.465613488565431,0.4760969568567371,0.670046708371318,0.5610692604653311,0.631742133793132,0.309079151603003,0.222372533911631,0.5422575806594471,0.5206835218080179,0.517321500827135,0.5760042684266701,0.40119473354819796,0.64117676146525,0.432281403053942,0.454347718075809,0.543023416899173,0.6686821418836489,0.20883781605097898,0.541219432115416,0.492413885273319,0.360647746045218,0.5210191427039389,0.7614929462443749,0.5892207274064161,0.498362306347372,0.478751958706399,0.390315853456256,0.5756381982324129,0.7093645985261411,0.6677963055074629,0.7959668618839091,0.410030371338752,0.384816802638387,0,0,0.0384615384615384,F,0.0162473967802718,103,179,189,338,0,0.0384615384615384
0.6014979051600711,0.488799202123805,0.7862619822751791,0.885862153414023,0.472064026075891,0.642590570789261,0.508117785196275,0.5449947215722439,0.6054037324325829,0.42728986124469104,0.992348624477347,0.42790901972334294,0.542472271342885,0.43783498845863794,0.504382858028257,0.460875928023231,0.35718764181959295,0.48483879128503493,0.457696579761958,0.551469249267447,0.508580014511407,0.524032711464675,0.50942827144158,0.655133185323135,0.393304286706577,0.456585218364293,0.339998685397857,0.385165628180914,0.338777154302452,0.684884340928546,0.546693933481562,0.34989021615776894,0.486765808122492,0.323077525404102,0.305682573088928,0.497135414070661,0.569850350981219,0.519388487985289,0.357224021018004,0.496323677102051,0.526239134648869,0.555823517403742,0.539555320628643,0.316415242287471,0.20411555107933202,0.7995527009490241,0.528193102433927,0.449877840741497,0.6682694124424019,0.539455026413947,0,1,0.0384615384615384,F,0.0149470180122279,103,179,190,339,0,0.0384615384615384
0.45091245538029207,0.23082686256961302,0.38011823624945595,0.6686715792029421,0.7772224187555079,0.43566419558815206,0.7468157205274459,0.5737409811005699,0.728725702804547,0.559527168979837,0.6845006184406529,0.460646661448979,0.60970681254719,0.9217572528663429,0.467486140199098,0.37575678730567297,0.4840692482486379,0.6339777545339561,0.44130998957868106,0.762083344723718,0.43893334554764396,0.49229729335424,0.566970650989103,0.36658686224414,0.558462430431175,0.634891831681555,0.4019143794836789,0.406648995327392,0.40181521972968104,0.7327431222050391,0.516495390075618,0.537486255765606,0.63636222509345,0.555680159382474,0.606298629870361,0.492299135696834,0.6490589427699011,0.438057321158875,0.41903888570065706,0.45099875266679296,0.21617485633701602,0.32432586091188104,0.46154642037866794,0.3799857700441501,0.5922258704668261,0.408914508556576,0.680850816585204,0.553312055271697,0.582181082002978,0.389552415187508,0,1,0.0384615384615384,F,0.0136542885310549,103,179,191,340,0,0.0384615384615384
0.547808655592016,0.37113634443808796,0.36681018612419003,0.622548953396307,0.7528382916171491,0.35690862519887895,0.627750646083422,0.520761725022132,0.457223717200094,0.748173663806004,0.20994738723044,0.407509971910641,0.565056526349589,0.760969053391193,0.52535652950201,0.21666470027681303,0.7315981710216941,0.24510502196314898,0.8810426168269729,0.38102788072308397,0.517670039341177,0.47026128718016996,0.184723727576359,0.24370591586738502,0.5140045419442899,0.585370395758803,0.310699721726458,0.42685381042056003,0.348079447764115,0.619141381317001,0.424529568271216,0.783427988411404,0.5436412855356729,0.61471199852876,0.524902357868259,0.500630605528349,0.383670016656105,0.5625981539555971,0.168484903583824,0.658229067593602,0.5756787083342789,0.6356833321066621,0.34617353846361,0.5275869863049221,0.15470885168104,0.8274458948003159,0.763268518839503,0.470068850790363,0.8109695383094029,0.36258208428583705,1,0,0.0384615384615384,F,0.0104575163398692,103,180,191,340,0,0.0384615384615384
0.5028279661290921,0.342956157789167,0.584260678198799,0.837753005132111,0.678352273984994,0.595955657264396,0.711921062427941,0.505358837800283,0.361655586894724,0.5580858729939571,0.643089031568262,0.585689708594938,0.295699225851343,0.6651214992956639,0.43245950816122397,0.558950025919264,0.6317215421064329,0.119436009127014,0.456973247392516,0.5813670520044771,0.470258743995839,0.57943803156173,0.36981811758273403,0.47969488528541,0.588246031524239,0.33613099510432604,0.403362413170954,0.5717125302035129,0.527619891282447,0.4579276647231121,0.00266505806006748,0.685164365564526,0.43624729851539396,0.283975130857052,0.636158081469208,0.6466277481843671,0.307583187206664,0.43529482996713703,0.0,0.723112580742732,0.409539262471475,0.466457076511058,0.674680514054764,0.513391689326678,0.637506043781321,0.406825784655315,0.6884995109173959,0.477585775974522,0.42098599673256004,0.32615709616892496,1,1,0.0384615384615384,F,0.0128209294767631,104,181,191,340,0,0.0384615384615384
0.4265973624996339,0.24053743122884602,0.375953638478616,0.6227239734388299,0.6753579833233849,0.51750905145961,0.6612117020665339,0.5446269417701,0.265178617679413,0.632574431474209,0.487231467802502,0.39704231664846396,0.5975849815089971,0.6358408701469389,0.521187954930071,0.4134634037192971,0.455509938370497,0.41753187686231,0.39405021527480893,0.566909245613063,0.575572134031089,0.40023245325659706,0.534610537679498,0.43402711471696004,0.31742155577751696,0.37816590979876297,0.367208615642241,0.279437453836148,0.511570099217449,0.4751643173114529,0.32846960802227804,0.7572111028792241,0.478462189957522,0.485942323384029,0.43153939636203403,0.603375650107436,0.520078644614936,0.32900700291954604,0.7669229382206109,0.464889366565698,0.4339406795439821,0.309278870760432,0.42642492833700796,0.5653296357285071,0.47608290486268895,0.585564372084177,0.580097717032413,0.651018032123031,0.9327814025426509,0.45009568170613495,0,1,0.0384615384615384,F,0.0115357819866819,104,181,192,341,0,0.0384615384615384
0.396340485869229,0.4728846844077779,0.7920514599424109,0.6954231484851789,0.49203376325004794,0.34165030270335495,0.59947952652349,0.401929535052627,0.531329185669807,0.36185288405329796,0.669309165040478,0.5057699994095011,0.44309732431784005,0.40824868532185493,0.431128077543706,0.254917945356003,0.428296394231698,0.494228031949907,0.6671742206436989,0.4616255286248379,0.394672298282458,0.67289948824566,0.580015832909306,0.30794707173198,0.510377252466829,0.542998073867282,0.40947238619329795,0.36856247503175105,0.5885846662360539,0.5904103431828721,0.304808867430174,0.7386210497761729,0.610227728137115,0.509630203265579,0.417483192990422,0.592803810868939,0.438053777557149,0.5777062513147629,0.532218364488868,0.677091115838927,0.596388151615378,0.38397659487998403,0.5836759145122471,0.486861244854711,0.514233614289911,0.5628954391914011,0.266766014183333,0.67491036821347,0.223910111383065,0.562537974285879,0,1,0.0384615384615384,F,0.010258149978999001,104,181,193,342,0,0.0384615384615384
0.6830627666867299,0.4713508988464721,0.40131526413736796,0.758455997492221,0.44860663008514395,0.58181915857929,0.6200626559571141,0.7559485126334301,0.39446827294700504,0.45322953971953794,0.327570411381852,0.0449339846327129,0.6763000718115879,0.472673937799001,0.4706160912297411,0.42247358873365404,0.541345497330039,0.218437626798932,0.424562528647374,0.17444237922517802,0.606968345678364,0.521903747936338,0.36111404423955,0.578430529365171,0.47542504741540903,0.347549831912101,0.45415640042961797,0.53401863760657,0.589310370606031,0.46721105985726297,0.42848496856644397,0.541277086204056,0.185072712008729,0.810246099419265,0.46393200345432495,0.7079169434427249,0.653495567870138,0.542200241357257,0.4694604798561379,0.583742440734914,0.46826595442732794,0.752086925477035,0.7543052680105691,0.423500940590728,0.309234287029721,0.375452484015097,0.463641745652136,0.5803205901797359,0.59039502965159,0.43923018630410904,1,1,0.0384615384615384,F,0.0125955915429599,105,182,193,342,0,0.0384615384615384
0.6836536454304489,0.702146065741622,0.7073875804385,0.655737008755895,0.7525757618183421,0.716061433552019,0.25421275122250103,0.766806994313848,0.35314582853657794,0.669238435976248,0.302647825508707,0.24961116807592199,0.526500701874064,0.4594017587255129,0.412687828433251,0.702746708206318,0.37243650782805504,0.767093114995327,0.536717980132703,0.446096132347451,0.443291030481234,0.30626663258065007,0.355611899408247,0.20997153938625002,0.403907288126997,0.482641212429687,0.28716893583442,0.322431180842365,0.505687196759273,0.63046384844548,0.472914395616301,0.488829657841269,0.406950502914159,0.44552148300562,0.5919700149633721,0.443866053746296,0.66428952388359,0.10473603752768099,0.5431071598365829,0.5588754453365071,0.43807689811337797,0.289073797592885,0.322728334471371,0.57631732894993,0.535582013272714,0.649652752865926,0.531369470938223,0.606555726032666,0.5375444194151979,0.43537566074759104,0,0,0.0384615384615384,F,0.0142408611796366,105,182,193,343,0,0.0384615384615384
0.464545260121015,0.35272998891576296,0.7506427255292819,0.6419542226588759,0.407925030114619,0.44020810782700504,0.563464179460984,0.561515667664521,0.555813827397562,0.547987106563627,0.7900822974221079,0.5369049585419851,0.440231857060944,0.31819711131303,0.5120019043882629,0.459111906327662,0.20128330453515303,0.6078498024795022,0.251827437058119,0.44558676124399105,0.34796837513890305,0.36866837083429904,0.48063902079515003,0.470099938178935,0.7413476925720541,0.6203940698595629,0.35833502016350205,0.41592235636777103,0.6761018146211689,0.312683182951442,0.339044586208357,0.658636403151292,0.4780629543839461,0.7987400380147421,0.674496262950853,0.47581270866222797,0.420076631851207,0.587150088410987,0.349639125089098,0.496739233300489,0.24276555674619102,0.36867539418421,0.4236002272995821,0.366887570875907,0.705974373813616,0.5003309049161451,0.21283787839427198,0.6051894497734089,0.5901999604288649,0.205233739045302,0,0,0.0370370370370371,F,0.0158765652951699,105,182,193,344,0,0.0370370370370371
0.271118194972017,0.7166090963964971,0.18500735597421697,0.687341316548625,0.672575375604854,0.4303157074645971,0.516775141401302,0.440257600489748,0.301171207504965,0.5284397858700901,0.552520351427871,0.378220280331074,0.152830869255584,0.55428595151016,0.40512245502725497,0.333495075808404,0.404823224636962,0.414773416569825,0.192159120669106,0.5008977561185021,0.407518017278395,0.643603789868818,0.489688328407939,0.7440786023008821,0.5410674006480221,0.649344072836432,0.34671313408043897,0.47427489643029996,0.549836646096462,0.653984246197458,0.53635488916994,0.3914105599633929,0.512192123236566,0.561212104479902,0.595093294597083,0.484670157079749,0.529410111708183,0.032357823252029,0.0466514865234973,0.5380153188567061,0.603138491632999,0.586556022497396,0.8331004476755041,0.508599883632018,0.187380390439023,0.414380918860726,0.588261939791833,0.6157959628094499,0.473715031950077,0.31888830449836,0,0,0.0370370370370371,F,0.0175027870680045,105,182,193,345,0,0.0370370370370371
0.5025369673660851,0.355841200480183,0.568484822518885,0.6617407530891539,0.09702419742102802,0.784705814691092,0.47427559860609897,0.6891681051267521,0.588127191241655,0.38908696485046507,0.301610988489775,0.35309435807240797,0.546334466938688,0.769286030238247,0.48583950547416205,0.665228290720893,0.617378943736099,0.515254088928818,0.24222471363421202,0.514368718103679,0.529284542872888,0.5206084881311671,0.6297740875476671,0.24515649887788601,0.32622238743886894,0.613229754354397,0.409315551022576,0.52129086647805,0.460092774016509,0.30006434984816605,0.41306679690678405,0.48130578430012,0.526612123377081,0.640397269386597,0.351870440649842,0.6524621498113741,0.555524002563462,0.460910281897215,0.5929233247134,0.601148410220854,0.525511164501165,0.5563704874843101,0.574915336004985,0.460344694777289,0.642345787059673,0.621873000278722,0.467091346863909,0.509393441196864,0.660286853227379,0.511130971402286,0,1,0.0370370370370371,F,0.0162294353045798,105,182,194,346,0,0.0370370370370371
0.32705276679669604,0.46715663668645,0.3937003237434,0.702502553305532,0.598486430930672,0.6777596454995941,0.459668796318521,0.485811485560812,0.6989215481733321,0.3951053942110839,0.694666226497114,0.497353639313502,0.29152176087709497,0.23473441869552103,0.4687816478007,0.491438628965816,0.41879654803834604,0.308488735175648,0.34780673819581603,0.58585619803582,0.198613707568374,0.619596472486318,0.429882286666318,0.197618621789901,0.299169938751956,0.285972209679553,0.47042435776294605,0.25449305308216,0.446617733564177,0.500833190608531,0.410684315326887,0.494491717471035,0.48930293349590204,0.561590104243906,0.6018772756002371,0.44284510468358296,0.429384976126371,0.616704485442908,0.458745744526323,0.532206139068615,0.18911732997923497,0.46951061694650703,0.52800443310759,0.527635786443531,0.426272049226625,0.511193417766959,0.38707922683708296,0.8053095008815699,0.342945081674093,0.449912197480956,0,0,0.0370370370370371,F,0.0178452671248059,105,182,194,347,0,0.0370370370370371
0.6890666928934449,0.64408756122145,0.8379496314233621,0.6872608840996001,0.803782353914095,0.400311402064589,0.624150089980072,0.614959982357896,0.48360926567672996,0.322936048308739,0.38756265927295097,0.43455942223070204,0.401529089371548,0.924179158627077,0.30912611738819895,0.205418890472006,0.509200646202985,0.559274217134922,0.34111414607988,0.500130461432471,0.400776422822587,0.22778708219746202,0.20841527530226503,0.322228427995768,0.398395888879133,0.374507100654175,0.45394167550792297,0.536591142171737,0.7881662533664459,0.8519407233014391,0.42536705617673504,0.5042569848331521,0.375759387722369,0.259335060393113,0.609911397044289,0.504406105219018,0.547713696219549,0.59409890694311,0.522283600618971,0.8355151450015781,0.41617988674169004,0.543794644366667,0.689064045980496,0.321272599523534,0.5339350531208661,0.310044274245535,0.512395986121201,0.7136253820879692,0.263481873094145,0.42316943161078496,0,0,0.0370370370370371,F,0.0194518125552607,105,182,194,348,0,0.0370370370370371
0.9646204882786341,0.452246842300386,0.537312302033418,0.607243219262096,0.40532830185308205,0.567371801459964,0.571044811885337,0.464906356810603,0.37877601364318,0.5489520115860379,0.610912306809188,0.197373155109834,0.4197135389870661,0.657545658187975,0.42367141580306106,0.274591666047975,0.473565983121159,0.189531757919577,0.300241345030256,0.31513239096985496,0.597495569962122,0.277695635527558,0.4237908987805779,0.501264711382305,0.5614273579096121,0.37010589821989903,0.206419711235702,0.42796618127336206,0.46021406727585396,0.691420363209025,0.40890931036056,0.385541016303801,0.439641193896367,0.236457123829315,0.611039967589876,0.37349841541413104,0.499195122280719,0.412353386941984,0.585674109777317,0.7075692537030409,0.33714705363704495,0.433488167707298,0.605234920243879,0.594126486653703,0.6925287955498859,0.501244234260578,0.354583965864198,0.5123247154101621,0.658943964521117,0.301493706860459,0,0,0.0370370370370371,F,0.0210491514216442,105,182,194,349,0,0.0370370370370371
0.6136486882299239,0.657909420594083,0.6139497582148579,0.437607856585242,0.6647669449162271,0.31099155629114195,0.43145805695819,0.624971017793047,0.758520590387723,0.718987332637514,0.466879802584524,0.529327766305374,0.438501780386664,0.46183153602409294,0.384381812000554,0.492669578372415,0.5654404265892929,0.291519157120871,0.505392826922142,0.38758191720977003,0.6896399647965771,0.6162603642832031,0.47539766144150397,0.43423274188331396,0.644711637522609,0.543927937816629,0.432890607386204,0.576127940484234,0.641452105751672,0.591038541486374,0.5530631834567641,0.523658677155965,0.58822368704172,0.266928111966573,0.45078781922745503,0.516245174517664,0.491697471340392,0.30375284624416,0.500053399856609,0.760366625465074,0.41452753749267207,0.44747736200138105,0.183541865408659,0.191387571531499,0.337438586798134,0.465130887921139,0.324106155719015,0.42178210108379,0.8676466447721508,0.481731988997539,0,1,0.0,F,0.0233610471761629,106,183,194,349,0,0.0
0.287859088922775,0.5642981124417529,0.277302117770926,0.669836266472019,0.691017630447933,0.560769956967465,0.368783731699735,0.677181839033975,0.571100077029569,0.554584680143627,0.41568470881835207,0.301899405109545,0.136933262805859,0.29879450831667603,0.588467223327684,0.616566353785022,0.684521213468951,0.604000048164093,0.285235729670598,0.7335518860416658,0.675436006082298,0.6987973461413461,0.36324874642854205,0.346950312919555,0.5036935218515229,0.595107029647937,0.514586337771123,0.517417066205123,0.545030193955375,0.457799055324919,0.390714511076779,0.5874928072244471,0.875979454801046,0.638926135995723,0.18587788241522302,0.48922854992436,0.448853821900971,0.560207169415928,0.175091495838626,0.59356542110956,0.544001456825985,0.760614550994949,0.5250266217564921,0.3809237233050471,0.44885546253398,0.402141740161813,0.5932678229667641,0.7234640051629331,0.7443529528014109,0.39464813284659295,0,0,0.0,F,0.0202130310203065,106,184,194,349,0,0.0
0.33368834247596396,0.6638419865023609,0.48569871513657703,0.532296973444103,0.297111996399044,0.376360104096113,0.5676452828355141,0.49426952432182203,0.7969802081615491,0.415729733206606,0.487109009673909,0.38387737474412503,0.498146006010527,0.571560469359662,0.5175554978943679,0.430304834880948,0.33759510922179803,0.6165193282867161,0.38913537080967503,0.516218251657914,0.504570953221023,0.316111369536634,0.506128641478091,0.320743365352535,0.513709816764349,0.710683540232527,0.44975437908983096,0.368498725531387,0.428815839969034,0.7803921488263449,0.26969148609733,0.21849224288804603,0.5188015939030111,0.302928414150175,0.537962659280955,0.764406698591879,0.578743599169915,0.513742940264142,0.49578441180262295,0.665030726105587,0.584711563616213,0.17719830712144896,0.43093459995923994,0.6329388121242221,0.34146069217367003,0.368272443262889,0.43793460070954204,0.709388035992495,0.517021252776276,0.16681650606640303,0,0,0.0,F,0.0170990474715403,106,185,194,349,0,0.0
0.21680755684016298,0.625015987019491,0.11754291369299902,0.40585148511893,0.606597237073997,0.39749794840747,0.434203696663029,0.6262360557083989,0.576267218676874,0.4156364484145279,0.378270422273046,0.297523865617639,0.599798804386683,0.22233900887521804,0.494392035686918,0.144620275384294,0.604309037983772,0.423285622933201,0.404899306717738,0.661401826234542,0.208202471639237,0.453869835480227,0.467607947932979,0.687261062367311,0.518001392862866,0.338898536262144,0.463040012970678,0.537493424189298,0.421982483262877,0.696537497482956,0.46871925358172106,0.5234051831883549,0.8117379032918001,0.496490554531488,0.479612171408396,0.762770279206945,0.341076166375328,0.582469129138304,0.582568522585026,0.6847906145879049,0.23915193201373897,0.39683500471415295,0.462513731386386,0.393455251140474,0.42747911610751294,0.47848296278197294,0.49838407110795296,0.315734737685033,0.6345343785216,0.47330585497977,0,0,0.0,F,0.014018547616847,106,186,194,349,0,0.0
0.496214050169824,0.664399182571922,0.6549008811141199,0.28860308742387997,0.7533005720923671,0.531572694049266,0.500274097123929,0.617187549632167,0.62053358501122,0.6355064316794449,0.50345478772181,0.466450503480346,0.47228904958409,0.5904443597705721,0.416365028627526,0.7199635032918109,0.40774960143079797,0.47017060656146603,0.551327881266192,0.310206717419291,0.5006913734984729,0.31876034485303806,0.46093890135551097,0.507002839634442,0.608586648367132,0.653099225361609,0.655404872310481,0.428195555069073,0.25866994062301896,0.301141983927972,0.6222311596828171,0.522896884176479,0.6253323424898929,0.402364590490843,0.8563384819421179,0.5514476456099449,0.7335643540331741,0.5566308568450961,0.43569175647088,0.454480815525456,0.499765179161221,0.3359814899716131,0.745366604231891,0.48582117395984703,0.543682819650813,0.6823070743009519,0.541963547494746,0.500049502229976,0.348273736634026,0.7816772798780941,0,1,0.0,F,0.0163185878675512,107,187,194,349,0,0.0
0.788434524672578,0.299627542698505,0.406401298391922,0.6820077354513411,0.524091739323039,0.61101512426616,0.53143348525385,0.589363058052591,0.22768635666554604,0.255819321830071,0.5827822333332379,0.46053009754587704,0.39557006167643705,0.5545818678404539,0.5793227829545881,0.45492861735041,0.7253439179711141,0.310981783614651,0.730527500554207,0.629063300775756,0.7088411497589029,0.169268153869846,0.5418089553824601,0.384202577891376,0.296611648812589,0.41509225370147707,0.419667713785971,0.362949144480644,0.600759716588527,0.607895659834824,0.341476045640379,0.36061580130433396,0.604720434467849,0.50949846578305,0.485650070769516,0.488032188708695,0.695120277941508,0.342860733361813,0.41413278354948496,0.270417963186911,0.325202663218088,0.18150312891914497,0.704683565794233,0.495595071836654,0.50216320666691,0.6401725381723671,0.7542731006747792,0.388868245563124,0.372004021337021,0.425310914332681,0,1,0.0,F,0.0185941596049504,108,188,194,349,0,0.0
0.57853025167495,0.5053398612795371,0.620273039658211,0.327853344709065,0.406992208594997,0.312411787113628,0.42780909454376603,0.466903314518464,0.6349986732917869,0.7155849714383828,0.43159384614070706,0.402234224297405,0.42004897277727904,0.713933300832057,0.48882133684197404,0.0993538893206536,0.36650411035768204,0.434512165603246,0.45302215482330105,0.28483032038638106,0.5999999211833461,0.452411140400206,0.28907543110765804,0.48493413049859,0.4532364704950871,0.6478002573148051,0.36997569162472205,0.35980602417575297,0.533181012540509,0.65496457467304,0.647662762162236,0.449823419338364,0.8912435824591359,0.4149583776563521,0.536421824631076,0.505637285759747,0.538054008839198,0.5869067593392641,0.420567631759901,0.47827046538884105,0.632649675668088,0.41479656129901393,0.625786669779883,0.571969791156159,0.548028101409548,0.724895479479851,0.40139930050642403,0.248321493136878,0.5286463496706649,0.312811901400009,1,1,0.0,F,0.0173252279635259,108,188,195,350,0,0.0
0.323722670347576,0.41752136915411303,0.518224753804112,0.47717915425121,0.5948059002233941,0.49058490075965705,0.565980212403463,0.35306620488260404,0.523025890761585,0.5572533317729399,0.544484807195209,0.526272555438784,0.46649237089639595,0.27946195253226297,0.439646570579531,0.618974420983354,0.44328897794445,0.419282224451761,0.8965687944502991,0.659100436861074,0.376600338867372,0.30978065168422,0.449238918232716,0.342826510838272,0.40555772654972905,0.485294224070216,0.40816051326702296,0.7360750427672759,0.24783881956774104,0.505466825524198,0.402527424441307,0.452769745720506,0.429997115654472,0.571480509644998,0.5507064576587021,0.6757616593582191,0.423740964332449,0.48494812397055,0.642006153690428,0.6303171373677989,0.218765420670618,0.599407279505428,0.504023528171847,0.325123399263833,0.343783050864441,0.36822377313003796,0.6245932585899859,0.269157168715699,0.39824516481174393,0.735015316877854,0,1,0.0,F,0.0195767195767196,109,189,195,350,0,0.0
0.34579091504804305,0.440595414701123,0.23173941979554802,0.44089664502737896,0.6272401262490981,0.510272731509192,0.7400230916360441,0.255592525822456,0.44304326729971505,0.28841763459688396,0.29236595986773806,0.3564146938206121,0.622461846286257,0.523697618976741,0.337515983142709,0.205158141177672,0.62061954215523,0.41512498410073795,0.5966117748540489,0.7027305372867919,0.375270718096114,0.493524922975484,0.593385555910624,0.35092691346042,0.331300617848795,0.580135006602372,0.613802763541395,0.340150923588676,0.260286825897162,0.513894806028988,0.38756046357903995,0.564959965270163,0.67842636391403,0.469860454411121,0.6677350489083921,0.609687931176367,0.46751061387026505,0.423763962285242,0.24534263567908998,0.7357754710859521,0.549866890537606,0.195152068526835,0.484717608613832,0.606992584330193,0.540409831049076,0.4867804798863479,0.609864376531317,0.48076281606175,0.44586193075593605,0.653972289854285,0,1,0.0,F,0.0218045112781955,110,190,195,350,0,0.0
0.41169788919564704,0.6057562860984399,0.454007192231562,0.51592554379203,0.539082373132855,0.0919152888898956,0.44943015339650805,0.697812390949266,0.385542804529592,0.271130040445336,0.5410775074622249,0.45038927914721993,0.468379033431661,0.32899511598066,0.5372385764643571,0.7350506146116279,0.282355486293105,0.4107383869056839,0.697116135249875,0.49064341367494396,0.761077731323058,0.46060087114173703,0.64645802818902,0.383396461920848,0.630843205034188,0.6225332766503111,0.193412654257159,0.48910479298383297,0.800646240844391,0.453172036703759,0.449252405319757,0.589915316140139,0.424673825100957,0.5705407756997629,0.671415155483493,0.383653352053636,0.50253441658081,0.44708014204106206,0.6550446400318131,0.39762864411582394,0.386896200125966,0.485030087232998,0.3987777032380871,0.519314116293211,0.435872133597449,0.767942865134674,0.280689971478935,0.5242584071488211,0.595919093631063,0.7445094804412049,0,0,0.0,F,0.018773373223635,110,191,195,350,0,0.0
0.0615668182339012,0.45430391755151006,0.127421021987241,0.212071657023209,0.540867746459953,0.80205387822848,0.351593260655979,0.5796665065412421,0.687857097039095,0.45880527925158704,0.331947563982325,0.5022843205705391,0.6480754083637029,0.6896776023597672,0.5947617109188531,0.23805221574897897,0.21109998340570302,0.5476661840519821,0.432545513289758,0.41510775080009105,0.19044495364158603,0.39921757276720293,0.655967283743291,0.5278836601924051,0.4259292403862,0.5312834416739329,0.139971826608798,0.48718621741422496,0.538098866130749,0.519783367410533,0.550478822067239,0.738821604937276,0.22456404104511202,0.501368575086534,0.7132498717305079,0.40993309749023793,0.25979563859452803,0.332813477833107,0.40332194220115103,0.756861168289473,0.5150878434600511,0.5454208247773329,0.7845917690027991,0.45903029705862397,0.17905614853415697,0.520052738862982,0.610110356835552,0.635837407595187,0.358393465544779,0.592356681904641,0,0,0.0,F,0.0157738095238095,110,192,195,350,0,0.0
0.51690312382796,0.40059129956423795,0.31925482273012395,0.275945588009558,0.34550740119992396,0.6115546622817819,0.240258815145826,0.6834744554768329,0.24037586022463103,0.276672488524832,0.7178666555468249,0.16597254110421303,0.660231831925249,0.29894300243405897,0.5642397652854201,0.209450579522255,0.38760553663385294,0.419535980498729,0.6803181749589761,0.5265097362207249,0.21824858071756198,0.0685601790852301,0.512411285200605,0.37218918284229596,0.59532255927265,0.624883136919845,0.44169268780840504,0.538173723246762,0.31809455435205297,0.480000108422661,0.5599607197964089,0.580985635584408,0.623407550834717,0.24707389248853304,0.35235201063058297,0.532460303265565,0.565825954259867,0.4467573048024339,0.6713058770760649,0.41424372768335405,0.25528412285152396,0.772480404508393,0.46851701745962204,0.6617174363730229,0.419784271870267,0.406044501486774,0.312810278839338,0.331891904727537,0.5392416787122539,0.6550576668306309,0,1,0.0,F,0.0179866765358994,111,193,195,350,0,0.0
0.350967353031599,0.549082344682921,0.46771772452865207,0.27987057090756895,0.793403581201504,0.38556802532225604,0.8481948566867091,0.7961133823223809,0.546706878143829,0.7215841954625659,0.379505232250435,0.6678784891046011,0.534420686095751,0.582425575226701,0.584450611069436,0.300666493697969,0.5656836000697572,0.515920498893423,0.40075572185619707,0.5698868684981689,0.426356110179724,0.440196756585108,0.290431750696675,0.531714506995677,0.36696912846610596,0.6185515980955251,0.4461345335710129,0.334198954548443,0.35171852998507397,0.78472290149106,0.297003322692215,0.5685037965481811,0.650892908711327,0.5998567944924671,0.0823440234700004,0.42215517137156605,0.436687886012129,0.535776941773355,0.243249178742375,0.604572467100926,0.41816175293469,0.45276602940614,0.556516305530797,0.32455517970434,0.302366141786334,0.357489128736827,0.45592635427400297,1.0,0.400965729927719,0.42766310586992895,0,1,0.0,F,0.0201767304860088,112,194,195,350,0,0.0
0.34998008268907504,0.6575664545036679,0.24939817360980898,0.261228952480185,0.655384576375798,0.44742997806107,0.46282408114569,0.5188019284254121,0.616567492494546,0.4350884714669221,0.47140972184823,0.43993693846172793,0.36503627902640706,0.307043931704561,0.430357663101786,0.609774767633164,0.5619881833907671,0.6382011021792879,0.546473755944616,0.46787707360905,0.27561032137874,0.473119762043896,0.5028986294853139,0.32339034886201196,0.667171733445255,0.314121321838898,0.674016019162587,0.7997895269623271,0.389682753982348,0.37881467918825396,0.47177683390589403,0.498967309432145,0.542526800195757,0.476580220304313,0.572955755177363,0.6846082799459079,0.5804009543924631,0.323575295571775,0.54390756202725,0.541529300305306,0.534459055721223,0.537724403509485,0.5140878990044071,0.5993819517509661,0.550811504654268,0.5671673306275389,0.5801535235025239,0.4847038722062921,0.769289154469101,0.309616636490084,0,0,0.0,F,0.0172161172161172,112,195,195,350,0,0.0
0.29499472855588,0.44375124016692497,0.441993177513754,0.245833601234562,0.596142124353452,0.45317359532484897,0.386082678356871,0.5781599755650589,0.678523844626134,0.874985157513532,0.502135915598127,0.41641607761039706,0.5209210008928951,0.60125075963382,0.296069977728404,0.48490475184670095,0.344097765887281,0.623782285253212,0.552188762237661,0.39271761044695896,0.5727347320659101,0.425385081369339,0.590590787523547,0.38481290827519,0.476284392908058,0.6029822610339071,0.561725680276307,0.3830982586365949,0.576649280987152,0.6579689996853411,0.361371417785672,0.43408682495787504,0.429732570580352,0.451729962713511,0.484593544091428,0.534441857340193,0.629513493571846,0.682660692132252,0.445373219814318,0.48830465406707796,0.710212862518062,0.7664509559526691,0.59246750355002,0.646355287473279,0.36588044965254707,0.557720963002712,0.223228715726045,0.5769347116174879,0.37481141313101896,0.49857055777167103,0,1,0.0,F,0.0193877551020408,113,196,195,350,0,0.0
0.599198984363875,0.36712160494199203,0.36574357194947205,0.389892880697654,0.312501734893682,0.162523475830512,0.417793743450399,0.46649694608578207,0.637366156802594,0.545485430044277,0.5865588633433679,0.551577270420165,0.7210034502483359,0.493889667744008,0.685813441904278,0.508441807022208,0.585271869750936,0.6240235065110861,0.442467032464265,0.386912898832297,0.464354754194188,0.36653233949585706,0.36599728663726794,0.38339069102611795,0.4028291331027179,0.392684282055609,0.64276494297491,0.545082170724236,0.49687435512018,0.708728050528557,0.41201182986588203,0.5524430490178039,0.5093555078093039,0.444781779547785,0.6500752892999371,0.48690534666598295,0.4598220296462461,0.5972918529587479,0.485442565099781,0.768109333439389,0.251056076406055,0.498931990992271,0.7756754569995992,0.19189194265518603,0.32490959264988595,0.3952893999591339,0.678798673651223,0.6564655560420911,0.650808416916181,0.118130236322238,0,0,0.0,F,0.0164612037708485,113,197,195,350,0,0.0
0.28496886759004103,0.668621656674813,0.402731211124467,0.703585035125483,0.658968122171825,0.3627102505641021,0.42046427705505396,0.600269133706947,0.562770466492276,0.436519421010027,0.38573415473598294,0.609726243837543,0.605180635886171,0.686022506919934,0.576483018434705,0.591363752589471,0.24720827390019504,0.503309786754139,0.689842176218055,0.29973156002086304,0.419858898756985,0.473542875824745,0.559140984908319,0.313221293514859,0.48126773967533404,0.550343711054211,0.5122356713158139,0.364196914345822,0.625569739167303,0.5411723399726049,0.623069061678427,0.607424678859905,0.45620235144886606,0.532404259835743,0.55148324762382,0.5437064544198811,0.643869762085801,0.3883018576061629,0.5242080690296961,0.473536362411936,0.504513809739012,0.5021409561200539,0.525661525476241,0.487979207513308,0.158426457351345,0.565988006764369,0.6689895109551321,0.646484209825101,0.585634930883871,0.411731896391825,0,0,0.0,F,0.0135642135642136,113,198,195,350,0,0.0
0.670443668466841,0.5095643776098819,0.6715348156774721,0.6567934281883521,0.704678263928566,0.5713653472997471,0.539558532281384,0.5600829237992291,0.48221047946558604,0.6203552027703871,0.450045934874125,0.5233393100783449,0.531546454733533,0.6815072978336851,0.46150499735039296,0.190849097566625,0.580411872985326,0.22522656162596802,0.251704352653671,0.413250853961951,0.712353327619772,0.436824166215193,0.6123247769551751,0.306010585416486,0.6837364751577572,0.363543623770335,0.47671309396137895,0.502190385101402,0.305515078862071,0.8000441561150899,0.43446030467080293,0.5978256217143549,0.69824616312694,0.491489225502939,0.722832079009272,0.8893934072643811,0.34732023152827896,0.34572212829759197,0.413657997756178,0.552835209852416,0.581538685374014,0.40556474562950107,0.319298130238638,0.3640056433840279,0.51959020527809,0.492355091813493,0.65571858964009,0.36404897609327397,0.280395501428709,0.228439476704474,0,0,0.0,F,0.0106963388370424,113,199,195,350,0,0.0
0.0,0.41958955679090604,0.290041341045657,0.431528803015502,0.540040322348186,0.453349995511652,0.5781241294160251,0.64054410411024,0.675868083006757,0.25410925870254103,0.564098280900563,0.501417476011553,0.7587429183919481,0.6054529596595649,0.529626183608725,0.36376851544334493,0.738516473640145,0.36478758067480793,0.532825733144337,0.35463687799310706,0.9864343535811021,0.554893818886216,0.573935440803682,0.158438661497258,0.3380845595922439,0.5621253326496679,0.461215172969736,0.426430699207246,0.543563785372974,0.5912108019866801,0.6643017241512061,0.6804679139089261,0.8018172742636059,0.5835637143188189,0.23712723390767002,0.476718252092675,0.330228928537575,0.47073978379216297,0.631147946078352,0.6563699719602579,0.129488573012622,0.35798434934172296,0.461568980049164,0.267264504672763,0.426964433737682,0.46714223925510207,0.5489940706617229,0.761342556807595,0.706396027954044,0.489618410775113,0,1,0.0,F,0.0128571428571428,114,200,195,350,0,0.0
0.520875035919665,0.0,0.624822332807442,0.40308821972759,0.5835517581087549,0.304701324705214,0.26285430023339396,0.601110887861579,0.207939486540513,0.37421466037719503,0.525498838352615,0.232190040284685,0.815914104179751,0.6090643944346881,0.6077332137039829,0.421047344948761,0.522795823105898,0.5385179644938249,0.5714938516979,0.576152549299716,0.694951915825427,0.677471562898781,0.550102921807074,0.554558291114406,0.304684991028503,0.40742156685994996,0.469862448636048,0.5022226568400979,0.318850618507371,0.134323705439461,0.31072451334369,0.559452432230694,0.255924308985487,0.38334072909784994,0.5140827949511441,0.38606305125272705,0.362620557722292,0.6546649418102011,0.529377100163459,0.572420271464058,0.46876215299314605,0.5930650171554571,0.9187716544101401,0.11039363574336,0.46591382336023396,0.522464293927169,0.49588717454507897,0.47387333301843604,0.331265278716706,0.5279745246941571,0,1,0.0,F,0.0149964463397299,115,201,195,350,0,0.0
0.540399177269412,0.5699993727269929,0.224479961900272,0.624954588456755,0.113760148989212,0.5518995192020411,0.336123982801675,0.5736322282043891,0.7121289974202479,0.563024371098298,0.804308486450008,0.35309953910502895,0.799316021332368,0.503743957483839,0.582009272139991,0.5175652058347,0.525273203395415,0.536859651586097,0.548053797618116,0.395632873556205,0.558130218946229,0.31537242933251003,0.504717320249958,0.414037855695519,0.659606335509432,0.682553565892676,0.762786584542755,0.32316643360851,0.51015926418748,0.534775586130559,0.563602565431759,0.369689580704597,0.7890373618755371,0.627841603521489,0.427832573322943,0.206270579025243,0.432001375499682,0.6404449378326271,0.44056240464988394,0.465943848271567,0.39742789149286606,0.272110972930476,0.548594077698178,0.563060329586421,0.7287111490640942,0.314670996127472,0.339397877291543,0.6788731938330009,0.42938487927746205,0.379416462205609,0,1,0.0,F,0.0171145685997171,116,202,195,350,0,0.0
0.628302256568446,0.5975734174095739,0.6763593218050091,0.516325958441199,0.53887124759491,0.7311583622425771,0.468643334057391,0.7001433718147559,0.49586714381318203,0.18541035450735,0.485003036557348,0.405359304354798,0.541057090690091,0.46229051671407595,0.492420610343066,0.535491314118352,0.270084983639569,0.17882032738893103,0.7732195533092959,0.7283151852532801,0.375049672768334,0.250506914492848,0.4989188165573689,0.31107017431434497,0.35158027235103195,0.263869245099179,0.55833343492663,0.6677931562835729,0.455337690507361,0.537736595486795,0.137658098911145,0.5810384692607861,0.48093321415094004,0.696584997945648,0.6850154960291199,0.383225736963521,0.46102206837723203,0.7653435880360191,0.569433301418759,0.811952266639682,0.42775760887372904,0.7541758447172401,0.7718260377253191,0.385152748699016,0.47972663140996,0.593419037389848,0.421751593498959,0.678215543310377,0.641336650572813,0.369538050187409,1,1,0.0,F,0.0158528673380158,116,202,196,351,0,0.0
0.557034018471806,0.24173295722272,0.41591243024549,0.43193695065442206,0.650799079523377,0.559912713650281,0.427698057132898,0.49933802018363393,0.48895514634943,0.35151348727887805,0.5379060304391551,0.0873989500895701,0.7946785314227609,0.22738656889305603,0.461426856539121,0.485079947782883,0.49391509262867495,0.33613572193321695,0.5436885240573249,0.45757546050644704,0.47155122532425797,0.762233543075808,0.431874852913288,0.495099613329009,0.5840717169192771,0.550713693881604,0.5703926642455699,0.602245641356131,0.711149709606073,0.389157948678048,0.340023477637081,0.669148469938865,0.7733757368266558,0.649617921669375,0.540764270195594,0.36694142175509603,0.434986695369623,0.5549168389778779,0.331318728298214,0.4791402210098089,0.529174531898926,0.633633595144996,0.894548652291532,0.551850180515198,0.47915943573056297,0.602332763652388,0.615478263434336,0.55958925724465,0.269021412687064,0.6340205446136871,0,1,0.0,F,0.0179501213983972,117,203,196,351,0,0.0
0.5688155498359829,0.44331472659677706,0.247838936643,0.46467416180894,0.5146597959637871,0.615610500675193,0.775056666344534,0.36578819934064,0.376220514377336,0.242816940379621,0.47400382332296,0.5162550150984659,0.759997337364575,0.112037004134732,0.36610120161830895,0.40304325284981296,0.336718539498889,0.605275502029031,0.4963206826207029,0.503344246446632,0.344179740765153,0.46435309680347897,0.4408708683848879,0.380943753899466,0.120751545866322,0.488046916174725,0.46783669328353705,0.578940819051754,0.5294102086513679,0.6567002391936071,0.17229621265641,0.33481181029387397,0.5092228027169471,0.335019592016722,0.40864362963732204,0.4909952886917321,0.5579164131022429,0.37828680224655004,0.7550048568176121,0.465011445717386,0.553655873799807,0.350237127578524,0.560324415942037,0.464774961761417,0.468374598888115,0.525157586692958,0.610615264527268,0.431946097515281,0.622169898342619,0.7894009439584742,0,1,0.0,F,0.0200268141444613,118,204,196,351,0,0.0
0.388344536693635,0.471179735679442,0.268152711424266,0.6047692456277309,0.42544486628333206,0.222303043545093,0.34192109526767894,0.333141352882988,0.506645875752373,0.5103880195148489,0.272252960263437,0.277248704243044,0.405237991234819,0.5406468823566679,0.478172621253561,0.126156292961052,0.258658506171915,0.607150750310912,0.646357481323109,0.41869185841849105,0.44083624208597993,0.5157910714742729,0.6877107531441711,0.555786752295271,0.339681366839632,0.689585382348468,0.65460543883498,0.621642426070097,0.540108321396034,0.7442255556084121,0.234773731005103,0.49375714690429906,0.4818378814419261,0.55633940605832,0.4337476620878711,0.347074008813915,0.718653700199506,0.753380532115825,0.520886755888704,0.40892894391750606,0.147436686245007,0.260372669534898,0.48653577265254294,0.25779748897145605,0.473176022306944,0.659215919537318,0.351932744144443,0.654428177639593,0.606195604804297,0.454104416236115,0,1,0.0,F,0.0220832464734904,119,205,196,351,0,0.0
0.485927325539961,0.48429833580667603,0.401847534438289,0.49521773651130996,0.250513614808133,0.549273974869382,0.6991998961994911,0.549535049945933,0.674062832726931,0.46359956012153103,0.653494263577873,0.47115756600652703,0.435824781456575,0.628403158261636,0.757420979852134,0.521277273660939,0.700325245954782,0.45546727803064296,0.663213322181653,0.49337746638806895,0.46820045602094,0.26496674786632396,0.773801340269725,0.471853050060223,0.700458856603038,0.6691312415048051,0.408264976649651,0.520198773885918,0.313930882852076,0.6106052013951899,0.502955789233489,0.38541473185600295,0.33050662074101195,0.517854661138943,0.444810093546877,0.454438439731334,0.38973245761312203,0.6278533629584039,0.467071962606492,0.386639562773868,0.352549420550002,0.40774641102914505,0.5689633054621321,0.260784105469816,0.49259471578407,0.528817819105794,0.188811253451716,0.49728542526626296,0.357437719100036,0.364795739351389,0,0,0.0,F,0.0192653445080629,119,206,196,351,0,0.0
0.5211104786940021,0.0406838240693253,0.365266412613556,0.6643922453948149,0.347825714391264,0.4581922548899461,0.6790809682835971,0.607508403667062,0.579955262589998,0.53308746710482,0.587722873012724,0.5290951933977429,0.756106076694233,0.44708680771986,0.308674598744579,0.473178172479827,0.65970501024785,0.285044335641662,0.253795882006655,0.6142308831187271,0.386694591448173,0.7767187096614449,0.5588844703535369,0.36548900643112897,0.227790965805452,0.5509800962658621,0.125480865908476,0.272687283510619,0.571769280793727,0.361717234080604,0.671395812553909,0.4268311508774129,0.8102676447534879,0.46785981424225004,0.5802955024684799,0.7126347670471229,0.552131460090114,0.773489063732073,0.41253613655836296,0.784811854961462,0.5165416237069871,0.6879060216178,0.6494652451510121,0.48193962579547206,0.533774916828942,0.430057515717831,0.7269456763989242,0.647465834405769,0.687910798354179,0.482764244983809,0,1,0.0,F,0.0213055865229779,120,207,196,351,0,0.0
0.49522348617645207,0.39861793967065506,0.6583468205376078,0.5949343831373051,0.539825647584394,0.4842752011422671,0.32367730335961603,0.588075336305181,0.7004807797417739,0.416838357942174,0.7816146851793789,0.508125496502266,0.43368267613716,0.28630013542768395,0.489884766217109,0.36279088189986997,0.33819614538961895,0.51525629512396,0.515192195002932,0.457517209890024,0.491357980681934,0.514072754038889,0.524213983743356,0.499557390132061,0.621562972233025,0.5082023304712799,0.467848811831198,0.44241703250713793,0.548763808762161,0.310342403057951,0.343467482275542,0.593946693888023,0.47987892561731704,0.587957291464453,0.5507096638567421,0.23744571564688396,0.496080511475129,0.399725636791695,0.283184238037724,0.972364632003198,0.29814698302063103,0.307982112060534,0.5123261748639829,0.462500114335225,0.467862189891877,0.48474725159975396,0.37198212953538,0.296305092765082,0.5006337260499321,0.617089282650679,0,1,0.0,F,0.0233262108262109,121,208,196,351,0,0.0
0.297365133881969,0.0990260561753013,0.6590831371549599,0.306949416100203,0.581350009188066,0.333277275149502,0.23569579877740301,0.31523949816259494,0.49563630262221203,0.28842516675797397,0.603049567514391,0.42789631544255896,0.549216198648138,0.470106140401674,0.452196779377787,0.495440897893414,0.437002035356021,0.418313785126878,0.5263062204544899,0.19566718135922898,0.500396634679785,0.586792497442403,0.6237537343531421,0.44636265925061097,0.294244125758575,0.7224501732325479,0.592851306622065,0.42996004707587304,0.45030798301642605,0.5567089720879189,0.60831388300123,0.22195469751903799,0.371846306368109,0.539690365242334,0.411558520631736,0.8254471431554659,0.6241820770209839,0.0,0.5908787020488511,0.652432115849953,0.194196377943727,0.46093643541478796,0.7304214369349828,0.22624970022257498,0.511725598116755,0.45410588667936697,0.39793395233053297,0.5961150526688951,0.36346843917266103,0.481965262224794,0,0,0.0,F,0.0205428100164943,121,209,196,351,0,0.0
0.30141643936616996,0.648846141970849,0.7038628460462231,0.33310438790321695,0.4629747108814221,0.52544514441656,0.510686596830312,0.34828938929356396,0.411683720708867,0.325370418771269,0.5729400927279361,0.7662019160589499,0.637178136942675,0.291228659199921,0.524227729181538,0.613591925120187,0.29641549945692997,0.139983492013637,0.691484154525449,0.669729113756923,0.356768840097489,0.543198776130764,0.7279649901531179,0.6213267514527591,0.8525258609047399,0.48864210916516704,0.787477187291999,0.419965282054587,0.504135387675592,0.7095556840972121,0.36638029208083295,0.587048351153184,0.441660213788864,0.497355869922706,0.857624701636535,0.6308261562929289,0.41968142386164203,0.6525335272310401,0.53654481391202,0.820568121010308,0.568783329086165,0.37235365942444304,0.5059901724115949,0.5932686986119909,0.416779507410549,0.552557362786892,0.286986678451958,0.311539377780476,0.421603757602764,0.256503818819385,0,1,0.0,F,0.0225478225478226,122,210,196,351,0,0.0
0.48830225703353397,0.541485728562416,0.38884835644621996,0.21029681233435502,0.553449923473454,0.511546748040968,0.670158956691437,0.553971499576972,0.486957869363811,0.33531294258251804,0.500621301729747,0.782315758805145,0.6531775653050961,0.266928223529999,0.25599446451087,0.22228874651868,0.32442711989796,0.27297972762980605,0.6277273925293559,0.41862052983773607,0.550850585978567,0.402799548330943,0.57060486735042,0.533196232973817,0.4265165842527971,0.5121533113866621,0.46915727766569304,0.439276650322632,0.42518289736923504,0.32066391351315005,0.5488946789603371,0.352183023745272,0.529603081376755,0.491744104250039,0.914999725780871,0.128393297421862,0.290223386048351,0.519689084447884,0.557720847744181,0.515605688196661,0.15244142296796698,0.42851105494034,0.5070925777808811,0.429569408111215,0.609983672463104,0.527024017465365,0.5749281410308559,0.267572231931814,0.40572903511655195,0.461666812110834,0,0,0.0,F,0.019794493728143004,122,211,196,351,0,0.0
0.43622300687515003,0.174603568434349,0.6422900995031879,0.5238528078324061,0.560845756707419,0.535366640553853,0.37041656258028,0.367538359607438,0.41811305789769104,0.349689432103362,0.4784444198816521,0.393935716812082,0.665176930773286,0.513083660837104,0.45962961001177705,0.386777629867432,0.38711756704059,0.47526031927543605,0.686805258171718,0.46660626619700796,0.569816469083089,0.699860885879047,0.305579345694851,0.521310347537011,0.330828943085552,0.762755242852356,0.48500257936599894,0.43254268903837,0.40102888888731897,0.41838390594146996,0.304016844149417,0.7166718469922471,0.5397798457091301,0.665199869726954,0.40457684539739297,0.36571984255005097,0.650155876192941,0.45377866146040097,0.239857494164412,0.366541740388498,0.629194134464564,0.370888152235661,0.470833903156545,0.53683364405653,0.7561221003860991,0.43784108618190204,0.458012201271255,0.384960833952555,0.4813884241397411,0.377147759798648,0,0,0.0,F,0.0170671397086491,122,212,196,351,0,0.0
0.539869155239788,0.693340729892501,0.5712000579901729,0.596869844765285,0.35552399654593,0.591526176045976,0.36344459913791605,0.722863459599954,0.40092930420960704,0.45977626922238796,0.10771303952109801,0.34489435159819104,0.35574718711435793,0.531541125477944,0.7290718468041191,0.637481268093674,0.6100906814391851,0.47802611039239706,0.4130589496662129,0.7263042944538909,0.304472283530142,0.24994126583075602,0.695388396100775,0.36980084338638997,0.395693970556893,0.41170693147740295,0.630484861868689,0.39137746726725703,0.218326779081498,0.400210414914192,0.369454492650691,0.22944712578347,0.730379044994348,0.645128496179583,0.247159698874441,0.22056055971809,0.481276835455605,0.607032323331854,0.5722120713319809,0.665666371999755,0.44211565805348707,0.6778167127757729,0.399557171959676,0.512776729867609,0.25552241492694394,0.560563921834055,0.586155258026667,0.33881652232418297,0.603928342445668,0.440045301498156,0,1,0.0,F,0.019060230327836002,123,213,196,351,0,0.0
0.709067065686347,0.37726927193416,0.32999951438951697,0.45487445749109295,0.450844318222548,0.561561275679927,0.600722731228104,0.36598859202400297,0.7673615581436389,0.45820976978010997,0.7187149262085121,0.536733847822373,0.568699314482547,0.5230958372650499,0.583814148554457,0.478598022742529,0.40282170380709204,0.4886041522670329,0.5329506320286629,0.486876118250951,0.17761767924608202,0.296932270687576,0.595228249812389,0.396238369835545,0.5379445750496911,0.502417976054979,0.3707912378419229,0.60359757920923,0.40224537968996993,0.44950490496161605,0.281695745170652,0.679344110090917,0.49942568751475996,0.460011860184156,0.0633018688468978,0.603120451584931,0.62920014721897,0.23460300631178602,0.4745924410582151,0.401890986854856,0.437845069031245,0.688763314120436,0.301859317302549,0.279721605674742,0.543206151935433,0.459947910717359,0.448857937852265,0.367179429132666,0.44564841006759703,0.435959668232684,0,1,0.0,F,0.0210346939318902,124,214,196,351,0,0.0
0.160349594944262,0.39146195256493205,0.46436707270749,0.518672836058129,0.578245536606739,0.63600440203815,0.24901922320807302,0.347528671045793,0.43412949952910795,0.653153116818859,0.24519946871458803,0.566148567079437,0.412361384525095,0.551660357619902,0.46065133644542605,0.522940557150942,0.498282855510886,0.39163820841286495,0.39018384182043203,0.290455660937915,0.431793502041514,0.279277604191057,0.49942009750691496,0.40332652548828707,0.43521791622590206,0.7148208932328659,0.497120696394649,0.37137669439828097,0.356790365195938,0.44922094258818607,0.700925157311333,0.425019325444291,0.318272200917742,0.48718646342266003,0.7556794021212428,0.5705257003574871,0.5118347588029319,0.39078991848100697,0.561309459181037,0.626826463075424,0.36874525046461704,0.38783413577313797,0.640903577344082,0.509308228923459,0.218005372199778,0.30407934934002,0.8235327589057461,0.47514029797527296,0.198440306271399,0.470111055662096,0,0,0.0,F,0.0183396276419533,124,215,196,351,0,0.0
0.612953394056275,0.278658868561248,0.6077386173307591,0.515942636015231,0.508938398759421,0.58492291036006,0.815643017020686,0.7982845015491981,0.574117917915079,0.45296155853924297,0.5121276460819549,0.47293334032415896,0.5462802179056071,0.20079830442889002,0.7733262245695269,0.48340731692475103,0.346047270001565,0.69344998395226,0.407883475682508,0.612148832201191,0.85548170690071,0.28015456711325704,0.36415915402864096,0.41337602027256704,0.218951704060618,0.438675014696514,0.29908812815939395,0.548972152533146,0.43099468966904797,0.476141937746201,0.234729204115032,0.806621615119207,0.42579714817474296,0.49231485184833207,0.542471201346648,0.47678697719902596,0.350538992940002,0.543570764818774,0.69965820292548,0.5551722042516121,0.42248083706600503,0.44207709540854206,0.45146614884024605,0.497969761808315,0.348899982454156,0.39869805223027704,0.363333094943835,0.547187235511778,0.34565007446736795,0.43289399917670707,1,1,0.0,F,0.0170850951374207,124,215,197,352,0,0.0
0.5438171143084091,0.6414400667147879,0.683435308159963,0.40693857661095095,0.786254328826947,0.45270704237428294,0.42026264340488395,0.541159027031866,0.511907331684606,0.659610713316321,0.535293299185609,0.398336464072562,0.48617001582499103,0.692408688526694,0.651772376948319,0.43244955337081104,0.48400805935975605,0.285619074330265,0.504930518002693,0.502811502461992,0.330348109552108,0.437097666025143,0.462297760588274,0.152659343702776,0.7770211621139,0.5226510263394321,0.511606720164098,0.467505804617761,0.658484003231001,0.5819282868671279,0.43740250907609607,0.612207107255057,0.532674935065658,0.6953706465239251,0.5582020072853411,0.807902732861087,0.519361475368618,0.547615535773054,0.4555983185965639,0.7228849518360659,0.35128500041568195,0.519507339639192,0.429287602445789,0.46153797882117803,0.150494724512498,0.46656810850027597,0.541606649800495,0.22493231159517502,0.5563342712991031,0.6891211600543851,0,1,0.0,F,0.0190446127946128,125,216,197,352,0,0.0
0.44172947585036004,0.634388613075634,0.403662174973461,0.332604835867928,0.49266249731016204,0.30254192420742104,0.766331974647884,0.71896284187771,0.704123618700753,0.608235211629133,0.256155922243118,0.259612492251549,0.40560573458659605,0.33212735769566903,0.48914861442141294,0.36788397431571507,0.3798051661698929,0.42853406552317796,0.6476733442261999,0.544441080723435,0.7130875139118891,0.432308336078327,0.543965714613288,0.6192356265173579,0.485013360909757,0.616250524688597,0.450537886183829,0.5536527081189689,0.43845881836933503,0.28036282477931,0.45356219075558296,0.416764914780491,0.45552149231549,0.8334074969208171,0.5845257998947839,0.44666555976660705,0.48418515467558293,0.476269367379892,0.48360916563600803,0.6043411567153699,0.430718272022292,0.450704069583925,0.864762425754588,0.263958614678929,0.437294263256846,0.5490761508397419,0.270805400494478,0.34801839394884304,0.5807488332639921,0.565929042045513,1,1,0.0,F,0.0177971881229672,125,216,198,353,0,0.0
0.290243791676849,0.390354761707913,0.45374655819264703,0.485751456599105,0.5446717333952,0.39150638935174703,0.562999856323855,0.567510005002222,0.608574599095325,0.43270586763676705,0.32549455925023807,0.6365672612388961,0.560928798017103,0.517757193065221,0.522021416231503,0.387970924278874,0.651751403461166,0.318138456203198,0.47435333329373,0.610159372003505,0.525041163035663,0.334758196323927,0.5257265284672511,0.138718956505744,0.5250996614028169,0.6730746709338451,0.601881524251328,0.6896500586661011,0.550965212847098,0.57165183899667,0.22788699670938398,0.742932780592302,0.424063580834687,0.381122584717586,0.6005925715864351,0.704883396944236,0.337940116405381,0.34621975932647303,0.48302956509344896,0.37471420959749796,0.580039046956982,0.35134851829819,0.542271927175655,0.41107638616183506,0.371637675529517,0.576367461192512,0.530737006112054,0.305635466528834,0.4826582383355039,0.28668754151117104,0,0,0.0,F,0.0151303507787104,125,217,198,353,0,0.0
0.435492735556736,0.805006395208217,0.26383497995683997,0.356375732981042,0.622798756879081,0.7989244814221321,0.326551391157058,0.4016602385833611,0.94960522697551,0.5440043374994861,0.757563403906722,0.637503441821161,0.449935607094695,0.315036708371758,0.43412413391911103,0.563330632455235,0.29251261606063106,0.627268703841279,0.39378112944418,0.336522041572558,0.540883802425915,0.741595767916776,0.480648844909155,0.46709935607156106,0.635255983688446,0.54555046760653,0.433602162021496,0.358558774832358,0.467086662154991,0.7484023256752191,0.49009751369827204,0.418523810265097,0.6920449796665309,0.6756693986715872,0.500129841069535,0.6149564191644139,0.234473163583416,0.5839940565292859,0.244359076128059,0.449441501398344,0.32365036681231396,0.546048784325202,0.511897714031661,0.656349007632313,0.44329340704953796,0.491441884155354,0.5608214615751489,0.5280291157152961,0.45234016726307796,0.225137546370686,0,0,0.0,F,0.0124879798321075,125,218,198,353,0,0.0
0.556278455009954,0.356341938896964,0.372355051438873,0.519091433441924,0.6374424850525761,0.5767296026632629,0.325408822588313,0.660378079336293,0.718416788805652,0.443722304773136,0.45187356558092295,0.25209760051106894,0.665086687626143,0.615180776409188,0.6491076160028051,0.4136967651768921,0.335584741922293,0.510047704184952,0.574938887529563,0.611855499097229,0.362437125129344,0.40659535590683704,0.42085060253174,0.254104173890892,0.43504917624525,0.48973879198835,0.6849623411625999,0.47386626424262607,0.368518363646183,0.6893169016203989,0.328138331418114,0.675331379842774,0.616315533302542,0.7388082589930258,0.66476133060724,0.617730571767232,0.746766901846897,0.452840265790159,0.332671478411996,0.599129333650624,0.582883357909551,0.453341389595647,0.513359840873812,0.34008345865499295,0.7174542834143319,0.6380692080618721,0.32070527575115804,0.24550862357222303,0.301183258945004,0.492528598942829,0,1,0.0,F,0.0144359501726881,126,219,198,353,0,0.0
0.470940537761091,0.522829348504921,0.643514284240311,0.563088809836424,0.323806953828915,0.37407359320550204,0.24256081833706,0.751846527146792,0.581815140695065,0.248611911052271,0.41421841500628703,0.405136545878673,0.686302728619051,0.348045995624092,0.6841530200171371,0.375959182981656,0.639065533053516,0.41215216379111996,0.38655593393062204,0.48301715506480997,0.6258010481717471,0.30993347844954106,0.687164100295172,0.43387065663493796,0.318613644083584,0.484209399018341,0.634444577110643,0.471072419867535,0.533977773713466,0.6915566661383771,0.5826148574517239,0.6863408492610811,0.6621501038866779,0.23915218116624298,0.32990021899585903,0.42519967068635905,0.833284782665906,0.386131066899432,0.570874753235822,0.40827702693152296,0.603649287846829,0.369873271584359,0.5509823044488571,0.31200304966414505,0.45715134063482205,0.335026478996448,0.451084423469145,0.44468504846228796,0.31447178988207697,0.34696310841985906,1,1,0.0,F,0.0131955730980574,126,219,199,354,0,0.0
0.820542702542453,0.488484578269753,0.448398065248491,0.523523163295767,0.626287221920083,0.455103911152375,0.803660264857619,0.780644721319246,0.51748593258367,0.44530853706264206,0.5037888913625139,0.543665889730046,0.48775508856848404,0.36672531387009494,0.512468825785801,0.496666202919625,0.523135093730163,0.556770330999034,0.17691688616778797,0.6168662570974079,0.653689202874011,0.424014813405514,0.4981277562157229,0.31124411952554604,0.557138147698069,0.631344765829312,0.280753525958847,0.588105345234478,0.670874624433374,0.66558789787963,0.17771298479945202,0.630054612581912,0.6644447781885939,0.409661599239688,0.37319695451933504,0.446978992066139,0.6320926269282799,0.670848058478028,0.23344986961342998,0.514685898298444,0.273278276293907,0.342711402512728,0.6985031349224821,0.19203095543052498,0.5637110328731789,0.29075538677955604,0.36150755502065296,0.23728017683619199,0.47608342811627297,0.42019518720446997,0,1,0.0,F,0.0151258346173601,127,220,199,354,0,0.0
0.36310458830571296,0.55140493548286,0.720132389034583,0.570779921595817,0.5348291944277921,0.773667370368308,0.580988655431684,0.568469352774402,0.503113264822961,0.40985455710636104,0.6456890993777429,0.322090350091235,0.5217931003732771,0.42601820495530895,0.8846283867986229,0.785680129176106,0.43949991638253993,0.277463959006332,0.523549648660122,0.5538051645691171,0.5883660948515071,0.19069102783960998,0.47822153517990607,0.41443023332442,0.34277313747064597,0.6854672928638651,0.502071916225967,0.434180535504589,0.46001822811609605,0.682867658357787,0.5997078716922679,0.7534590375020759,0.708659179042945,0.372058974681735,0.365516197545683,0.21150333748398104,0.42598745324743204,0.719834503154751,0.63172301677557,0.607775938526052,0.37637512703382997,0.258918478749495,0.305771844769562,0.36971973161761207,0.59646083256639,0.41499081287847794,0.517458306905749,0.613354066281626,0.665257464054584,0.530769940568785,0,1,0.0,F,0.0170386277066238,128,221,199,354,0,0.0
0.5278121304866479,0.6228537808937281,0.714356447643466,0.46199336777336797,0.63292394859212,0.7583779968498179,0.640099516492438,0.6646443714783721,0.955414437360926,0.461565844638552,0.49493283130260207,0.254204423934732,0.5411341150550449,0.314497232826927,0.48653772290890396,0.7942661457392299,0.5834474097700519,0.26755417918948105,0.260839085790781,0.41113236803648606,0.530459380308843,0.42900205501462196,0.627439508022101,0.39006511350497297,0.43148995892532105,0.79157546074339,0.45739761775540294,0.460521322856962,0.218825333723208,0.38548032312027497,0.5356600579476339,0.759714274315486,0.33794731675510303,0.37260114069478995,0.384249092506886,0.6520696348532931,0.5385292574581351,0.5617073400606141,0.309029022523743,0.542355649741739,0.41292205333273607,0.45037654374012,0.7789645625961271,0.437683092791178,0.633652580671471,0.75404330176237,0.42322710382801504,0.294132271092438,0.29261499693163695,0.21422408081108898,0,1,0.0,F,0.0189341884257138,129,222,199,354,0,0.0
0.537377645463553,0.48364756816302396,0.454177574423785,0.640854720866669,0.4616522637269989,0.424536841772118,0.6180279000499139,0.539383973395385,0.6913522548893721,0.229473961030649,0.42666994620643495,0.640971388619737,0.4563419624798761,0.5659425202406179,0.6254126116634761,0.5777495848568249,0.41465648679848405,0.49794743943986997,0.7075206349425641,0.399401777634161,0.601892750056908,0.686616255630455,0.535105933825804,0.349274940432045,0.430771124198367,0.514721107821416,0.30297528284124703,0.247102427687395,0.5082793816115699,0.532099276265954,0.408687676768326,0.525362323966032,0.45404062660695704,0.47830458611761495,0.494480670345802,0.8530273688381329,0.593766149069718,0.80867820661815,0.281545339825847,0.444508665576709,0.40428358201170794,0.459638954346932,0.506982081595339,0.26824939827030203,0.44534630235974604,0.40112792990398294,0.7001057239479069,0.76973926190542,0.428920665025348,0.38681699660162605,0,0,0.0,F,0.0163284436675027,129,223,199,354,0,0.0
0.521851018132758,0.19157037610179503,0.251633496955842,0.42700294984670506,0.4450984017954411,0.699566774766728,0.388684940285239,0.349848740015352,0.403780763576665,0.5695648095831,0.447959826087001,0.629319037779528,0.5928665157581171,0.35641487473991795,0.566086494122281,0.44549197427873405,0.629882426583115,0.38822065069033707,0.5605738523380861,0.44567197644804296,0.30609279345221,0.347760114562195,0.37356502502537703,0.6108092042889921,0.36460054538252,0.546871276250304,0.35922184166086896,0.4047640825040171,0.40419458534517205,0.49444667813762394,0.296551026126766,0.488442501942401,0.337857052776132,0.6804847903028239,0.451710941314558,0.25647130596427,0.477565738074959,0.517632974708509,0.49500874159560904,0.547437737362378,0.48014129149171203,0.13020777107729198,0.33412751576971805,0.38374402539464203,0.6599860382951429,0.524110190797409,0.266180577062451,0.47453484694221204,0.49145238790873796,0.435140316898176,0,1,0.0,F,0.0182102502017757,130,224,199,354,0,0.0
0.783547751966519,0.460402525818194,0.579666538263936,0.664663833022689,0.695471843176445,0.718222640501558,0.557291637380979,0.637082725901687,0.41769211412600005,0.644764344634768,0.754631327253168,0.598923591761635,0.46411015037146897,0.374397610524688,0.747841608711312,0.636138502616448,0.47704783881252705,0.531261025283522,0.6062414009280389,0.303676869444514,0.5541852501713871,0.148374649478959,0.7562432527823341,0.330506926089426,0.589304046268095,0.580562948441629,0.5531841900774169,0.572268911290235,0.4127680027483279,0.6757854148323379,0.4643190011558,0.349549429684672,0.41326546817929,0.557182337799396,0.18061249582148198,0.30763153195181603,0.5583005846803599,0.648717679310019,0.435482065994406,0.6511790678848989,0.44237632569801294,0.289034625051766,0.558301196804663,0.38549650720276707,0.456660854008744,0.388913677802786,0.5717489073665569,0.615112346246547,0.6825837304179481,0.709501096750086,0,0,0.0,F,0.0156308851224105,130,225,199,354,0,0.0
0.4815293568714721,0.36251013684681294,0.47635627917176293,0.7182830548933001,0.605012066878981,0.675779957619411,0.6298363783777979,0.6627537503527329,0.6048802391500511,0.6706761357273751,0.426426403377541,0.50889514502087,0.6425687989898621,0.617475050372719,0.705069320472403,0.451886473694391,0.477592905253461,0.5801914592847021,0.24220778262072898,0.507237827832965,0.714442931599291,0.34309361496643,0.28482901573768893,0.481788143055243,0.264041557695519,0.6478120373467989,0.42750561688926203,0.5833278148065079,0.5205066048463379,0.830415970061053,0.531588388393335,0.44422537503687604,0.371544408035947,0.651471884365626,0.59519556370008,0.441069910770721,0.8284894665727851,0.883940098574685,0.517401438659241,0.44160560054115006,0.57034224426893,0.5462749230679411,0.582785004310859,0.29063404843645896,0.335409693503953,0.57030794384781,0.339994908050531,0.22873584868208602,0.115595711554345,0.399537358400618,1,1,0.0,F,0.0143974960876369,130,225,200,355,0,0.0
0.451763998205388,0.5308842748609279,0.120763019675411,0.432651892762281,0.6422847535679219,0.345638350810859,0.685046644987264,0.638966999406806,0.785783793910705,0.455751369275198,0.687990552158692,0.573313717131891,0.7128100600294169,0.31088218954643,0.482082284883368,0.6195110552770711,0.7271495609421559,0.263192030258113,0.6895881485543549,0.248774423451459,0.36785078253547604,0.518847502223369,0.358914110884262,0.355325701421568,0.38541221666191794,0.686027302176997,0.319099935525824,0.339121373672984,0.674776552404177,0.416197836983691,0.673900232156367,0.539117368222375,0.342186086995385,0.580431263194148,0.44425848221884495,0.480444485152466,0.6122122265940401,0.29081024858183,0.7239941916875949,0.9607944296760089,0.180043850485701,0.394234029221777,0.51784031451806,0.5825561481977161,0.9953262102105609,0.640396786143847,0.574733061962626,0.651552931472965,0.560916676970427,0.454845046125146,0,1,0.0,F,0.0162657360089742,131,226,200,355,0,0.0
0.453980985945692,0.829700354099571,0.4892291471283621,0.470792709709214,0.562681206666927,0.5956136955112111,0.28216292734376097,0.33355712139315996,0.6075550713721529,0.338660730529963,0.6628421924549711,0.351044019993482,0.47861153420974106,0.7873552851600949,0.515142737347326,0.193704557119909,0.40532915669360897,0.307045823081592,0.40486004877141496,0.46398587971208,0.39580047526990897,0.326542748904591,0.6956803257724421,0.44003285617530197,0.6336922588970729,0.6003627585565661,0.436064449498513,0.37694343004897707,0.533202831991199,0.41906489927711604,0.40885985558115295,0.771636915025884,0.273763839128697,0.341107112173495,0.5697701292093571,0.33960754892570005,0.5504497391293149,0.644043878890356,0.650039519272627,0.576942462935669,0.380395317818475,0.6575815999960389,0.288733409237991,0.491208907810706,0.325059908184793,0.500953787765666,0.457614779305974,0.503742674288446,0.29869945765766304,0.47927144503675795,1,1,0.0,F,0.0150392761260814,131,226,201,356,0,0.0
0.295754237901714,0.515796801862839,0.510358086040603,0.44590805316205,0.46127174821803,0.591064514485462,0.5792041859329,0.485165403130176,0.469530732489243,0.550657989368719,0.433830356511406,0.288628858180198,0.27796583068969,0.647385009450962,0.5895455567325021,0.44256130214270795,0.235562840492437,0.502080662502434,0.35292552765052604,0.324233795939721,0.386768861219614,0.308796414324476,0.342289942565159,0.269650761390683,0.32812163053037396,0.741662295033693,0.5113564815577311,0.590463863793283,0.548378311774999,0.6516118381994189,0.36110911647867894,0.306164476411844,0.6673996959549789,0.605035470895167,0.621750900361494,0.334262521427525,0.838067510295756,0.483025891517079,0.53319019561299,0.48100299516484707,0.366846164981807,0.431005818581145,0.610926648922871,0.399321291045175,0.589193265193086,0.353502237501299,0.456239298445272,0.783875408788838,0.438913423827395,0.800047448549613,0,1,0.0,F,0.0168910557837945,132,227,201,356,0,0.0
0.44374669414298995,0.577743592979922,0.492085285387281,0.5579943346531979,0.331286426137596,0.890536735522505,0.505368622798987,0.298340831394846,0.5737316855466821,0.464527136338927,0.392566734183319,0.840172394460765,0.331658771146192,0.662711868233198,0.529271844843485,0.6045221271698411,0.555674061874344,0.39414647302942296,0.37916218516430295,0.320853939155599,0.7257812622659141,0.347860142050118,0.528583493007878,0.47380054490043894,0.650710004999839,0.7816315388655509,0.44615230365490793,0.6743559002540099,0.5821861881839311,0.340428020796093,0.40764795944141097,0.5199761272436121,0.49321847866772495,0.306588426694829,0.20986032257708498,0.741275765648105,0.329950153005872,0.792630394066767,0.323693473666894,0.575516834558426,0.604871053142178,0.702670601088174,0.520103124056544,0.201290683634309,0.33910847601840505,0.5335150796855851,0.604972808830183,0.325522343367684,0.41175661706474104,0.572940561498319,0,1,0.0,F,0.0187265917602997,133,228,201,356,0,0.0
0.868639335163895,0.37444205816976295,0.623277384604322,0.300864974703907,0.6937033509364361,0.45780481812002294,0.523795468931899,0.35645350293313793,0.44092463794497,0.6455077084223729,0.5277687648782651,0.318273696775724,0.46132912789422703,0.536499320351522,0.86759296221027,0.370123702125714,0.37164550562404497,0.329549986698178,0.670985020626121,0.9225952166258431,0.472316588237723,0.270125185227719,0.346059349467878,0.4692564839779071,0.656695489422558,0.44066808693830495,0.509480518534169,0.635181284752359,0.16542555963664302,0.383236820101823,0.622361622598084,0.667453292977713,0.35533266825051596,0.209133759063024,0.137157904106646,0.497059424082336,0.604285418342481,0.45236693632689295,0.5981731231856551,0.41225305450928895,0.5502093216080071,0.51914258313207,0.562946395147814,0.29453372586048404,0.47301668176044104,0.678428531791529,0.797210060563535,0.15552193661486302,0.506169561802546,0.5810680572908129,0,1,0.0,F,0.0205460968549139,134,229,201,356,0,0.0
0.45176671580401295,0.8390011266232759,0.8557969106975319,0.549365098367956,0.62661241573536,0.676271599213804,0.42032506064037706,0.47999855146735293,0.606679161637228,0.282493507308251,0.45129345182776504,0.30113778182118295,0.501608233203931,0.21436001611593203,0.468047412220164,0.251657104783337,0.45503412195883103,0.169129720916405,0.616535738223043,0.48802432981299104,0.474548180911611,0.3734529419921961,0.545049932602354,0.29629430519082695,0.44307073338050795,0.168381844208313,0.6668111026481071,0.456698041776767,0.60921574032227,0.598378894153141,0.6393943111655921,0.284372916391393,0.41401555993784,0.326089789773235,0.33346902282564195,0.264952713196752,0.5425637673882029,0.5247421767031839,0.156903556953155,0.441535450787101,0.362401901273622,0.136295210377248,0.720462978925382,0.359363335352838,0.4257592282340039,0.19043723085000197,0.376114053445786,0.48383571456557506,0.49267663251229205,0.507199316264544,0,1,0.0,F,0.0223497801660968,135,230,201,356,0,0.0
0.514530023544795,0.4342258390055879,0.4301642420817271,0.516679185835161,0.63303327182904,0.675395887551589,0.445306480022882,0.5066939269768259,0.13618649232969698,0.541406736586229,0.407956588588396,0.5524237049491629,0.6032992634906961,0.27534145287872197,0.305737637376002,0.481498551670676,0.596415085809401,0.7283931914341121,0.309185696926438,0.276664805328682,0.467035400372123,0.536926168443583,0.567653950339074,0.5621812607574279,0.6986164721574791,0.5287831648402229,0.794044150490466,0.5562710189326839,0.584069045332891,0.45224755469511607,0.5882983579190629,0.553363867781535,0.6364783992923531,0.5071766489277921,0.524862275952673,0.61947328659013,0.299755744379038,0.572574849790598,0.574643976652532,0.3803426929963771,0.5860949707827111,0.640405701850751,0.379531981785369,0.12001131497708198,0.544820586756845,0.447156695716438,0.14145255738099,0.639272839171068,0.524872803112542,0.7550821979435172,1,1,0.0,F,0.0211301912069176,135,230,202,357,0,0.0
0.650994972794404,0.234239074598305,0.42722089956031,0.385753456972808,0.6914708119027789,0.687483006522101,0.54726300863034,0.5529720144568909,0.3438947518206111,0.664273682176301,0.6902562482197728,0.33716124548178905,0.7414542533202819,0.49688269726015394,0.72891150859835,0.636117288477145,0.5855001926319909,0.309796526420111,0.966029269258146,0.311246391741373,0.5793642822754449,0.15973646581781697,0.586604187062139,0.29207725364682896,0.636516228954775,0.530691104240234,0.49063225962760604,0.463823354960045,0.48034290209621994,0.692891085473312,0.198762963681379,0.5153550879169051,0.5577644040899731,0.63439225831209,0.349780011120416,0.388581934330149,0.40884351364992105,0.511164721997522,0.661322695872636,0.4078915635769,0.393401809128692,0.6508196423886761,0.42683396477683394,0.34604254313327604,0.549748454372495,0.363797423702709,0.6452026975938521,0.385841616751156,0.692772910890943,0.5594509086799799,0,1,0.0,F,0.0229182582123759,136,231,202,357,0,0.0
0.469635911364439,0.540707206235977,0.7905032102226078,0.6257481625508001,0.632277900519005,0.543096950176278,0.600661418478676,0.23591987768915898,0.6114872226865611,0.5964695138406539,0.598175200525954,0.526249781111808,0.622994692799962,0.456989318372781,0.578566230410616,0.472324401242367,0.31103883932679,0.36599620431572794,0.7933612093450629,0.42409761918950395,0.701472750769192,0.20592685481404502,0.436106951365086,0.38047460119376003,0.601203871483007,0.42431763392206495,0.3872050778902029,0.5922424017929039,0.39394421758943104,0.493258974551341,0.415567948221139,0.31514962038388,0.470441124008115,0.8782324328092159,0.47420904960759996,0.524665300404194,0.31293914294593295,0.48543229607398103,0.556232259764561,0.7294678446013341,0.47104539978711607,0.439947951882604,0.7167069283603791,0.397276402900262,0.25525893047917103,0.560641812523231,0.36536861717200303,0.698296005999174,0.19741660081905105,0.5177470980545711,0,0,0.0,F,0.0203805660195112,136,232,202,357,0,0.0
0.4428732364737079,0.8334209829323149,0.522405589227008,0.28273482954148804,0.6997029737717171,0.22464181393186897,0.61343097618788,0.568915831980496,0.469275469215615,0.4484452248060829,0.673166849734411,0.6600307975167149,0.6431957557612621,0.5509123677732239,0.5613635407771309,0.53057598872105,0.3891222449488161,0.3971159524745779,0.43442608052100895,0.633368190353511,0.5703899269218621,0.213929798526318,0.39179204013814,0.410323541441049,0.492690989906022,0.520095404495021,0.36267270208386204,0.396923642547841,0.43979760894456393,0.37161455072262195,0.562084709803401,0.47157698557973293,0.5144042188049629,0.423230182120823,0.814790813465923,0.46651079217061797,0.627362286935818,0.6235894285488061,0.5229513971293689,0.545994882147566,0.71284715638146,0.42314101706198104,0.5490668319697329,0.17021549100034802,0.333763299244758,0.787999035934764,0.542781997824486,0.47578729424756294,0.33390005221726,0.37170455220113,0,0,0.0,F,0.0178646565922507,136,233,202,357,0,0.0
0.392719795207323,0.6123767800872011,0.35592259620983,0.188223666229802,0.606941386433545,0.6991941776488461,0.640773945443176,0.585801548780259,0.336415511755195,0.59146118437724,0.39588160382621007,0.5027472599150971,0.4740921817694,0.135852966768214,0.539475424083139,0.260395545616596,0.48773624003808297,0.613702464550081,0.7063102056616941,0.8870624941421079,0.57401841212786,0.46965754322890707,0.37066815974004996,0.5825295156806299,0.8784195607088259,0.5729646193268679,0.43948448913904,0.608375516275787,0.29308695381990196,0.5176255228162621,0.5601758474364129,0.49141255153362795,0.498195737715394,0.527674668082096,0.529717441300233,0.7243349226897159,0.423285338044568,0.618462874086151,0.334395624566831,0.5105739096046189,0.6035717222901129,0.531240512013877,0.5697545884282099,0.664501129009581,0.460924731708919,0.5458011539131741,0.305793963414146,0.56688896391061,0.425459406520125,0.5070422740114969,0,1,0.0,F,0.0196437549378726,137,234,202,357,0,0.0
0.56808172350015,0.5272263785132549,0.34129113403668604,0.389650494991016,0.528140358556568,0.6258629076096229,0.46900204196909206,0.42146225842794,0.5325312852085989,0.7892297938010759,0.320443562417156,0.298297349818906,0.38532701016775506,0.48207776790366297,0.745753994632394,0.27802640853963695,0.45900389347995796,0.40989588903991103,0.646771412769466,0.540491473709133,0.308896452643167,0.34184558647754,0.349983464383046,0.5817833135182789,0.342753586483436,0.5063931030199171,0.8249141353871658,0.5976438798294921,0.47824108999039794,0.40520203283190204,0.633823392397874,0.42610137267746595,0.7105680648296959,0.507421157025291,0.690293234285945,0.33835541901799393,0.324656716927557,0.501640107606137,0.615702299416099,0.455995139155413,0.494692898803789,0.4642287649614029,0.554117051187474,0.456841663494132,0.48188426772676296,0.508521894126284,0.573529256105668,0.600244063648778,0.436846100453,0.6227160638979841,0,1,0.0,F,0.0214077120209786,138,235,202,357,0,0.0
0.6213534149997471,0.24010509811487102,0.663177245510325,0.484590076635774,0.794242963683355,0.5989058827977621,0.649250643635442,0.525853333126735,0.5850389046014101,0.427675098403395,0.803939984522521,0.46850230816063004,0.40873040389327103,0.409070334994779,0.46621365489580496,0.40040779842455,0.697411669682592,0.377037196383011,0.490729691134568,0.42183591714626095,0.35032881636375607,0.60800918756604,0.6101874757555171,0.296898545858708,0.5504479770345639,0.20285631290773398,0.5977440747681451,0.542671165607823,0.234891743708971,0.44182829080294295,0.348132225996348,0.493925189745317,0.404326501446678,0.61598096174977,0.793997243830206,0.5399807624765,0.6026730052359169,0.8571919096749591,0.43527184248772705,0.286944163683385,0.322968024408545,0.4185827157215471,0.6727783798848399,0.436187067843862,0.6902801587525551,0.8289037925389721,0.578728565520015,0.610568877065964,0.328189571584505,0.46857047513893396,0,1,0.0,F,0.0231567203152447,139,236,202,357,0,0.0
0.615662321950754,0.609802499480995,0.37492519266670793,0.642219512545515,0.8791410153194109,0.653393031378078,0.451184187219197,0.47945554472743196,0.6894295549974829,0.2861265093396,0.44952592213194,0.37077379688047796,0.4026222768010089,0.237876565661739,0.7268463013085699,0.216994957796871,0.554702766444328,0.3659616358529861,0.22960027379197304,0.583195336853379,0.693202562994888,0.641718224045679,0.534051900991504,0.506969378786899,0.562404179003254,0.46126700675394394,0.5248162569392401,0.580725513663424,0.408494934571134,0.506281229440426,0.5826015770037231,0.418993585690281,0.524366826045219,0.5050622360282561,0.22707787164434,0.49858285332056795,0.654212398151186,0.6253368547348039,0.24013309249127301,0.75016931178986,0.682980112625636,0.259531528337634,0.6610441225718039,0.497104424813819,0.625153422748891,0.5403378655432141,0.267160757729052,0.49211989301031,0.38830210821158795,0.28740652509272996,1,0,0.0,F,0.0247372407915917,139,236,202,358,0,0.0
0.386303604310652,0.509646497661302,0.255275262293206,0.631624013248765,0.5792748005797099,0.704530622129495,0.38322097673695105,0.7031615362481519,0.661509710897448,0.624101818275297,0.389583319149641,0.1871456896799,0.7572205459536808,0.48830350726985705,0.703128197529292,0.38535224029723497,0.23476519586971498,0.789198374903827,0.3823507112157071,0.5340729803566,0.18248476455060103,0.37690879229586,0.528591349156995,0.39379416856372496,0.44041025280352397,0.47073554385655897,0.469197605120079,0.6111755404970489,0.49382561652238205,0.46329753367496995,0.15706459363295802,0.317931139746399,0.3901575994608761,0.27727695362475396,0.6314817755019649,0.16996762387466102,0.319600878422997,0.483362238435076,0.5026409684558,0.7258454563810021,0.4140187389579821,0.4961266006804179,0.647771758315602,0.622035770457086,0.328376002607495,0.400189814048243,0.162993938577724,0.658631387183625,0.553714002927563,0.21939420915136199,0,1,0.0,F,0.0264714895221931,140,237,202,358,0,0.0
0.616346818214518,0.455672409493818,0.570520864455633,0.648427995091924,0.673811743454781,0.7728386024599929,0.605499002356754,0.45884763974857107,0.512691427763734,0.46481238670092895,0.603804240054308,0.812023613513254,0.49396376198976005,0.5643535251861421,0.611244530535817,0.37647403858095296,0.414639653014644,0.325336566870649,0.36961249166979104,0.48941436485984,0.5390380696168421,0.28194395815638595,0.64990410468145,0.428089002420566,0.32646856148227504,0.534167306475658,0.461842736828166,0.5925125884166379,0.504052749358105,0.757272740602631,0.46303094983191995,0.690390111572427,0.786132795911794,0.547097931414274,0.491035578056855,0.12627566127551598,0.321413525603664,0.41481732322192794,0.30366667183445,0.472201930450798,0.396508865647452,0.593574166408926,0.52478829213384,0.430167072741963,0.356629421510032,0.617399121631367,0.545598788870012,0.377837093758681,0.251046111769901,0.29473329611624,0,0,0.0,F,0.0239894840617811,140,238,202,358,0,0.0
0.5041007747470949,0.702756417543392,0.310596449804331,0.663937179426303,0.6829857311602301,0.6153499168963801,0.57809118014311,0.51820825299986,0.619674472446337,0.36010657406746605,0.226209106375852,0.690305977759928,0.42486363298749796,0.8358871731908791,0.5265973277819721,0.442903351874127,0.402511674982989,0.428264144243007,0.267416849975929,0.494418247743306,0.6941305147229878,0.426721560392562,0.7281756524672142,0.40169145709840504,0.46220645486354606,0.666269918432502,0.613003573594867,0.557154491515484,0.460146759670637,0.6899060492306021,0.47699410010197296,0.4217237805088929,0.6172011892556669,0.585013276484606,0.674255236998656,0.449198206527272,0.774314586833722,0.655309785843187,0.42325134702286205,0.7127530970502521,0.454825658600991,0.228117508709522,0.781760570162337,0.6438387376185699,0.45282900279037497,0.4483864056720229,0.5451083020621429,0.40706079488458796,0.653649647505159,0.305902115277659,0,0,0.0,F,0.0215282485215399,140,239,202,358,0,0.0
0.6144948079287951,0.39651929769262395,0.384230946585481,0.59188935229024,0.350968276941561,0.779051820624736,0.27384357485823,0.602849358971127,0.228184721370751,0.3777951231802879,0.223953737244375,0.531349787416012,0.583936287306891,0.7534715462593821,0.489607189759102,0.12831208826629198,0.509215994944927,0.49163806234359203,0.43921047312218003,0.508368554218784,0.31573150474574,0.326032273374575,0.6238341547329029,0.376264875629012,0.508707177138636,0.5973698566664399,0.46358359654112397,0.375539631470085,0.38216164598141,0.65114762010074,0.32296522022280394,0.413913577275606,0.446216234549895,0.412741549295476,0.7445709223753799,0.451184492224448,0.7772305339486609,0.761252723189069,0.46410721739323996,0.8138478118213449,0.21769673797721698,0.160455116211732,0.405914379167819,0.334704461721482,0.6602220847367409,0.579010120982325,0.7670217141962801,0.714413251401674,0.372315815417366,0.525842623148117,0,1,0.0,F,0.0232541899441341,141,240,202,358,0,0.0
0.248657309639966,0.48202035185867104,0.110029333189591,0.547000779442944,0.658375519115371,0.49762662296361,0.373264593058692,0.613076387903739,0.43985985413599893,0.399410708498945,0.30378209097101694,0.525504812260586,0.5940837965993039,0.37761499097895707,0.509385960508669,0.41338395715669496,0.367187370084794,0.29750098317555,0.449670580061734,0.337356460781622,0.387545377038451,0.539101154501867,0.312972134122749,0.709458517013623,0.481130326751894,0.7291976480528102,0.47773819490030994,0.515222769999049,0.642921174217172,0.325819830338078,0.402344454556679,0.423986777335155,0.213051033916272,0.23603361828829,0.812882946934592,0.6983792772916531,0.265686865417195,0.762897444944906,0.837206398889682,0.557331262519672,0.4747471057293521,0.6714369382278709,0.746877017345044,0.14364193560687197,0.495975130710041,0.193490214653658,0.548024789085094,0.543929817702971,0.49943584463542895,0.48429946422841297,0,1,0.0,F,0.0249658082013955,142,241,202,358,0,0.0
0.508299983736641,0.6763962520753969,0.40706878486224607,0.0855569987846518,0.7001140150633189,0.42314956552127203,0.613628818193103,0.569260573589539,0.35094635495804,0.48425639461081105,0.643927556320471,0.3648929278014021,0.512837885227302,0.532873602943428,0.327941750432599,0.196823009615518,0.6855157295150881,0.489880241420241,0.34584448969510195,0.35641278046415903,0.445715513191057,0.504653327699745,0.533749985965246,0.278021769746119,0.598233354693781,0.6726872190233829,0.511992287959335,0.555986534053807,0.497511645724985,0.5527900723536401,0.514936565296665,0.506693516755093,0.47752238106004,0.5178753740953621,0.501164685037189,0.39253111126654705,0.724782223543007,0.5007749784284989,0.0734137100532564,0.487808580510729,0.22176729852534802,0.267576125581029,0.5851408338543199,0.36770004398716705,0.31328390806899703,0.63137836259192,0.5095411064308429,0.672669115781689,0.587568365525006,0.16314200206666502,0,0,0.0,F,0.0225310494482663,142,242,202,358,0,0.0
