X0,X1,X2,X3,X4,X5,X6,X7,X8,X9,X10,X11,X12,X13,X14,X15,X16,X17,X18,X19,X20,X21,X22,X23,X24,X25,X26,X27,X28,X29,X30,X31,X32,X33,X34,X35,X36,X37,X38,X39,X40,X41,X42,X43,X44,X45,X46,X47,X48,X49,F,Y
0.7951372863419661,0.4923172291599955,1.3361527516300464,-0.4702528799633677,-0.5585025027546171,-0.24764104205778084,0.3904754052176669,0.9104406908488578,-0.6413957309289324,0.13829536065809642,-0.6231648702661847,-0.053696869549251465,0.3444961675500078,0.4893667831281334,-0.2908332537846467,-0.2867504651531765,0.6001863710810159,-2.0246842410892736,0.4365582934493406,-0.37070286913145056,0.7626920844201147,0.9446700937350596,1.31021819427953,-0.8503591999494879,0.20207864267716888,0.07019086347446332,-1.1484502572718889,-2.0003184097748337,1.1791282937141077,0.3607678861567693,0.8606981329497507,-1.9529621878188188,-1.3753933342634008,-0.8252079804160005,-1.7500281225649752,0.21441546127988134,-1.7961218654967563,0.0118816491886568,-0.3905957651448007,-0.9235543297197552,-0.2729100152173753,-0.3531364326366567,0.5762404545065061,0.4988493830361549,-0.19215144199645032,-0.7728985433746804,1.138675091905393,0.2359831856163867,0.25160134191488226,-0.6853063346778099,0.0,0
-0.03308496071684485,-1.2106523607882504,0.6422761573684475,-0.6088526493672348,-0.6956562672352795,-1.2653549568404163,-0.10395872654966594,0.6072947220436078,-0.8409916709188797,-0.5997255325754179,0.7665368168420379,0.2108915768231548,1.4111731582050315,1.693953858694509,-0.7452902980096437,0.7347468236072799,-0.35076315463693064,-2.4794219142047407,0.10083217958826317,-0.26702660230185044,-0.4385452641659262,1.2089331153572047,0.2471175501976561,-0.9388986835084128,2.4696740415058778,-1.804848023251752,-0.009927094162963808,-0.4011769319749716,-1.8640753446695733,-0.4268615373383344,-1.4444840658803375,0.7140144972040712,-0.13080575561902547,-0.6307273506238654,1.6875985206485915,0.18301474100685136,1.4812046299535846,-0.07397714119862596,3.37950023988364,1.4377258336324144,0.32226647282876864,0.5019288754593331,1.0751295043783358,0.7326622443341142,0.9930021394536884,1.4442361044621863,-0.537580998636315,0.07707552501278245,-0.2632553703361053,-0.6986508698764294,1.0,1
0.5486576025442604,-1.0047032378366163,0.7559020780783572,-1.9208784025585492,-3.803853072287642,0.2475438561498752,-0.26585351716360234,-1.4258160938013034,-0.6615975478318297,-0.8369386193205571,0.7901508529480243,-0.31977943971118394,-1.2052778341262227,-1.4640938633393086,0.4785445320226816,1.2044910414404122,0.15737346707906089,-0.7817936120328907,1.29635253014791,0.4234794305154707,0.45882522024472,-0.5742500451163755,0.00382222400408219,0.5581489043012671,1.3337130364595415,-1.7444357245033104,0.4155512943337001,-0.614132402809188,-0.17221164887752533,-0.9364639679912896,-1.1837767288289494,0.8525866573831876,1.6436405970847188,0.7315457246194301,0.9699318210214534,-0.9358294771088312,0.4975333184625706,1.2132618581144141,0.05953371852791538,-0.7889196084261106,-0.9594032395917776,0.975765935312538,1.4931464210420158,-0.6291632214398348,0.7456940010284208,-1.6581260826367843,-0.2426200230844156,0.6840636939643043,-0.5805816011376671,0.19681945022524616,0.0,1
0.17471692029361366,1.1750115648480517,0.6323272123551922,0.14022184505624946,-0.08216981893111029,0.8051065007688288,1.1361432728948244,0.38092126305233215,0.43754881275051183,-0.7483886909152705,0.2721138233657773,1.1132670133905171,2.8167892543378352,0.7121243054872571,-0.21706701833930991,1.9919847264168251,-1.149060216077863,-0.7153776222060235,0.1222641106354452,0.6023580985158214,-0.8046736775606942,-0.39502178048672704,-0.6277760601254495,0.42862552304144,-0.0015443449597539142,1.7676415697168837,-1.3184229007333879,0.0676704808623479,-0.6036564049002887,-0.3994724978702564,0.9010679545672357,-0.3169159259095723,-1.474357685055154,0.06583779385109617,0.4908004865867542,-2.6854934773915,0.8199341084211268,-0.09579093869902974,0.6723659434086438,-0.4022460795890758,0.019497595322533503,-0.4546522700995986,0.8176592236205404,-0.8629476285483101,2.2876931453373337,0.3214222175503078,-1.0497470892946006,0.18513913141445,2.9017177590504337,1.0273976141048875,0.0,0
0.5256104716444001,0.1420084048456109,0.8458645911047179,0.6627977415719292,-0.9575413948601664,-1.517317466491633,2.55177927769986,1.377210949743512,1.75921041756076,2.7254335302067654,0.6841379898936061,-0.04098027936098729,-1.1868417715425874,-0.1532854197143197,-0.3964763307585546,1.0786452204018764,-0.4621090594534753,-1.242016075495214,0.5075751790518591,-0.2646622069088541,0.8325588704337192,-0.061943884666837534,0.169467836500567,0.778089961313,0.2900482929595624,-1.493093325855653,-2.009564311394532,-1.2993015345648533,-0.4724214909609914,0.09612740437900667,0.21004755361152824,1.4587167101602971,-0.1487926624348115,-0.3155135725422893,0.4882909805373561,-0.9155184890581002,-0.6690755959703995,0.9083139401481284,-0.5072312756223671,0.7717129866623607,1.157500874737012,0.8606003176432259,1.204770246404664,0.04606431178393031,0.2851387694150625,0.3514833269808284,-0.28576791382690353,0.4286217892627817,-0.5216534028791551,0.3389489785255881,0.0,0
0.1199808286401986,1.967944757431654,-0.6896515631298763,1.577851136858541,2.004682032761293,1.0585867848368309,0.23364800006727346,-2.217647406112514,-1.1680829708645175,-0.451831194091068,0.7013311658708276,0.5657397059223149,0.3624739948819939,-1.0654650297224777,0.7983272203357819,0.8243052586486975,0.19946751989971834,-1.2047502010159912,0.8056609186297607,-1.2232714472597976,-1.2883077380961256,0.2444577263992569,-0.9233180865796756,0.2161225526794412,-0.9761359345128788,-0.0736083708476996,-0.5906837961017244,-1.5209153591743578,0.1801020293799267,0.2534433761556739,0.21679369473165366,0.0911885725065074,0.5633168531038135,0.009488656979204266,0.4454360820099143,1.917232644802011,0.14883294362416205,0.3134849970844825,-0.9230887808403436,1.5586434301195948,0.4291966382412798,-0.2258346504863541,0.5937812327783245,-1.3501128461644192,-0.2744375230690831,-1.7671842091071612,-0.02591550881689244,0.5252454194627629,-1.6936591051287602,-0.4503742987188781,0.0,1
-0.0930362334467122,0.2702689102862661,0.5166148965760371,-0.5804286119160388,-2.0579096140112183,-0.8463690618796974,0.9474259263516672,-0.9361714248698924,-1.1288173435577946,-0.3608440996286597,-0.8544624133552952,-1.340430774357416,-0.8647097200003057,0.7711726240723277,-0.5488313885663596,-1.0374125774188163,-1.036517057866573,0.030499927569550674,-0.4053482590085679,-0.26952012946563153,-0.972607613094402,0.016190388365974976,0.899742517645451,0.7178823713412605,-0.3038791684129383,0.899526415927835,-0.0966489029174472,0.4547431292596178,0.13539676872924178,0.04787754389872461,-0.6595055717316725,-1.582993561123847,0.5315640212057491,0.5672895101841973,-1.6692192182853045,-1.392536624337943,-0.2488795078780475,-0.3271705013482809,-0.2701264470046564,0.1619877914399794,2.522451947196305,-1.595752289784491,-0.7060662014554576,-1.2227715022373715,-0.7620885036587803,0.3293918503951562,0.038911121468772916,-0.7333092593652608,0.8505832717533537,-0.5015606494630737,0.0,0
0.9639017191543662,-0.2373969779476107,-1.9446524701203252,1.2287960004374905,0.9245912274223386,0.9058639961378876,-0.047838896518002924,2.6694163194559266,1.4201282920458913,0.44985735697231616,-0.006384120205249303,-0.2379950331470745,-0.5452531719444614,0.5104355414777967,0.2297085491085801,-0.7439993392835105,1.0689025760345556,0.7008139429148311,0.3940905840034001,0.5938955993911277,1.6331376950179033,0.676242946241629,-1.9885018129059857,0.4746708972657956,-1.1236612127213483,1.767791972388301,-0.1457900511209978,-0.7879974875694352,1.15946664476982,1.0280434204364108,-0.6130692181413907,0.0884939654203346,-1.241193651205749,1.0735621032449858,0.027758452015482837,0.7779615261091503,-1.056562078322925,-0.5711639636158173,-2.4326026398447596,-0.3200252525834372,-1.3097915677365248,0.8007985164095268,-0.032790450218105074,-0.1407142242752893,-1.4235586262323818,0.8368641128525623,1.6095940164434992,1.3809974335360355,-0.6515097265860386,-1.1921520883581955,0.0,1
1.7035987289964902,1.1525694396421615,-0.2543451508277515,1.6799263636461652,-1.091583590599726,-1.616003745587989,1.1363877510842502,0.9053775994876588,-0.575410919019694,-0.4709533193393705,0.548158908493133,-0.3173486554176169,-0.2974457697010366,0.15409328174692313,0.2685829753256077,-0.43901469857166464,1.169598036674719,1.6513917684883386,0.6258386207063172,-0.9777296473917828,0.5097835271104267,0.11150048490816876,-2.6713578481790448,-1.187592545545216,-0.4660653698431674,-1.03307198083336,-0.2037457775758449,-0.041761782935230515,-1.1265837205505502,-0.3766898101107528,1.1804365679847009,0.7358871904426076,-0.3551815017093677,-0.15085904580957776,-1.015199500081097,1.016697557844801,1.2874990084551718,-0.9669200881097564,-0.13447994385353218,0.6402327233679784,1.350289778763839,-0.911971727776938,0.5241488488366599,1.6838526515391523,-0.5637240451977946,-0.5291661559797459,0.6897168000500364,-0.09321689726193824,0.3501084529628727,0.2447754980752697,0.0,1
-0.5870195903881484,0.7710478935128758,-0.5812902814657847,-0.6935797819564999,0.5532715745523065,2.029989800437549,0.5302841121642102,1.4531344392008048,-1.0809712153029902,-1.3649447091358804,-0.9899867201748483,1.066947576619422,0.9958104015395084,0.4720949824084818,0.2764538824134796,-0.2776261320412172,-0.4713824360081702,-0.6060144732201481,-0.29125740564422004,0.31937373376675193,1.1370684946803422,0.3581477318877013,-0.9483972792792084,-1.0977933309977317,0.15799572220757888,-1.4885559682968783,-0.6711369779441662,-0.013319301033123027,-1.0349803161177298,0.4987589556893927,1.2284755207355849,-0.37957585043159897,0.2498150401230887,0.5614023221894807,-1.1148714412521283,0.6085644297460635,0.8780931611405046,0.2565671802253212,-2.5788124544939923,-0.1905827256988236,0.8501194057567963,-0.5240693471945668,-3.009457761122244,-0.9622355269376822,0.14531045028839873,0.6061759991752939,-0.4328674675679268,-0.5270511053964182,1.155504175530124,-0.01983076957450719,0.0,0
0.9472355308658482,-0.5658173893116659,-1.2755474332830206,1.3636566735137556,-0.5029557943629378,-0.4703759495572746,0.1456328131755106,-0.9776023787339428,-1.5396874954413935,-1.069043408876596,2.4061146588045643,-0.4914101797606029,-0.4845161019499501,-0.5134680403778279,0.4915753802309076,1.664894736564431,-0.06557948395829742,0.7039507313440568,0.056560843334081186,0.07842057577098806,-0.5803742518168943,0.4114555833041212,-1.7727579357882843,1.0493387281993365,-0.8334996777281636,-0.03102771745159819,1.4667673568082162,-0.3212452459202149,0.13557213763402706,1.0824723815689503,0.19080319023135808,-0.8222488389184357,-0.3999560800243008,-0.2332806116486184,0.06862729706006877,0.21017528359019289,-1.3770672688718195,1.271871477435162,-0.15155598151367872,-0.18935037830237492,1.1086106908641902,1.311666683153945,0.21778005289284852,1.4846637086185848,-0.4628581309378036,0.5896759856166394,-1.4440751612828444,-0.190249307283044,1.506954488929442,-1.4594084859000804,1.0,1
-0.5105687659091317,-2.1152647987565003,-0.2710046424680318,0.9601973029448244,0.9974924740396732,0.053425368231961486,0.9801893819743552,-0.4523948708178532,-0.6822499336331453,0.3792062670155597,2.2890380409899307,-0.6720729614283768,-1.734323447679082,-0.1870843113678392,0.28814702267403325,0.20439935098073314,0.1358021034258416,-0.8840659763313999,-0.3820144883682273,0.7945918651158592,-0.5071956912080613,0.4788252347723566,2.009067022311345,-0.6224851861222837,-1.0150132092989463,1.0816781580241066,0.6187205707997062,-2.476599336350949,-0.2927091651642973,-1.2472809943194771,2.3018265509013363,0.20954032190789976,0.6476979321575922,-1.3575468437360982,-0.5155710581262566,-0.1804217099667252,0.4127110859233542,-1.0912579051989226,0.8759521234261561,1.030427215741854,0.4072951837755568,-0.5831560450169886,0.9675313113582154,0.4632236559144957,0.8658994126840742,-1.3817665089354292,-2.138787618688904,0.3205746346126924,-0.9972246793674862,0.7042552884101408,0.0,1
1.0339566376708988,-0.517539502450982,0.23493623960200355,-0.5770344712039861,0.7215994501315329,-0.27706128019990034,-1.3248967296301108,-0.463837062601552,0.27748737638525633,1.2714434663615792,-0.1091351548714996,1.2225938053547043,0.7700930687062153,0.6044976730856075,0.8700739586169554,0.99904978139376,-0.42440055747380456,-0.2450690697710727,0.5558511350135201,0.6067825203884442,-0.5397418451793665,-0.7383973520127122,-1.5024508305265187,0.4617943214070414,0.1287576750815687,0.031649313085935174,1.8706505792608488,0.231724030189041,0.8663617779951863,1.321536121237907,-0.6947309728688087,2.3729625058085952,-0.7978683639416607,1.027268179028221,-0.8021521238804288,0.9905748827464252,-0.3860010911375196,-0.06424325602751978,0.6564661808119242,-0.1889807239108739,-0.3171538305381157,-0.6126835472179286,-1.7091783897502546,-0.03645990274862725,0.487672679163772,-2.04363969597327,-0.3228865193538757,1.1311400273804162,-1.3977021531636606,-0.6987790648679433,0.0,1
0.6906056321820487,1.387929902316033,0.5062835488033525,0.6697976404771382,0.18756548215686564,-1.35680018555247,1.8859661912159968,0.04217056847628699,0.4917063762496114,-1.9265732647845708,0.11861488719364185,-0.057249142017455776,0.953138766863684,0.9247643295044252,-0.6210284406012151,0.6675818561127965,-0.14702519508860448,-1.3417023393734124,1.9872830276736362,-0.4734803440492293,1.1691854958156649,1.0042084647725238,1.3661333501144772,-0.3598035658767021,-0.06303198541012557,-1.19763534116263,1.272340794706074,0.6912868182128108,-0.8311432913682713,0.5825362436326956,-0.6720419399154409,0.7412386912599184,-0.3252570408966106,0.7293981793372788,-1.7373744465775218,-0.6728459178396553,-2.171323122838892,-0.8403903465904312,1.0619703309551514,2.16297676135678,0.7367467925468992,0.9960513042665078,-0.018647550267792846,0.3386007925759281,-0.7657429713333889,-0.052335710301727234,0.8234746030930091,-2.0929337372611103,-0.7526024408888754,-1.3713788993041605,0.0,1
-0.1823984238583486,-0.18922262897946998,-0.443118659404744,1.5876606467506973,1.1181446492966458,-0.4409912463819097,1.6401969416705382,1.5493607742274027,-1.1081958080155347,-0.16867419663651115,-0.8855321879714559,-0.09286892222776463,-0.8913567747936871,0.9504360958641384,0.7763262919545063,0.09966040857106688,-0.6024211008814452,0.9090402605079136,0.6438487718596989,0.8630211889059798,0.1496177705804239,-0.9941922561523444,-0.07549566027690288,-1.8820987355592524,0.3799640728558788,1.2000272102445175,1.237369089347781,-0.4617660005253702,0.7143276327753952,-0.5597109279481007,1.8080333935257245,-1.3700057570032522,-0.3191917209813533,0.4192775159614063,0.040711312438469566,-1.0698776882133711,0.6764352429143051,-2.17154581370082,1.184685513698042,0.7645016229027373,-0.4187500875088285,2.8585030410683,-1.9924148756412363,-0.12869137198341793,-0.6092594397259979,-0.6686979758574008,-0.7457549919635192,-0.7984291351094298,0.6138802813152752,0.7577843569650892,0.0,0
-0.4424743172523897,-0.8152719811134758,-1.4314755205352163,-0.5966897561514486,-1.2097824202656686,-1.7585902353625489,0.9390558465417008,-0.17986812174679248,0.25915477509442825,0.5412155187279342,0.210233624738034,-0.694974635890826,-2.12351969081032,-0.5714715077734379,2.242956820591159,0.445038785494004,-0.6094948814026954,0.33894178851916723,1.5663174041376464,-0.6779450551847312,0.027218886663372358,-2.289529317987993,0.4204756917406486,0.8430825461360759,-0.19047381805505867,3.5659369317819745,-1.071154372901072,0.002743133705517407,1.4404878819540974,-0.2974673998749362,1.4793264428691093,-0.7371074498325134,0.09419843342463992,-0.4802573824666002,-0.3654430744807925,-0.9415573322599112,0.6723950908508882,1.0427685047807458,1.0084715356870602,-0.4461498708331767,-0.08257063192065975,1.477279609919261,-1.5889320236105575,-0.8271712251036786,-0.7715157405183133,1.1968013929974697,1.1265969002012648,-1.940043357815705,0.5817901432956767,-0.9822011422065312,0.0,0
0.6278961720954702,0.2819755968253188,-0.9939895029704284,-0.5931461585528366,-0.11696451784056297,0.7174863769492925,-0.044839931352174886,-0.7701247052890329,-0.10305481001676277,2.189388029497171,-1.2764703197396985,-1.0584091107521405,-0.8565136530909194,-0.4208725431920251,1.4594596239974567,-1.1294173639704883,0.0069765357535030775,-0.3123575927410269,0.915609683237105,0.24266967073951096,-1.1012246233454346,-0.8508351558101652,-1.0352483265686283,1.0629590694623516,-0.965606048099454,-0.2308132930564838,2.7031625459266855,0.8443476271829143,0.12988189982593154,-0.8657084264931578,1.4676062002484789,-0.6406959800786883,1.2011282877050602,-0.060371272527754476,1.2032451178573045,-1.0983090702920553,-1.2861643285528086,-0.010404814167423056,0.8479631866936096,-0.6669261524102814,0.24741725100217016,0.06846851424766996,0.08972775485308677,-0.23315306161759344,-0.0908814463431674,0.13692728466278614,0.6665002247639585,0.5566481766572873,-0.2945208332557847,1.031516422325636,0.0,0
1.7769550417629818,-0.1597057451802181,0.9582880702235269,-0.2959885714724349,0.4485201359283619,-1.5004757548789631,0.3249272246852391,-1.6767547944053318,-0.5528865801001343,-1.0931905226579697,-0.9134562467777207,0.08085400247013297,1.690365854629094,-0.4933122517135424,0.6300317293448962,-0.0026643606492887913,0.8440647399395345,-0.44567812672619606,-0.02624686922811717,1.9977710626288787,-1.7551462505317226,0.4835188464742849,-1.1456652893217143,0.2641403502968884,0.7390180249310728,0.5934912861435995,1.5600427408605981,0.7763210664731379,0.1625951371457633,0.26344658980961444,0.7660317283275238,0.07144333760638462,-0.5729592382010548,0.6751899279445978,0.0982214745842157,-0.14952609025376848,0.7747209992905509,0.2688218766526589,-1.1399487884889992,-0.29824418039057016,1.2336378682637097,-0.5677450004332402,-0.4277298191831799,0.4933077869860776,1.4732088194634338,-1.3049961416359,1.0814472370955959,-0.8293787458454078,-0.9719193217730238,-0.5357800482915508,0.0,1
0.9104398227386288,-1.9606097042589024,0.5715491658213111,-1.386142896895934,-0.3214033703649143,0.6869802813625687,1.7965374543197743,0.1748602558746159,-0.024013385564013726,-0.7529739671155329,0.06474186551343189,1.3258684541569656,0.8551656688590393,-0.2456225364284425,1.7316429138705158,0.2353688875859209,0.1722790529106174,-0.822638730398527,0.5883931653791735,0.4270516992786294,1.8159085429819588,-0.2771457461128476,-0.16263238492003596,0.6007781601966502,1.6621451161610916,-0.011521611063663069,-0.7460887814462421,0.6717570887235649,3.5035396917418726,0.9547927193196885,0.3353711589325901,0.8733137231247553,0.2507659661658433,-1.6465543974054928,0.9076937809160954,1.4948389689231985,0.2471228334051281,-1.1192331110207785,0.2753632152500485,1.0630797824053664,2.2934204461258805,-0.5749708327891928,-0.03820744603577205,-1.768155381747215,1.0991694075048843,0.1288270053691337,-0.8684986624775641,-0.5058599441819631,0.2956008834400982,0.9514261373086268,0.0,0
-0.9706644481432494,-1.051260653038096,-0.7558470203482759,-0.29434228144380403,-0.4927757143526167,1.5151448252857136,-0.9544612716755286,2.008753593248644,0.23691487288836455,0.2315678485982765,1.4741017954463262,0.9157700146722698,0.09752892795011192,-1.7316432970743552,1.0150522299999691,0.8409795932828441,-0.07432953819789988,0.6711898399265497,1.3758633640425315,-0.1761772086202696,-0.0217909591320784,0.3520990218358738,0.23822052515730704,0.7577290617241452,2.2410151537721985,1.5336926010979708,-1.937130256580232,1.4459255865738354,1.0658648901159942,-0.4488717559430098,-2.125955104581449,0.015421257005009506,0.21690846512810869,1.6872340433632491,0.5127438030919546,-0.6455702432218188,-0.2376115204770094,0.4688977130804735,-0.34953143139899745,1.343339013194507,-0.5744077520908781,-2.1383506099325817,0.7005838025859109,-1.1876483638834732,0.7943454191817091,1.9240921354778329,-1.4610846322696251,0.06353761002298455,0.770682139153253,-0.2556754613371096,1.0,0
-0.022640338090818213,1.6806699553574722,-0.15828766393783186,-0.5926438252444917,0.05938869887762209,0.13244683759385226,-0.13817802549093702,-0.017594396316279456,-0.4001869775567413,0.3967820956386196,2.941226938147763,0.43136251666200537,0.22498985970680407,-1.9957206677745334,-0.11134725828095167,-0.009564604605336069,-0.3803486405122269,1.5933855944355062,-1.2029313475407195,-0.9877596777108982,0.598049606478865,-1.5912397538920695,-0.09637336488430756,1.5303992768287678,-1.0647971841251365,1.4083258849049014,-0.6052448900224869,-0.6055757258953752,-1.198380102367898,1.7055244985297051,0.8848639159615385,0.07765378612281314,0.1881937999098999,0.6308323656292669,-0.8825850846243234,-0.6264303139004471,-1.776861663013206,1.9959546439947708,0.054778615440498835,0.10351449219896017,1.9522972657389188,-0.5041229107679485,0.4893136440639235,-0.5879789325698793,-1.6401697301840514,-0.09647324031518026,-0.9048768139642128,-0.019419648495130483,-0.47320047774507895,0.22266463493198554,1.0,0
0.034785643821320766,0.4337405661576626,-1.0410763723127303,-0.7018504348218388,0.2381091140848986,-0.3869839299115342,0.5991363982314771,-0.9591339985567464,0.18949656431922626,1.6759888124905171,1.9552170268102835,-1.0345300996597344,-2.2219737041719188,1.3373890110478526,1.0703539580941135,-0.8062449083631401,-0.5600733756663522,0.6044156208539166,-0.2690166604759629,1.0102826406198948,-0.14199646324902734,0.4918761385058608,1.0036659083199009,-1.1666375727425502,-0.8055072597797586,0.7224130875503206,-0.1726001589317054,0.11650124596696353,0.9543283781581308,0.14915191030294306,0.5843742841719193,0.992026274193332,1.0275191938832562,0.27459332768011857,-0.7786775641333753,0.623696467364984,-1.0642845436566335,-0.7103706115260041,0.13648059549140348,-0.7715000998630517,0.21681858934270354,0.9814014754857796,-0.5260326627974712,-1.3707646615032587,-0.4577314837013609,-0.1397191008372924,0.6389866658508258,0.7782688093306624,0.6581857376550356,0.8725440118473383,0.0,1
0.5801866307501332,0.05561963946662709,0.0643265792920493,0.003754833154134822,-1.5677130889254618,0.7713725788557704,-0.5335366044411483,-0.4292051095431827,0.7904405456708449,-0.2636959678494482,-2.2928409579971536,0.546180045550623,0.4553111119201113,0.5185567090026119,0.6047912142812373,0.4228861516874185,-0.6759175543221562,0.6543197212776755,0.2603804867027085,-1.02795820195628,1.1555200035745463,-1.303750748108078,1.0358787705781136,0.022499576977927056,0.1419915077534025,2.767004170919648,-0.7581431970390682,1.2757631201857078,-0.29288059732469296,0.14856742639526735,0.2383009493723765,2.1469725231526766,0.02186888003852028,-0.07756920121708599,-0.7757154481833073,-0.5258205059253939,-1.7349850644867195,-0.1130243669520901,1.9997447590552475,1.0975837680109801,-0.3343257504926719,0.4158156036123717,1.511822851160064,-0.2501346195760252,0.32651065506886306,0.4125894440856857,0.6385782019580567,-0.6950161825848641,0.9022770632892808,-0.4988392834497403,0.0,1
0.928006037159644,1.0323802514311826,1.4128176497049505,-0.3432473231700656,-0.18333232469389707,0.4933826913624516,0.8865031819845087,-1.5071427037638705,1.358420718470515,0.2570582016020931,2.0863484752974086,-1.091319455027732,1.2223918381656402,-1.1187031516405377,0.2137827731246296,-1.4632207639909849,-1.6395909902648893,-0.6746003679985255,1.023943575764933,-0.5090329295439879,0.4591625839511546,1.6190067431920832,-2.3471190250196505,-0.015824637534888122,-0.1787713998590716,0.8713061794503192,1.6153098521026383,0.5032885346828645,0.5120615408721081,-0.9581153708730944,-0.15134903309182768,0.5092715077356721,-1.2513892809847351,1.6380702077794818,-1.3593598038461705,2.78368638447176,-1.7045757418399288,-0.1969147890753057,-0.08027718856807617,-0.20741779936512672,-0.7292172944741541,-0.1946512187959941,-0.8658664311620564,0.28097833578762593,0.8122992539826289,-0.2449509237413099,3.50362818978903,0.4493473285493401,0.6433664735308771,-0.4753489070455167,0.0,0
0.6883596474211522,-0.4350585042166358,0.6973541484806683,0.25904422777960306,0.778991455897009,2.4744490089702453,0.8799829896848081,0.1817292531063756,0.7215386877353415,-1.3470139853625127,1.0056247982411628,0.5708110420792013,-0.02035127054458593,1.551475313666581,1.3593698491696196,-0.5141017915514506,-0.2490565680182957,-0.4664494781459624,-0.3012177956020304,0.5388219441730417,-1.0149041528932699,0.9314286553561992,-1.5854660790657529,0.7843498603440153,-1.0590563226072405,-0.22046485424617487,-0.37226099674761903,0.7570276741035082,-1.0962944587505687,-0.07661790953068587,0.08678527672367893,-0.4664531423545565,-0.7263083670839731,-2.4436582856541778,0.7825199618931791,0.34780573525359304,-0.5518795738482876,-0.8322640449357802,0.16145317344970178,-1.5195522296900066,0.6467313617634814,-0.4094220957404756,1.5643498202123651,0.7447364041102388,1.0977459796496465,0.12919300707483247,0.11654476598293488,0.6617143297570383,1.0506046202225967,2.4996063001609232,0.0,0
-0.989830334246342,0.6689947396152781,-0.12877396247021494,-1.012898994607306,-0.3997971150455574,-1.512337535435657,0.4034313536899236,-0.2346332544682001,1.3982863392143854,-2.244949005044453,-0.5123722936015233,-1.5192017095584471,0.13696529133687765,0.600773883908695,-0.3692683536841801,0.876462905719325,-0.6434700337517031,0.42454202637912497,2.277986717753824,-1.925417351875244,0.6645036704066762,-0.4303289076196895,-0.946459821278317,-1.340761743015025,-0.7597111000397881,-0.7486115407580303,-0.4130630547767383,0.3965989616460495,0.2574608444285993,0.038646247703103986,-0.11642103382321528,0.4362849906247727,0.3783763669072041,-0.5352769909221692,1.4659645999987465,1.981081004121652,-0.29817765778451993,0.5212227793570038,-0.9038710847012548,0.4700675191507474,-1.4538774615934462,-0.2602231791954045,1.4838685157042684,-0.959590951585637,-1.8318848045362508,-0.36441333908362544,-1.5853562702541042,0.0919656406218564,-0.11530933255591044,2.9200234381430783,0.0,0
0.23530666370522205,0.0008444821195935397,0.2663667252859899,-0.35557816186059604,-1.5776021059399965,0.17539333733481607,-1.4221858788032222,0.7294110954200462,-0.8289902915130497,0.199813232651074,-1.4223961737301007,-0.25616755710745265,-1.3657093507911828,2.7999997031568333,-0.14617471761361955,-0.2724932599009996,0.7770688980702541,-1.0015404670086476,-2.393924931011917,1.7117157091097237,0.06330280496156453,0.24377428490217146,-0.7954759803036967,-2.018931821799121,-0.1217624545809685,-0.3965882739618755,1.109048146682667,0.9724798750148724,0.11665994300786996,0.20709318762901235,0.8266175096410256,-0.0956673884427606,0.567332941797577,-1.8071890453969548,0.7613725349351697,0.24423950002036945,-1.2995371358378696,0.4274100499904734,-0.3476614926866968,-0.7732485348857476,-0.4330693862602113,0.1558652498763841,0.7035066779032065,-0.08593863998549213,-0.4619085966507509,0.7432699650204537,-1.096911006034518,1.3575223084177976,-0.9356283772496052,0.474761832436894,0.0,0
-0.823788475249738,0.6808790428194362,0.4702294026944936,1.446581765780833,-0.4953953162430805,-0.9023647170062521,1.1603717265458486,-0.3765346941430967,-1.277478654314241,1.2332615612511668,0.5149195670146294,0.4870124329646649,0.3311654989068708,-0.15643379727500736,-0.2468074158129013,0.5983594051581493,0.33871900971073376,1.6443480873610539,-2.038500388240089,0.2815119444665866,0.6420553827480602,-1.4729167341761529,1.582303245395258,-0.5101500438327929,-0.09418405439623567,0.3777551919393229,-0.3297708033401743,1.4466535343709088,1.4567884463777816,0.7701041054561705,-0.10200128706580597,0.032524910651991285,0.4857615887589503,-0.9401941711472234,0.2026899902662236,-0.8593435638944666,0.12779730129981196,-0.8560228034274221,0.7049678707075202,-3.4843926975362125,0.5315869406240461,-1.634271449292238,-1.4929741030110562,-0.6851687398092076,-0.917773514875988,0.3208620054577862,0.04026835873016623,-0.8436152404471948,0.8135755108256242,1.30221211352141,0.0,0
-0.286728053381271,-1.4850856171576712,0.7496317398410216,0.2259985097205252,-0.6851835198647589,0.4262895327488762,-0.2533549440605345,0.5775184837701139,-1.218372219070507,1.6886445774911776,-0.4485591846325753,0.1222726240442945,-0.2017646196888089,-0.3214213634825119,0.41377010659917796,-0.17895236505216008,-0.16509676796009834,1.1158899932885094,0.4309687512286159,0.15977945152312506,-1.50135850742565,-0.1553291871909603,-0.9129929433798836,1.9274791161564198,2.351637675179897,1.0566701540097276,-0.6166158619509454,0.7260073382038962,1.5548485395057543,-0.5224060648103999,0.11261854115935485,-1.0330281555390808,-0.4640917287145822,-0.9841144042362149,-1.5383512183925796,-0.08402655345884437,1.0444838394170175,-0.09271782483485633,-0.5934478094171445,-0.2169148886152732,-0.14204188756074232,-0.3497863225370897,-0.21645110714789853,0.6606772057251024,1.5640424714486132,2.0435260328287863,1.1718982974696988,-1.1395125343751695,-0.41921965101997705,-1.0546244694831128,0.0,1
0.8654739387722147,0.23472027153887726,-0.15776898753678084,-0.8846211844091859,1.2314965565285467,-0.20668796134969944,1.6008218689387288,0.577679158804323,-0.7989187835539999,-0.6116893800472666,-1.1091017572792798,-0.9229068869786616,-0.3162903346351704,-0.2802800606686737,-0.31716249049762124,-0.7383165697738256,-1.1196424748980802,-1.1316785525933533,0.5239846037759539,2.5818109876469157,0.4216761890836441,-0.11711349750836443,1.2351263342110554,1.216371907909474,1.5695938051191731,0.3991201422517518,-0.8942045911905564,0.5057262237267425,0.11822881191757753,0.19404414295984204,0.42416325136925054,-0.3154552754900711,0.6107217301343149,-0.7972101966797439,-0.6525544561984039,0.4555150630622277,-0.2369246390535815,1.8586368117576884,0.5369894971788937,0.8443533943690319,-0.504188276198905,-1.0318897577965516,-0.4194598469857173,-0.6641542945351777,-0.22259400847118066,1.1896195211343727,0.035066718584944416,-0.09227325952643448,-1.1848230991491746,-1.2654672095970358,0.0,1
-0.6894892465950014,0.07677775544988412,-0.8699645754348753,0.2564312251525732,-0.499857361480492,0.6140756024792157,-1.0722005571022912,-1.26175525619351,0.3500830543223233,-0.2808458287464989,0.04284119270910065,-1.032272865372064,0.5567888403967817,-0.6904476751321691,0.06393137323664032,1.3288607349008368,-1.5846633528328602,0.8372937322238879,-0.10528407355997313,0.043364846812321285,0.17176521666905015,1.222365648802906,-0.6360323004818207,-0.6241585586862045,-0.7785905642319089,1.961457319465811,-0.8120287261242789,1.6513854619581982,-0.8117550580099099,-0.9884081026932396,-0.5413885074012109,-1.6353980512479172,0.6902781184411937,-0.5189770620411258,-1.5645663630881887,-0.518201167843397,2.423050311280372,-0.4723447072572508,0.8275705704735321,-1.5914762970474303,1.0855674863552984,0.8745224131791313,-1.4533335610036315,0.27809044433789537,0.2889535419058603,-0.4542392590494497,0.8651715623528233,-1.9868227171081156,1.4958327428337874,0.6994681298353469,0.0,1
0.5966957704027672,0.5181456870373407,1.5078305851918068,1.2510936380558688,0.3972047928886376,0.1987962484465564,0.5634128270329052,1.492634193949722,-0.7908085281606482,-0.7137101955724507,0.17946106039094606,-0.1962288652375392,-2.3447714244513302,0.6855982314532052,-0.6633766783198738,2.2809796414521,-0.8872748053070091,-0.18882433007403948,-1.452641323295493,0.7280543386764026,1.019660703062582,0.3786365913235425,0.8057185357936538,0.0033433548234537104,1.2009857175761045,0.04919325311601452,-1.5490929809809648,1.8595589985542151,0.5271363425459753,-1.9889422028928112,-0.10033892335467358,-1.1053926389879178,2.339436072774513,2.115780158396054,0.6717921426401957,0.0008460755068529842,1.202833101638989,-1.46972021376376,-0.4813578025710703,0.28261309782120325,-0.7379391578826149,-1.819435915360604,0.9216140928341776,0.8800872062241447,-0.02366251077270548,0.5858660320255515,0.5843187842890948,-0.06515355601722564,0.8007527309956709,-2.1260301695498742,0.0,0
-0.4649974066373842,1.832952482063256,0.051801411067310205,-0.8252206134802402,-0.53600281136341,0.4858947056405256,-0.4403066372202321,-1.709189098607009,-0.40529157733376503,-2.0748683711605427,0.2394143950834384,0.04444702322195395,0.5316095223060956,-1.1099674290560386,1.0508851710822362,-0.9266291293940544,-0.9497935240990804,-0.166800576149979,-0.0010141750384997119,-0.9539346698903098,0.0016852182889896007,-0.7665278976106991,0.3317581886709204,1.6842833816590297,-0.10685181985528258,-0.7546378199840615,-0.31027146707612185,-1.1077455214913794,0.5972519036238352,0.18250375454970025,-0.8620140550031046,-1.153802428981678,0.458356304866164,-0.6299906276680542,0.04620938699073408,1.5518819601579723,0.8100703255076777,-0.3253561698289685,-0.20427071782803974,0.7773733941745311,-0.18411730659190306,-0.5133777953541533,1.4059113849206997,-2.1822096070659542,0.7455341118288747,0.5973610136804315,0.2719625471224515,-0.25196992196412943,-0.9850700375194475,1.2063834765806167,0.0,1
-0.7758734477463086,-2.1761062236651325,1.7313131791048202,0.4726208703441497,0.7053067715920909,-0.8649130723629193,1.1158603210764688,-2.0252334170377515,-0.3589128925390334,0.21480730794336536,1.0124578834999556,0.2537075637375157,1.3179558850122317,-2.0356251364200637,-0.4433347699244872,-1.1129381883347176,1.8048966178503,-0.6345188809240723,-0.2503091113656057,0.5415967182352336,0.30201424155530576,0.4063103794718442,0.5926369095939136,0.8228231266931122,-1.1514057932354704,0.2831836777140427,0.9626590129443529,1.2206106576558706,-1.7934535607667692,0.5733258681994173,2.098198562098704,1.0608289074613189,-0.285090483398659,0.2535711593043391,0.3980688633239584,-0.2522707728172593,0.4566474912670014,0.8771982344062882,0.8789696438993985,-0.4288609189595901,-1.2932949922012218,-1.984924547479481,0.9885807069803472,-1.0535543610708809,-0.4980766211161852,0.02993870956051552,-0.9410653113262532,-0.7212461291483158,-0.9002796019674502,0.7973633628912303,0.0,0
-1.5010631056447528,-0.3875029198509,-0.6683625534236581,-0.9313719701831054,0.4384487058650333,0.096177378465022,1.7599320638829812,-0.4597483363348854,-0.4170616543446429,-0.5476189605636385,1.3212113886071952,-1.4557638912684183,0.2873324962461992,1.4488262552423892,-0.14424084280299335,0.512248269560744,0.4770606357631766,-1.236310472496001,0.5986418371642767,0.3150095145204517,-2.1491002675118605,0.14248990047279625,1.3226105169667062,-1.1873314308307346,-1.755661553882656,0.003149395882047474,1.9009929986648744,-1.5862042357734178,-1.2752829749902324,-0.24078302928999146,-0.5246159664451285,1.0181387962683517,2.2431314331605687,0.1120405181936012,-0.06448859554197889,1.4355660872253118,0.5105341842404393,-1.1049276286559244,-1.4340203199048709,0.4672336320277837,-0.9262606276664641,-0.476982423373053,0.04381272958123445,0.21818383067631344,0.8525900226693341,0.7615442255339728,-1.143736136402658,-0.43501850033211786,-1.7868007896353113,-1.5278359499841845,0.0,1
0.2297223594602262,-0.07163705942057694,-1.0453814885991692,-0.4417343104509888,-1.4089109161067233,0.42461853156488544,0.9038724587687144,0.6046779458175581,-0.9297483738491742,-0.5811235105383741,0.03763017475332989,0.6805161897474148,-0.3346517784462736,0.008149792967408667,0.8158927389503551,1.011462978722145,1.2728244794689498,0.6277177544807971,1.4566694646699894,0.13110995632314054,0.34456873323478243,0.05334898195224115,0.25657406892031065,1.0216891502905383,-1.5667787921703278,0.07204027866803075,0.9477819121389864,-0.7887786753271826,0.7875970681296153,-2.3648924147140824,-1.6633926637743481,-1.5000726306047552,-0.9685712293231744,-0.8084585722158526,0.649510847096657,-0.9065968793268891,0.6062517011408411,1.3158385355326785,-1.7001446110216831,-0.5008319451627935,0.08892810567385498,0.10274329312352228,-1.200973767115332,0.04780943286932409,-0.3757141518656448,-0.009627547459704731,1.5134708739473235,-0.7845241354343214,-0.37907341406978096,-0.04899913777923097,0.0,1
1.1799253440623567,-0.4629400963647193,0.18003340101148607,-0.110902959276651,0.6903619811722203,-0.8229581250784337,0.20443308230787116,1.272819858495938,1.0051510658399418,0.2744364675840241,-0.018721561673781008,-0.8183817375190547,-0.09947226654919232,1.7797345006690657,-0.5789002613078086,1.5704197701162634,-0.3090706058388668,0.5825024441125581,1.0355098041166813,1.1766336906435082,0.9940134452643836,0.4753746582719569,0.825505556909544,1.3242878095478832,0.2894047625569461,-0.30450198598556666,0.9437369821179336,0.18968533387568745,2.0781222413371023,-2.4107793033191567,-0.5501960738659339,-0.4439211876381737,-1.0169563714306062,-0.05599465622179098,-0.05410918678768404,-0.25141321286112145,0.5118018290730288,-3.0798420411766463,-0.07161605921880196,1.492942957536977,0.5935770635899218,-0.4384281182655935,-1.562073139575676,-2.2549869237811158,-1.5113262478464438,0.1599342967323116,0.015211102331892571,-0.6263757604622133,-0.9804463288312734,-0.307694019655972,0.0,0
-0.11838286554887816,-0.6719352226394543,1.1412791973838379,0.729820952043817,1.3220799525535425,-0.434174873013468,1.1993793717576895,0.16758766411100562,-0.6995447629690277,-1.3284700821411493,1.300732833912919,0.07405211121831262,1.6776335121693875,0.4802335162295671,-1.003203032376693,-0.2633633919757572,0.013831477585993431,-0.7041564937954642,-1.124266981774607,-2.3066306320212755,0.3013545430353177,0.9278845679032249,1.0950879407611445,-1.2846131713080555,-1.2647302346869431,-0.4062708234537616,-2.5405057872594203,-0.17935950246086702,1.217350034988126,1.4638408796233422,-0.3845263959981573,0.0904906881731989,0.17913114315692671,-0.5130047955058045,0.5651089928682214,2.252840477999705,-0.9042106816775284,-0.5541746888228779,1.1975229001340513,2.058124093325251,0.03426465845427989,-1.1160049970689632,-1.7177415931556144,-0.8770373681186485,0.4839984366783637,-0.6459058170259032,-0.7846863791894165,-1.1243057904142566,-1.1655660968113128,1.1528973364114234,1.0,1
0.1235060899922515,-0.8614133144129323,-0.9400695071919304,0.5562301984875457,1.5816691391500148,-0.5105753214065585,-1.6982586904745731,0.011910126456129723,-0.05592772410560872,-0.9192905085180706,0.6509565181821035,0.07721261553295695,1.1187308983758153,0.701641948798558,-0.3320969039359846,0.16262149012148186,1.2864714847324734,0.6343609145422744,-0.6459649067368046,-0.18676046482529324,1.2115744417430745,-0.28617389214833044,0.4924188487429104,0.517275844767599,-0.01983979187298609,-0.3004312661179808,-0.4954458135332198,1.1065339197657518,0.03929107370779058,0.5254657625527648,-0.5086714700456729,1.7073339287865112,0.6575473341591777,-0.8325527912595343,0.6554570263287054,0.2122740182997959,-1.2370479917143244,0.4111042925858167,-0.7836727542632003,0.2335010647599915,-0.10198343225789497,-2.363143387374776,-1.3199659578473362,-0.6520597937816465,-0.2320341955315252,0.5473398702756579,0.3759390161742419,1.0553221444685474,-1.7548175994451576,-1.4704054588461188,0.0,1
0.6640128515455164,-0.18657387696043845,-0.18219666444700408,0.4847855279195695,3.177034668470351,-1.5971316725723037,-1.3040172986480159,-0.1579695087168436,1.0928875489437275,0.7289515380150431,0.1026314027291126,-0.7929796243583341,0.29201265505783464,1.1795512296024069,-0.10443421778039516,-0.6769079703949322,0.35039375712972753,0.3131079801407297,-1.4824142570119732,2.1743252050185307,-0.6965240597474407,-0.3979043188532676,1.1686825479246603,0.7342429322549967,1.4665678871437982,0.2219306642103588,1.342120504610619,0.9214551489364454,-0.5408159557231759,1.3516916258266207,-0.10322424239857082,-0.6898264408645483,-0.3235280375566935,-1.611879091359415,0.27212428492676666,1.0255270667618546,-0.23527153646954255,1.4920500728593065,0.4557711977521613,-1.5244016860766323,0.9155646576448052,0.1816929824566069,-0.2333912527579745,1.736371642085022,-0.4804282252478777,0.11588057571803825,1.197826912382193,-1.5236085903050456,-0.19274497370628446,1.4323825977099385,0.0,0
0.0919382651113872,0.6249372466310105,-0.6364796950468246,0.3939181575514356,-1.019398876609374,-2.0626334843528107,0.33289614646547033,1.6625650451938632,-0.7724582948775646,0.3796736268009901,-0.9178879298148844,0.5332282628648242,0.4686107979461907,-0.1703048667376406,-0.6791978324671878,1.1364950503073774,-0.956457330169626,2.3309674256997104,1.272915273006198,-0.028991469389477012,-0.16198376123620986,-0.6015764435897472,0.8707791934923136,-0.8220274726625583,0.1669067679570478,-0.7378021695265443,0.6562979823241327,-1.0494375369428022,1.4920464015693344,-0.01744306807311528,-0.8103940822332485,0.8617172793016751,-0.5222142007612511,0.7105288353848439,0.958504921621876,0.07767702347538752,0.080580826131241,-0.9445036844000592,0.910350892373712,-1.5079045761615884,1.982402214428744,-0.32330232767346634,0.007425755392866766,0.7552452801681333,0.015770015258866416,0.4743575537694317,0.5215388461609651,0.4798110422716359,0.951364184716362,-0.7403893248890152,0.0,1
0.33438410183880896,-0.1859276919417763,2.4798942519934477,1.6558270134826267,0.514663107638727,0.4285683783113565,0.0389164186752406,-2.239954189905628,1.2947709823854399,-0.33373463602853504,-0.567405736036702,-0.3858173973395955,1.566890147300215,0.8786032204165645,0.10615061228801466,0.5735999605214321,-1.0152578432909647,0.14999727865824602,0.6461355898379582,-1.1038409433449607,0.07066883575613248,0.8541381116251321,0.7478685382079945,0.769568604422092,-0.7469855358898512,1.419714038635474,-1.1327036509819972,0.7059119287336214,2.045210574587725,-0.0805217836618404,-0.18579067268116595,0.3298624587110325,-0.7738433458711006,0.0064850217794385455,0.06056767958847947,1.1541741555543017,0.5985853367376438,-0.013512600738409049,0.5235363796442168,-1.098888603598252,-1.6618861561415514,-0.7523300062969042,-0.8562530870187575,0.008518470365269577,-1.8701163595205448,0.18252444529962025,2.0344210666225853,1.1561189121994342,-1.684922771526029,1.3659152876168057,0.0,1
0.6200176644781447,-1.1485243408606454,0.03977088162241298,-0.2638241969027172,0.5530732239917651,-0.2884728144357465,-0.15008031633664154,1.2470936789019142,-0.5402585404206026,-1.4998719336551114,-1.6309334804117903,0.7782882731571213,2.520986871959111,0.916757246414211,-0.6969078656185863,-0.4738928834441188,-0.7031560630775436,0.4105539539891636,-0.311158457455098,0.5964373275201503,0.12016808040798972,0.17880759344592115,0.9937485574079497,-1.0286655128563744,-0.5590217886296387,0.6929868671436695,0.3661171917604061,1.3252885842250093,-0.5724200959271322,-1.1587938923466847,0.3156227792683093,-0.6866238745729047,-0.030467909218035636,1.07786712224827,-0.6113328930142085,-0.6733830590288092,-0.5772332604652511,0.4043097675096672,-0.7314234316885664,-0.7754030754372198,-1.266368120213482,1.6728199131037451,-2.1911529095555893,-1.6857001711122828,-1.1843820858596743,-0.3642154469213471,-0.23735471508819705,0.4293969537248967,-1.2371980548674075,0.9900441083844834,0.0,1
1.5973748104823795,0.9866665159310708,-1.1291414318933486,0.21992841548789324,-0.0856694831750868,-0.056384158561292176,-0.3325392636383245,-0.4703547923303299,-0.5161708487522927,0.433811934325234,-0.22081840315885887,0.9591959061312288,-0.1878147538729376,0.5052083125904452,1.1859987274167922,1.4287361981004212,0.14555860764202,-0.0197220068886574,-1.1781445517114637,0.4986921224296305,-0.029297254942151962,-0.3369366339640976,-0.3962373984946581,-0.26119056418345193,0.20618310564192305,0.12302227444157185,0.3954902458941984,-0.2812157702640113,-0.5325392398490081,-0.08462444881367638,1.3872926360404318,0.7066561281982883,-1.0649027731278855,0.4771321128402096,-0.6481603954647609,0.07598245236338634,0.3078748161785359,-0.8295168221162643,-1.498628585425635,0.3307178054451839,-0.08059126355895425,-0.3564935776762325,-0.6390180410450235,-1.11665777943676,-0.6086147392862806,0.08560603316699192,1.0068462612027314,-0.15473208378000358,-0.7447411856098737,-1.6878503066369837,0.0,0
-0.2685076999928176,0.8414380699822691,1.0117970566252696,-0.1330784308660808,-0.602420945523787,-0.31220453007386434,-0.19791502564339708,-1.4172745288617752,0.17006747296815536,0.253689473769632,0.9602213482058424,0.2597644514480014,0.08048020782277311,-2.4649868062567912,2.3231838044429862,0.18175623182058773,-2.0981182080490197,-0.1751062008922875,1.1206088710400717,-1.0792720008970422,-0.36763570574549537,-0.4374112134259743,-0.299752564079459,0.2818179024492589,-0.5779546067486405,-1.6757936459141882,0.4537242173972849,-0.27035122796636274,-0.2134946394703843,-1.4188983344005373,0.20964424273632407,1.474620464926692,1.1415190287236858,1.302743964711327,0.05260260261501072,-0.39300454588227657,0.9035497670210482,-0.29689779115159537,-0.8221650755738185,0.2644559679360142,-1.3890320186843326,-1.5993389685915391,-0.6544893748057696,0.8942500663684659,-2.4414083922430563,-0.6653939779174415,0.3111619564383117,0.3779324773228427,0.9066568322945018,0.6042372103871527,0.0,0
0.4902571850431923,-0.12184999663112132,-0.9049962514375008,0.3948279011817698,-0.9271024840575676,0.1615158161941026,-1.6496286535416047,-2.099666340449285,0.5907210074626966,0.045210940594255934,-0.9986002937500632,0.5288482752129781,0.920253315651072,-1.529290163678035,0.200057233627078,0.13142676221667526,0.4174498823863571,-0.0596309711126876,0.9985456698478964,0.3173254927147829,0.4044145938680641,1.4843413119588758,1.614461797108348,0.5514112451936783,-0.974026790345958,1.1176063574561292,-0.4194409963271473,1.346334884650799,-0.052947811053311526,-0.5599065806629336,-1.0684932076937026,1.5816212862120145,-0.07352737083036945,-0.0488182457830756,0.7125441076497541,0.5789890603135931,0.3155899589054087,0.7874604740972933,-1.0266030669475732,-0.0637326625280519,1.6867785259088175,0.031673112051395835,-0.3419977022720916,1.0078467071269377,-0.3797784079951205,-1.2551765205440315,-0.3655125047018837,1.3788855735041428,1.00253791567448,-0.4861811988520602,0.0,0
0.8854172300521703,0.7728558522599724,0.6246807245837426,0.13784072042941686,-0.9899675814338128,2.2191469377946915,-1.1882307880514882,1.5798780527583762,-0.8546114429590226,-0.5557944957537838,0.5377071798665413,1.1953587020674388,-0.08084501952564213,0.245507104565531,-0.4949683791628498,2.2454799374463805,0.8265019577989748,-0.7357683455214121,-0.6692254464780549,-0.17395235802960968,1.0837116808732117,-0.3276369414611198,-0.1735856519056702,-0.5682646701872021,0.6285478851167733,0.6644394873809978,0.3738512953661812,-0.22430119676493326,-0.17971437267951582,-0.7214613899632019,0.7271779551183474,1.529884243019726,0.3417977893070399,0.10959867458582832,-0.9909342802414014,0.2582677897194222,0.6766256585980165,0.5885077565309853,0.9013302648015384,-0.7349481156788357,-2.0890715401700617,-0.4466680746377042,-0.7297332909248231,-1.1191366814892578,0.16326560426570386,1.6404543068187691,1.6419887490893434,-0.5618139375322367,0.8229545409841308,-0.9950297818396848,0.0,1
-1.7755053427412355,0.3169142181533268,-0.4850243587705567,-1.4720594799070412,-0.1350346456868476,0.3279212013987603,0.7749495516628683,-0.8699023465089273,0.5510652003633852,0.4300144402340236,-0.4589206650972088,-0.9179391961937576,0.9263012324384259,0.6892834390012228,-1.6744314757010543,-0.3511794548447332,-0.07392738847115543,-0.03515619142542642,-1.7542126009761123,-0.7164481715891299,-1.0012988607908464,0.5461454867504842,-0.7631789335305159,0.9014664196664782,-1.8335594575651617,-0.775887497390838,0.17667866451036265,-0.5197033703803531,-0.9885311291434712,0.2072740906126147,0.4196051643240826,-0.6952076551006857,-0.6949170089974829,1.6412439096005749,-0.3818127458854004,1.0591726320133783,0.3218166694051772,-2.097355796560222,0.98303214680115,-0.1342068212763557,-0.058727228748314236,0.826847864481432,1.2816240476986391,1.6502327297289825,1.1343950690936135,-1.2122161186840377,-0.7345926439754872,-0.36208307954111896,0.8425293313778119,-0.7554308001811529,0.0,0
0.8265873684245304,1.427000656556651,0.7220257923248236,-0.4256947652546737,-0.05527317657563776,0.2884268003987574,0.040945011584359085,-0.07920484238334391,1.0843029741223411,-0.17234465701840684,0.4570489323110756,-0.3478040924127283,0.3685944912143172,-0.9261597310215296,1.082248249970874,-0.3742009406461122,0.9558067687666948,0.6079707595071999,0.3568801071632463,1.5438966122502282,0.3453215238788715,-0.8623306381522043,-0.8215877938890336,1.9457846550611104,-0.8337143231962044,0.18428228327874024,1.0612189653496185,1.8699263314260728,1.4831989421838705,0.4255370015888496,-1.4765287834954852,0.9010176090628408,-1.4293222483022865,0.22862153493486376,0.6748216938221201,-0.12806266010699555,1.5131674514550244,-1.4893304468677657,1.629521084688946,0.9658962863682136,2.4947698858603693,0.508685048326965,-0.6999153833408672,1.082149359089516,-0.3469157814055105,1.4123155529920857,0.11363516492094985,-0.3992169358549414,-0.4251035236965492,0.3145280576509148,0.0,0
-0.409209609021077,0.8155314931200799,0.6995125477529649,-0.4412604034770174,0.34383740270960045,1.8232028813304533,1.2903150436423432,-0.40715381661885497,0.16673816552032786,0.13889955897245046,-0.4740921888517013,1.3336923682339619,0.9921929427489836,1.2813412642767263,1.5448388927599943,0.645643015952041,0.8775467499406121,0.5122190763685627,1.136926934953312,1.234458310960737,0.8165855620575027,-1.2817678397407302,-0.4757043981096358,-0.9512240096858968,-0.5670729738868333,0.5377979478966364,-0.18315442135357016,0.1950118204220759,0.511289286831037,0.4586375007355744,-0.3597196938875119,1.7087125073744511,0.6213879813705511,-0.33700718912940003,1.2226771948307122,1.228921349419855,-0.4511699432465384,0.7539314341374777,-1.1200498363555569,-0.4902029007041521,0.32963877947779874,0.108430357518892,1.4215310814406392,0.30515026169386994,1.0971180783463064,-0.16954867831409828,-1.0822949459426692,-0.3908508584164384,-0.8765795226922897,-0.056118425508043385,0.0,0
1.9208520417493056,0.03738217597262869,-0.8630308301809037,0.8661498269756597,-1.2990265893202309,-0.7655741195590051,-0.1990240931463183,-0.8687185619824375,-2.064411833472145,0.023336479033072625,1.4795373917614083,-0.387951050641082,0.4281546421685219,-0.7572755498798956,0.5408197375475525,-0.35089729188288754,-1.3910527528450858,-0.5494093580396999,-0.6402552899281753,-1.7405204931176856,1.4639028658608957,0.8159015466420411,0.8421396150636928,0.5751278268450757,2.817811189111996,-0.2908066572006208,-0.16221748966263902,0.9694830244686976,0.3453800861438677,0.11020590002475274,-1.1030240467961838,-0.003078825060865891,-0.09756548652096836,-2.464850188990228,1.3684892319017359,0.02236790992448808,-0.1788790181037128,1.194077916281416,1.072231081623815,-0.446849557017199,-0.724687456361607,-0.4200763279287504,1.0419029385069822,-0.7457884385605659,-2.2011941878982397,0.7521856355264549,-0.20642810190074007,0.07687889466175518,-0.3671996211853194,1.7011530285585608,0.0,0
-0.15622023038947086,1.9755049279588528,0.27563957082245066,-0.3455846234820931,-0.3428324648667364,1.855875607283092,2.8818709340268738,-0.4852827800716059,-1.5967149163230203,1.3341937354564717,0.20672801418272532,0.1606532202707029,0.8702567180805788,-0.009577615299207427,-0.6851592457779832,-0.4339480776113934,-1.1408510215618166,-0.1579341402030542,-1.7192921247897643,-0.3072059678125004,0.2926906093555752,0.8618756150804581,-1.922667383397548,1.334702825062796,-0.38388383975895146,0.26324413030720184,1.3276939354909416,-0.5090478791309676,-0.17818757682445913,0.30172004982468803,2.714964901917237,-0.3880094310479619,-0.09713017574976457,-1.5714321113444756,0.3736431092153801,-0.15599103485021967,-0.4594293561954032,1.3082829279426744,0.24708546369708534,-0.10512727231509973,1.283429416881801,0.8968482969856022,-0.6188691783432638,-0.18326086591361768,-0.24863834701840845,-0.3035216880996288,0.7694614019111528,0.20521242191619612,-0.3429751035663702,-0.4415896617911966,0.0,1
1.386498730641102,0.0606642497030823,1.101057093456859,-0.3452355253943654,0.3012249300226427,-1.9292218054849413,-1.2063077679953385,0.27295992776158795,2.249362868777674,1.1510199641083243,0.8183679110654111,0.6187507892158461,-0.42774688608891615,-1.294579881444662,0.8997605792930773,0.3447084902421138,0.5969667904184751,-0.6048664423773604,1.240213650724927,0.25277294498630004,0.3492216433835685,-0.5910853674255331,0.8413910769987655,0.10682794859343746,-0.7776263189761196,1.6358010602194697,0.8638263312268476,0.6810035870169903,-0.9610758791698324,0.18930965140426928,-0.43038627082200537,2.1535897461240565,0.06758907062383591,0.8842293248922367,0.6084896488701182,1.3868818100815297,-1.7731025405869756,-2.4346323413369437,-1.82382052392242,1.1633897793838937,-1.1330956386188895,-0.15285755315624328,0.5901475468156295,0.6800603761371563,-0.2485088313408763,-0.41689909567980893,1.6455905581422547,1.4372136482194209,0.3395798641333556,-2.4538604567177664,0.0,0
1.1320467617041712,0.0950664058809275,-0.69877138817746,-0.14553169665013174,1.0480976848590606,2.2507896778577243,-0.3750022370089226,-0.007412975398197656,-0.5022552649398792,0.147062105844565,-0.6458212798137629,1.300896181428429,0.3725475080647444,0.1810607504567365,0.2857405033238551,0.15206740945020605,0.836438332714526,-0.12182481929638594,1.1912139837583482,-1.0679102098091442,0.4235671818506217,0.5168224271215458,0.8411842956470188,-0.17052956356553567,2.1475406232043825,-1.9811467479036384,-0.3432132497953382,3.5633586771813572,0.2766662455648791,-0.21269976843805088,1.2265363204876985,0.7933836233444072,1.0585818029590541,-1.616407144932008,1.522652908706012,-1.338420874060922,0.4814364757561885,0.038993710592795064,-0.8140584461960358,0.3729152053347117,2.6153106285359327,0.9814774899998218,0.5440138627004886,-1.0760608348898415,0.9757713958877664,0.5115768352227905,0.11700964549818542,-1.6122576470967505,-0.023708414600102302,0.9843112369395004,0.0,0
-0.6303316282130813,0.031017164813718263,-0.262478110128567,-1.852065940622812,-0.5115308309622668,-0.09480520004574967,-0.8516538514930381,0.5373614902417057,0.5083297938949302,0.3701617940182309,-0.07078990453073049,-0.4567289738059654,-0.6173013483808474,0.9515921196727236,1.125699494122434,-0.7106187216836334,0.5818948294011516,0.40069458723756907,-0.6786088645448551,-0.4284466875391007,0.16689189579777045,0.5510555868032789,-0.16949115295285966,0.10723820907646436,0.016137132543882774,-1.4345324322275854,-0.5699702225960049,-0.9732727162100738,-0.9565373840790736,0.17579928341357,-0.6779399950923515,0.06477879537735212,0.9981617936226834,0.8332942043585829,0.4923126144685651,-1.2910101083891312,0.914251912344455,0.4482413966997241,0.13888465987705034,1.3696906796239705,0.22544746564703225,-0.12281815202021427,-1.1801923517886117,-1.5339342779014524,-0.4777005784077286,1.0736263030854971,0.22376502688918828,-1.96170575567026,-0.7391863058934381,0.1794863527830654,0.0,1
1.0313396453607524,-0.5958100106730171,0.3635883425215508,2.6974014384565708,1.5741848070607452,1.0709417074812049,1.6213900513506159,-0.521310262565803,1.5578839396658524,-0.3732427426635278,-0.9347406472015716,0.21640357686759606,0.8484534030696375,-1.0981873104606956,0.9880662139075548,1.5836677926776117,-2.044485141738747,-0.5092091500873681,1.474079596278885,-0.6423906665541544,0.2599627243942389,-0.31310999009297263,-0.7785678725437414,1.8798501030210717,0.003195195986949407,-0.3192961480324473,-0.9570648470250432,-0.03640131754090936,0.16404069235423527,-0.966505739758192,-0.9394460920466812,-0.0016531928981058663,-1.5943756809316159,-0.9951918811245968,0.1439143345742898,-0.14786381192150308,-0.9330361963791174,0.1633219432393899,1.7909095207021997,1.7380175732786023,-1.3166904562872686,-0.3568545829363904,0.2498697602520085,1.0715816213733318,1.4706344858226257,-0.7758983385908577,0.7054178999943184,-0.6683955092781765,0.10122180044904314,-0.24233800953619736,1.0,0
0.3946563329040586,-0.8788005645847448,-0.26420969449678816,-2.9040532894285924,-0.8087604139661154,0.582161693156411,1.4132186292913396,-1.0736523672161022,-0.8585664737217066,0.1940162443778212,1.5198547646879814,0.01173211029135509,0.3294715576928637,-0.8093097336254367,-0.030297827127481827,0.5597775026550316,1.1731719141988979,-0.8814945197761156,-0.02248148702602465,1.2467298654440648,-0.7147429902435429,-1.6832964974194788,0.07721469190872861,-1.249483595520087,-1.7012148655566253,0.2321330273329993,-0.4206412083279599,0.7851480932158803,1.5681931552819572,-0.4997258663407971,-0.44013618510761976,0.5679868589367705,0.1570289126136382,-0.6585134203012579,0.19389144376973846,2.6647763824365764,0.16269748805182085,-1.6915118319683182,0.5239799695976779,0.3449514637878863,1.279855753193934,-2.063331076719859,1.5674313236998594,1.6670779983583646,0.015107962138215272,0.2295780915253667,0.45903342172373207,-0.4571703181175888,-0.2607026657484659,-2.143947265759309,0.0,0
-1.4173686768116196,-0.029179958173228143,0.7441789892684159,1.7881706064993947,-0.9455643818095296,0.868307545152453,-0.4660500317141506,0.8922639794700706,-0.6234695096930134,1.1434920046779622,0.3397174195279696,1.6738683768108786,0.4460085774417285,-0.2627273610617645,-3.9049707632365136,1.3119230260788464,-0.9696595563172,0.2622752612117516,-2.1971686548643783,2.523233172505692,1.0439550759476903,0.9739370062689764,1.4600161042534319,-0.019065817765492567,-0.6377851007965928,-0.8133449611856366,-0.05388232946808085,-0.7280879861673029,-0.3631329820219728,0.8429316501836149,1.5451900114794943,-0.17909352121388122,-0.2548373170044794,-0.14863127498468368,1.5772795914858517,-1.7058509741820669,-0.7981478068620448,0.4396815474401485,2.66820726370829,0.9745342772353932,-1.7838076799108868,-0.8781681795810032,2.5878102074331317,-0.8933341959819027,0.214328409100399,-1.3757276264856042,0.4423989432794282,0.22339668039366087,1.4507897961323095,-0.3948053807561757,0.0,0
-0.5857866072513048,0.1041043867457692,-0.9471699042458388,0.489275626646593,-0.15195349003947314,-0.5535297594596078,-0.7813311967063064,0.1831294110616909,1.2776579022236787,-1.3751790345413517,-0.06714415165879438,-0.10073430047494823,0.4093725835080092,-2.7132386063018696,-0.485400794055515,-1.4235894275494798,0.7702200240525903,0.9818591047410572,0.2555843210234174,-0.597961617978182,0.4225415723462431,-0.6722354628694281,-0.8521534035612573,-0.4529408959981116,1.7578128333032887,-2.071262925195556,-0.4739172393996508,0.09840901898304062,-1.7997281814377215,0.39183898863972055,-1.3023975233278586,-1.4328427313723788,-0.3689249375561411,2.685939713788509,-0.4484014439123338,-2.6088132232661634,-3.622950380870125,-1.6045597890638652,-0.12665384528714882,-0.6676935058766059,0.6969733871121592,-0.65839345398188,0.08358177445429152,0.964690850863476,-0.8059372984275313,-0.6084115520439198,-0.6307790902657768,-0.27131735129778284,-2.196028350284464,0.26941038392882666,1.0,0
-1.7166915207373814,0.9145423928796153,-2.495932233334164,-0.4838666282475401,0.4307341435798938,-0.754285465457299,-0.2826994946264107,0.7219343419405213,0.17394847379283096,-0.43881881478659857,-0.9036513469796416,-1.0644305552507454,0.6138331630107163,-2.1601873082970653,-0.3486617410465844,-2.0071379051867804,0.9566716528249666,-0.21691093349160093,-0.4840456839795719,1.0837893190578596,-1.7811999178208886,-0.0843783094608123,-0.11799998971825287,1.90942875661564,0.23379017778982505,-1.519156381225404,-0.04958948739485403,0.4378675331835489,-0.2389304915694061,1.0601200092890932,0.2469790685208893,0.004036071294649724,1.8266813616224635,-0.1321261246238438,-0.22509177360666666,1.6528181797382395,-1.1632576788100348,0.5535694538215266,0.6296965053355266,0.8354394398107545,-1.6500126444574383,-0.34441485143012623,-0.5085335063718496,-0.7138920919039142,-0.4356351201813736,-0.06338165048242883,0.16659135915880754,-1.3213217844118639,0.9997473616010468,0.06563500770342652,0.0,0
-0.6853357899333651,-0.16837076186020766,-0.692467088094299,-0.6574255834035934,-0.44821647202206427,-0.4829891806623235,-1.8190876893533408,1.1692892249408449,0.7406695797492107,0.8587949786308368,-0.318293866207852,-2.2965336485478796,-0.21781759511691026,-0.4854390349229028,0.7109131420566416,0.11015768500826052,0.4723931003477752,-2.2893347214997046,-1.9018301523453576,0.8691422165946469,0.8117775764237283,0.02491578984789601,1.89569505111552,1.405108619605042,1.4151590692984444,-0.7968125039226637,0.23981833292826,-1.270576902011892,-0.3802479941635272,0.5715496186252542,0.8504874850676657,1.2959656303169742,1.014519964723297,-0.6175695787026495,-0.2224306417315888,-0.014459663306626484,-0.6261298602529136,-0.9777172188902696,0.4424732523823796,-1.1669684234845212,-2.094674179288112,2.1119177741474515,-0.6059722472869151,-0.6794303474892683,0.3458203093047686,-0.2058940682311777,0.4846689503900672,0.3976407875454643,0.7463491879107247,-0.5602147554139487,0.0,0
0.4794558032462492,-0.15961782493867313,0.485783730085441,-0.16072630097675808,-1.291444226959846,0.2589476458871396,0.40597582870355897,0.5118443183179766,1.6789677503050304,0.8284131557606271,0.40799109161406,-0.9064330752753874,-0.8376414203341879,-0.13518510475239592,0.952697431172482,-0.7998642092144441,0.7362686348168559,0.4839222604123099,1.4342690015854722,-0.2958944008315531,0.6316201743155173,1.050791267318062,0.005290589990863106,0.4474667440441705,-1.0415500705290692,-0.09401454528440853,-0.3804736802659192,-0.12789818964245064,0.20872096303518806,-0.6011271040108216,-1.552827759838484,-1.6888515754173126,0.8681351830774523,-0.2109251744507684,-0.9732532430356292,0.16855236952770905,-1.3137219862157998,1.3255399323489956,1.4379663115348529,0.5234489014225568,-0.28813262913373383,-0.2656110416509326,-0.8713895095999977,-0.3990791439471902,0.012399209029749286,-0.4130447211751791,0.7525288661875885,-1.284031716489069,0.5172076032910313,0.2751033441065581,0.0,1
-1.6243291440770833,0.20913167244430111,-1.2946886169908602,-0.3413298918322928,2.2756425504686315,-0.010170708900231444,-2.289453662452083,0.6038720567706701,1.2332686536712214,-0.3441478343368022,-0.18838489142797155,0.7251729619402777,-0.6667447763942994,-0.12677987331463314,1.002540248353071,0.6243685744746638,-1.4656230791400948,-0.04008378959500916,-0.8143983740651883,-1.184501676603325,-0.3314656243387721,0.4781936688167137,0.4251163870214087,-0.5579180641471216,0.5221430791509017,-1.1953908155314896,-0.33869725809218193,-0.018780467301946453,1.7041843345182612,1.3990890625377377,-0.20125402380555032,-0.7892128886227822,-0.9100145811237259,0.19723406436858326,-0.6544826526202485,-1.256968689369168,-1.6556675340220224,-0.7826547927386958,-1.3385645495732206,0.16255993926231527,-0.8794037986453654,-1.1841394729222199,-0.840184081404347,-2.358630420910074,-1.0394059262983135,1.7010671530407315,0.12007750063816705,-0.2556627321150992,0.7145896226981926,-1.0579573724256748,0.0,0
-0.4627608801425311,-0.06164550816647847,-0.9441389986480664,-0.2823192346220841,0.10534113676228464,1.672130614800506,0.9361314840694516,0.2404786909029453,-2.1290544703265644,0.9085283339006884,-0.9191958104410219,-0.6815126078895384,-1.4000381187044009,-1.16010289423721,-0.9551814940696052,1.093367572675936,-0.08930119973876967,1.4189609963992518,0.031555824590367,0.0592618369523557,0.027245677453215357,1.5567700114513685,-0.056092445465106784,0.07638599444059166,0.8395919004459101,1.5838171207634602,1.060509738913545,0.2668968386234369,-1.6050865450745695,0.2002887620098912,0.8317426417015938,-0.2837325760900224,0.13611060775673128,1.8301925840297264,-0.3025776845657676,1.2771760677959336,2.2477705301804907,0.06575726280357028,0.08129045700126457,-0.07052992551226381,-1.038332799755805,-0.17731589374617618,0.5662239747358047,-0.13929549156873094,0.15650923012964996,1.4246668611697546,-0.07802354308708878,0.4598301363345571,1.7274923559066533,0.8825437532482652,1.0,0
1.310492791857805,1.516684642884337,0.2175342997708656,-0.19949671695611615,-0.4640319373393317,-0.4048226414189177,0.38769237326073214,-1.000369655160236,-1.3758842368915312,-0.24839501438033165,1.513699455620518,-0.5963821960496987,0.8723689628978554,-0.00329083783351504,-0.2849308566677576,0.8384900567763252,-0.46331522576573103,0.9233532180004366,0.5591681059909306,0.2694173844409363,-1.9870881684438415,1.1722496609925739,0.14050981080440636,-0.3056197324472826,-1.4952098440617312,-2.795883003924033,0.5482470157636719,-3.194363931452496,0.6761694277159704,-0.5576009760387975,-1.2897977546426296,1.158394765844458,-0.18015038211457285,-2.71198470536886,0.3642580809784096,0.1985733346978956,0.1522830242933742,0.21938407554295375,-0.5532864089146571,-0.605500261690581,-0.30864892498150803,-1.6154054672793632,0.3748341514583629,-1.2824765290793405,1.3267121110225526,0.6146572688923373,-0.08852344072418389,0.8402488749086667,-0.36718708653084176,-1.1927543333517765,1.0,1
0.021353051835951053,0.6894397836915366,0.4774282506998751,-0.08783520082923915,0.10132881246278076,-0.6759961966982816,0.07302262631905501,-0.7730276498300394,0.6130777985373389,0.6178617361862471,0.18741848200423653,-1.753989641558093,1.2980663505823986,0.05827068275079196,-0.3574987337433155,1.2862871985098512,0.7667545963333842,0.4787858474762216,0.5994244299956187,0.3270633863282565,1.3807662074538845,-0.3253625775429429,0.4745319403398823,-0.2431053908276001,-0.2526150001398852,1.6180974273445592,-1.7908230130396092,1.786062861700071,-0.7528115191743262,-1.0885710110750677,2.0151092614734347,0.29784170571104474,-0.6369163508600953,1.135662553257286,0.9896526857002538,-0.9847510599066494,0.4652687584677526,-0.16309091212736965,0.29058832139468604,-0.8658292860118966,-0.045507894282805834,0.06388897982715147,0.5580030554837179,-0.5481762412477269,0.6752400917137177,-0.9745718792140118,0.5218236451197806,0.35716334060449345,-0.08859923942405054,-0.15357188919482934,0.0,1
-0.052671528172982096,1.9042338085232744,-0.2574089871789913,-0.43225773631374004,-0.8694311964818444,-1.6105521160834866,-1.002584869362395,0.24969095719269765,-0.5186673630600156,-2.243607481341765,-0.7129198178502538,0.8706752039924274,-0.5935355899674111,0.16124773049900787,0.5931409430691763,0.1467335473099797,0.3094323057172313,-0.4694431297319182,0.6356218094331119,-1.4824960518426382,1.6854946248390037,-0.472945378947519,-1.9703177619940817,-0.34598088188740084,1.6476078845645088,0.3257250709203401,-0.025100871033387602,1.3194874216442096,-0.4251196753577005,0.4659187389571974,0.8979566796117285,-0.7153177967357657,1.1225534042983232,-0.7597876222191473,0.10499640230575807,0.9362928352346386,-1.8874211445348168,-0.02300709428202503,-0.07564575397463025,1.5596069069266223,-0.3792770835984917,2.6817001804050182,1.067651997800047,-0.5094742002293735,0.9096753972549204,0.9454713538688394,-0.5476127019600595,1.1378300125087777,1.4084694678172354,0.07015322814521285,0.0,0
0.36726202016256143,0.6715170032482589,0.5684895496330659,0.014017230978966202,0.1988294222438531,-0.5128379210236106,-0.5345999207200046,-1.077460241997894,0.8002307298974295,1.5060074351288226,-0.2483504051977983,0.7197020699410346,0.3727056293052733,0.8625723557441136,0.10698817264026383,0.5621720841408879,0.24125143911727925,-0.08363110144607047,0.8085373436281046,1.0783481077523829,-0.5051872227255241,-0.8279985576872378,0.1850395790771298,0.14537499591604444,0.5643072164288581,-0.38181714258214106,-0.1635390407352705,-0.3743200584343887,0.6454215676638861,0.1858049558518426,0.21059797778361414,0.3985437702870545,-2.073406779371895,0.16362766335401205,0.3459448705249162,0.3944118844309525,0.09578489592480582,1.6994458914872206,1.2382887413275867,0.5755279373648995,-0.5103303186091069,0.3993745353325247,-0.018409202286038637,0.23683441300061805,0.00025559301065335225,-1.6625043516985738,-0.3004870605951125,1.5455279240985422,1.8025114059899816,-1.064531800964453,0.0,0
-0.9393154902998944,0.1461927384894336,1.6225537002880817,-0.6890508336738982,-0.4875853027537584,-0.30357480479937143,1.2301503266458076,-0.7119194177321134,0.4000184706364401,-1.1303471629585513,-0.8225362541304281,-0.5776120340879355,0.19088991232802305,0.6841339048484213,-0.8337213532501443,-0.1595670758961013,-1.4637413791280989,-1.3611133624295295,0.3605649265942936,0.5810453126762221,2.093166529934204,-0.019892697580643676,-0.33338517450690064,-0.8348526441512866,0.8028486642804402,-1.0553571238221404,0.3538783490677861,3.0723746274060155,-0.1919375696157392,-1.7105840905151002,-0.5877656827567347,2.3072162965846164,-0.036492087940952316,-1.214661957848599,-0.5914254622570905,-1.5898088592346662,0.4842155270722545,0.6192794335209331,0.4088163277368516,2.3974799862860348,0.9350053712866312,-0.7701319559145581,-1.3068035289688738,1.292783733180353,-1.0637805425993072,-1.7211940658910745,0.2489657894965734,0.2838214699161558,-0.8913750722070075,-0.508867605870284,0.0,0
0.8838931126173458,0.1958650220376449,0.3575365158852867,-2.3432619056402118,-1.0848325873173328,0.5596962894039177,0.9394693498560776,-0.9784810421186954,0.5030968401091914,0.4064144688948009,0.3234610099156434,-0.4934108819088803,-0.7920167907771816,-0.842367934138484,-1.2795026616706042,0.2457151695112331,-0.04419480068361748,1.5676325528903083,1.0511086796131768,0.4063684256317144,-0.16864610124128446,-3.1897027892252625,1.1201322592365401,1.3327782081335766,-0.2433387661163021,-0.13003071130989,-0.10901737133730473,1.556186439264636,0.12877835273019408,-2.0669487226553147,-0.885493154616703,-1.1045794834534275,0.9328663466100909,2.0598380015281683,-0.934937958080932,-1.6129902180842572,0.5270697180962234,-1.5511007353068422,0.3296133392119777,-1.1365265400974658,-0.3384906045519245,0.32097078441973265,-0.6023080180595345,1.5447283608763946,0.6470340836498365,0.5932172125782157,0.4380244970191475,1.3577890150479748,1.204511275020844,1.3517961871393611,0.0,0
0.8954841907324067,-0.04694671872436775,-0.5239910727681655,2.5638528795686253,2.4389497642164297,0.2527082799549245,-0.6136091623254336,1.2372865075748225,-0.931933667057966,0.4100294589772824,1.514935434106098,0.970810587369162,-0.2179833813806646,-1.2262048098108191,-1.1774192160282502,-0.8599607962747289,0.4357972848747522,-1.1731148506249092,0.2095573471878314,-0.1498768813782549,-0.28154609217608995,2.02023194992545,-0.4024445519447029,-0.10766306005475533,1.82118233804427,1.883539127595301,0.283993042932055,1.498389045587896,-0.4862387374416133,2.2838483103935268,-0.4535039094455264,-0.13630768912486407,0.2122090867668644,0.34661120475086066,0.5356434598229514,0.097744402996905,-0.09879878642405722,1.2446050243335018,-1.1139388234011196,-0.03336041040526031,1.1700077123310202,0.9425614724911432,-1.1491950871997385,-0.4280999430514361,-0.4091279481975717,-0.005184836881851776,-0.28143723290622297,1.4833733330531331,0.1454356447223982,-0.4489315523434837,0.0,1
0.10541235402511356,1.023221405773613,0.16474006497389296,0.8495784591670633,-0.9452653401630184,-0.7070686140412559,-1.0727284643938568,-2.1001302752010576,-0.6267563104884668,-0.009864133869691236,-0.8032374937011134,-0.6740999293550938,-1.7009562804055167,-2.2832795127768986,1.5339188631998713,0.6406667034892286,1.0849092517674066,0.7781916843298667,1.0785132175954821,-1.9036027204641264,-0.8533792667949484,-0.2850598556970973,0.035460453178388265,-0.3524420066755611,0.8062377295734771,-1.8591035619640448,-0.763424233620006,-0.028796302254294293,0.3652631471073914,1.3597295880360356,-0.5606221559420904,0.4817215184435755,-0.3180526506123681,-0.5828998709305079,-0.8894091962926343,1.4990298308992054,0.9938189169050766,1.1048924320151696,1.8201982358458781,-2.4113983296151726,-1.186127654568169,-0.34429572132897995,1.0988344501323852,-0.6543696595641221,0.967763949445092,1.6167946661545032,-0.5240620679123722,-0.9546562891415136,1.451277170139074,-0.6207844126819094,1.0,1
0.14329835451379724,-0.2184944466754254,0.792839405250393,0.21397326120682367,-0.15099216968729595,1.7203706645958976,-0.88775028277783,-0.2347130157514165,-1.7551820787678707,0.2434671858373699,1.1233017630275142,1.4993280288282995,-0.4941487970750227,0.6893208039462828,-3.438756509339276,1.3470649967050858,0.07649976244783269,0.8992299589458532,0.5173021985580464,-0.5711207873691515,-1.17267208864752,-0.5263877482203991,0.3810826253569469,1.2862135526525391,1.7196630319450286,-0.5003420658338416,-0.9953206476579972,-0.7962064920620281,0.6552329285384971,1.2874365162547452,0.0990328834140713,-0.1048764177087032,1.1749969851206021,-0.4597334517926441,-0.9858011320221222,-0.6394908323259104,0.9122224925450904,-0.1992749732368212,-0.14950423641160976,0.5430233269404132,-0.375734775785034,-0.03495679937714863,1.311558697017078,-0.7297487369244868,1.91271386760086,-0.031093871091782736,0.4013750346321351,-0.17606395420510793,-0.738056194986328,-1.1947527111018057,0.0,0
-0.3455535638083374,1.1302984282699269,0.6083151431226738,-0.03877822249057111,0.6556917678866123,0.016123965110401584,0.9936297925143626,0.4553864716603889,-1.0283564744442208,-1.2110768309314894,-0.4197608990381237,-0.2794648039268209,0.3100321791323443,-1.7948775058838655,-0.033706089316132545,-0.6665775214894321,0.5532548137703523,-0.22660354225741794,-1.0094059413162575,0.15093576971323372,0.9197289507777902,-1.4312878959350648,-0.8251524929128902,0.6589764405254549,0.9634489134112908,-1.5652754000444646,1.107829352694382,-0.958444944698328,-0.6459583957854742,0.8454957421263793,0.9755697971354508,0.21694166260134592,-0.003051333423182926,-0.4917359178556101,1.4491429286259532,-0.7580817348339418,-0.00203011947260564,0.1596780512436866,-0.5640502317967173,1.7578602193837298,-0.3800687214190917,-0.5641363489144463,1.8990804025056045,0.8674000035153283,0.11670108353820527,-0.7666209151187391,0.1667282943073626,0.5558679353972148,0.2870605067087158,-0.8500314294025128,0.0,0
0.32199017354560433,0.5224554081363406,1.0709286955730009,0.14796473799612572,0.1184213515214638,-0.8151614767127872,0.31654069672174084,1.6679260885101497,2.1281876404619138,-0.5987350435394517,1.2627258178697482,-0.06580445383187357,-1.2936058528849221,0.6902511476407153,0.3588216520415311,-1.241705479105767,0.14677921121404178,-0.07784435040118276,-0.21371802868784215,0.8912623833431009,0.6630721839195776,-1.4727908996456036,-0.6764152207503421,0.4347775069426914,1.0004867500328365,-0.8778766989756495,-1.014467460293226,1.0932339448082768,-0.5307246549792689,1.4070800794463525,-0.2404072952026841,0.0805064726350551,-0.4305808043375567,-0.1666422301779786,0.3979703835263965,-0.7276625956833659,-0.8706366527467766,1.7517145991009093,-0.1990457998558218,-0.5205822230944808,-0.6093069520515355,-1.874716338179176,-0.9985552063463136,-0.6653121377390976,-1.372874771925242,-0.9843971791711006,-0.3391320797888249,0.6782735369518147,1.9175074876234952,0.08434076064882708,0.0,0
-0.9860817468461212,0.9658739041861728,-1.5398636116129725,2.1496000542914846,1.4389925775029184,-1.7294008237421934,-0.09605435621306982,-0.3162239231576375,-0.2265117424267792,-0.8812710392798989,-0.05508162012438885,0.9182816361336568,-0.19513317106340575,-0.7921117709944689,-1.7014936745698093,-1.1472899857123662,0.415432276908763,-0.5928748028577494,-1.591370963142844,-0.7721837758223722,1.5211667206137087,0.9286415721612048,-0.2925911478794896,-0.7074477988282153,-0.9534289581782104,-0.6600461543331594,-1.7402312363552248,-1.668104389107005,0.5650008830706624,-1.3049444255589835,-0.3873657657052084,-0.5090935183477149,0.6570197978320135,-1.1420374150936137,-0.7806747585434436,0.03528734590469783,-0.4826299578285286,0.08129518177291342,1.0439100591921977,-1.0878135123776986,0.30322895263075306,-0.5464307018117296,1.0220559476766773,-0.9714633214478424,-1.003592024354923,0.11651241403785045,-0.7059877683893084,0.3119050903904794,0.8530130450663485,1.3061535648811264,0.0,0
-0.3052298549426132,-2.5782183073170954,-0.6975459377578668,1.4935117450332305,-1.155310224520395,-0.5810950754856391,1.1252620648489011,-0.2707580918498978,-1.0698235311875963,0.5155311568628459,0.4093891628774727,-0.10027638118576936,-2.8131564653875887,0.5032646522984784,-0.5763119616725392,0.8292330945722832,-0.08499829758665851,0.1379551300454242,-0.2745514292141279,-0.3984454232406676,-0.4565485319523393,-2.149558509739592,-0.7370553247683339,0.04785830617580969,-0.9444678511042724,1.2929072102651478,-0.21794555657065987,0.9836237088129096,0.3909225777417158,-0.8583094249564516,-0.4394988760441659,-0.3494346658461644,-0.16976342346530074,-0.3656303444397796,0.34799297790292594,-0.5520446567837044,-0.07288746984864691,-0.5794139147891989,0.8995760969071241,-0.4821197744535765,-0.2283297982474852,-0.4869513728016096,-1.957576106944592,-1.4332231176660732,-3.0200566670689017,1.530645482355384,0.93067014374362,1.3949369181367464,-0.7147265270099387,-0.5461236401515547,0.0,1
0.6580262490837488,0.7434913638806295,0.5036707975416278,-1.212921285968467,1.6068457323912817,0.1221386792212361,0.4970862664580094,0.5892396933302491,0.5779941737162884,-0.2898163889516934,-1.1502091795655178,1.750752150608229,1.186562053881581,1.1714501994153188,-0.8698012648254773,1.2314106380949361,-0.4081551148599095,1.2917715072690787,1.6453197919063507,1.0638915131096258,-0.7077477100038231,2.993785986792432,1.513769926928611,-0.27585645828027744,0.6989584189294371,-0.4703335391846168,-0.6086347787112653,0.6043635234260867,1.0379511699164785,1.2578377834311298,0.6124883717009958,0.8379650285727313,-0.221823321571942,0.3129368690461409,-0.2903702939633196,-1.1132417203908704,-0.11576462737837274,-1.2000409120991429,-1.0000303787584397,0.6076270791032594,-0.9427604120676324,0.086758648828758,0.71180151500045,1.2329336326378821,1.4830600140181565,0.3259471683603797,0.1971074562376355,0.7976270299220014,-0.4631081356041633,0.97161351802707,0.0,0
0.34722415139557017,-0.4005953173075333,2.0832452453293957,0.19123786611543547,0.9567695299228969,-1.0858983296132867,-2.2521860722253466,-1.2860768030438283,-1.6869135678495149,1.3527343262629916,-0.12206039516821345,-1.6661888186546492,-1.2956567685190952,-0.3428053149707165,0.6229575060862358,-1.0336177183030717,-1.0090952842082337,0.7197499927165535,0.015205295043657497,-0.3731532518494944,-1.0329344007175203,-0.1829385823312369,1.9656522730967123,-1.0439289275124766,1.047225225551867,-0.2434438696390795,-0.4320080635332739,-0.2470214261040327,1.1014462122877289,-0.03226923514922177,-0.7346481543913854,-0.6762574150933093,2.2484747909282583,1.4490518235738623,-0.4576375752345294,0.23768596406656198,-1.1397517669547663,0.08407631613124555,-0.06706854718581391,-0.9292491330217576,1.6114052307320224,-1.1652895202315856,-0.6928172464374598,-0.1922470444905718,-0.5876190978151886,2.5794109335801445,-2.9891004452957506,1.8318695110255467,0.4162144581081689,-0.5275355747731193,0.0,0
1.6084208380235896,1.77808456342828,3.3246926958969194,0.6425784452636675,-0.9827980643494544,-0.9741245710824684,1.8952640449503304,-0.20212095331073127,-0.2296457417660602,-0.1292631693119269,-0.4039348709858922,0.3238906753227241,0.3094097064028705,0.5082898269449755,0.8831227724230517,-0.4320300451054411,-0.6034803066181057,-0.8380588482160376,0.3843095052862071,0.6236001401965784,-0.8130211869646189,-0.8712102742789322,1.0702995321409492,1.016004788055379,-1.3822755432508151,-0.3143089377868178,1.1482124663407844,-0.7540137943282369,-0.9237598039433256,0.5115372895932652,0.28713459294748417,1.5390463240867265,2.1732557934910037,-0.6966381704333164,-0.9102341101395204,0.880428291761321,-0.3925714134854817,-0.05550935225701022,1.9579695110287532,0.3861812984603731,0.1811452699877177,-0.11355743805814547,1.2039418127580317,0.6069211195459945,2.056552489488903,0.8034002241983714,-0.11085117220975732,0.7683758170258876,0.31513149085666026,-0.6770524482214546,0.0,1
-0.24412286645581135,-0.8315828455644305,0.9835323382102328,0.43452512532624016,0.43787275244510204,0.3344837531639451,0.06612585662925208,-0.21433088461303634,-0.396167848077174,-0.8721320734362895,0.3620279908604082,-0.08721621505788403,0.4060142983702325,-0.26971042215832136,-0.16351265018297415,-0.9245367841485356,0.15557067622076187,0.22055275014036885,-2.7310309840316074,1.0178907959315695,0.5945493223855889,1.3368498105415263,-0.3146061172509119,-0.30678137648425463,0.22130517918263048,-2.343337570598869,0.5367429032423775,0.9719642404043872,0.4159310008677822,-0.7045080033276746,-1.2760157651244657,-0.9691651657857441,1.2812201953479945,-1.5160843054452506,0.8942676777824318,-0.7316134937446636,-2.741965383117669,0.7960691565099822,-0.8079061096426696,-0.422637117142844,0.9094266041774436,2.6476630520013833,0.667448503043671,0.07711007730108713,-0.1612230396041549,-1.044055895881413,0.7998197506391005,2.1643941369750417,-0.5511629333952371,1.3455102335808262,0.0,0
0.012591134557035021,-0.34097538274039596,0.883923724993759,-1.330120990274916,0.6276220770114728,-0.040663540118751534,1.215558268907253,-0.8669780205506429,-0.5282274128121239,-0.15289061498112136,0.8337177639974377,0.6326986028194874,0.7871242586203425,-2.0157692318120493,1.5971238852518368,1.1731881354556049,1.0762854705787532,-1.7268515064076382,1.1708014616343272,0.5432662296349685,-1.2697001650525217,-0.4848919983847499,-0.3886813077292258,-1.420866252836554,-0.3990165338239308,-0.8558106448610114,-0.016398505051871713,0.7347088805209575,-0.7121849471749259,0.14172501424791048,-1.0639354149637577,-0.4114348103567917,0.29071296941284913,-0.030419927553459236,0.2742298605283684,0.06362847418190971,2.2572684428118754,-0.8274370424639672,-1.7393109833590683,0.21252184459118573,-0.4450286811448087,-1.3278759450415525,-1.4222044136732197,-0.6623979982026711,0.3331785361247529,-0.028292074247575162,0.7668012781655279,-2.030287425377153,0.3069926738927761,-1.8234932431285344,0.0,0
0.2927725185451123,-0.8751316490949105,0.034012444263968336,1.9252779216836893,0.09001561634474188,0.1316927083932603,-0.6969935426864386,0.3609043497780501,0.15313120415736328,0.27261327525519863,-0.1854799291510839,-0.09625341005092562,-1.2023697376898863,-1.6361695747320122,1.1760446685087134,-0.34184989282535383,-0.9959676895196098,0.6159970152880669,-0.28092870848045504,-1.209870310179761,-0.3720483965021627,-0.42671126044991103,0.407177638361432,-0.21861778577231986,1.9715434878294325,0.1731350387777015,0.46316211364526505,0.04490586994143509,2.381279948364681,-0.31162821684701497,0.15172595046998175,-2.038623801551331,0.847562556824605,-0.4153795869780533,0.3625812392910423,0.74666102414441,0.9146333874202208,0.0054556665011303756,-1.193550895781183,-1.0010003415195947,-0.10206137326166194,0.6846462590645971,-0.4455268990753488,-0.1229049030832038,-0.6412374429590766,-1.1691056830137758,-0.5724084904168799,-1.58687888565456,0.3883886764632172,-1.5937915458150045,0.0,0
-1.2137028058096375,-0.8670320428652281,2.061119939287312,1.1235836347723,0.6139934565822839,0.5264868806730569,1.4799307597772249,0.13729556014022415,-0.4464418939539525,0.481747286307761,-0.7136475458674499,-0.6320321160732241,-0.14093332140246972,-0.5640543763484553,0.482306562846707,-0.8964239431892954,-1.2444740442869364,1.7781053938544151,1.9279172085175889,-1.0998323540101114,1.297638623549887,-0.21067723020816287,-1.9639057650064995,0.6589333538666258,0.37868568006125947,0.2555849756320794,-0.08167547202889487,0.4303948890507477,-0.0010894224224671963,-1.4769116818752748,-1.1885658267189838,-0.5032433401134657,0.7072405880482006,-0.5582580363548266,0.605224065231324,-0.4862939023855775,-0.557349945119119,0.119119414982589,-0.3129931876321309,-2.431882679104921,0.23196351187090475,0.4289690554436432,0.1894614194712802,-0.9822194888500154,0.4895594932050386,-0.22084999478713985,-1.8751358655706487,0.2586706022850073,-0.8747094667109941,0.19463923492740406,0.0,1
-0.1086699749996446,1.920630651025164,0.3637034574639644,-1.0154179701677464,0.20131821312276807,1.25754407220329,-0.6713629222234583,-0.8978374516159481,0.3372355972153875,0.23763559521556324,-1.0453826149100598,-0.9521588903644852,-0.8049608691161796,-0.28260292140517074,0.03144107283205245,-1.1540674101013038,0.0879612847034627,-0.10664351050827496,-0.2625411738074502,0.13994974703299734,-1.5387217192166571,1.297108346776032,0.7381183458121997,1.4432480150702538,0.04695868035868194,-0.4457369147013638,0.6318865639749252,-1.4259915477247695,-0.21543211038174556,-0.590314674939793,1.9050878530584452,0.9526704619464872,-0.4329734240280363,-0.7305688553737385,-1.0937249627683698,0.4375990521461665,-0.7618832227501251,-1.029683489838573,-0.8540155558019278,1.6340995202050332,0.11534153745733075,1.1108251680379584,-0.33768856300790084,1.2887424831521364,-0.0029744174649200487,-0.10125548946604226,-1.7630360957886058,1.007295527671601,1.1693342055706148,-0.06091489314794168,0.0,0
0.472460155026858,-0.693471319349784,0.4559036810931026,1.0595376649221484,-0.18082539931218786,-1.7692557049706934,-2.510844058895103,-1.64834578595398,-1.9567529810989444,0.3312364775473098,-1.7481610431002113,-1.4397992152560355,0.9587476514791308,-0.7500349034549479,-0.4564930169244822,1.0005866473459932,1.4677063415611156,-0.6900490262174612,-0.4483544606578591,0.4642085726401461,-0.4527508579744896,-0.8341633388148014,0.08251834030442921,-0.9957800315416784,0.8205850085471067,0.468558704415801,-0.3513453699984391,-1.2188040237766655,-1.1889943795634517,0.32054517891612394,0.060173364744933976,-0.8323232283151537,1.0293501103730958,0.001253387887635094,-0.07227052223874372,0.5533320256855049,1.3671246152276193,1.2827249236064713,0.5385657375993218,-0.9090383619133652,-0.4382698831445408,0.4383580296599952,0.3312659087700543,0.3340100676288485,1.5277091659402744,-0.22929662016510144,0.3083044876268258,0.18403656915432454,-0.9263804321586948,1.1952874910287767,1.0,1
1.7757193045361133,1.55253916389961,0.018767550871313942,-0.8972235852476944,1.5276375896675385,-0.3669416842770814,0.3186150798498081,0.16927319094280313,-1.2761481848331622,0.31251075498407216,1.2558087184430746,0.8458867850276925,-1.7290900034662937,-1.3204159683957466,-1.276484720357392,1.079885418451052,0.5225707227115958,0.2160963860272045,1.461945273381275,1.342787070214683,0.940931889095068,1.4726508679467123,-0.8221130580444272,1.9343310209329303,-0.5136764968146775,-0.31863559139845465,1.160852317890103,0.9300076521654314,-0.6295474367982249,-2.104589574418697,0.12789244531417673,-1.35847918972509,0.34793322940725874,0.42629443501649533,0.2450314918331661,0.2330326242540903,-0.7227563222000262,0.9789151171620976,-0.14331269989571493,-0.8299230083552547,1.2504292377926916,0.7799763190685576,-0.07896735553626089,-0.7778084066689294,-0.4563842982058393,1.5208755212773228,1.1112018747163122,-0.8879036935525503,0.07390680260073887,-0.6126648784425319,1.0,1
-1.6949120638660469,-0.6335373222447102,-0.7426493228663864,-0.2335797726054761,-0.7119370843216078,0.01310454629163365,0.9410075540638051,0.06731722678609772,1.3376969640243024,-0.6538921993429723,-1.0921238576324626,2.677720864181578,-0.2295808669563321,0.2816973658065594,1.4044464067367362,1.711650792018108,-0.7968514881901945,-1.2434079327364644,-0.09877639242596796,0.9435135478890928,-1.5468808404510843,-0.341596187319376,-0.21682253349250225,2.202230088359216,0.5737661676841801,0.8335180190796654,-2.2323971574348485,-1.4600973164691946,-0.11117928912165498,1.0461864725676475,0.3940036902480698,-0.19942139155041572,-1.8769078039573908,-0.901372487440076,0.9848125052177624,0.4556300113889125,1.4900401639730136,1.5311623525400635,-0.5096091059664197,-1.8252380675561533,-0.2731119689084854,-1.3312743030183674,-0.06280843100589407,0.14186569717473926,-0.8256338910935392,-0.24011788257888936,-0.605834131513675,1.0121609740969773,-0.2534054947976833,-1.1962158039075128,0.0,0
-0.4950912343610821,1.1191964268853984,0.6066037778995806,0.5032819584725621,2.886207070147944,-1.0480982740119829,-0.1922084790748753,-0.055102471791973764,-0.4954951878590932,0.10239982320670384,0.0508721806457565,-1.5826573787856308,-0.3688394246672543,0.250092037179672,-1.1958403001652065,-0.2905425615482706,-0.8109192772833339,-2.8855555067398266,-0.5493040552416543,0.688195210784353,-0.2598937830207371,-0.4052131205880444,0.2429384432657753,0.2734649730198091,0.8205495474961872,0.6110993815984553,-0.5915698190759203,-1.0395574250601338,-0.6362605122396611,1.3087125007957952,-0.7548225493222317,0.5500402297978993,-0.7771432539796218,-0.4189091093770779,0.30447973748652546,1.4285781142605776,-0.8200759860364316,1.5150104448519497,-0.3414316332058913,0.7326637948086798,-0.7588215154714637,-0.5324492910482619,0.6844931751385848,-0.8612843290222788,0.261981119800172,0.5145267504725443,0.22132273795398655,-0.3881172806262495,-0.29175023805931816,-0.8744883985689064,0.0,1
-0.7185938767985013,1.4063843078150702,-0.7765852565016018,-0.3735174426615413,-1.412679444663826,-0.2123378663025408,-0.5141193509688494,-0.6900314490847518,-0.9978760801208592,0.401043108268348,-0.2621471458506717,-0.6173539714568093,-0.6325439432985798,0.8139334301507125,-1.1129496501737908,0.9895045078123642,0.3761322148287614,0.9184904892659229,-0.8963007110745922,1.048907543037208,-1.2063170247132309,-0.5173906466190188,-0.22364824328992072,0.5514043204356893,0.0135652683142731,0.8159242345144548,0.8922911584818571,-1.8740765727154527,0.4939965986982638,0.5416826474240731,1.3615027093773515,-0.8180081305052764,0.1538581892096515,-0.07599366259614111,-0.3540075020624695,0.9984142943698034,-1.264986787756769,-0.14501494264435685,1.0145328266048443,-0.5170789565578816,-0.5414222182110964,-0.4756348647657492,-0.015766911268753372,0.41883602242074,0.8622508849088782,-0.6202589633159219,-0.6803908325060175,0.3561935447718688,-0.1997531293847669,-0.8646065422088314,0.0,0
-0.2065928586634608,0.547813054597745,0.17567142947760214,-0.8764899639794143,-1.1543725189917118,-1.0457625647419184,1.1791271265032608,0.18365381988013502,-0.7109741848828002,-0.11096406943403672,-1.62208466643641,-0.7555584697571436,-0.9455205367557988,-0.24772388883265894,0.925499478328304,0.4415849964391968,-1.517286405804506,-1.4886098762016553,0.24091348349817426,-0.9440535267404808,-0.43057697725239596,-0.4036644448297546,0.9972111878319159,0.6166951752336643,0.3961122088435557,-0.08449126576591051,1.1810464608411941,-0.4939300520129017,1.2502932202436496,-0.12576670225666667,-1.3813973530052153,1.2883612391329546,0.2031663098778467,0.721732996331636,0.3685280698978629,0.6591313283709953,0.4495725136297959,-0.9808669908760098,1.1361892229367474,1.6312211157772665,-0.2515621019028247,1.5994923638581575,-0.0654242317926867,-0.12389339836883262,-0.7992025646888403,0.6218084118406703,1.182471646570707,0.3249497804029408,0.16108208445509956,-0.07420794720888846,0.0,1
-1.7667690175452853,0.7793615471115465,-0.3905409512929031,0.17949180642134746,-0.15857223083901845,-0.16390899621629604,-0.1675236185473849,2.9657033444617515,0.6696849898899015,0.1645388580845124,-1.927362949433367,-0.4969265931135658,0.5860813566625336,0.7926126060533374,1.2908343468417989,0.18952649394376814,1.401660694621237,0.3445663762212925,0.3458369091657351,-0.4341151785922975,0.8729170303432298,0.92454616962946,-1.6097521403130748,0.6411561902385595,-1.4993768588746157,-0.4384894145303449,0.29361881215850993,-1.4209385372422996,-1.8043033858809936,0.17162042721027018,-0.4752221892151409,-0.1220387735660875,-0.8350585032796763,-0.631110429235583,0.3952081160864885,0.3509688315351285,-0.8749929856442147,0.8608652129140195,0.3538404358675637,-1.1807318274318634,0.8854575944177392,0.18529768528943688,0.4228175300903714,-1.098215374196343,-1.4341957923035344,-1.088849114400537,1.1553378681694515,-0.6526984481241591,-0.6379465738177725,-0.5863442091264438,0.0,1
2.5999882754584114,-0.16357547870445516,0.8787321803069775,-0.3657210745525332,-0.8882965157982387,1.0577374048303234,0.31218943084407663,0.5723352916215543,-1.4571784549018003,-0.5405583185722995,0.6513250680358896,0.8593884118847058,-0.20678178150167711,0.18003735096738946,-1.244092837136518,2.5760689010842976,0.8905258226036935,-0.3748598740941572,-0.1146967247314982,1.1700947404405801,-1.7769100355750638,0.4039500421067481,0.4513883607377172,0.2824509429384353,1.11947416956171,0.9567301560277224,0.08548225010624913,-1.0759157073865648,1.4401137895466831,0.4595553433919782,-1.6295850387886899,-1.0040864385761379,0.3160853468986891,-0.02029289006931075,0.5995008680935175,0.4447803719532864,-0.7597608092172037,0.8602612664868112,0.4780922897401798,-1.3125824796769672,0.9623795385654434,-1.3381384160379377,-0.06661230070631195,1.2419091558358617,-0.9479084678783204,0.6062007986739217,0.05052328213870877,-0.2520471755015484,-0.2995601336059828,-1.7463462348354142,0.0,1
-0.014049365747623088,-2.3980358705575484,1.1661402795998004,-2.2310301425962447,-0.3897539108948671,-0.2451019347342588,0.12708058089804447,-0.11690976286036073,-0.420625673860963,0.21025016593060053,0.7281195117455518,-1.257946757569862,1.0161593345540068,-0.8778944848327078,-1.1119893374919658,-1.2235457553052729,0.9834025510525254,1.3011183160503523,-1.6727887697246355,0.2430878477868456,1.7465537076654103,-0.4200714824997375,1.375203187908483,-0.32316302033889066,0.6697622329019768,0.3504218875079437,0.7256978987422297,1.1326992407657397,-0.6672308521296929,1.7532876042264205,-0.9748837435832592,0.5465718939241527,0.34059985759909045,-0.5902446641453046,1.0039003273563127,0.8475692583380836,-0.7346699149761184,-1.6670998989183052,-1.608862440373061,-0.8411413676813244,1.2922249998631627,-0.3531087384862122,-0.2630241230536967,-0.40791810160176784,0.8818015737778402,-2.2131930134502844,-0.9605763471201509,1.902945440497272,-0.6898194112843813,-0.7823678283807882,1.0,1
-0.3112603940462008,-0.7980046859724247,-0.9253471136721532,1.3923293576031186,-0.7888278933864988,-0.8623006049258046,-0.6231793688995808,-2.181674032588789,-0.6192520558490409,0.9164652390165432,0.5910343450396403,0.6184104028297114,-0.5367666255734914,0.7930319087091118,-0.5140166216289281,0.19973976717715367,0.20188973403130084,1.980254428036024,-2.1400539596952965,0.951913950222552,-0.5860997944976457,0.3874948925004063,0.054518989047742966,-1.1366596747621909,1.561364118963208,-0.9962302283356079,0.7348991601089109,-1.5000238729705009,-0.16998057537298214,-1.048837744379578,-0.6989718061273081,-0.02279908607304071,-2.028245017497534,-0.7895077330928335,0.5874403935923646,-0.03654212800643675,0.531416267100892,0.22986337460059106,-0.18844555936324395,0.7218917779369557,0.9793170163512008,-0.7789869405872859,1.264157115165682,0.7939593281752806,0.8900657389057282,-0.34963771804811,0.5308313837890513,-0.9485427245865428,-0.02793725449935021,1.2560153156158036,0.0,0
-0.7075808189015051,-0.8415395485484339,0.4872261633448272,-0.7416336056873372,1.7936149831048829,-0.15846552253111534,-0.3667149025068257,-0.32182137329338323,1.4264836512035728,-0.18139521912109266,-0.8573599031789242,-0.28024996204224856,0.23778654336787514,0.9049822765224832,0.3424141337577092,0.1668251285227005,1.0936827373780214,-0.572227429193375,0.415682965251881,-0.4459914887021704,2.4983866136052897,-2.028821349409389,-0.3467639902139436,0.9958489410628374,-0.3708616921458117,0.1676170721289201,-0.4466824276262255,0.4308172823330242,0.7350335113256544,0.2459529456398077,0.4391039993967811,2.9244761024365107,-0.3730317802419085,-0.6089222116725658,1.5013815362569758,2.9864976208832665,-1.6496301673170677,0.7629662902548111,-0.6662859432158531,1.2475681232809106,-0.1347508160723933,-0.3523362285059216,-1.0859660426082018,1.130323700966407,1.8692913784978855,-0.4471099872935333,1.0388675718213047,-2.0020977513356355,-0.13077596689072585,-0.45556955282192296,0.0,0
1.9138695824420364,0.17273932173295808,0.7821445936878288,-0.3882132006305845,-0.15749095444941244,-0.21802641023436314,-1.7238322720666628,0.3027970127667561,1.3580829157898429,0.5442461559381,0.7771240380746606,0.6449570727983953,1.1863478187275496,0.9025500728963612,0.4142821390546789,-0.28614241697928405,-1.0080790262849144,0.0748440445911025,-0.5147499497050859,-1.0881644320537405,0.25688363962636324,0.9121783137536654,-0.9830660610879982,-0.2288343917004994,-0.09359617988124916,0.5080831060814515,0.6689706148305626,-0.06976140839289402,-1.388113396561523,0.705331381215511,-0.7686956432955132,-0.12936353345019086,0.4057674963764199,-0.1863643592179685,0.34057023293623884,2.366715546424313,0.7046399087550987,0.7070326323864542,-1.048576970213967,0.1810022946496622,-0.02379138957918613,0.3664844327843469,-1.0856608423073435,1.6342892794340145,-0.6166761120642763,0.8499796843161905,0.6768775207829829,1.8955211583867464,1.4723944261373882,2.8913840483054005,0.0,0
0.25774656555291714,2.025405571746481,0.7787315130135459,1.4519360722962584,0.4171324885229113,0.6235180144667908,0.5854258240764124,1.2919557618103812,1.3559934988308295,0.5983495838192741,0.041629264879673375,1.5912492838568355,0.3233236063923001,0.07647399494835683,-0.056745629435827574,0.8072458327493348,-0.8617899617323127,-0.5022840771057268,0.15464695830652242,0.6667420583024896,1.1259900554075366,0.4040324872016661,1.3214804628769228,-0.5905677576538982,1.4857539443078038,-0.13350264617569413,0.3307378058641843,-0.2325779553169687,0.6470252817963132,1.4580887350053977,-0.9537837167550264,1.086912720229179,-0.3380417439441895,0.2987388199950239,0.5865408339705945,-2.372126213957981,-0.9126732239387688,1.232464209892826,1.0833275620336074,-1.114363733164306,-0.06585260614578872,-1.798372344294258,-2.0410779736743905,0.20164137976271526,-0.9709714105425116,-0.5310666537120377,-0.6364561595049125,-0.8615894375757179,0.23541963515150896,-0.7395279099135728,0.0,1
0.8093284404004525,2.5347592461283845,-0.6042787913522932,0.8837146448765383,0.4313768641117589,0.3543328640899375,-0.4840931135564008,1.4449239415959227,-0.5912437776570405,1.1438886787147955,0.6173229750470803,1.98950236522034,-0.5226050615752863,0.4206906825170961,0.16351122780945326,-0.8774984496037471,0.6119146952734027,-0.7018941927703402,1.2196469130943202,0.2666529562980505,-0.7066391043174708,0.4853661141509426,1.4052015307475771,-0.03960927220775909,0.4264673123848757,0.6160215950093607,1.1489547968659022,-0.8055396725590152,-1.0476106095914506,-0.2610088669026985,0.6940454751874631,0.4436540953590286,0.3244340403064257,-1.3730939741389443,0.3126562060219235,-0.5374813027356885,1.4636355390686386,0.7027619181340025,-0.013651665614734573,0.4831854286696933,-0.021477754613969398,0.00538853256985637,-1.0641868513399153,0.4330156901253058,-1.4249740739838588,-1.348218618622553,-1.711412042459545,0.8609731733919443,0.8405243524096183,-0.4222223566862008,0.0,0
1.1039584367979307,0.4705241302122502,0.6286145555172795,-0.20137951095891515,-0.5547298594714279,-0.06674144648324623,1.268462512366199,0.3449686203476015,2.6390577507608914,0.15122740950103702,-0.30363598468868785,0.17558214524180335,-0.049227180322021384,0.012125375640718366,0.0305745598742636,-2.1616104436777697,-2.068704491455294,-0.7778063146907572,-2.130964162030677,-0.3625652700675109,-0.935598642675644,-0.3637455888367912,-0.2490268131958345,-0.19006636898173526,-0.6678629276032982,0.6583809553556826,-0.5801662861560188,-0.35065058902825313,0.4047870284764405,0.06624752958283515,0.13303483729627316,-0.566411639393099,0.4716497075919741,0.815268136869427,-0.8653129845375858,-1.2036002025939632,-0.8601018236248391,-1.0840077215402617,0.4156869155011309,-0.6325676623336856,0.4918123701898962,-0.0869584923980581,0.34077531823107626,-1.6965531109999519,0.84420651614546,-0.3406731299408977,-0.1558842080259676,-0.2907540575773037,0.5602559964081844,-0.4981338146123019,0.0,1
-0.3623380822329967,-0.4174341311509057,0.23387861555616765,0.9848221489299196,-0.0053592918684206145,0.8756748894818562,-1.3410526154137021,0.36861336976819536,-0.8154826067729182,1.2720418168417316,1.7171844745700506,-2.0659606680685068,0.19696286371737065,2.329582238594764,3.063235572148174,0.7587707267172691,0.7862049731899013,-1.2552050235048464,-0.8628556085131125,-0.4199162225727295,-0.4930371673371558,-1.0336147983710018,0.3793733603040442,0.7357149993851876,-1.322419882697941,-0.4591079133627448,0.3265430100921873,0.9720159812472908,0.07616214738960665,0.2883451659166883,-0.021753506626686073,-0.6094893581496202,-0.7614033294323599,1.295794871948071,-0.7699895143537575,0.6175303882501934,0.08350409882083823,-0.12337564981023084,0.8514841893995667,-0.6148282031165774,0.7970979628460716,-2.1110726125671264,-1.1067610887387571,0.24892684238868845,-0.5818756210077795,1.30684065863282,-1.0732114976445453,-0.9102015510572908,1.1650494341579418,-2.3859671937404965,0.0,0
-1.2383756029445545,-1.8442107829586867,2.2186014117206865,-0.9721404558733832,0.40088789440090977,-0.9306331488020388,-0.8210829196920227,-0.5688867965044339,-2.001090458414778,0.38446408722948605,-0.7631184825718644,0.5672017587933563,0.3896380079764984,1.695754645247446,-0.8886683604009052,1.3971108913670338,0.871661514993646,-0.4360818927245332,-1.6983247004414208,1.3995653983396552,0.1729559025363623,0.10439583717997912,-2.3736330939583388,0.15815019354661988,0.3684435957929244,1.3801455599012278,1.394763979945755,0.1653094741113642,0.03411561769054733,0.7733600565361278,0.026771163470567853,0.3656334524324912,0.10021602600614644,1.6616941450366691,-0.031123622190728444,-0.04347548539158602,-1.4570929805249653,1.8489765362824155,0.4217146651875721,0.7302437352657183,-1.036409483711637,0.5008529988250253,-0.9314315923258716,-0.9472139819289296,2.0588559843159886,0.07690577444739508,-0.3212050930699728,-1.1169826594704764,-0.29301385253049506,0.06484383573051378,1.0,0
-0.6397226887033097,-0.8765163154823795,0.2770355119520437,-1.4463508988387723,-1.1112533647131038,-0.14316764683296035,0.9218747743117836,-0.19045236298796148,-0.3841304723313202,-0.4291993061282504,-0.7438380782200784,1.0269006723871612,0.25050671793272417,0.7598542517776493,-1.0216787994975391,0.13202975313615448,-0.42753006754657696,-0.6000008872111855,1.6222590706054223,-2.400752479166679,-1.1921821614364398,-1.041897440347525,-1.0176133515763846,0.6255228587951699,-1.5001088186499991,-1.0325131376630814,-0.1907770945951868,0.8633567242901051,0.7194245122036851,0.21563919207573412,-0.4195063335809419,0.1825040270002588,-0.4747428925779944,-0.4080450895131966,0.6745446590852667,0.3090769401180901,-1.5858819778934574,1.755416296958363,-0.8928013764616214,1.6341170838499808,0.6976300044032224,0.35379949080919426,-1.2368042171181186,-0.9473860778719668,0.17349964780281618,-0.05512218540136789,0.046466501240081386,0.2827883983403341,0.8739270193288661,-1.4529771923180743,0.0,1
-2.4857966727672896,-0.956253351433242,-1.3150806459512212,-0.35571487953712666,-0.971482696405143,0.9278372599466091,0.26060139707267604,-0.4835458013678386,0.8081100907999723,0.39210381756053897,-0.21242762882630786,0.029347101528587282,0.11765727084506858,-0.5485450259980253,-0.5394280242002294,-0.6986329160256588,-1.2789980892028063,2.010630842824926,-0.11004867104404324,-0.6856760656594629,0.7860390086814859,-1.0806961353107003,0.6319162982452091,1.1414285153497292,0.7713925557902099,1.2362695404710564,1.6167769373468213,-1.7213891520300413,0.1815384134265868,0.21499779109803813,-0.4714903186408903,-0.6227725548409151,0.17503384407331646,0.3091131871695704,2.674219865844252,0.5371329625839292,0.6303559305226986,-1.1235741368639591,-0.08115841608414938,-0.678297724690672,-0.09081627124330084,-1.4287325107953441,-0.63151289255683,0.5201446928759628,1.865973047634648,-3.212794627532181,-1.4735367492129443,0.3114815567508129,0.7466347716895192,-1.0241484008859187,1.0,0
-0.14845108432002965,2.2987374646266012,2.4597059489930078,0.484166814427545,0.5704578589260817,1.0423614942824926,-0.3775651060270468,-0.3436072173063492,0.3665637308367654,-1.3754714436537565,-0.432860248616985,-1.0362968250380118,-0.05932851885774595,-2.213617839684848,-0.5381664566531759,-1.3029092343744169,-0.01896936342561693,-2.02862220194211,0.7406431488519178,-0.12232095827149322,0.01740313957225714,-0.6345813157275153,0.4859009116635751,-1.228119325759375,-0.2790353579087657,-2.8307452039403675,1.5004834432031031,-0.10812524921882928,0.9885073939662768,0.4112576068498762,1.50879241547776,-1.5797843660270403,-0.6325143654112958,-1.2507361627457894,-1.215886331524627,-1.5741175377921632,0.3449637803792539,0.15078694915056046,-2.174344817588492,-0.7618744385935038,-0.7348631902397338,-1.940594479694924,1.1761329718715403,-0.9724540443442624,-0.44653367749322265,-1.984160162043767,-0.6468189189431657,-0.21173219911909685,0.0710025182157749,0.2847436253086675,0.0,1
1.394400128662398,-0.5559006043750552,0.6991962166153816,-1.2631895744475603,0.24708243427435214,0.33785208003540684,0.7098710696769626,0.1534299860920142,-0.496060490844112,0.467364449240979,-0.6212007853249074,-0.26988518890615665,-0.2151461454028429,1.23295764130463,0.3132608506212622,-2.1426699586727422,-0.7608235578635795,-0.20478482296434697,0.9726264078188744,1.1775823016937077,-1.5164393382936514,-0.6372815353645691,0.06823151972086093,-0.8616626001434651,-1.1600825392190093,-0.7138081092052394,0.09092924268276943,-0.8424131107078973,1.3125234685984897,-1.1577129303370712,-0.3620173921872409,-1.4353882408346832,1.6821333921907442,0.9855666034916633,-0.8271450605784485,-1.5000912661904304,-0.6075930674212049,-1.7817701240273986,-1.8045718407347244,-1.5114410765508326,-1.7655785249085032,-0.31744881927684626,-0.7292920266178776,-1.964128297162191,-0.101591962491926,-0.963702021363772,0.3933973096249828,0.2457122159246469,0.9511724493482232,0.8700700319049893,1.0,0
-0.9642176845926028,-0.7313882953402616,0.40063717393382825,0.21643127261712425,0.4536109130900356,-0.11411803599288795,0.1174044295329382,0.5823883262625315,0.5015898497421794,-0.5256342995679317,-0.0015547409969749574,-1.9738290854823888,-0.3939755097901266,-2.512610962125488,0.1421355611745288,2.5388030299773656,1.3868682818731561,1.1337652680421846,-1.740463326048843,-0.1979463034213401,-1.6034823548531163,-1.784749038819871,-0.414553110749019,0.8932459176773772,0.7217282381289112,1.5431352451367235,0.6393271960931429,0.607275255923923,0.4732756110701836,-0.3799535517549631,-1.5969128937928323,-0.9712237429152148,-1.0764411752746341,-0.7362619060989831,-0.5511602298215318,-0.9841935697997326,1.010396861002523,-0.3957906890920994,2.180360188127344,-0.6912481055933095,2.0332722168324597,-0.0961429898054203,-1.034973550435266,1.2172475984054427,-0.28899776287632706,0.5852342515650646,-0.27104971303762954,0.6176668876675856,0.6854735691250579,-1.1642740826989215,0.0,1
-0.23022419096544536,-1.3373527410090977,0.9675184448734304,0.4465125166866064,0.5628504103815313,1.0924853766844782,1.1391334235234245,0.4960485611466885,0.14799614629269214,-0.19315919787339025,-1.009884484075058,-0.17454423437853953,-0.5462677955408356,-0.3943369879914476,-0.7583050647104186,2.2415656145456717,0.18803473942859966,-0.0755522019354483,0.20387961373097094,-0.6062015716375632,1.3360545656875464,0.4899613842936705,-0.7662985738422807,0.3144915275794648,-1.935013031782848,-0.1843158082286304,0.816061318103187,-0.2857508968650581,0.13187784282479453,0.11289389272513713,-0.18206183570401152,0.8396183549966058,0.7375660679326121,-2.0222764276207204,-0.8141557233742309,1.2067347284301997,-0.1922717923422034,-1.2602432365904812,-0.16220378629134713,0.2924618342864604,-0.502478827166125,1.839705456378636,-0.7309979016739728,-0.225034615122713,-1.0043246245083437,0.2573813491964513,0.6721886834331524,0.9242956279453955,-0.7709895791051685,1.0135148335350563,0.0,1
-1.4091404812655608,0.2736559397714985,-0.5340275465613288,1.964379344480221,-1.2618366756970394,0.7834852246178476,0.0035971740528080967,0.7408076159345084,-1.6636202924078294,1.189916002002562,-1.2708001301218912,1.167936882960707,0.916549022922777,-0.8775005195431512,-0.3718502650742226,0.08069481509162106,-0.11183534717244102,2.9082555070785285,1.0889452939912398,-2.044710799866652,-0.4825730081432213,-0.9075992019416442,-1.154302593599554,0.5656679253000186,1.0669666825477104,-0.8995169154018906,-0.282805213043844,-1.542042755079836,0.014343192594819634,0.3288841292505021,0.3899065794015093,0.9832113146839,-0.3385698187103495,-0.3266071213214323,-0.3104026656631649,1.1556026298366595,-1.2292216348384752,-0.8808660027639057,-0.2290452213329421,0.8345898644681131,0.2110182488440276,-0.19091702853559814,-1.6716929110295744,0.6082910379347352,-2.0892309326281224,-0.2691413339910897,-0.7346180745579282,0.30486841343325405,0.7539977384021483,-0.6678298340108884,1.0,0
-2.386857841680475,1.577734632126636,-0.6465728471721862,-0.3814375581077526,-0.745641703934237,0.4426573262488721,0.5357498619972385,-0.20789105273511185,-0.9593154138079132,1.5322080183160862,0.7435956185759218,0.366098452877901,0.1379540849128163,-0.44170971270490206,0.33476903694970234,0.07408067539978228,1.4916664045699441,-1.0203761528432476,-0.5141821722591496,0.3716809938316685,0.4286389009153272,0.42674147312716826,-1.6843388072506784,0.06630482300287513,0.2075923757659192,0.03690661989228482,1.282442898912363,-0.28381442115777833,-1.0327916385487714,0.19143996465166085,1.8074746314380412,-1.1728019529964295,1.1662053419542946,-0.29522733252394895,0.1501235015369607,-0.2594218498769895,0.09654939696777666,-0.4157298021652309,1.3079050412377002,1.0407846759752704,0.501234325922155,-1.6239778870547044,-1.7348132842718678,1.1512463875373438,1.179915698684093,-1.676856439692117,0.16310043873711275,-0.2451210014693612,-0.9529796582344986,1.562633481076054,0.0,1
-1.1937323246545626,0.07156959296786478,-0.08355473803904549,-2.1697879662570125,0.8157256833713625,0.07519385991184048,-1.0672612923062343,0.4957793164956126,2.031649655263539,-0.897287652166093,0.7738251363452159,-0.8607196454563695,-0.33167831268209513,-3.3342278736499984,-1.713871929866991,1.3700694783817151,0.8807523169548283,-0.3632290686651256,0.08367639071603293,0.6583776092658775,3.213344087268945,1.0321040640279813,0.2508540555352163,0.7844615913470834,-0.7242762474425429,-0.3206435639820288,0.2727192333663975,1.2598155197021914,0.4616152074113525,0.8721931774866383,-0.22817750406270115,-0.9308701612442192,0.4546843749994937,0.8072169034545134,0.06000830445688619,0.5805127053438499,1.0708621249721595,-0.22394769660819103,2.0129430306313743,0.9302245544345724,1.5661395401862113,-0.17351627642696532,-1.0592362788623941,0.030215038538024958,-0.7060152748207409,-0.6048732771747513,-0.024178380741372064,-2.028051830573088,-1.0993590812220977,-0.5515332688531172,0.0,0
-0.2982091851934394,1.0144415321950688,-1.02756529406787,1.4442541732073888,0.17841189462358453,-0.4236801175060351,0.4090693603934831,-0.12363567397049302,1.351270642919344,-0.11593016327915195,-0.9146049968139044,-1.168533503772084,1.5821162272932137,-1.6403663312950545,-0.016037149999220277,-0.05554415923885852,0.05040484682068932,-0.9591294822492672,-0.3049615620168857,-0.4253339682577656,1.0829408867177368,-0.9777423581133536,-0.5208465460863774,-0.1476068812345751,1.1647341285354518,-0.25458428226864377,0.5446909761457519,2.515378046033508,-0.4484322363805949,-0.7979305214329213,0.3678543501436224,0.4572502558303985,0.7247565783267023,0.3617198725782568,0.4433571040490334,-1.049031566124348,2.014567997107823,1.0192673569208524,0.0360309700942778,-0.3152050167405355,0.3261123299523608,-1.3694095107190956,0.5351321712552531,-0.5463607339161477,0.5656466467917627,0.29746265618427153,1.4898756239950828,1.1952033197232883,0.4971359795210322,-0.33714455975526714,0.0,0
-0.5129730157537179,0.6839075894122718,-0.15161677860224507,-0.04074459810037037,1.1931134131445345,-2.0628135105241117,-0.2778140705451975,1.372933700417677,-1.024146502445637,-0.1940791529544046,0.5815917578995669,-0.40296793482985743,-1.5441335305933714,0.4738576249834152,-1.7733817982303748,-0.8086484232347981,0.6276640095676926,-1.323886513052766,-1.4017610485378194,0.3998774615354603,0.3827760909499853,-0.03114527115101015,0.009468853278472538,0.5032272909523072,0.4357595013799755,0.5539784470227496,-1.0926696443264237,1.4813242128286404,1.8944947230272973,0.2119307414621618,-1.0998861586085134,-0.13546969811151335,1.2819064197275072,-0.18960063180403366,-0.17960986778070576,-0.6305965550271702,-0.70854806312128,-0.473924847261495,0.03016707780288175,-0.9565921966702948,0.2807707262235987,-0.2198710663771767,1.8254214706502845,0.10480367399321516,1.6008042485395468,-0.6052150943747067,0.4545103000455789,-0.030193786194303227,-2.30009389343164,2.220872830682458,0.0,0
-0.1522718658894989,0.5582890091350357,0.87877975493911,0.43243484230488705,-1.6361303837742367,1.3135935565419203,-1.2655196342710702,0.7716237421517386,-0.09505893076316806,-1.45371961266019,0.32311041844837785,-0.8942646291461899,-1.6057843036673738,1.710907462129137,-1.8177600767976767,-0.10751795573217357,0.3321541329450986,1.0268571008411014,0.04953076119537303,0.6465172674520858,0.1046350056234346,1.1411397481120735,-0.7895220383501115,-0.09614343359276813,0.8418679469051124,0.31810803406450544,1.6494984384360636,0.7540383266890328,-0.14397133514233418,-0.7722828821587409,0.1967061385793493,0.4715589462198498,0.0697255507712915,0.9021337043101192,-1.1216463185062484,-0.3799994397434803,-2.4401669439544436,0.2586456638709779,0.3348548171251772,-1.4074397314055809,0.99726152527311,1.4722190171473506,-2.988484991219529,0.4481055548975637,0.7504141312785095,1.9157715419252008,2.1996497395966523,1.090180670311402,0.07898428157040692,-0.4767805714345951,0.0,0
-0.4496910538799676,-0.6819229094710813,-0.5188077170569424,-0.8182562691635109,-1.3551613199184829,1.5111103516472029,-1.4368604114964727,-0.1665146476972328,-0.11401287915176622,0.18988767980953355,-0.948955007214068,-0.369451527566612,-0.024199449472176827,-1.1314936407453604,-0.1902416395691728,-1.725941914438171,-0.17722014177404835,-0.3701832735074096,0.2969655570182623,0.06750629104099089,-1.5602191350849788,-0.9864628906130832,-1.3786103107583172,0.4339976705564804,0.8640815443675509,1.6010503245828775,-1.110129319031418,2.561263778387348,1.6484819181251726,-0.7448708253214885,-0.11095276608506957,-1.8402832225619399,0.3737156148415581,-0.09299779460236496,0.4948898478204113,1.5926371127741459,-0.5633092954465345,-0.27411601467507385,-1.2633528434486414,0.2924010108153631,0.937343766635745,0.5819450649831741,-0.7022551493442173,-0.5474562856730724,-1.2614266260188118,-0.8470052208704066,-0.6648620831154017,-2.7327418732854296,0.27907029487004703,-1.66566309000352,0.0,1
-1.0323795662928237,-0.7387219731766586,1.4316100203556124,0.021791735317091727,0.478655413575762,1.0997829481977694,0.4485575360561003,0.031709903780903034,1.0237271093631668,-0.4824019388204536,-0.5651041426939125,-1.2984906326445251,-1.6458999630022104,0.4838083713927383,0.2590466640136044,-1.5433806016211669,1.1216100057842122,1.3515063115315251,-0.5205537990530631,-0.4232009694878061,-0.12313698044954277,-0.6497309153800822,0.25787813799412457,-0.05691029203560264,-0.4692583959213784,-0.51337948269801,-0.3751359486937204,-0.01826432597968512,-0.8260123954329698,0.04791535542261738,-0.3536914319923999,0.012293049484975295,-0.1273442119563085,0.9569857153259144,-0.0877904781991093,1.5058552247869528,-1.1923680725631998,0.4739728391594469,-1.9422082043851252,1.7602235269874666,0.334246883569082,-0.5387370791682431,-0.7702049769139124,0.685182767959389,-0.15805370656324516,-0.08702610165835364,-0.1290136985626697,-0.29633218063740163,0.13284915825414276,1.8981255808508015,0.0,0
-0.3724065991980509,1.7302703359412968,-0.07955217229648233,0.9580846448307536,0.6880636032790379,0.6438113545040259,-0.1127876868814387,0.44798116787524106,-0.8971035597377651,0.6910917767151644,-0.1006765764836142,-0.22609080519292,-0.9726114003022092,-1.4497134725229053,0.5068058443442086,0.2779481355100821,-0.14010139844174005,0.23375279773980914,-0.3567153269928533,0.959839519723012,0.6779005635482768,-0.2062961358121949,0.1040440945463608,-1.5878006630042287,0.5464260192250243,-0.9054740734726968,-1.1508539604568313,0.7460632405808562,1.3119384946919452,1.8918323366625538,-0.7442770366831125,0.5506824462984459,2.107176867779921,1.3072560610299162,-1.2855376608836917,1.4044922144539256,-0.7355246346316769,0.3120093721045163,-0.9156733988392064,-0.8634036582092111,0.1602042521688549,-0.5772702540766541,-0.05275026644399848,0.7443969112670574,0.9038834216786172,-0.00810849235779313,1.5403809409230993,-0.015458379373538491,-0.5066733740236302,1.6873703349891944,0.0,1
1.5988053024858266,-1.3431625229963788,0.7967824194291633,0.7501727635236898,-0.5422058446841603,-1.087225000599835,0.5437688331272528,0.6627963352752101,-0.905192124990862,0.05351799293310188,-1.1941613654632683,-0.1357159014112403,0.5092688380509519,-0.3585054950941672,1.6069045342214965,0.6543831649191262,-1.5530227098657945,0.7180343825442129,-1.2935636545327522,0.2646705569003897,0.1276992105909124,0.8316765226052605,-0.2075008069456862,-0.22802584299473705,-0.3341610099465169,0.0869985165685833,0.6169367562665826,-2.6979418500116634,-1.102686973066808,0.08595656515487038,-0.4301853422896961,-0.10600783085480492,-0.1914916603313074,-1.0744728466077818,0.28662107351982435,-0.7393039140012307,-1.1552908259354897,0.2297587748817209,1.1409708793025817,0.052809798514558436,-0.5011229956515597,0.7518158564758421,0.12714613857266852,-0.7291173186065762,-0.2319286546001764,-0.7119087193087625,-0.4250398448973052,-0.8087817261752194,-1.2131155743582327,-0.4195828297317163,0.0,1
-0.5340939938976721,-0.3978517795177031,-0.35907088017213656,-1.1296077877218496,1.258039779532842,-0.4419861267637655,0.20434017755755207,0.7354055152790999,-0.6704678169743576,0.4147574735574105,0.6369429327555041,-1.054546027584464,1.3154261410306292,0.9171758659687516,-0.9490376269460654,0.486185617476152,-1.0741195788218292,-0.5114530553843993,1.2528389875561508,0.5227572472562281,1.0968947734618029,-1.2267168129944823,-0.6863033689641873,-0.13507608535786475,-0.39251207950675293,-0.7585848774554024,0.9540616972137148,-1.417807055225963,1.9675742899130264,0.28637417361120165,-1.1558439274151675,-1.499982820003232,1.532212371058839,-0.2727030536331813,-0.4835340217178578,0.0998861238858738,0.4438075357384078,-0.1165126369876566,-1.3928610579979297,0.10119439986533676,0.2586700694122964,-0.06398279732736112,0.3596675598783795,1.4094683008600768,-0.4637465919500917,0.3428149566992009,-2.1021638787777954,1.0426851103529442,2.060066987589206,-1.9530745641256069,0.0,1
0.6143212040309044,-0.8599689038724426,0.8797543607007445,-0.16882543994953395,-0.33574105563982776,-0.03857978337548185,0.4220828129135326,-0.16664268515130035,-1.5968971742321716,0.06484655152702712,-0.3471984704420552,-0.6357705485041157,-0.2208089042991164,1.0717240366974388,0.7249417596305988,1.5212537135498658,-1.0027601406271711,-1.8048164218456029,-1.3595487260838182,0.29491593318037024,-0.954790522970394,0.546285993740486,-1.5090643443785954,-0.14007575890974025,0.3147436810236469,-0.6976699406911229,-0.05965545324232355,1.3817437174559664,-0.6998477572713092,0.518884081105614,-0.9570158169043556,-0.3759926129985924,0.9774834701943002,0.5587661809590451,0.5614980020115525,-0.4789027451584842,0.01711564902464183,-1.6792280380478302,2.2161352362453313,0.0016569575889626626,1.0760669138253312,-0.3912454873996993,-0.6280140072467951,0.7771898951407792,1.2432224721192549,-1.1762238858465164,-0.5001524393647968,-0.10366708862320877,-1.1364683884377025,-1.6007963350879946,0.0,0
0.0337110792212665,-0.3270607011054217,0.4668556421919859,2.5303892815696334,-1.0004181935713343,-0.11901625331164525,-0.06185440600298098,-1.2098976664067145,0.6221792921479028,1.5682916351801242,0.9770062220967588,0.993493574674668,1.1814022973321592,2.6737276956606397,0.1621859388843014,-0.7880077391483068,0.20743154484459236,0.2660607621372697,-0.08338983908923017,-1.0390386292800595,0.6838707241270091,-2.4054525925066534,2.685897047733216,-0.2528117635020377,-0.4284993691127802,-0.24894969411972304,1.5091844391933233,-0.4204978279654835,-0.7917058222844799,-1.1959542043086009,-1.7044279413390395,1.4131446014416418,-0.3798821773337737,0.4799975709467126,0.25567737402183865,0.18880635536940052,-0.8427549213974854,-0.17118000249626214,-0.3570846323622074,2.3731525216164626,0.41446594964304,1.7117609541677807,0.1866445328922061,-0.9119795594167582,-0.1449769618662514,0.27500503645310714,-0.44067527958297104,-0.4774970788400788,1.9288159970692045,0.8848592770872722,1.0,1
-0.7952063474981129,0.8041688927751941,0.8033961399366908,-1.0244162911978,-0.5673381768674405,0.13761017391206273,0.5317440096858752,-0.0690435641107106,-0.8339294100988422,0.5780905488343531,2.141530814639137,-0.7830331671317927,-0.5597727969170279,0.44912843844664335,-0.3565631948830064,1.9717830221532657,-1.7691878582369158,-0.7449986969031612,-0.039679628727909116,-0.5068339751275449,1.3143523982746157,-0.7259476436475272,-0.00834659927309708,-0.4956058625877283,0.4907567229855294,1.2083183119413772,0.7982036891302221,-0.5325586200708927,-0.4944006256032321,-1.1409012159724663,0.1676050353858043,0.1806211711599976,-1.4471594164985755,1.5225795284074486,-0.5557307536518112,-0.4352389288847932,-0.6546695024384012,-0.2256931063108085,0.06577378943160113,-0.269541738754886,0.498519902656585,0.7274932762654599,0.5277046095649222,0.5089460463746749,0.5170685468099699,0.029540718840257444,-0.634160492100912,1.0249866725675192,-0.9477802799152916,-2.1173902447559523,0.0,0
0.7915618329788962,0.6844515053238506,-0.252605120844232,-0.13525438527200975,0.13176743718538905,0.1420787396741207,-2.217248941250096,-0.7812993809902169,1.5708304656224703,-0.4668699099097362,-0.4595020495905277,0.7931843158993686,0.3576202179741817,-1.0130802498591047,-1.4676845044255955,0.8559993185913646,1.4772979439914098,-1.5030712936977604,1.446779466846437,-0.8755232488307969,0.5678945993400646,0.05644008205649191,0.5790034706696183,-0.18391530261302186,-0.922383384953744,-0.5264635503786417,-0.10843813568751907,-1.3747849392231093,-0.13896275978142972,-0.1793303053672937,1.1578531861347843,0.034648679122236986,0.9592943424413664,0.6220278792931431,-0.934967565932889,0.5090167668895952,0.23137137921020184,-0.5870426652533839,0.6025813073695004,-0.47205552065923706,-0.11013379202735356,-0.1658271064891077,0.1615626968608627,0.6828852933558777,0.2264363599798789,-1.0629804656688135,-1.1099841351031172,1.7566889219205244,-1.0604152518368288,0.5917542196170756,0.0,0
-0.18734311444471172,-0.2098259572116508,0.875465410212909,-0.039763236417359286,-0.9590091777635578,-0.8562959731705214,0.19513620357521771,-1.2831061878012409,0.7434198599679324,-0.4968091190239882,-0.7915662538559434,-1.269904930088582,-0.5156412719734933,1.7079446612341604,-0.9378914697595933,0.13756756215985466,-0.4346091200628047,-1.8622167903680436,0.5803328296391367,-1.1826387095039508,-0.3077104859932909,0.6178964457324337,-0.5422309340068359,-0.3095849333284085,0.8460671878722396,-0.6910679905634358,-0.31333704861020273,0.4251481410065564,-0.08258024126150995,0.9770242800556124,-0.3179573394648279,0.8672488776273332,0.4869707791820467,1.055947076816885,1.0579956164190032,0.2652329965966324,-0.4694743255993298,-0.4516466642449492,0.09474072241710936,-1.2401884346596892,0.7685684405967659,0.6871798295147573,1.0704875988925162,0.19700406728725156,-0.4257706602539593,0.4646257369211549,-0.632008442599964,-0.2499644227984368,2.7109573412703254,-0.02385157470072758,1.0,1
0.16755507391663674,-1.1360164448177583,-0.8265457514817598,0.4384633281401841,0.7674345044199704,0.2872210150456099,-1.8043205828523317,1.7404406633003449,0.3464427051189304,1.4409205356087535,1.9474602287340939,0.19325548173011645,0.5219723571701207,-0.8635907924198856,2.04386273259516,0.6380570986259512,-0.6624421673790034,0.34677111121591075,-0.5354723141003481,-0.8597015141388671,-1.3094265846367021,-1.8285643732614345,-0.8625065289211655,1.4222201521050617,0.9940644992180064,-0.24999319931276384,-0.6958497364154816,-0.4482249344457888,0.8645113013481365,0.331905417361699,-1.7341873872584452,-1.3362519957304042,0.07984052978726584,1.4946119733133878,0.025196001308573808,-0.3984547003035727,0.0477748135797492,0.697877163963746,0.4727297637533566,-1.4791565768281616,1.0763495657465378,-0.4602213974247427,0.1719376479747336,-0.8717561675271428,0.6565686595295047,-2.4831951880401872,0.7653059555015759,0.0402827061999401,1.1265193094770585,-0.9784695634232708,0.0,0
-0.7402383588561963,-1.9570771064556949,-0.4406166376856105,1.4106511998484612,-1.9515916397394169,-0.6846465072606229,-0.2389294412563021,-0.2707337160397409,-0.06361528646115439,-0.582913173718516,0.22251941017143625,-1.073894776488337,1.1822761844432723,0.6678200966387224,0.36014567584503754,0.4824337440735256,-0.28467092015037604,-0.5484989187569692,-1.085793218669375,0.4746850964371298,0.7449615569924359,-1.01732567420293,-0.7848453693163666,1.3981480688837158,1.2914410885051812,0.586073701719478,0.16227313424827042,-0.5068133929842549,2.313578787672991,-0.17404407752429718,-0.4973386671445593,-1.3770150087686708,0.7813266743705881,-0.6768067898202595,1.0620746498540414,1.8000646297956846,0.5148242056765917,-0.3253030150049797,1.853064299332951,-1.4138941204390725,0.07561177395978856,-0.5918904604210037,-0.07408941700310888,0.4957203363750243,0.9529776418442564,-0.016510756078505818,-0.6676606053237947,-0.07366759556564023,0.4306925095405881,1.6993288411278051,0.0,1
0.09800752642571872,-1.979991370424689,1.3493214572038659,0.06238618643032012,2.7636082520280603,-0.2766140139817285,-1.1351871424645965,0.302138541715737,-1.0012879851971863,-1.1088302209587182,-0.5933722212391022,0.3404666224463087,-1.0957886222138284,1.5733126422814845,-1.2464287456173178,-0.5831909062042475,0.5470902243229486,0.24338609317952284,-0.7443477815963568,0.7905813024525645,0.3179576708003914,0.1599544616305289,-0.5130015651523423,0.9688138266720671,1.0513610718975102,-0.5437748801015853,0.10313592966722457,1.6775269874949057,0.7758509612838578,0.9564162351863646,1.4002061302418158,-1.8280426783491748,0.5040686502718227,-1.7408833938195818,0.12023057837753752,-0.2687124797280113,1.4741927411573903,1.6220272952152959,0.7674329099579023,1.026326154115578,-0.13681101111621158,-0.8019798885770756,2.4205654718802307,0.6702368152474358,-0.5077740796057916,-0.5682543365220756,0.5888817291476298,-1.098196373570103,0.5520520818059547,0.8454855206590951,0.0,0
-0.4260774090499198,-0.7388082258101077,-1.046038356031524,0.18941024827470826,-0.09367327378154977,-0.8000760596872858,1.2975336617056166,-0.3760422680008316,0.6405134382499816,1.7014423352421864,0.8572039233179161,-0.6281992228213759,0.9487834026498464,2.3155202754541,0.7223309065052173,-0.4559211880431607,1.3838372199032012,-0.03423771159902829,-0.9643312265179572,-0.3086846642338331,0.2413868506231704,-0.2663588177512806,-0.9600512359490296,-0.2981209815697213,-0.708880120983682,-1.9978971405116965,-1.0398106163588692,-1.2390950447584328,-0.6113330356268525,-1.2283322411614122,0.19196208256370986,1.2017452454535875,-0.6121100430869147,0.4115796087130035,-0.6152386544847052,-1.530020034045077,1.3133701853312136,0.6939431950763796,0.8219904001200973,1.1570319228970534,0.8077439302149182,-1.744064596968725,-0.8457248667792671,0.16762916675712702,-0.3016516393834772,-0.036285669438875214,-1.8282771530590058,-0.14660145644273265,-0.4517371868243498,-0.9342457773166064,0.0,0
-0.495086560470973,0.15770928032709686,0.5168322184199953,0.8852553873426975,0.5211280208810023,0.4992990688538724,1.4855091448449158,-0.6782732156884247,-1.0635167789336957,-1.072467810025505,0.9387869851711568,0.4590697871715237,-0.3518957954143032,1.1621459910156406,0.023378039309699682,-0.2524355180719789,0.9736164750180024,-1.1026888282523648,1.2461045488662883,-0.20603075051181824,0.9080531901732576,0.9030715528540612,-0.513908003605969,-1.2633428625937282,-0.8388029924539618,0.5956718012541492,0.22282374044366032,1.6753280300490538,0.6368666912070872,-1.415340748391192,-1.633525195696809,1.2507061451101549,0.16555703839600805,0.7534831200093071,1.6305175645549523,-0.6663881229769972,-1.1252136182086752,-0.0712888955946703,-1.7825358187970346,0.4063827174863429,-0.5485771229828487,0.1873162549819221,1.4287921705935909,-0.2250633615498293,-2.2981953235410604,0.6342121165079385,0.7399102990888378,-0.9257804621206824,0.9545436845903172,0.6344083663417178,0.0,0
-0.2837979394101736,0.16786788448667625,-0.42403498970088505,0.9168946805538476,-0.6032172654966571,0.4857991715492294,-1.286219996670835,-0.36007707952217843,0.6296134712039091,1.7516045315070858,-0.4425306900449985,0.5380721651899437,0.6704458599553393,2.6954233041089157,-0.8000892824508911,-1.6489196068512424,-1.1816683628155884,-0.16258170984832027,1.8148319616334656,-0.6001266515322843,-2.3751786510619914,-0.9339946220107516,0.5846392582133045,-0.2986889802139007,-1.6624191356111202,1.8816341915477257,0.4076493322615489,1.1558525042353296,-0.5503161549366079,1.8351229485441884,-0.8976617021614446,0.8213827324082426,-0.3908951646025833,-0.3377172839171303,-0.502084653818526,-0.2341524772945756,-0.5695735244871952,0.29158223219001195,0.4909735325769419,2.5134117899459385,0.8337652441834871,0.4225589713973387,0.14489926561416655,0.20772614217871976,0.5034728294264357,-1.9735726037026755,-0.321426106931732,1.9456662361259107,0.9590375995288908,0.3708432497827138,1.0,1
0.8440001667439291,-1.6597459701528363,0.2025200543829859,1.3165834857275711,0.8418400006779334,-1.1918559439625085,0.17235981193370656,1.803921264787738,0.4617967543907304,0.4819774026101054,-0.1473883944116216,0.03267291311488159,-0.05668488793229165,1.6654790623092521,0.04092130676150973,-0.8296489271281956,0.3253897929247144,-0.40339029897042905,0.9890883566552684,-1.1756577738749567,-0.4272864109030662,-0.00914227043180298,-0.11765098989544795,0.6317792900996735,-0.1172903381393064,0.2993289925993285,0.2489852130642819,0.7736285080897579,0.27265724409511605,1.0755676017058544,1.2614708992223804,-0.21815711351547776,0.498746654512408,0.5599938923789365,-0.6670144495754241,1.670586134928154,0.06895105336364395,-0.02549833138521442,0.3379576688564296,1.7518824757490783,0.20421625413591404,-0.8834221513918515,0.5306960022498967,0.1348196931790602,2.944070050552328,-0.2658798255445982,-0.680679447152262,0.8204879577641709,0.09206943111504437,1.023323350459244,0.0,1
0.3828681139967813,-0.3089469886445289,-0.02100667630269993,-1.7808780880769766,2.4873936165732338,1.58367490062458,-2.3031057193838658,-0.8585273741753499,1.417627766704332,0.44848183517451534,0.6596003931543017,0.9659859809035664,-0.2334300219550963,-0.9427858462254592,1.087041932857764,-0.2709900492931981,-1.8713067503037488,1.117677473302464,-0.9401840449566128,-0.39283871735075704,-0.614496084512468,-0.2226371411695808,1.8337413162259417,1.3951410073980255,-1.732909967403235,0.4677475188894881,-0.13710958234987086,-0.3421198121410743,0.3898179842370235,-0.1450724451262515,-0.5266907619365783,-1.036061399458464,-0.4560076691639063,-1.3658780470978302,-0.5687862418087598,0.8180388819446845,-0.9791190577470316,-1.525430768867463,0.8959974519196622,0.5720970773047995,0.6107297868267805,0.16950779712344427,0.19982884830671405,1.0346065910870992,0.3561259153185908,-0.22151348810875807,-0.6409133536957747,0.3789067535923589,-1.0059027852239593,-0.16891376428231067,0.0,0
1.3111133829290829,0.16772628655589114,1.2228196234979092,1.2087964408618048,1.1154267815499128,0.3662592227302006,0.4374397812099309,0.2399176958729489,-0.42176364573579933,1.001365380128912,-0.4409031890483974,0.6935047245147516,0.14591790464567056,0.914587467869544,-0.5852279935485877,-1.7029840715813975,0.8004829577283576,-1.6287444984085062,-1.3705478242488065,-0.6424868365253814,1.6232749409299636,-0.20100279054507172,1.0105173625260095,-1.150145186448922,1.3680813070696878,-1.329590064161437,0.054420717169045764,0.19929938778579245,-1.0024513897088163,1.7443349116022182,-0.006299879208586249,0.497143604730876,1.124939538134662,-0.16495776633168396,1.4238460189974231,2.4736102178110744,-1.1165181622893368,-1.0983027817539508,-0.4829910065291138,-0.03103424987850313,0.8922602043765883,-0.2909326774514022,-1.443874565580063,-0.9372455733433684,0.14805292125695368,0.02912201959327,1.2132708061829196,-1.0024124196124462,-1.3188053096129138,-1.5173350286441192,0.0,0
0.13095977965749991,-0.8267556936475242,1.1428383400542328,1.6324207671390942,-0.5243847691382918,-1.0010449205993006,0.70866817299403,1.2428368503906415,1.2274452847627146,1.589408633251434,1.5047400247815133,0.11541912763795788,-0.7215840243966936,0.5723353970485654,-0.19688728993685334,0.022803379357954755,1.4222815746288704,0.7191498617266366,1.2727123697706426,0.14024324380584044,0.9255975343289304,1.5237120572491367,0.8763185861529639,-0.92713122402577,0.24572095801108235,0.823398718061326,1.0068227908781364,0.17930533414086133,-1.0796264503631512,-1.7012051790829406,-1.1028765742985074,1.5931512926213478,0.31124985724437804,1.3056179669349168,-1.8322267777916124,1.7745754312335176,-1.0875678261256243,-0.6257847510871479,-0.7334630560878188,0.5022998752673642,1.7165284528760127,1.380979216512732,0.3364090202841622,0.40958502799484403,-1.4952326487870158,-0.3885353592712611,1.3295578115354814,-0.008618431349164133,-1.1811340725484851,-1.7138194304342378,0.0,0
-0.8403493902562995,-1.4286379737230883,0.24837102245592124,0.4568720875542398,-1.016564707231168,0.6325139413226283,1.0639004926035889,0.3202172331079931,1.7248125174982636,0.07659039807103635,0.42538210727507547,0.4973444080148491,-0.4767088055987845,-0.5006779843866952,-0.6130337586099387,-1.082090402264047,0.6237754005960734,-1.213316846057641,-0.4318941444087923,1.361179909999165,0.8721169186340102,-0.532671166906834,0.9078809611739808,-0.4193294335586663,1.562014214714208,0.8162117273844646,-0.9689975226989443,-0.11106246808608612,0.033053737617507024,-2.499271433607076,-1.0234890869528244,0.4914346009995579,-0.5448225860331378,0.4036750763342255,-2.0406754249939385,2.089389387493074,-0.4865341619829168,1.2341586696347662,-0.3945163980994461,-1.2697629687209344,1.0758473545689546,-0.4649027883995394,-0.9874462415019628,-1.5360172900566436,-2.108838699831189,-0.5821412434424369,-0.3740976101227177,-1.280854607544757,1.5391728906079578,0.7913444315557148,0.0,0
0.1126416970563415,1.8715033332977342,-1.6086778437681666,0.6546550940460041,-0.811629484006795,0.06760802492010011,0.7718766463814141,-0.13222239374134653,-0.022222423998055223,-1.1369309783160422,1.3060105691676993,-1.28337857258052,-1.4418691020030685,-0.6071412416061949,0.5597569719822745,-0.4063528903642537,2.0852927330631776,-1.8990766792043008,-0.7182688841677853,1.3134864517589224,0.6106316388823748,-0.3196891924402508,0.18904252263270194,0.11712481484601192,2.5714037160093013,-1.7871617754854199,1.2078176615758869,-0.2829131179211471,-0.7896274074437811,0.16160861149349365,0.3647380823017412,-0.0991118714393219,1.0440281292387366,1.1189804619612178,-0.3315775563817673,0.08005971771467713,-1.2682944723446252,-2.306569375545416,1.311549753730899,0.1996892119539727,2.8112656320027702,-0.3540018140020014,0.18973434929697489,-0.5114834622626087,-0.2540491200451833,0.9027378456324652,0.6597026129804018,-0.6230545596654649,-1.0520532136025071,1.0598838429443884,0.0,0
-0.5717639114735374,-0.08057054512722071,-1.4849418867894433,0.8578809603970549,-0.833870220881908,-1.883385695240351,-0.9134852136785198,-1.4136641030439447,-0.2670010860767385,0.22775282185442106,-1.5871628047961603,-1.2222692786757974,-0.7200106330829191,-0.02867029379234212,-0.4653328152556208,-2.128618201948435,-1.302454294820058,1.0937433558715979,0.9132143620898626,-0.6046361838774065,-0.21024984724730564,0.33927956537047743,1.598385289290127,0.8543340154995803,-0.9866323235319908,1.178274246004808,1.4076357821013372,1.006523145687398,0.5354625370115148,1.3753546083285169,-1.4825975141787526,-0.19241090392911453,-0.213155568935734,0.2607566548810641,-0.53603557546832,-1.0417937306578229,1.6630727562076777,1.7460821374849311,0.22337172727750704,-0.9759822303267064,-2.331012060625392,-1.1804422229605889,-0.3516455602112165,-1.7427558280636417,-0.14606371331262485,1.1418019060946132,-0.8076868561509755,0.9143030201222891,0.8142129745251391,-0.058495150140444985,0.0,1
-0.3557259280781371,-1.463917674827374,-0.0006380708179936465,0.6351370940297139,0.3538478868506006,-0.8978743994522927,-0.9655969198488116,-1.5383033175732652,-1.6138281910797216,-0.9113054267581044,-0.3092317468083929,-0.8999010797236551,0.2361394606039399,0.8763025101606545,0.31811163152569666,-1.1067942589031246,-0.22570334953293325,0.018599384013988772,0.21913250165708428,-0.6098212976636942,0.7084152361921807,-0.4770393393244186,-0.94434747725577,0.4563469743598715,0.8710073906609502,-1.4647932621309956,0.18685694371612036,-0.21730952339742235,-0.3622355526617509,0.020229878873565282,-0.3285934390699907,-0.2933705535835565,-0.12381995722792145,-0.4376977387388436,0.31366388449962,-0.22480445000902524,-0.8164988066245847,0.4518765941837433,-1.0493775374976335,0.8809610855572256,-0.8785280468730167,-0.5289206099534158,-1.046428020986173,1.4934713959911587,-0.9638032656103316,-0.32938927500575915,-1.1891473511453323,0.4821135561190033,0.2877995863055449,0.7137283169446568,0.0,0
-0.44222608085463533,-0.8137913920162383,0.4878733331578286,0.6772696338390144,1.234990069980293,1.428580309124064,0.8111246593675797,-0.6720219665708023,0.4329284123546925,-0.571252507824162,-1.8519504485660327,-2.7437419440425304,-0.08517181447112655,-0.5075995059925245,-0.8599629478273371,-0.11480130580256233,0.592112786715384,0.3134988712279394,-1.4867807734572438,0.4384985435302829,0.2227278628089378,-1.2327032736357948,1.931008085885376,0.13364197987002085,-1.0358770256457674,0.30914519814591856,-1.4244044177241082,-0.16522558190374373,1.05211660377269,-0.7337986540671261,0.10925369042664164,0.939887745586884,-0.4739506360557513,-0.07386499763865556,-0.7437341181782812,1.3961003031509265,-1.4239948027541651,0.21021133746592985,2.78207563028119,0.9582889299912652,0.8414348027595344,-0.27847886589275633,-0.580818593643489,0.1742584623303931,1.8938035954750372,0.8583853133140948,-0.008546410685835119,0.05196647636771045,1.4866586525762535,-0.7262830404443388,0.0,1
-0.1211666561581859,0.0732653228204138,0.2534570476378793,0.4750702378809818,0.39980923528979867,0.3815910385431876,-0.7460760532394356,-0.8600622278042277,2.4413776463184083,-0.00115768663842726,-1.1626848519337192,-1.1981651769932202,0.4212360892599345,-1.108102403542908,0.9433591461167594,-1.0364281539344151,1.7472022915401684,-0.7928242142810724,-1.3806555818855728,0.08885477902289482,-0.9160651178724616,0.00046697385178565734,-0.4324328465556938,0.7653003372852137,1.4513265543450269,-1.1461843185985028,1.7108751976821617,-0.00784595632534048,-0.8945202793485268,0.2305565407936104,-1.4003543385165182,0.6727175851981325,-1.1119970840661877,0.1657862904668147,0.4124846173512219,0.22409693646987586,-2.9018326858396746,0.31505151850974233,0.2669657264668889,0.3660852309514532,0.5028326985077942,0.6114020777508984,0.7742387181437053,0.3285739345587321,0.549423496074207,0.5573073139242835,0.3502350115268544,0.11554421421454047,-0.22094555036320085,-0.02795559802635346,0.0,0
-0.2279489190523287,-0.24077370070859802,0.2791325322673682,-0.4680510641946887,1.0152955642364272,-1.2744654800911754,1.5331055344856708,0.1458689173761102,-2.2424302124851425,-1.4226239725220895,-2.101358916764545,1.7339384933752782,1.5210940044692065,-0.7074443359121421,-1.4454945306844764,1.295809933516418,-0.21207477132926095,0.5339976739658058,-0.7873895896647077,-0.9549845120291242,-0.05899581058686336,-0.8589274116770594,-2.1232253731996096,0.3150543267240472,-0.02137296173384278,-1.0756890555771106,-0.9408098465939436,-0.16763519549544714,0.6509955804415595,-1.0372579235669692,-0.5743645257902885,1.6515357187187245,-0.383335968530957,0.7403027447831075,-1.6660160977361471,0.12736429000911367,1.2069352469194568,-0.03971478716707213,1.1671161302195414,0.1606331369139008,-0.5418076242412505,-0.5741775445309617,1.9949283204748536,2.1805148164618404,0.47579287324685904,1.3562895217679865,-1.5090418619263133,-1.3870023491167278,0.8348022951803235,-1.4826426955065075,0.0,1
2.525822089860696,0.2121562132220729,1.1013073947636804,-0.2119468419625667,-1.5120964198173703,-0.8299194960495084,-0.02406214171925412,1.9304283971822258,-0.17031284297988247,2.4053814003709104,-0.5266823309826799,-0.0031419149655903147,0.9611135980333774,-0.07267890802113561,-0.01142924198973683,0.19152197317238046,0.6190701051921694,-0.9718244204420488,-0.5793535683816831,2.549795203743316,1.160861984021691,-1.0815034077244534,-0.05968284341384776,1.3772269151350085,1.0945231006554073,-0.18831463881445185,-1.4152571560705471,0.7289047405398814,-0.42022781299994333,-1.242316283185808,0.4967886021901692,-0.26427194242639424,1.2209833070764873,-0.9508908251791502,0.04981356963942539,1.574837883154333,0.6070579518916359,1.0021052548971312,-1.0034575257425635,0.7608358158046402,-0.2475504995697901,-0.1947094958154082,0.3994239847885267,-2.465585380914617,0.14612649026761906,0.7136320482197493,-0.8321658812501342,0.2995662062853214,0.009370151449562296,0.2516441482787046,1.0,0
0.2492879893923641,-0.4915874621758735,-0.07050707128045541,-0.4902909672432314,-0.8595941279681217,-0.5558175106245951,-2.27667075259082,-0.4395439655471892,-1.3813141107935074,-1.0684121469869852,-0.17610844709990675,0.4893737671896593,0.5289658855339957,-2.197874922219889,-0.3267744591539127,1.063752433451908,0.4362779680973414,0.9845106783477506,-0.01791823773057823,0.15248492678105435,-1.9360544612406383,-0.24981062651742345,-1.5369010272414698,-0.4381571026660833,0.13741226696663053,-0.10961291552743127,0.5764270239848305,1.219968334051877,-1.0021403535070192,-0.8146551876393967,0.4158811939287945,1.3486013031089494,0.2958379894668746,0.3836907402693668,2.1623247177997995,-0.6178254498721223,1.7058886352762246,1.3484081721425472,-0.4773958438042701,-1.887236311736847,-0.2694188434535791,0.6260370406366704,-1.1674214050422984,0.14592901919301446,-0.4387563847496225,2.680446779645362,1.5117026204567492,-0.4786711641464998,-1.061280558876424,-1.0965656268501711,0.0,1
0.08760821587515658,0.08903334872492677,0.2896752895222207,0.26676052655245364,-0.585581849194562,-0.3596376537366239,0.004721875653354625,-2.776753539370234,-0.8328837198569469,-0.0674811366544828,0.5233496700890066,0.876864815069792,-1.0256664194691465,1.5826217274596353,0.03489829863674173,0.6036418953474788,0.0630858507888277,-0.14059274547487552,-0.26530256819085163,0.4740127117418064,2.66390802309954,-1.174373900742324,-0.2398420816648802,-1.2261085686508146,-0.08789602818531843,-0.5105980998994348,1.6523325863008942,0.7168155107234812,-0.9426763401264874,-0.09252702260588,-0.918240228342852,-0.2979904785774491,-1.155647333017229,0.09300242714491204,-0.014798698065928116,-1.3878473415476626,-0.10266678283410513,0.2735244375683398,-0.9437700695990744,-0.8552544578652087,0.20573123499504675,1.698963163369106,1.2097304365485075,-0.3417628084690343,0.34731904734342645,0.1496465582609909,1.6396318868055757,-0.5483584415276387,0.16683216230493822,-0.09969165606785063,0.0,1
0.13321263355277144,0.5741326104321941,-0.3383758388630191,-1.0006670880270307,-0.12264935349191372,-0.10147426030145228,-2.2413983338322425,-0.06647160091068323,0.6740682650030487,2.043957115777498,-1.184859004495802,0.34240315684912304,0.6673518227452919,0.7680770933520843,-0.07453566293156501,0.055124958408446126,-0.4842297663041954,-0.4985259539512339,-1.1753874998556226,-0.4861572864155471,-0.5214075596284291,3.652180581320372,1.2175611048834698,-0.4694887178179849,0.8314458191818647,1.9478864874646193,0.6050790917452897,-0.377637111092182,1.2000827142202826,1.6948299664686346,1.6187221750773055,-0.4124836576161248,-0.3575327941086377,0.6223458469602317,-0.7320286906679254,-1.2963126889267018,0.4866655713619269,0.5071476823800057,0.8936834121550029,0.7451521672150061,-2.2228734203096487,1.527982291162009,0.6839753695265005,0.8978229574491374,-0.9230831539916984,0.289520029619139,0.5368009547725802,1.093825941200035,-0.7352025057683813,0.011332689628211831,0.0,0
-1.3884486241041438,-0.6499380591936647,-0.960724281735414,-0.6853061256311853,1.5411999525768538,1.4342366622394578,-0.03697622801862063,-0.3137932997260466,-2.0692872979164734,0.8962948238369259,-0.5427710365493283,0.7883971090920009,0.14557283579808078,-0.2953243812823155,0.1931696575585654,-0.7937131847186107,-0.3897175757052125,-0.207812535366438,-0.8776158467798572,1.1756980664101104,-1.59352266003326,2.145723643790903,-1.128148501553048,0.1752550050168649,-1.368161692425406,1.0120024975942992,-3.571903624428574,0.057399075151404313,0.3246502619458719,-0.0969918738965213,-0.7167907628197115,-1.9532113847203496,1.4688471929815683,-1.3306940398036842,-0.13323156512168066,-0.03507635964094016,0.2620074464629193,-0.5265735302877543,0.20946136747452526,-0.2120456872485443,1.1716394184102683,0.31609184260166234,-0.2871188803298176,0.3407552348927414,-0.8288251586355034,-0.6966942173283484,-0.4747841716379772,0.2805648905609309,0.8434025239667411,0.17563450919123672,0.0,1
-0.5183947605112935,-0.06954182775126459,2.0318052657681336,1.4693630887353129,-0.36902060637636097,-1.1142136816739343,0.8470219436957478,-0.9124474878726536,-0.1106683555228375,-0.8171829738641776,0.9727217672156908,0.5567305940309744,-0.4604597207539615,-0.9152616513444796,-0.8037382165637286,-1.281455147635184,-0.1937235990774629,0.2887911210611053,1.0336757968275414,-0.3059656992521179,-0.5219898437096818,1.4141970294513866,0.7585687520236367,-1.1346046863573007,0.1816105505204398,0.05074665301644566,-0.4570748100450621,-0.703720961236381,0.8532570524915135,0.3585827220091134,-0.9648225613056716,1.4300497744036889,0.5807041869048767,-0.04586980416540785,-0.6463024448046703,0.5510674483243503,-0.4373384981256041,0.5203370765994033,0.2980179897973605,0.7848813508627691,1.0025197120082199,-0.4231910394647276,0.2827766846457323,-0.0054767521844842435,0.1141093632029814,0.4995069912183955,-1.3742647861068764,1.0495004815915732,-1.6886160263858696,0.6424874614223081,0.0,0
-0.4487449386111545,-0.6989166455757018,-1.6325333964824829,-1.1645291505113533,-0.1367048027428187,-1.280523924999554,-0.2745926625164118,0.009683462217610057,0.96206293373769,-0.466499700584335,0.015163168517003556,-0.7266905924746148,1.7302293864158258,0.3894134049589421,0.0984529774091472,-1.0746640864782688,0.32673484800746555,-0.17943547061003193,1.1851164679973052,1.1591411315622628,0.7276102529944872,1.22428683886607,-0.046104225915178536,0.1968723028693232,0.28906058953878616,-2.3584857986418157,2.0925397671396624,0.28081098327991555,-1.2635111396049876,1.1810371935716255,-0.23487587740915114,-0.28552714983933264,-0.15637287298478034,0.42117860651904776,0.4567122528386813,0.2275248129035567,0.3898125151220142,1.9471488208842984,-2.3513610106079663,0.6226496876523441,2.172680973319895,1.2105547259073621,-0.16360304170084636,0.5715117631671399,1.8039357724729776,0.8393021435250005,0.11752954926967805,0.31096024779584874,0.4812599591004689,-0.34380852874922285,0.0,0
-0.2742547376057619,1.030982553761384,1.3191663658480066,-1.2653048587421014,-0.9004242967316121,-0.8901338929870545,-2.0104103376541573,-2.7649480183842625,-0.4182723418516063,-0.8719338628568328,-0.2820528046063838,0.2173619148365672,0.3831154797494181,-1.2977207857016266,0.2269178917621505,1.023014937415242,1.3321516458971248,-0.406831573798818,-0.8377581945418446,-1.7534448368036288,0.3323623410658669,-0.7319583223031174,0.06323646402983722,0.03100571992192775,-0.0842450549895419,-1.947439348795457,-0.4812122216034209,1.7260547511049842,0.13300664686628835,0.4493052299308277,1.3545099929222466,3.079028131327689,-0.3392679271197084,-0.9368538636191164,-0.10731851696125903,0.1323777595192198,-0.4741470894729608,0.10024761976510868,0.8138960582527233,-0.5945881103372429,0.6802681165444003,0.28143702572692536,-0.16593588484327687,-0.5789213390326575,0.24020160411245445,-0.6022097618251799,0.19359176617272966,-1.8162494753451344,-2.2377626318768398,2.1226143106547184,0.0,0
-1.2635109252645378,1.6438515623303898,1.077843818460854,1.3956643231167107,0.015080905472764757,0.3505948334930916,-1.214925502790366,-0.9131986021133156,-1.1988617978250868,-0.34753754718013397,-0.34311811951847715,-0.5326265916847256,0.3198196008869725,-0.046690201743876,-1.233834487930791,-2.398388150033307,0.2627826330526634,0.004200199718980709,-0.5314694476859881,1.012917277324045,-0.3369495360644718,-0.5821039297475649,-0.3808682849123192,-0.321144121275486,-0.8186518965437231,0.5303825468808216,0.7912849495576117,-0.044894781649170205,0.34142728610461703,0.11905788377243255,0.8481771408350187,0.9164598794011668,1.8451506669537232,0.9468531388151448,0.20950450408221327,-0.9396257622612404,1.9308503476292198,-0.07103905735000564,0.9803462409616891,-1.659102602529794,-0.4303414775349136,-0.7555760427387553,1.6679040289003562,1.0144783883294466,-0.03698169702537914,-1.1967212588714125,-1.6108096897751087,1.3920781465449144,0.7990851340550981,-0.3330340273076934,1.0,0
0.934856825453372,-0.3713540978192653,0.8714599334443005,0.14256269064644436,-0.25012752466447863,2.3147535345840966,-0.789187968064937,0.19642957861587132,-0.19250118119750384,0.8896436580555096,-1.117800218762603,-0.5657769460394091,1.915821195830744,-0.5614721800485133,-0.0906382249078468,0.20323414054099628,-1.848273824159541,-0.8035158403326871,-0.22709342546254324,-1.1090127877469351,-0.442748508564718,1.543035354371337,3.0291946148625684,-0.5198112708563055,0.4714153891008647,1.2388021062697654,-0.4195078069687085,-0.16463557952569416,-0.2398640895998896,0.3550123640095396,1.2525024416091837,1.7919884337871113,0.2558285544480504,-0.4106164211659996,-0.3108318302087733,-1.1657461524226047,-2.177353900990572,0.2206736892623833,-0.5101549622141811,0.15184535774800392,0.38110598280337976,0.9840860832364949,0.9495282242942992,-1.4342600063353241,1.2579780319459,-0.21384136533420706,-0.8986257538552511,2.6010303253929883,-0.3690304401355931,-0.14657073144941174,0.0,1
-2.896532246823877,0.6169951196443112,1.080544695509526,0.3118282266269349,1.17076427006647,-2.09012722667046,-2.4384765824704626,1.452193937458118,-1.7547326766024078,0.095703319625565,0.4319078526355011,0.6168303644903876,0.945899289240324,1.1603794580724318,-0.18438826760944996,-1.2934480527724794,-1.2136518348854426,-0.11398568202144364,-0.3392931293025685,-0.2184040336585065,-1.7854220594375634,1.0005541013945864,-0.2443339076367542,-0.3621356369616317,-0.6255698230267994,-1.8574276143065291,-0.26147038351595364,1.5659777651712252,-1.2316011083987015,-1.5602059266878874,-1.8243548832274843,-0.470877805874326,-1.687037388932471,-0.8939901688177748,-0.478135439537753,1.3570698002838488,0.3327086278010429,-1.4436191404233003,0.6839309739569936,0.5586507309924418,1.0588464138536569,-0.7526264199582025,-2.468335240836017,-1.3966448750244085,-0.39140435608272334,-0.4167070685027256,-0.3263081675732152,-0.6338738027411159,-0.6713895417594699,0.08259764370651762,0.0,1
-0.15890813293383038,0.09749016090117056,-2.2191197209146583,-1.5556260422382548,0.007784024837267923,-1.7892551875934453,-0.8087251297769547,1.2065746754311018,0.16602963051326314,0.3522115662508241,1.7857748290644977,-0.11293249127576703,0.0441393265722595,1.4078200403953507,0.17647588666955832,1.6841478357685211,2.200190821726693,0.16480257780748245,0.6561273676807802,-0.8298377575502334,1.8788396514396024,0.12738801296609986,-0.32120695064380994,-0.4623823759343334,1.2337352765055984,-0.7722438473450487,-0.2221629253840008,-0.00942883951050304,-0.08793425714750165,-0.8213462727978306,1.2518846774473351,1.168321586915408,1.8310632443433463,-0.9286854895790696,0.8167175499364885,-0.3440911058483028,-1.1808855128909632,-0.530224374053479,0.3802711119841294,1.240489209693326,-0.3787833554071317,1.7768359865209913,1.58612827292988,0.3030485925477157,-0.9988100107085374,1.7982621445331533,0.6236813197802358,1.3843546708526937,-0.2274248282924574,0.4515578550552449,1.0,1
0.6487757575293904,-2.072688404845139,-1.5891522341349251,0.26784529573026106,-0.5051846339629665,-0.26193154192268514,1.1127461353494097,0.7192469503527065,1.067375468237553,-0.4817788097699994,0.07762447645915678,-1.083336633516795,-0.6983325367416416,0.1414474738107369,0.13027223244878636,-0.05717704176337249,-0.5901918882753785,0.23565023930184276,0.009446129294682764,-0.2945728667968485,1.9873758039056408,-0.5264623959626815,-1.2780870742825314,-1.0886242239256296,0.5892606082751041,-0.3986124580504367,0.7545471249046354,-0.0693104231566427,-0.814726848487134,-0.7821048852456948,-1.2381811587446432,2.172214028680789,1.5681554093845014,0.5731186790264166,1.3635018076036574,0.189182042840338,-0.5562607055577473,-0.15562976283011068,1.0817549146669019,-0.01737099938342974,0.5681177202402578,-1.8465567921175003,-0.04190134652365056,-0.8042634810921938,1.0881097993329092,0.027727609023707283,0.6081135910941079,0.2351401274953943,-0.1980204731897498,1.4168048171320566,0.0,1
-0.0330676552567464,-0.6791976829750616,1.4123880798256223,-2.1430026698761035,-0.9848460742932033,0.164101885695331,1.0872756066385234,-0.7524866000282225,0.8080893644176147,0.9458524875446536,0.7699846983515684,0.8094092718259333,0.955887096895243,1.8648545024021157,0.3435964646805526,0.9039547150080356,1.0944176024026449,-1.1995897087964913,0.5542596965049994,-0.7230127752500586,1.1411762110381771,0.7358322424258619,-0.13183143759097496,-0.0986052799309498,-0.4688177012141614,0.5967500959933374,-0.0763637319923816,1.144485914154474,0.2933389639948865,2.4244771344861817,-0.3094968134100211,0.19617189864005602,1.7389317121267225,-0.6019721692335471,-1.9635819869091076,0.2862395200594094,0.019776711639934358,0.6554978605743235,1.210671604248499,0.6766820739044676,-1.273946421074747,-0.3904099489252209,-0.907899651607516,-0.6165335475733953,1.2804444238252206,0.33412117580506834,1.7415218499223213,2.109311931697117,1.3220004863975616,-0.5289537619748076,0.0,1
0.7288766387459202,0.9672747790335324,-0.1963826308078623,-0.21684444080875992,0.35138066990025435,-0.296113189333896,1.9969405529430533,0.5471405207218177,-1.6035850091307258,-1.3019454885978643,0.8225228672853899,-1.6676010972327064,0.7793749007158639,0.9227585190702708,-0.07524002450668932,-1.4503626298087773,-0.14695375772292876,1.1470841390376914,-1.0058010392019503,-0.7675522421071087,-0.17097544630554995,-1.6364349814417978,1.1982434470864118,-0.173642094471275,0.5320627291536032,-0.8848636178842346,1.023122012333031,1.2708093504564946,0.7991741832675116,-0.6212498432886033,-0.1240089403915832,-0.8592326473714559,-2.438255628294701,-1.1209809591388131,-0.060036983812768216,-0.17643862109217806,0.7544911639557111,0.7849688842445344,0.13994532776109356,-2.0333788739199856,0.7899206243565761,-0.4144162813735856,0.8154293435057085,-0.08556855346167926,0.3327723385633003,1.9682411883000992,-0.8425587439699105,1.0649969027487438,-0.05864171075234785,-0.28968570467716154,0.0,1
-0.5443145609736671,0.5220508100714251,1.1040589820398403,-0.7518522113566795,0.6850191780302111,0.3457454404688141,0.5145745724122487,-1.5386686947596888,0.5217987463697698,-0.3119182224152573,-0.4475534175425903,0.1772811775212484,-0.3273738597999817,0.958726720211154,0.05251167059927561,0.7751081830825444,0.04054955945134222,-0.6799055855751395,0.7236274454760011,1.421324950353836,-1.5082979880510683,0.4319130637294904,-0.7378097780552172,-0.9072274185376098,0.6436374101757858,-0.2749077864508048,0.7599241562905354,-1.2504819041774728,0.2955608426908939,-0.02530240028837412,-0.4940049616320308,-0.4522022909359524,0.06184545055020416,0.575545064701646,0.7500743233637732,2.3199211875580765,0.7560208743839881,-0.2331339968059936,0.7347305492844659,-0.3790307815239774,0.42189734923529454,0.30726111994142125,-2.502550460451172,0.8196933500217317,-1.010206454520313,0.009921999671913524,0.07246090582108887,-0.2860973103962615,-0.21716884383440765,0.7156488345562216,0.0,0
0.4293537220599032,-0.7674798675481898,1.094615395012818,-1.6770583244062376,-0.12154465200281173,1.157973148492211,1.0465100489459038,1.972625726584084,-0.041693647133183714,0.7991813731869404,-1.0083897982200711,2.591178913548119,0.02176940020605021,-1.0097289189177383,1.3748230729297173,-2.517749084666252,-0.5445383039633588,1.1924732151172412,-1.3117848366992912,-0.006340379364892606,0.5874114380199075,0.11856255801368425,1.5315315708844304,-0.372006591373226,0.05274982291892225,-0.2319916922905245,-0.1168343002771696,-0.2749947940779652,-1.0728185093634914,3.047795457675765,1.1081925837219375,0.0881514319945847,-2.1190283649859336,0.5479624861987374,0.07273271287540377,-0.9311941578655442,1.6120325829376951,0.16463970942648407,-0.3156393574813522,-0.06668485291942246,-1.693242251353682,-0.6992823224513938,-0.3561268702766976,-2.2695868358389872,1.3849434610360818,-0.6028997603231786,0.9162776901807496,-1.3986940710245217,-0.7255484638442475,1.6764955760063165,0.0,0
-0.2521979353967905,-1.9990181058241137,1.0265101789264697,0.3120803490495118,0.11134819516731613,0.13425391361113526,-0.7187081531413962,-1.1630345510093183,-0.8277272287679062,-0.9027521309696448,-0.2578136345605172,-0.313880498734552,1.0620437089490138,-0.21324466514208584,-0.5987182127086749,-0.41390917417372897,-0.4628629419663048,0.1535826977414746,1.1472758621209238,-0.2713169189982582,0.6607393316436032,1.5986637675659283,-1.3815164060264538,0.5776573527120238,-1.0472183237791364,1.7410858396417277,0.11747827334460675,-0.27136042253861914,-0.37629516694088,-0.7785716747019389,-0.9706780481056,1.2846150328186603,0.1451110291644356,0.9753802517123462,-0.7338025368841126,-0.9209283555194944,1.150337046639768,-0.3443519972864443,-1.627890947478886,-1.2543141160953146,1.246109040912663,-0.503376508128935,-0.4541944663934738,0.3735269150261765,1.6469043607141671,-0.3343943216973612,-0.1019854718522029,-0.864378839318203,-0.002901555491818301,-0.5559913033323856,0.0,0
0.8083260652637653,0.3176981593694073,-0.22320643245039545,-0.4011437925703204,-1.093925992141137,-2.1068557888710133,-0.2676132100963891,0.4365557651543637,-0.9611218012622796,0.5300876534903781,-0.35031810311840283,-2.0549381370120385,-1.1191936617567153,-0.7756116986714026,0.5743704270334901,-0.2658604964052675,-0.9993828721318204,2.0432313346773583,-0.5525897727153738,-1.0052383338760944,1.8134367741665656,-1.3852804652681046,-1.2931391674330244,-1.9334818619705167,0.30444997861262824,0.30172105604054605,0.10351486061980032,-0.10761188716084016,-2.1121911501687216,-0.44218342505759933,-1.5551196897946025,-0.4596822956520569,-1.2308431377573077,0.2438319558451211,-0.463464635272376,-0.17675975349538112,-0.4448996854957545,-0.4795899923767651,-0.8169824600099588,-1.6445264777669968,1.6831600656656718,-1.6806580335755763,0.8117239621989925,-0.3247056325135208,-0.4949320848129034,0.8916820378853337,2.7267881775885154,0.6150399696646717,1.4788937659337436,-0.291381686121808,0.0,0
0.2292163458355976,1.5941674115536788,-1.0601351276479705,-0.07755747418511395,0.17870477602019744,-0.12477183141722853,0.582296391880381,-2.3757899328549623,0.4404921886856841,-0.757946154354164,-0.030370204100649136,-0.7101234817235025,-0.3550797084023858,-2.874500574768334,0.1684528761748258,-1.1377559326211917,0.3522676957483151,0.7287661241620134,-1.542518173582922,0.11390424323668145,0.96881777746239,1.9768704213332084,-0.7042563869341492,0.2839806869642777,-0.9419810652777844,-0.43957125222712856,-0.2977274238675212,-0.02802544892136933,0.4927951162751461,0.5126392728064234,-0.4973640170370034,0.37381021754494204,-0.5517097253739258,0.3033584366366207,-0.2475589143308268,-0.5169294660353565,-0.4798726473667694,0.09611200483338377,-1.7369530959428787,0.08870370572742241,0.23445401994497336,1.048609258321224,-0.4807383023686666,1.0121118706887935,-1.1225576605784129,1.1128215849412966,0.4590829979642361,0.3460659231379209,0.22166699768094045,0.4589481336643748,0.0,0
-0.7377468836287406,0.15484722422100206,-0.7893357552088649,1.4734767628433385,0.08063490984853172,-0.2346799127877585,2.2207260240475564,-1.851230806989184,-0.7968763741441979,-0.08967908817734717,0.4037090350300256,0.8270960599537995,0.21960105586581846,-2.240133156980141,-0.4902621134685212,-1.5630559134952895,-2.3883275711899294,-0.9262860258571072,1.6099221767339251,0.07750913225590847,0.4656610724926072,-0.3675041723568415,0.016693074187320182,-0.5716497890605505,-1.4766914145710524,0.1225851234578017,1.2128761682800988,1.0701031340310487,0.6363353654841635,0.2561149789799509,-0.16689920645745415,0.5248139370431071,0.11602923613663048,-1.4047615636856392,-0.7602262531312186,-0.9878861210470112,-0.3330167196094501,1.1691980326861344,2.395588890756045,0.1828083740246125,0.29538651062813553,0.5431449832787507,-0.38443251595907696,0.10558328733859003,1.393556626180212,-1.4371523012980938,0.22340387203510853,-1.410066576884261,0.5687314489574218,0.6867820025471321,0.0,1
0.19367288634622187,0.5177084767962361,0.5298817127164562,0.4121756940076058,-0.08022993230388184,-0.9790393898630296,0.573789030875403,-2.0928741489080256,-1.0157860653497908,1.5403003033493132,1.7368055733478156,-0.7993647043835698,0.9119865468763868,1.3205787021355024,0.11562401825598065,1.0106921799899855,1.1513475982639496,-1.3692946626917484,0.24575091538989755,0.2522570877876324,-0.4027151600385453,-0.946882631879588,-0.9977910006524642,2.421526551357415,1.0415203520840834,-0.9680207344711271,0.05223286219733148,0.37552467282758417,0.2868279479501001,0.3779058241869564,2.0091531481684965,-0.17240387828932166,0.0041858344078687755,-1.4742835670598011,0.31222017400318497,2.903416420131948,1.3959625956664414,0.6339635080089356,0.6281469496941136,1.87246640924056,0.20440250632372345,-0.370954481001073,-0.4492119959218179,1.6145295702112228,-0.38848392503317136,0.6923964697241695,0.8385993044962204,0.5318667873743461,0.2585714944096911,-0.6563681713745705,0.0,0
-0.4875708108454115,0.3412164287135781,-0.907813983188224,-0.2372168267191135,-1.191546721316437,-2.790098744654246,-0.4893591370011377,-1.0263521879409458,0.5076189908712244,0.30161119429328986,-1.83872758906777,1.1869620680075343,0.5567968033738114,0.12711667976143567,-2.385476635918546,0.015358858427519018,-0.5722052797484964,1.5637659219695823,-1.0171701960861337,-0.2420548284967451,2.0331354251678624,-0.8776332222704879,-0.3432649468966193,-0.7700701143759403,-0.5700625565593167,2.018997644935784,-0.07012075421260022,-0.01851620242037765,1.4394207448646998,1.2319305807675238,-0.7710807483784694,-0.19585386658613285,-0.09364685198727744,-0.7768371546348112,-1.3082600735876355,-1.4125822815795102,0.21129590021471906,0.1211922290933187,-1.3798766006019758,1.2530608279977944,1.2989602830872726,1.5710270679431162,-0.22507750747627006,-1.1851305002607608,0.584475570653094,0.2985246256573033,0.4605545862954779,0.6643589488756899,-2.1948628526687037,0.9187674488919676,1.0,1
-0.9818791536113342,-0.4879863375007485,1.4963283494285038,-0.7056654936435319,1.5580218887523498,-1.1526156002772976,-0.7389145603879204,0.6549665078748362,-0.5451623333119736,1.3123221969183667,-0.01797452082694784,0.2777891065737296,-0.6234047872371398,0.320723950746218,2.707518197001133,1.5200578497490802,0.7625754345500142,1.730755469323379,0.29071824477907204,0.29061765961593194,2.237402302743251,0.5134848503351722,-0.025667961579628286,-0.16602949499884484,1.7153855535587816,0.8043025983831092,0.003362309797320682,-0.33423466309267064,-0.4774997951578467,-0.7908006591642576,-0.4648670979895455,-0.5210458789023301,0.054641559089695035,-0.03628567477303517,0.9178847483648622,-1.100454555448966,1.0865781652025133,-1.434982887021077,0.924896137599747,-0.10550612490372337,0.3902845622820701,-0.34254338558244857,-0.9318575931170504,-0.6953607061861499,2.9547630605086748,-0.2370011391270084,3.2692877717213644,-0.10804299059661568,0.8152885126885161,-0.3809843226448655,0.0,1
0.7066533738610695,-0.6555693899079243,0.05352553722008417,-0.4879480272217801,-0.1301514466318604,0.12643226045054531,0.10962103944192243,-0.2436908643094368,1.4047835731472345,-0.02629884874701653,-1.0678104840238734,0.5526397530533581,-2.0671579386167203,1.3758845900222691,-1.024003915259084,-1.6292244483978024,-0.9674954640183698,0.11364583110585298,0.2185663236051352,-0.4830111662502289,1.0549179707169154,-2.6918076704799896,0.453703815523645,0.1407058264513319,-0.4314613323375029,1.537217720281873,-1.8316251279869704,-0.6966609852046719,0.38673208910918017,-0.3106118650498091,-0.4852410029006377,1.9592437040096908,-0.43176223583129053,-2.0895761588772404,-0.8660724299396918,1.0378484567796975,0.9245886243602122,-0.1142213387764846,-0.2676459029699891,0.20513174092516548,1.05295085939361,0.05033595387979827,-1.1691051979334235,-0.028602117251140983,1.8568968276646929,1.3571593193282934,1.718181456825692,-0.2580998613070168,-0.4129859156635337,0.1600218071288574,1.0,1
-0.1631327803961062,0.4613375957056655,1.5771046851704087,-1.1920086922520323,0.4805525857539323,1.1527037047455289,1.9665180958859896,0.09983888042154612,0.7166405718945543,0.929428628281584,1.065149655015058,-1.6499325960963442,-0.9293622883365756,-0.5819700163327572,0.03744060243223103,-1.1858128685531852,-0.8467559967692634,0.9362040628046852,-0.02629990273650433,0.3238243467189861,-0.8239384042014319,2.3004213730624707,0.9147120231105444,-0.6175497515742645,0.369330184972082,0.15869792185579973,-0.3661244909298763,-0.5678196075904913,1.750725115492989,0.20285247913538215,-0.09879464052334147,-0.9799924565257719,0.4112959234148544,0.014514309390832763,-1.5969205722753388,-0.3993511098969269,-0.436673440006198,0.278235339542515,-0.3684659131691159,-0.05356262458922497,2.656888921152667,0.3837738965638733,0.0882685365589609,-1.2249063793568091,-0.39724525718710013,-1.1702763383205756,1.0185758721773779,0.16689050334621106,0.14810390460291153,1.1926573336886936,0.0,0
0.18362460258564245,-0.7240382373263564,-0.9243112072478191,-0.9543357803513848,0.15164514048132946,-0.5013633401261793,0.31494918339661565,-0.9464784413047268,-0.34654787831199435,-2.7322743916696934,0.6791975283742706,1.0608205612400945,-0.588807654204204,0.6085739805348556,-1.0108210049505082,0.4893006370606665,0.1920534574636479,-1.4656121137538596,-0.8695296329103087,0.8620039222867197,-0.3606431898034022,0.6409017816706297,0.15065446601143898,1.985607193835544,0.4810477043978472,2.118861509478143,-0.04497656952969459,0.011107645450234065,-0.7345086868968704,0.5494638516706728,0.04782362704625446,-0.9334071601114248,0.5813292857428297,-0.01095813580223204,-1.0922894314650666,0.8718607681585631,0.4760283243441672,-1.186633754603096,1.5429302206175848,-0.5965144869507029,-1.5544958397339173,1.7965208215927322,1.1412555948272851,0.7452436184515527,0.051308535353452214,1.8108352430829937,-0.0947754407606056,-0.7577707153327151,-0.920274464441455,-0.5178771837068579,1.0,0
0.5374219705544367,-0.409749508905262,0.13171136423061638,-0.2807501164666583,-0.5022130992861867,-1.0272657455817809,0.7015673215769058,0.6345484060983427,-0.14871874031410187,0.7197362123198895,2.0931910796027857,0.8440842652975543,1.3212561417598314,-1.349181736754637,0.4217234006999008,-2.191203305854092,-0.05611459170815212,-1.8027038582916213,-0.29410913258323873,-0.5640149778646832,0.7392510300582881,-0.870499656263202,0.13626565529799495,1.586829314078344,1.5962162290795499,-1.991967466058124,-0.2443009795646805,0.2246989050410767,-1.188781542374158,-0.192965473263974,-0.03542216921775823,0.13401779866955807,0.2388438789604511,-0.9385272378630684,0.6022176009225586,0.7072678462722649,1.0538674769870855,0.7832238904204091,-0.1384261860734085,1.3004499245700991,0.3245932719380407,-0.19665525275782847,1.7334202101384135,-0.3407987646465788,1.6073797784127133,0.5658469991868683,-1.33625634670339,0.1868240277228919,1.5895331545941331,-0.8673569155434736,0.0,0
0.24004566285348916,0.7794436968309678,-2.2678541992128003,-0.15802084149946732,0.0008680911565068358,-0.576523331144064,-0.17602835229221525,0.4235750532664842,-0.4816952288091237,1.020298648130254,1.3004214733437192,0.5956103391106651,0.9107003325087196,0.8159286037958899,1.1723362445663037,0.7901226965305982,-0.7026597867082327,0.14556119417540211,-1.7549601328696878,-0.08946580331168871,0.8457482085571321,-0.3690062133370207,-0.9279350057529444,0.9330743562898374,0.5426708144528775,0.3711671688529165,-0.3850599766737252,2.2512060382983528,-0.03527915547660837,-0.5675315277968271,0.009885527243525044,0.9213193399476504,-0.9054513666734294,0.19114543668883424,-0.08967130766859098,1.3555353729503852,0.5292816897269841,-0.6070864679143788,-0.4710956187533977,0.8735233527848497,2.373243235569608,1.1004825933430578,2.2090281209048603,3.8863009710051055,0.22615588428664135,-0.3260111656807317,0.6106854060398135,0.8942250303753826,-1.0882073161212582,-0.8637597803676192,0.0,1
-0.1454426549732774,1.0528010202571616,-1.8533870633408616,-0.6802301244353758,1.1114913043484405,0.5161381137883873,0.4931513063135977,0.4299916306362656,0.9275354545869532,-0.43895030267209467,-0.27547227317112144,0.36280320940750205,-1.2092905067252822,-0.5711882588150938,0.622788185607406,1.619355804724281,-1.095856373436057,0.9270547459162154,-0.6366388697753984,-0.4161833265018704,-0.2578557113893713,0.821560061508255,0.03792807815879316,-1.491744873182253,1.3123923387008567,-1.1146854103573076,0.5061587991066059,0.9595674040200664,0.4282952515100487,-0.6753903375570015,1.1389954451372315,0.10989183504289826,-0.5416476992465824,-2.544741777679364,-0.11758180128246998,0.6869235013129064,-0.8998444086024705,-1.0041291648404511,1.6903927933490404,-0.5861129021334505,0.3259340464658647,-0.6228474833105897,1.5679165627849163,1.0746132905974282,1.1182765891646758,-0.012603684027478964,-0.4485866283950097,-1.1544308385060846,-0.9873570212251584,0.8275612881873788,0.0,1
1.266520685812344,0.12567735450899584,0.9249236310448722,0.41531031888503,-0.8359443964237213,0.5580615971365969,-0.08038664317116179,-0.0819591601494808,0.3058351221233936,1.2011981279373811,-0.17706999493815734,4.404228077790305,0.6344393271917562,-0.2354811267600023,-1.6444455324385434,-1.4949337453898366,-0.5614856565755444,-0.2702448570470603,1.0994091748484902,2.0725210816940303,0.6469315578480795,0.6683451260632766,0.04188612158359014,-0.2558539566665021,0.08621615990912952,-2.323311737419087,0.2933735275432756,1.2830166253338573,0.8122421465176957,-0.26529186102627583,-1.575688314220567,-0.26843371486710005,1.2610462961330218,1.0875310147744062,1.0085005555426128,0.6344253389417295,1.176709553807429,-0.1641141656933875,-0.017900615414421967,1.5473568722383773,-0.3542171332173802,-0.16308192539644994,-0.17583986532552362,-0.18820453243381216,0.9309824382343947,0.28711315264817056,-0.8168805850716409,-0.4921853107706062,-0.3805386003351853,0.4790606273811438,0.0,0
0.9920779851245184,0.4263512012046311,-0.3183933657603783,-1.1675071686345082,-0.6871835212614916,0.5573641795458801,0.4328756545350859,-1.5917272903618898,0.5739787256280244,-0.3206193532192565,-0.7570929047959242,1.158500169747749,-0.4731214743568065,-0.13961273270706714,-1.20284122299415,0.4645009591778367,-0.07328676595290716,0.4210522291611802,-0.14595457103165424,-0.037955799300119136,0.9900128512921872,0.2401944359056421,-0.5546819158749821,-0.4609892342446809,0.003985431331396618,1.0324341740928986,1.4530351286077818,-0.8072279780672953,0.17939080443902208,0.02529913156236413,0.0584468423841138,0.0825074479602841,-0.8015977708748888,-0.8504794098639344,-0.5939757925237411,-0.344302055086117,-1.1823015025476011,1.6429931634330932,-0.34564578366686755,-1.2829346018795291,1.0352759271363732,-1.2997299328411962,-1.0608599312546578,-0.5088637861577134,0.449364379995802,-2.586561138120704,-0.5523916894383896,-0.28605619324553483,-0.3973943742283101,-0.5668672708441808,0.0,1
0.4010104174071663,-1.8951480847415545,1.5402241807123258,-0.8206682171542348,0.6627392221629445,-0.4780955965280145,-1.3187266098323414,-0.8968975837767447,-0.30508641608015696,0.456207591152323,1.8702034835314607,1.1059010175321669,0.8152048514049142,1.3880354834837259,1.4485325376774334,-0.6498328736367724,0.728051498245584,-0.9643723093871708,-0.7608181975900441,-0.4475944267347531,0.7343270106581803,-1.6592217803059617,-0.3476647025672622,1.1174289411698908,-0.4936595171359184,-0.7207016447196434,-0.5204869842569461,-0.8742436852258484,0.6217636258857947,-0.3043626352975358,-1.8931968950218359,1.3890373783924959,0.3247236971152023,-2.218300538370531,-0.03343458448080558,0.3397606610311361,-0.6018454182963666,-0.16218610803321276,-1.6677478376829942,-0.02290292191791211,0.4567923281209999,-0.6142020268382111,0.8871679468811714,0.8325973111910734,-1.1535265861120263,1.0020149754571421,0.1978544952228355,-1.6415644521273083,0.6876078971564841,0.11579913364987965,0.0,0
1.3777909086373046,0.5161953115414752,0.8016414492314885,-1.3775235161395143,-0.5321615560880393,0.39590542322257133,-1.158798584019605,0.7727120069405601,-1.363774085749081,-0.6499150063855057,0.20424235344519706,-0.8491729659411509,1.2194930781522573,0.8570247683163281,1.113649571181527,-0.2321575666153322,-2.0734901588427217,-1.2653820858157352,-0.4446727181186433,-0.8365905592733707,-0.7690289524273125,-0.35747070928405894,-0.6930040638270035,0.4115543235365484,0.250435828099833,-0.02270572624414509,-0.4894782892612138,0.5041100754461714,-0.4253818810860064,0.006082826662946365,0.05487664560407071,-0.5389824185290357,-0.6952909798679782,0.6786000601045021,0.6851162320219385,-0.4093919373743358,0.10961217357626736,-0.7067750717648906,-1.14230098499337,-1.3891185029938096,1.23669444798601,-0.4364161698889748,0.6344973569133643,-1.0585321076914014,0.463405342043364,1.7227125602363682,0.10563690083246156,-1.4497924277043444,0.4718205348716823,-1.3544381504965457,0.0,0
-0.20677301233215475,0.0022379055911087033,-0.4569340255211903,1.9418179510371172,-1.4154545641690677,-0.029807956326095168,0.9612470158224404,-0.10518445300496043,0.18242233538788316,0.5729927176812367,-0.3604751113680702,0.09522578053478893,2.0597662593848054,-0.4339692213368387,-0.1277402869686749,1.0108754720398092,0.3835116259006479,0.54007933077226,0.8110968529320192,1.4935442142795476,0.261210028913353,-0.28973085256149084,1.4885961656873763,-0.3819079150744937,1.3546891657773588,0.16935239971906454,0.5543209712565252,0.3677431106328767,1.755815711711428,-0.20221249074798006,1.2857609598271074,-1.3399137345665812,0.14492980277895404,1.196968403973375,-0.1919073231179788,1.1727781985487922,0.567826597103298,-0.07994400315340873,-0.04631883364865458,0.4614447595212407,-0.7112352110240195,-0.4123188884425741,1.1105042877482707,-0.7578833373665932,0.4894785705132896,-0.4331446658865114,1.7489172752200275,-1.1292010584229428,-0.0598285653639412,1.1230748043093737,0.0,1
-0.263840219915191,0.13249501591417312,-2.4401695178724925,0.10621530265141804,-1.6433503260706117,1.3553161374014473,2.34241264073127,0.6839766053428931,-3.4375292666410533,0.15555759868057034,0.03921063564484165,-0.5127206823508972,0.06871165935156719,-0.54581224121308,0.6176582793749011,0.28734055140086306,-0.13562590487840787,-1.2162844000013922,0.147887319861437,-0.332165952166035,0.59947905874763,1.3201343326027457,1.5100880137030774,-0.42266130282391146,-0.5438360341629388,-0.014073079301203065,-0.44114202026249694,1.4420472341118713,0.540168586335391,-0.34448184481388283,0.6895153550619738,0.27615037079455423,0.14773889758189054,2.5295562110805743,1.0853995544087165,-0.2129528920218416,0.6882142411077746,0.3620511026099391,-0.16183664672382173,1.7187978683540692,1.1624841363917178,0.4146719062267761,0.03690190548991664,0.9524702005839424,0.4186078730449868,1.2045563242079138,-0.3005729357326016,1.236912833790051,-1.236607167670809,-0.21345093888899191,0.0,0
1.642507933173312,-0.6506372723959712,0.7334022816795474,-1.142582710917405,-0.8321095076457697,-1.2150537788167275,2.13117491455594,-0.8178772127118805,0.14180329466290034,-0.6395615224972294,-1.0672368331791926,-0.03676965655541579,-1.0943796875277914,-1.4451300159066451,0.4326930467140955,-0.3748474720204815,0.3788415903100193,0.13838739865704802,0.6334650618313733,0.17517255901402273,1.6602525496452227,-0.7648373599609785,-1.6067498243538954,2.044265934618468,-0.19460236493934813,0.8760912427300308,-1.5522209535963685,-0.17403276907111356,-0.3934847868524327,0.9887251597239409,0.7975782319850659,-0.2628779918802609,-1.4384013230779182,-0.025319560565860055,-0.06517987449091016,0.2922624704751988,0.2973520093291985,-0.641993383206829,0.4120841036400037,-0.2717364711867174,-0.1230973539205451,-1.1605396647569428,0.9494539412882448,-0.4311315461283157,1.5172765002472826,-0.0636766114830441,0.3717794941061408,-0.4686170800590658,-0.5823896187064895,0.9395118986788517,0.0,1
-0.6328746902466118,0.06866010403435653,-0.7280605298818437,0.6349963748640378,-0.9592960015669598,-0.9786245042183972,1.9797458296141004,2.0678270803218317,-0.7984695482944393,-1.1606803008928899,0.7260169238769207,-1.4140292037865396,0.398846332581305,0.19958438712341503,0.7407891284568974,2.015406803950268,-0.35995349333226,-0.12239183813609107,0.12543683330257618,-0.21216525708658152,0.6415946019789543,-0.4864452442287059,-0.5557067382102079,0.3029994756228843,0.326420661652258,-0.6739932031845294,0.38042382907039385,-1.0960426184409633,1.8206095073505457,1.30826999343597,1.8322302007273377,0.5651349973145338,0.12807691185504588,0.18193183310942634,-1.8180032955426928,-1.972960122836811,1.923536646539,0.24621800622115125,0.7298715140790086,0.06590048232165976,-0.8114304047583889,-1.5857586554653345,0.010470988355356713,-0.7449747455736507,-1.0046204884574397,-0.93132748922152,-1.5574020262378931,-0.33840314104625896,1.0125165020234628,2.3206103861442635,0.0,0
-0.08528002306198477,-1.2241160919332263,-2.0981507042379333,0.4123367156286824,0.7809774763803522,0.31001519106136405,0.324088326844888,2.3926786271068217,1.8248960286250235,0.7639482879850921,0.4867044410368884,-1.8598775995897197,1.043524602042467,1.3646308925725552,1.5117271387172209,-0.2145578094878716,0.4518990433072542,0.7152619995955148,-0.6731380554908677,-0.5562833771100182,2.9584787444114293,-2.0494358802547854,0.5021422797125763,0.643138728864869,0.01850266309134744,0.8236606435610807,0.4178985622715818,-1.4497032362532123,-0.9000269686748691,-0.7060205853921439,-0.5058109434392672,-0.3506502842692127,1.6589602268932393,-1.465854924716831,-1.105926315010483,-0.6920301960092059,-0.6077967289637128,1.5152201269034555,-0.0478551870924764,-0.564011832564029,-2.7457365916992016,-0.07573637906360793,-0.2365683860938933,-0.5393895698857416,-0.7029468167337367,-1.1162766271248057,1.9105118243071808,-0.13220782624572128,-0.44709520353412935,1.1712888300793751,0.0,0
0.8126945961509628,-1.3617530166057574,0.30721833450406805,1.0756638996397574,0.22307334560359046,1.1162356247623284,2.082271968991451,-0.6588250964152368,-0.08640047133274581,-0.6636387686433785,-2.2175103763611856,1.8660170680316408,-0.3920208310349577,0.3069390089855003,-0.18783585998175134,-0.9589336045215198,0.4467387516517197,-1.107208645802259,-0.3645323064289084,-0.29529410192288674,-0.5822634786270224,-1.3491975271346206,-0.22733533410876536,2.1463429073770635,0.13537899063291087,-0.7830269004484226,-0.5844752987776621,0.1958521933519266,-0.2955431409085246,-0.930997851479045,-2.056839528300321,0.7773574902703725,1.0029681350095143,-1.014226696496262,-0.25782486900908763,0.0037503733196802384,-0.64642056660982,-0.3587704746524269,-1.7606876410663634,1.6194444157921843,0.18148491786435447,-0.3965626799606058,0.7147820695305785,0.9070886677290672,-0.4106993134147129,-0.3133308217505635,1.1201016834879032,-0.4916956055075166,1.0666682494010382,0.2496085461714408,1.0,1
0.7738477656400721,-0.4392569401331108,-1.2743227274272406,0.03303069778210725,-1.038183634473944,-0.9617109461879384,-1.3467588315982544,-0.01766610365147419,-1.0392204676468124,0.3869249344063957,0.2221123139242472,1.0061091907927395,-1.8250644605688715,-0.16428391702433412,0.4988262967434408,-0.10321467744010487,1.061569458690424,0.0099297356362774,-0.6924871944952798,-0.7407072706532517,1.868835860203164,1.0279210081357466,0.29025533145461324,0.9662338895147592,0.5685791810128933,-0.26415143305142996,-0.4211465995360051,0.8614175402926143,0.2594229576926484,-0.05161016622400415,0.9247189101697356,0.35314907172060017,-0.5161075263640079,0.07456938256793663,-0.9544204346333408,1.4911894976535367,-1.3131069712181944,0.4783596248569141,0.5317140693438879,-1.0426361970264957,0.6561083807250633,0.5264967094416773,0.3120120648026499,-1.586493551214999,1.6527379473275878,-0.7507152404419662,-1.52132770497826,-1.2899609744126703,-0.3925111319971927,0.588239828131391,0.0,1
0.6671955462707585,0.22735211951687226,1.8021840428759497,-0.10877262291665384,-1.215826927563418,-0.11202228330321297,-0.4249717992783292,-0.6161052716028206,-0.9449870017686172,-0.6225221319555134,1.05367586411299,-1.0327415016077044,-1.9300449440752023,0.43509543003556495,0.7897267231367303,-0.8061424036828349,-1.8769904309288719,0.03640813222529545,1.178038678395612,0.011341215795694174,0.12106473248082668,-1.3660265797470257,-1.6554135120991136,0.0032084905390444675,0.2407730478925343,0.499916183524907,1.8903096074847998,-1.322519333462184,-1.7398314720089718,-0.2547961550003381,1.2007092934552768,-0.14217284962637985,-0.20998250506641994,1.3897260309610455,-2.4728417705188264,-0.7097573345306758,0.8297024906423596,-0.9338657059053193,0.09258514589583756,-0.1692681213408638,0.054845559391686234,-0.5275746862696884,0.2447901636087984,0.4692106685802625,1.801472144991204,0.1824793763686452,-0.922921401223775,0.8555495890834279,0.8832634592387489,1.3037450731620166,0.0,0
-0.4053279324870537,-1.3197910037306393,-0.7456120350370495,1.4174532506414974,-1.037851341984317,0.4479545079530312,-0.3870160871575225,-1.9567704385918472,0.6741731251399592,-0.08845925359373308,0.05758061958575525,1.0469901287836352,-1.4571473508226767,-1.861245736295305,0.2532894716392994,-0.3943233255726549,-0.728460906439525,0.776670853010676,-0.5055279421285157,-0.055774951288265616,-0.7174345077210748,0.8566951431051957,1.8130643688015835,1.5928606707567818,-1.8186714792022247,0.2573331368111643,-2.3451792366705098,0.546667673681422,1.5123090704936848,-1.2604667327709116,-0.1213301440903908,2.0974505945140125,0.2591548793231718,-0.842771332092108,-2.2510116817548065,-1.9601786597683883,0.6339694576748465,0.8164554769535487,1.263688811336222,-1.0949924796066215,1.8440840957396407,-0.5355636118981697,2.563108130343688,0.7942326036817081,0.4671457628042336,-1.285610375437997,0.9344704267610664,1.0673967706707828,1.8952775394313792,0.6989692715815604,1.0,0
0.7367963720180134,0.9692316639779441,-0.8144038584196532,-2.20240906210106,-1.3312055341248832,-0.8455004317545637,1.2718306307125893,1.5303726100397188,-0.05440473219056922,2.3736100669068474,-0.8827512660853541,0.3026258894972466,1.1023913742701088,-0.3141626820742027,0.2978363675200323,-0.9397976073026484,-0.3162545651153883,-1.4752897937141067,-0.6323022995890785,-0.02635786892958069,-0.7068721453762499,0.36957378683830505,-1.4573095522715858,-1.6922076081344115,0.054823239298874366,2.6815977538605806,-0.9963238011332092,1.251312364588395,0.4183428200757544,-1.0470334965601622,1.639690274208749,-1.8706007278813748,1.0271090794430395,0.1273132346278042,1.512496158288866,0.14646219129610893,-0.21751590731810536,1.7128211082461124,0.32772314134861513,0.6389886988991674,0.376347583703636,-0.7942971569605655,-1.2499174621272944,0.24573364698012526,-0.15200951839774193,0.5460136570508608,-1.0963652890218667,-0.5366583396704576,-1.3553101605339042,-0.7390401952908413,0.0,1
-0.20494374958082234,-1.043681634912103,-1.1281040500035786,1.14251596421883,0.3183223855923981,2.2231008314906298,1.0019159473284296,1.424896572385541,0.057070415485186425,-1.022344616765711,-0.3403701133567797,-2.0500424897405054,-3.498186627485788,-0.4499373129161775,-1.4599376897530485,0.7644210002686068,0.2041973906496121,0.27983166182143804,0.9199134516826354,-0.8687611932034672,-0.5184183458669385,-0.2681559882292697,0.7852368999585227,-0.0536802402896384,-0.0992149205071493,-0.06966447925467945,1.310341079540302,0.9178797234888992,1.3057854094740595,-0.10227048577281392,-0.4962052153484481,0.8002704158143151,-1.3973552307898975,-1.4510671642865345,-0.16242250234191735,-1.5211358691468764,-0.5192034132764266,-0.7294022861705841,-0.002992597379580209,1.8402453061665285,-0.8268957858228669,-1.0994846308799064,0.7130425542502867,-0.13102152436934714,1.3729631083903158,-0.0995503494482095,-0.3732508831286537,1.8268938538451012,0.3775876244700697,1.5367179160253734,0.0,1
2.0622886079300637,-1.5481173045816752,-1.0013176558289179,-0.4672435089120099,0.4462402023119481,-0.9643539103189812,0.11793227650787445,-0.7151122349240419,0.13156753468954527,0.9170597577359996,-0.8383213973127028,-0.5749422165179401,-0.0541334028179636,-0.5556292874339799,1.5445018790135452,-0.514525537722219,-2.5001707632239345,-0.4047976640831997,1.0696243251996538,-0.4098282012697604,-1.1213803884870002,-0.004203204455734664,-0.7324093692978421,-0.09090567413783857,-0.4408585941863397,-0.7446802068005361,0.11677092387600685,-0.3630577765848017,-1.315396573634006,-0.6746267744190043,1.1537074473431514,-0.025262124172300605,0.8509785027065614,1.2493945395866868,0.0394178821421706,1.0888891156443856,0.7836974064218358,-1.5862600577092567,0.21694658492742164,0.59921887487059,1.5598919995547909,1.6711741972565874,-0.09030765448944257,0.2314943957877313,-1.6627182125600448,-0.5748903717336595,0.4509399388825247,1.5383784346080078,1.070447559809684,-2.966214481264295,0.0,0
-0.29141803879150896,1.3902236986754917,-0.4019781032749051,-1.8322430242190804,0.04552373910110071,-0.08394012676753834,0.7169297733014196,1.6326884682560494,-0.6881855429405599,0.1504605946150696,-0.7373470905484173,2.21609136112277,1.130565767304322,-0.06238951778863496,-1.021616402681835,0.16751312205654262,-0.7719501161417406,1.034073539395089,1.088432666277357,0.8374867871491024,0.017691009348006517,0.050893342676044964,0.5339323018639042,-0.3317739401856127,-0.4432385032937061,-0.742856835554167,-1.1618959613990367,0.8162660541155692,0.8851885857116278,0.6180309587510502,-0.1685840339043245,-0.013149647173479379,-1.2869887656530878,-0.8429485129644938,1.3882472605359617,-0.3789332366573825,-0.16882283451919625,-0.1524709359053013,-2.574342447602741,0.19998682228118347,1.0858135774584778,0.8788340984096413,0.8136711633639192,-0.7926494648221654,0.6031463533815196,-0.9249069621525936,0.24328335979688695,0.4564153954670913,-0.02589100960269236,0.8059605824454803,0.0,0
-0.7493300377305979,1.1214318508434555,0.10892285046800003,0.0969619761912499,1.8591772170388845,-0.2878510523699295,-0.4225642032839452,1.6861293352727238,-1.0284412903215892,1.5189500782051453,-1.802534148683544,-0.4488412612633561,-0.4686506921414654,-0.6393264331741114,-0.7476361685751332,0.9584017749860196,-2.219869854937955,-0.2058818912402431,-0.6897635911700174,0.6726001810489909,0.1313314236742388,-0.3435428374832677,-1.7431861044273105,-0.7099845098755423,-0.3605597338938073,0.7563576580690945,-0.8547717417435073,-0.0930211163282222,-0.2306767890544239,0.2404643318755513,-0.08510102632597501,-0.25235687397751194,-0.6771051201467995,-0.2367681765100247,0.5480335868537243,0.34492597551349563,1.1685460808420658,0.977033374006292,1.425161646911221,0.7756250092400678,0.6968939402142321,-0.14909252149024685,0.4400410785890271,0.5181168216762861,-0.7602885349991539,-0.406590735962216,-0.7423321444493931,1.2549639484617314,-1.0239787735428258,0.6544663839334858,0.0,1
-0.6212811157195592,1.2524948209499012,2.3953435276582358,1.6670769801214953,1.060118330589205,1.1933199711706617,-0.1001093248871094,-0.403176500465648,-1.5797753553468945,-1.1796984245726494,-0.703273439532879,-0.10867864109340418,-1.8360464704083983,-0.18547389028368808,-1.2151496616183786,0.543753040013786,0.15217010483048726,1.2595756165827807,-1.1827325190718814,1.9238700045923205,0.8660866746419693,-1.8555128656786923,-1.051395507640893,-1.044416361471416,-0.7699769212885192,0.2825656301581322,0.2958360035060601,0.5046068982179515,-0.34150429815345584,1.5306000963608202,0.8190246223344255,0.11012218828061192,0.2367708524179309,0.4871148671832845,0.2761892396116665,-0.15089847412602855,0.8503367779985599,-1.1973460323596283,0.005125849439165344,0.5542643533963191,0.6500528245040732,0.8927920620030212,-0.6441618859397438,-0.28299415243261794,-0.06387205284310933,-1.372145969901984,-0.0032457005450185357,-1.3846103346190013,-2.274184949542728,-0.1720710213074637,0.0,0
0.3643007198972232,1.3386314352736997,-0.7544371906071675,2.064253588831879,2.366067213916671,0.050937874701515534,-0.050543099170203235,-1.0692287778965657,0.6337025217550708,0.08399659501092634,0.29738892004127643,1.237066700576405,-2.28173176676055,0.4006449268533986,-0.3208744948404987,0.6556819711689753,-0.0719113371043453,1.8092119647441736,0.22525410879076105,0.6599255249177682,-1.0084726008652365,-1.4934495493116269,-0.9587029028061508,-0.548789694330541,0.213875984877685,0.5631794769179422,-0.4635906657281539,0.03442921545048063,1.1009304380302458,-1.090133575143747,0.9692469154608172,-1.009630241498521,0.07207002594301143,-1.0905746693423088,0.3199819145823471,1.0909921887817535,1.9213135647160675,-2.2433174739897974,-0.9223249373832504,1.0767667067785769,-0.016665039038962874,0.6548107130228841,-0.5297218921841134,0.7016455558068949,-0.8029394396519545,-0.0255303505352174,-1.164835350410265,-1.9074005327962704,0.4103098567305441,1.1395412722539262,0.0,0
0.8481381458310879,-0.4059445260844742,1.972715308162567,-1.4077912231891028,0.6360434294440606,-2.5670022243277444,0.508788192943706,-1.5513032764256245,2.158483450114801,0.2769277341418939,-0.7146767975900802,1.6152026486425726,0.9581333761414308,0.6980369660690916,-0.5396890847675025,-1.6399336712807957,0.3924842642358092,-0.17546740726896445,1.1746978081135075,-0.7931036104950879,-0.2973426588877736,0.6728717974947789,-0.17202906976359272,-0.05732321488722025,0.09932937209991267,-0.3425220449916439,-0.04173256678313054,0.7206810040096835,0.20838368162650425,-0.3054411459156082,1.8036970331239544,-0.8110969602548421,-0.5753321113396109,0.8876995399375964,0.1696549871442834,-0.5793411834911244,0.04699029987697033,-0.07928985932506949,-1.1607686299385975,1.2159907309288152,0.061360014206028074,1.1822505219387276,1.0883533870976083,0.8817911461827083,-0.26462278797410066,1.199191576764602,0.4990126277120141,-1.324358079644063,1.0067973639749344,1.0251025217647496,0.0,1
0.36052236845345104,1.320978226521922,1.0527528127936998,-0.5067786488370793,0.05196303077221962,-0.1417415274903254,3.584727546235268,-0.20516884128289672,-1.1255653961924152,-1.0670502548309622,-1.2424753775752746,-0.4152405199328109,0.4595367479731564,0.1172891432200775,0.4254994081069941,-1.853325706856356,-0.4833406725199708,1.7703075926088496,-0.5849864105240696,0.18160372361508054,0.6928942356681577,1.1455890717312431,0.6415311966156371,-1.7263374739422797,1.1678276771167742,-0.3002060920723931,0.34903152291545664,2.2161201817907297,-1.5403475388232084,-0.42434205071643294,-2.8428675691172374,1.2716117532820868,0.06470727354520392,1.477276817045878,-1.2562044894356963,-1.4767342500876584,-1.362023137327722,1.324941537676159,0.5090119748250399,-0.6323873342999314,-0.9188449729380526,-0.23302919463554306,-0.7159376021820814,-0.13391848038661255,-0.9547940207834552,0.5320596307368224,0.8435449055558617,-0.038275640854755696,1.7854424622929097,-0.5255716155420618,0.0,0
-0.754777937098881,0.4474610454770882,1.2047524581276725,-1.1326019860922754,-0.21910618289212752,0.2890432040621074,-0.22513847534056025,0.5034901042081416,1.837244765814125,0.6974004815107294,-0.2935123416148264,-0.1811308572549972,-1.8975494174038088,-1.7482252708105308,1.2579534194776691,-0.2953713843098493,0.9421462773312088,1.0453459355912054,0.2285637611844153,1.1430842592553698,0.6408458118625242,-0.07795714871932043,1.0135905719924236,0.2153547919805556,-1.0856797162631118,2.465609158728613,-1.0712595910343221,-0.41344945478338463,-0.2987449041564353,1.321307090371572,-1.5182363139795394,-1.3959389828119335,-0.2369605968551848,1.386313252027833,1.6304684728981418,-0.22724501998899554,-0.5763241220767078,0.17262833891080615,-0.4726698061211211,-0.1397213720570539,-2.2981046367756397,-0.2246370761163724,0.5485178817358244,1.6388285369921112,0.03388789121052059,-0.6926045862689624,1.5517967205248322,-1.025667993458076,0.2267823950058746,0.8605821182547183,0.0,0
0.6732205302210621,-0.662066960262467,-0.31550860675362896,-0.2542788386946013,-0.31822056194535225,-1.8336936724469517,-0.3166258755608914,-0.2629927650256829,1.1505111213231205,2.2980453804693486,-1.5129987239732474,0.119036037314162,1.7996995582749122,-1.0400225228685185,0.1730520475907542,1.0352105047174636,0.2981106536321805,0.7782336151333028,1.7355254682724783,0.5983935176399501,-0.2535971376435875,-0.6141003993332401,-1.969272903413684,-0.1584262021731644,-0.7112232714938485,-0.3839541410767989,-0.7213176559018485,-1.191275718618425,0.5987212599756815,1.0446540342758746,0.049384621150661036,0.7089633662225444,0.31599133738210816,1.3747308211404297,1.6156490986516074,-0.35775500321650483,1.6472447205788778,-0.44798758859310506,0.9098181535883074,0.06417861195896132,-2.705050862799209,-0.32871633772732456,0.8894916603474307,-2.000843706518109,1.7611138036035234,1.0021050793717976,0.6181800471047585,0.19943293417973992,2.280513823988395,0.5413828017185023,0.0,1
0.9339229643980632,0.3242983073453893,1.16245645773461,1.7035142475130076,0.2984132924846474,-1.7886004634346395,-0.5185775310039388,-2.0276721331121355,0.09203618749091826,0.5411718902439653,-1.4974816405370122,-0.7363955014198672,-1.6602129244692856,-1.7671356757807062,0.5729964225722906,0.2266855758387422,-0.3240202061451518,-1.2890276087879051,-0.8124978241877476,0.1671538018188605,-0.3772619363487913,0.34633358243765283,0.1462386865028758,0.13869784092158893,-1.0417115962625496,-0.8546608793682005,-2.035874771205212,0.6727086495049244,0.9407407397440648,-0.2061504466129178,-0.41253849311700896,0.2070602885886688,1.8791202038621682,0.10760220535570916,1.5264242534391061,0.1308350207039504,2.118267153459989,-0.16143984364343195,-0.7903120025365021,0.7747309657286117,1.7713667278461136,-0.7289627744039757,0.8588151094102576,0.8260160158121399,1.8345656768037781,-0.3418278669280407,-0.09713350506869056,-1.7150427761882812,-0.19493436260275565,-1.511711223336608,0.0,0
1.25902650113323,0.9515537105290331,0.99701707719421,-0.3064429860843954,-0.9593155161470958,-0.9469846261314666,0.9742974136786582,-0.8074889520451958,-1.1829193926351298,-0.848707967423159,0.467836066750307,-0.21082914136270967,-0.17557179301229034,1.6585210127716217,1.238509272733238,-0.44820478183405055,0.6833766395930014,0.5514239029751172,-0.5004296205054622,0.8472829669351412,0.930113872894684,1.0399591434685065,-0.7802982115995598,-0.7716004349741388,-0.28379829778180604,-0.2995568681355419,-0.5976273018462579,-0.6233770066726486,1.2689500478167417,-0.6678228093377911,-0.2650126328564912,-1.4282931727372092,-1.0352756111484036,-1.30940785874613,0.6785161289679101,-0.569409121106021,-0.9025695527087682,0.3797158956437113,0.8205068608919043,-1.4126111135632955,-2.0154255670826258,-0.01868754983021377,-0.6378454178945204,-1.930329386277222,0.1908722699987319,0.3332037565532817,-0.6579807972014906,0.5179628131067784,1.0728947480196558,-0.6873630150828582,0.0,1
0.08197799617156737,-0.8540251701506584,-0.6600031333192438,-0.2313261410243488,0.06494036740649664,0.21645184389975625,1.1225415975688693,-0.4988182262844734,1.1203736705153553,-0.4563722393732216,0.6818383074935144,1.3575018211882497,1.4212028024795311,-0.6102018790360303,0.38768334277616295,2.089841158502442,-0.7139743637811348,0.2622817730028149,-0.19924436310932095,-0.4545427415949798,-1.85308047624338,-0.3117538233054956,-1.0553720517295009,-1.0277995349814313,0.9929113362770592,0.22556574852208736,0.8207789053420164,-1.7926260522044355,0.4150631106183796,0.30064305105318195,-0.4396675620895062,-1.861957628260696,1.0161158153982943,0.4220299540202013,-0.9789549762225755,-0.5235152359940383,-0.7390256184600983,1.522956566397189,0.05139658150165709,0.4886533210730968,-1.1375421102603849,-1.2883264614686432,0.9041583740009308,-0.517574837994639,0.5282208634778839,0.3998239674039723,-2.441718793178855,1.1667205706598782,1.366929578740714,0.7570718293021073,0.0,1
-0.5574370540878122,2.3308614851598786,0.42420633368517385,-0.8325226037559341,0.24278682509956476,-0.7215495560269282,-0.13733969762258166,-0.1513220653523621,1.8257558959357283,-1.2700340618064732,0.4726890278226698,-0.7282775380789204,0.06748182757626275,-0.09998465098615704,0.10581088594873056,-1.5621485711829173,-0.5033805024874022,0.5807442906902046,-1.5534143945351968,-1.2406344222893078,-0.6765440005115348,-0.5129767681954334,1.8430661099488348,1.0582116944177076,0.6302268180980931,-1.9440725418929288,1.300411461683035,0.6659716630977129,-1.127565285598726,-0.051095846916822125,1.5827440033584748,-0.5604473007145948,-0.5463500987933508,-0.0915226499542436,-0.04848900987778378,1.0374763433150358,-0.7783262231745883,-1.7511319032341195,0.6264267768415634,-1.2969776571615341,0.4981363022096798,-0.9809893090373024,0.1846842052317035,0.3099289619546145,0.1810384591609332,0.4970847018630163,0.547017788800493,0.1159051367909932,0.4721713218820936,-1.303454697117949,0.0,0
-1.1041211141317748,0.1829535609256345,0.05304615125643365,-2.6843758227181618,0.4713031298571576,0.2862608463833214,1.0212135315690003,0.029579695872540925,1.4013913888650795,1.5308602606699238,0.7140780678791017,0.3675751542916224,-2.0234986527203893,0.7273682721147535,0.7515578196345953,0.683304456513529,-1.176266889568065,0.4027615782188293,-0.7010471042580254,-0.7824033451761313,0.9168772694431848,0.2851778063879154,-1.5332173868427434,1.7007335122829006,-0.17689529250023647,0.10948485803149176,-0.23913434647587095,-0.41935152316693575,0.06846483353336383,0.6503608411506466,0.903554399829254,0.27433932458983906,1.146825156951831,-0.5625787926882068,-0.577814714075081,0.3190386366335171,-0.9997685017669798,1.1857940517016627,0.551571525569703,0.6020615611601393,-0.5199631878977754,-0.7377234565978471,-0.14647483254274826,-1.372443121760294,-0.3948286580846415,-2.0406831838690254,0.21245081357912995,-0.8630582239671704,2.6324461534010495,0.1416002201359761,1.0,1
0.6099178020944761,-0.07722775367035856,-1.9412662910561156,0.34143470998675635,1.8628551351223697,-0.29523047478727005,0.4783165058214792,-0.7151904957409182,1.237292927160557,0.8403886468450849,0.7241272794310375,-0.18015930523162355,0.15257918672208845,1.229942937860676,0.2720768882269501,0.07507401007744499,0.08681927006536326,-2.5153542762884533,1.8500438785729347,-0.17580645673226966,0.9034630003902674,-1.545159349411475,1.4414778960070702,0.2688322271564248,0.4290540360918662,0.4363884002457169,-0.4382601962147403,1.4204984520414792,1.9554321006834303,-0.39157541669177737,0.12072220793889915,0.4140250968447056,1.3665057256711728,-1.363219984262961,0.015653659985217002,0.9046602101137592,-0.806901090380598,-0.7063103537686168,1.0528919170355409,-0.09347128651554497,-1.4389505404207306,-0.31126891022505165,0.8056692388759787,-0.012550938984415044,-0.2608229092907157,-0.8894777340366425,-1.6158992125782383,-0.8519646026261832,-0.04118014376604755,-0.2703269017615361,0.0,1
-0.7393240840572508,1.0421698089140663,0.062316474054224275,-0.5506980125750338,-0.5554880547280967,0.8809447064306198,1.041779003425811,-1.21331531204503,-2.764099532514737,-1.1682078924596735,2.542507764587249,-0.04848114439687744,1.751618152415002,1.153146654538133,1.1562003780791397,0.1805867055469068,1.4647136336279778,-0.6124725019207434,1.4637719323274654,-0.6913012545154723,-2.1707890279967557,0.9909575667502908,-1.2785403982509385,-1.4416566430277449,0.7050934038888116,-0.6124059982374561,0.3689161655624912,2.102518825923482,1.5057013021324208,-0.17344004689255746,-0.19008797252851184,-0.7028187201474754,0.5765496952279086,-0.24900019264430176,0.4779227190599771,-0.6531978962694853,-0.10427979511225796,-0.6261487103720803,0.2003271388349913,-1.1869390799580908,0.034578670633467236,-0.2568547793475545,0.8544439543294904,0.8112256768176266,0.9377034342073532,-1.2479309824893563,-1.015252707020154,0.48278178303572605,0.17763665100823442,-2.994111257741386,0.0,1
-0.02918271798908675,0.36917835927608017,2.021412412551808,0.9993887429193536,0.6100079721976848,0.18407439427996708,0.8551006124320114,-2.122056405059425,0.39701577778777664,0.8333309868486868,0.514109771946606,0.7161622523144061,0.7728564079988148,-0.5888748500709832,0.2568282881678585,0.14892970507840744,-0.9601033973509292,-0.6252897452706629,1.7638893749530065,-0.5670307059043571,1.5497996112799488,-1.7807752657242837,-0.3636481391425481,-0.5525638688064455,0.8032280549497199,-0.8621254924149255,-0.6264607219158034,0.8078459369350235,-0.4227398749706913,-0.2836215098370187,-0.14597247027795476,-1.3758588733315062,-0.2836239689429329,2.373850287036088,-0.2617228694049434,0.10938236493076076,-1.37387541568613,-0.12349276786624105,0.45620802213290296,1.1288085853370844,0.071831034237362,-0.08028626347341937,1.1516022064678102,-0.6849114835469015,-1.5269571721809858,0.4844791078046399,-0.7183037234349277,1.2038628215016274,-1.8620694472366883,0.3529311104225813,0.0,0
-1.0196249866035283,-2.0495884122890957,0.6198322035174142,-0.6931428211960089,0.8283884405498699,-0.4683265447087597,2.6153297089969865,-0.6024269850988839,-0.7872746547577981,-0.6961871729617143,1.7299709826291518,1.9396464323764444,-0.35299243745718084,-0.2848068453227022,-1.2495298748050718,-0.07601833943282953,0.009450121978606209,2.878913054805051,-0.17289582470972106,-0.5159332742640552,-0.632242746180036,1.7341748532768984,0.33339469812109745,-0.07114150536698646,-1.0373794216667038,-0.06609611479715644,1.0506601200634502,-0.38166276818286204,-1.4235426287259132,-0.6992726691751241,-1.1948304488842971,-0.8650052732043162,0.6988360073528521,-0.6712970769351218,1.4212015483152822,1.2548073756360827,-0.7706713604876156,-1.4479254811517552,0.4439859354185852,-0.09865859855694248,2.007670338530461,0.2098946224084126,-1.0696487062146318,0.015369215231158029,-0.6898101378921065,-1.9331737938744296,1.2753056085349548,0.25429823868471224,0.4118337792554136,1.3072963404114364,1.0,0
-0.6828317096921421,-0.4126777924251482,-0.17037944396212584,-1.6293190311874977,0.28129159714870033,-2.0522694521754508,2.014216236981652,-1.2633685455293102,-2.141659215575734,-0.39215455897287904,0.6438299018663736,-0.5464801787281274,-0.5494250856175774,0.6258106990326225,-0.3516068482545149,-0.5211523532356805,1.003130697731181,-0.4818997169462427,0.17608829487383612,0.6809323301217497,0.10436805332750657,-0.5694466906285927,0.19652619256482204,0.41210749201263897,3.3258534906598785,0.8590649941412397,-1.0244861699410686,1.1544841290506902,-0.1719186072175479,1.6065653936499236,-0.09011359729951496,-0.9913443866053948,0.4970644137605033,0.23122538375813284,-2.1917250803568584,0.8955693680893247,0.0722449999158414,-1.251050634383166,-0.8908018103665454,-2.185016543030923,0.6092984053890365,0.7193604544755634,-0.9001314503131009,0.7089385000680206,-1.3020788503425398,-0.8974496476446086,2.1532693108205416,0.3809409348614456,0.7186972759021643,-1.5424177592920485,0.0,1
1.5673636393557944,1.3719985916766175,-0.11970787878874654,0.09818782585845916,1.6996409219311956,0.2948428218615885,0.05707865385723595,-0.398311314166008,-0.1253234823782996,0.03312941733288069,-2.2208382791357386,-0.8930326818475024,-0.3105460746117423,-0.6763241141984935,0.3971014188981771,0.5569774268659198,0.2997106402124485,-0.7634246164666233,-1.0971870194594846,0.600554425060264,1.0291122099251897,-0.9681265485249828,1.875182830792001,0.8807176364435255,-0.5127888720054758,0.36304818214272416,0.7675460578829266,0.9132223762163476,0.6860014861855216,1.2934929812727367,-1.6425306320824036,-1.0590638165252946,0.9676410000573986,0.25501187671726483,0.4103943363243554,0.4972882680495341,0.03526675843719885,0.7540628241125029,2.8642133698217185,-0.4526972512800696,-0.4690911660746872,0.4817972186939036,0.7933627886269746,1.3848938632341214,-1.1383108605855092,-0.074608644833875,-0.25738851126560064,0.7441807172060443,0.972873807625626,0.16842700181720324,0.0,1
-1.2301315245645237,-0.17490120673885626,-0.5474220666524929,0.08862481202989927,0.385447645771283,-1.8904713731616287,-0.6283873774687116,0.6491026757454021,1.1373166499307281,2.276352141647928,-1.2054342685564086,2.086732671511755,-0.28607854965977314,0.3168765792216172,-0.20732005062121325,-1.298117506562085,1.6850693303560735,-0.2425989597849854,2.3206880669990757,1.6512853121851774,-0.2859619394631121,0.12587084186645195,2.488316862796513,-0.7400453406041682,0.4191749467832443,1.5966673263331652,-0.16704966933495782,-0.4569016284538628,-2.399429281684005,-1.190954651818269,-0.8588890535359165,-0.7504492270890553,-0.6067843068061173,-0.3948283236892359,-1.3510411134767586,1.0126906077122884,-1.4388652988684398,0.5157036578666543,-0.9811436323104205,0.3348278078760364,-0.6706206757529896,-0.8450901842722763,-0.7931778665105895,-0.16728801983981728,0.7205113044820334,-2.0325797029785466,0.5785737885811296,0.460888772452253,0.9970757106084412,1.4379499278963932,1.0,1
0.02390033861377121,0.5989956718458616,-0.6765977371100681,1.6892048950173326,-0.3418788355630449,-0.10657529336414047,-1.1954621336460918,0.7355015565467579,-0.16460394867082428,-0.3934513270280936,0.004021525908643397,-1.7057447559677,1.1409258693059328,0.585130691863459,0.03272348306545625,0.7929775476137066,-0.2588848642106781,-1.8996262240414288,0.9934388555623656,1.5562960413595095,1.1138683975051091,-0.9195770283569904,0.5485425447311432,-0.4987037074458997,-1.236853028812488,-0.4009309596333709,0.2720948433230175,-0.3139488910432586,-0.5333161901887973,-0.9133159269092695,-0.08079851577993008,-1.1851937424927022,-1.4834808791155978,-0.5018639176591423,0.07118148911640991,0.6192511788961131,-1.4020892550507436,0.282989544783643,-1.4382184556362332,0.09463389182014706,-2.3771114062531358,0.7147765647588289,1.5228903948983612,-0.31159566601533417,0.6603011180887299,0.3843000611918737,-0.015830756909000928,0.7130267597872824,0.8105804544539394,-0.8292059960219464,0.0,0
0.010198984307400372,-0.6022638124410483,0.2764780242972976,0.2961577830408821,0.8562845345930115,-0.9816236809636262,1.404137501644261,-1.999934605103692,1.1171278851584656,0.5904089940080475,-0.5825632988524858,-0.4378671695965568,-0.4127809413285002,0.0507445539945386,-1.2499092309265194,-0.5796004837053643,1.7064010511293328,-0.6554248212635279,0.8757282169007761,0.8162028815873708,1.6435177848409448,0.04424234583739372,-0.11618631905785055,-0.7575484108887531,2.0947092865358274,-0.1288432546118991,-0.8801433288521078,1.2229523331219845,-1.4943901375592987,0.4241573082968956,-0.8235646841014759,-0.7731094660284452,-1.0985400831363492,0.007410342373172085,0.4930182360412037,-0.15918720027461866,-2.2037323270796843,-1.1772472561493927,0.6142352268289513,1.1313381108401914,0.1396886316994364,-0.06811071171144042,0.8737061631346185,0.4410087280428712,-0.6666328489458317,0.05894395827287994,-0.4282637039562732,1.035538856141231,1.5702916999119267,-0.2402179392591307,0.0,0
0.4659414669621978,1.0207840235568886,1.3027034238891295,-0.476533937670666,1.6849001329382949,-0.39847260244618493,-0.3779917509219278,0.10203105336511802,-0.23367744450166156,1.2775255493790556,0.10870014186587544,-0.2796214209951852,-0.1651677684992974,0.9875875463462892,0.7834218831679584,-0.11341935059795274,0.1704004415180104,-1.1982457575640602,0.09481073749728006,-0.019453162434596768,-0.9563639615837908,-0.19913153674352976,-0.15940940010029425,-2.380804534173181,2.0065218318327616,-0.10575978510020248,0.3198541773957163,-0.035089385919489444,1.3114934563703828,0.3025133887875954,0.01545205596360226,0.5924348849568958,0.10117996472375088,1.1734388333795625,0.3077172047796912,1.9453742015829016,0.1712846331245372,0.3103829171995441,-0.20671176762448976,1.0855825924754536,-0.8174078416812621,0.4071290056507821,-0.7255333470849116,-0.1975349852442765,-2.1908252769244747,-0.1428336038898644,0.4541327403314659,-1.9206843114971328,0.4877700577299967,1.4608006638648263,0.0,1
0.6772248865109776,0.09450994000320216,0.7060641897262648,0.8552917889679286,0.6171057025750384,0.09339358035105562,1.9205794324040717,0.4598891669138204,0.3808364012343103,0.6349478665684107,-0.7669849947241638,-1.268015613953984,-0.7143049655126993,1.0532293581625902,-0.3768426949797363,-1.4116885612380592,0.8318488165416384,0.4962598221377668,0.2493106031590165,3.4127525569315247,0.1434639955683344,-1.5212749612954712,-1.6335542361515545,-1.090587660662388,-1.6641800056080625,0.026455980763279263,-0.004953519378553379,0.3034639657535929,1.5157191303888873,0.3756204105447561,-0.6895669673381473,0.7520609114235666,1.4519472289404665,-1.3755197400181018,0.10881154982297757,0.3877143669703893,0.8548685615325577,1.2787413332015662,1.1307214580104712,1.0394663784656766,0.7643294091330104,0.5461474817548191,0.4575693860665235,0.14041526709348634,-0.3310621594182953,-0.17531956773166416,-0.5383559367066334,-0.12124208748116265,0.7753570113233572,0.6787100022308014,0.0,1
0.23399395779985144,-0.11660486707725215,-0.22274286615710231,-0.2126951969800303,-1.3013877336974673,0.2385243121013439,-1.8117449769397984,0.8858979297352145,-0.25953433649998464,0.663508601224805,-2.842736493569293,0.10538702619854667,0.4288885483182636,0.6948286571900224,0.733039371469621,-2.046373195104324,0.8099813084784128,-0.3084649793585932,-0.2625555533092927,-0.08701008482722672,1.4520617363381705,-0.4233592787631689,0.8516379354102559,2.3869866650435316,-1.123420998826183,0.4860803068873226,0.910491538595882,-0.8724489073837419,0.13228288333057525,0.6291144057760621,2.0918799013601097,-0.5458008158786616,-1.553303093286044,-0.9894501598600296,0.921580874988542,0.4638116476618168,-1.0982722916911578,1.1170592224379483,-0.2483289447366208,0.3618258420582712,1.1289753483996472,-0.06747548316276343,1.353960263934063,1.1994998452818304,2.153864346884329,-0.06571944625982486,1.1513887964486154,-1.6580795205607384,-0.9248955206190896,0.5922636246113627,0.0,1
0.0857665911240537,-0.08324556285895529,0.0022272792951344997,-0.05688388808780556,-0.20775474580955167,-0.5820974897842189,-0.7197342827489325,0.17479511989621266,-0.5769641335987999,-0.26727917394233697,0.3088732761503838,-0.9046792285054991,0.648839116779995,-1.8903914589251567,1.5054106514610963,-1.569315820389101,2.571335383810273,1.5296833042847813,-0.7157441977801241,-1.1593761663949935,-0.3503756335102812,-1.6026104452733088,-0.4303834572450643,0.8798911114459591,-0.3643308484898337,0.9144388321655732,-0.5679710718463762,-0.6332674969148714,2.2541499802981133,0.16136577131823798,0.02884393652437575,1.1591762573150088,-0.614406854140629,0.08752605950024768,0.23557249466298755,-0.2955272584454228,1.4538585142530824,0.4775219638959228,0.14751637184666566,0.5049184379977099,0.35435613059963084,1.3731257517581634,0.5968002538524243,0.8981413028195929,0.03225281510693526,-0.9534101682442782,-0.014891989623163512,-0.202719502913315,-0.7102467019551482,-0.4667588071726685,0.0,0
-1.2893581708853197,-0.2164700181369799,-0.3460471837012227,-0.11309714598345948,0.4040469596194629,1.014570235754223,-0.15448497237168932,0.08182672484496567,-1.207622718835863,0.7014372712031485,0.7313774771310511,2.7723136223872205,0.8226704356797689,0.260532812192059,-0.9133554015346194,0.8031561646690277,-0.07431595909837534,-0.454977444775298,-0.008397308666541672,-2.027437539334188,-0.4073164211467818,0.09605718655389184,-0.11832232360821847,-0.6120325791937874,0.3717318381308071,0.8857105685287976,-0.3638100287202684,-1.302880820739512,0.5994940942598352,1.6650784910446623,-1.082802889378487,1.119622120492392,1.2538139083408653,-0.08500841142786596,0.3044681413090835,-1.005065387151929,0.0548036618283638,2.5545378120190443,0.0776828421960429,-2.358159877433686,-0.08033275398586785,0.7578171612316388,0.36429557749914265,0.6468090558620665,-1.280747856790917,-2.2723924256178547,0.4084504980181008,0.21955434232413792,0.1961575718489528,-0.4820081001731351,0.0,1
-0.3164445253268319,-1.5725149939240473,-0.7613123604090732,0.9789898683381584,0.9107451941176208,0.019164904798233483,1.2689842003918623,0.12729958688318382,-1.796343622397054,1.0873269233625729,-0.20116213752940174,-0.2896961411697617,0.5986559345482387,0.6087867770436473,-0.15591072063442082,-0.2383351483471904,-0.01585949058302611,-0.25792562766048505,-0.5468267516909201,0.42644638256837336,0.6996066991753884,-0.4513590229362704,0.4044933905274796,-0.12279948851866145,-1.1389785008022717,-1.2171176329499882,-0.7785724610607304,-1.3060031319648806,0.3483756079157989,-0.4032334681341254,-0.789896952955838,1.5532268936690048,-0.23402813547103166,-0.2013708681126275,-0.5510067710721774,0.6195958570587209,0.17665295376426607,-1.214930453606634,1.8441196814086,-0.6085229816074387,-0.20367706270832991,-0.8808216514057022,-0.7442294710519707,0.5896479241629645,-0.12764342753669772,0.6506704849054105,0.7101973937942906,0.8917935617019553,2.9523752117318343,-0.08441012748166203,0.0,1
0.3395830782692788,1.1612711027828535,0.16986927869574625,-0.5159119605945935,-0.7747045124074611,-0.32613865597593306,0.2863745744279621,-1.007365534796644,0.7434673429705058,0.8696500230485633,0.3501008016738164,0.5658215481885905,-0.27447308976947343,1.9801145891659044,-0.4861164464162015,-0.3951397278523636,0.09520792519278376,0.7325235256116887,0.22259886785801752,-0.14292648729376695,0.08153174078243365,0.9393816905117514,-2.4498418356456013,0.30949685434736096,-0.37012195788464747,0.2687149253368715,0.9393718250199404,0.2787216789054146,0.6938251244073594,0.9670815863557152,0.5382302506071965,0.6825211643654522,-1.1352824480231771,-1.6125444816512433,-0.6492638904907051,0.1478729687070767,2.018125997772632,1.6703998917845004,0.010647134940888626,-1.284376615392039,0.2803024615674396,0.010994639746891865,-0.99056439979064,-0.9811898731021292,-0.98698167635857,0.6423727965225513,1.5478820321203803,-0.7018129736804632,1.6034689077143855,-1.1990372815454315,0.0,0
-0.24380857337645356,0.7490593167248104,-0.3761393335226896,-0.11110316512113626,0.3940426073403279,0.8160983574214622,-0.3044378843800061,3.352834657097896,0.3803080142184637,1.1282970046122751,0.7438236059449352,0.9649611783222444,-0.7945348529795642,1.7311711202591722,-0.620876988907041,0.6451890859363361,-0.3899951891658238,0.4707584370724418,-0.5176860441967803,-0.6252046740850348,-0.3923802653871639,-0.25211624141687666,0.574321990903124,0.9612042793594441,-0.7979525005124389,1.924715532554041,0.27347398363797304,-0.6442040652313301,-1.354992458295322,1.210640015579185,0.2271041233534929,1.3794646281238474,0.7560426386513238,0.24750279887546625,0.04713450609654158,-0.9558596248058028,-0.5600183406671965,-1.2063722774772097,0.4520617468833752,-0.6952459500688706,-0.28890790214825396,0.5368076333915633,-0.8929947312784673,-0.8777402923539742,0.7306003022897773,1.1630619252137784,-0.7639811791906276,0.3840452497107766,-1.5434660819264037,-1.3689154526360268,0.0,0
0.14790062012887129,-1.3726457454236158,0.0753581618094406,-0.797689492919948,-1.8204635712133683,0.9977497797153209,0.061026273962039274,-1.3851545747471894,-1.4854505683508656,-0.5688706799251068,-1.559842891049157,0.4610266002898166,0.27897721291765964,-0.961529291240496,0.8876275208692929,-1.077590471538582,-0.3686523176972722,-0.019701817566145682,-0.20939326462675514,0.7043418294973931,2.4844049044983167,-0.14437318241812305,-0.21018967838634847,0.7501927254070561,-2.0995094038652624,-1.2791600141086923,0.9522210556962334,-0.3860712692847781,0.3223711903332374,-1.491835279691006,-1.6393747256780526,-0.9268389979135672,1.3783718169520682,-0.6765880690061006,0.34688719211065905,0.6187931338928103,0.4402405367178099,1.4837869245709665,2.1207969774156483,0.07586107419247183,-1.88751288387976,0.09343639934593327,-2.0136435267651294,0.7813321452302034,-1.1964103151913168,1.4576007273917235,-0.8173792582052919,1.4675184564692616,0.17137487687703026,0.8350649927926167,0.0,1
1.0794837817177612,0.3318003525967187,-2.8747951663192404,-1.912599226009554,0.7444058776313808,0.6997245775664678,-0.28129866134326725,-0.6860696471413125,0.3318665021012324,1.6149949222484754,0.4783959058230364,-0.5993390975998495,1.5267936881672517,-0.9371704875594196,0.9780557141722404,-1.3060026285674289,0.4847896696984642,-0.3190121679333279,-0.6508679301897811,1.9489761239155128,-1.0346765140519036,1.1191445212075346,1.8541205691771292,0.8071490064146983,-0.6343394882281013,-0.4820817239684521,-0.2731657043673085,-0.4667738288644166,-0.3352766739408234,-0.3921869525748576,-0.1813692052646223,-0.013144197842581385,0.6759672012851633,0.5310241028430878,-0.5969724111931377,1.843267117862877,-0.7341311658987225,-0.3708316356471862,-0.017829252261143534,1.4599635223024536,0.2223153996662421,-0.2755367609505895,1.0121843807195283,0.695939305515084,-0.14190294616872326,0.9174705348957768,0.05529151042441036,0.27018411933935915,-0.3735100663803376,2.518926075042589,0.0,0
-0.3227139994821709,0.4025141053056191,-1.7127143415830386,1.32913269677882,0.7351568146931333,-0.7851699672409715,1.435929380201819,-0.5723274190472389,1.9641789601895008,2.8886047358043627,-1.8437735679991991,-0.6930181305080743,1.4038385513353877,-0.9899675288844406,1.1359234950876338,0.12419228244842835,-1.6049845689705482,1.8064036304438345,-0.31502011703650235,-1.3768070511337098,0.4963285124684185,-0.6535125669683762,1.145902770269469,-0.3004436560798926,1.3399055897693006,0.09288570350682478,-0.8922150482279559,0.19612150481982255,-1.1692480988300478,0.4079088732155344,-0.9647284753476382,-0.0587085299832248,0.09949557609293436,0.22595084905768525,0.9959870072426524,-1.5497235045177007,-0.018535774183494943,-0.042009313911314086,1.0746309632279047,0.8022386920412826,1.1041311925301158,-0.2093841560878876,-0.05350016674221537,-0.5626007758812149,0.9343822210952484,0.6084865712505788,-2.19410978222571,1.9013263531130231,-1.2656819047133794,-0.34721563547219897,1.0,1
0.3242464933604147,-0.20798970796963098,-1.6672348443874525,0.3718457192479288,-0.3607729177787399,0.3358851385762041,1.2103105777018746,-0.6987836029046243,0.3414433243124024,-0.7512033202843673,-0.19882435335535187,0.07078843691655225,2.3220599247158757,0.35692818126078185,0.540605866034082,-0.4953679584799238,-1.0504793404598816,-1.4934307475164676,-2.0874808790290458,-0.9016149368545924,-0.4825312616654339,-0.008490343069796494,0.397487149187293,0.215100043704397,0.2694165424507032,0.8999399369593161,1.2353743521668386,1.1992475981366355,-0.2917316031080411,-1.7288166301002548,-0.741202032067119,1.071365679365453,0.15161930470662602,-0.4307930430542837,0.85866845636224,-1.1789453517913848,-0.03911319160859344,-2.4742159150055154,-0.7587781815876318,1.727855128544214,-1.1918073400111842,-1.3322229299197028,-0.6552012225314047,0.7041141599701152,0.4386026651981188,-1.3944497037576211,0.010703100054442402,0.5836008438982834,0.8860122834285149,0.44058617710715214,0.0,0
1.0085221548725107,0.3148759107663425,0.8803063538447901,0.5267105033957439,2.3222490604992045,0.2694708561876903,-0.03653125720279775,0.2311123646573816,1.4440546296490615,0.193548678955734,0.4710960757112359,1.48290416308172,0.4699701440539745,1.6301485488036256,-0.8136232872303674,0.31758400107241697,-1.3671011179986297,-1.1068003997058622,-1.3899578110798163,0.15025630845019308,-0.2464476996243248,0.18609548553123573,-1.4401102641857844,-0.924801043463682,-0.07139133927732226,-1.3006463025932875,-0.7227082422960698,-1.3076365014572189,0.09366984212331568,-0.9804618522829412,1.2007550437638828,0.4625593774437041,-0.9702489608266902,1.7176734317488338,2.4616082084843747,-0.6472387955043575,-0.7141430725287252,0.7946344543985109,-0.5064462345081703,1.9405951107743125,-0.256073128992596,-0.980741263855314,-0.5780415916629228,-0.7866066388204292,0.03647447114191422,0.5131818779049594,0.003596593684959793,1.1195019271641191,-0.23815376349357506,0.30459242491029925,0.0,1
0.8495867436347815,-0.2844994857101021,0.24458029370256146,-2.6990427423703776,0.41725821845165706,1.6424629909388884,0.8003034000402802,1.296994932738519,-0.5994417882595797,0.7279298461967199,-0.9820374931326986,-0.19234025746654893,-1.4482663480707911,0.8128322269602282,0.3345407135315073,2.2492599838392877,-0.09179382798275916,1.0944857684623546,0.16150356133642038,-0.16193682056165132,1.4050932738564983,2.138194749855697,0.21227236193339172,2.076012567451552,-1.5452241204243504,0.0281442771376325,0.6908644627875019,-1.6292605375552622,1.4040062101155222,0.7573138353841989,0.7601245930425863,2.3950782331490266,1.1403946780780538,-0.1806704396133536,-0.8834310989520024,-0.9954370542120384,-1.8201665355701304,1.712884965207146,0.17458137582029892,0.00677018144853744,-2.243003166184653,-1.1161332820016536,-0.4516866602963854,-0.3046480252078016,1.6121552722810286,0.6067558449590121,-0.20514146560190505,-0.3005642507191652,1.8015523064857302,-0.5629685167418096,0.0,0
-0.5652665288373198,0.4396079619324385,-1.5926038901233162,-0.9871374205228168,-1.0339518580155704,0.8203288499373053,-0.11458051795224213,-0.33330305230769103,0.07541988935984835,-1.4174613038725434,-0.3540654053173096,-0.3107897053876818,0.6156938718760598,0.5022945259506909,0.14684341009059107,-1.0860929155573864,1.2937462670096922,-0.6349326872101837,-0.9927448691299016,-1.0322065037861266,-0.12200194109346894,0.2363585662888069,-0.7322099774633379,0.054687630432292564,-0.2604521158054026,-0.3938931288381439,-1.0289858870453754,-0.7324240452914887,0.03447212001861594,-0.5506558655829045,-2.0729032415339743,1.3349572380250938,2.6495309672565,1.917057586964162,-0.09615896998820216,0.9781946442485272,-0.05844869726843289,-0.15727734879983624,0.6322895120323051,0.5102995359079282,-1.3726527942457172,-0.37639120209016097,1.8205657337915089,0.6136548385275092,-0.027314367409732764,0.4174110687337293,-1.4145776555296472,-0.4295413725295955,-0.8062268704831392,-1.1438053590599366,0.0,0
1.652996472112726,1.428995039250538,0.001561164884862911,0.8307651858942937,-1.0204781057818553,-0.7393181771956768,-0.7265797812051193,1.7694162762407497,-0.5622417904225231,0.5365055354268641,2.327038597984996,0.4058726977878756,-0.6858152839784546,0.035560476662168536,0.4616288182332792,0.5471914534140162,0.8199811638012953,2.2035074721568266,-0.18009510200821852,0.5926567798805453,-0.7796629962702935,0.5618205029501199,-0.7920336965710363,-0.3906825124450562,0.02245563482885664,1.1862678831245574,-0.8288390445569773,-1.3576330779815136,0.16072812641256826,2.367872402434889,-0.1616621367838275,0.28525085366754666,0.5007704567608376,-1.539066759749267,-3.26722545121698,0.983733002812892,-1.3835029138509196,0.7023849621280983,-1.0528421305118838,-0.07600517689778959,1.3488325105263523,-1.2400209281951575,-1.3033942358442034,-1.7518055022601755,-0.7426140021931411,-1.2860197258440862,-1.2682112455031558,-0.17079052741314393,-1.1195775679260556,-1.3440558830058071,0.0,0
-0.35460447689036484,2.636482187994833,-1.0912559959030308,-1.355739801351271,-0.23041387517151884,-0.10431740798987872,0.9734808623257546,2.233768469452265,-0.2425699630330165,-1.221692547050775,-0.7831381770792248,0.28007286817489063,-0.45338954391372704,-2.09411171331228,0.03376091703356225,-1.7079141177599355,-0.7759368266406619,-0.6231583673924118,-0.5571938486493095,-0.6878730738610244,0.24874077653964766,0.2214385615404452,0.11216074096388516,0.6340195011984738,-1.4073414160439608,-0.2248170455952357,-1.7443222573798376,-0.12512662529807134,-0.15367015715637455,-0.5654286887100789,0.06832262964760151,-2.5225362783640106,-0.13281328626047373,-1.2614247274405144,-0.22007190595379586,0.7311720238339383,1.6180403298048829,-1.4625344569417034,-0.2964734836130821,0.8439966692189407,-0.9257393383404684,0.2849901641013385,0.1556653146937132,0.06567667501961949,-0.5035990382484411,-1.3384680285276231,-0.9442118390540529,0.03920646677892841,-0.9202299289584552,0.7370294726658402,1.0,1
0.6477347350258242,-0.6679517416811699,-0.28887014512996845,0.6850596844332864,-0.8560104802562785,0.05675939746985365,0.2626743815124533,0.5356050055800851,-0.10407063620642583,-1.658347676564593,2.156556265079784,0.11505529228037226,-1.8845892131118307,0.2025345443363472,1.3693822767550687,1.0408479456578394,1.2244123911673652,2.766768049959997,-0.07153851488288178,-2.9390828303342014,1.3218233843278506,0.8542294320066154,1.8785455482968303,-1.2348662578469696,-0.008144558271655389,0.3303733260740107,0.19133659936087746,-0.31764539619576826,-0.1461881860456931,-0.06706336735969423,-1.4127042919649646,-0.6085456235360748,-0.7130762359199124,1.388583805540145,-1.1653712625277015,-0.029964492669081338,-1.2155179309024091,-0.6835360918428145,-1.8958823546742145,0.4830071264422551,-0.2070421225365585,0.450881192240485,0.7862721644150233,0.07685364397970068,0.03140188300375587,-0.015521433881487282,-0.9161881530198408,-0.12085652132130535,-0.8086771214597109,-0.8485428588251751,0.0,0
1.7983460349312506,2.316631948645685,0.8680030906427731,-0.8661785352124861,0.27726350215476003,-0.17670513788900194,0.5063044980542762,-1.3054573862549406,-0.32436705707881697,0.20179169553613865,0.22528169151592645,0.02198010430447083,0.030118055398383355,-0.9951998757371392,0.2584274134629753,-1.1766780612120171,-1.6958150025595442,1.4170958852403883,1.6070778063061308,1.6105393093715532,-0.9822473038157808,-0.9211929607223284,-1.9948197417574585,0.90696165867707,-0.20726526090134426,-0.1925342020330603,0.15215288646405775,-0.7441563471993549,0.0949411817104394,-0.8265954047157997,0.2412502211853976,-1.1124415054760688,-1.1438924898498384,-0.8443681119894004,0.8540744489905896,-0.16864775094402001,0.04149196339004839,0.1066864304809509,-1.2784344762355877,-1.0648139727829036,0.4652321339940453,2.3981341489004167,-0.5963693454285581,-0.9419480428232734,-0.3667323073839642,1.5196099584736382,-0.4473844897478534,-1.1182477024107167,0.8520892294043875,0.4014199353719469,0.0,0
-0.8861800565345561,-0.08321953877981875,-0.6392027462060241,-2.9626981473678304,-0.4776183151485823,0.5885533908814682,0.3559777857841928,-0.6463572231523876,0.14509363939398867,-0.5666928916004252,1.2784989900200128,0.6747061708662271,-0.8690568401039809,0.7302935670743312,0.31641487521434764,-0.09093826814277013,-0.8150121810741692,1.1418353526959828,0.8770864460970631,-0.2520197288588019,-0.3583713358463942,-1.3698747147878607,2.649489898486489,0.296495985333619,0.23629145845138255,0.26506756901675343,0.02662946841143947,0.8971291338090124,-0.7014696850990885,0.3205415836508339,1.330948342598613,0.18354050306583125,-0.08764338061129341,0.6814917106280008,-1.36010932317972,2.059737525547796,-0.531003219156821,-0.6623372300913871,0.1317942918290883,-1.0942940629068558,-1.310444975603791,-0.20161935350780888,-0.9147328575919942,0.843642429222115,-0.7391307442500319,-1.0976111581185954,-0.08395456466503219,-2.4440390162956,-0.724106928491708,1.036411148853112,0.0,1
0.6855680136277268,-1.1094654464518725,0.17623581005139374,1.0737188470654009,-1.4647289142042812,-0.2363775871126285,-1.2402285598120797,-0.7235961582516741,0.13123363036466476,-1.149943998675499,1.0901791403792431,0.2502577361188351,0.8043379289305301,-0.5451581581649225,0.8094238434333549,-1.365303552395254,0.6735271962368103,-1.7208197925417763,1.113362504426305,1.8421322572035643,0.39471375722961344,0.5711999246681592,0.7028754549940606,1.0035731616113328,-0.9517829519422826,-0.18722110446078447,-0.0022193277414200643,1.6588459892231306,1.253871051853243,1.0012346287508431,-0.7157216905767745,1.1929933048436423,-0.6093480172344855,-0.7828265891043334,-0.039797075978540535,-0.07055488540321693,-0.961498879486028,-2.1688084912754624,0.7522494984028817,-0.11271610994785786,-0.2489645885500025,0.18325611412946013,-1.3128388640106177,-1.3055213034458142,1.9112009553889242,0.4385712228151171,-0.02700312159306513,-0.3581623719650743,-0.714639671581411,0.6945702472014379,0.0,0
-0.3860450457449636,0.30466189971004515,-0.10635353588342572,-1.3424419121148972,-1.4976781499400489,0.28144405592920324,0.2378875056455056,1.2822234442478615,0.1857985166943439,0.6898962431136649,0.9253496273737228,0.28485373821783777,-0.7877719735302677,-1.3146420543873538,1.9616750035594104,-2.0216848492773,0.04076042177907782,1.6039700847413405,-0.6640735007629525,1.2265879902312364,-2.241102160349183,0.9599234882387616,-0.6340964673283267,-0.490822312995313,-1.326315239551619,0.158033708706248,0.31478193772504165,-0.24118326581120475,1.4237415660649395,1.8523743987346581,0.8893946518969871,0.887278592816314,0.002188639001109305,-0.8457264404384912,0.020853041353724684,-1.534554230149914,0.19049373849551607,-1.1215457799577593,-0.2163740370553876,0.8560676303369786,0.5284989272166396,-0.24242489051549815,1.612088331498556,-0.04679353372960165,0.6139469918909081,0.4575635060330921,-0.6745761887110071,0.8017762749074642,1.3856126037436016,0.15565608914717494,0.0,0
0.1923584327336881,-0.9100040512394582,0.6369791813548938,2.429411811683313,0.9316480010895112,0.5247394288374121,1.615601437602239,-0.15882261514577808,-1.185302879342527,0.5633043687957323,0.8036763919159725,1.1788920970282837,-1.4709717350210652,0.8048615977613579,-0.7941608399562802,0.7188666965514339,1.1358361373371408,-2.382856185515004,-0.18270638633444133,0.5270229235626175,-0.011562952550189956,0.7747446431786335,-0.8805755738360374,0.2436890257687674,0.7145445805981233,-1.5404438927603532,-0.5035529625818685,0.6691107595430507,0.4535926144719554,-0.517173718189454,-3.1985941314499735,1.0758474313460664,-0.4950511390473834,-1.5272013551559251,0.8362295216899055,0.8999631033597825,-1.4139670508032522,-0.4733205922099365,-3.207937179969813,1.0870772978953172,-0.38486123378878667,0.08212011595419272,0.8771277039952473,0.1957370359907736,0.8952600756860283,-0.541213996831218,1.4313482940449551,-0.2529863720456458,-0.3983571760730992,-0.8856269733163651,1.0,0
-0.5246268423987216,-1.2648322053833942,-1.8839950800121068,0.05810002187917208,-1.1957805498930256,1.2209934229312642,-1.191926296588144,1.6678722490087097,-1.6797458133409335,0.2919450062345824,0.9676142720870552,-0.1368467884949998,0.18838981385115536,0.7285694738020438,-1.2985511775298568,0.2695555249456832,0.2350576831345096,2.317069197762442,-0.5125764445814555,0.3540529047348633,-0.2936373634093544,-0.4570019004850612,-1.8452752797112315,0.2742411811580872,1.8580460533015133,0.6200115157451077,-0.2623849995926628,-1.9515841552591096,-0.512600502790354,-1.2085250966170662,-1.2467805615108607,-0.11466427011903488,2.0061410387593557,-0.8928308455339747,-0.23459332766053145,-1.0962453342333145,1.48967354036583,0.28335476410501304,-0.7101462482260783,-1.0634811433735087,0.6139283977936311,-0.1641656656580103,0.9817882034680008,0.2837584586723892,-0.8646128198926742,0.05154260643165785,-0.7582777039666463,-0.3901593791742896,0.05241828491602543,1.17633166453308,0.0,1
-0.6990137897316426,0.12899542698044986,-0.07724747754819139,0.8502581058163182,-0.259122712378075,0.5335814651898673,-1.3768386238400658,0.9473416438542692,-0.4076209048621373,-0.006894206324811145,0.7904650828134484,-0.1236555787967322,0.10517185581673856,1.0025199539082097,1.8679923744478968,-0.9957898832064216,0.9809224073766522,-0.9407031131265396,-1.2076681927824535,0.2026713920883243,0.4046132341057928,-0.5817540892060021,-0.6036855082905764,-0.8681101452492527,-0.718074769272184,-2.2533753718220044,-2.354461523597679,0.005215857597101859,0.17765412691297724,0.040912777458989455,-1.0084909001782625,0.8089014478265025,1.8255411902117784,0.08815650310385988,-0.6530885744812749,0.7082325388302217,1.4787939997748372,0.4557465910862064,-1.8143853172348168,0.7855713697489467,-0.503102864531979,0.4601146073492876,0.5480071848651922,1.0942908954646922,1.5999750829172057,0.7797121041722588,-0.22830127517279655,-0.5350735113761331,-0.09731401497216363,-0.6712158440605074,0.0,0
-1.8768445268656861,0.15633419231438594,0.7380266918148908,-0.05459326940252248,-0.6224551407039337,0.16083236854579105,-0.01828356553742479,-1.125910524271411,-0.6171393434958423,-0.17027735139876932,-0.059240486951722335,0.8677264796676829,0.3045402684261567,0.4442123384780345,0.3979248602254267,0.4634430691454535,1.5437574214063987,-0.7047334937415577,0.30939223768985064,-0.5490373526106977,0.5712318580314827,0.3932246683263403,0.5891091396884268,0.7081388695959375,2.213976733970849,-0.15759370301051234,-0.32150177398910285,-0.5292703018552524,-0.3185574051100135,-0.6812306587540944,-0.06678580185358382,-0.22134462877713945,0.33139153641010993,0.31273823784519705,-1.077584099873692,-0.25836293455127834,-1.0999383254263173,-0.06924658043282167,-0.42638189565023066,1.0397676650759122,-1.4021027192059328,-1.5837759818057433,-0.2619353950074066,1.3710073504469815,0.7387826917022421,0.4290324800627301,-0.06266622233360035,0.9539962474926216,1.4991957459166818,-0.4522725779739373,0.0,1
-0.11717348700174475,0.01982042788089628,0.7056604070521207,0.5794429988248592,0.5754998885667051,-1.412607862234914,-0.2728603850834864,0.6800382279400559,1.7960639237633502,-0.5412305089012428,0.02298613086221954,0.9419200405771117,0.4089025808707437,2.0190297030370354,0.6202423229172173,-0.4141430333626251,-1.3189674995447591,-0.08170630618359585,0.7252988071903789,-0.13756023240335435,-0.9946602538312768,-0.1731856324136636,0.32912777288288697,0.5322029352197849,-1.722308522768421,-0.05693642190944235,-0.971383036875026,-0.4363240923393651,-0.3720155266357287,0.1600063084155782,-0.5036841362752592,-0.5256986259622343,0.4042921154371934,-1.4876637755196975,-1.1200628395931425,0.7084650620079737,1.7373682145953429,-1.9394554330730047,-1.7688561412610495,-0.582959553129938,-1.157046497434162,0.1867054252218816,-0.4342124223602757,-0.6447759713319517,-1.0506779925546657,-0.27862693005890865,-0.3703845861158095,-0.9804058706615988,1.0640113134654094,-1.1729079600419463,0.0,1
-0.703154564900864,-1.2896874198066268,-1.2174220104252893,0.3332016460944505,-2.1853826485400303,0.3370804173332139,-1.192056787756563,-0.2328916192389543,0.664219215672809,0.2711408686101249,-0.5011266769878909,-0.05512161910093862,0.12556141196742188,0.21510855550608649,0.21241619822016974,0.3629950832367262,2.903268466956926,0.08035088219934146,0.2273732293953253,1.2963553543299673,-0.9001596523102797,1.605940389537786,-0.4914108080868968,0.6119846996913921,0.780251068192423,0.4629945702354151,2.9234115708108996,-0.043351624882590346,0.8097265598632682,0.4935556086838605,-1.2128918526947716,0.08621930987564592,-0.4451941685609448,1.527094130843884,-0.6626839577395485,0.1532353744296115,-0.4998359137849812,1.2927606406554673,0.0892259745306176,2.002238132868725,1.0287873344732823,-0.7451604021082557,-0.3404317039943059,0.3412555243075792,2.4962531990599857,0.04812889504824716,0.4944374071015932,0.5970032108083522,0.07493012067122144,0.3763402998441603,0.0,1
-0.543379899705816,-0.2075197812146751,0.6480952898425802,-0.8320158987098921,0.7273072655371738,-0.5710072502805765,0.5082626067597352,0.7243175974899551,0.3973574221333741,0.1759855407471953,0.0004576380193198284,1.4222368733320625,0.5830026115673789,-0.044230346175954616,0.26451029103718504,0.11579374862961896,-0.40337677145019735,2.3013925324127595,0.2472861730049343,0.5155796450717345,-0.6544741176273371,-0.6903522083773047,0.2601093684545156,-1.192130965463991,0.8375112232387903,-0.6395658184325684,-0.409851118602901,0.5978280106034792,-0.629001591729489,0.009424522880969188,2.0044046503269577,-0.2189705800639933,0.8057647124744571,2.4708133427951853,1.490277836532095,-0.37818489514178094,-0.2514230046596469,-0.20332696991084728,0.7150903694285927,-0.024395368712738903,0.4565464291779931,-0.35323102115145844,2.2082337740609788,-0.5781190610909943,1.4659886981333496,0.9247374662605836,-0.7184811034056292,-0.6107743179164159,-0.8933697208321962,-1.2866621764829251,0.0,1
-1.2326966762049538,-1.5027163750961263,-0.8288472668216588,0.6287245343859328,1.1912980617583977,0.03677703812147908,0.98551671035085,-1.9786737735695512,-0.8923562960336271,-0.8151637709443964,-1.1341943474584633,-1.2402825772559392,0.8561059018513502,1.7710186035077815,-0.5677226585654251,1.7618384106170986,0.19277988900652532,0.8029781726833659,-0.3923755275088592,-0.8254133126748995,0.4413105508916863,-0.13207412677770922,-0.6132796246957352,0.3671798368969281,0.2047735747843321,0.3111650036710833,0.22293680627920945,1.6167795435536871,1.4169440617505602,-0.18794363037353798,-0.3973355212039127,-1.1143739113320907,0.5911587199720361,-0.6220531743207904,-1.621170967387169,-0.6591122789645816,0.5281525351745389,0.03497326531168525,0.7525642689164017,-0.7450381075832003,-0.2941436324391417,0.2893418500512829,1.7703586121178678,0.2338434041732679,0.2961108683604,-0.4337084485117234,-1.2432402070270834,1.5446842928019031,0.4810672150368697,0.3864386639869679,0.0,0
-0.4312177715976623,-0.5956913879824403,-2.1786552921452618,0.6820186584079999,-1.2116350804238418,0.1625166488886242,-0.4680917738394394,-0.6039337955135086,0.12227678251113976,-1.031068388208041,-1.541980426228036,1.1256032391434585,0.04998015014535611,-0.15669247835339273,0.0951459103587514,0.2828586777468596,-1.7158088590116365,0.683510282349865,1.1316543423256904,0.4118985626411428,-0.5740188833893088,-0.19078298816855785,0.439521695452894,-0.058589216374845834,0.8732988785426171,-0.21883030259664668,-0.3647388082855407,0.2620775180915744,-0.009289961587516023,-0.9968673012810372,-0.8149981932365871,0.9737967915378284,1.4172594471194435,1.0506632097920103,-0.2841936964862874,0.29792139538668233,-1.3946559822249651,-1.5379818577658844,0.9924697814068879,1.2748959759830418,-1.334751476896442,0.6915215362803403,2.0664965535391597,1.6860126706304768,-1.985062111131745,0.4026878028903844,-1.2919657181068556,-0.11349238722900472,0.5135374126466087,2.1250030653851817,0.0,1
0.4345898377521573,0.07254147182770061,0.08753953809868638,0.8675464273950844,-0.5736349244202006,0.6584204691983653,1.8403597139460488,0.8876851010378486,-0.008858011798411041,-0.10810064546115593,0.8836971066476123,-0.6169033340569385,-0.8440406129683844,0.4055570369600478,1.3058499571460105,-0.4716432747087699,-1.4650180571741895,1.316769557532066,1.1677326872606102,-1.6708512703276297,-0.22878625823986184,0.18431530237412574,0.8994292281143514,2.0009339018750367,0.1269288428563522,-0.6279748293855281,1.2847157440490535,0.4821961318362688,1.7791489590474314,-0.3640009870464331,0.00912850297435612,-0.07516835210624435,-2.459539128500053,0.2759274362552928,0.7488346055891589,0.640005194370999,0.07786243985724488,-0.15269723111895395,1.0249163919553896,0.8974170401510461,-0.32378874517814504,0.5918965041368502,0.058750962672279035,-0.1862057791050737,0.4193067559540589,0.2262178051203897,-0.20999176799077413,0.2936471602411865,-0.4155451806748067,0.18596046810663774,1.0,1
-1.0067078313995603,-0.32325606976508703,0.12173533601689547,-0.4979350922505805,0.918972698942894,-0.38222436223311995,1.320169173493462,-1.313907779129839,0.3879221262549265,0.1305975849067136,0.9808706994546772,-1.1991249691827677,0.3286519918737467,-0.7361961768777965,-0.7318594034110972,1.6508592630275205,0.6186221568299333,0.4806945203161392,0.10286516525042544,1.202657028842706,-1.4088914001213246,0.027989680127302977,-0.7890821034647907,1.5655229500136714,2.826659645545352,-0.4032596295008568,-0.7181241034644473,-0.9479228314988448,-0.622609206580199,0.8534430304205418,-0.5844277095930823,0.3780656024656465,0.3301326712609716,-0.5758457706719364,0.5800730568239679,0.23354357504780696,1.1959656825552314,0.3882438866094644,-0.5732577672761939,-0.25564192003334496,-0.8870245038413579,-0.6578094835706055,1.4797177475725503,-0.8572590149457714,0.7605647211519075,1.361790130938071,0.0875178634019981,-0.0871805714400282,-0.4686631186638672,-1.914520043555636,0.0,1
-0.9467677046925148,-0.5371630599546136,0.6347858842223292,-0.827942680526756,0.07276407779950668,0.8085346168874136,-0.498170145984068,0.31774386231450485,-1.941812624444104,-1.4560272899957725,0.7297400907469469,-0.31448719449728896,-0.5669040011324462,2.6193449716199044,-2.2272786782377767,-1.6404764802670049,-0.922444272625299,1.060618148554575,-2.123950821453948,-1.3416556786443037,-0.5229306270493609,0.2943325253400552,-1.9224213177604341,0.3925358257559479,-1.0919238706588943,0.6497584093064757,0.7027981101157714,-0.28938271064036897,1.1620749780861168,0.34016094890798537,-1.2253339965254173,2.080104495228773,0.38518674192353497,-0.6522781849804205,1.7909955659885972,-0.0005881185606620642,-1.1325089160763948,0.4626017060314872,0.2766831718324978,0.16723407000824156,0.7244478938664515,0.3873752851597916,2.005922817434853,-2.3113614930857262,0.5199962781535834,1.4267104354796218,0.12520086515864934,1.0336800000925028,0.6270288194336426,0.8483561703681656,0.0,1
-0.15767079532691974,-1.5292601220311768,0.9278609414107298,-0.907004792261938,1.442883997411138,1.9451939631648132,1.417272061006439,1.487831329602041,0.6419291736581866,-0.9677902048347106,0.316846250194431,-0.6753154199881402,-1.1754481177215519,0.3575960806331262,-1.0572616248008508,-0.8739568197044169,0.5470050267890546,-0.0733512207001947,-0.3041933963431109,0.565090033171824,-1.4710841758253546,0.046069805014454894,-0.3898181353756856,-0.04249055360699832,0.3063889389179157,0.20265810968320974,-1.2093342064068848,0.3904702999937459,1.0565742343512383,1.1139322241619398,-1.30863020395513,-0.5145328556366074,-1.1193178829524046,-1.5070036756223681,-0.7208370568643383,-1.3527649191726283,-0.6369961353338185,-0.05424329516543784,0.9018311740028856,-0.4091922652849484,-0.5569917322229722,-0.19437002142708715,-2.4706985408267026,1.971666389191029,0.4413879320861301,0.2296450708086619,0.13246444732892024,0.5519056625999246,0.2971607379950759,0.2955245470819322,1.0,0
0.3139711611845442,0.6883347981694603,0.11093774405318033,0.19903932001465344,0.9609212608380676,0.38834182834772013,0.4292432535418038,0.0724281373056876,0.2318910244993111,0.004447737800200092,0.7113152868286783,0.7317865432651626,2.4665070771886937,-0.21842689057309025,-0.06079432902282495,0.24512467733213916,-0.7794198633980858,-1.785236049358736,0.2081576305697362,0.16624095143588466,1.3452208949317213,-0.7993053553536605,0.1178155462824974,-0.023750957706764362,-1.7480085949474926,0.481880699813361,-1.6431696260163944,-0.7442679040927647,2.135972686955744,-0.5817422108576576,0.20600292932460768,-0.9700287324609336,1.4403130650769496,-1.6810251428138463,-0.8942097583532433,-0.3989611193057273,-0.1589322695023423,-1.6189930985670329,-0.1296118472618119,-0.4598402836225438,-1.6748993936607748,-0.2064361477456775,-0.5387903246912483,0.2487369719758821,2.0213642128767746,0.18811372545706234,-1.49620016521974,0.3469043883631065,0.7306041868063359,0.23040859111414225,0.0,0
0.5609302504799984,1.2453860447453258,-1.6109481740486222,-0.09871185326141306,-0.7675482455029863,0.24903572569526386,0.26234125737815633,0.7495496494097297,-0.3206762317940936,-2.1160753828515846,1.073659921885764,0.17576325249169572,2.6666645595395093,-0.5924293944534756,0.4741742190541998,0.5807807262318576,0.12946824562997836,0.22193906273498012,-0.9084997900335844,0.8336227230854215,-0.6380446235063159,0.16261652896800252,-0.6386000812461831,-0.4452424330080745,-0.7576277812358733,0.371984686833791,1.0337224182962652,1.0553477444365238,-1.2853496708073908,-1.008516024710087,-1.1139786726519485,0.03787892499890007,-1.132159193091376,-0.19039846315149714,0.3658257232354177,0.2077969196034234,0.04272105124840672,-1.26101493401488,1.5433779926151008,-0.048525146005435914,0.25611431289405856,-0.297752425273286,0.29337666527772205,0.12455793520785055,-1.1903177013727837,0.5145928377827921,1.4441227600059785,0.07816809420548806,-1.2621484519308224,-1.516510833780778,0.0,0
-1.0223546832505364,0.7018377515984238,-0.8832828699875798,0.11289157617531255,-0.858378303895188,-1.0970165623992674,2.606508623313064,0.3343870328266469,0.6049661757651155,-1.1010539228548084,0.3557380347347312,-1.2819404376916854,-1.882979612109074,-0.4369904017534344,-0.02364276950979768,1.10102176453794,0.0189383467770644,-1.1773197718416986,-1.1637503613499078,1.3369198881954107,-1.8634107487190448,1.0185301364074493,-0.21141944209108005,0.41062997629898695,0.11874725844311845,-1.6504505532651443,-0.5897185410253679,-0.7315835555104132,0.7060772595555728,0.6777675991630894,-0.11806239805975255,0.8033169094051184,1.2779110478385736,3.048669844108453,-0.6033377674809389,1.711450750757288,-0.2429491965280409,-0.40180097342000587,-1.279698857790624,-0.3821481376109422,0.3490207259325845,1.1637269016673155,0.10733917670178293,0.32601987291908496,0.7704562921842105,-1.5791010639414071,-0.7358150279135786,-0.395186402720789,0.35576123986679725,-1.1552331448508075,0.0,0
0.18936457846366628,1.0904641163480004,-0.493472794162068,0.39677513343275145,-1.874503888514502,2.2813758941478723,1.1520232207970478,-0.15881385318404462,0.8062880963159703,1.2492629080059785,1.9579871767310468,1.2271695460734948,-0.2746327048352001,-1.3007179302933531,-0.453992980389191,0.04055771907781978,-0.14149428716061532,-1.4292049111487632,-0.13970880790883705,1.7296988681993202,1.7956537486349669,-1.221076006621079,0.7675281911939569,-0.7000578019931388,0.13733724919827692,-0.39235063218366,0.6624430403728824,0.4137994306632035,0.12980372935356135,-0.15494033887362174,0.2904570951010058,0.13901481313701447,0.4800450390307966,-1.1758323667088553,-0.2924149620344635,0.04512900823869593,0.4348965236098442,-0.7660440720250816,0.05384296657038295,0.8126690840091535,1.3494746729341456,-1.1297069550958476,-0.328554310692594,1.1225687585666762,1.0007533723981936,1.028464276511519,0.9143965948490301,-1.2750096115504568,-0.8441303273171383,0.12386752504831415,0.0,0
-0.6136102067223261,-1.6024598894911384,0.4575495028870143,-0.49891797827751705,0.32695330879193113,-0.8610758443398006,-0.5115386643878626,0.39546257581360794,1.0952441487642726,-0.04993184263011554,0.9831860692492128,-1.4631531122731471,-0.3696383098867125,1.3290497813869775,0.4300544262498821,-0.6928377850361899,-0.2383378271066061,1.4450073510736536,1.3063137590054092,1.7262490496273708,0.14167281057052875,-0.9216466448916348,-1.4936340178531744,-0.13201588673172593,2.189672912400079,1.374683813553023,0.7234171901950729,0.21850234064822416,0.9938995072620352,0.7126893175866622,-0.18952577905705975,-1.280503628307694,-0.9367200345339864,0.03264884795048117,1.373676514165271,0.5760315692838526,-0.7699542987700252,-0.9875062806736488,-0.7278996873919137,-0.6431150720302163,-1.022475905725446,-0.9647747496550446,-0.6016823852565174,-1.4700396018898385,0.05465756429078178,0.7945862417451666,-0.1343979127452818,-0.8614423949736221,-1.155548489687627,0.29047993300989705,0.0,1
-0.9598383148938858,1.3503718435644383,-1.9110717968359836,-0.815615272560273,-2.0299939200458263,0.28886164163326405,-0.476255613407455,-1.879791087024532,-0.3743848513480284,0.5190427645730132,-1.6089262880612305,0.36561079321175705,-0.34967074907826223,1.027240276681068,1.309483207841114,-0.9113251213711524,-0.045104774385316376,-0.13225180015725682,0.3095453198633182,0.3163829293689805,0.18575139303046426,-0.5991445778298083,0.2879052313630393,-0.3446773445648066,-0.6331176568684483,1.5671224121809149,-1.048702101250055,0.6425303554915993,1.3916431087572558,-0.541363211430449,-0.3172322065391114,1.610252015822001,0.609754587332403,-1.3459854696842273,0.8967828302599098,-0.6708070268023364,-0.3844630625541899,0.06561439616218802,-0.9545699087976376,-1.153612325994139,0.7790435270362395,1.5039434367122315,0.017800548117269357,-0.6353072314239195,1.0362156256051864,1.0894753821328156,-0.8016845524088344,1.5255008291811596,-0.31665606399590784,0.7140944253854912,0.0,0
-0.10550410364185396,0.18286706998173125,1.561374663706265,0.9452532974335714,0.13134692524160024,-0.2817930649589201,-0.4988706444236742,0.17653451644313872,0.2515661249238949,1.0244506618337148,-0.15394118311714236,2.1849195322443684,0.5499425048423875,-1.551240374011895,0.8758164489261833,1.2097758912078649,1.962617689059276,-1.8699270815392688,0.371523941138044,-0.1222846512488793,0.3079035430415108,-1.3100182181988227,-0.5815583333615426,-0.9667828878496502,-0.10188078317506502,-0.7824202210691238,0.4734656051374685,0.6870997389873039,0.011773287510605293,0.12496654391893795,-0.032036240848042866,0.1336004540380843,-0.6576274435956446,-1.8455019047316972,0.5675383987071362,-1.6727742667849244,-0.4765957026719042,0.21599620625804167,-0.9436083956627824,0.3503996271544317,1.6327976422776171,1.3998179198848768,1.1373284886377788,0.5117659203880528,0.2319008787671349,-2.3243570534050413,-1.2360087612024535,0.4546656913635606,-2.259296172655794,0.8905793541586179,0.0,0
-0.4749678206035083,-2.1232337433795525,0.16345158599759846,-1.9050525615437144,0.5018355165980487,0.6861860610129422,-1.9290550352806413,-0.9989985998214974,1.168482715195777,0.7463182708016559,0.8836954888591966,0.8501662916312759,-1.1971653588463975,1.2515502629209134,-0.4862183520899228,-0.7981695141858192,0.5187300694754552,0.32357109773349063,0.7151531704231949,-0.6732365584176124,0.5686472020760656,0.06735397907915205,-0.6190829096538406,-0.5412435643740238,0.3629574835848133,-0.3671468187597809,-0.9772714260979798,0.6654850473734929,-0.6263000992349186,0.03350014405585371,0.0292343657288976,-1.4110186862175018,-1.4967315102253302,0.9462750699942266,-0.7872043574598362,0.2044216790685493,0.4388922001474373,0.3402212229284345,-0.8861171150154209,1.0737141050828916,-0.6585200650377325,0.41681978976920414,0.5163700138551612,-0.000602850382125996,-0.8373743155241878,-1.9780347729916568,0.9474192507809236,-1.1482764947490502,-0.4376247064237469,1.1595142347336274,0.0,1
-1.0498621068238942,-0.2244126627472071,0.6330907243967551,-0.2413443504150241,0.972941010458016,1.0994639605780936,-0.3158503804703334,0.048930871024522836,-0.3783968158953092,0.6535882365939657,-0.489504433003239,0.7097678527916083,0.02558563329128374,-0.1877462142046991,1.5724551883032822,-2.6001575677410003,-0.4418958700493588,0.10184159214511324,0.9106124691814714,-0.4341864660551428,0.8239358399338931,-1.4110002375025656,1.1813876482869228,0.14899877603790807,0.7917494310677827,-0.5885566278241022,-1.0050562454133474,0.4266781637395664,-1.3726404125032583,0.34690885341062466,-2.1729362685615987,0.10580625479319887,0.14782697368602254,-1.0037464695967622,0.5187743133016213,-0.8314372513440439,0.04655732919324011,0.8921448679757121,1.5307257567391912,1.3745264238056516,0.4948234090236365,-2.36691605701697,0.1923868567996221,0.1793810897625627,-0.17740685782338472,-0.7055706095016542,-0.1703248412548205,-0.5979168170420369,-0.17916288027760766,-0.4162569383679988,0.0,1
0.011003245276392137,-0.7821013195164909,-0.2314399032271159,-1.1410513034338086,-0.24741053460824486,-0.4517867045035554,-0.2777629605024837,0.5005595003017292,-0.05599706996167857,0.3230065482916468,-0.02924770612731578,-0.5463711475720658,-0.5430501776279176,-1.9000963458604327,-2.067836908920261,1.1672946610516777,1.1074316724025386,-1.094119843051305,0.28067752687065023,-0.3569869917969105,-0.4381002468249181,-0.4260951375255343,1.1861873263946734,1.1165501282978156,1.44303185993883,-0.22895154400071446,0.3184562413825327,0.5016100127550891,0.2332960628174327,-0.2411124990731511,0.7207221144712191,-0.08781341619256806,-0.5098029135460512,0.5937353521481898,-0.8250507776501145,1.517363720589351,-0.8300168156093441,-1.5710408576416082,-1.3415423003255538,-0.17196515736305798,0.13648700388332494,0.14065082723626865,-1.7614199649906197,-0.9039787263822948,1.5110285472243463,-1.4008170199169223,-1.7089159578917932,1.3591726171777805,0.08834979691892107,2.549754357208362,0.0,1
0.13185001725957046,0.6887412841916908,-0.5678375367896528,0.3938394868351962,-0.30004950065895697,0.8744410292830833,-0.36025879249800524,-0.2349000872326616,0.10287522636842727,1.1106000510793663,1.564619282103305,0.2644636685849792,0.9489110683905512,-2.432027217968343,-0.10991787521612524,-1.1311108281024032,1.6881958534434849,0.5566890309051096,0.8288544018239417,2.7945228299216556,-0.06560562663444101,-0.8837607580940561,0.6346179337847498,1.0721747898133374,0.2462916924035344,0.4829254080658408,0.36224936103446936,0.012454168672395776,0.3089544655849257,-0.2793774303048864,-0.10830256101053527,-3.4640305510160925,0.1409575435503809,-0.16018473553957074,0.6450693385858168,-2.1187589137232656,1.391304726230602,0.15221231860996298,0.4846163134192253,-1.7801788716926767,-0.260885757407298,2.5371214144953766,-0.17353978982103965,-1.4586488714518484,-0.6411711643416209,-0.8267269620954565,1.3698620856974708,1.474480615931454,0.035240178072938985,0.2030262307796966,0.0,1
-0.9783705496593066,1.5938769926505558,-0.3248351698664281,0.4429869759807647,-1.3395750188461992,-0.5497441162871312,-1.8816448149343927,-2.2338254311461725,-0.7552188467512445,0.3937574847343165,0.4705475452525893,-0.3525790673938062,0.6196633342372023,0.637294479048975,1.7488675800938394,0.08463617109427192,0.1732483786688548,-0.22466067742214332,-0.34397482619965225,0.3335618726830778,-0.8614828363218078,0.6724510543748871,-0.31164302760679435,-1.24118276665758,-1.2984238927299276,-0.11091476240305106,0.020102508652408514,0.2904766085113833,-0.9355610812153624,0.03541813761144575,-1.1798594521131036,-1.9977023034746333,1.5561402643720872,-0.5216269372501123,-1.1061657807357217,0.5623001168699527,1.308874427724656,-0.5670735357621888,-1.4842702791310738,0.1499224975065362,-0.8731317393325353,-0.8891676924939886,-0.7766244923232051,-0.1927759649482018,0.9145955204251299,-0.6064027013208355,-1.0031145750672108,1.049026658050128,-0.8014056536663045,-0.35489497447643586,0.0,0
0.07758334096655678,-1.5434084727088138,-1.4512021259387775,-1.4936004087530494,1.316453265741669,-0.8724490995133267,-0.056245982459380894,0.04250088205790459,1.7159151555372465,0.8694989942027519,-0.12520861051822524,0.4723783263046428,-1.880713492346896,0.2344762161440721,1.0849396240243108,1.8533511303040608,0.10630133542312634,-1.512656947871419,0.15242434644183522,-1.7025060481334888,1.1316238824698583,-0.5117617355868105,2.0021679700621813,-0.23771365233228245,-0.9665752001024462,-0.025797916595846862,1.4788550210816798,-0.4650097329168861,-0.2928632939699679,0.1604009439139582,-2.8350898170563252,0.20736660947846006,-0.8124911995536997,1.030880143569725,-0.0605050645128021,-1.6301112492896075,-0.109930733761626,-1.2884111885752123,-0.8910033172698059,-1.1128549231087448,-0.5505568184283202,-0.7558111453208517,0.4679161963734888,0.41961128300929057,0.09958019309722403,-0.32061194891141875,0.015377122476070084,-0.2216107475340797,-1.2701768612508992,0.0891274407450983,0.0,1
-0.4672438446611683,-1.018932281668424,-0.13887099821517662,0.4069310795263229,-0.6971408485094823,0.5572655723791714,0.4688972268489668,0.20866436980053185,1.7092336935922614,1.0638166205920083,-0.5651466384516906,-0.07539989115388218,1.082328616101445,-0.5717336645327379,0.017899197574574695,0.4422881912644467,0.1841950339697628,0.16526335699408254,0.07063827038501054,-0.6446434790954011,-0.18039161924722047,1.8922172388849412,-1.226025490611156,1.6965618617981335,0.6135062955193423,-0.5499942180313842,0.346085124927473,0.10999622722930456,0.15559844181374347,0.03193221638808879,1.2455448435545866,-0.7797013208125853,-0.12784908579931756,-0.16084741430510954,-0.7173877089770407,0.868286683256645,-0.02343488692651973,-0.9804740833823214,0.10986302223239656,0.8320826662370218,-1.7659585802159037,-0.6673196399012964,0.5774608060015473,0.7542020816516917,-0.352703417995269,2.0287316612479125,-1.9559396797014117,-0.4765275302008101,-0.1716078652609404,0.8668252104258038,0.0,0
1.4952021292359623,1.2847014408589883,-1.2138886658473218,1.5418654352347614,-0.12036780021375218,0.7032343870091167,1.7569416501550403,-0.3852637856772681,-2.527760027993148,-1.1693933962313414,1.0690440783665571,-0.254139536183745,1.674952344571404,0.07393156205978331,1.0598570301472006,-0.15135652815478792,-0.2668681595001906,0.4172975770265687,1.9058636486015084,-1.5469553016260915,1.2505901225517535,0.6545248343631117,0.7703869734978058,-0.4454392471493709,0.9189936530968992,-0.8196505582674778,-0.4965051597812105,-0.3086306035567765,0.7840460515613001,1.2380914845411377,0.7402459855469858,0.4505036248629017,-0.2462898041533857,1.6967889244172945,-0.040432441984488726,0.4547674269507348,1.0213338443832012,-1.3140380258038549,0.06982183029371125,-1.025049751508601,0.9256300209443528,1.1571524439504517,-1.4837251061612056,0.5185892088827614,1.2109499307985223,-0.3188501682642717,-1.5606263119829162,1.7071083679847643,-0.0679015607599511,1.0094799858229653,0.0,0
-0.06071615712961787,-2.409509903880006,-1.6721575700785365,0.1574754562157646,-3.0565909957853834,-2.191359062571024,0.923732973481275,-0.3045031764864909,0.7115530121541286,-0.07443619685836178,-0.7102530100891259,-1.5368394728768051,1.0394176222134417,-1.3931584265011865,-0.5837942855647292,-2.586180368590941,1.6007016421359208,-0.42204814254435263,-0.8729776204489678,-1.2803350998016416,1.514237991923023,-1.4673236129012748,-0.4613252952629656,0.5472497245545987,-0.7117133759475605,0.9054676203403352,0.24266105403333835,0.6464922543336252,-0.9451082090896176,0.10273411088327856,0.7029025946380649,0.7274482543602879,-1.084185932177009,-0.2218323738165848,-1.0664822228799224,-0.4665577329698381,0.7900770769414768,-0.9655999314667968,0.3004446782588335,0.6221763568741542,-0.0906027458629035,0.2854133485336045,-1.6841989224019744,-0.4459627902400048,-0.8873349355370225,1.2204629194059422,-0.07661292321397792,-1.3634439396846918,1.0042160799619742,0.07768478787685251,0.0,0
-0.13066381028543672,0.589267894439159,0.555346386604804,1.4381379205958904,1.3424989893162929,0.840920929038401,-0.3799719150378415,-1.1729780115381063,-1.3543806648085908,-1.0594214853797927,-0.3516151101420029,-0.7488476245721163,2.7256611909115684,0.6843108287410868,0.04135977640540107,0.4583611501106427,0.40279569051620784,1.1381215983023003,1.4473690860037045,1.1576693471291255,0.8921738046410687,0.07260880083615713,-0.06030449338193001,0.6145095924107657,1.6757371518439048,0.27624405666036017,-1.5496013627931045,-0.11177814000130566,-0.5065696735822759,0.9202044682716622,0.3315950952845576,-1.9818451342459935,-0.3813856396165256,1.092062063791984,-0.16317114496252744,-0.2965975300739675,1.0670768530479922,1.9243238331696724,1.8150808154143232,0.6079139989949506,-0.30116518354927857,1.5596700113795958,1.053569602608657,-0.6930501274983021,-0.6583739488562612,-0.9909534657792898,-0.02588495411166533,-1.4625081244281544,0.31727411310184955,-0.3643549621301795,1.0,0
0.4982113408203137,-0.15293362380516376,-0.39053724864110784,0.04074083508116585,-0.9172822090051976,-1.1800637941120593,0.6919281454291293,0.17948843824582528,0.06979743417311764,-1.9461062860303864,-0.96049983043085,-0.4334508273422731,0.6743245093765775,-0.2371191370534957,-0.4824712274543431,0.1772704012540473,-0.23085528061395555,-0.5738497636519653,-1.4536864365728466,-1.172846050010732,0.2510236579856073,-0.8094735516971105,0.21975511976437384,-0.1309954495024634,2.12805162184033,1.5673665379820398,2.103057908050535,-1.3905719094941802,0.9469036759633808,0.23977543406513205,-0.3183613099738765,0.21839143935848448,0.005596403688014018,0.5016438736290136,-0.218376206656048,-0.5802115960619056,0.7314544671027648,0.6849632312298558,0.07064504163036585,-0.49192548322496504,-0.38880811716973707,-1.3559150614690851,-0.7167103024922735,0.12297351892759092,-0.06508900683533034,0.0020689936267925873,-0.7539826806333761,-1.015886897532558,-0.1011363419375464,-2.01995047267068,0.0,0
-0.04979284925154775,-0.829599264072535,-1.3929596186620672,-0.08840414796651737,-1.243651636980124,-0.014890835265917403,-0.9365373349480351,-0.10758396724529508,-0.3354871375062721,-0.5755552566882802,1.6897599673524974,0.9032920350205392,0.3688108691552603,-0.2484649288795168,-0.15120369399924266,1.456419798582471,0.4625176070676029,-0.3805541710502701,-0.7541728408118601,0.5397137267326743,0.4093110595835754,-0.03256406133393271,0.9673205342710676,-2.003827021900176,1.6747233272772797,-0.4637766649809595,0.07366858706312496,0.3746148320536981,-2.3632045279981453,0.8206897787666411,0.9488787444836028,-0.039946201370243115,1.005779287652096,-0.053361131598159216,1.6191560279275097,-0.44574769728077823,-1.7358301124709246,0.6758924729107714,-0.6374097485080746,-1.0500020423250804,1.3870903688025835,-1.0160017641306616,-0.4859281558100377,0.1084771143128295,0.35810444834399235,0.5144197592921828,1.0629774053482224,-1.670767867437416,-0.334885034635235,0.5002698975615832,1.0,1
-0.3047943477584709,0.8840738990553786,-0.9158546147812936,-0.7492551988498157,0.3279528007042793,-0.9027296634743558,0.8879141390659783,-0.7825216904353967,1.0950445297409157,0.2819744384241701,-1.5632704915833289,0.7613547231105015,-0.7562324468966691,0.7143183164953953,-0.003286050582058002,-2.6609570533312894,0.9988027785567692,-2.2878347658897105,1.4561104528870323,-1.5208642361974356,-0.2594383626389635,0.4348172592886779,-0.04054222230136628,0.6799289424384071,-0.3956442056342028,-0.014194638559503168,0.11360550772847665,-0.12077069001971305,1.3757006078861331,1.7794940035633724,0.5851760195540143,-0.8528205399060357,0.07256176154825962,1.1258770904136113,0.4743056500616829,0.4354018081681595,-0.17388443944880289,0.6730814842972722,-0.4145272566576858,0.18615756824542515,-0.1562012437992228,-0.27242456620287503,-0.7775062119873071,-0.3684641987839913,1.6248651965930283,0.06427288197671371,-1.9092663871072788,1.4258475088185183,-0.6260572752102517,0.9335164713377164,1.0,1
-0.6302635503114653,-1.0756031211093051,-1.1271871074953792,1.9317219447302592,-1.458141145041988,1.380937072377679,-0.6292766494952312,1.1333369685274164,1.6188643569783752,1.2377227183417818,1.2083067317654823,-1.4974899451808064,0.7647697598605532,0.2873374141385373,-0.3314695638375593,0.20926059072599595,-1.9962877535719,-1.6521211936354658,0.689513350296155,-0.15219556133613973,-0.5655802381404036,0.054524088094385116,1.9790643665424188,-0.7224817005156758,-0.12170161870737856,0.3791221815366056,0.9975040328425481,1.028458433030775,0.9862676131926204,-0.8650767094522039,0.4221194444246323,-1.8815283577145816,-1.8446452458098883,0.10633868498120004,-0.6194481140608893,0.8623483426233141,0.3813006511647836,0.8959497167843916,0.12265182683680405,-0.009929677489651071,-1.6924080792897724,-0.5237928783258131,0.4857827086538331,-0.08517361019360832,0.3895180129216216,1.1257256741894899,-1.3500770346382227,-1.5022025918469268,0.01999993047591849,0.29498713030780344,0.0,1
0.7716622143591527,0.025429903937077843,1.289449540504502,-0.956407092094941,-0.02563566049776156,-0.009549956067662738,0.7226872304905791,-0.5937953386412911,-0.5125486425238577,-1.222462698052547,1.2454868318890138,-0.124110958134613,-0.7316159178226856,-0.6472289642676645,0.5826359042343394,-0.5191799073087733,0.4811152909467921,-0.33157005606441603,1.415970927656899,1.4071732041703868,-1.047774346173295,-0.26610808111644263,1.6581375784839574,0.4747990122547507,0.9703994484449844,-0.9841223075490934,-0.3912288817982842,-0.6513628353607013,1.8261568528420693,0.6844303006321989,0.5822535516497022,0.3007765158334894,-1.296051905012361,0.8985605774791187,0.6238028887772891,0.5554776949296811,1.215209874841074,1.4668980555052815,-0.4129475519372076,1.046852338230324,-1.5327921453612354,-1.649699155419614,0.22657914379390803,0.22727018887042635,-1.6933488707988331,1.1549196933816932,-1.285686498834243,-0.3297262636006472,-0.8050208658172315,-1.0812570076947945,0.0,1
0.6585825763598219,-0.21880007847220853,-1.5075382575017933,0.9664662714257424,-0.1292855583250113,-0.3149467526332466,0.5520561755056076,-0.25382089701756866,-1.0032600295797605,-0.28605396751477064,-0.6463645622482989,-0.5399669720152107,-1.1557947461332487,-0.8553359756567239,1.1652317462391042,0.6651366396846263,-0.927618588003248,-1.414547942139582,0.25770127338803456,-0.36207339140323497,-0.05558649354122893,0.8192305100199211,0.32965097670740995,-0.8341894760386133,1.6977506434440264,-0.12704088221744506,0.4649426321254527,-0.018037623974873032,-1.0955566592084554,0.14782594309921726,0.28201965309210564,0.9123252238679131,-1.202029155994268,0.11256790906256027,-0.5307469985495739,-0.8131304299316808,-0.3222261969843284,-0.4574755646058838,2.1226747369606427,0.43694166823214187,0.5492756496085606,0.9263827269949412,-0.1960718801270916,-0.07502247059466807,-0.06592682167463071,0.8903063097060328,-0.05035770749787702,1.8656415919208797,-0.8135881143754737,1.1193767111296142,0.0,1
1.4354131977691642,1.037909740115453,2.339903470468546,1.4143066748222537,1.8072613083888658,-0.7361532533748035,1.015654371413211,0.6397726226029624,-0.4129043773240347,-1.090960586139064,-0.84374281551898,0.0023682198628207194,-0.7454376225187741,2.539615446490312,-1.6813346184213196,-1.6071248617246183,0.3350558416630807,0.7524628506344835,-0.8531549785274202,-0.038103974716400535,-0.4807693671697113,-1.6312101395133332,-2.139212246887495,-1.0199953464667069,-0.5847900546102336,-1.2452606441748053,-0.11879992660282696,0.4317701615941105,2.1616464120884307,2.0873892147460595,-0.07352693909325235,-0.12283930121989615,-0.8690598268796934,-1.6889531536299383,0.6582870567588561,-0.02194108569678501,0.3835132153702316,0.6347147565854557,0.2325733545233925,1.825158961008148,-0.3355536054538981,0.5559235540233969,0.9710665477996334,-1.2613440875810311,0.2389531181548051,-1.1865832035357282,0.2598066535178732,1.3050479328127278,-1.4295390942709008,-0.2584783168033474,0.0,0
2.277931632946777,-0.24389050965024134,1.344070001244838,0.7411429395638859,2.77925432825215,0.8245530550933607,-0.6769727971362677,-3.318358363792142,0.6151028093125618,0.06408997666001627,-2.0588940742761213,-1.676809907098745,-2.1707364511913947,0.049094384134866505,0.4038128679195696,-0.34493701955080625,0.2992164660048443,-1.127581318094743,0.3393998242824598,-0.006097555863723024,-0.225230304923968,-2.9875456670316094,-2.4348652600506844,-0.385476387775082,-0.10283184298714193,2.0610038693108743,-0.943267496529108,-0.6221142746478621,0.5018654847964246,-1.0990544876604922,-0.10885385455716526,0.28593391913985283,1.3727033291302309,-1.2764403416873698,-0.35410464700944794,-0.16846151872940618,-0.0710072335260346,1.7981471034594037,1.129345385014341,-1.5643454860477377,-0.4972337020660523,-0.8167305306673484,-0.1551079835222325,-0.04363557819521842,-1.93204224486967,0.6843318224771243,-0.5217257475573229,1.0078681054860417,0.010416553498027321,-0.37376416188200456,1.0,1
1.6887417668739937,-1.4091031734517832,0.5844143748786129,-1.558558347777712,-0.8788207426983367,1.892391907963096,1.386955623517074,-0.6620462323859609,-0.6980016441093926,0.4448213598705732,-0.9551775983398726,0.6368951454701244,-0.40182999915128814,1.877621971526164,0.19015737871729807,0.2846537652128211,1.2644687633222689,0.42083134555374974,1.2559687166252058,-0.3229566748397905,-1.213076340853218,-0.05986058167817975,0.32261012523797256,-1.1554968675380484,0.2810823368576649,-0.3997037117057041,-0.6643532920772677,-0.6183093606915216,-0.15113217101937307,-1.259687356106176,0.6197549397048981,1.1823043319026227,-0.916701528920906,2.2957068223033152,-1.0009998975170946,-1.8814626392263558,0.9248350184950616,1.5631000276503777,-0.8094127079328013,-0.2290070772456484,0.16240984386631938,-0.3575031711781673,-0.8303274183651888,-0.6544166323102778,-0.3631284582880702,0.0026306520347112445,-0.2844376840013093,-0.4218264710984383,1.0044943107039472,0.5231238986737164,0.0,1
0.4818552151808376,1.5884034264712388,0.8908670322310739,0.7463147043597278,-2.10983987122016,0.08229483674109336,-0.3965338033290823,1.0004480762529728,-0.4743691242722346,0.7142700355246646,-0.8334400698380799,0.8339854884028955,0.22078573466507997,-0.6063736494307373,0.3104510619620488,-0.2779898046503275,-0.6781419396901694,1.7143286234165256,-0.9412811426483564,-0.2314755756846497,-1.5827813065778429,0.7276533856699336,-0.364455094102084,-1.2996551193004824,-0.021934560802735998,0.19036441487208333,-2.1862520574150066,1.6691725074442971,0.6399220569242664,0.4953847421351736,-0.7015724564677895,-1.109208043984199,-0.9000621129813144,-0.8575358681018845,0.4583005131593427,-0.5598789985926615,0.9496402551188096,-0.4890361059153944,1.0432706944298302,0.03342996546007592,0.7578558381829601,0.6642373392893225,0.8634521001694063,1.1877234550342533,1.9149129588840383,0.3385350105784213,1.4027769010108595,-0.8610953987145737,0.8017318129052625,-1.9167063619823148,0.0,0
1.1056553088402927,0.1016152460869422,1.7404980970877622,0.649122116893177,1.16725911318789,-1.4160696838213942,0.7941548536522953,-0.7769126428607036,0.4974475062826744,0.8612627386214676,1.014229612961635,1.2993143733221202,0.8692119961533328,0.44124260978726304,0.951700205576655,1.1230039837903865,-0.007570039849422732,0.9694034813653322,0.6458505316494881,-0.16235692045158145,1.9798272923920808,0.7329941678825134,1.5746079284049317,0.9546307398254053,-0.6028957628422545,-0.5058778634229248,-0.3243977449952692,0.8668673321353975,0.021063029838169833,-2.3318920897058657,0.13041500463087127,0.0820823554850836,1.1880437185902857,0.389936817703899,-1.6556119291009508,-0.3446603612274601,0.33927405989234777,1.2229378678906873,-0.9994350987683236,0.5533651334974155,1.3182719481185148,0.7107548846769671,-1.2333406680063066,-0.14827717468751847,0.5866472244921294,-1.3685909665683775,-0.2813966809692587,-1.97023630803584,-1.2005004486948765,0.935424311834624,0.0,1
0.008278078455156945,1.1020410506052714,-0.7738190942313452,-0.2028738708989283,0.10667547117444297,1.605423002541337,-0.5767728182959447,-0.25371712357148263,-0.5343325479755188,-1.4874837010783233,0.05511410065124978,-1.0203703646206423,1.260768088013001,-0.05500785760253297,-0.01859561717614545,-0.1024584242652795,1.5537530413669027,-0.16434527665942505,-0.8805656886297474,0.2863384714703678,-0.09334381999110393,0.619261643440193,1.0430736845799422,2.0671279197275294,0.6990744304748637,-1.00530352378298,-0.3015708275879464,0.7269905054004966,0.4357976974544724,1.2855492380962257,0.8022357577848597,-1.1307744822697603,-0.12728194572092688,-0.2322242251093461,0.2907886093246045,-0.8792264728850415,0.5053332414808409,-0.09323985140357724,1.9963676630774447,-1.1369923892505922,-1.7434760870889423,-1.0814917158534665,-0.2950522342440198,1.6907847676292591,-0.4052952203142157,-0.4202609639160869,2.5401358667357736,0.9554795422164668,1.1143062502292191,1.3662847599192904,0.0,0
-0.34976475785964445,0.6766054545051237,0.6372381148909705,-0.07500100205557649,-1.5234820050992528,2.2604586838622995,-0.3589963583323965,1.5731076016452403,0.8821718236230832,1.2030874222624797,-0.6173995095065193,-0.8346613635568136,-2.1106887309949856,-0.9817021657864212,-0.943387942866708,0.2582256923654607,-0.2903211866808116,1.215232035816889,1.239522611722247,1.7279711148876615,-0.5679181066270717,-1.1301135264563498,1.2040558970378912,-1.2995650072214942,-0.7646491273694692,-1.2094096863186885,0.39672019390897456,0.2226846527528991,-2.287749152307125,-1.0086142899484591,0.2835138649232131,0.24659227195417704,-0.02213461365882941,-0.7516610316129593,0.3960348141727592,-0.03837190106430177,0.9311658044070998,-1.6933801956340966,1.3755118111864602,-0.8972020972396351,0.018893459909937425,-2.0171509690382576,1.860027705914934,-2.6003782827748227,-0.497730131550835,0.14264319404638467,-1.0040022690009338,0.08120138486061633,0.3777238965843426,0.27732087515033965,1.0,1
-1.2223337203579585,0.9696911074004873,1.4349661829266276,1.160480157309687,0.8040706775007153,-0.5302858895872993,-2.5099649319757544,-0.2444790440492872,0.5231841670488836,0.7962309681607305,0.8286925461881999,-1.978426117974816,0.7331903880650329,-0.8777696563059377,-1.610269245017221,1.6160544027463712,0.13631991184462172,0.2167114776040089,-1.040009985788017,-0.13783075788658306,-0.2188997319337559,-0.001552872032352549,0.456790959146481,-0.3241772058807829,-0.7199247960747654,0.5416167958115768,0.4451962310869181,-0.4135539046514772,-0.3980485847595717,1.3093690144477903,0.9434798913936778,0.1593745709683411,-0.7278938778914477,0.3757799368049734,-0.031303914726125225,-1.6434435244747536,-2.4569718507900484,-0.22951033706103524,-0.9260166855246872,0.5249082155070949,0.3230386478868571,-1.2032329754064468,0.2563118819343747,0.7474867774705197,0.959011878695495,-0.3462273542623586,0.36958158801059177,0.1126226737837239,-1.1294988937918642,1.5159760851641213,0.0,1
-0.4372447627144516,-0.6401532361920241,-1.1665890033669022,-0.03796187044464907,1.3853989012052486,0.7075612242678094,-0.28711127969026184,-0.2544968108500275,-0.8455007126012042,0.2519306351926953,-0.8701273838710157,-2.4670053762861346,0.5002070412871843,-0.3885556044629576,-0.3988600935545095,1.9970958254432083,-0.11789774681486992,1.832642035483216,-1.8859500967002905,-0.28945610167383834,-0.5737099522767745,0.3055739066240764,0.8949227413278878,-0.7644759959735941,1.5428909568899742,1.6560377303213651,0.3684853000928604,0.1960328671271052,1.2706532107100774,0.050438525760025436,0.38905849413488175,0.6560536317060931,-0.16640875214164705,0.06612053394926916,-0.3166309073730701,-0.6729641881636084,-0.999799812223252,0.913599849015112,-1.3164999120440757,-0.06884833772383257,0.3570697733605629,-0.6675038879884413,0.4089860596912901,0.3514240713487232,-0.6611217327062383,-0.032632227426098094,-0.09882579886482984,0.10411364770610974,2.650708449825296,0.1467069022630378,0.0,0
1.5580968759730096,-0.19025004975200116,0.9770056770194838,0.9161998301521904,0.8555856513328124,1.1013720448779538,0.3984154079962514,-1.103104115751651,-1.5657359375919084,0.9638487370976851,-0.8572838761233295,-0.030688173353184783,2.4148371515054383,0.8854386066837429,-0.5255078605267709,-0.5143124758804501,-0.2393102184583851,-0.7056090476057486,-0.0904269832284169,-0.6509158867766492,-2.227492558598577,0.6985942126991015,-0.7397514204913426,-1.3566300930555752,0.3008355752911386,0.7754049702802704,-1.6430562321882445,-2.2843252180390183,-0.6522171267565776,1.9278803879000983,0.11667553029618034,2.172523158622673,-0.7260634389464963,1.4818427697964942,0.8985618140158315,0.2600078891499339,-0.1575184402080095,0.33403037408526576,-0.4224109395417761,0.6439976921369172,0.5363231308038027,2.1395997869923984,0.2529215457790371,0.12998612385491062,0.9164179849375036,0.049424351370926635,1.8797701262826418,0.28086880597744684,0.17884583717948888,0.9531712055594234,0.0,0
0.8796436060693947,-0.472579566068609,0.9749416649093592,-0.060549822252966415,-0.2612810867675759,-0.43387710492715065,-0.14816747438035166,0.9052265085748648,-0.8730938400095581,-0.6914623737894849,-0.013944479902150902,-0.2417732726642135,1.1325751605040486,-0.3648883056618291,-1.7727035072456343,-0.5541224044886109,0.6208526721854878,0.7674274782576025,1.262968346264847,-1.4419731517882135,1.6974661264489237,-0.4680074489605864,0.17783650618155294,0.7349913416213957,-1.2468283466623489,-0.9228005295559194,-0.7904993638708839,0.6030935331629954,1.7014615764384804,-0.9878647135155576,-0.7008138005309111,0.6068090245764872,-0.7954814229977871,-1.82621528744194,0.3488258730168597,0.6050654117859838,0.9101662752648048,0.8677073678896273,-0.5375825269687531,-0.5520937206261168,-0.6396458724242754,0.3771465604320979,0.5354793211714319,0.5763061396802249,-0.0675326835604456,-0.6191641497854775,-1.3616582172689409,0.3080269989917103,-1.024508395802235,0.8696567050188404,0.0,0
0.8146312885792105,-0.24844432306474384,1.8839527405622576,1.9589663254552132,-0.2796369378438779,-0.022074402310546703,-0.7432765658703364,-1.158126697760748,1.5653740277590238,0.8176475260285633,-2.633756655734245,0.3764953389488076,1.725980201049915,-1.8676732967468284,0.8037986682374355,-1.3107159426275063,-1.1972825284850692,1.4455187871948063,-1.2988449697381914,-0.1424576286563316,0.06198234405722721,-0.03992113992320027,0.5031959803929079,0.20421016773825545,1.2486335962188435,0.43179716612841773,0.4111508371281586,0.6851404429401249,0.17651344754588158,-0.292354209677507,0.9476740918316892,-0.2357505773287525,0.20158314928283486,-0.05878153958828754,1.2072356708378198,1.6318106971907749,1.3339130045568601,-0.9018798157906484,-0.7874048821984742,-1.703794423510547,0.3218131869770425,0.006347148131105911,1.576288813988471,0.4490136377471669,-0.2220854685075873,0.9731232768676686,-0.6693895294959781,0.9191963269096232,0.34823101056344297,1.3438529363782008,0.0,0
-0.20652511346284386,0.7390276115711663,0.7561917079679726,1.6940983291927203,0.1847550733425689,-0.15665607839183107,1.251540402673549,-0.528754044004331,0.5255049539561673,-0.18708453984730006,-0.3815872309620482,0.08642336419345965,0.9885489994163168,-0.2417703947431513,-0.08984386408857456,-0.32172566049867024,0.4513386933328301,-2.6930954653468997,-0.055187348689735634,-0.6494777860304649,-0.06875793753228553,-1.1366626703195395,0.8562303854057126,-0.3004335867289997,-0.9161299707120624,-0.9765674681342388,-0.7250712332873899,-1.426319979072875,0.8178651745267193,0.899050206097271,-1.1806950162879026,-1.2946340427852137,-0.4966434204376222,-0.2884045879609117,-1.2485738923103291,1.5859749549229851,-1.124092487817392,-2.0978955301858155,0.2834277858661365,-0.27913832493152035,0.4369981250964654,1.1117577158437342,-0.2953298963447315,0.22124462327205,-1.343826717869798,-0.4376555973842597,0.017372059441471247,1.182780304838702,2.5694838909339834,1.0273334368520484,0.0,1
0.7549760710755533,0.7796768699997937,-0.7027538616196394,-0.4580949564624433,-1.0731329193752492,1.0341760620579497,-0.010192714013811879,-2.1564856461970563,0.0376931883700138,0.2479651404969163,0.935725399393963,0.4657688278319275,0.9056052382285597,-0.9463738232958336,0.7940249500395098,-0.16107412686200825,-1.49007077897217,0.14718867833480095,0.6666873523977022,-0.4747981941945547,0.36123689942370657,-0.7496440602517113,-0.1183699984660424,1.0974756963749839,-0.5361786304484502,-1.529783104026459,-0.7461147521031727,0.5896426749736744,0.5305554548761429,-0.4671119208230013,0.4426028040931005,0.8612831903359308,0.2933510894466173,-0.1613003252785106,0.3035722067422562,1.3376737442571374,-0.8173110787394343,-0.6298727648183212,-0.7814950346793922,1.9097602627971864,0.34540434500950795,0.5901342342624666,0.403221772933014,0.4379336040064375,-1.6645542462967415,0.3759753749200013,-0.7522883570608097,1.1569510181990084,1.9120397723120088,0.11119955016804367,0.0,0
-1.1731901019954587,-1.7551745652739568,1.3384798259834805,0.32793824514153924,-1.216650950877366,1.4149879405130916,0.0412688818020134,-0.4021775184006316,-0.4041819858417117,-0.4240625333467233,-0.1557883950365372,1.7719861741188463,-0.6818940912414491,-0.754888987306151,2.022081911042442,-0.3404037782434347,0.1742629689720837,1.5687997950870476,-0.15892179755566993,-0.893503375142494,0.6867017720239318,1.6289471387648962,1.4752165603908671,0.5995351491629896,-0.4873893184980184,0.5892100515802913,0.09462786385682648,0.3131608759897915,0.2976329646084078,-1.0852798124892515,1.4600929728074663,-0.4408768702902601,-1.773116037077014,0.2226929853205488,-0.8207723476903439,-0.04996347075494313,0.18456052834165973,0.16036137019583172,-0.7100988785081543,-1.3202869615923367,-0.284873085229368,-0.5979457616823243,-1.6041901316663032,-0.14556124757865813,1.5570395573351723,0.2354620843511847,0.6174382480076327,1.0209852205579557,-1.0290733717182416,-0.26501360527586404,0.0,0
-0.341407303644595,0.031697357904669425,1.644841675624682,0.5166863407476114,-1.6438043783577558,2.930896275626546,-0.1943586197418372,-0.6215967150771509,0.9465549454525808,-0.5359527424388117,-0.7408443724206388,-0.4895942228084389,0.6042238213861745,-0.042787089881568485,-0.12566606216538426,1.386389355841634,-0.5547635966049779,-1.7782223666133796,2.16233571235989,-0.4254844945784509,-0.7901947888618549,-0.3033494609462315,-0.369217503453273,1.419096362277725,0.13255033208788558,-0.7856655785939216,-1.94246868951577,-1.0747624561425753,0.3741528090065075,0.7596508626168443,-0.034888568601333964,-1.1148005104599321,0.8610653690140243,1.4503256598478138,-0.028966848873539005,0.4268446795722662,0.8113293457127572,-0.8769347561292912,-0.07430883924501963,-1.2156496928077192,1.0049336021126358,-0.8557956706898375,-0.4556536451194785,-2.1506680638209623,0.8761399655258715,-0.21833576496263868,0.019820953018868583,-1.3758479517453006,-0.6965579475341238,-0.3238677878773704,0.0,1
0.6529205837671296,1.2803942180598074,0.44922507923878974,0.6756821671734214,1.9312069655781263,0.7960503578624333,-0.3276679968337411,0.4406981070639217,0.516573553915773,0.6966511851859862,1.3952777010656583,-0.29122433133153625,0.10366372223089307,-0.0025117220894904767,2.0348471026637243,0.25493046075624803,-1.0384744008154363,-0.38607669665111416,0.1353443195552796,0.6974064318853269,-0.2511812430877641,-0.3181855909284314,0.3808444407313235,-0.6510742486696589,-0.3720654129961313,0.5044970498487702,-0.7424665948089999,-1.2631529318470291,1.7746033331580575,0.11904562905741728,0.5337466549347619,1.4522758445510466,-2.5952914208097115,1.3485234405420021,0.4822094983538332,0.3538348945364853,-0.7266913628976096,-1.2338434790273285,-0.8807443788294061,-0.6272183792592062,-0.7900462874601373,-0.91982495123624,0.4067963225656315,-0.5224184968395865,1.0556872634284824,0.5853530981873565,0.14986700692335805,-0.11702057860337553,-1.0552218561101776,-0.6268114637454847,0.0,0
-0.20060105630686706,0.3123782681803848,-1.6276076181323855,-0.2654366180023172,0.7766817337212999,-0.9520946905533236,1.010656980405088,-0.4317163390558743,-0.9138845434100884,-0.9000155290788621,0.5061007859882184,1.0170675209465978,-0.290077782186154,-0.3576105863626329,0.12437014998443938,-0.8939350867148032,0.9865615283869572,-0.17794202408141002,-0.8305936725751205,-0.5350034929624293,-0.056964669699367636,0.3020499357735488,-1.6508198969428678,0.006471838983810649,1.1983490154387595,-0.8882580403966073,-0.8221445522279615,1.0484960018670322,0.5738986732575455,1.1226932479208365,0.8880304208374209,1.1696185879473422,-0.058240909483281936,-0.22792090754770314,2.065073421949996,1.016835634705071,1.3388615578530263,-0.242147603392943,0.6532783613890453,-2.5022614188925782,-0.3919374445206748,-1.3859115021948158,-0.4479225743740915,1.4325450300632327,0.9299035925143209,-0.7531647715848078,0.09508990380172944,0.5510258421607065,0.6231958157053523,-0.4389735310297362,0.0,0
1.1848329069175214,-0.4316457737195829,-0.4745948807682274,0.016249087294244402,-0.2107407466081012,-1.9348169001800275,0.34290570599841,-0.8093295096403305,-0.7652623297466302,-0.7050263069830419,-2.049934923004376,-1.3605815025775738,0.8843251086818882,0.20309549393674203,-1.0486145086465772,-0.5771016085957614,-1.1223211034173208,-1.9227319545029018,-0.4183393130474069,0.593434925234431,-0.9237421400690244,-1.2704658256096153,-0.38939404061670196,-1.3743756648150458,-0.8366611224127485,-0.3474275180983026,0.13942909167218326,-0.3099254944728842,0.18805087913814736,-0.4281622193382069,0.9545525248280664,0.4038181201182872,1.2766780230036754,-0.17255073658786269,-0.6440424169039431,0.3171925036821027,1.2561974679361478,0.3863387853709422,-0.21094843892577766,0.7944167600327257,-1.553401292931484,-0.8891800675675674,-1.108072004518638,0.4244635218225709,-1.9514880892484407,1.3532165318775151,0.15007582927941776,-0.9876990102804776,1.1514943779817717,-1.2073902528810725,0.0,0
-1.5442582317743319,1.2907472214894526,-0.7902704930437777,-2.6283750717055203,-1.7709039663634358,-0.09957447731302978,-0.055868371552872095,-0.06039337778190984,-0.5075996785331188,0.22481025237474675,-2.6893714039641345,-1.0811948941411764,-0.03490520903313886,-1.74239817340096,-0.05239860605256918,-1.8340758786035647,0.4048644667739661,0.05907114474512028,2.1410790675031253,1.066122419979904,1.432785583922241,-0.7025426850999106,-1.3860298972099483,-0.05030865371390778,-1.0314929694373514,0.6075307643137875,-0.7274085214734883,1.1924657429770302,2.1163969183660294,1.5992858127767666,-0.6205904554139391,-0.5114532166177154,1.030925311613687,-2.436173151112957,1.0624672427463917,-1.1801060185850458,-0.017532021758438116,1.6427701958116137,0.7548594245428468,-1.102153046389269,-0.18227099487435888,-0.5191920648772563,0.8050254850936854,0.26881883926368205,-0.06699462357568098,-0.406704289788386,0.874202659586687,0.31917878206309724,0.3652317271420594,-0.50546300850988,0.0,1
0.5579461620620741,1.9779409395639584,-0.5542730691080333,0.1659172883955612,0.252349364986492,0.09530395634935716,-0.4542216176495221,0.2772794144197209,2.355117133720512,-0.30306027171100497,0.1761306641819686,-0.09054513491347438,0.5176298727895209,0.5596724466399955,-0.23092802358403056,0.7204822314986935,0.3632435329467717,1.2569101278674952,1.5051461227649543,-0.5623476250972638,0.2409515046526333,-1.126282839504105,1.940560934682772,-1.2923707946410323,0.04735873905124705,-0.5764689784003549,-0.24345113065489254,-0.614266327813388,-0.5549547312814996,-0.37911884447303495,-1.3789675836473758,0.2939104737774618,-0.5562700901139165,-0.1517267888620169,-0.14793428252663787,-0.6692534168328912,-0.4885077804677055,0.5187239073385143,-2.0531811036701213,0.28073932739383106,1.2160277088711038,0.3907178158941291,0.7394183962254338,-0.3657504221439452,0.5566024549995426,-0.7044633035895441,-0.02155296313500595,-0.7984452704735823,-1.1662470439306658,0.1991243454225684,0.0,1
-0.27044136134063235,0.7281516341972929,0.024766681218033573,-0.3035804186975656,-0.9755204089544516,0.4929112634908046,-0.2122309598929141,0.9765511420275746,0.1541919548574226,0.27084134981957925,-0.02753437250309938,0.3884406600799764,-1.990660117807277,-0.4864719737639282,-1.184992266106701,0.304206755346657,0.8234389905270204,0.1425116578796337,-0.3384134972280188,0.3743615280458025,-0.6560588505556003,-0.922834732194098,-0.8218201196433602,-0.3128982804789016,0.9862440803913808,-0.07568323657246505,0.5726689184451701,0.9979897492349444,0.7644399675403384,-0.06749866651664757,-0.26987189905556697,0.34978808995525057,-0.6966451215057466,0.15587892261896472,1.0279755843753662,0.02336831915291913,-1.0319445237332123,-1.4861075193387452,-1.3646504101459764,1.3861569338813549,0.09256644700438876,-1.199269728805742,-0.5175789090387322,1.7362580093467446,-0.2328678198492337,-0.6653467817931168,0.24958746902612025,-0.3929535542351951,0.9056741718348468,-0.5666298607805962,0.0,1
0.13487952878003545,-0.5440050694036594,0.5699608195557528,-0.3340298272986864,0.7848915771123801,-0.3054134548681751,-0.6870087466910155,-0.06523948505291878,-1.0056319176270747,0.871342426003085,1.971661544946156,0.5199490495375186,0.94211841581923,-0.4714523223770381,-0.49654166492397206,-1.3297065788448756,-2.211041241533212,-0.5276315773993914,0.2144937011433536,-0.5867578444144469,-0.5018004470364891,0.07414090844282997,0.884218056037477,-1.2499124407069695,0.09698487188251688,-1.3686954417663726,-0.16161022156797294,-0.08393120122170497,1.014857685167991,-1.8591453539695932,-0.3241665697891791,-0.2103293920349803,-0.08278398655979738,-1.8809706968471271,-0.5746882668554664,-1.0425270681072754,-0.5410635773711566,0.7238803515852629,1.6486488084303834,0.6645276022494826,-1.4793995963778022,0.4784743537887604,0.8430797063443569,-0.4971049733445347,0.5907684368605306,-0.25600535047367284,-0.4957377973360127,-0.15945441975494548,0.038408642879237384,0.9200210428019407,0.0,0
1.223158782550445,-0.2753942425847967,-0.08924861314621134,-0.5244174555537061,1.5347597847191,0.30559178069202897,0.4657902707105245,1.302349696822608,1.24110525237503,1.3727037701956923,0.8640269881552021,-1.304789394511155,-0.6332592116594162,0.4014747796678396,0.4527791053854374,0.4152024086831208,-1.5505704597426857,0.1436878106556787,0.4000924244801461,0.7134269995033424,-0.8347490737864237,-0.8382683837703282,-1.0195530936424626,-0.2951927378805564,0.1108896648988205,-0.8522217168816149,-0.09587168557359367,1.052306924057535,0.997068464652793,-1.4962061997531004,0.7381155046226818,0.03223659372428268,-0.3948370311944877,-0.13957113374889346,0.90544934116382,0.9164392531356238,2.49673230699979,-0.2471976936005716,-0.6331868687511387,-0.7034447249938529,0.5928234455519232,-0.012563834564521086,0.9639674707703226,-0.7116185373860486,-0.429101872050854,2.0287183898844083,-0.6961886124329985,0.27214910047737706,-0.8197635948216953,-1.2206151783799308,1.0,0
1.559080550825439,0.15300701064015446,0.3145442548495026,1.421776888189778,0.8073694398563924,0.5330845333118666,0.5616149121601381,0.4745105911311146,0.2301690084115353,-0.15710765423682851,0.6359170934686315,2.4769172453577415,1.4132564399155674,1.726379812591576,0.20689142861346,0.8209366801463659,0.15979990640378716,-0.5718049254918292,-0.5315047595650834,0.7758801489855585,-1.7215527744755057,0.2368008075215547,0.2051953087295962,-0.9735110860994456,-0.1825054057359872,-2.242990932409894,1.74917273771783,0.5322580729274226,-0.91321886505483,-0.2401929777671853,-0.12769441213744115,-0.7091763594974415,-0.9913102895633872,-0.5293037720322511,-0.017129148959829654,0.9731926538864822,0.6792690279627391,-0.2805204278487811,-1.4590494712803497,0.5076784398830977,-0.4432182811905233,0.1153079332839187,0.3398491729121315,0.6445419219497548,1.0248573461458637,-0.2883512965326531,-0.0453125411065192,2.1423476229329217,0.3227196952242734,0.6429838928654338,0.0,0
1.2676841705672008,0.0463151208246621,3.4276903259911813,0.5865663460853947,-1.0505380324540732,-0.9389847877062072,-2.166305667347002,0.6862413072278138,-1.1535983911902323,0.05852720159847145,-0.5555201785993168,1.9928721287890956,0.7777393222379323,0.3960556994540156,-0.05790010881996235,-0.12933447636215095,0.2573822834781991,0.1773392883989374,1.2384409845957651,-1.2039861235961788,1.6397611029211323,0.7115431881236653,0.8836298299304585,-0.6982289631610384,-0.4964249989304844,0.14928410766595826,1.418374348945691,-0.391909824735926,0.2465709621323486,-1.3403109419848986,-0.3689545233062672,0.7411005631766793,0.706678328513618,-0.5569047082754462,-0.992057222830014,1.3751218277439874,0.4718598531907956,1.8727328507461325,1.3841851995893757,-0.3101047706699884,-0.958708127621456,-1.3221619958683593,-1.1377605136008806,0.4814103599779448,0.3480428299186031,1.8430286979992907,1.1850424691172867,1.1490752191443727,1.9740253720789005,1.4080072563272823,0.0,0
0.8087736513757785,-0.3495913933543196,0.9148698708993772,0.1792288580761305,1.0730388180699033,0.3029770218579599,0.5467779235612914,0.06329912632456594,1.2649925282056529,0.9786430668320848,-0.7730921865909249,-1.4304481220174603,-0.06004036928348563,-1.4901878197381548,0.4530342982704048,0.15389381404624658,0.14557713120661414,0.3153811163573965,-1.3603050561164067,0.6867676460558412,0.5931225990893603,1.6123963629861398,0.09065734848872904,0.4744260963306287,-0.6024730237087327,-0.3157220522693805,0.8667237510691188,0.3888021331696869,-0.31276910549753684,1.4557882355457192,-1.828603362864829,-0.34373511730040085,0.5014892702839192,-1.087918457288652,-0.7560493519304164,-0.05411413815033582,0.9775392499770628,0.1482143206634298,-2.043069526854939,-1.3317073079955464,-0.0875357743259582,0.8529388504057562,-1.8811416196978936,1.1572560471482194,0.49613216354570294,-0.9202733010288926,0.96154442501011,0.05783245684632569,-1.6657076074060078,-0.5421038898610739,0.0,0
-1.1948294029360458,-0.2579958952433952,-0.3180122732931168,-1.5632253003574696,0.3577481753608013,-0.39546575105342,-0.6116244563722224,0.3716339066023059,0.8215949039251799,2.7926718851288155,-0.10507078948510744,-0.13887466844869767,0.07307335051157629,0.3771575424730207,-1.7752513159315992,0.2316997538007529,-0.7440346460528763,1.2122986954387367,0.3682827647948919,-0.7853274965965358,0.6804460381549226,-0.2792676749261807,0.8410333821706704,-0.5177485122211539,-0.051721026800595434,0.5121360248120789,0.7011057254079245,-0.6054921677357173,0.7750127049698633,0.8051688660322366,-0.546651435501802,-0.5877846192300179,-0.5353329873477279,-0.4259607643386435,-0.19131997524887626,0.17275562237544015,0.9958199235938594,1.252643404329432,-0.2740689659643572,-0.4547685325409149,1.8476852133434445,1.9200125584024688,0.3401945506939355,1.2041675317843752,-0.8259725410290409,0.4650019749310241,-1.6638998636432114,0.4027893786074585,-0.7006628845860449,0.22896191186436535,0.0,1
-1.4887004070728087,1.116806376152686,-0.5480869879070308,-2.4805160233577745,1.3488374507433143,1.0130833838460245,0.33401213588347944,-0.6828852893855949,-2.467595900239077,0.8664748760699864,-0.6780798347150397,-1.2624025213050836,0.3297110714906282,-1.7286917336679304,0.7345940484808593,1.232986369257874,-0.5505786407676465,0.9336401818801328,0.02127459327095664,1.613712128997983,0.17580774680121414,0.27405727890972603,1.3823957386381391,-1.949603977001986,-0.7250623105221055,0.09310774201211026,-0.6655157596573292,0.2782049492031405,-0.691946711781487,0.7753026196947451,0.8152269848456646,0.2273073397163729,-0.991557049522006,-0.08101592273735125,-0.13441785015976626,1.081647224694095,0.3373609698374174,-0.6424783709808843,-1.7923689034203183,0.8025488528150171,-0.11097819660336568,0.5797266770972029,0.246003274344089,0.03312029979727872,1.2772799564507356,-1.1472715050451996,0.2532763892787993,2.068668945323393,-1.103313206249772,-0.4648934372522289,0.0,1
-1.4411424731297406,-1.1790365492692252,0.6820442318848231,2.152157252488617,1.6019478156886495,1.0607030078510704,-1.199101632046402,-0.2996527458389378,-0.06962524223168312,0.6707785242061133,0.9735389943747564,-0.16592549930429684,-1.3896626539656036,0.4818552149250903,-1.4584685064470948,-0.4485153267111465,-0.94291067574025,0.5457270918598177,0.5205082690028814,-1.346131410104849,-1.1494152001291147,-0.3303739362987513,0.5208583622391058,-0.2094204677965273,0.4896222496258914,-0.3747065121270961,0.811738797031201,-1.62698122675358,-1.042597637240882,-1.7960120834879272,-0.6276459294249648,0.3759383780676288,-0.07794167649324305,-0.5965959665375808,-1.0430999449677092,-0.2495144736721009,-0.2585457054017957,0.2233624551656329,0.8051740474300377,-1.1988312141572732,-0.4385919068988414,-2.2887322603664204,-0.7459544590994879,1.261906247337677,-0.4850571279598236,-0.8404256431647201,0.19236719264957156,2.1234770188150858,0.9268333528594658,0.6013436621499981,0.0,1
-0.6770779503140862,-0.1858588554766312,-0.7416250480827847,-0.6235452960791639,-0.7109719982858782,-1.2538139573036298,-0.2878856013883226,-0.2049137440564152,2.501347067218466,1.4031260899108642,0.8047213304431148,0.3316798912506023,-0.7228045395498635,-0.4388718181754344,0.583764464497019,-1.052279513130533,-0.3463551263999016,1.6992420158286985,0.8319189515343612,0.11839158617255427,-0.2161550474569512,-0.7725161604116126,1.1964780857947344,0.18114281661122925,-1.645939018524079,2.2910074944717977,0.5760388493850169,-0.7841610159150408,0.18537327001076934,-0.04067491836116269,0.03999045157234904,0.14990599341739327,-0.3873412980042461,0.4864781302743356,-0.3804347826350822,0.4776368387827191,-1.1892319897064494,0.2428534227181079,-1.5145152468373357,-0.14188029773198682,-0.6528944617864934,2.061188026292387,0.6757179405068249,0.3864639222956227,-0.137952117098208,2.081386857101998,0.4951108760790239,-0.25287147733367743,-0.5735790167923973,-0.8715334192726849,0.0,0
-1.0978646532885528,0.6595290651933263,-0.044428992532474086,0.10887873353289043,-1.3546867387755432,1.1687935841724022,1.2790239495218805,0.3994210184254677,-1.6242487186874968,-1.473806475180265,-0.3891088352089328,-1.421000297511858,2.342189913775172,1.1224783116594794,-1.0084092025032387,-0.9242633772359002,-1.170441746318509,0.6596900191851353,-0.9095016704617066,0.777929721488257,-0.05655006695011034,-1.8590489152780092,0.7843843985547293,0.5632049881081878,0.805333495533437,1.2060276908516798,-0.6408067516256879,0.7923865420005595,-1.9111769427956593,0.2068331388849388,-1.154433706087405,0.6295060285138914,1.7580924568168972,0.4854065514379156,0.4395328184420488,-0.13465339982070726,-0.15090356864382054,0.4370838722605124,-1.4588573039854136,0.4652131032240148,-1.0560330703545868,-0.15121092363428332,0.7454463926351619,-0.6909136448288552,8.634960371073907e-05,-1.6241048032592045,-0.8855117375434925,0.06682148472984485,0.949264617811814,-0.2515833677612138,1.0,1
0.0627658051912806,-0.616082671035649,1.8993475447083863,-1.0843156695369955,-0.7175868014982172,-0.6616110919815715,-0.4742425111680788,-0.9892699303893162,-1.3755788601773844,0.6527493662042,-1.215750857554931,0.028888074648148118,0.1127672967149838,0.5331481409195573,-1.7094714259529495,0.3250335114655468,-1.8959117199010942,-0.013263631789523169,-1.509478429898989,-0.6985689917747521,0.24695999853892445,-0.17395810290402666,0.9528540132461708,-0.7982937678268273,-0.5861073312618885,-1.2106900730484806,1.5150056724652108,0.2780231435910268,-0.5253726057062978,0.2736829496742689,1.3600434284484328,2.6049678397348206,0.4120474530475455,1.4888491558223085,-1.1108528354471858,-2.3243688350734693,0.2273708200007672,0.255958975729224,0.8667386200350788,-0.04213722853852489,-1.6823666284708916,-1.278853645473957,-0.9673076492378356,-0.5841707902207279,0.09555427663130292,-0.6453940732165052,1.6354365123941177,0.6374998249181204,0.7418403953390083,0.945938958135502,0.0,0
-1.1249472730238936,1.708519430945696,-0.3452629900356819,-2.1510512797288284,0.8040436173217465,0.2390313689209849,1.563799253817748,0.6501132588926005,-0.31415507734893783,-1.954407217729408,-0.8945483295847114,0.2820083150325889,-0.2530046413163038,-0.7272124863201217,-0.04102579207815947,-1.3207082528064216,1.7134156418800697,-0.44971049281818026,-0.43433976328308893,-0.14705410127666202,0.8451889353701706,-0.3046387631184955,-0.01790591075975592,-1.4710325217909168,-0.2382660054558253,1.216310338268623,-0.510012328206572,1.2401463098749743,0.014873228909303798,1.337108357020313,-1.2374015409469992,0.4635966060127893,-1.0908993484814502,-2.0043137617387567,0.8121508355450318,0.4889321136875784,-0.029899462253972425,1.4146456458167045,-1.0660549095320262,0.09159596846455006,-1.2690378732031926,-1.0923616442452415,1.7632414791103332,-0.7163725045792794,-0.39802772371567546,0.3283523036170479,0.5965909562260483,0.4250156369435008,-0.2636618090167842,0.12497326219186992,0.0,1
-0.3959083359519019,0.001605169150514127,0.09523579308998978,0.6331140585845183,1.3902914575813183,0.9983574799400664,0.6128072225440847,0.4455595119908029,-0.2409110289702841,1.6363416059849385,0.5586098281948078,-0.08674481279439009,-0.3259106807250817,-0.07870458065283377,-1.3199391258576028,-0.3159310295999851,0.6208364134913505,0.4500664071848196,0.26418602395918306,-0.16010588821712535,-0.8142888088920103,-0.8255608321285318,0.3618084950891741,0.2654068847880989,0.2057845278459944,-0.4065565701030693,1.0925115969158778,0.8709948288518997,-0.8517302790627893,0.5055850963173323,0.6861591997946284,-1.5296343838187163,1.7953843978164412,0.36543592582182,-0.6750390123437272,-2.0156159829774705,1.0189997299492473,-1.9754259779269328,0.19540040299234504,0.5847888696283079,-0.34224508104631457,1.1287814339018178,-2.0627460023020743,-0.9617112509903936,0.416623720592034,-0.7592041401591356,0.8461750303932417,2.060122928630987,-0.1671631529467447,-1.0895398924253898,0.0,1
0.6465502971486755,1.0479439381758808,-0.6781796065515949,0.005798044685438189,0.7428379190958173,0.7845936811615126,-0.9030358691043038,1.180377265287043,-0.17771077026296586,-1.3073984342228098,0.10977827320102318,0.9165527387651154,0.2097948271618882,0.08792535708765715,1.0287575840495695,0.5403753198456344,0.4637081106451859,0.346811722828719,-0.6503935777311012,-1.396210100735836,-1.206867045780737,1.116317166675134,-0.030598972153908933,0.6637206114958863,0.7654833569626472,-1.385115879350784,0.9758774419734236,1.0412508554980466,0.08673513495837351,-0.30124820433685234,0.6163836612607533,1.4915743743435257,0.17463815918850464,-0.9886500259763652,0.3460306281069113,0.4975774743457313,0.5440504529886966,0.09109263487664804,0.7862149579701927,0.20001479371322087,-0.8310867425658225,0.1822846290442751,0.9639412106491444,0.9975902410749441,1.378964081160727,-1.9970540463979007,0.6899524834473532,0.053893765703705215,0.6853184240586477,0.4494373734035586,0.0,1
-2.0931011623168243,-0.6001019668395164,0.9168942839335116,0.10623963987026508,1.4339229505032896,-0.9102262902008712,0.7012454746766014,-0.5479611073095769,-0.2952948212303068,0.4665370748898293,1.4229060464987462,-0.6077330754755373,-0.13682055576271662,1.1904431411430636,0.42720400690842203,-1.644092782020414,0.950066912953985,0.7594719902087661,-2.0899266076175413,1.5296164738735758,-0.7742963578708075,-0.4948422234198092,-0.44615680730551865,0.3711373366173432,-1.8565560855433163,0.7401091812806118,0.10158510746806636,0.3535202006887308,1.2737679662674068,1.3866820444557382,0.4576459070038724,0.3691745921798409,0.8694500428160462,0.7439700552839775,0.3690590859883204,1.2042796905151338,0.4518949906208902,0.2615680276515059,-0.6812661639605154,0.6474761782811053,0.5772093739503347,0.8022625881507384,-0.12946080299797272,2.1117864098923778,-0.2741243577158383,0.6584109986658911,-0.5476849422894096,0.929007489036843,-0.40958023373260544,0.4231186306605302,0.0,0
-1.205104174033377,-0.5263013884530211,-0.4818735354764497,0.04692509931931551,-0.5259100975909801,-0.27888412764135806,-1.2305061674379318,-0.26187107007195914,-0.5882759672025063,0.052540752199449495,0.551463901687418,-0.20594108948785686,-0.9862056253106152,1.2700869107605968,-0.3414173124492348,-0.8887327268977364,-0.3919340710361436,2.093627604692949,0.2128387435849208,0.6648833174763765,0.2468718898426825,1.0472506714907577,-1.4560263355399432,0.7757022214442917,1.9742725082760817,2.042643302754616,0.7500596456331864,0.2578893360822252,-0.4593394253537512,0.04645400512472897,0.6053254155049674,-2.2255041586365114,-0.8260784629973825,-3.3524621988324586,2.4750439732816107,-0.5317442192449056,-0.9030116437590996,-0.33012338693675675,-3.201759356323893,-0.7534651308222077,1.7392822084332713,-0.6097139885521227,-0.21434226140727455,1.1213350947978995,1.804044279520015,-0.12937062454785864,-1.9671818882622156,1.0175602441176446,-1.247513463509225,-1.3993157678281356,0.0,0
-0.841472838296402,-1.8314280341698712,-1.558789427143492,-0.15162609837948066,-2.025175358284824,-0.3564058492801787,-0.14297669143988365,-0.4304871296838181,-0.31094191636986296,1.1620095834441728,-0.2213908496126637,-0.7811488928910272,-0.7295723358277338,1.9525404228655123,-1.781284086438757,0.3769338930163127,0.13431424834327665,0.5596720842237648,-1.1567040595519744,0.6565005868260949,-0.4214028737004941,0.4960637638272727,-0.15394482043875554,-0.3201682641597427,2.0373734068812537,-0.5071674583703148,0.9760184242061051,-0.8601746462351255,0.9673855317321168,-0.1126243129563554,-0.6452063062707439,0.38091362149189656,-0.07465480683618925,-0.14314404067303108,0.4475615172630234,-0.022243985009523345,-1.427853260708285,1.0897582724748585,-0.451525954531471,-1.4129196102968364,-0.6564066038303746,1.2295116585613666,-0.2869269311564076,0.9662526538255212,-1.1778737079134345,1.1097813292243184,-0.2986792054422513,0.2507968250134721,0.4450443889685317,0.013049155322865543,0.0,0
-1.7472425579795678,0.22101666977588247,-0.6288149368522643,0.4284899899557552,-0.12131339615835625,-0.3779622707841184,0.3533891678996197,-0.5415399470095072,1.9601951245566451,-1.1921300766856897,0.3129363270419439,-0.5325356012372935,-0.9543338671089758,1.2250169037406315,0.6945185511962937,1.1340033084844463,1.137774315320868,-1.6802222305286574,-0.341619934744594,1.0003814386683982,0.7541818254146493,1.4480150266966183,0.5954338975106132,1.8703892479011224,-0.9408433207479626,-0.2413536960708897,-0.05367612255145122,1.0628084911470517,-0.13276846326222594,0.472903657148615,-0.2468147755056062,-1.6114447594856722,-0.9817935847314596,0.5762369750974617,-0.0033861095227405067,-0.5592480648421105,-1.2727001016484825,0.11608327060069602,0.1977407652426281,-0.13409118299883405,1.7342659581106066,-2.141970292403248,1.0762855822235629,1.201881557024714,0.5012148617537902,0.26099749799427463,-0.6843725212552764,-1.343259506312573,-0.7547966586355697,-1.5583858293257067,0.0,1
-0.11797406805658707,1.4624185182175362,-0.03183153804137255,-0.2364054335908093,-1.0415971554156345,0.437275147087283,-0.3273367899977482,-1.2170500247485132,-1.0166277015002376,-0.9598337283938456,0.4093468810168222,-0.8867944233950306,0.5022815665154449,-0.9515349064548512,-0.972411622029974,-0.6355737802117225,-1.1083891555264815,0.15731525066089833,0.27485571572407724,-1.1183631057922885,-1.0272906330817733,1.4344777610985182,-0.20302437040472765,1.0359445169111212,-0.6666485098581165,-0.7176671149793036,-0.1430712472519047,0.3238562641544432,-1.1758280059270436,2.553942605810052,1.2065377524088037,-0.6065874594291343,-1.1949101588196689,-0.17907669443658014,-0.9080413309615832,0.3127058597205045,2.2993742627073432,0.42791213933601,-0.006551593591086761,0.6704421616375017,-0.9354203983102928,-2.1183542674567475,-0.0009816504708109028,-0.007247803313087399,1.3766152725975322,-0.6552603896930942,1.6447918620072848,-0.5092619233254905,0.3139875810365097,0.6915566124797866,0.0,1
-1.6268541378295924,-2.21455352883892,1.412049632024661,1.1289698176297236,-0.3436704760616576,0.0697539737488651,-0.488004216272868,0.6155970049349039,-0.03111794251129198,1.4668154779698948,-0.04237591887971985,-0.212127642599668,1.0056690074996515,0.7650904241495501,-1.6016099416902665,-0.38206889562519786,-0.9166837628601558,-0.5256168893592933,-0.5861701090605728,-0.15047721890589574,-1.898698481307436,0.5069050209310126,-0.7072841434332641,-0.4675443364186173,1.3498611664149165,-0.3897975584396247,-1.0660343771695575,0.8956544692906837,0.03036248947382765,1.4256587338028075,0.21357058386111288,-0.16045915623803753,1.707348659808966,0.10284777719413904,1.2633639268324677,-1.742396156033999,-0.7110337479148806,0.307017544655502,0.06576615698927127,0.041637408856171884,1.945533162096632,0.24531171982533204,0.3094772231377493,0.05401506925205668,-0.9151692285038048,0.8116527078274133,1.537772803614231,0.5930219449033428,0.9383342037893716,-0.21882826789643675,0.0,1
0.09663928684936247,1.1967565863950016,-0.6119254151278956,0.7117460828333609,-0.3647445852924781,0.3361472327411671,-0.2890763137585699,-0.23024150248761704,-0.000816688533750165,-0.7767181695509608,0.5632283111381763,0.7818634742409576,0.2600555846556873,1.6814863499098929,-1.9643425036013555,-1.4074658693147135,0.2082213618720916,-0.4947296342719344,-1.0766150322998032,1.039628527087198,0.545497787650025,-0.3163091520322962,-2.356428343038386,-0.572254484976276,0.4436658050009989,0.5195021764620437,-0.6806146512104738,-0.3755558899303686,1.1062703147707318,-0.024550877000573564,1.332290791288376,0.5818246124786812,0.4039354307753689,0.07851720476596825,1.0079911773922805,1.3619295432922915,-0.14206214288913335,0.2964337367109777,-0.8350375844059471,0.4003977206861622,-0.5295311492948698,0.24126552688209954,1.6911307886613292,-0.13902017584548795,2.2418227981212544,0.9281881356529702,-1.0022665158572557,-0.8422280005787057,-1.2436856234444729,-0.6651024541610017,0.0,0
-0.4042689258726524,0.012137830243472031,-1.5487516578179643,-2.571851299523697,-0.3990531363521367,0.13184070991630736,0.9596298188523534,-0.2726023484325636,0.6260561304184047,-0.1177760625393588,-1.7196126357933446,-1.1107225834623364,1.6309068681127945,1.306321215392448,-0.485242373359681,-1.118952635122446,0.06838599887654437,0.96987108654303,-0.3103494927559956,-0.5845235235321384,-1.8703228036696555,0.04262750584584437,-0.3366682014916525,-0.5871828593103662,0.030550882211817218,0.3495610915901077,0.3663909110403329,1.514799362020158,-0.5121042638404618,-1.0593476003150206,0.8882675641419718,0.14236753633068874,-0.3350926022377517,1.3688120780121755,-0.034245137268484015,0.602397894025519,0.5638377728959587,-0.5531031835423087,0.5664160930050063,-1.0878272931594142,-0.031151651307611213,-1.4674667370583478,-0.6179098526823267,-0.3968787508224031,-0.21906454567846287,1.034321622217973,0.5854040899979625,1.1945415495738771,1.0001944608112758,0.2650773141422951,0.0,0
-0.7503618997243495,-0.7501611511515108,1.2452199373058126,0.3788172999097377,-0.1626316395995931,0.1097661970375134,1.1688779223633132,0.5269568885757854,-0.2372697014510078,-0.5531871609115045,-0.16717474467247698,-1.3645820350999718,0.12723831446274347,-0.6204608236188113,-0.30915916279122124,-0.6830460323295574,-0.48043278031943204,-0.15211726773726106,-1.8000595969174582,-0.772731190075643,0.27256667998239786,0.6640542235094871,-1.8807240632848317,0.33146771915208034,-0.1764820259382581,0.3644645833921018,-1.1480817800156342,-1.2440444495070755,-0.3900639475053619,1.859945506265405,0.8589850963406124,-0.17502446232700364,0.6974724940030489,0.8954805728693218,-0.469155450945069,0.2695970911198681,-0.285262667279672,1.1536867993233997,-1.039578628806947,-0.6671184135000762,-0.7331533350538011,1.2836597134351957,1.7806818017883108,-1.7011961881924391,-0.3983844006585429,-0.3322965207037366,-0.165027928457372,-0.203052222457847,0.9074869173354464,-0.3632749708282635,0.0,0
0.2008538238109144,1.4174180645543843,-1.2000320706958016,1.2569827414358727,0.9639936454814438,0.6497320079546306,0.7008246838993488,-0.06519693424931089,0.4488700515846829,-0.8294681601869067,-1.8840148619727548,1.9933121684356732,-0.5854638038828668,1.9483769479156747,-0.11699949211741265,-0.044640551129925696,-0.3622490979452265,-0.181422309833353,-1.279623403204681,-0.07784130960127067,1.5002183049511115,-0.2701236413221084,1.913934913693988,-0.3822964372774932,-0.14807045397877386,0.9989351942072194,1.0911732001268002,0.5707315723635857,0.011261592212381105,1.016283837025965,0.3081556219733015,-0.6697017709526605,0.6238224729955242,0.4489886697793346,1.0945136406293374,-0.3798078070461585,2.079718461636776,1.061805917238592,-0.419795418588032,1.019052649141507,-0.04860296978852712,-1.3780513089234585,1.5764675265918515,1.1850813634417041,-0.2749983733809744,-0.2640748521523066,0.4774277393379585,-0.7185029084306199,1.1248953214258033,-1.01656788918853,0.0,1
0.25190528041465193,-1.682298924876757,1.3019568287678591,-1.9906810659183651,0.5075247418074864,-0.624295874400275,-0.17396202617414286,1.310859641263443,0.004213467715463545,0.8226616532896089,0.07734995973958628,-0.3652458438549904,1.6160239081344556,-0.1732565604245246,-0.3450603846517449,0.7135939956364401,0.7695473084119773,0.5896688035382033,-1.9023112802739213,-1.2221968496663804,-1.250401991627537,0.5093112436648166,-1.195025915909062,1.2997316330442117,1.261925120625917,-0.7165992966297141,1.5446567336080328,-0.3825692701691421,0.3524994874150603,-1.1184641097835062,1.026420328106656,1.1399217587475732,-0.3348285318873848,0.3160028030385366,0.559632443166854,-0.4999458042033446,-0.2744965700217715,-0.21008535651073626,0.2364111008182571,-1.1283248185292567,1.0350084219458222,-0.4450589339552061,-1.3875643986566748,0.32926097040237906,-1.1751083721132838,-1.0122435394554552,-0.30811046866969144,1.3628888175223222,-0.07230334290017829,-0.6685193659425765,1.0,0
0.043568908329659435,1.5989176128934903,0.03940328921074454,-0.8864018148281899,-1.398806922245182,-1.3203054181015306,0.30688157694912915,-0.8535369996316658,0.12369487496270078,-0.3683396044845697,0.5305443573668058,1.2565191235143374,-0.14981404975947252,1.158479072572233,-0.1021613657209096,0.16543603353604153,0.9495443462826978,-1.3170096536532148,0.18451707983291224,0.6072111074288126,-0.7057356957686243,0.5664032014312619,0.7763435369415012,1.321783709919404,-0.29546072736661555,-0.4055334926107851,1.433918251899391,-0.3053920653727117,1.5871932791764711,-0.3587045660213581,-0.14951576416028875,-0.8804163083696159,-0.7978716898904884,0.2352990863929037,0.8444370776766216,0.041909957300453764,2.077392511484014,0.04696846431697247,-0.948868559002232,0.2542272685647208,-0.7041399912505513,0.3975173150937676,1.0783551242524252,0.6758738596411015,-1.4598333759173567,1.1199072010724258,-0.7976154077334612,-0.5834146282076924,0.18799433637389887,-0.9566951579276634,0.0,0
-0.7210143078451878,-1.848168707609857,-0.53632079846017,-0.5144994124194231,1.2045152031421091,1.1686056747346176,0.12273745338227098,1.239629567078795,-1.133830877965595,-0.3987561189627666,1.3369040695113836,0.2936159408417492,1.2235125720646531,-0.32507839114518555,1.68572140055272,1.3400884201676493,2.635781020403531,-0.02248495895995744,-1.0315751795016763,-0.6148945393524087,-0.14585330956921416,-0.03450361378342598,-1.107412582362313,1.3719686905758082,-0.3865086585694249,-0.031867844636908345,-0.6845551398312487,0.2886319281217201,1.760434787825331,-0.12530698624944314,0.4449741472627772,0.6258268191608788,-2.9023229371616344,-0.4111432490080984,1.5771836897970135,-1.2550058406482558,1.9712574127504352,-1.4757984268383562,-0.18898692076520973,1.1711179967705228,1.6719639793766818,-0.4398969721504548,-0.35709921634610914,-1.0344895813357224,0.3349553163042143,0.2417293752058957,-0.8183833767540505,0.312693803019768,1.0329070098974302,0.7700889004040798,0.0,0
1.8167810645484896,-1.377653298207291,-1.380333459339406,0.09404710141133456,-0.8208633314142435,-2.2119453885972336,0.5781732537688924,-1.2738247156549236,-0.4826258019716537,0.6334158859284643,1.2123235899093592,-1.171950550389103,0.5588268469276445,0.009537091578494706,0.6965732374505076,0.7011041469846053,-1.1571890257547512,-1.7257783009611898,-1.186234857459299,-0.2754264915936954,2.282239719125997,-1.0980409701107707,1.2332903532370827,-0.3123239084843653,-0.5912878042593906,-0.20522787941806855,-0.5336584457320801,1.8426011726903608,-0.5465347253241746,-0.5498655163334406,0.2062750825872706,-1.1092303578650058,0.31165286713289114,-0.6243246608289016,-1.3510066887877754,-0.2546578855449722,0.354739013338055,-0.6249966079701125,-1.4305752291212843,-1.6897916955593897,-0.013571127370899787,1.7193997094330964,-1.6490607997923323,1.2334956234510321,-1.7076042456907583,1.123452651142936,0.4322554974388653,-1.63172614583269,0.9741336822808112,1.7380260799300111,0.0,0
-0.14092711418577394,-0.6356690663481622,0.802699268656415,1.5290444709452986,0.7604400048290285,-0.27777516852385925,1.128025769596898,1.2337063434563087,-0.8860744014822736,0.08225774828067517,0.8212783328164829,-0.02675887567632458,0.09103292483287287,-1.6460544786807378,-2.0574510907503094,-0.7399421383832729,-0.6069280921030034,0.620604739265939,0.0753683055827999,0.7918907265918037,1.879724971870093,1.3433804162587948,-1.4092468037164845,-0.4635320912727393,-0.470124434870575,-0.16320891385637395,-0.3741067157183638,-0.6817927611011433,-1.0997520982354887,0.6606994439484266,0.9010164248137492,-1.5273824557103126,0.8264753835309223,0.2021102301243092,1.3823432966850526,-0.5374989218999505,0.2349326469813048,-0.1812714848111724,1.410036615949222,-0.9648231041354218,0.9565701143799059,-0.6828492299440871,0.05969059687555343,0.515331816488305,-0.14478465498747686,0.20826209022680026,-1.0137197452286566,0.35640836931255065,1.0066942139481383,0.42277774131134455,0.0,0
-0.6759150970950918,0.7095542175752186,-0.6924720836514191,-1.7081318515203032,-0.0646442524985498,-2.8618947297507438,0.777355828295702,-1.0803791266964742,-0.72000355778725,0.14669385663774198,0.30452519778059844,0.6029868996180276,0.8516312503525609,0.5497796629275054,-0.6455418887934075,-0.6329649489746273,0.8677632695447304,-1.5389031455293318,-1.1428277260881692,0.5496522583453719,-0.9661983425627314,1.5139614259539491,0.25823464719623274,0.2651918933200437,-0.5400640516992543,0.5485133885851695,-0.18769107862792334,-1.475680391166334,0.026136151536408816,-0.804104357891785,-1.8642097913695788,-0.6334828988553575,-1.9094849938668497,-0.11009638152689237,1.0866180088003503,-0.046087580613460084,1.5163043950191264,0.09936548229201772,-0.3857240044956684,1.8301115052361687,1.2748392240485225,-0.7248015623800131,-0.8825080958179315,0.6464142640184598,0.8157777055793286,-0.3792761978777196,0.6958765514066022,1.6123689053697912,-1.3299294977770149,-0.20839232049769693,0.0,0
-0.8269022136567804,0.10983444414061536,-0.5791091453107814,0.017783082453419825,-0.3004726618562146,-1.5441742690968778,-1.1331747703357893,1.3121779850347677,-0.4216460644063035,0.10188480495310044,1.6582593385053688,-0.04188526092540744,1.7636017492553888,0.1333556919749247,0.062031277192215614,-0.2453020791659334,-0.6265604881697071,-0.8435215887090202,1.787486359051313,-0.012365132684491412,0.7925142365326601,-0.7968979466543326,-0.1238027351303117,0.06792095289817937,-0.023056657551528758,-1.6542594965112771,-1.7132579414373026,-0.19420727502723226,-0.6126795165042646,0.22161967637273805,-1.3769910797338318,1.027585967067628,-1.0772930741387825,-0.5698732326238237,-0.4648289237168018,0.543747612435164,0.0059833266758191036,-1.5594745319220054,0.9759178942903741,-1.0603947065724804,0.10328747120796268,-0.6587175636055558,-3.529210583075154,2.3381955656928284,-0.8043547179919067,0.3099450311726321,1.2982662109239502,1.6431740207431669,-0.3836487065357908,2.387810565613405,0.0,0
1.6548307762592815,0.13536320634738727,-2.091848569618291,0.6260313505284727,1.5301080012822872,0.6497613712536704,-0.607108191620749,1.155433479359118,-0.8300672044903467,0.3102268102142317,0.7500604947083659,0.0200067835615042,-0.20800697723432632,0.05749680198130368,-0.7390382332888983,-0.4646091015951341,0.5368129785111312,-0.6480829380498837,0.1420516817356718,-0.3162249051283629,-1.3714288328511517,-0.25560801303042385,0.3963950364614408,-0.5722178119521427,-0.3798649839084943,0.3895160808815652,0.6750035248827719,1.1662652150674375,0.7343115282298278,-0.5695074629278923,0.015417211054449244,-1.087137777595974,0.4487092582162436,-0.33180139490240584,-0.6331015900908159,0.92173973388897,1.1651265683600496,0.05497982296801846,-1.1142852646320611,-0.3307477316059416,-2.003229763482436,-0.524481455954915,0.7385651955232609,-0.6936948977758203,0.5455155092526901,0.5915240616532379,1.064198474049036,-0.32531683428177466,-0.20524616784559152,0.9407796419117836,0.0,1
-0.07849030698992841,0.6717866395205688,0.3538656448159888,0.9181949049346028,-0.26316262937906154,0.8703792647967294,0.2857473079653808,1.6431377098336184,-1.298892106569444,-0.3147870660871324,-0.9400497139487292,-0.3761740587033562,-1.8551443104833985,-0.3193462248741139,-1.0529074021914409,-0.5800646055283224,0.3953737137713712,-1.4475816205822352,1.92871670619804,0.584842116742145,0.4533158336317635,-0.5302651537617191,0.9489550520481336,-1.4334530034203377,1.1305333856682656,-0.02217212836607527,0.6265358880150602,0.0839291088613922,0.8022088189550886,-0.2577009173850527,-0.9215222748308662,1.223611595247887,0.5425391154979413,0.4316250834200461,0.5115003217922751,-1.217480032367968,0.7821305229365102,0.7799165346509204,-0.8088059158653352,1.2912165719260535,-0.9656732576020374,-0.0027581250678648896,-0.08898880033661323,1.2811559393977772,0.22856754353024766,0.5666156834511311,0.4673479738115904,0.4713411442618247,-1.0918047760090086,0.1756886973226719,0.0,1
1.854307960812141,-0.936491227693362,-0.5879426334254756,-0.3756289128718087,0.36095102089571707,0.2916245467380394,1.208812543033477,-1.045501194032306,1.0300607056592779,1.6073835346640366,0.3489668725791893,1.8619748759382504,-1.475617972358498,2.4553716239284173,-0.552293551817773,-0.6358206860781496,-0.14318430919901112,-0.3466685893516967,0.8036333657623344,-0.18738803408523474,0.1036063703983124,-0.9280638836411798,1.6900038343488568,-0.3355021977407651,-0.18810756562203693,-0.6960691031681571,2.5179721665078025,-0.8557915099212136,-0.936739225733243,-0.6772801529775345,0.21964424248797149,2.2576106363018544,-1.483667917179771,-0.4455513522213476,-1.4583725923834174,1.4861970895062933,-1.1072536469148289,-0.44762841719629204,0.7043975297921451,0.16408174132919265,-1.1222287042613688,2.1341158681717705,-0.420662604427076,-1.3057539499110264,-1.585192505875259,-2.116761362454373,-0.5214923520648892,-1.2498239264584676,-0.1808048541386703,1.914633069421084,0.0,1
0.5115029267605655,-0.5882265440329608,-0.7029888366600194,0.3677937451676256,0.09315430789991087,1.2069171480012395,-0.8530712125084251,-1.4129419494433315,2.3238693044716894,-1.6125392934411695,-0.6300125508818366,-0.011653380670751229,-0.4887395340183832,-0.5723257656599909,0.4713378644264694,-0.7895248369249053,0.0846244672800158,0.062064605115703435,-0.4570519024225061,-0.9242582541654968,0.2802722837539657,-1.5206888894953952,-0.3713950993363657,-0.009827110057029005,-0.8793823180152307,0.8577953864977477,-0.6911006324329444,-0.7268549316613692,-0.09369539842102316,0.07499216012388983,0.8193530137855944,0.8630208755912654,0.5167930546251043,-0.045974732024817326,0.7611191196670397,-0.5580166650493752,0.3410388614105712,-0.5759813515155146,-0.322431466263711,-1.4150281339096809,-0.8868523936775354,1.087314181451452,-0.12728528150914098,-0.6047951771725498,1.0295840078023353,-0.6415111486654583,0.0930306785303272,0.35549423941101266,-0.6447992442553336,0.03170131087872642,0.0,1
0.01299455517008815,-0.9458245413980386,-1.3052807624511746,-0.7211793296031191,-1.203481759215614,-0.7032046606535413,-0.2829190574172453,0.009375686907177277,0.4482400686990431,-2.3333910951958434,0.6211662313427366,0.33515522953482896,1.4217487307600083,1.1742432031521348,-0.1248023626635988,0.02410008634122469,-0.4245426652235157,1.1373269051350985,-0.7680084362208551,1.5576760891151682,-1.3163421284584642,-0.8195989067300826,0.03137393627446843,-1.2311995391849841,-1.6634565486442183,-0.5863794983629038,0.7559204954155593,-0.3238003713993203,-1.0416786923865828,-0.15522308525294645,-0.6833160097207038,0.194848368532494,-1.2994653249467658,0.7302378045128974,-0.27839609100067275,-1.4305159486393513,0.8350553832933834,0.6004909637605049,1.4406041709087682,-1.0453520940219552,-0.2929826622750906,1.624098107105383,-0.8558063204613361,-1.3839309236101889,-0.01115281522823495,-0.5195111465809329,0.5192109421734743,-0.19112640149546029,-0.8391635708442752,0.6497765065577065,0.0,1
-0.06880202784347042,0.012047866731044916,-0.3319431889872649,0.06989054366566191,0.16940549725950724,0.08924340315005326,-0.025304872691039548,-0.7699974087568787,1.6451274799321205,0.7866953618124879,0.422303189498515,0.5987974857125308,-0.14653353315197915,0.4368968753817973,-0.08860899655698734,0.4786481485772903,0.9303056709231384,0.13118568054166804,-0.2318019181872627,1.0455292049664848,0.7070820015207934,-0.9298854245819028,-0.35846414020984585,-0.33168497133173563,1.758177579833355,2.437259063430235,0.8891022808519908,-0.3276827888321829,-0.4385802257433707,-0.2944682347092341,-0.07410906594519029,-0.5615882436368426,-0.4824812379206898,0.2443895081131175,-0.6784150747560188,0.7192645356906501,0.5582061695474689,1.8344200076512696,-2.2446513141536117,0.8120567635645595,-1.085756868820049,0.3950014966628316,-1.2747227111722108,-0.1747616124144947,0.8157078184426534,-0.9616581689287386,1.2075767284446464,0.7170095633985349,-0.4152904038350501,-0.1014389776938104,0.0,0
1.41464220678758,-0.0225416588991333,-0.7696032918237026,-0.09278421986234496,0.015838780169615506,-0.7341801013774901,-0.6518731471998505,0.2436364439812568,-0.7968003362909898,-0.7002622488238642,1.4149296924812114,-1.27111293100489,1.963953908322689,0.5891605027506183,-0.8285037994490696,-1.2915285847683078,0.9404887050292507,0.4422620892362588,2.033295114155125,-0.22360977177215288,-0.9417317935229972,-0.3088428250902659,0.21963280140564911,0.8657916512651546,-0.2471315687082801,-0.2976693145943687,-1.0130284335370223,-0.1537975029276927,1.7969678434430372,-0.6244242331518572,2.2032783030143794,-0.7480717262382371,-1.4757127226352995,1.4904198834520008,0.6301286444624346,0.4487885142999498,-0.976630274745766,0.5818486238597228,-1.4657133198781498,1.10218908752739,-0.11896510080947095,0.05477017899453904,-1.0452289867538431,0.3043261916619533,-1.2999257390944747,0.14637804256397194,1.5120483160426654,-0.3025535158311215,-0.5866718980698894,-0.2783354048649365,0.0,1
1.1053469290438025,-1.5334546722579014,1.1466718110564345,-0.9806332198819152,0.7195411026419943,0.3300447932223933,-1.21118917093378,0.14126160298994014,-0.15594961051158038,0.1867545371122625,-0.1149979221589648,-1.17145117191541,1.436832599464218,1.2655286524127465,-1.3463189177455779,0.3244185719962263,-1.5338336818505736,0.03652666295989459,-0.41871106908512906,-0.8946940626840456,0.7966809608345548,0.8071215055025472,0.21577277723558094,2.8655553433435714,0.4430517604583543,0.10014296622618944,0.5234385858922574,-0.8288284251457018,-0.8653051294702038,0.27104770491971875,1.3921861561360274,1.276909430842028,-0.4588771636850924,-0.4907259759014313,2.1151922758265007,0.6249253538871209,-0.5385064952500032,-1.1111081224277926,-0.5583051863668871,-0.3803635879266013,0.2240670703316452,-1.6350963071303457,0.2314992582879153,-0.20746098048202813,-2.6241726298424903,0.22089177996828624,-0.1562872916797268,0.7271517833281459,0.7995080190020949,0.8667634344990308,0.0,1
-1.059810037079049,-0.6468416564197532,-0.27961045641382204,-2.4532476931077856,0.004169100551953463,1.0139413071833023,0.21437443760717906,-1.7876864272669857,0.7973035468526679,-0.412960113718714,0.7434711566632235,1.2780966898047372,1.1565342325886694,-0.2336388720929705,-0.4777888071930248,0.4901434865150408,0.12860430976664378,-0.7370502902498963,1.0516793373783746,1.4680900958468819,1.3928489275662763,0.3990769593352088,1.6502374679341758,1.6838589466977103,-0.0014394725736909654,-0.3115439198628944,-0.3002328759786615,-1.2032307801164392,1.4427705866811817,-0.3997274728457727,1.050950319201109,-0.7608279424586024,0.3601401735952057,0.3702159868991016,-0.8377234355397999,-1.5645155040577348,0.2860671720122632,-0.08837581725541728,-0.981432814158859,0.08563321606040225,-1.6168832170275937,-0.007880722993826084,0.2636240548152826,2.2720730728232232,1.6208625597444042,-0.32599009854897354,-0.4952089474640465,0.02856411020223142,-1.9223332962504316,0.8581493075050943,0.0,0
-0.4544950712532634,-0.5089566950909008,1.010681351413237,0.27810290258336595,2.5789905671055564,0.3452800722128876,0.32590235197962336,2.151832732289809,-0.6825568993750178,-1.345062861428442,-0.11444434622051465,-1.1354863137468492,1.9541151531940057,0.5569343115094196,0.03682079299581907,-1.0971642066256164,0.5293631631805801,-1.6633283839757569,-0.06361502360379948,0.8281571153697584,-0.7924937588316002,0.949502116480774,1.2377362462378896,1.323006925210264,-0.6279307643541701,0.7300761771495597,0.3246363713522781,0.3474227160588262,2.317752487963592,-0.04036123935716867,1.2689757660956076,-2.0402614440799547,-0.3952861728713386,1.3865679851927435,2.3865997197092814,0.7611134618451791,1.0756690294793199,-1.3714104538893548,-1.4247839400168703,0.209601585307195,-0.5929221910918926,0.6116301428609939,2.4124133706297366,-0.07980714244843122,0.3545096735718849,0.44173123099050665,-1.6450140930861423,0.3993693134314901,1.203573927164754,0.17763589940920788,1.0,1
-0.50958361619519,0.15672667491069775,0.6926918969158603,-0.684745850982818,-1.6272845660299926,1.1674673811952259,0.7987343237376899,-1.6720711150679537,-0.25858882321853416,-0.12463006066858935,0.4083441910181576,-0.783524146151556,-0.4566572824672081,0.5675749461484174,0.5988389441521628,0.17078292355125707,0.07283784538161554,0.2374687674391964,-0.7660696852522715,-0.8623259494528716,-1.5909091041213517,-0.14785985044788238,-1.8526668912588828,0.37020970608336096,0.3643961667458509,0.6967300466632395,-2.0399848959329896,0.8354518353208278,-0.6581121690911275,2.0765245516730144,-1.272951576221002,0.26833976611593485,-0.3706551015271111,-1.0202954648194584,0.9961628959629131,0.6236621191204693,0.4930725502978155,1.684265543378657,-0.498155264757451,1.5057316176932647,-0.6395734621646623,0.3822314991789457,0.9473213589448184,0.0628452094070198,-0.07542082517232372,0.15390178861430398,-1.0934174116223314,-0.8129670281049518,-0.7400043475947198,-0.37068710264203336,0.0,1
-1.9359342471866392,-0.9486118399945204,0.021029694508383903,0.5669397789738047,-0.9890806418443748,-0.1799119849883713,-0.16293162354874116,0.14127662930138465,0.0687877903157058,-0.06426421869947772,0.34822100591337435,-1.7799699764981842,0.7864067849727734,-0.3327314415665806,0.9042729028730035,-0.6994383932519723,-0.7737743241763898,-0.7199690580498942,-0.30566547224068896,0.8628721468757466,0.06617125483907542,0.6048567723828473,-0.9270908078384532,-1.9165636980051357,-0.3554980303096802,1.4551496045791892,-1.5943897530169795,0.8134777116663784,1.0403095572313978,0.4085034980058347,0.7537033125517016,0.7719463669768377,-0.2588787734053013,1.123790454064736,0.6761496697694558,-0.7512536863317102,0.9254243784282342,1.5832968873675968,0.4847686389799689,0.17800734162462592,-0.20232022118527115,1.6972600338303712,-0.9729745010645416,0.6367983599290096,0.5319313268771372,1.2068455559471147,1.8766466945128928,-0.7812743104892724,0.7088740719979602,-0.5308101746221823,0.0,1
-1.954818155626672,0.7321400646464377,0.9725209073540012,-0.9771497226154842,0.005185462360367637,-0.6860548173561678,0.7449688530638832,-0.046570796994101216,0.2507357215256651,-2.075136987679542,-1.176859579796702,-0.8993242076208641,0.5304382787982957,-0.06320189585758278,-0.9572233834758456,-0.23230371988630735,-0.4510916895014012,1.2356084722156069,-0.5822415618983996,-0.027158896361406757,-1.9093954615952504,-0.3918167933172855,1.4937898981177884,0.6994335613709428,-0.2656728803877307,0.06252598050912826,0.8513701567669945,0.01667957690509586,0.8094868184032196,-0.14683531300409078,0.8134424854908392,-0.7000061567051106,0.3869347552941442,0.5181302558770732,-0.6761025353292802,-1.1860005156112845,0.5095197216162014,1.1791022752871954,1.1811023279097643,0.3500726636232635,-0.4508493063715368,1.6220913699488742,-1.0890297067567232,1.036298136652439,0.4345728042406904,0.3916810759191176,0.972968009966456,0.35103012337450545,-0.30130794388241805,1.0306949193840758,0.0,1
-2.1062811125916325,0.4359650540618125,-0.7501401036762767,0.2768119552771265,-0.4957219041228637,0.10003984079304216,-0.4281666106271704,0.9876212439639666,-0.3703118505124396,0.7335748276306341,0.5070845061358382,0.715609984663802,-0.13916570486778124,-0.7351282749498212,-0.3498635580330466,-0.029792218272280537,0.31642145692408563,-1.7609349500158082,-0.8233910511176417,0.016843175192995757,1.210865331417911,0.4069370056157272,1.81085518955132,0.3122557259677263,0.5988229471777302,-1.1278257466482968,-0.7165763931734568,-1.0535138682359804,0.5707030672320393,2.430366810759779,-1.0377005642288253,-0.29741327022367103,-0.5559710670094808,-0.4611519570759786,-1.1966812175488042,-1.0014705689332597,-0.6354474141578668,0.11874005601412822,-0.9782509366128556,-0.01126023414251903,0.08372854198918524,-0.2401133921324104,-0.1489313301445129,0.4594281108405842,2.5538802908043454,-1.53138746005645,0.4326287723909292,-1.7852060267493892,-1.4269085887989397,1.8121601012017452,0.0,1
0.3749108347330998,0.4904250549754884,-0.14355731873101535,0.18623657453666695,-0.8859447648850596,-0.4527007288186537,0.05206748236876694,0.7177081987060784,-0.32632141730162023,-0.20438767884891515,-0.00279610801241139,0.12689973691340262,0.5492064139417923,0.9732766286667924,-1.2580120367372325,0.28205556190388364,1.894464784358865,-0.3787208450073026,-1.684712767594018,-1.2463648259460618,-2.548213237399019,0.4179074353308816,0.4186046030933256,0.4203653073752537,0.4189315875799677,0.3109301695470385,-0.06036667082696659,1.228815861516224,0.3247133190670345,0.5731282711702052,2.3858070960819524,-1.0609194959903672,-1.395770695730589,1.0741956583120282,-0.5573775581984765,-0.3009169089498748,0.1702918225500971,-0.4039761280727298,-0.6849536877402326,0.39070901121769946,0.250641696019495,2.0217174337441333,-0.1655149440719462,1.27586004519993,0.4594321734807407,1.9412197636740616,1.2744873738028752,-0.07559949975107592,-0.12501296493192252,-0.2372554669656253,0.0,1
-0.14846922299600734,0.3056372497175975,-2.4743167998623097,-0.3030915067190208,0.6798646899704306,-1.0885114157427087,1.4319048526219365,0.8146967948385435,1.5009300825061669,-0.15661274536416153,1.0931636444419897,1.0825470836616125,1.388600495578112,-1.5672667058161072,-0.4372094414211409,1.1173165894259471,1.759540988459679,-1.3581134928443843,1.1633797755651636,-1.7866763496489126,-0.7031125670988855,0.36019130808594585,-0.965606187423666,-0.7543863532138985,-0.6736503249738718,1.1509060269347842,-1.1445319447799414,-0.9026757575116052,1.418301896394294,-0.7930223484862435,1.7638972460931088,0.10814452537628087,-1.0766501699164202,0.4189096612209748,-0.464776241821713,-0.17726426615897511,0.8663124899060477,-1.4814434728022738,1.5613292501096043,2.6477944889054816,-2.0888989896230155,-0.3603495538624879,-0.14719560425764958,0.7202982732229014,3.162689046626216,1.0163100726071332,0.6745086316948751,0.8953242892377541,0.5177711380887882,-0.05370725344912353,0.0,0
0.058515588749993123,-0.7211194458330691,0.9575131232366008,-0.5600796902998509,1.1481912275575026,-1.6882384033947533,-1.3617652837543188,1.2606452261645795,-1.3789885017876542,0.023257443194239027,-0.26353093226082985,-1.070966566292952,0.21282490026625306,0.11208505829775672,-0.3662412225202267,-0.2432078344773887,0.12554310807170072,-2.412347302338673,0.3410098848744218,-0.6871584813900443,-0.8523385651689662,1.3091413234632143,-1.1801062129196835,-0.471242946051998,0.38602360164037375,1.4349144232823792,-1.9405400503319616,-1.8404842888532973,-0.11876023945494699,1.3679034717026322,0.3438349698172104,1.5202733185925186,-0.09998393243301383,0.2824299239424853,-1.102118121987473,0.4961835105044956,-0.9775743450280138,0.0580609354504492,-1.272453984217998,1.4233830929440043,-0.5707977670872229,-0.18925154305583436,0.3333766756632865,1.2647752380883552,-0.04003960758021699,0.3861312451664957,0.9554335072673864,0.1893868155303216,-0.4841789664812488,1.6418165222465464,0.0,1
-0.8448186249262221,-1.3465404299216592,0.6345348984227946,1.9182209769251808,2.2134353992368285,1.4703410630104157,-1.5884356414192575,0.4125706779924841,0.6500396726827418,-1.7883585742417982,0.22983452678694374,2.5309356702480645,0.5896340000377838,-0.21367927717350613,1.316104853648471,-1.0532239640242451,-1.889200560263416,0.3189507545670405,-0.4737573619691702,-0.3255634421925038,0.3612495785155448,-0.9485511042655332,0.10888490073860173,0.7187250774638745,1.4817062122547695,-0.2204231411154257,0.04521604552683274,0.6500796729491466,-0.8866457189135278,-0.6109615678888042,1.451139434188916,-1.661978542300218,-0.38120891472956503,1.0899053919960933,-0.5091818073320318,0.8215692940078086,-0.5216631748428848,0.5495402445664912,-0.8965110785217242,0.017344322896289947,-0.09934899620713077,-2.6408452271931298,0.4511043259046813,0.9343830496017432,1.2791289040352265,0.5896433067747079,-1.123944012838513,-0.9232882878973784,-0.627579228247787,1.0790062169894858,0.0,0
0.8862339139756554,-1.5165219833195192,1.030265445680416,1.4335135425552579,-0.13905897223411107,-0.8396007801555079,-0.3791300769720914,1.1592236262654376,-0.10635506750345007,-0.2405902644263641,1.6554321196254012,-0.4725121716137034,-0.20927934232372888,0.2633279672567589,0.5965281986085457,-1.2207089040485994,-0.2074574431543789,-1.5135032900776395,1.2210474473342223,0.8102423450758474,0.3860445458013406,0.8249576386094178,-0.9206416020121336,0.2466686193113581,1.176017489522925,-0.9196279019181046,1.3544664271611315,1.6725587683297052,-0.09650510803765656,1.4666193627091435,-1.9712963877097416,-0.4005028622573286,-0.7305915338465082,0.32815913261806745,-0.5357089279437188,0.2773533128391035,1.300265515320727,-0.6699408641144367,-1.8494993717807724,0.8428263619961798,-0.918440188855772,0.8022364465363727,-0.2717212672135453,0.17819322648220276,0.969014613442998,-0.09163258248511352,-0.3643676624023017,1.1845930124951365,1.1177455495260529,0.0778302366675221,0.0,0
0.3591158257563846,0.9005558372294269,1.5102661056859852,-0.10517628163956114,0.6145179612712294,1.5715227305085528,1.124674601867815,1.0017918031710151,2.5752925470578734,-0.11570825888281455,-0.15151022082296872,-1.4016651275626348,0.21164769386545645,-1.5430589280559424,-0.4051601499595487,2.2670848118669724,0.8203228228067041,-1.3270185849122609,-1.3176873333383186,-0.6572242026762223,0.3949652728354637,-0.2545207630908138,1.1283836562997347,-0.4755990298304895,-0.35829419407561536,1.962766633461936,-0.09251080710109054,-0.08228857622403173,-1.5707600285801622,-0.9960757657746478,0.7418773952048007,1.5698128305050496,-1.102859322700931,-0.9454085188160452,-0.8716169136368525,0.9352383119134966,0.314763736191656,0.4087066981518754,-1.1722278331761704,-0.09984736998995568,-0.3597435057357415,-0.016396192796036154,1.5582068017994797,-0.3784566426125596,0.8708415137561171,1.7741403784053544,-0.3333958889447089,-1.4639138882329643,-1.2388040847494597,-1.6092322744503522,0.0,0
-0.13771916372174292,-1.9448564404648603,0.3853175465344941,0.5597263443687859,0.5187730974403186,-0.3819094135620649,0.6162691125054777,0.7595691002065614,-0.4596401306051304,1.427328627122442,-1.195260922563268,-0.8342230509591368,-0.13524371863528745,-1.3466580842323843,-0.879367838213612,0.3800818936687918,0.28299675612574343,0.9475664149980736,2.738378478952756,-1.818763112427071,-1.9032221130289544,-1.139688805605616,1.950302330432857,1.084028821363037,0.741759681731002,0.03074158637574103,2.2605967468643886,0.16639688628716814,-0.10689228393735124,-1.9788042875882572,2.085052144517193,0.29292236438212593,1.6255927070019554,0.4550135517385965,0.5330478025285162,-1.2939149715742844,-0.627658891327499,-0.2605464265783236,0.5187515037105636,-0.3432664815167156,1.2100024618106036,-0.24466294472029584,1.1388670187583123,-0.2730774916402229,0.08902670580011618,0.4572808088748456,-0.3242620209375214,-0.8962691159570181,-0.2301157857711717,0.5065291486122049,0.0,1
-0.4520233427184707,0.3170628084022153,0.7371924423318791,-0.2882142345989019,-0.13258860732899722,0.4871923373086905,-1.4629999654533714,0.782220086539864,0.5819777954484665,-0.403794704414178,-0.3345550255584957,-0.2111299651096493,0.30035180623921004,-0.2394631895236671,-1.827284092320668,-1.276736502320596,-0.4375033587256437,0.4331662325343074,1.8442846079223372,2.2868808898562603,-0.8431331444986325,-0.42966805221531706,-0.5415384515882595,-0.7578868144781993,0.39951890187426775,-0.2858684809316977,-1.2552255626507187,-0.5087857828589771,-0.3077668506418833,0.4055768759639554,-1.3605137379760468,-0.10770252575676267,-0.8058558537440254,0.6213635352922606,-0.5647152510967691,-0.029380460898832582,0.08571438518152384,1.5693157497503916,-0.3338875975115285,-0.20613159318103924,-0.9347878147110712,2.441669626410372,0.8143502295156659,1.6494755584155567,0.4859899507402745,2.3302360678165193,-0.32316541177352504,-0.19719684368416587,-0.05954124074026972,1.4218217276457703,0.0,1
-1.052837232436301,-0.4476735742739886,1.5724319199121966,-1.1924707920667657,0.3744636829082059,0.18753767818542194,-0.1303280580219182,0.4681902956830804,-2.137358513394687,-1.1115755506809637,0.5232718650994069,-0.11549902759502766,1.5838017535036593,-0.2428299704502652,0.772004554202037,-0.6170638653152757,-0.7362815985136163,1.8951748149021688,0.3776735690286006,-0.4892430758718898,0.3812817210069429,-1.5652147207864482,1.3947194114734016,-0.5254869059939745,-0.10748344844776804,-0.9290277845897434,0.6725761156132151,-0.6742841960683867,0.14012344087838244,-0.4458547191919828,-0.1760547991803077,0.3424432305111866,-0.9407783277347846,1.2317886834325,0.324460720645604,0.4826159493085722,-1.3370357702874358,1.6350666818133075,1.4119719561146415,0.7738058976331981,-0.8901961778132916,0.2702596904796941,1.0627365427123314,-1.7604581311922143,0.5582872843985025,0.21422490453473247,-1.8940688612460428,-0.13835190792121174,1.0802502356856618,-1.0997785146608028,1.0,1
0.93151973862187,0.5562178610141569,0.12482822105744665,-1.2455112684743441,-1.895744894512327,-0.004419823949620914,1.4070295349787811,-0.29937686037095995,0.831678825861523,1.8738769910792004,-0.3756486608341259,-0.9103667669877178,0.9376907404488516,0.2878312901987345,-1.476655972151135,0.2679224365054892,-0.029324423019867863,1.2454003090940688,1.0112310166955725,-0.4121015154503405,-0.3392115315848224,-0.9541906126470459,0.27283698142422697,-0.11669419455481846,0.20123859724494664,0.7885737247180652,-0.043318875690360026,-1.7604024838854642,-1.6300083457793686,0.4886253671706343,-1.2346670616826152,0.9518094507892892,-0.2330212412055767,0.006158848981333249,1.6419862040526092,1.415531278975528,1.2621865685171516,1.2564145264865718,-0.07993000294623169,-1.2070190213426408,1.6794045253924013,-1.1246502009620092,-0.6495292092592109,0.30620065047585426,0.14436578279900966,0.03511838318035412,-0.1780376007005385,1.1683145872400922,-1.9557787737587389,0.7064910474436148,0.0,0
0.4425863818386037,-1.312937791812069,-0.06299206029331286,0.7202381716736925,-0.2328081267797733,-0.3654462016116004,0.5940357178038516,-1.1530369298175032,-0.7978288949896979,0.057384597436124285,0.5151440052107334,0.7052052070609293,-0.31221204463484503,0.3893656991274414,0.2203818821813804,2.0111814078822503,0.7141809755605092,-0.957470126446604,-1.3773211085804462,-0.8268039727958304,-0.040085290859266584,-0.2508696622057362,0.2592670513919766,-0.0023611809692000102,0.3710894072038055,0.004788700846629942,1.2918670195860449,1.6966735615327686,-1.60145978869442,0.06955168955897446,0.6293631891081154,-0.4393588863957297,0.2546980759257886,1.3648095842930128,1.7382794899730725,0.7390518683940352,0.3596589704204917,0.2563120652451388,0.38283715873818003,-0.9914941192444164,0.1849347076491812,-0.3506379577624109,0.8221997135750518,1.0043886373110362,0.8852208412918355,0.03468628655268838,-0.6192260423749254,0.3988591170632701,-0.14043782086596884,0.7954413212210073,0.0,1
0.4922975899606575,0.9045394965509898,-0.5536711953092853,1.8562069060984856,0.6924268200522116,-1.32989122042024,-0.3533928440131638,-0.030970245569729327,-1.4746830320026638,-0.0980184119597991,0.42447820759308735,-0.537895586784044,0.6493823224869196,1.5538551033843602,0.5743949029211625,-0.4878233244905168,0.8039075349705247,-1.9645404852720068,-0.545004169940161,-0.9288604916267146,0.36536034257464334,-1.4037395914211166,-0.7845879478788261,2.1597424040337367,-1.547979803337804,-0.05055372594904768,1.0808807394624234,-1.1686555074117129,-0.4479604998704571,-0.4535956164430539,-0.5869468133760853,-0.16060687292248954,-0.39545145951337896,-0.9702931362459062,1.043900509353799,-1.0501031154944878,0.6815173535595294,0.02465450980050401,0.054550339727483854,1.3444020568277208,0.4764373224150055,0.11084033804098188,0.6167143616732406,0.2348840033125085,2.324049828639433,0.5065698547398096,0.3597030850810459,2.222717441013296,0.2932657119828765,0.3729091967887512,0.0,1
-0.13367188614513772,2.238574018162097,-0.0009339025004131568,-0.04582262818056052,0.12416126528842256,0.522535545714202,-1.3219543980444546,-1.4106346570142574,0.3721113401743147,-0.9803383870331184,0.9310281652769938,-0.64778514917374,-0.21698618787710028,1.6233879869068792,-0.19939576950004356,-1.6841971129517588,-0.3438344118571884,-1.045508473672567,-0.4842728602181786,-0.2895457845389321,-0.5143713895417795,-0.955535385722684,1.6605328713076666,-0.07460280107662637,1.0255786227239838,0.4919872046058508,-0.2547907786674391,-0.6470847920345295,0.4901924848488738,-0.7740700726332137,-0.1955658962042782,1.6488118806207912,-1.4997184294686738,-1.152153696836813,0.3861446395160963,-1.0901925573402391,0.4039936747584376,0.9831994772926927,1.0741574736702428,0.12726393100458305,-0.6012593814159546,1.2530317289957609,-1.6434927516298865,0.02749705396525294,-1.084643479721799,0.08646079806294872,-0.1046293506827118,-0.08033168263645292,-1.1989690268619184,0.10420032800529154,1.0,1
0.7384531076880007,0.6773902134128871,-1.1767382289569548,-0.44779038009007865,-0.4407144556730193,-0.15359017144797174,0.4085434524779804,0.2784846265000886,-1.5072077342324843,0.16725310841273847,0.7711404549846785,-0.7278259883095987,-1.797015163411947,1.5090463238644802,1.0818596068918889,1.175133933968438,-0.5563572199700761,-1.7605521129528234,-0.7382237961924879,-0.5445311241185057,-0.041172384929807467,-0.3960056941487733,1.78087397454197,1.3031138178346122,1.421359174591721,-0.8027374857320202,1.370383202312011,0.9464686533894496,-0.023133980421419814,0.020655202433699758,-0.0759779907216043,0.7650255145590175,-0.5036197327249268,0.7474348021236592,0.6642195614710327,0.8126644744560909,0.852443412913452,-0.21197942721818647,0.8532756335170053,-1.6152014570401994,-0.3751856385833904,1.383121456507532,1.1919201283985368,-0.25555917628866004,-0.4527605912447168,-0.17227408106877778,-1.257038032798279,-1.1362618296060103,-0.07275161296654509,-0.3778355630034884,0.0,0
-1.8886893386927859,0.960129160106122,-0.5240531152519029,-0.10574848908462307,-0.9744073081469292,-2.6441660195289733,-1.0060072877435773,-0.5019565819479053,-0.94844922002908,0.6507223804004988,1.1476890259007926,-2.566267999983644,0.5023349399486381,1.2808568854931015,0.21876759990854275,-0.21860369051375864,-1.322250615432332,-1.6402316128310248,-0.2846095005163725,-2.8487830468620787,2.0597843468153,-1.254126014742208,0.15073868328598788,-0.21637405114140246,-0.7835525574624896,2.043429273645336,0.8983179474988167,0.8215139106060471,-0.2943627094415696,1.5851157151321107,0.5660486201676383,1.2058410758472953,2.2644445974016074,-0.5228141890100029,0.3606096316654824,-2.25399247261013,0.7316117068705337,1.2358382105274337,1.143997381526355,0.1051393364223244,-0.03221037081070797,2.2546533276238385,-0.7609612733837262,-0.3834731027754856,-0.2756305640097831,0.10679078814684037,1.083643335275729,-0.23749547228930945,-1.1656862589878545,0.38987164396385,0.0,1
1.5396270426667122,-0.8860634072118022,0.9197974481017104,1.112986654130719,2.3264921893795227,-1.3494996182771777,-0.17494898834892675,-1.256741182061375,1.3404487069417188,-0.3696770308474237,0.8399168768982191,0.8687253128221001,-1.3513229517633023,0.4947884014826211,-1.3759893516562516,-0.01393638155126622,-0.2612732497397191,0.01104481272947926,-1.3687563230608617,-1.0952645996290833,0.10541553173975324,0.32314823930330977,0.07374880752163274,-0.4599417018103848,-1.9263407130599732,2.080939415299424,1.1194391231593928,-0.8672164308633169,-1.551673102338498,-0.051367884696994236,0.22543689689275365,-0.3649941303893665,-0.8645532171231263,0.3880238094322645,-0.2784993113293869,2.016262962927857,0.7980758467238432,-0.5165807174655499,-0.9826909140403288,-0.7888052846594396,-0.5261728085244883,0.9883651076594328,-0.6668731243004192,-1.1251021399425971,0.7832714455650778,1.768807171063805,1.8072547111530128,-0.7676027190039154,-0.2678443957919002,-0.35487734478391736,0.0,1
0.0012450492222215476,-0.7942271517932291,-0.1143884980269449,-0.7059941321745319,-0.5004062741916574,1.2242413123423967,1.719087072082562,-1.6596302559486809,0.8259411879750941,-0.011163663653097029,0.011045472290879071,-0.15607078301701108,1.033427492038246,-0.1636774344405851,0.5561472482415865,0.21854712229462125,-2.993011921938477,-0.9750705472047912,-0.18639277199696802,-1.406370351390117,-1.421145299114429,-0.8000541384870469,0.23515949227892755,0.8314963934978029,-1.150877181789426,0.04954718424106557,1.2103657639698595,1.486392323292115,0.21113704090454652,2.3965231415228856,-2.0391253511013234,1.6790764214297291,0.3282193203948093,-0.5634316097417996,-0.212839372585244,0.5615574481101083,0.997198851618359,1.4829876487694236,-0.7516507089111454,0.7849466551012231,-0.052892571170955374,-0.43865271603211214,0.19628354370877815,-0.12410135133272125,0.6774245398479692,-0.5978523807120976,-1.5428931477760497,0.2220026935860474,-1.2445878068002705,-1.463636113142771,1.0,1
0.836840119913537,0.7886938218036604,0.7154492964383693,-0.6642765664583749,0.6078003114234453,-0.17448063187407625,1.2236577228456536,1.3641923085199958,-1.0715603911494358,-0.8833854135234699,-0.8066363970210658,0.5741498083435874,-0.5626310593128478,-0.6962170972913768,0.3614626088610762,0.2859739206090578,-0.6191297966889661,-1.5242512903013588,0.4679128974196721,-0.008593817610612875,1.2214174790774877,-0.1811012019805439,0.6320419195815892,-0.08696478407989308,0.9080786545859152,0.6297325901128725,-0.21472190293745705,0.8389040440325279,0.15615708620304056,0.12610234710851684,0.8607310976149742,1.3571272946273925,0.4818333385210238,0.6139621590919029,0.7082963346395598,-0.3970082075519679,0.7899574378849066,-1.5495093326264244,2.155757845365014,-0.3997825617626258,-1.407611191807497,0.4443936279725596,0.7013735403409136,-0.0017668213717129074,-0.88017254032198,0.3310190630560212,-0.5684894690691311,0.044381860401406924,0.3441829189219043,0.20602456605574715,0.0,0
-0.6846758402163624,0.8157772935863149,0.5359990588587186,-0.08040050626739499,0.8757575258148064,0.7732400321380255,-0.04049245628027415,-0.9401358406500406,0.3707482276320868,1.4571177817181813,1.861555634264224,-0.5773184905059799,0.4591436727616529,0.8198827694137341,0.565103086051091,-1.3068752842108473,0.8751101516354247,-1.0465357441422012,-0.16610743690989507,0.3061916284948049,1.3743489470934829,-1.3116787360130229,1.4330862037513945,-0.23028973593069454,0.8870868818131271,-1.9560941076010407,0.2283623276015007,-1.6083008795615723,-0.07653079987831357,1.125573920290847,0.5809890057474614,0.2305544062553688,-1.3696219669933596,-0.6310261473692947,-0.4294472505347499,0.4626408264487316,-0.16034997944321852,0.11986032330271015,-2.010668446521103,-0.0039011128177629728,0.26169144331717337,0.3284508731350723,-0.3989621169859853,0.019526879153984687,-0.7862228661479762,0.7609442876444675,2.117327902180469,-2.576310554514997,-0.9004192607532793,-0.2963826960045879,0.0,1
-1.018697668657856,-0.8602682184334529,-0.34268133358497954,0.8583385530990991,-0.07976607171623408,-0.7848112622814146,-1.8036664746372864,-0.4932172310937834,-0.057662852852958975,0.12563397526154887,0.25045310233505563,0.16263106145214062,0.6502220400661177,-0.6369605147265566,-3.3735476365549784,-0.4188852735399165,-0.11992304464423426,-1.1277749431168511,-0.13836507488986924,0.23329347338816006,0.5044090612565836,1.011262680156622,-0.02706917733888341,-0.10291019819970057,0.494303610930801,-0.4122994717687156,0.8069763374576696,2.3836462951838144,-0.4924173350853938,-0.4749012009784518,0.09543457908341407,0.3760981329391441,0.2638869070698009,-0.03737710956268718,1.9170975602818239,-0.030433254744017355,1.7492132260868685,0.30534018427137705,-0.3677951605312715,-1.2550409868697754,1.2065230111002427,-0.07414852708754117,-0.5851413128440061,0.4937369788126226,-1.5999043494566545,0.6923871671492122,-1.1050938252744238,-1.1035510704511589,-1.0856275772320694,-1.6862291066894612,1.0,0
-1.0901571353980375,-1.7692631915956407,-0.1808944311018283,-0.5924551032754506,-0.7816124524883418,-1.9040269760696866,1.246481063276578,-1.0338055848038101,-2.046452763839216,0.21351954875197846,0.23983761277165586,-1.2776247910888259,1.0869752884791406,0.1984709921667644,1.6697493920202104,-0.0983526578030425,0.8407249037961833,0.4862488838454832,-1.0692601258139698,-0.4071123305742036,0.8053985196496132,0.7366953062604775,0.563972652489762,-0.6450263018333098,-1.145454374116006,-0.3990038683621792,-1.8392175780102251,-0.9865645401014004,-2.370133633516148,-0.5482235819300706,-0.6071846675791599,-0.7849846887118409,-0.23237313402574106,-0.17101739784394535,-1.029415045559109,-0.17770901515950416,0.998103071869297,0.8438591740560542,-1.2620238472579202,1.324463851269884,-0.23811566908368365,-0.7500073457027938,1.4180964282413964,-0.3993219820503221,1.803558780532366,-2.1307669939721143,0.18310512072981686,1.9334528122827848,0.4545744433656401,0.06645322387155893,0.0,0
0.7919138833610694,-2.141996043527322,1.298110865229714,0.2766197643106844,-0.8375563033049332,-2.2021164089627816,0.04381497187257514,0.7516783805058559,-1.6311999556045969,-0.6103557015218868,0.013148635013663913,-2.124789330138972,-0.4305831807897145,0.3338600736842645,1.0289858607227902,-0.5863240481009482,-0.2457559080031091,-0.38834849075662703,1.4171991430787214,0.00035666550030298533,-1.1329369048991145,0.1919643443441568,-0.3794352362525287,-0.4862252234698767,-0.7271311035398623,-0.5177174497323092,-0.9926072551701498,-0.2412393132212761,-0.9961335285836248,-0.7487962301649079,0.1549370421520304,-1.115822293379633,1.3874687556207983,-1.243498754837222,0.655305212405345,1.3806322852964699,0.13510584047208088,0.7553994543078439,0.06239897284579329,-0.1277094211153788,1.0181879553022544,0.5934145911856965,-0.2763136420924817,0.4207990931041813,-0.5169322460833143,-1.4999754230444389,0.6443555884848129,0.2371692970991877,1.3169141555433521,0.2843926183778481,0.0,0
2.308463034561889,-0.07719718757705861,0.3694728917469117,-3.2214313892486364,-0.5135438609092371,0.4612505682319858,-1.0720000960969722,-1.5270831095429744,-0.14068062302548334,0.11538064053414693,0.2918517596535821,0.006719562446463276,-0.4927722318081784,-0.4428923969675229,-0.9996772494236592,0.22867877004298445,0.5410545814936779,-0.2977273500325756,1.0401811650292712,-0.7969134977719258,0.34155073969323024,0.37472243270747296,1.1486977945737686,2.750950224650072,0.2669762556746302,-1.1837625431842485,-0.4206164792339486,-0.3001884775537335,1.0155294113514874,-1.4422578921150058,-0.24245846737775645,2.1559586557070456,0.14772584240669878,-0.7331936905838771,-0.9658977584347694,1.1898446878516054,1.234344362405938,-0.1887043297895639,-0.4146656411762719,0.12902929809078298,0.9273100696154984,0.4517556130870448,0.7440558001586037,0.08103824943212219,-1.9995858585875783,-0.9686626356940716,0.06853358465518021,0.4182394390594673,0.2412833838609617,1.0490826911866105,0.0,0
-1.4845493354085562,0.8707041404631845,1.5603455884703248,0.758675146626207,0.230802473193696,-0.5077451236604618,1.5889376302892435,1.0694098832078172,0.02097651142460409,0.631796799750028,-0.10206343990408054,0.3309511180349169,1.2467788876787285,-0.7907679247820569,1.0925254405422922,0.5926248336815082,-0.5554884313311469,-1.2837168522823503,-0.6719128376505153,-1.188500265053661,-0.07992410116122006,0.39582032252587984,-0.0691557562642637,1.2959005635162193,1.0818806662899885,-0.43226226246307786,-0.3971915063661425,0.2816675632002415,-1.5998051471151382,1.1986398187826408,1.4275348059436428,0.395215007543641,-0.5478751631219291,-2.7857271141127207,-1.1927102649509518,1.4252232485660037,0.8248935901707891,0.41841638705141,0.11964530873182914,-1.6133699628119194,0.42589092919336985,-0.5913665353363766,0.2938524240768206,-0.9232979208260164,0.7748504373925482,-0.6103059268089416,0.7789791567191705,-0.6599022493240301,1.1084990763422988,-1.304452033355405,0.0,0
0.1285215780472371,-2.439030199218448,0.9516880013195832,-1.0616635811281596,0.4526772961369384,1.0440451997897957,0.024417299043764308,0.09578485056907968,0.29938546485852985,-1.0487060693680863,1.0067524848027003,0.9663073596875243,0.8162644797142125,0.4557762871431262,-0.4950209368564091,0.5339835592796309,0.731540942664129,0.05971891627357965,-0.11667358008532785,0.10736709702759566,0.09504839466664508,0.3501685085738161,-0.3614783386667039,-0.4786226848942788,-0.7720656165051304,-0.2792313575024986,0.0018372509491871671,-0.2449196229689473,1.3735197726857595,-1.2216005587724643,0.3697219430784188,0.6695928593996872,-1.9276475476696144,-0.5632218673557852,-0.8136496098779119,0.5598892244625765,0.9057449051926816,-0.5446746573646859,0.005705028199007529,0.10348131824159586,0.07965372046052721,-0.3468456913054376,-2.112800580079422,0.532815245706267,-2.1349857596352866,1.3435630072506108,-0.6997289022800248,-0.4238907427626432,-0.15003760749417375,-1.974093352301974,0.0,1
1.011284700580218,-0.6638144137779531,0.8193757257963046,-1.9878850389104332,-0.1332288150123305,1.2660179992341656,-1.0680994899179077,-1.2920351937345014,-0.13592940404806586,-0.18785773012994625,0.7164705596365072,1.3452256534790354,-0.5669221696524277,0.526848154162571,0.7797115008506871,-0.5865425270684562,0.12989002038717573,0.9137148326456258,0.638333097440775,0.9134522284036566,-0.1476713545178955,-0.6268024078936542,-0.2206735753327877,0.6328066089413124,-1.8229089743717442,-0.33200163292818696,1.8669174999860336,-0.7176382326458792,0.3507206207139177,-1.8275636844775445,-0.18272468467123498,0.5825492660677409,1.3836747894400545,-0.06147478879458894,1.9149015629346748,-0.2813958520345714,0.6955756821835409,0.21207209590789444,-0.6271153638036785,0.3146024761635402,0.756502476333328,-0.8083812275598082,-1.836093676338096,0.4629747674313825,-0.10706329167534023,-0.15280972957374694,0.705735506883794,0.5559690750150021,-1.0753509996794983,0.9990284268250664,0.0,0
-0.21544487862350656,0.9751706347297906,-0.5753147471385589,-0.977932692320686,-0.3646314844839162,-1.3662602761847156,1.9875201510973184,1.397576646092109,0.9837320968719616,0.9161019672136058,-1.6909429719048452,-1.359564224711555,-0.7174895077834511,-1.4250005504401058,-0.3863792304226979,-0.5382164244040945,-0.5106558224226996,-0.1794982174908182,0.9208289423938856,0.2701453334390052,1.6282328195956444,-0.23189957366270664,0.4774460635125817,1.3635176992532874,0.008020042108872747,0.6141935189888548,-0.14469232233516102,0.5470674915344199,-0.13091721314829116,-1.690938877087902,0.13492177997838325,-0.7025590625301595,-0.3758749956215325,2.079593255302266,0.4861824336605985,-0.3962248418193195,-0.09202527506762444,-0.18742594316549704,-0.02219206567506902,0.3071750709806387,-0.22760392047916986,-0.014389627614920616,2.1185526269840325,-1.696028248948465,-0.37343865645903385,0.4073556792274043,-1.3473924718181178,-1.1082260045405106,0.6476125701502462,0.6644094528877482,1.0,1
-0.3751842810390333,-0.14243936060208526,-1.4721432705376605,-0.1125925407340427,-0.7349489283398349,1.5284494464163147,1.5122431143772668,-0.6587819593184506,-0.4248759870134124,0.3167559778002425,-0.18108590708043296,-0.1532408514476845,-2.3020892749071566,-1.2246437126018737,-0.7722138840155365,-0.6544913362651652,0.3421958152108471,1.1598042446454326,-0.6086986180596721,1.2992001280045575,0.2938966753753101,-0.5095051776314918,-0.5196933852859191,-0.05816536823314946,0.4575572290268078,-2.374764485059184,0.1823873152506163,0.2537073288974528,0.048412383004182165,-0.34344995014909563,2.5514751017719504,-0.5110775243124656,-0.028340934077345344,0.4464522538885156,0.9339488300022336,0.560282909327231,-1.9275924591431002,1.3159461957820104,0.8127258059925301,1.8902521630399904,1.1006371735296665,-0.2763231056570953,-0.7618979542112959,0.599507615953794,0.2229409389352836,0.3139045103934016,-0.07694543146427073,-0.08656190607369124,0.5926709304868689,1.9270659850886371,0.0,1
-0.6152603260056803,0.6470946996638135,-0.4758680459240526,0.7357846424639453,-0.02740087889277029,0.5549892654374476,-0.5131246744334714,1.6538337692855534,-0.35943003323242845,-0.7261135927611202,0.3548763110850792,0.23541182700450486,-1.151076976246569,-0.9637357121844884,0.5167154158361091,-0.8073961609397267,0.7330407663001749,1.5825693655418756,-1.1688201589313236,1.140429635519852,1.3416841741256278,-0.5098434597035915,-0.2991646735423826,-0.2928508223363012,-0.1647511923799063,1.6708749609173197,-1.361977700702364,-0.03390231296447919,-0.22069480766766128,0.9419769752493452,0.52732273986183,-1.5079395131088014,-1.0292670848573733,-0.1539232297403144,-0.4959311663318574,-0.493494345797387,0.5852761826842828,-0.17757411650077246,-0.3333162744377428,-0.6459510481660178,-0.20006593153728694,-1.6626394590585607,1.5455876048331592,1.5106216361950178,0.5378255753450917,0.1249737217246135,-0.468066640392234,0.3660551491060817,0.2180174622732346,1.090088694484864,0.0,1
-1.4163900042033817,0.5912893214505744,-0.8663655127878559,-0.0818662368125796,0.422545991307091,-0.7252536159782335,-0.910765455335748,2.3125299420676204,1.2851833716415162,1.7393839214343745,0.598611864858897,-1.3810451712848708,0.8834324807335284,-0.8113830905031734,0.3186605887482073,1.8642595824945511,-0.06004796693083823,-1.0248609794388928,-1.860262465165264,2.8167830895363384,-0.4833095259777591,-0.6150081525879851,-0.8302652375139316,1.0354731180210541,-0.9324343677390536,-0.1295863369037414,1.5022001409092505,-0.16893340364226506,-0.1712033244868882,0.2130331790455985,1.5374164440030575,-0.004310184244692103,-0.1557882002128026,-0.3409692451079694,0.14222790687051845,-0.7465049889216395,0.28988054763927545,1.8546634719570816,1.6291545604563176,0.9064609736953716,1.7240030045245385,-0.8877593673045974,1.2374127687643173,0.7967447099544217,-0.2831975801396949,0.35637999230489553,0.5417223260604809,-0.8896396032594631,-0.5278092389357742,-0.2859232579790743,1.0,1
1.0159933262253813,-0.5293563135156505,0.35966255324748203,0.4731210558234435,1.1275993173827046,0.1336773594835308,0.5930553619152722,0.11812444126629645,-0.5234372194309774,0.9422208886106004,-1.0149590718403303,-1.1347062272228403,-1.936660499055412,0.13573203044725796,-0.38648541438605705,-0.343062431826098,0.21233880046069525,0.030700781186282836,0.27541381741554755,0.3060334979250697,1.4384356491086174,1.041601466164722,-0.15370326833562986,-1.330380488167125,1.6727570620573196,-0.24622188328294226,-1.0436342391685087,-1.3981938750303342,0.2601635227343573,0.15557033600827938,0.6138282832713727,1.8516879240803037,-0.7482523747742078,-0.4704018722382306,1.1077696604460041,0.013993868736550879,-1.7655740769748212,-0.3873156775029645,0.3291400907627936,0.0716743340908647,-0.1968545985647027,-0.6678573052947278,-1.4859977645324065,-1.0281292683944612,2.0836326809968058,0.06575449783354963,0.8906106086319978,0.22054242686341335,-2.2581109559804275,-0.4475001814660069,1.0,1
-2.547597457537837,-0.30857128978879017,0.29617194402912816,-0.11939185134502593,0.6517269834138794,-0.8131637605102029,0.4928056236414238,-0.7216087091349389,1.0148845126724273,-1.4844495823542565,0.013949096244156068,-0.6964317819124007,-1.3004353364040873,0.2835384501147556,1.3653415034461571,-0.5152766724180871,0.0005476824692268715,1.2035714567694604,1.9295656765583182,0.6996872373142636,0.6051365686145945,-0.04648500369715308,2.0487921780909493,0.2973113523407497,-0.0056431889439885535,-0.03931768348254601,-0.1499090960330663,-0.9735206426384032,0.2374111483211619,0.93774725179138,-1.130677893646822,-0.5054304577485833,0.160799129331838,1.4337780286577722,1.5883385209142928,-1.2546009398996505,-0.0008563853507337449,-1.6555210611662434,-0.4270859813620361,0.6578839244725335,-0.4851700691735584,0.16509555582317864,-0.8201527867931971,-0.1187370843957912,1.5029622539255616,1.227463573302456,-0.021897251990071274,0.6140431738769018,1.5371789728935508,-0.014717511795103609,0.0,0
-0.038482855381702485,1.9589604159868192,0.4169150475245265,0.5658176769172323,0.616392082896408,1.021798031972153,-0.5764684604019983,2.0665284799257124,0.11594799056790545,-1.0003105479953036,0.08253141790468539,0.615006262784241,1.0301492110661667,0.08731104170179291,-0.8094383219455112,-1.235993322841737,-0.10111548988720118,0.9426156302544764,-1.14348997884653,0.5024780786500487,-2.1166273377392892,0.6557686210375678,0.7839411220766412,-1.0144211688362812,-1.059539026473042,1.277211435740161,0.8772404476556954,1.2763747787514097,-1.0133142722727686,-1.875671822414128,0.8480073030142798,-0.9609752497077212,-0.7455037762188687,0.4670039716271519,1.5552127851308766,0.8159683280923149,0.10959520535112134,-1.6724681362822973,-0.07778051631061261,2.179008178031096,-0.020443785642718103,2.1225857899104024,1.113209766041044,-0.33575964358997706,-1.2759715202077853,-0.4110944904369037,-0.2857159462198374,-1.5096351163515147,-0.40941769900910696,0.7576818516522177,0.0,1
0.10265287189750637,2.343093187191621,0.22632630177667845,-0.6125843083600723,-0.3607435488951968,0.9485176694035484,-2.1574653586720602,1.525851187367505,0.2415438141838437,0.2498021831078412,-1.6142893625314645,-0.5183075493317563,0.4045472750227274,-0.0990720361751278,-0.9276593235418552,-0.8750112354007337,-1.044872589785261,1.895669710034992,-0.8193484255742098,-0.9781922773143402,-1.659111015305822,-0.423216224837998,-1.6201903994091829,0.2435416955485945,0.3825482430062167,1.3894747397011733,-0.6926006409848763,-2.0109169514612257,0.8423023197832408,0.8673881536920238,-0.8099846433457472,1.1496226334966921,0.2734444014154666,0.7737508631407087,-1.2280314894466566,2.984080503731111,-0.4738214764051723,0.6549756432228897,0.002215483494261555,-0.7975458868878702,1.1280037268599166,0.6860004471868656,-1.093689391254702,-0.42916999843256615,1.3214715064294942,-0.05281399041165913,-0.011416752308784266,-0.3596554704323793,0.03612316931360928,1.1722954012264215,0.0,0
0.12752456657299382,1.5946895777031085,-0.3044578559780253,0.1945667168786465,0.774474564143138,-0.3770643706288713,1.1477041199296254,0.24142432818651116,-2.126241228741231,-0.040855785491912745,-0.9312409454660816,-0.7126140326108378,0.18441476052092576,1.53131018855149,1.4656180194757937,0.6875523755880537,0.4896760315079138,-0.10669732024159197,-0.9596771007757248,-1.1958740493612887,-0.5154454010598224,0.060833289455794574,2.862361209123956,1.5919871521174982,0.8335428531390718,-0.2630385397798031,1.0743818434593968,-0.6807894482763447,-0.07724087106922142,-0.6867935850002099,-1.0855150441895065,0.8034140634291599,-0.4585153270079587,-0.9373400068147622,-1.0952946569269812,-0.8423933266740494,-0.40614412942422745,-0.8492962465626247,0.8367108364667066,0.4218555592223572,-0.8827870174883273,1.1570204496328569,-0.8084976646348182,0.38855518226049857,0.016569044301400524,-0.6430274207988869,0.0354071960682346,1.0894984309632385,-2.2910572577762336,1.1327598173742282,0.0,0
-1.2521157685365292,0.8912560183020496,-0.8372669193537671,0.06960078103415644,0.5333810924004342,-0.4433299612591188,0.649545399187193,0.25576566480707474,1.4381620829964394,-0.1660516516027264,-1.4875383087026024,-1.4190285571167962,-0.026968386761098702,-1.440525755935151,0.34610930949831714,0.7539413238114943,0.1266456649372825,0.5588337270119169,-0.15732891886199302,-1.2409053689777558,-0.3825574897914293,0.15698545795241592,-0.27977557152793364,-0.23157833471190556,-0.6606610646540465,-0.8573511134396924,0.3899229034033121,-0.07505554431494622,0.6636502790650506,-0.6848657152464629,0.9629192920256848,-0.6827605220002755,0.4430811065014226,0.08053139927625709,-2.0777086064948063,0.7243962308538647,-0.3016128949788458,-0.1629653298128034,0.9427359683375912,-0.2485071632180638,-0.1736149337639508,-0.6291732138033601,0.42479853953266977,1.315245672032499,-0.22564327638258494,0.2487875540488682,-0.454049045342852,0.6333871109351653,-0.6295711958107104,-1.073244585208266,0.0,1
-1.2780467734059096,-0.5000136507844989,0.003976207382211036,-0.9188801540345258,0.1477083430367038,0.1005451000761742,-0.9140624364605312,0.34218293513552894,0.4004528855001712,1.9340985227448455,0.969035108440952,-0.045929097762956214,0.9331370775110096,0.5806979776716582,-1.6122815910488666,-2.135278351337957,-2.431182351705142,-1.7349888626039032,0.02596164999007008,-1.4026099268898324,-0.8282953057697128,-0.7239956631033726,0.7969027885027397,-0.2421083497115541,0.11339934195274685,0.7440244633306117,0.20653105217902376,0.7498448866103601,1.838389729118668,0.506887315661683,-0.7676844288602531,-0.08010651692262412,1.0399195517680841,-0.2105100539627248,-0.5535760915489714,0.9100588798179191,0.790967505173759,-0.9103386424325554,0.7922065386175824,1.0333037360426405,-0.8877626111947492,-0.04495656350398549,-0.0237026319804529,-1.783389067758646,0.4368684950628285,-1.8195448069113,0.19221600899053407,-0.8274359185764186,0.057869010617657465,0.6761759170083833,1.0,0
0.7635985854838649,0.005159028068830371,-0.6689108990999465,-0.315223994088603,0.23035838767325745,-0.035823217397678464,1.3622361064543076,0.18320949001119846,0.0967560768326648,-0.07646784249257225,-2.326048923536673,1.0091325763578876,0.3205265978360201,-0.39962672782523945,0.5803839693852172,-0.4278766382763184,-1.1457787491612517,0.21822623976771324,-1.0671734438389813,0.22051095115839298,-1.7525680805681711,0.3635365447565674,-0.9405888784018211,1.3521486656592123,0.8538380521577664,-0.3348605137419148,0.6324397858298729,1.1350806488674994,0.2070200138229001,-0.05576370987984981,0.3122264344036124,-0.2627031016971064,0.5453986688212131,-0.491471698435239,0.2272424922293132,-0.3306012358804581,0.3872028806085655,2.3607491663868307,0.6481157077302274,-0.7612821485864392,-0.6707407922026761,0.07254163675487367,0.0468416393916388,-0.5767440718373747,-0.03313857780807538,0.9645170548069429,-0.11479723005027888,0.9050539614182058,2.1029699566523914,0.4034996750930713,0.0,0
0.28495699742417463,-0.2908638491448687,0.9141936770120676,0.5147932603169176,-0.2953979448144912,1.3253730299219737,-0.8133837247901767,-0.6560224725982384,-0.7057454808756525,-1.1100893426691814,-0.15389108915782368,-0.3454341010633931,1.4885197792559666,-0.8053201246464294,-0.020506154320947392,0.21686013593873235,-0.5384916191030892,0.4064286567147503,-0.08629045452160894,-0.0847723759253333,0.5548623845456556,0.5570031451678437,1.1630014233089363,-0.9432032618536964,0.2880901950298587,0.6109552692889767,0.3037398530461698,-0.9494100733044996,0.9960782936859992,-0.7954632271732792,-0.690223354644441,-1.016200337873996,-0.8737952315185916,-0.8706069790332216,-0.2433419722342447,1.7392688090178596,1.0425273606985552,0.347044341996334,0.7718009557126865,0.2551487424481215,-1.4375699570875218,2.587020485743336,1.6263482283693096,0.9023323547999664,0.3324456915138774,0.110443419614917,-1.2814368654202064,0.4585208515224238,0.5621546550383331,0.2583726433903233,0.0,1
-0.06100119702913119,-0.8516312302442259,-1.2398398038810354,0.06384043129405115,-0.8391628570400254,0.9751571414531116,-1.0021693130475118,-0.7847434272723268,-0.3815844609079242,-0.16893147214135734,0.4532267722903542,0.0243761682722798,0.7390245597706241,0.9697306807760132,0.5795544415185888,-0.8060001211375319,-0.197123210940522,-1.4213349961005315,-1.3562363063336282,-0.5981364104619052,0.8652268946268505,0.3470564222859108,2.1830364246458083,0.11774341872751785,-0.4013602275171823,-0.8335829991509479,-0.17342489851151582,0.29368209427120906,-0.8132305849565037,-0.5405250672383595,-0.2402587722009258,-1.2690604748396537,-0.31245506670739515,-1.117824854010259,0.3516373626589253,1.61736402043335,-0.1036141459729205,-1.0609973706399398,0.7328687499265659,-0.3328894255546612,0.009976201757382116,-0.3948702905818544,0.8001491934249688,-1.1788315394739803,0.3604650603054419,0.004890918053264585,1.4466436005864298,0.8631063435253705,-0.6886116396684435,-0.2126101370353188,0.0,0
0.08486703297291552,-1.0799062868987188,-2.6335766888470045,-1.5099745933838873,0.09046331250384028,0.3195667697312224,1.3013539147697757,-1.4852877834369729,-0.6717805878216656,-0.696562019964955,0.9563725953037148,0.07600256456782331,0.2609784231206815,0.3571335129220534,-0.11295841551179843,-0.16220575483594654,0.5038380686794922,0.14458663704407695,0.21545157436801524,0.7274794618713795,0.14249415584910333,1.0893755073351532,-0.3619179121254291,-1.1003055211558908,0.2602173234059435,0.4478780282368279,-1.521676251466875,0.2502845253344385,1.1513834934005018,1.3826897673294205,-0.6157402621928291,-1.0737703752195802,1.2932164791982157,-2.024403381728802,-0.6307808754416497,-0.5751501141849721,2.1613207205703717,0.2933847729975392,-0.6281652944560098,-0.05656870272912803,-1.5618964832069544,-0.22555982769441044,-0.5978110630951535,-1.1046720963400702,1.3400170257368402,-1.0230032951381172,0.9733339605331688,0.6652915570926761,-1.61438316149496,-0.14431833318062284,0.0,1
-0.8258976080885323,2.912376946828891,-0.2626723958474209,-0.1561656859941511,1.9157536939593047,0.42759259520163373,-2.5257823993020754,-0.5828986269292382,1.0041217224929444,-0.01492606941185006,-0.19351683870061365,-0.6179270332103097,0.8343109505720322,0.8871523269898192,0.14994293215362434,-1.3738742393303778,-0.4376662695918481,-0.4880042844866586,-1.9213068928644288,0.6676011861866549,0.2342985063130108,-0.4144289935068824,0.06384041147137565,-1.3716094359754547,-0.1987125507113245,-0.5738526143040008,-0.4704766385443673,-0.1195086148246264,0.12547339731730767,-0.4293186642444524,1.1560616997393052,-1.3304553150888907,0.11600774061315758,-0.2844930544374961,0.062178596193549575,-0.2484124346019481,1.1655333027505423,-1.8831907253043705,-1.2247358748984434,-1.3451723414939167,1.0845300885719282,0.5218513175744259,-1.3288877499373568,1.8331999506493823,0.9315688579830048,-0.9954677866253924,0.3734814120973749,0.35638903193897664,-0.6863116709449978,-0.6679657312648339,0.0,1
0.276144011765953,0.4950033032540893,0.9413379389070132,-0.30340334823946075,0.2774254969565592,0.8891306710538228,1.2569505808254695,-1.0429237465884242,-1.5171910890782965,-0.08575185027483809,-0.12458547896079393,0.5593121676242971,1.4950358886479471,0.04090850131486569,0.14906640402900154,-1.5584052945672715,-0.7880795917062017,-0.8326342911383978,0.9617197333380548,0.24307168025226464,0.6751038876930769,0.9175839041711422,1.3668760246227198,-0.30256367798521305,-0.5630697573680696,-0.8924788649137908,-0.9637041367270204,0.06970075594858442,-0.33434149767013555,0.7379047243353815,1.2730503662744952,0.52497377255634,0.4187502972107642,0.6257258681051433,0.7328591375280067,0.6470183850274579,0.5692627569906016,-2.3101691517230583,0.9560505872817976,1.2532294182739396,0.5278411608897112,0.1183746877261632,-1.667196239857252,-0.4663429234512704,0.13530082916802666,-0.32528650057845804,1.2381447027212884,-0.22322686969398656,-0.2936578254542692,-1.0391834600869558,0.0,1
0.2799191078382475,-1.9866497976874349,0.3530407957460944,-0.8547891155540193,0.4169356062557102,0.5935037544965174,0.3234645744287282,0.1014021684156612,-1.922239182740132,1.4522564349123899,0.011839406749913964,-0.12912394095823282,-0.6826589892965756,0.11426364086760575,-0.5552042874517983,0.54385567778334,-1.363378739504998,-0.07738393654322015,1.012063247058325,-1.648367264693855,1.3998902532932622,-0.8673198373279126,1.0809542071247191,0.061776590633432736,-0.4936559372751724,0.2592982777085459,-0.8116834240367472,-0.09077795139550172,0.9460033512933312,-0.9220061785231402,-0.22471455498871665,-0.6700234496428272,1.1131397839657635,0.20354083219491634,-1.5448450832827774,-0.755458024727646,-0.491742945913724,-1.3532203035220336,0.2815944453796225,0.0929341189291723,0.40498943352249184,-1.2317503171764017,-1.8595489093742537,-0.2327051165216361,0.3959034530492871,-0.4180669624878819,-1.2059008752576983,-0.8619343457853959,-1.1441938263030866,0.748944160556265,0.0,0
1.062799349753763,0.2556988162427514,-0.5428560187990243,-0.3317787928834671,-0.3441034690356184,-0.07312170382688893,-0.025828910862448654,-0.04038140597555685,0.1091382808381657,0.3437414105233904,0.20772796651799152,-2.7053679515040776,0.8444173561764851,0.8336519508035373,-1.0370066107450149,2.0566926641613,-1.4324581325213068,0.2781323967760487,-0.3839370817946996,0.9645719222647584,-1.87593452220256,-0.14308949970115115,1.955817179484679,0.08006996159478744,0.405112671318365,0.4573597857853195,-1.4413032639671883,-0.3103546088860085,0.8450261839178348,0.07541047189529837,-0.7173400135247839,0.6237598000671618,-1.5242615852623091,-0.8885319437650734,-1.0255450381773583,-0.70771334231197,0.7652335131601176,1.8103915400852184,-1.5772181435535968,2.50632460590046,-0.0006133694233912022,0.31926031058709353,1.65480352401521,0.5209569500862086,1.1556372888412385,-0.9327064897036969,-0.8444894705806025,-0.8654206513122151,1.0343659621755967,-0.1182936560076792,0.0,0
-0.7353176945463582,1.2421621652049388,-1.4472415700342791,1.3387136235438353,-2.120730006761608,-0.5854334772427108,-1.3633671115967942,1.0847432004968776,0.17701891993144658,0.595518889250942,0.9002028460810328,-0.432329750215383,-0.636804905919808,1.0949351676215104,-0.5760029959840571,-0.5931320740976078,0.4392906140626437,0.5795797808594382,1.4829028978909724,0.5192018718018846,-0.17651578406456742,0.9613336823384278,0.5004441101008598,0.9490631391849388,0.8010531165204134,0.4834387219107618,1.3766440106898312,0.7573115504337506,0.16486063139199145,-0.2805910875331281,-0.6832301468102989,-0.4433425672903207,-0.09819217395586884,0.4853016448726945,-0.9595982574835226,-0.8114392053786335,1.0185005751842788,0.4998025997151965,0.5833030320455248,0.4747851144599238,-0.6326541474352936,-0.3731124596208043,-0.9131872924272352,-1.147165074191665,-0.4957038064194309,0.38029430085136817,1.120208236325292,0.9405841229105508,0.6035632471022121,0.11884773612796308,0.0,0
0.7844359717193384,0.4387561237432871,-0.25491909348013664,0.0011636484980220626,1.012416443067313,-0.5182064960615289,0.1538563335585066,-0.17637881452076087,-1.7873059347580864,-1.4592731869597044,1.8254987056222167,1.0227034263296668,1.3630405121232714,1.4194632351604644,0.7855043934140951,0.1834292891793765,0.09930994027922824,-0.2955982695569431,-1.2359518223661923,0.8234262871758268,0.5376536104110594,0.298687194087777,-0.913516521750384,1.5727132293046182,0.4270145841680825,-0.14965815868748014,0.01650379309940695,-1.3686608748468996,-0.3178322441701466,1.9262071478960991,-0.8808133137065128,-0.9282085781519884,0.09208815944155524,-0.009655709375460763,1.140358750232055,-0.9429824595348718,-1.564595003576676,0.27990247793325834,-0.742641778188294,-0.7943467927879283,0.7819850011139287,0.7377291469093252,-1.5871271200087609,1.0162193954248782,-0.11594490290143215,-0.7579519390005541,-1.392673906938836,2.228538349869281,0.4733118010566337,0.7317214738418513,0.0,1
-1.6167638860249105,-0.9161795409511664,0.8443993710113691,0.11241685246978048,-0.43179619011977133,-0.2766511114672539,-1.5915450506578426,2.3456328869144185,-0.7348763981656088,0.471084851271861,0.6464439600711261,0.4417783463120379,0.6522747201370082,-0.8718218414854374,0.09713749890162744,-0.19612553133871105,0.6041427849079257,1.1964548528444234,0.7334800330931633,-0.6137886391210672,-0.33183001576018245,1.0040786012564658,0.24226309617893735,-0.5421229494837191,0.35391547029740994,-0.25637983453034185,0.30846398047594603,-1.3654707550569758,1.758272876100929,-0.6807670353851893,0.4962935247754083,0.829101698979611,-0.2592291027725729,1.2220150356196593,-1.7740251862742074,0.31939378482110325,-1.4258982438813104,-0.5410374493005052,-0.012941163013640494,0.8845971841627446,-0.41900288268700825,1.7394327717239737,0.26582662859189643,1.7415639575388877,-0.5069191737474348,1.4737874555834076,-1.2572124140115704,1.7707377691725232,-0.22502123788915926,-0.1327466173700876,0.0,0
-1.084233232968875,0.09824614193492033,0.7333647873124142,0.40140631086878203,0.2055662425343318,1.0757937998702929,-1.0937743966261213,-1.5154967395700096,0.3989448179535634,-0.4662322151767717,-0.3799244621197047,0.7253353393443475,-0.14263730219510154,-0.3137490871115918,0.8366281548231757,-1.5916972228581072,0.9529571058859372,-0.5518832024577519,0.6601659097947387,0.9294815463061072,0.24860695389238466,-1.2243293171977394,-0.29231525079321924,0.43782962893457017,-0.20867451757867253,-1.5804359716667642,0.6310477981758431,-0.3291602706667244,0.5435389355275624,0.269348684263268,-0.7153434927048481,-0.8836077153472768,0.2678434961240885,-1.5434482542342145,-0.9401213449115994,-0.8169643777507737,0.5388734683115276,1.2439178177772765,0.27007820130474697,0.5809142209638434,0.5923412759703779,0.8476888523710289,0.9174219098521668,1.076131448055753,1.1354508994865846,-0.1741218419597492,-1.5580425860901146,-2.1218297659936862,0.3656826680845196,0.8216507313647996,0.0,0
1.3601646355778196,-1.2742956339717992,0.2547871535680387,-0.2536054174720063,-0.022444441833771138,0.4587246430356565,0.026997541905656296,-0.6193289031521371,-0.9901926416243718,-0.6923928142184919,-1.4762777163500267,0.0037059883291179828,0.7839858557047945,0.4370279964400725,-0.7420125066661366,-0.7580794715346129,-0.1690462961166567,0.003737558194926547,-1.4377691632936316,-0.8576611785054397,-1.0560844070034554,0.7452862663761883,1.8293382762829196,-0.7387169267785325,0.022898912475193763,-0.5891529226629809,-0.8886205053090931,0.34792567493661514,0.8165211049037348,-0.5717442579054406,-0.21702013042344573,-0.11304957268316715,-1.83457020563826,0.5151958434648634,0.5384683162755528,0.1722403059691117,0.7915085548446155,-1.1708947807319046,0.16638598226831747,0.8166579482211695,0.7736166241194214,0.4262083282433357,-0.01048970593937643,0.6308098262145714,1.2232948752590238,1.1386525471168278,1.2830421540993666,0.08376037218494023,0.3662269668298148,0.7750560185073317,0.0,1
-0.06425739674710823,-0.9903272440774936,-0.5477488713711033,-1.5242017162444077,0.2514298731266466,0.21171559320305244,-0.8736354162375365,0.021248180461496367,-1.4135997910969953,1.148346911354045,0.8513115652759853,-0.4318245861509061,-1.1391569155536625,-0.029529695996291086,-0.7219280229272497,-0.18151056813460315,-1.5876318136434855,0.5060874231703644,0.3368980824528421,1.8030494727570796,-1.2348158634358708,0.28007136440068675,-0.7622440544189067,-2.5570052374910133,1.387874452425235,-0.386137191979516,0.4335606443688153,-0.9789716287501264,0.297883666263616,0.3268768137711157,-0.05887475051429183,1.20560025532295,0.9177900476727772,-0.3624795963552157,-0.3910234316867621,2.4358020798066806,-0.4445598006984039,0.8407974356713384,-0.12414812421105895,-0.12393295091027767,-0.8007080184895005,-0.1715704964387983,0.14985845692668098,-2.5018841734038,1.5256206064763962,0.1021011082875852,-0.20192100155722206,-0.16337868969556568,0.9970806722527008,-0.5507197535339631,0.0,1
0.4367407479699594,0.2981857693576244,1.089584139246433,0.6924473272143082,-0.522620275211952,-0.2589391355799189,-1.7661933291001295,-0.16265717172361865,1.493343105224156,0.1856664796000225,0.057343394295082825,1.27112832936473,-0.5046650693571584,0.2604598497383181,0.4675595575527122,-1.983418094232693,-0.3236873890370065,-1.1585952457621165,-0.18411226341017947,1.0934876292003641,0.2417785246709285,-1.99235482081282,0.5095806192440141,0.7476408654535063,-0.35804500846738746,-0.5184135852737144,0.028742425288629636,-2.271767111337692,-0.6001796021845711,0.5767159904422106,-0.8959065314357696,-0.7690700868173103,0.28175110011820503,-1.3240803229098337,0.7315162112604553,-2.5719839715156074,0.04821234393845901,0.3973339973725282,0.07765088339502496,1.232677477684107,-1.028399411107415,0.16376653066830654,1.911170372923932,-1.4115732676600063,0.5758036940948327,-0.5648694657596884,-0.4944417513006189,-0.10861460074518492,-1.0478841782394899,-0.6185527892317856,1.0,1
-0.17958520786164667,-0.15882766758144667,0.2640007237497403,-1.5449549943576788,-0.563079835120236,0.3254710326196909,0.9280652554740212,-0.8350395555407426,0.2188662191130251,0.5428894519015719,0.2145175749705274,1.9193621509028505,1.1084006254693517,-0.07817716741271731,0.14327839266719666,0.9736611867574816,-0.31554785566025817,-0.3681822856622974,-1.8631287587416636,0.1471398149731583,0.7447621064720459,1.1588342668201792,0.4014594640861575,0.022446537378225242,0.007727761813892206,-0.6777354453598363,1.18286210130847,1.3846901962005964,-0.4611954322559751,1.8459828191911665,-0.16151583518218202,-0.1829266555653233,-0.904604938786675,-1.1726455249796348,-0.9178970777490632,-0.9373253278174092,0.13590367564165515,0.21044737708189595,1.2987164035270429,-0.11996770982313827,1.505680811987247,-0.6059848825208256,-0.7498888922108314,0.12252482944340667,-1.4063635665893668,-0.3952491847692977,0.8107302539532507,0.5276786636184649,0.09225591187855683,0.6893951022931066,0.0,0
0.5636242485975649,-0.2036043817811077,1.8500974865249589,1.0211701336938461,-1.8286021074288807,0.5431253795722862,0.2918395912696462,0.4338388670636392,0.7514119455637641,-1.2646687020279481,0.02371053640938355,-1.0634979399400717,0.5348449198248831,-0.6707054514472633,-1.6865552622644402,-0.043274765716689714,-1.0018268152255865,-0.7626432969947573,-0.1997195859278033,1.1958064011929233,-0.6218222782064365,0.2318130003070748,0.5705200940086177,1.6571907468966285,-1.5444114714436197,0.47970401638398297,0.4961411184207402,-0.9442126788744316,0.5609226084315204,-0.8049656425901573,0.7133274147745936,0.7752662496381627,-1.6903943320979324,0.5572013376475113,0.2344161808499928,-0.8957479245521986,-0.8414244748333863,0.3833691135692838,-0.09381166336532262,-0.4094298564540957,-0.5228327982170599,-1.3861131468599623,0.1493964099183348,-1.428941637778156,-0.466414076209718,-0.1607690640023948,-2.236178973257428,-0.4093955717085669,0.698835364786331,2.2413102005811387,0.0,1
-0.09069406557202166,-0.3981156648414632,0.7258135233590703,2.5141172054094745,-1.0130067900329187,-1.0735989000035422,0.1671602599273153,0.2306569242957932,-0.6084397550954644,0.08228560130300458,-0.6680781549656611,-0.6691621075833389,-0.7712130942608991,1.3838882169616693,-0.7799800208714153,-1.544210622393994,-1.154715087501179,-0.9609757713083632,1.8220521171316253,1.3011721971355437,1.4989924694050756,-0.4194769044077231,4.033650326378823,-0.6604785622300204,0.010327325350495535,-0.15223644776955148,1.6318208888144854,-1.0104017805995764,1.4708547802929486,-0.05125587148113304,0.9329678649756626,0.052756600677456064,0.06892058508895857,0.4020048890852193,-0.024348407434395127,-0.20252890817966346,-0.15389825967262075,0.4036915484160551,1.214077432453892,0.12285826818441192,0.4615296198401436,0.3261689476615741,-0.14282906055900274,0.25949263355240154,-1.9697783381000349,-0.3897070711473026,0.3937232971677286,-0.8395738828972351,-0.9529947509767822,-1.1467519096540832,1.0,1
0.9880424156320058,-1.2221712178493251,-0.5865988939867262,-0.3445610530385173,1.8505602438136244,1.3078965198068693,-1.0955023497820235,1.2390590339082006,1.139243317198386,-0.1870362435807175,1.0124314116212734,1.355800555627115,-0.3024234245589104,-0.4575105004074112,0.5339161508529484,1.6369752032796625,0.8641027239461301,-0.8028531834345469,0.9934617749372788,-0.3304107108606849,0.5307610333660672,-1.4368654708726485,0.38167235884541995,0.5790871436377145,1.007669948748129,0.8887861855041769,0.5921884692284074,-1.2600598418022724,0.13890858280014304,0.4729825253138108,-1.102575792169625,-0.7160020918467613,-0.08793890548316054,0.14532779986355496,-0.329694039027928,-0.4272966492259373,1.749640273255037,0.022930927108606728,-0.4837968263280933,-0.6115161740701696,1.0277408428666337,0.4591200346319233,-1.6900837933431387,0.5723196145468463,-0.6014590131528251,0.6217562908102988,-0.6409453130423869,-0.23991120212360484,0.8576374214847327,-1.0603720695559613,0.0,0
1.171246546027365,0.13964426504287333,-1.0304237239572236,1.204152033787704,0.7548573059047663,-0.5943180675017025,0.4008110727322696,1.872028159442056,1.1371256666994396,1.0347228096144885,-0.5813570319926733,0.6695433228756223,0.4052879671506922,-0.38637100849072187,-0.6348511746263511,-0.7850820873258342,-0.2051233432165883,1.6705904194742254,1.1791149442270563,0.1372947476381899,0.4528689911471802,0.8881159373118257,-0.2444246550502964,-1.1534592972863356,0.6052750564864939,1.0715372865842936,-1.1138600560004002,0.5071481565429591,-0.7397140795300421,-0.3739804881841009,-0.5178355163373618,0.7133503538662183,-0.002404340048982521,-0.6856515304810288,-1.296569034930844,-0.7402877982521809,0.06973472906168425,0.183491866282327,-1.038376340679413,-0.612409290841523,0.19827466938224705,0.3627958260006638,0.150651327501334,-0.11909367966090965,-0.7921724992281641,0.239644157960616,0.8454247606180206,0.2563726532759545,-0.06704932324931395,-0.158318199880079,0.0,1
1.7010324384301323,2.65097350805762,-1.4205702324138667,0.5708379746774834,-0.4942571784356237,-2.0063121252605143,-0.09827287308385364,-0.3417220975754056,0.3470651634111233,-0.34893825622011154,-0.056217477930870084,-1.4795908331916783,0.6858354316062265,-0.1508405629810756,-0.7914962697811281,-0.8743094945175763,0.3805735502143985,0.3181175865375562,-0.8304053723715589,0.936008805527754,1.4722873974767519,0.16148979834532798,-1.0548786580836902,-0.444485752467416,-0.1583378692861673,0.4766771136969062,0.1987539299473584,2.03111234692276,-1.2197764444772503,0.10665238590737512,-1.6880748450491867,0.7413924096126537,-0.9092645595877118,1.6384579537301835,1.9189797249422824,1.679700187721895,-0.17191775829195044,0.35314675624927644,-0.2619458343086861,0.9069761629326244,-1.1664274748809609,-1.6102238146516326,0.40378997078336376,0.5703120662132858,0.934925805206004,1.7962964862184467,0.26351871946789185,0.7494975509982053,-1.4140868167378131,1.0412083618277344,0.0,1
-0.7740171381070767,-0.5311797457484169,-0.14696550255943053,-0.6839524786150161,0.1491898579080574,0.3597890548042404,-1.947345942737376,-1.3287881950858038,0.013565465840186804,-0.8012005953246814,0.684499542983821,-0.23101465888375994,-0.3296374085848805,-0.8306612402737399,-1.1222393219880191,1.2564855889346114,1.3732138873699973,0.04157165781168208,2.2881292743219883,1.2648508768788551,-0.2870180891938379,-1.5204317358395043,-0.19863673963896566,0.4567780878566102,-0.2351067009152584,-0.8887930330403413,1.7610411505250845,0.036491603099065135,-1.087526645488866,-0.8705292801108682,-0.6779949117132981,-0.4753536009817657,-0.5430135716734964,-1.112234849886145,-0.26555709495751884,-0.040801364822452967,-0.4590973091829678,0.32072917684761865,0.7646723812674977,0.29779822450336124,1.4374529375340366,0.9507915886941214,0.7612655263367679,0.5902259358514937,0.5461332888879351,-1.6145139888029758,0.5460291318093504,0.9152907498281772,-2.452528218689935,-0.7719669349687829,0.0,0
-0.6366978972745387,-0.6390554084382565,-0.08352713239867295,0.39081651258211,0.13044170153828605,-1.251060814055479,-0.5024061215668115,-1.1640256303026193,0.5097256445067321,-0.5948594946744427,0.05445525560711012,1.6676434409950094,-0.6933497556697852,0.15275672612688568,-0.5071759166487382,1.974417032076172,0.7276254989906511,-0.14790318978949646,-0.021719508050713203,1.539806293404922,1.8774706375692047,1.010852011606933,-0.9990279893686108,0.33818982162464595,-1.3426509594130234,-0.057029467705540224,0.7053907835404188,-0.0284977140663,0.03448923575116425,-0.1361531541768333,-0.14924075386593505,-2.4737332568670953,1.3179745218646928,-0.7856235733880501,0.5816310491835012,0.6988466823038967,0.4336472474264037,1.4238959569383485,0.24449130166263486,1.1652778981743974,0.2559119530866142,0.980587739476708,0.7475045657244579,1.0137576054699209,-2.1182439305211807,-1.0036925973335475,-0.6395677796233754,0.04885391278111845,0.42105050952929796,-0.6322319621754353,0.0,1
0.5386941555443397,1.8288233278896944,-0.4892653076984381,-0.9327293640467488,-0.5198392952178933,0.43500605077006654,-1.542907831130974,1.0865278721987437,-1.4196363115812447,-0.013867344226779784,-1.2261080045106352,0.7230408826650425,0.5974666172347766,-1.6557683864853272,0.1641105841821735,1.4310750868858473,-0.18276850215742046,2.078567809858363,2.0573545971371865,1.0265301072014277,0.041982874410383134,0.4086636350850825,0.19937387030414505,1.3434655167766842,0.20624329638642952,0.5245821966467956,1.2669488268233215,0.8384984466398442,0.3733745533960021,-0.4759812794459619,0.02190953021139015,-1.4168434732780282,-0.6477473206627941,-0.035687886928751994,-1.0994556882477933,-0.1855507541856847,1.4995155235093438,-1.6357980244331665,0.2578267973473051,0.2433779519609388,-0.38242449781461385,0.2441720960674725,-0.6368403126849076,-0.6986960892240254,-0.8071792091362436,0.07027072758691601,-0.020076503940648558,-0.1962119110049892,-2.2888877226119786,-0.1616721754657438,0.0,0
-0.2110197511952836,-0.5089742745749823,0.3772581406086882,-0.6909761885823866,-1.2900009077903265,-0.5022982105687497,1.084337130541044,0.6580790925838745,-0.024413939964046887,0.6502581523419589,2.0578364696468734,0.28659284949846997,-1.7525913373067,-2.4561864183541955,-0.7042160747067603,-1.4417874809231803,0.16010363096543753,-1.4029289599243118,0.2466918363687168,1.6036792054673918,-0.8007724787485578,0.4538938218454848,0.7218198080928144,-0.31594315303487897,1.6155059354491292,-0.5235395385978207,0.3091254713324155,-0.032155630218527895,2.5071680679653543,-1.125565642495178,-0.1567749674668531,0.4269934567997588,0.004773564266899504,-0.6962566722238728,0.5994069097759694,-0.4495827224363633,0.7208493202014612,0.4993189399807469,0.003157698737009597,1.0271215274705279,1.0155833556089442,-0.5993830453369932,-0.6822016271441688,0.15576949398088472,0.7117471729651629,-0.05278310643426461,-1.209384041003255,-1.8444111317177745,-0.3421756563093801,-0.3287567173368855,0.0,1
-0.3644004439877662,0.704959875805899,-0.5902565945568259,-0.8589462119426747,-2.463356048630493,-0.2860073583739529,1.1916953898453504,-0.19001480882193048,-0.9267449311747812,0.044458043684214216,0.4930354645583573,0.7411235878624364,1.4753349672842635,-1.3886435268813595,-2.0176038351875087,-0.6874085762585869,0.22903980127345416,0.5384218200695279,1.2391631500050615,-2.820868957478786,0.8593258253665002,-0.1303264911252077,-0.11659941000351992,0.3654989178674353,0.4015453024078757,-1.2433616937334289,-1.5091805762293329,-1.6819817855921535,0.3583330648455328,0.006571311802996542,1.6782555245241888,-0.3264831444006173,2.340672894536993,-0.2798767944890729,-0.9437368549217852,0.893166254562854,-0.8103458800167129,0.2960497794316461,-0.8196683974126264,-1.5487106944731504,-1.2496865571491156,-0.1488270494784317,-0.9098057477703678,-1.8516395209582488,0.930855352748525,0.4791416287102954,-1.6566510528719345,-2.211337964603872,-0.501821887624184,0.3024036070856371,0.0,0
1.6643766115440155,-1.6428501779316875,-0.03747630497210931,1.6664583081484945,-1.0957574084599624,0.1308791182918778,-0.22384163441494645,0.9289292355685528,-0.9632948884677396,1.0478712584353305,0.5035878274490694,-2.081213100217526,0.7173826416553977,-0.6587681128759056,-1.0870498592098825,0.036379495624346565,1.2541395435530232,-0.1442236435705417,1.6475362412020451,2.1652843666315715,0.5429119107308801,1.9505311654071904,-0.8837863416092683,-0.4716786690451253,0.9774311562290796,-0.5579172651867199,-0.5850202440707195,0.1865896798240312,-1.26135460956502,-1.5702935199481909,-0.7368529100714107,-1.7094636641146237,1.2882590577168962,-0.09514191531291352,0.4585719883709347,-1.1874928570226904,0.3802930608092767,-0.8502382471394632,-0.8599687004693378,0.9054128041890102,1.0992566460498898,2.0229343753493083,-1.2963687487169695,-0.5042403728723521,-1.9746865460784973,-0.4500805570655256,-0.2448449963785969,-1.345756591949781,1.0954805534715242,1.5083887758638719,0.0,0
-2.2527633182317675,-2.134131174848371,0.9878622036757584,-0.29106744819110114,-0.8758263735468771,-1.5869613836039558,-0.23223956318967465,0.6342234449110501,0.18119516708512254,-0.13501602761231746,-0.9156719701531392,-0.7975127092765171,-0.9873263902422104,2.744368945599374,-1.13493722204535,-0.9094321143783876,-0.7136151160794607,0.3466561250480153,-0.5330204587730514,-0.20924867526538912,0.5436009497733895,0.5854415693203292,0.7498536753067142,-0.5899708778987249,-0.129767144625718,-1.1403551558975715,0.0804755932222245,1.2682670933239435,-2.0837800824017223,0.023836136023012537,-0.8519040961488221,-2.1417446105767635,-0.2570421553623985,1.7997416342340125,0.99957561427574,-0.22720133434220374,1.6416332947562493,1.2558629691744974,-0.015675796839519498,1.960830685770185,0.791158059752311,-1.5557545248790468,-1.8668256784161776,0.3891996538262618,-0.23234841273639875,0.2130712535588907,0.3092902986268987,2.1088236590521707,0.8628437337118141,2.784275054914413,0.0,0
-2.324606405312236,-1.3010653495796705,-0.030578155474172933,0.50934137774249,2.0912881132770167,-0.5087209937518011,0.23179953036682704,1.698601915577188,1.3288466219762616,-0.5959036925365511,-2.1277737506919774,0.3708286524833461,-0.9458803056243102,-0.8042764473427835,-0.5920828398633282,-0.2701421440680773,0.19258704559403084,-0.15664167654605934,1.2102897377298465,-0.6457420752113583,1.096325978097739,0.5738652623527069,-0.8900937154771035,0.4029621138997754,-1.1504296389416546,-1.1853880573668902,1.8155699182841532,1.9588144019806963,-0.3554183726977825,0.3622217390330301,0.14836836697163516,0.03128815653740827,-0.649908427330061,1.2862062349798355,0.3981716088442507,-0.12400600520225727,1.985343877711503,-0.7395015892167666,1.6592253599325877,-0.9444878085898828,0.9870313113523048,-0.15723180290212393,-0.12572274947758091,-1.7382011769007717,0.9881616718468365,-0.08475494351956964,-2.3216083575374937,-0.7205382545707629,-0.9189183448980756,-0.1223752382137374,0.0,1
0.4897705524537621,1.7824691516373643,-0.17320710554309074,-0.172807489014811,-1.5766093581791514,-0.2394571242950506,1.8595512369904224,0.14924814456473476,-0.013487357370673296,-0.4311306880532852,0.17996422089337288,1.1360091533211298,1.5328442849279835,-0.3034504877659162,-1.6471153928431124,-0.7615040540810813,1.3900800005685146,-0.11285893226293348,0.9743767522120692,0.8750180976093547,0.6099130795051274,0.317615700313923,-0.3324384894820933,0.5934858896120173,1.391677125808645,0.9238723887494168,-0.7792089027509741,0.27326302701053623,-0.603826650620064,0.5042594808320584,-0.4319312704107408,0.6214808548171453,-1.5208147676263992,-0.8167384700430187,0.21191314882520654,-0.9264722007140476,-2.1002388803679195,1.3796577611555023,-0.9467835639731474,0.9022647190425848,-0.9832598213644184,-0.7673379429472638,-0.41164894215132736,-0.7613492723273225,0.4887661741317295,-0.92950526291058,-1.1105528331119845,0.1981045865058461,1.6646557666093724,0.4195217742833757,0.0,0
-0.3809455714947401,0.4934475791972566,0.10905668247381232,0.7800969603203202,0.5467449608252193,-1.1226370914796782,0.3804670428173803,-1.9775114899649575,-1.6314321810228118,1.358952425442944,-1.7666680561367905,-1.5710623735698566,1.059800832557185,-0.2476791879587425,0.29544825682586634,-0.7124558204577973,-0.5037227913991226,1.279183233287295,0.15021599326613802,-1.2812306682571926,-1.431086162934121,0.2943516738167575,0.8713023055968075,-1.8766884653503129,0.9080958585204384,0.7017426579369008,1.4352217393354487,0.7520470384814212,-0.13501917990177556,0.28159462513103617,1.2216618831343342,-0.6141109441716494,-2.0107913042054357,0.07090532787269205,-0.08497241342968705,-1.3274703831435264,2.0509316645926168,0.5651038114350591,-2.5127811034369683,1.2377696473427506,0.7445441881072059,-0.4185916806295978,-1.7642017618032797,-0.455152294244346,-1.0161839820253813,-0.3770215414640726,1.487763623983127,0.17662900528260392,0.18122003809299295,0.4774342086284933,0.0,0
-0.7609545675861704,-0.5984888032444928,0.8105380525821569,2.2571570717246447,-0.3467694584233515,0.30414414687763003,0.4267821738708272,-1.1259922195024503,0.1352963592507602,-1.119745702581157,0.1528241368873577,-0.3857640678355879,-1.4389044802016808,-0.7113572137427921,1.126860651796484,-1.0857195892816909,-1.9535022391082064,0.2316079928223537,1.449203661931029,-0.2910363924780381,0.31894065399211663,0.9597993972452408,-0.5249541311589966,-0.1173199559312092,0.3257467837013218,-0.9129707911887288,1.3476338449448964,-0.22011770000165853,-0.22870726009980302,-0.35764703651840224,0.7635062146942252,1.6923943114417868,-1.2859688856374318,-1.1228386275143394,0.9800574166391056,0.9244464535295768,0.9636585982377311,-1.134264576649313,1.4364797585961588,-0.4339761928553695,-0.3964339740787303,0.21187698817041428,0.9861932277623752,0.965651250037764,-1.3984515597211293,-0.464108871461024,0.21977510807484146,0.6960530488347251,-1.462553578193147,-0.5750164856052161,0.0,1
0.3793495391302734,0.8281018910856209,-1.0671135209242333,-0.4680743468978841,1.1398297222151696,-0.06887166898711372,0.8843532467474011,0.6489013070675205,-0.9984798640593888,-0.447556274182256,1.0968309994240522,-0.13279296992575773,0.05899382263115763,1.5645403024114086,1.211488980336566,-1.2028101534868876,-0.5950189648164494,0.3996544494555529,-0.12485107433571575,-0.7509427889201079,-0.9854299305263464,1.9713157833678048,0.3211101857805597,-0.1595482737075263,0.6103020931872559,1.4746027688314463,1.0494686914455522,-0.8915263892661925,1.8321057464803892,1.1845749448508904,0.7743109770191196,-0.06487412403259543,-1.3900352465735564,-0.0386231882521533,0.3309907983763981,0.11645236786047054,1.0272316115646214,0.7995779391958399,-0.3605963324464428,0.2113895667167813,-0.11994032911202974,-2.142226457213112,-0.25606384205317506,-2.370675489072484,-1.086389555304606,-0.09946123836024462,-0.9421645889892792,2.383346818318824,-0.07857340700444516,-1.5315594017673826,0.0,0
-0.6834665003100882,1.4667395183213572,-0.6731929527379873,0.3673652535924298,-0.5127538712255774,0.13028070125191965,0.07957686533608634,-0.9177377530757376,0.0016056477547677411,0.8501666416671309,0.3554998777586645,-0.15331765390431204,-1.0860438454169692,0.9804269113914782,-0.5453174448994098,-1.0909190917793836,-1.316243317999529,-0.8622335637120356,-1.818295213664632,-0.6492322716089842,0.8587454911379666,0.5299887204475402,-0.7607463819721596,0.4154141995774301,0.13426654508492952,2.5840591267613275,-1.4540884749799323,1.1236534494649568,0.9451465492142492,-0.5545228196797101,0.5121056153885877,0.5612094289099474,-1.7201276889196366,-0.9869915593588028,0.5808683816466861,-0.1743047664315661,-0.3759744855173577,0.9300913337838518,-1.0923891675544442,0.3911261872147245,-0.362997023048497,1.1129648652271096,-0.9848464689582342,-1.6556818424297444,-0.3054714939285709,-0.6084302964409865,-0.3386915462580561,-0.9709849239219454,0.5149257341278306,0.9121655889491488,0.0,1
-0.4021619145736559,0.6768865843419046,-0.7885662883774138,0.8494914485657228,-0.037030661769053265,0.16783775353526487,-0.4809789120266734,0.057528135548305034,-0.98884667979859,-0.6494437422731558,1.478383010678376,0.07069914460606744,-0.7890172769603434,-2.2575557263773733,1.102051018099732,0.9314101891538376,0.17007543279371587,-1.7634686188946394,-0.4901251106378955,2.065041045585955,0.09270565943182743,2.0041028158233183,0.30488943111668737,1.7893696376069097,-0.1205561928954852,0.8333318221442052,1.2102208553225793,1.23447196509435,0.6478127409858577,0.28546609282594226,0.31452006780994274,0.3274714307484097,-1.5210255764080225,-0.08029550760196384,0.5120072245060686,0.9475813327121442,2.6012912899887235,0.7991836862027456,-1.6217847846784454,-1.597918418114719,3.160791499413926,-0.8993019312746027,-0.32408341812786184,0.2687031679795801,-1.0821789813648743,-1.3569660685184706,0.054159253871110466,-0.651337699219713,0.4822731907242396,-0.8624619461191323,0.0,1
-0.616513751662683,0.6323738568564646,-2.1698277431390536,-0.4752398414908817,0.19320463171535415,1.0785537220702728,1.1548503623082402,-0.4760627650713832,0.26588810574060684,0.108156090408468,0.18444781898897009,-0.4093648899715644,0.3095355058013281,-0.05448883187293718,1.199447335255564,-0.5582652402871383,-0.2426635120961417,0.04527521453183296,-0.4715428722478832,-0.1266566458092406,-0.2819045947127078,1.637852071829466,-0.7350075043811369,-1.1373297406454854,-0.4247951411086245,-0.15774982433386334,0.5107796972219871,0.13048355819920718,-0.7972029491102807,-1.8800940424950372,0.14583502757346808,1.7471328728280666,-2.275327196314415,2.3129971402421887,-0.6977758362848007,-0.8702222244856987,1.5562172392576503,-0.599873826871147,0.6177037233716332,-0.5859101782346277,-0.93165797837438,-0.7322667108690971,-0.2480928353820197,-0.8740969615939546,-0.056183600566320165,0.981190149937382,-0.18783584244766616,1.1882532174732892,0.8375711505468719,-0.29983002073569165,0.0,0
-1.3573287973107409,-0.8972353230811403,-0.03315066802366322,-1.1922358844067071,0.3725939096209598,-0.9070219774957049,-0.9446247268325976,-0.22365665601555984,-0.19665610418287627,-0.2628722779808466,1.3938101736441508,1.3707222228276903,0.6690312747235494,0.06095647675053839,1.6973451229875474,0.2964659087565099,1.14476861103758,-0.15657402101501347,-0.5160373389555429,2.0386861168690427,-0.22807898435068874,0.5589817356840691,0.8414380831835996,-0.8663342991535588,0.6710347440239668,-0.8823380920766973,-0.12725999605705193,1.1690413833494533,0.9454769029797528,1.649576271145289,1.0828329597869168,-1.1460577559046707,-0.3530498069613364,-0.8008376066360268,-0.5879015923641118,-1.7395243291854623,-0.2547885126062105,-0.32272234225864993,-1.089918932817297,1.5272563778703343,-0.9242696063939544,-0.553677268879763,-0.2882961451780535,-1.2277820395444865,0.580664958042771,0.6531086272155446,0.4825049841521469,-2.2618696289675735,0.9188999344593424,-2.0984841043780693,0.0,1
0.061484262153840376,-2.2163773882374245,-1.1774511192559989,0.5900045337549014,0.12317454290675513,-0.8389898956205087,0.05873698732994447,0.7258403475115193,0.5603360177248911,-1.7351892869763386,0.7658121095112732,0.4584916099338414,-0.2734278236082561,-0.09535559881072914,-0.3343301409376265,1.2261931615971198,-1.7432163344946283,0.2741827860503748,2.0327576631284425,0.3625290907906472,1.235218724255492,-1.811451992335433,0.010399152586734474,-0.3904940938283998,0.2111936560877353,-0.6841794722179089,0.9539576953321188,1.1976278260791935,0.2466576543116964,1.5703395170202623,0.4499970008013812,-0.7310031374759737,-0.32874961504163885,1.4548313092429597,2.8333471326269244,1.3195931838315147,1.516706618319186,1.9438503207156403,-0.4889411145577245,-1.1852624742658708,0.312831593073834,0.4473477475557591,0.6728985752050589,-0.3728637170014081,-2.124261122932342,0.5636214902221993,0.7138806261955807,-0.18336615597632466,-0.8681580518701624,-0.8648777085517859,0.0,0
0.4457012438411645,-0.5763074867911755,-1.0449792280800079,-1.6696826335579744,-0.93307358637702,-0.8966619061912612,-0.2344070344535939,-1.805570609569074,-0.44211057666104,-1.6348504803855182,0.3594487383837779,-0.046256247084201216,-1.9058959182355253,1.2814087765323152,0.3462438826696924,0.8960539929305958,-0.08506124766512324,2.0228480103106508,-0.5421204356561348,-0.6523429010697651,-0.4723919520442604,-1.7189433700757089,-1.0127983138153562,-0.24126993213884185,0.9275066519327484,-0.08718547485280577,0.8933644875898654,-0.9946270653850308,-1.0500550494816618,-0.09134223923403106,0.3843541902857912,-0.9193228799928528,0.882520074775612,0.0025058289202802672,1.0996526140125369,-0.7494488901615854,-0.08566047525756441,-0.3664211594269197,-0.14970568282141095,-1.6300200849178896,1.2162240118171443,-1.1065584656784169,-1.0939642067766515,2.4613585487267904,0.5657059037595628,2.292802864717681,-1.1640598740109451,0.8733083005479244,-1.135334904237013,3.0113258914267385,0.0,1
-1.3008741852763517,0.4021744938858729,-1.262476170877752,-0.5561542885195867,-0.7413199542187987,0.31038642822901474,1.5311356742383033,0.5675952573077155,0.4811431678227132,-0.032590805899580515,1.3850954275862837,-1.0196143780527742,0.5226138618275333,1.2782525107437652,0.8393559385395305,0.2936803180418576,0.9330284316674596,0.6583223772632292,0.5579488969333709,1.4300284267095378,0.6292224432471122,0.8486894614600227,0.2622905284317169,-1.078238547934336,-0.07999555465949164,-0.5795165080234449,0.8601809869120931,0.13723579302696148,0.0192485522937368,0.6712701717224363,0.36031445835646025,0.3604838825413006,-0.6573394773354968,-0.2169920442433333,0.8344994393495238,0.8434116208512968,-3.4343609432024165,0.14300683667314182,-0.11465708973808204,-1.3440614331868257,1.1538702936750032,-0.07054778438310871,0.6691713681309096,-0.35005831914401003,0.07228124598677095,-1.859706791434072,0.13202669110854268,-0.8826437532026683,-0.4284199284215528,-1.1310291871077651,0.0,1
-0.3992694166721618,-1.2923830308665918,0.8885732305033506,1.09783380521001,-0.20241728176209786,0.7030246832422478,-2.6236774248815893,-0.7566462398319344,-0.8336740385051303,-0.8675354214772141,-0.31190328239077186,0.798513188312692,-0.4134269127962368,-0.008677979892209123,0.2297139104541478,-0.2410042304812489,-1.264817866791453,1.4997898870773518,-0.4125267904322222,-0.4873784458018252,0.0918583352420003,-0.4485669822927321,-0.946150108360832,-1.1736774074317224,0.6139100538060616,1.5824110468930588,-2.29171793681061,-1.223721434637003,-1.6521787647180572,-1.3900928136876691,0.5992875819896302,-1.9506109809848475,0.8551326373127077,0.9924684039267306,1.1038877082852645,0.5164261785368619,0.7061882242721267,-0.7434643712826855,0.6083620371259402,0.4132031776306305,-0.9724450238478836,0.5672888503844301,-0.28569244687764705,0.9917470644678908,-1.0590172300986365,-0.3066240737130251,0.8768125049145891,2.0055157458166533,0.6015751906032941,0.3084944305615194,0.0,0
-0.22830254213360596,0.3818831716277412,-1.4239640255975712,2.3483915101753485,0.9749946619351888,0.12221253011798702,-0.6316403360705215,-0.9251879150925374,0.4718048730369903,-0.05012529360812824,-0.4598806656620169,-0.8043067916403807,-0.9335923775467199,0.2345693140988809,-1.0663716659627522,2.1734368257221544,-1.5748447558248817,0.4252891586305244,0.05630856325745534,0.5814692934010733,0.12793374853802747,-0.7720255341116831,1.5499341580127477,0.39739235055084576,-2.101712300195123,0.04066284169321873,-0.18458620072308887,-0.02309781607440964,-0.4464244940453055,0.5527840823520517,-0.3150655953309979,0.4263794654000677,-1.1351877683557614,-0.3400823916145663,0.5221047068677072,-0.5743672718407161,1.328071377040509,-0.2279989747162101,-0.002291115099939925,-0.05799156552142724,-1.91443118115786,-1.7462649976440652,0.5009034818645144,0.3018824704696153,-0.3498835450771196,-1.5612804978777837,0.9471916304206603,-0.23433771246955495,-0.7288986492401912,-1.4580990591232244,0.0,0
-0.5004865155941516,0.04081295225637281,0.7232455251388435,-0.7749498152985189,1.4006809383197136,1.0290198677156892,0.04953033960815243,1.2808415018585453,-0.28193617567341084,0.030752864635139213,-1.4977278893900392,2.7339101683911693,-0.04266028042188443,-0.2631126825721439,2.526508487070112,1.3156222672765259,-0.16279116769634444,-0.7782734240820741,1.5920280874517032,2.56832166311045,-0.028881809096321244,-0.12312763981076368,1.0023764209702888,-1.9051866229478516,-0.4615872991403877,1.1818530392973448,-0.6948768201399967,1.2776575745362009,-0.2268374873249928,1.2881999457381834,1.5466710110221595,1.9251856228577733,0.10916613992332068,-0.19986717688241706,0.996963416282404,0.2270389454464196,0.3840996761558745,-0.3313571979444457,0.611918133973313,-0.6670318780087713,-0.7172648931419896,1.0408402126651608,-1.1138492393410908,-0.38524816446929816,0.09921401132896318,1.278314859155626,-0.3005566285016639,-0.13054557368038255,0.4738160213844492,-0.24530612528806855,0.0,1
1.278571444218791,-0.012800116483477595,-0.5859467763962335,2.2880807814250157,1.0176549559721704,1.321594662716513,-0.8363126411673083,-0.33140672370642016,0.02360288252528003,-1.1717929007880472,0.3567109173972807,-2.07605018379334,-0.5245825659955441,0.2165514389599993,-0.014213582072493526,0.07552780912082079,0.5856650624252598,-1.7894996366442295,0.3171408145635283,-0.2691911113467049,-0.1568009583488357,-1.263739932809109,1.4339917707526917,-1.049817146841976,0.2856311666911138,0.8134013003315324,1.8667422038364947,-1.0096102898227377,0.5015175314912912,0.14992252404141038,-0.8861325010603014,-0.13712587133570994,-0.7473771109260332,-0.12312606103190392,-0.06409163913693798,0.6211165770127604,-0.6965836547329605,0.11795182020859325,1.5157646802831841,-0.3984292033418184,0.2938556673821077,-0.8153333886493908,-0.455141394660116,-0.21453461225250212,-0.2348176374880836,-0.003095552263339779,-0.021563984809832147,-0.5317348321882311,-0.3221616271430608,0.07685576368594751,0.0,1
-1.0556518909233674,-0.026461117000173846,2.4212622276790117,-0.13274259060966415,-0.5655789015610239,2.0462396660607047,0.8998953289564456,-0.8014099064845909,-0.8953959747165985,0.5123766974095875,0.5407626085931092,-1.374102743855021,-0.3920412544615969,-1.617348158575539,-1.076556667347493,-1.197061410449185,-0.8845064649195588,0.04478788652449157,0.05374652180441763,-1.5543048323903177,0.596360171494449,-0.022723936402473482,-0.4517910933767885,-0.9620170686705796,0.5642545741281586,0.3383576969439119,1.8562731749312933,-0.2297817492704206,-0.6034508405740391,-0.7317394665845655,1.2559023591690281,-0.6870427709147886,-0.2793310531614014,0.06772642525142475,0.4109001773562457,-0.7349381996627758,-1.7910924494815108,0.6772994478148812,-0.05225298217501125,-0.3223502820012693,0.4842339098796643,0.028736224415064526,-0.34999101995643456,-2.0297709312186325,0.6988269061804392,0.2992459962979899,-1.026200946268141,-0.4793870591119253,0.38296290336670297,1.52567519338198,0.0,0
-0.6517640919378579,0.5578913419138771,-1.0838372606643256,0.5942306931765003,-0.8340235532422559,1.6435362561901583,0.8722531004848245,-0.4649494326958852,0.3300763873547705,0.16271103580102989,-0.8194643121857673,1.3119701387128082,0.9395803400317524,-1.8934191402625558,1.7349498636860168,-0.6131185632237096,-1.1530146676659352,0.9901318783141482,-0.6105486099548231,0.9940232593042152,0.3998680036476106,-1.4721449269260083,0.15908398936840534,-1.3716883486913218,-0.010813912433415493,-0.4555497026837884,0.6890945129605631,1.7789145125101478,0.22225971903222694,0.5031446062849981,-0.9964056535969414,-0.6505333128272571,-1.0777066874430592,1.7679599132247543,0.17778961525198275,1.5362835471195269,3.4023844538185326,-1.946478334848209,-0.7923742290852439,1.0409582185244968,0.5377095718555719,-1.0302381206177509,-0.3187802693189161,-0.037701892112896485,0.6145966548052432,0.13186518279780865,-0.3295565213496491,-1.9527875733927265,0.7203284149246005,0.24664086690421885,0.0,0
-1.0984400849840503,-0.1535828270102126,-1.1323570662195337,-0.01362584664912696,-1.5044129481755568,-0.5659646382277754,0.06916774952106876,0.07391183206129559,-0.8881647032593692,0.4103438396250708,-0.6190249473706658,0.7048308355066601,0.10743774021110686,1.5027207890116347,-0.3211427380909666,-1.1239224002138508,0.7904044169367346,1.2076236895505528,1.2187543435837178,-0.5431752473821956,2.504888221769133,1.815424728445978,-0.2944146970807049,0.6528679357141195,-1.9047488329332456,1.709597001370613,0.6740992084901767,0.3229588440237211,1.6320916250534736,-1.2190851233959743,1.170727244663676,0.7633510108844558,0.9432808152902388,0.30855627484139503,0.4910631951006797,-2.324170013329648,1.309584530774,1.4623022436424151,1.6152063996806882,0.7908304384341003,0.28501317659968844,-0.03352108760782643,0.6814958974444293,0.8784888211438718,-0.7960239495027418,0.14998948531732953,-1.5342782495173808,1.928286434652369,1.3716950967940178,1.7163248363222652,0.0,1
1.019310377321181,0.0009381205925437825,0.2725912600111807,2.1346591138235484,-1.4083701454481734,0.4423963001436382,-0.12753376160292682,-1.1187883265075136,1.5366240881882782,-0.8618163535294834,-2.5951110801362423,-2.1112528917714704,1.3851836227166894,-1.1366236059271335,-0.9593731968397944,1.9596447305031264,0.16550318822489676,-0.03868608166907198,0.16538173584258387,0.16225951734665514,0.8984782228937264,-0.4918623729252642,-0.8347585813903382,0.6623316751678324,-0.23079658183829144,-0.2439597769836085,-0.1769522205528364,1.2828638069200229,-1.5841332674776682,1.3836142162032858,-1.3827292772706974,1.3255904516478845,0.9225476644194884,0.15570640794968035,-1.866140239887403,-1.0842588612900106,0.7743210831115778,0.17458724365926467,-0.1749131317110709,1.032378475201005,0.08679874185367448,0.0028234453146514893,1.0306968502635665,-0.4574948914424897,0.0588629944360189,0.8153245920030978,0.4027950848729949,0.2282274918155407,1.1956915940576556,-1.5564475413215713,1.0,0
0.7612179894346992,2.2994272785864,1.9628727654438205,1.5803101832525974,-0.936117461806806,0.5127412233590058,0.43207009650609385,0.7930462367219401,0.8923813723777865,1.770652690891504,0.13827606136495882,0.7218062421821941,-0.2589776729353084,2.4261170936388265,1.4043491890114022,-2.473940807655118,-0.033330187198079536,-0.4751340011434413,-0.7652185890245926,0.051861192860057866,1.918289964858077,-0.3921343930387353,0.8440638412602793,-0.4738797663592226,0.7406217162272636,0.8958092420049406,-0.8871009703529907,1.5949275890969234,0.4595402816244761,0.35906283064290523,-0.9500128403835668,-0.3571977737853005,-1.5803836565581433,-1.6659585314721936,0.23642755737430315,0.6443966291212604,1.303628412112958,0.04771448712395898,-1.7180842335536484,1.2879657801572242,0.07085619369847362,-1.3035133802707324,1.0308814519329166,-0.11367995030699038,-0.5860037686345779,0.004549059525300336,0.9474731614944216,0.3053021750428198,0.452309472952457,-0.9283572278352066,0.0,0
1.0562843737893703,-1.2284132452990817,0.8195654449532772,1.141438311254248,1.1420550349110303,-0.2450216925579835,-0.5222147227884362,-0.2305232509453486,-1.9443506582684085,0.5041434668221941,-2.055758619582537,-1.5815882529584964,-0.03984913383311072,-0.9576608359242844,0.9297011988973874,-0.3760795692313391,-0.2670737389506489,1.5765320686752704,0.325232917457464,0.20423958008638612,-0.6003768447928938,0.14075347462002671,-0.4085691037153163,0.7967989085324123,-0.2730877815285457,-0.9110676927311656,-1.2126401023085578,0.6527667639365726,-1.6106985896976314,1.0861596864394758,0.6852314284013071,0.8674044901782734,-0.6274969057777605,-0.98863272840225,0.6924861187427782,-0.2348137407527713,-1.2845669613479602,2.951098514872471,0.6635373642565521,-0.19229606339680025,-0.16015679978391598,-0.928604129553906,-1.1544688636675329,-1.5429608934335757,0.3395183759226395,0.21861055993650716,-0.17719554452624367,1.1592029082069686,1.4741364566098056,0.2755463575373595,0.0,0
0.19410763977153345,-1.5962814424227367,-1.6055436622713697,1.4625806868030458,-0.5090756562299185,1.197682997436071,-0.3918101468479,-0.5921011127042429,0.7140743667202631,-1.0386410416934404,0.16291333918835674,-0.2679440198172206,1.0779766961144277,2.067761642579954,3.176167295354356,1.336239012687762,-0.590910143337351,-0.8662351059891702,1.3171194135964663,0.9188904606389364,1.1874900863646345,0.583105522667944,1.0118325849256429,1.5576073405324362,-2.3587827022720127,-0.8551623930236213,-0.1268630246746801,0.6863033889275849,0.7435155173302408,-0.07882815044531398,0.4937143429957396,1.3443557062814475,-1.041281413033401,-1.120797108532186,-1.7201889016755014,1.3014035141618323,-0.6862015498206391,0.3896941963395419,2.7400955798412454,1.7209714342340865,-0.3362027791705127,-1.6599850727871481,-1.4998508312524088,-0.030180593169955888,-0.8136175675814048,-0.4546200392580063,-1.7146869964861955,-0.5346413791665701,-0.8404693492894851,0.017064544406421186,0.0,1
-0.9162850420065948,-0.503218356864654,0.26907306755626714,-1.7441171122897572,0.301771427236526,-0.3573966054498447,2.902822183134525,1.9312263996657204,-1.2390282731838185,1.6338306870628825,-0.5115767113704253,0.21867944634923087,-0.005147058035615089,-0.7474395515092268,-1.3082144059524357,-1.3814370445187816,-0.9421542031849044,0.3585602597604701,-1.2255334239291866,-2.0279471017367157,-0.15362087421436488,-1.6792708381536146,1.6777118899832812,-0.35369134890493786,-0.8803971738832463,0.8310719281848363,-0.06742783220841546,-0.33645010632788064,-0.905529010979672,-0.1099993914741425,0.2873461052111201,0.5046937839772371,1.2653095616304884,1.459011113438955,-1.1759608915689883,0.4938989368046897,0.6052015277687688,-1.0144050104517597,-0.09045021009446906,0.4854784612041082,-0.8923814311117326,-0.1885508031842364,-1.523552927025426,1.0665395094594599,1.013676598954674,-1.0317263830757673,1.4173582636584237,-0.15763236587273294,0.12868409711736806,0.4283358453714077,0.0,1
-0.4698801551808114,-0.1010038065509806,-0.8812163779177505,0.5971400220588122,-1.1685519636149515,-1.0980623113236958,0.443462418874126,0.2394073833988364,0.6776166602956623,1.2521238278532278,-1.5675454567459481,1.6727823956237926,0.5278326705718269,2.4532735191114443,1.1548300410014374,-0.31014728259399893,1.148065588387867,-1.11026889191574,0.4131954810467031,-1.0095210283232765,0.8200310622003236,-1.3956687489020168,0.1722287247288411,-0.4126514086024354,-0.052227816379823516,0.1339558968870589,1.456553828931369,-0.010982527557813765,-1.3623180125500425,1.0554674464853873,-0.1672755941379344,0.6307355268606452,1.4956231505792799,-0.09779516374891044,0.21606290095645825,-1.2045399963441072,-0.81739092195491,-0.5093153504986486,-0.8854133144919151,1.7648602488032983,0.88319125042065,1.9843524539975472,-0.4832335748663405,0.33539614210114904,-0.5217720343765504,1.2409286777479769,-1.3258903673743434,-0.8104633584234692,0.4069954348127223,-2.4443297303015794,0.0,1
0.4265530872672352,0.31344966816769915,0.7058247061503059,-1.1118982050327664,0.9657129408213198,0.1819329872688629,0.6855865331458275,-0.5915433090707575,-0.8599181248028783,-0.8976236642340222,-0.2858853128780405,1.3628023072164186,0.7523192776503081,1.2929128689955465,-0.10990370245225782,0.6229473455694545,0.4630606833112954,1.0900150902074852,-2.2827020183429805,2.2447934127357385,1.2013744590868591,-0.9566673752829103,0.4672374747474774,1.6895033618813815,0.1406923035089396,0.10425878458107994,-0.7534177369074165,0.6609666759366081,0.06168411427542286,1.7442912048636003,0.8916124565943978,-1.0797959434762348,0.6660718511964089,-0.6713988522114445,0.8368321517212335,-1.225119086310041,-0.7658850338563417,-0.4107591335148808,0.2503675382927019,-0.2841849539761945,0.7325980324830762,0.4719590435231246,-2.134490440250024,-0.6504625912843834,1.1223256235511332,1.0836773417258678,0.6753398128870739,-0.29407643454805715,-0.7743709654531689,0.17965589056640674,0.0,1
0.5491149787602312,-0.8234161121180599,-0.7854684034632746,0.2799637467374666,0.6460613570541955,0.4008309014460847,-1.0263527059007629,0.9707059910541695,1.074258461376744,-0.24123649481007306,-0.4291201628838953,-1.418066393798166,1.0614250321455714,0.4704385142701698,0.7642534647703138,-0.2367997905640476,-0.7996746395208925,0.4015592221517937,0.4999322364493577,0.7391175156368509,-0.739670395602853,-0.40782478510519066,-0.4826187834459941,-1.5666994303985717,-0.3339349058834412,-0.3589157558472027,1.63855868990606,0.007892835888764405,-0.5894231709416639,1.012389367047989,-0.7923461054364994,1.0106943708212648,0.6183462874808227,1.4585886647721775,1.0301485925431388,0.7126468311286034,1.8735121767872118,-0.3508995343118419,-1.0164846345606584,0.2729520880723563,0.9022445990534216,0.00176773708492812,-0.17645757663063066,-1.1186776415412223,1.40187477135441,1.0007890581701089,-1.0154298845390552,-1.7848655798208029,-1.182707541659269,0.18990289586441966,0.0,1
-0.8142863462266591,0.4257454120261374,-1.6617198841714345,-0.6003434913585688,-0.9869866107053966,-0.6592653019981112,0.07249236404106453,-1.7354562057453689,1.04991199651852,0.814286423150389,-1.2036144979772485,0.9937432851484445,-0.4050228551566678,0.2529413614785982,1.936717372257106,-1.1327830561592438,1.0351058154245365,0.26027640876155195,-0.4236244219511544,0.4378010741169757,0.10306599396742196,0.6017958907467061,-0.9755516864275602,-2.2133461947471043,-0.5720242598678478,0.027815263465649463,0.2946069828350034,-1.3026315867667828,0.026737063700255203,-1.0813116826831783,-1.097530268689942,0.8647640893554985,0.3031801855036008,-1.9430864613392724,-0.9715130749659916,-1.1125049643771678,1.4776638420285682,-0.6415061214311019,0.11348766580615685,2.0269833927252305,0.3205018318824983,0.9601169848338532,0.9760663679624312,0.21649771053810574,-0.6514872295604347,0.1528856221971424,-0.25338151950397064,-0.7518454839626308,-1.0004315378066306,-0.5794978273909538,0.0,0
-0.07493552173430093,-1.2645751337654298,-0.2476361633181661,1.2489084163051756,-1.6729903255752543,0.9569297020293474,1.7619919720605937,0.2312442983373493,2.7618962913299407,-1.3054241155995885,1.7989029057984147,-0.3943654428167062,1.1127397283733238,-0.0735553803564105,-0.9112374315558514,-0.4434488077846701,1.6141846584651791,-0.9390332248351864,-2.5750200915586183,1.7686836862006072,1.2357703552348307,-1.4329935956150033,0.16748812104842473,-0.6169756176629807,-0.3508178441061891,-0.32184633360053194,0.5733901005006911,-1.0326855001840594,-1.4042451137420702,-1.2638722455097569,-0.7675080045591102,-1.765855068322737,1.3982609013702183,0.41078272995617576,0.3079337129340684,0.2785893880557184,-1.1336760968432202,0.926175873687926,-0.6077138182787943,-1.8385678887327424,1.3354224263381087,-0.9700680063667156,-0.04622774026645042,0.4336626573280349,1.1245341439922254,0.04133497124767914,0.24223648325088265,-0.3852933606140785,-1.7965249458601995,0.5086389656310466,0.0,0
-0.9981344264150508,-0.4760730327927968,-1.3633213580804324,-0.2056295909264532,0.330543010644861,-0.2256992077313679,-0.2951919117101146,0.7828658715356039,0.7391221199279555,2.0410944313400754,-0.8258592015619814,-0.9728792100983346,1.002189883146526,1.4256808708435769,0.05343178901613816,1.4980408061255963,0.7108705166729843,-0.718979303738146,-0.5191794555249067,-0.7845616531771763,0.6732570312981635,0.8272296575691865,-0.13667677057378172,0.44496045347034,0.6026455166578883,-0.19667825634751213,-0.11439751092325187,-1.0442318487198,0.0933578350829806,-0.6037922430048742,0.03300128982915883,0.3261247604651801,-1.3993690805258705,0.3115576996807479,-0.7822940441850147,1.6881781699513818,-1.3918908967635226,-0.5777678128560632,0.19470271517977428,-1.6170595558962475,1.911682446837912,0.042498084474941786,-0.9262626767776508,0.7254779825607726,-0.21705340581878954,0.21902860715408765,-1.6014637425819451,1.5293388727466957,-0.9781765740347536,-0.08874795357213955,0.0,1
-0.4645497450388459,-0.15234198510709804,-0.6047094374229384,-0.7118976757090192,0.4199912543049713,1.0393822718468708,1.7908419557826474,-0.9648972941850728,-0.044980815781533616,1.3369668401828032,0.3257343890312961,-0.6247867198699302,0.3914103089949981,0.7982167869545228,-0.7500258989455735,0.0015237190797931439,0.13844352849366162,-0.06148715647466,0.8221952157684427,-0.1814177479618302,-0.3857263952793593,0.21847172124702327,-2.2419437528578543,-0.9401966623122191,0.3389632769870944,1.5008024854626958,-1.7593385669349562,-0.07027864323584182,-0.3042489798062178,0.4842222405786311,0.006671823072858696,-0.6501492867008916,0.7219638150612411,-1.289836101259607,0.5232692016296817,0.3302243062014209,-1.4266278362344815,1.3027953534814531,-0.023756672333570556,-0.2357790319960031,-0.7919238396842,2.001783217124593,-1.2649075203234368,0.2499621156249572,0.2233467897590756,0.18212540713624986,0.0160744147908711,0.5381494595130819,-0.20860391131177072,0.03081790515175256,0.0,1
1.8033054023550248,1.02629808590505,-0.6031812128230022,0.7633419510246409,-0.6224378811717223,-0.6433661859659134,1.8157225033447948,0.8506751109137708,-1.018651443511967,-1.3263220642352602,0.6769603332489192,-2.3030278612443347,-0.8176703162981652,-0.05454957570973955,-0.11528347458677747,1.0611467428733865,0.6143943689250687,1.0717444791857664,2.3402154041760395,0.04869802274577785,-0.16147170701440666,-1.9327161702759408,2.7001040374945933,0.9520663521780474,0.4538204356954768,0.8261066153710414,1.0260539730964364,-0.13062069752670954,-0.2148638816312684,-1.0538848559146785,-0.34414379558378805,0.2247998646026328,-0.37242525624256495,0.5697176846830169,0.8459904873624418,-0.2121980420346602,1.029309437342416,0.5350428595342918,0.4568877965283994,-0.030588697410922218,-1.4505221619852386,-0.8473126463506212,-0.6055738941455154,0.7422296519862848,-0.39239103684064897,-1.407781868722415,1.1107986297117152,0.6792452928495251,0.7374700859009873,0.15068428855241342,0.0,0
0.692766234777932,-0.3754742682010049,1.2476823286890433,1.3989622382291629,1.0223666172161825,-1.148665445721945,0.8652869720611976,0.475869030827104,1.0254677196320596,-1.2683987316324663,0.3380157822585367,-1.613950427937184,-0.4743644182877565,-1.817314661137268,0.16225104832624312,-1.8416655448363808,0.7747315455092666,-2.389724935381014,0.48096355068785795,-1.183456514877549,-1.4076050739944457,-2.0877313632838,0.2710730961383864,-1.4567565381932952,-0.9113175777500612,-0.10418614277897936,-0.4556225964441928,1.9719043748342004,-0.7326847919295801,-0.03426378873135243,0.1236166523901618,-0.10569026629816576,0.6235957620503755,-0.6208808909002993,-0.06422668024465808,-1.2956837104444456,-0.7494702863719109,0.9009732709288522,-0.2995103127732302,1.0086875505681434,-0.21075762683179367,-1.7316980980356145,-0.5950877890050941,-1.1961767794844258,-0.1299947655022366,-1.6592697010039958,-0.6937172114798879,-1.3605053768832345,-0.6374072106669276,-0.4515838726912115,1.0,0
-0.309837668898906,-0.4021160808097773,-1.1603711599343605,-0.18820161955459674,-0.6213423030305614,0.4321412196791801,1.3538124166330698,1.4377718847134129,-0.3110965310246097,-0.07033767368943862,-0.3248366476838279,0.5880122691819559,0.20273697830300766,0.9417495905374956,-1.3749413945690332,0.12079729521776568,1.1887231297984742,0.6629729491880594,-0.17575383822252647,-0.7405171882181114,-0.5397184417805979,-0.394847621760948,-0.3970557448140425,-2.248202628303225,-1.7244962985102583,0.3348176305613659,-0.07225667526151461,1.3505170520950214,-1.156167614274846,0.7408409133104303,-0.3675565745340211,0.8367539623382335,-0.31422655132613986,0.2756036723162257,0.9105290469671552,2.070014010571457,-0.7165385886048965,-0.9889527485291776,-0.6201767400024315,0.6653888468520585,-0.6185977358194602,0.4663394081701876,-1.1400586165396152,-0.6354186168896684,-0.3964299277931229,0.8539968250752475,-0.7203969697342804,0.2359786795869816,-1.037677674099855,-1.046309911844593,0.0,0
0.9381317185744584,-0.2074042500762821,0.5095818018441682,0.8195409535512682,1.4016870002972823,-0.4908825695144976,-0.3301562022740865,-0.8405968572907978,0.5768483800478276,1.6750958514540897,-0.7195005455373835,-1.0648616043442451,0.0007948522472550103,-2.0238292680419128,0.6812881644169576,-0.13391900466029125,0.5474188348431371,0.1166285283052324,-0.7654788497642434,-1.2054283357709477,0.3554259293668332,0.9184015717566174,-0.0918205871197226,0.2398474642495969,0.4032298366226477,0.35308702802207026,1.9202858637254243,0.750898935897499,-0.720399270363598,-0.14893533460135247,-0.3969396777738018,0.732930607456554,0.6261530011434676,-1.0491797034849395,0.5993821148926602,1.3937241756529624,-0.7288442493182257,-0.3421160465977174,0.5795622132014645,0.8896876491284545,-0.17004294546897342,0.98717116364018,-0.43354508834237854,0.6203578604894291,0.9412144101312248,-0.502209918870491,0.4658787526248448,-0.7493953716462541,0.6509348493728365,2.213454120256639,0.0,1
0.8828045595549976,-0.3075087736630268,0.30827387010490226,0.039767466607790285,1.3131942195563302,-1.0182744339221603,1.1837412417849211,-2.2571726950344853,-0.5103913619227745,0.8531076953217113,1.2585435022921492,-0.7131683399554862,-0.2554450623918497,-0.5721353182725251,1.3097299612062756,-1.7321819902893612,-0.8387255437020934,0.4393221652011803,-0.6735576028894058,0.2601094503952001,-0.021701460663416227,1.2968094812238034,0.023114335146902105,-0.06825491197934097,-0.8052087828939983,-0.2372080324037725,-1.1339623586301504,-1.5461016697144108,0.4708897136908322,0.035750274571548134,-1.5896983841663146,-0.9796608972718376,-0.3519134784245087,0.16684326323140922,-0.5680429405899265,-0.7573051196636318,0.2458176700087485,0.1667451395766544,-0.962293720975832,-1.7046574231932543,1.6606645088178411,-1.2631090291232112,-0.6267625715522581,-0.37665376180420745,-0.4914008597661072,-1.6344355196682718,-0.4900787173967792,0.5299276754189941,-0.1675497796407205,1.007336420282383,0.0,0
-0.4702397078311296,-0.5702500447354738,0.5391193662056203,0.6377240843522877,-0.6787589760019116,0.6899314195252707,-0.3611218823926645,-1.58373012002118,0.990714383848072,-0.7150919307347665,0.750111655441552,-1.361096739187132,-0.94146425450742,1.6862082369293332,1.7939088777775036,0.5518527151418597,-0.8134951620832332,-1.2435767943382583,0.08244048672424431,-0.5108317102428481,0.10223523653290284,0.5589365629184452,0.3119189768359979,0.005428515672494737,-0.4484680348555867,-0.6604251501633406,0.26336470878647794,0.4783359916708256,0.23928394162829714,-0.15477899803163095,-2.091318244297089,-0.04461399935854178,-0.8164084619141787,-2.0022540640689668,1.0997414711919822,-1.1781197029841448,0.3713249005281021,0.24622256690832256,-1.6632143600797336,-0.8723071900018683,-1.0414681990832602,0.4722315843914339,-1.2711563668824368,0.08580451590379555,0.3075709048706079,-0.22506682338560052,1.1582982750134447,-0.9853974586254468,1.238353315768099,-0.7183209601293415,0.0,0
0.8355890620949163,-0.7536862203964483,-0.8298489287733846,-0.5915112093327584,-1.6223135422027326,-2.268654454602316,-0.3948675954420176,-0.44198500161878973,0.5609210420216588,0.474661006138693,0.4392173965618976,0.9133324995017852,1.4447716357755382,-0.341775330773279,1.0282893925315086,0.3865573777994004,0.8322472508168349,1.2140182040852443,-0.2666503429723509,-0.8257082984876504,-0.051431941380823736,-0.6819312708613717,-0.9103708232972354,-0.529161950628994,-0.5544489250973134,-1.1054444908855041,1.3175659289803392,0.4891501772138903,0.2520352817129431,1.140703791738129,-0.17226311677043354,0.19644007588015552,-0.0430086553625532,-0.471572692471229,0.930582858906334,-0.13538389429688416,-0.2743937572841058,0.6569931333090999,-0.01011466144186948,1.382544561333766,-1.561622592038152,0.2810755079950909,1.5367256538808929,-2.242600625238783,-1.0855959967418227,-0.6181421973530851,1.3668127612187368,0.9277512100059142,1.1062937410918745,-2.230443228664226,0.0,0
0.4647712017458607,2.265930846477048,0.9666327849817952,-0.6527788805234556,1.285946251083982,-0.8972486150305039,-1.2811783509418764,-0.051453916881887635,-0.09344834114706266,0.4589545962540342,-0.3112078251057429,-1.3995594774171027,-0.5180185160490844,-0.7124236139577029,0.7650218409158493,0.7211263263278331,0.6185254433190451,-0.6343795973825708,-0.6792806863025768,0.8091503799513379,1.255267559691138,0.6533832351703456,-0.43507509448129855,-0.8963582446800343,0.1929061535083373,-1.19793139219056,0.4308339942877121,-0.23565918937562835,-0.7424875849383521,0.1396784231688882,-0.6765553884322444,-0.4680614287527109,-0.2542462873280087,-0.7077466653792804,-0.1666797047374829,0.3752952077067621,-0.3924691340350049,0.7181026914779387,1.2685683304049664,-0.6068596229439074,0.4454113695042271,0.7298550346796749,0.3436253269839937,1.7712823445010248,-0.8244983705218756,-0.2842860578592782,0.3757540273481261,0.12426960878124953,-0.8408554754689803,-1.5629782189152959,0.0,0
-1.3430306222970234,-1.9358946396859744,0.6566128426852421,0.4030873398511485,-1.0553692621044723,-0.6861600066432937,1.0148821424978371,0.2416044930001355,0.35212132517961203,1.31082956550884,-0.2805390967028681,0.2091158616194345,1.127384529315378,1.3507812651933626,-0.8674486890547048,-1.2943684012175416,1.4720267565520806,0.6839581824725431,1.2561092109158718,0.17364733405947108,-1.1581700072147183,-0.6898048477230059,1.0887076739141208,0.4426939114064189,-1.4144555536229195,0.5828243666545952,-0.4296602058613864,0.6311814730428733,-0.5380230968365743,1.6118909038934488,-1.0055332073203664,-0.7334746589439827,-0.9659759965760628,0.11722943835901653,-0.7348633885717311,0.16852039895702395,-0.6934765822266504,0.7176580897095161,-0.1897091071388436,0.05199415730652365,-0.5583223843006497,1.0291156278709812,-0.7174312666397038,-0.020604334736713,0.4214281530959689,0.4236333157142054,-0.4133459254625572,0.14704205002737633,-0.7393310087061087,-0.7148506135879729,0.0,1
0.31932824105178004,-1.8892657576001048,-1.5958295356121155,-0.3411949697581124,-0.6966710957628753,1.192494787772421,-0.5938370334254485,-1.2919277849335369,-0.9185013880602813,0.6440580012713583,-0.4543526645519906,1.5185390914544747,0.5663077131004821,-1.262361608293718,0.16705783162097454,-0.02760919729156113,1.123815922649014,-0.466866196525794,0.4168052527958269,-0.4169474796877832,-1.12015742315107,-0.8103686444631347,-0.8513567877774536,1.29589480186215,-0.8160854315960591,0.08053874487851694,-0.8393273118637851,-0.459080539952159,-0.3555419320321775,-0.2757703773204792,-1.0258733939299454,-0.2276255777493389,-1.1034174426936838,1.075719388172926,-0.41425142429352346,-1.6290954208603858,-0.1415744588098883,0.1011833919760274,0.05290192757167018,-0.06647628359295887,0.13936939046633387,-1.9778887695120275,-1.3470238519784221,-0.7875445526536252,1.0377109367872184,0.2408748942208825,-1.3781594495772256,-0.2731247385354707,0.06298736998045247,-0.1810909970252521,0.0,1
0.21825086283784206,-0.2094721988322382,-0.010795026619568571,0.9675788182372844,-1.6514126592541902,-1.1260066367390027,1.869656210142884,-1.6691481995514492,0.6342844411042748,-0.02793329583118807,0.4727805293411309,0.3251973278943032,0.10311629704489976,0.5030770175425524,0.27122692407919663,1.6109295569175743,-0.4714242277678639,0.5579875548806998,-0.5275029167675881,1.6547298270201674,-1.7825838869539656,0.4020871774285384,-0.13137731654035306,0.4536887813823041,-0.6514683341252687,-0.27163875649269625,-0.9467322153913889,-0.5142768407636157,-0.913250037585554,2.4914898264161205,-0.6349693929845363,0.1512118878895392,-0.13672834331145725,-2.3369782176953398,-0.11877083460948833,-0.9750740782213648,-0.4836887213416449,0.5421466177374152,-1.1444803870955114,-1.4124518301672635,-0.8480051570115134,-0.10508540112442633,1.1902359725171112,-0.6470749548366219,-0.3976404348341971,1.3212311060477526,-1.4417339592090923,0.3490678134472628,-1.4694397291300971,-0.8731355969604735,1.0,1
-3.161445783094254,-0.553212649798028,-0.8090017883298435,-0.6914513681709569,-1.320950456993046,-0.5211422169514116,-0.5738473646301672,1.1247405430124866,-0.09707341828958077,-0.39287350388351866,0.8740707015174508,0.9192727495523964,-0.6828234086505246,2.5628355703366945,1.0273643524326548,0.2735008773485118,0.7520842357067625,0.4016566909937565,1.3154191165237656,-1.4477863656693706,-0.05056110252420277,0.168232284749191,-0.1116417415213258,-0.9597569529959776,1.122216335518041,-0.7907739623013671,0.6557349029631763,-0.509419051348225,-1.266265955353161,1.4007559177283877,-1.602877021156145,-0.285884846001507,0.5715638935467354,-2.183627679808431,0.4607771713289569,-0.5083485564930523,1.732438985204002,-0.08148769725419472,-2.1874663489379342,0.5366167339483746,-0.9743623729732452,0.5854992267611813,1.3952128014455472,-0.441167592858955,0.3793998132990154,-1.341805873403881,-0.5765275678856374,0.18409012620955198,-3.0505419250394747,-0.8500059163530307,0.0,1
1.3350902657521002,0.7110180222643898,1.2336880172165778,0.7208058347932988,-0.6100115379613306,-0.17294549131853473,-1.1684975304826246,-1.8980796391152528,0.014538169612223938,-2.463697955265223,-0.2794066710935787,-0.6952240619545691,1.2191976664079327,-0.07824890031668283,0.3295319854755907,0.8245651419747025,0.01669176131243596,-0.5088320152475307,-1.4332673867544696,0.917415303052555,0.4137351655959807,-0.5170112946246963,0.8648275314398491,-2.0673974174850414,1.3858624763898362,-0.5043238541466815,-0.6822480761748039,-1.5377944849265748,0.20428536657319188,-0.28401114815325884,-1.131650129894576,-0.3833862606944885,1.7107827826446658,-1.2196390326094788,0.018243542864327302,-0.602826784037739,0.1740370207806919,-2.023536502621152,0.7102129330903725,1.1286362792566242,0.4073446381007257,-0.16984841340743131,2.007790352416684,-0.9473766112021414,0.5914238152231273,-1.1579893231186025,-0.23625444956124025,-1.5883959415472386,-0.30356900628530514,-0.706418786359963,0.0,1
0.7946172361281993,-0.19436318033818006,-0.6786245027488416,-0.3232780424315047,-1.0510322250569992,-0.8350195458171653,-0.35408325403994223,1.0128619405201649,0.4091287707101391,-0.4563061068456769,-0.7743419458262362,-0.7991135125724064,-1.395268099960684,-1.5419567862241823,1.0353532992440613,-1.044396171096766,-0.5343123348417962,-0.8010567832487028,0.2274465827774849,0.22034468020650333,0.5170528349288072,-0.4017009236004423,1.6183324445556018,0.4279006815915236,0.6573085490531756,-0.7232549386185936,-0.8704744425583999,1.502803308745406,2.387163585720516,-1.7141950443376477,-0.149939315720091,0.329175862333658,-0.4753644928487102,-0.252685573978222,1.63331675281003,-0.9783652196184882,1.9091917060648207,-0.6501840039820652,0.15466454589984652,-0.3900688021637304,-0.2374578740688167,0.3449349659011925,0.11551317626634665,0.4559819503605989,1.4130081077032692,0.7946913002080821,0.6730891432629759,-2.593421942319315,-0.7603992658687136,-1.9900513539237568,1.0,1
-2.3366686127573617,-1.1511785636615264,0.3909928692199971,0.8527218815451256,-0.5345074445120358,1.0197324718666405,-0.26055000585506544,0.5118974354667853,0.14856422653128792,0.13380308024111934,0.38541759283399774,-0.3733678027948299,1.370192809486346,0.15157964802956758,-1.4511499049881027,-0.12024049277801975,-0.2562016856813679,-1.1296723411295295,-0.7174244476695695,-0.10482187844192864,-1.0255025725546965,-1.103471375531282,-0.4412224266642821,0.6085630256910982,-0.6300199806777121,0.6684458342562045,-0.4299842619206225,0.4209571354330776,0.7545402607737227,0.4418780433251711,0.20607413284653864,-0.4627137848910704,-0.4921913171789189,-0.950473871359859,0.7554778536653828,-0.3317728187248061,-0.4330520010178738,-1.8869837317979976,0.6600709138090192,-1.7204397352310248,1.7891406228251172,-1.1878335017263846,-0.04662897268605243,0.5724625788468122,-0.588179219786109,1.4741540939030064,0.3119818619878078,0.3967959397432267,3.0519065094506708,-1.2304587184741729,0.0,1
-1.0098999517050975,-1.006999277585521,-0.2812467824965897,0.7152388095704173,-0.798385821897653,-0.6235186052068361,1.3021699736437458,0.10118608938971298,-0.9729065391020618,1.3777875822198602,2.609684626807013,0.8175133482848428,0.3090754976014156,-0.724199856362929,-1.774071210778727,-0.6830928999427983,0.1982172873722176,-0.8911699864454564,-0.3678828981876384,-1.883186351495384,-0.07727302346323822,-1.8570679326570991,0.22336251528784493,-0.7679678042069623,0.2459936116285107,-1.4317905879233663,-0.7430767025675148,0.13818902963409352,0.21585627228838405,0.7827630506607494,-0.3565724101736231,0.11801492381468515,-0.4654046699324544,0.20309258038262126,0.1740722024613123,-0.22845395782152994,-0.4150568340130564,1.1647954624853336,-1.185444725472595,-0.3646631410127246,1.5991461286919215,-0.6942466491025123,-0.17928716196139932,0.2027853506215065,-0.7866824292756766,1.1476855115199032,-1.1807441501741158,-0.3087258145807525,-1.1414495765658783,0.5084735788632063,0.0,0
0.0560221146771652,0.1404511871005672,1.1363438074407797,0.6636396351950413,-0.8842513465652788,-1.1560754170690921,-1.90720711802756,-0.9491225022559628,-0.5798673560938247,0.7339026146398911,-0.8877157667222656,0.16669487761051366,0.3628496604928024,1.3658762344191775,-0.8256180877283799,0.4599180170803786,0.06084842337577261,0.0856874759146798,1.0158352930385175,0.2045013275057988,-0.2545603716632408,-1.1948372883615108,-1.046333835421877,-0.035215626603242435,0.5892279736531477,-0.07945766598571079,-0.3135072933495709,0.9964238509562502,-0.2679303675754395,0.28758638719917506,0.9115140694633986,1.6856399658201964,-0.2259195894339047,0.08444330273239059,-0.9014579606343018,-0.2445816689396977,1.2948593890101807,1.2688777714034545,-0.14661496477808295,0.7853194310550674,0.11037922562660953,-0.21499048677316024,0.7853350900625238,0.5052538089069708,1.5787918930438285,0.4766788162942114,-0.9895718727716836,-2.094902026057657,0.16475649670513354,-0.5480437189589792,1.0,1
-0.28053157506593107,0.3273600696830872,0.2855454066449569,-0.3611609858900794,1.5001095711558194,-0.9690824922737856,0.4050091907849983,-0.3912968378248525,0.8045127854220576,-0.7748997044315329,1.5220707117313492,0.8533368948771736,0.8070417731743426,0.2661003506905197,0.4599191658502,-0.3482668296286455,-0.83780794226074,-0.9695142167022902,-1.0871167706372329,1.890703342226301,-1.5376845260226553,0.7642383850621972,0.6800862354904377,-0.4762049866757518,0.3197612538624248,0.8047897854895176,-1.3046138223248354,1.898944640387324,0.23560028108672645,-0.1736003619168752,-0.22101238255224434,-0.016995342803318297,0.5057331264367896,2.014960107783858,0.8093468737545433,-0.3646717407255252,-1.2835239698009784,1.08274560098761,0.3692297081868847,-1.4123640573586278,-0.33214891258055995,0.8217268801456558,-1.589471506931192,-0.9720483797169543,-1.2928550358659647,1.4954456447457372,-0.15912790924980838,-0.3585917459032658,-1.0671881156326113,-0.4059459289283799,0.0,1
0.29926555734078186,0.3624399777379105,0.21368685367310905,-0.2764060881568394,0.8941087070050073,-0.13164521794878187,0.4808645246498911,1.6729489375793185,-1.2806185181787615,-1.445788410684809,-0.13135092217170358,0.157746555402413,0.1907252560555466,-1.3023079487086346,1.9830181703311565,-0.4139988095164728,0.8945150642282265,-1.3033380542779442,-1.0592063846218638,0.2221996992675788,1.9880686213671543,-0.019628302807577682,0.750637858356574,-1.2368948333734733,1.003263207949723,0.06654158624597281,0.5326638703433486,-1.7917924655930395,-0.8837103348928603,1.7009093624478315,0.5325241417798272,1.3828539118448764,0.049066239836216025,-1.7328759638531759,0.868612460942086,-0.8361908091287247,0.9533125624656104,0.3853004160145904,0.28806474753211725,0.22287306314514232,1.1937322875883034,-1.0005770598896266,-0.2584870750155359,0.4293725778666141,-2.0159077599606454,0.3152808264853403,2.043530970484952,0.6046782274714758,-0.27577077844502823,0.3297132810095619,0.0,1
-0.5104449577147437,-0.7032183048049128,-0.4835927090550821,0.007271591678277635,1.0290398588051006,-0.6715401614967361,1.0766367922917215,2.252498706340248,-1.3016216389588244,0.15297436564039468,0.8736104523004095,-0.3263352667584464,-0.8097526540519762,-1.6251741666075408,0.5226225345932305,-0.2892753453271736,1.5506249482403571,2.0417441273528345,0.8181066078655681,0.2049740662901173,0.5714940185066507,-0.5227309441660869,0.5506346595801325,-1.201950295800706,0.17648501275267695,-0.7232616901595784,0.5971178777150157,-0.6517464634802548,-0.5052810936180393,-0.7234920159683734,1.1797080954651271,0.14995808279816594,-0.16170235107612055,0.39252848065945,-0.4994671211774199,-0.5446967442749319,0.4148327172091567,2.177653451301338,0.0903035679684254,0.4195198585769357,1.0426215962860326,1.2387068380452493,-0.1842520650860158,-1.078664401412484,1.8844217954563185,-0.2099389585554116,0.7531654157908945,-1.5656287871705268,0.1256272150814788,-0.03838027539620601,0.0,1
0.07759439712425051,0.07008936369447408,0.19539530443170444,1.6331447821729308,-1.6155827103575902,-1.8695339903239536,-0.8693940533492901,1.2247617919259346,0.08902117090144257,1.7172640186648225,-2.3747002367009857,-0.3652866405753353,-0.8619236382658518,0.6314416868003992,1.0443186125624886,0.09938894475070052,1.8853216057584508,-0.1650784992872239,-0.6047864667874892,1.3237505172444208,0.1838436187663302,0.8075763504545442,-0.3955815581682936,-0.03613812643145415,1.3223751558584746,0.3160071691126697,1.4501030331451374,-1.9016823260055244,2.152331389398088,0.6863339768207473,-0.8222702561441031,0.6110287511595051,1.1699625070435582,-0.1965524971703562,-0.4325949318005495,-0.43931606910977533,-0.9171535363293172,-0.5564025889401837,0.18439503389358106,0.6941964803363547,-0.7217289677970781,0.07319995877568411,-0.9979286101530896,1.699632319052941,-0.26282272864585826,0.4004034164118455,0.6632897107959562,-0.7700860721977479,-0.16047745672190478,0.08716494533854426,0.0,0
-0.2310768935180585,1.1389713895812938,0.17089792648541294,-0.6313861101536588,0.5074127850982635,0.22610214463378395,0.8453648467075573,-0.2871217616392034,0.9341485270464756,-1.0338977787129535,-0.11748766971255127,-0.7855412716102474,0.7993941744426596,-2.5391340025941367,-1.1179772187446202,1.1023492974772495,1.0599626715432977,0.4188472445783716,-0.1958734548554542,2.4405935349639063,-0.3280841929253719,-0.4175418056918134,0.4936354522384855,0.19981432780119146,1.1525651363788694,-0.41858763539236027,-2.8820243966109325,-0.7070849148212948,-0.2239090719074985,-0.24478023826608855,-1.6188559485905023,0.4793473520768684,0.7382484599935166,-0.5014285176708809,1.6717907906901783,0.4764439308910722,-0.629013993718205,-0.043473719962359214,-0.3700317445314599,1.0790787781161235,-3.0923078656320238,-1.4422999197152826,0.1648337044196636,-1.508331113674085,0.4769313776545468,1.5779500579297034,-0.2391659491427229,-0.038935609732635705,0.060609814860612725,-0.3610568816881961,0.0,1
0.8022364377127752,-0.04593738449849385,-0.13763020234987908,0.5022199000649628,-1.7076797576910454,0.21135462195772148,-0.4343845426806017,-2.435657365348288,-1.0321017333718714,-1.523066482544471,-0.9310986827165018,0.10170262991083816,-0.8523984483406274,0.7380356073062172,1.4057037905505103,-0.9494415534460164,-0.10886560770761307,-0.14160269095790584,0.5596084800710653,0.2286599469064869,0.13836524274437914,1.85401682262228,0.0841134478518948,-0.4330507577171964,-1.3259776331783073,1.533585531113158,0.3966228909272452,0.32770432831171303,-0.6394758862597889,0.92733375203963,-0.4035855719035401,-0.4367386819613279,0.6774792815054932,-0.7843237456581407,0.9434686252795518,-0.584135349209183,0.05088419268248317,1.259715919611912,-0.08093241332673108,0.7941107187913955,-0.26036053621860594,0.11747861449908355,0.6400769968230188,1.3955095280989986,-0.7853829348068069,-0.8644319930925196,-2.548034682117729,0.3651587255258768,0.5553272913870629,-0.8204870647055702,0.0,1
-0.6423340174995351,-0.4474335613836445,-1.1632150382859847,-2.2087543997519368,0.6387168804655947,0.9223392340930424,1.4688026360330413,0.6357388517718167,0.3212685939592558,2.030500430522749,0.5637318996981183,-0.684238689076567,-0.7735641139913509,-0.09463131620921546,0.7985588518419648,0.6201385451278717,0.797843846226968,0.12577774207921408,2.459922379013673,-0.9174670814965428,-1.5264988230950889,1.319947979376456,-1.5681800688442866,-0.9853017379656991,-0.407188410601722,-0.8009478475040211,-1.1692078644554291,1.231870343080042,0.5922660141311362,1.3682352274262053,-0.7397593756466093,0.3718494485338765,-0.3209874216801036,0.2002705200280212,2.658405887335576,-0.0848018492908993,-0.19152108519053798,0.9943553177312668,-1.277813402285648,0.4418420411113196,-1.12922918964875,1.5363443560361818,1.1010838102721934,-0.7997896338708962,-0.7797102679045772,0.6807319650258739,0.5688452962972137,-0.7708493252183027,-0.9800672762091528,1.0283041820601022,1.0,1
0.08637930978963877,1.0766226155889178,0.1694327708788704,-0.2294794979602486,-0.4447421487035893,2.3932673524486634,-0.44972897997772904,-0.6701021452952989,-1.6919298929337954,0.6293859055333088,-1.8060084595407837,2.3407972683977776,-0.0650511433366929,0.4031322281428879,0.5778636590624485,-2.577346653924605,0.972816151193436,0.4252978604011593,-0.33586478705945305,-0.4072091308211548,-0.3954796874090358,1.0163310649447106,-0.8160558239047646,-0.7633428075744216,-0.9845655317837584,0.7710327208261623,0.2702843311905937,0.3981220020128121,0.923925864184338,0.6322963990925442,1.2645788923353762,-0.40409161253611786,1.3415464036355047,0.26342039939574363,2.363826926572414,1.1666123558796075,-2.4081466075476823,-1.2386560277905792,-1.0251300403497166,-0.08183562506176166,0.34613290494592197,0.8248100603223866,0.11857885618358276,-0.2309225115212349,-0.8273934630058305,-0.8777802989811024,-0.6408876708556682,0.7729176419638293,1.6045775752565041,-1.3505430068052362,0.0,0
0.6550240140080571,0.9243033861834188,0.3801861654392823,0.7014177089707351,-0.08514029090246436,-0.7001172468317638,-2.3182987909530555,-0.9382013598727752,0.16906215531548638,-0.5106382134664932,-0.20607087191116824,0.7722802396205715,-0.09036789586302857,-0.6500365924448187,-1.255593267969816,0.43175995900049663,-2.0637100024834956,0.6855094000065509,-0.8712320101601077,1.0225406270154396,1.3917193890016828,-0.0022087134788199127,-2.6597928141984832,1.478589282108029,-1.6991785937004704,2.0695297925189937,1.3545044372695485,1.11251656347303,-0.8662360818795904,0.5605570125428591,-0.8848579704632443,-1.176515101934332,-0.2577681307645193,0.1553321925211992,0.12962048412755006,-0.5292553471865282,0.5254892326040485,1.0647281163457043,-0.7037363918799042,0.9005026840318275,0.6064169188474898,-0.01792098901569381,-0.577394613197653,-0.5458383078571367,-0.3065268017155336,-0.5465662634778347,-1.316981981707946,0.43061488924755614,-0.7403318392394158,0.09456765387105226,1.0,1
-0.7051417436741881,1.195083017633107,2.3053896119421733,1.8414605170989389,-1.7796517279880375,2.7277915963802113,-0.3841408409835411,0.8823191356920463,-1.1670784944710917,-0.18975178051370056,1.1165104716746486,-0.06977158978095782,0.8509720665738518,-0.056156645504235374,0.021992478679708556,-2.16006721908093,-0.4160623312071538,0.27599080803041304,-0.94013152001425,-0.5876915268895451,-1.1816585220747309,0.014243793624864309,2.001525865204289,0.2396653953564393,-1.581737817977127,0.4205493949640341,0.3492272185638653,-0.1957990494351476,0.16826856956633404,-0.5165572864509491,0.18039685851184287,-0.4972964582416223,0.2727935870929315,0.7957418902710496,0.4252940721435059,-1.2037853455785397,-0.05038350518999121,-0.8559955641990559,-2.1155507347280054,2.433493536033586,0.8062663428008221,1.5418149000105763,-0.2379034958624729,1.0479257781391722,1.5660365696379157,-0.3258430139209647,0.8609923910817603,-0.04431093642024108,-0.2485302204231807,-1.5346569259785616,0.0,1
2.6198105105104594,1.5266631844340903,-0.175631262960292,-0.7296103628675606,0.6004552764855358,-0.07034039712498287,0.6235105481651848,-0.5889411601415493,-0.4721922949686954,0.7522007969364893,0.9932284382513716,-0.30790451375533795,0.003282486304815648,-0.8967618066776257,0.00665856974978735,-1.3146083996766191,1.973876493692153,-0.9007728431158308,-2.2776305486248987,0.0268493156968882,0.1390812823611691,0.6657030730577459,0.8179401347022883,-0.25109199583973274,0.9706600444561942,-0.023924843043359574,-2.350343997851503,0.09744756105930667,-0.1828339038948467,1.5440128764908971,-0.3481090604399823,1.7975860999964481,0.08949916374349665,1.2324127751155265,-0.9154422602882712,-0.6304422689269152,-0.16046699636673226,-1.7690294831158222,-0.14606693584440927,0.4751191339347419,0.1132315213852309,-0.3024584467657324,-0.2666385345894645,0.3524995879048972,-0.3916583125061318,-0.8045251350527084,0.3048783634374912,-0.28467575139120577,-0.03560683883744231,0.12882258210374398,0.0,1
1.6460238468450088,-1.4781934446514302,0.4450330515582149,-1.002227101178339,-0.5028909422804607,1.6896448522508771,0.0076866706670498984,-0.18199723295148426,1.2884196468893463,-0.1298322268535661,1.7970001329708594,-0.3271507115960592,0.4987766906755782,1.4822506903264463,0.20471511020322625,-0.2091505444579781,-2.1155240536453217,-0.08711340444216056,-1.2708124965946603,-0.4957251385965138,-0.9306186750912434,-1.5173608237802163,0.5015011404410861,-1.3835267777959512,1.4690618330477268,-1.4073151395681731,-0.7956450008387368,0.5935055977670575,1.1419835143830157,1.3945161411261089,1.251427311581384,1.4636383727611029,1.3233893339312868,-0.9533951256603675,0.1461071820227676,0.20714368504710676,-1.431168788904463,1.3377854493569348,1.1097827446750503,-0.4805590498021708,1.911070592540488,0.2902480077105646,0.6758598494702606,-0.422926809452686,-1.3957851556931424,-1.172124185378684,0.8572492814366431,-0.15365317229800454,2.5620907591377002,-0.8102521059326491,1.0,1
-0.8440458217892276,0.0314852243960124,-0.3028162293363872,2.0597804934346646,-0.07977723990079233,0.4167487013729692,0.4732759450345947,0.3633546732063496,-1.73813887144004,-0.8158687405768509,-2.1730957964534183,-0.5568996950140103,-0.2578336537897647,0.032167697046581976,0.13690797326677226,1.3566670848106903,0.3346524469318499,0.0626927135573915,2.1558278668841315,0.052990703305075715,-0.8139470596980304,-0.7419205281577216,0.5384903885852722,-0.06469202177893144,1.1408980488750058,-0.06018651566191779,-0.822801023949261,-0.16767599563180696,0.26311876292331665,0.3850866604231497,4.174776992258893,-1.8555789236079296,0.04089223419400225,-1.3911657217671698,-0.35562740573093865,1.4696002389115292,0.10041713372267852,0.31516230864070194,-1.8073564276725955,-0.0380762766200609,1.553153523404475,0.10540305483299403,-1.5380542820302179,-1.094190571588183,-0.7379962870034593,-0.7969498203053111,0.7215064568840448,0.8530805883421512,-1.4219625893136685,-0.16205614755837144,0.0,1
1.6882299181862008,-1.788877046813056,-0.4622025890543532,-1.3700423331626952,1.9780059930645848,0.15641961581419173,0.4828507496015318,0.8916317856257284,0.09204932200740493,0.20876696583760454,-0.08203394861493939,-0.7771900637948479,0.2358709172512908,1.829260364674268,1.0587024888045888,2.1519604929346348,-1.7900172429683032,0.5647757052784815,1.0205409496750195,-0.14843398167174032,-1.2191591064375265,2.5278985696138645,-0.9016657415966324,-1.857498982290149,0.25230109174630866,0.9358821208237484,-0.3603161622043879,-0.9102746833164768,-1.3551132829139758,-1.0679706183069846,1.291618348252373,-0.8787969257103522,0.22040446500109198,-0.3682601973514219,-1.331415575486979,-0.4091485373460783,1.1541342842362323,0.9200027947507416,1.2861199376324988,-0.4257314322074331,0.15854946396461553,0.3996748049674652,-0.4680262558091043,-0.13699327975022346,-0.10220775850867983,-0.7392192065790902,1.1268457490337291,-1.327455624924858,-1.6577030700715714,1.7363253350944792,0.0,0
-0.07236400809492245,-0.4441882869902236,0.03141171396135745,-0.02605301853484038,-0.6881037237690026,-1.019739774543261,-0.0936898692994135,-0.3371481002946167,1.4127392515483528,0.11861404207098705,-0.8917566826040855,2.07760615695992,1.1275694445168831,0.7426295365987808,-1.60952779809874,1.5342548807827503,-1.4224784574592553,-0.004366893790597632,-0.4926460837122328,-0.5401457820895025,0.3427778776200047,-0.4255567426805612,-0.4297969527614252,0.16023826092670498,-1.173394206650732,2.1888871680999844,-0.6576169885156746,0.054918377349134094,0.1139113552216127,0.03235095180486565,1.6397380398575727,-0.1492162527909468,-0.5796309477352868,0.9414497244353832,1.5520745008225805,-0.6043345527482289,0.1239083570315129,-0.4299716627634634,0.9348875123613086,-1.0118962024729323,2.2674932933991907,0.6991807342616229,0.5655448452075748,0.4822811280329093,-1.452398674418408,0.6297342039872444,-0.6665013665813545,1.1722153981745504,1.0216828015945365,-0.1321864003803791,1.0,1
-0.3953938333824124,-0.5904516755675657,-2.14624259756065,0.7748191777889163,-0.3699290277758074,-0.6578271514217863,1.5095798746670763,1.1137663245956455,-0.014602964057903576,-1.2372676193293015,1.0692185375601098,-0.08738131595079665,0.4929323516752558,0.8769147843699548,-0.2936168492133584,-1.0921851000776372,-1.0269493052868648,-1.5349216000048145,-0.9025618589314708,-0.604237666846951,-1.2850249088143273,0.6775953878946214,0.2688276312967477,1.209867247194364,0.6868616369222739,-0.2521543376721088,0.06333554917488424,0.3037848979159547,-0.07066766154838908,-0.07220083154652103,-0.5188706192782159,1.2669962745281975,-1.3209182256510683,1.727331063375965,-1.5675264613695268,0.33306189871640063,-1.102662177071625,-1.331375227332415,-0.4072321775840901,-2.254217124023683,0.5754909312730134,-0.049163043706368585,-0.31654462358806,-2.146991322170104,-0.26363752763017323,-1.1839163407291748,0.6059596125798042,2.3577133926111324,0.6436133671731986,0.4220843934973798,0.0,1
-1.3844655270261017,1.3712663012332031,0.5082990445742787,1.074683502261919,0.2959535383409113,1.6299017988103572,0.7472910404873981,0.4111428158852841,-0.40885834893724937,-1.1611773617090604,-0.0971836535477062,-0.6655767865448707,0.8473408229776651,-1.4290649179920232,-0.4527259068505034,-0.4625604847914536,0.4010088864544023,0.13446289819104545,1.028840588038436,2.728330756696089,-1.9545985009675717,-0.4578346849304465,-1.485689248895917,0.2474555981172768,0.15529713047973467,0.5449617307196282,1.738172686318905,0.5728840271753984,-1.5721209616069485,-1.5162282644226277,-0.5805459789714525,-0.8883931549565495,0.9523348075720292,-0.6977174137893487,-0.737708045188813,-1.1543775966781034,-1.3348730964538087,-1.3407572642952863,0.4628872162241677,1.9692280995908096,0.007066712558923281,1.1803602526439156,-0.10133226785044304,-0.4961717400962065,-1.2324295729331445,0.13221382678369828,0.7512977831400337,-1.250980559085444,1.921709314237397,0.7240401843327458,0.0,0
-0.4808891862545002,0.9426291922669608,1.6707279207079986,-0.3514016478961216,1.0637802871627673,-0.4125801127928125,0.022055031954627092,-1.417594600204891,-0.3451361225436407,1.9201743912412608,0.9151832825053291,-2.1476303620492083,-1.1910929362488938,0.02596260386202771,-0.4431524834363809,-0.4322173006950155,-0.09251957016331698,-0.24542801378785856,0.31176643853867275,-0.6954877627551231,-0.3543220348936013,0.3876987151335235,1.0492546346712426,-2.0782647438063635,0.5984648824669268,0.3023800078363685,0.8314722297557863,0.8183106657760576,0.5143489676316907,-0.8099129690462623,-1.1765190852138083,-0.6836206356612252,-0.6552340356723568,-0.8194999509579974,-0.05175813554057005,-0.3505440660841671,-0.4974277355923381,0.15079339988479007,0.9227979959789152,1.1283719620875357,-1.0168398233443663,1.2876266683433442,-0.31526832831002016,-0.13003263838802226,0.14129197054405435,-1.0669633493423687,0.14635867500262234,-0.4388612205634761,0.6626059648446525,-0.05068284065743252,0.0,1
0.922560056485342,0.30048136316212964,-0.871997355565294,0.8337391909573151,-0.10062485131459817,0.020742205841924884,0.3658687671567085,1.13373776292454,-0.4470277367170016,2.9857968203150533,-0.2691262319651087,0.688826287555467,-1.981625022510044,-0.4516499152376204,0.3627470579676769,-0.19232272034968076,0.7414038807591308,1.5167443848531303,-1.3831273844399312,-2.207878961562737,0.1780117758511106,0.2778203324706767,1.8292315573020517,1.97526115626364,0.4292834294654357,0.005617247317472396,0.158646542876273,-0.042637539814567214,0.4178839829507937,0.057486928219334474,1.9989917068356493,-0.7764836155132754,-0.4308466994898231,0.4935704832590965,-1.5079039923734416,1.5042215257277158,-0.1153225573024899,0.20941507194899933,-0.5057841696184268,-0.4350522806578349,0.18562430513853986,-0.8360420056233675,0.9813926611917424,0.3716673897557794,0.6427878942837968,-1.3024084448292952,0.08998354300571937,1.1078753933011367,0.9723025985061752,-0.10141523888025708,1.0,0
0.7333199233987403,-1.4511066799846217,0.6163516316634511,-0.09195608253189858,0.7618472330158058,-0.756073711143907,-0.2304573707771795,0.4875696831375125,0.4156830320634472,-0.9966920045191591,0.8673898346256548,-1.3702385581504246,0.428336505741416,3.0473421692786116,0.2219434179214184,0.2164927143855118,1.063757303116395,-0.5995616127924631,-0.11108286778545548,-0.33939208795956605,0.9193811221388138,1.1135535171150883,-0.4087974908205783,1.8838642676698485,-0.8914091685288774,-0.5151462666449484,0.3713002684359311,1.760149929864347,-0.2297638740354208,0.22808158011062224,0.6178602603785909,-0.9740988728400726,-0.7415034168806501,-2.0129664943394063,-0.6327743917572002,-0.5800109325292494,1.2915962983473417,1.6252198445589434,-0.5490497683715888,-0.09492296060621376,1.5032790648793206,-0.957879648019009,0.14279718960511126,-1.986846354265108,-0.5473882406300742,-0.031967410247661275,1.0737617506068236,0.14206141727312374,-0.10425560733015024,0.20394228807548825,0.0,0
-1.9975588418478525,-0.9722071219544454,-0.0603321807012011,-0.76338249338368,-0.26726074646584624,-0.14836350942875573,2.1086874612101463,0.7766316595681193,0.1724210861838043,1.5984107597006758,0.4514815539874905,-1.0799391625912846,-1.4977618210792325,1.4376410904192332,-0.3325946444259121,-0.6973119795410252,0.6343878699284106,-1.34058258888227,-0.4399070102803558,0.4905094023718016,-0.6055878914579167,0.9800235395719892,1.0174912581398563,-0.6727891385516365,1.6837726213084894,-0.3696122574838882,-0.03063041075345316,1.2494332767614498,1.5692732807951215,1.02756727043158,0.4007292984568161,0.7570198498041081,0.9333743710819588,-0.09769424579014102,1.1204588077199322,0.6424852958703566,1.534180871644412,-0.9229885155663048,0.2721060176761283,0.4110740201973197,0.07372023656453366,0.8579186636806343,1.0695832516832242,0.6819162716767059,-0.15844136182134505,1.1887038689913114,0.17877718406964369,1.0444397633533085,-0.6438023104748558,1.27284787688851,0.0,1
-0.04772840563759905,-1.8010459280971756,-0.661509242845561,1.8369753931011883,0.4753889169980435,0.7136195156820949,-0.17595216862780005,1.1844155882857301,0.7571556086071952,-0.04684183951998305,-1.2782741513891829,0.3209184588202516,-0.2461275835098659,-0.7241958381436094,0.07075831928788978,0.8571389396225959,-1.2312493360484076,-1.2055520366254733,-0.9449225359792118,0.1350349915507006,-0.4382851325556662,-1.5611251103061805,-0.24365064493730304,0.5247346537549028,0.3470451392786889,-0.43293847983045336,1.0621773286589842,-1.109401287632099,1.6857947551258061,-0.6685100196210704,0.5747400541714536,0.18077986540841048,-0.30682544386949223,0.8329132887566483,-0.09995798462410127,-0.7232777850670584,-1.084711061959298,-0.2633190944013718,-0.3880305353062912,0.028465302993387568,0.24705087012140545,1.9811031828437298,0.7891230360992058,-0.5193775852196886,1.022426208201796,0.32466233038843684,-0.8627892443580333,-0.5045285711523273,0.4156745694527554,-0.2318004018993824,0.0,0
0.7396138768775791,0.058530764785375014,-0.24666520074992665,1.655748148691882,1.1880957371145058,-0.5639197944876285,0.0577269801295713,0.8753067113076666,-1.320329473655775,-1.348764070605068,-1.2753119975227871,-1.9276749011710632,-0.3603792246299632,-0.22362010945419644,-0.047636214437705215,1.0386656148756508,-0.9607655596398056,-0.9544827311524731,-0.3793165931445321,-1.236965928924331,-0.2524655564839288,1.0424242927998992,0.0574981309141535,-0.5556243085624765,0.058469513313407676,-0.8392008226507869,-0.2467756472924979,-0.5559593128549063,1.013006760290778,-1.8105389059305272,-0.10553574686279599,0.17348679001004266,-0.11627726071588135,-0.0247538935349631,-0.8835421187084196,0.9790211153992004,-0.5481800619006643,-0.7027182354923492,0.9805617113108792,-0.7734788484524052,0.4791987779540872,-0.7618509870231662,-0.8327989102861503,-0.7436357487252498,1.58256813349426,-1.948851557485592,1.818454474371309,1.5474935204605895,-0.4445079447780902,-0.11531901420558185,0.0,0
-0.6446675110313707,0.7870380346627883,-1.0133282347842996,-0.22065047914274585,-0.8020587635886727,-0.7884210471230809,0.4323493932905289,-1.4030781063612168,1.3218227978150563,2.0612859105769896,1.7104617230937902,-1.07147836386394,0.4850571992768763,-1.75087247452171,0.3410318999911551,-0.2585293629819216,-1.1849776492227844,-1.2751106368512606,0.33727851372760026,-0.2914985924582273,0.2362721365115759,0.4062361641249502,-0.038880954509296274,1.2187437424624774,2.2206091028050725,2.582124014180781,1.1179799298502422,-1.0405002646438786,-0.9010713220772772,0.559612701569859,0.038284880257709264,0.3242584009647696,1.2577749755667136,-0.462724080392647,-0.13199542864301927,0.17150893372157364,0.702564458880682,2.2401618006946977,0.7526150047558205,-1.1265078838139897,-1.291788846484656,-0.9491561567029396,0.038635358895006605,-1.8092032465925845,-1.1878834331718566,1.1302994383103735,0.09613499977933153,-0.5260977668698317,0.925281201272728,-0.2096780071419217,0.0,0
-1.2504673630341356,-2.0029979179444406,-0.3120458267530432,0.9779938851330888,0.4053980517903215,0.3231480738935619,-0.5493000651765396,-2.7116565774882107,0.6943059737470457,-0.0214938970832206,0.9864150752392872,-0.8975743885837745,1.3250127657193165,-1.3737345686962763,-0.3863678413452017,-0.05045716717788815,-0.9482967975298644,0.2807684935412476,1.104778199810507,-1.0279589239683775,-1.167662943350811,0.888957042240452,-0.2723314184918325,-0.2720080339720353,0.10581055107336812,-0.11203644192404384,1.346206326604759,-1.5232476035845557,0.9755090176029216,0.1434243539769827,-0.9222698459684412,0.5458795776547969,-0.9564676292566696,-0.2027297032778554,1.892605961115025,0.32906832967659705,-0.5981527830525543,-0.8856419006165542,-0.0018794684161616282,-0.734874065496181,0.36950151201629705,-1.0131398485897458,0.8826052860544658,1.732452185274051,0.30353993700805904,-0.3297826129839057,0.7497297382050513,-0.8812474734382169,0.980847435121484,1.5377891634268082,0.0,0
-0.6917141407272925,0.2093877404169204,-2.87733912516227,0.31014426261638617,1.12266387748678,0.279489922349913,-1.8223557271737576,1.54145875318005,0.4052674111053221,0.018674674576641608,-0.17742546131840387,0.760287847993846,-0.3825769096446592,0.4038424191853477,-0.1483056828907532,0.3884661322788507,-0.6993152179039464,0.5040738918863982,0.9376874046616638,-1.4255257469518845,0.7062843279176173,-1.7317102145210437,0.6498958073472451,1.8005459760358464,-0.6641988058534288,0.1623864399083862,0.7310713626369959,0.3782907151467429,0.9287957015221022,1.1775088028614709,-0.3398950296140873,0.8385476516799387,-1.6206612098935476,1.5548795965382196,-0.4570655237901834,1.7089669484207928,0.16653919354334032,-0.037332548863859984,-2.259637574177917,-0.9159871553997964,-0.07139640667753044,0.10368111375045533,-1.8368970972141103,-0.5070867236170293,-0.35660247065758244,0.7092917668437795,1.0197644065946876,-0.4238777149184514,1.19918608985116,0.6242827861801704,0.0,0
0.22475230713103792,-0.9159615941514072,0.8274747635371288,0.8953736453484308,2.0307399663696284,1.2814259878894556,-1.0483011749328408,-0.22612949344453076,0.2442422036749521,1.1480186263227998,1.8413428933621283,0.7825583259586542,0.8606655061882815,0.08312441522428755,-0.8372586280130386,0.5993201882128331,1.5598770207375532,-1.2532208432482352,2.1266554793148265,-0.5586428379171757,1.4830773528911272,-1.272842261794617,-0.062431136544980365,0.380041459726338,0.5639469938954209,-0.4331971102862219,0.6564891630329304,-1.1326816017885273,-0.09835331862163754,-1.68199735378887,0.7176892974507845,0.6259593499847386,-0.14212090010645054,-0.6050488598727222,1.2556573841478544,0.4994419441283254,0.7470105429264124,0.6610211994664039,0.2487283519201532,-0.11112156002501576,-1.1442426048637169,-0.5598463962231154,0.9885213064433102,-2.38491011897579,0.18607899007984235,0.8618493792018613,0.4208210634504401,-0.7441545222218531,1.0035369985492142,-0.011432159257569513,0.0,0
-0.8617723513281259,-0.7360792474764416,-1.4190716201908509,0.3861322896061202,-0.6174312671042971,-1.9492500613510195,-1.9729002584897488,1.2332079718630622,1.4180358606572676,1.495322551412304,0.8328834330696758,-0.24327758577455216,-0.22158926867372708,-1.7300754876680633,0.5497969679250321,0.3932162286569416,0.7215955841013125,-0.8427451188996941,0.5994244958660667,0.16797757706082442,-0.945360678200529,0.20552859776235927,1.033806552219736,0.5813463869316323,-2.52465213424344,-0.7271199170738899,-0.2579536860210053,-0.8017077945880262,1.2386965064833713,0.9655518558360096,-0.2615128949943972,-0.8208151689516534,-0.9992798969550042,0.08191014491381568,0.6370522984725001,-1.0519316782089012,0.3034705245098848,0.08043968088390865,-0.6657804148401179,1.0095764303039445,0.569201272402061,-1.6679567836144675,-1.3636131919480636,-0.11891161234734507,-0.446626177406306,0.9325277335825336,0.7088940283877762,-0.30741496815915464,0.7315858346509905,0.07479425212273337,1.0,1
1.7837708991099932,-1.169879349012389,0.6979962870067961,1.4039342634013303,0.997846023374534,1.1652123147237752,0.2216784262930424,-1.1018147865456234,-0.081350714816668,1.0001894897453554,-0.9002188956546948,0.4434531419909369,-0.5772589411910172,-0.07682595738712109,0.7715029752700193,0.59787158320097,-0.0007590024174231921,1.307744687160969,0.7401376345830363,-0.43944517123539706,-0.260589326435625,2.1001207847468235,-1.4344248971557116,0.0042994508081882045,1.5078840960474618,-0.8308936334525485,1.2671478972271282,-0.1913556261336643,0.6326992320554383,-1.0493065069659635,-0.4653340661320888,0.32841597856780025,0.3901798197366457,0.8072900137812209,0.5344085757510962,-1.1830859860611203,0.4568801958977464,-1.3985314505910893,-1.1195536402266273,-0.7943534557361231,-0.5356348205838594,1.3240865987556905,-0.6987117446079358,2.2490484624321136,-2.148007291990784,-0.5157416997942673,-1.0806778677058246,-0.8549462006558963,-0.9356634151669324,1.030643557596968,0.0,1
-0.4866883562299936,1.0494283437536058,0.4845467005635054,-0.1760596347507255,0.6271355415863309,-0.2017498110820473,1.4087141181484355,0.12657318080865934,1.990327446890646,0.5235310869321761,0.26709939226183577,1.1953605069939903,-0.022308323601394054,-1.8665198633253632,0.7826595333568018,0.08164636505821625,-1.0433738578327192,-1.1857986206756483,-0.3995877529320416,-0.33919838273250297,-0.913065825175371,-0.5162868358355285,-0.9092207277980624,-0.0090483669295313,0.06055899695915015,0.15881240209797884,1.9033052895110916,0.535049857594736,-0.9336743019603982,2.6319083923082998,1.9532657491867595,0.3959222294235067,-0.4106041767190907,-0.7355361437798298,0.33836213783983565,0.2630542473592465,1.7088178907218337,0.0988286813323047,-1.131465682667319,-1.0288021693140676,1.3916820241679189,-0.3421286253993672,-0.0236050577340279,1.2196878360131116,-2.1476435763881314,1.9783749400447956,0.1413028571456003,-0.22315748009902725,0.11960832072146782,-0.8973692684341906,0.0,1
-1.1410727910071172,-1.0046551764887703,1.0285522016708502,1.2266931706450088,0.6110368060449917,0.5856917426664388,-0.2476953618771311,0.7129676681460085,0.6615725284917712,-0.04411983149910155,-0.20539553412330608,-0.08038572021641535,1.7769405185524878,1.0840935798628353,0.1613687204346339,0.011768800262890221,-0.5985971532126021,-1.3185525209268356,-1.2351585525277202,0.3146554053374216,-0.13638968047783329,1.1404962308645612,-0.6147248096455279,0.9577685770468348,-0.1393521451983192,0.3297862595746815,-1.3363807887477108,0.1994323992833191,0.1747921456318543,1.1564335985559602,0.9312028205083686,-0.2951159692737074,-1.1444346624181088,-0.04519738111965136,-0.779223963040612,-0.4190351838470156,0.4827023406535153,0.6142459811096966,2.679467060179291,0.8889288572506374,0.9799220815126312,-0.20283532064946902,1.1760478265362289,-1.5157787570833137,-0.6223669253737981,0.7732868029841974,1.1870186243500946,-0.2965292684557424,1.360530261086877,-0.32031538296088297,0.0,0
0.4676578158248416,-0.6805514214431468,0.33833920800260875,-0.7828814849144774,-0.22363335839174406,-0.4498711186988148,-0.9758765041049582,-0.7775341181359562,-1.9626908587422511,0.8360486604019128,0.5129105359032484,0.10731983873637373,-1.9736593187663585,1.67815167342978,0.909868116529913,-0.10367694871906807,0.5246805386142418,1.5678715671359078,-0.06005082016312158,-2.008352155211097,-0.3679865456584319,0.2842436770375691,-0.10470138365427807,0.9987591665209352,-1.1723371950659962,0.19871984064851933,-1.2104023333958571,-0.7271707846982469,1.810875497549568,1.0300144481602271,1.4724742194858258,1.7403554136518005,0.4026843185741356,0.3626901405312148,0.5732911138713543,-0.5344698466627513,-1.208256586520029,0.3300058316298192,1.6626346279735371,-0.5953742170773366,-0.041360363544580836,0.041242479368756864,-0.7228571259860768,-0.6386526883575118,1.0479878374889282,1.7079863890287421,-1.0269765996173084,-1.5213711695200005,-1.8886812754559,-0.9255610767722572,0.0,1
-0.143995148717347,0.5978446166943923,0.21961793373589655,-1.0050990809147051,-0.39378204403914707,1.4735044353405222,0.426165613824391,-0.030895557628249627,0.6179661695316899,0.03143642718464508,-1.1209771671389144,-1.041203845377351,-2.2337321901897225,0.7059622820764324,0.023382771299280368,-0.3788901051789968,0.4737852756533818,-1.7676001731147029,1.7114280800890398,-0.08839920036722036,-0.4734719053896816,-0.7774083483340087,-0.5289076417249167,-0.707255221005592,-0.8142689523001528,-0.5971048546620258,-0.7550901563358701,-1.245105609572872,0.5704924772194189,0.8686355090196337,-2.720356823524838,0.6373342169725449,0.4379821916922497,0.4113596093711408,1.1097731938600224,-1.0369320051097988,-1.3478279290546251,0.3626182691477378,1.4141572001401908,0.10301776020932543,-0.9952349310962286,-0.9222825630431064,1.3132163278307976,-0.0333106639442954,0.06498298772140176,0.5510103942151474,0.4943049780610446,-0.4809062831160712,1.7763753294343203,0.0037068641495337593,0.0,0
-1.7193745162628855,0.2458958236209032,-1.0359053517471235,0.6425038261654857,0.7743649518183198,-0.4943135364589353,-0.1365162741646734,-0.927340561406218,-0.258420774258107,-1.0776772904638832,0.5489024482511057,0.8149266156829544,1.0825612919609997,-0.020893406986824563,0.40171184375644775,1.0333313513623232,-0.560737712928861,1.6903864051850594,0.32741037732305245,-2.1433241618211367,-0.5163825932302399,-0.8305795471302653,0.8490244797656318,-0.7678932730051732,0.17417933320673476,0.9407798164192792,-0.8807065402034766,-0.5959292835402928,0.8831836448687536,0.13384240121021912,0.4499366855838355,-1.2630354506486945,-0.3892416610939208,-1.2903828800664752,1.1317788298877631,0.6650031003372688,0.20834091201913665,0.7976449522225056,-0.0932123035992523,0.5421915055149314,1.6788206317688577,1.4711359498455487,0.3872255822006149,2.2542424894575968,-0.8855747418747622,-1.2687677411920313,-1.3507986271054506,-0.40377457333883227,1.2159047363898001,-0.8060428711481572,0.0,1
1.7325019157641972,-1.1299867358258464,-0.1461298764017947,-1.1162370824979764,0.09338022233196472,-0.9211183544117072,-1.1077818948406188,-1.0508552862234692,-0.6240396176375341,-0.7489884226133892,-2.0391474507868024,1.7503791819667949,1.1283671873905894,-0.9454754395671356,-0.8651175489783139,0.8894678099237533,-0.0242220870535894,0.1567026340377447,-0.26439616324407195,-0.9816241480222644,-0.6417886721307792,-0.8736836028744833,-0.6305775012507412,-0.9949007686628372,-0.3663695415862796,0.5672824173130402,-2.583249943825828,0.3805332429363961,0.425519230877797,1.172047041112186,1.1214868766153263,-0.4522956499338252,-0.28233647686399754,0.6963365652848311,-2.089379306835193,-0.7143781563255228,-2.0988405857863115,0.2293824598852713,-0.6847135103404142,1.8623254069572768,0.7056107921967393,0.7847717273151822,0.03638773270276772,-0.6088102636931221,0.4407518684151712,0.3715312233359657,0.0721919570741181,-1.1420936557771388,-1.8637630077062728,-0.5290347702090931,0.0,0
0.4352415086074707,0.5719834991286026,0.13638161396046544,-1.6990851439321293,0.6969200344303909,-1.516369394509382,-1.2712584070944046,0.22006694752597208,0.626646671985688,2.0465733845510807,0.623869248898408,3.2044789299665664,-1.2404273550406433,0.3935355062324346,1.2090772859652883,-1.126647507913774,-1.5812521722278297,0.7885219681794341,0.19696196938415092,-0.35533207899283925,0.4834385223550576,-0.25413530680377633,-0.2839229490723589,0.26377657051274866,-0.3193044231629356,-0.9215436547275332,1.1940606403725946,-0.6956965778223826,0.2591759014938987,1.2052274332593684,-0.7052261455740904,0.8330741449980636,-3.0675929797536883,0.4114063083997909,-0.9230963791765044,0.16161093027707435,-0.4830525451301028,1.975455811973084,-1.0807588920076032,0.06622618885127828,0.4265612297288376,1.1672479585317417,-1.1587446552526417,1.247692166823565,0.8747237121089529,1.658809661591372,0.7834211244244985,-0.3592516722422159,1.8363450348794512,0.8650394325048254,1.0,1
0.3726724423991344,-0.7159686958212049,0.3812990669694813,-1.5208843875030889,-1.029462412626439,0.5383222773081471,1.1651690684612577,1.0252849744477688,-0.052100969986222684,1.3526819581209242,1.0975471010633857,0.15371803076877336,1.6342960815735748,-0.4116322543940553,0.4721318547429887,-0.08913166878272884,1.4646282655347809,-0.575981188999932,1.795643125852387,-0.16656912111760647,-1.4376278253232366,-0.4841917324515462,-0.6581944457135611,0.6682293061932948,0.969744922618661,-0.6999615081034478,1.3245468255198103,-0.2684171721360453,-0.99965746460561,1.3012250530888378,0.4449367209766011,-0.8354583629751429,2.3842412292884174,0.41507846010875904,-0.21113917074088487,-0.011306772046005864,0.15412151959064174,-1.1651306881636934,-0.9883766101468212,-1.2119365918398841,0.026534300275007024,-0.4684941936677919,0.09353328726207732,-1.7010655611909418,0.006418514588190303,0.5747658971111604,-1.1331905893540055,1.7147511013769976,-0.6980863271945943,-2.274801620389336,1.0,0
1.4067482148815438,0.027076652810998237,-1.8957669868004867,-0.6909656685763729,0.4534226636534181,1.6096798858955268,1.0265743008201944,-0.443622723395348,-0.6823585069961075,-0.021587550450963236,1.2902308772004742,-0.9533422145956524,1.6824301541397744,0.5024869030168166,1.8244978381489616,-0.2460428746867021,0.7549396101650803,-1.1266283761919271,0.3373961254843074,-1.480675874263472,-0.4967912265953049,0.6291201075114765,0.309808959427484,-1.3503764574038473,-0.05206417952195699,-0.18083183292871066,-1.2257176503615252,-0.4651272269639039,-0.9326288313835788,0.5516781962246553,0.2620065943937259,1.0590280012588893,0.9774654429642065,0.41736868721706266,-0.08508531156330032,0.3019265612557214,0.7117064655372634,-0.1183849068263543,0.4172249595831039,-0.6570991895933791,0.025232469208626915,-0.11565250542571308,0.16371462816178692,-1.257083942231168,-2.0709170490423494,1.8418384547848468,0.254432060496829,0.7652456794477274,0.013672744356534807,-1.4824592783114836,0.0,1
-1.2985443246158694,-0.5451231187879484,0.22466556756523315,0.0867403821759472,-0.6331959563109768,0.1626886758568023,1.4810195637720835,-0.8062186586757488,-1.3688225371104856,-0.6169993730801727,0.1602438504055274,0.0824913158904188,-1.1451735250272184,-1.4296484335486146,1.9587490348010963,0.4413596309037832,0.6445117883878283,0.06412575526100446,1.4432162825395614,-0.4970850037106036,-0.2545701883030184,-0.16719194557465278,-0.4352075191297495,-0.860141005242153,-0.5367805195703774,-0.9264973433821476,-0.44073425543659867,0.5256507921747721,-0.7981349743486844,-1.2458416588959802,-1.2349025382186694,-1.1612903375855022,-1.818397652890484,1.0368172164958254,1.4131296582222967,0.9677877388088154,0.8719541518163939,-2.9528428251066474,2.271687606286773,0.5911585940697519,0.0006879537037290579,-1.8337007997642991,-1.5493403461454178,0.12013150960275895,-0.6628423990897528,1.0889450542687042,0.7658653304753182,0.3411960553287782,0.3725145181127963,-0.10133666058208288,0.0,1
0.7437931814862271,-1.5007950521139766,0.09661271435479557,-0.11820120792526832,-0.17660001361306507,-0.8439184356513629,-0.7718281476631891,-0.5616563799449539,-0.5876155237480869,-0.42316763444560856,0.3980023585759087,1.1040752762090895,0.8178474422640919,1.1966956496224488,0.3297697187818373,0.7166086121082208,0.7868461925574781,0.9195116126035398,0.8602579033718397,-0.6745078362856971,0.731240381729204,0.7573214261954349,-0.007092585521524826,-0.11263261792430562,1.954968361690761,-0.4436659640956321,-1.0823447349309665,1.4304220239665189,0.6595953609306551,-2.0441436943636986,-0.7391986971134754,0.3209281681605909,-0.14413372883890152,1.6451304232158637,0.10084074794736166,1.0726657815071496,0.6745532334134464,-0.6336095028741155,0.2248981071738388,0.5117858041945985,0.3122826481371067,-0.7830473046197584,-2.637084406191533,-0.003318317020910505,-1.0979437790393427,0.15129841927892593,1.4258144760126794,0.3834845265990804,0.471284597516173,0.4937984638593678,0.0,0
-0.32247048607733525,-1.4232555840094492,0.8268673636616396,0.33277021165689763,-0.9912174416886504,-0.33437616913372264,1.5343626419729095,-0.5467451242956168,-1.3438171685238485,-0.381734760547052,-1.4567451937085119,0.2757408984353745,-0.9663325205525204,-0.02412937734826597,-0.3645932684971869,0.2826964396708803,0.42723043163982505,0.7699645390384088,-0.8909887835818517,1.1624835153798567,-0.04447721800575518,0.28522169453932145,-0.6221043170925611,-0.3963264490964104,-0.056925098784786236,-1.0533996585819203,-0.3347409245127129,-0.13277996887750307,-0.4224919631726333,-0.19071418257112951,0.8636468428867571,-0.009993084228760662,1.2283106593312207,-0.7260360625329519,0.2369908179889052,-0.19574265878371253,1.906683485915071,-0.10725167630712132,0.09522926658782874,-0.45238456076497896,0.1638227990394138,-0.8665104521854149,-0.6359873742490505,-1.1555268614690586,0.7824131442718629,0.13525880043357486,-1.3023257931679912,0.8340146138612186,1.0982242720696629,-0.19099979457998226,0.0,0
-0.5053926582532855,0.6032114250083348,0.6076993349676464,-0.12254664504725295,0.7496594790097421,0.12827353118624893,-1.6477891578843924,0.5745951588647746,0.6474961866348372,0.6789797329208298,-0.392565601712184,0.6449097032158622,-0.2928216482870967,1.0924097220993003,-0.7978015972587419,-0.9828378438956472,-0.6597257306285715,-0.04154510183092082,0.3854092258841058,-1.1057816418461657,0.7705241690442212,0.7322346245006974,0.18329312476931747,-2.557398810608782,-0.5212445950210759,-0.1837053752037384,0.7344381509228741,-0.029169029293471836,0.7419740721973803,0.4884208610354057,0.26558311536457724,-1.8013095266551882,1.364242392667082,-0.4403004196939557,-0.3389625988918804,-1.2565448604092389,0.16151124537687112,1.306154398846916,-0.6956029626406054,-0.3069488903384957,0.8027471160306539,-0.6870813228603954,0.7058430461426101,-1.0874948067094363,0.33844143253244136,0.959050484211475,-2.284307052179341,0.15915860517427302,1.1073353010797329,1.014454754286521,0.0,1
-2.460220941251078,-0.5379389732188552,1.4290044000837625,-0.5149697181529138,2.0423342968852904,0.35378547126866083,-0.6708655965734365,-0.10404810403442112,-0.30928888798761456,-0.7317076975974823,0.42633496577426905,-0.6710255491597338,1.5951600785372155,1.3488786812030444,-0.6891119089113391,-1.377029380936441,-0.06977647793199028,1.80811146799916,0.7614568305472372,-1.547547571690176,1.6982899697309246,-0.44847079604856,0.6787838611865287,0.8408575339613048,0.0971939505659325,-1.858225945712587,0.17079854429746594,-0.9213411569704764,-0.6757908825193059,-0.4147923007162959,-1.0726744869543834,-0.06287375389817901,0.6794462433949674,2.3559247199073456,-1.1400940965248174,-0.8747609534449409,0.011343951791436723,1.5687450565580492,-1.2377464786936747,0.5759825284526927,0.2695505344806564,-0.035750290171570574,0.7572625714819724,-0.5083904543359254,2.2795302111197766,0.4530371568614476,0.3884297322159893,-0.8996605447551912,0.29010712405369704,1.476870416165106,0.0,1
-0.3674222933315207,0.1045969908235096,-0.4964664427289686,0.052487081891990583,0.2697310654615355,-0.3603396745638865,-0.4192665029127818,0.8734968537584279,0.9816775185589622,0.606835789789348,-0.4075496501589323,-0.4219920264094232,1.3230779150843606,-0.6438173804518682,2.1762626057525924,-0.5313069937579382,0.2010311351466604,2.146741519009608,0.2521283871380805,2.050279848420634,0.4275840095536723,-1.4016650911736768,0.6939426182559578,1.8131856254672485,1.1760206208862185,-0.04052305176963849,-1.0335991990649356,2.1443743851031543,1.6403948206311527,0.4434577083487653,0.2503289581103022,-1.105283131387069,-0.4876156662601863,1.2813685669478958,0.13720451487802027,-0.7455234727695924,0.4924802616675919,-0.21724821338131864,-1.4866324897188432,0.010654325112243424,0.4672636507239466,-0.9983495623406384,0.8930091966344517,0.7258766350543808,-0.9967503625476544,1.7764922326446908,-0.7070926569967171,0.4924116969600973,-1.3129829478860806,2.231300533601653,0.0,0
-0.0624798038719664,0.972158183860253,-0.5221667550332199,-1.621449346358128,0.051225552916351315,-1.2107055764910095,-1.4137044611128249,1.1957972660578835,0.7443363247654589,-0.0172031004025887,0.5062684831853165,-0.8180336131419141,-1.6165631912843588,-1.0905937091543598,1.3170355308935475,0.3962281524018133,-0.9142316116277616,0.7707488941011406,0.4601603930286222,-0.5274931654483505,0.4021490942459541,-1.2795108438632483,-1.5183125760632494,0.24465077734061305,0.7125250923082079,0.6179887044866156,0.4541849531561111,-0.6560544413594439,-1.472871069207983,0.05472214050509356,-2.235179237508353,0.3596844903559672,0.09632044877510723,0.3998283930806996,0.8153632931796024,1.4791908458451697,-1.6448290186758423,-0.016239784486394834,0.9540329895123536,-1.0237941102464472,1.5006845501603447,-1.174811500610157,1.6524290346137946,0.8355767484793972,-0.32248706598075944,-0.5442655556970021,0.6168539491189816,1.0345984093579192,-1.1176128939702616,1.4171809597990164,0.0,0
-0.4788830404266684,0.15765086175619014,1.0046772274222373,-0.15825618113769785,-0.0888924693546685,-0.5158321532896497,-0.2885837861810811,-0.8230252523420584,-1.1494035985756867,-1.140737906899044,-0.8038951930503382,0.33174825120574664,0.6408900299037384,1.5699352877361314,-0.8180301195224388,-0.5396871781131826,0.4563898986853698,-0.6445760353147238,-0.4612861156215877,0.9007333321692104,1.0688004975813434,-0.20410429747674794,0.15129970104900847,2.5474360290566294,-1.4651479306353556,-0.3904618082152818,-1.3275143515839416,-1.0377061173143145,-0.6565700046728418,-0.3433259673460701,0.6393620979726379,1.0135900387758738,-0.2028459647578085,-1.0362352002733102,-0.3501316181198848,-0.4251043020891909,-0.7713355127066833,1.2529710580086941,1.7324913418971541,1.021245517846487,-2.0257654131702645,0.6007332837040867,-0.7328752741495774,-0.18001370788866738,0.08558551339624992,-0.16607990729075595,0.6029104560886356,0.9515922597934056,0.1446238489014709,-1.8308326052436048,0.0,0
-0.16514343772293075,-1.04128061827049,-1.1630480046071834,0.031534583589398216,0.2075778336716966,-1.1823653624945278,0.31538982908454904,0.4210029427448032,0.4601684891380778,0.09454744013812344,2.2578944027754857,-2.631476041772939,-1.5397102870799508,0.02577053809563392,0.464124318379253,-0.7347531371999239,1.867315174224827,-0.16839424123869887,-0.5915564282051438,0.6143905994234937,0.9470944942891788,1.2841873668840635,-0.8739309838934551,-0.9519771388133188,-0.9816880039792036,1.6875329440260287,-0.11241899724106563,-0.5921482466027456,-0.9958870513928826,0.4794644025021466,0.17646503646991427,1.8511791025790596,-0.5327216638120581,-0.9663498832559608,0.7657285913525934,-0.26575304704439145,0.009119273474695577,2.3032439144777785,-0.08892186860277708,-0.15006233947022052,-0.9878942740111668,0.8688099587942091,0.9721217018832295,0.3075825031174427,0.5371922596723532,0.5658589365581342,-0.07483882191027295,0.2787885594089098,-0.3013771149498829,1.5301305716633762,0.0,0
0.3764964551762786,-0.08417488688631042,-1.4514335913915928,-0.2600789899393862,-1.532659355612389,0.404597012348058,0.6286758012779604,0.4684420951653585,0.28954977748033905,-0.32623836272665485,-1.114286937752832,-0.7613671821656157,0.38026908657622943,0.93661199190067,0.18407938290661624,-1.2519608721311233,0.3604188897157325,0.6644712268353152,0.4586029629657756,-0.5988269665560496,-0.3788261325143992,-0.11161173593891176,1.2471432426456328,0.11968774406048956,-0.4404828921024418,1.1826304096590752,0.8807308570031978,-1.2674274000781331,-0.5189197911994776,1.0258499553543834,0.3950135717816216,1.3127832727754212,-0.3383296226130695,1.1125766841916869,-0.6451268264446954,0.22585926048849506,-0.33802134961834224,-0.08240814947947096,1.322230358918171,-1.2892758733503311,-1.0138531704380846,0.7810155677521348,1.161195303747095,0.001175575672531407,1.1263911138479823,1.3993674752909793,-0.412283804501021,-0.24196850969558376,0.2510972689109861,-1.1318183477282897,0.0,1
0.1996830554045867,-1.0727128244197257,0.6763905121892079,0.5973055819462926,-0.8383782820327216,-0.7229436146024919,-0.804244650669148,0.2335187247955977,-0.0739658744881825,0.3482294088873411,-0.3791400997775998,0.17291516477952334,-1.108880800608612,1.2406210039870162,-1.8663910167864477,-0.588341795809859,-1.2959413409692402,0.5048275974151498,0.013494548506236704,1.5134917809663284,-1.331280159411634,-0.8273659410338571,0.4265331207666248,2.036531700705733,-2.907383636486212,-0.01957129946402584,-0.8811681552514963,-1.0513373544066889,0.6084678239330503,0.38509432566829854,1.4490519156687474,-0.956971445529292,-0.3330076454634733,0.2831742216236641,-0.1628002428726129,-0.11645499111779214,1.4269006065188643,-1.087817369795561,-0.21771897346062805,-1.4259988305706168,-2.0716788461974587,0.2273152332748495,-0.6283392473906351,-1.4914547717174151,0.19415896804800575,0.9445240257374136,-0.6504816955033288,0.13298861970767276,1.4041078897273438,-1.4680963653237635,0.0,0
1.0904183351920331,-0.7473840346535892,-0.2660757507996046,0.02595125576047759,-0.3649079918535072,0.7448365218869315,-0.9833037129527048,-1.02288247792039,-0.4008576783054634,-0.002928153124929977,-0.7450798838758357,0.0975089544797396,1.064030118925528,1.100232023602176,0.2108245938596687,1.1380824491965202,0.5356695578832138,1.743881981837378,-0.3336372551800949,-0.6231059666182776,0.4263144945646278,1.514913535972086,1.1942892238751668,0.8443802782545994,-0.6209473473720315,-0.2276594019328485,1.6632914156848808,-0.5520458156741306,-1.2757741783939238,-0.5238703493713501,-0.8694250465106689,1.9685621053134128,0.6964882412933554,1.3717381425695725,1.0046707258399197,-0.2771011095616027,0.7589522981968019,-0.3376559434284908,0.2996991245011028,0.7454346692406164,-0.6213386579125226,1.7608255160377944,-1.5973290489741008,1.1390043691716287,-1.7929581421814995,-2.097408559177106,0.8297728629452096,1.0746426159725604,0.7709186560260379,0.7040625699429921,0.0,1
-0.802106827821573,-0.7553270260087951,1.363412752027472,0.6862755888497121,0.09773597580964603,1.7245168122372332,-0.03295686061593207,0.32011831051701395,-0.6821996949861043,0.03100441975848736,0.5818776442534044,-0.35522721431696586,1.233677167633217,-1.3866920831651577,1.4558096115177268,-0.23988550296072295,-0.3985445696578813,-0.5789945571948014,-0.5123674474980419,-1.5167146761918096,0.09125928457198687,0.22068615594419624,1.2808106045082814,1.6242720896431486,-0.4549056011667215,-0.8763267981353026,0.5933220522737985,1.4906521570053053,0.16027084303047334,-0.2914922205779774,-0.8180583790344574,0.5945173534985303,-0.4918486506314854,-0.5063931516844539,1.4386825878344929,0.4665868348235288,-1.363566415326713,-0.3458098231684787,0.7152992258742614,0.3512734584622215,0.8711634856953876,0.5830404109889178,-0.8703072607272979,-1.8905035575822629,0.3613439445441949,-1.4874867029834686,-0.6872986619854959,-2.567211184668775,-0.4939192043618375,0.2457812646149733,0.0,0
0.10928112585642816,0.8892900105853104,0.5535803469667975,2.257756131350121,-1.144557994710238,-0.3177762076946629,0.7836790367984129,0.5701713503713515,0.7738472708060804,-0.8534350117007303,-0.5869239320408465,-1.06020377145734,-1.4307054219040796,-0.18568000137210589,0.8870352072334219,-0.6828136725860341,2.4903960526528444,-0.8457328849309214,-0.736938810040642,0.08222050097065504,1.4471013134845876,-1.0826640907414535,-0.226083682966775,2.38000402853736,2.6545243221394053,-0.2631803080647756,-0.5473748963773009,0.07734503233000962,-0.8743703925312379,-2.6962294571504133,1.3540629252343344,-1.574528664808087,-0.2171902961463379,-1.2976643646186092,-1.1440245520219774,0.8473952425680369,0.3236576604217641,1.2601205836831246,1.2963875775996954,-0.7460699978693578,1.059641297247305,-1.6115799349022444,1.0996876350473883,0.8346440296713066,0.015554269917901781,0.2646414277363124,0.1060574177382459,-1.7522420502135272,-1.5940714615634781,-0.6793646109478785,0.0,1
0.6235256018669311,0.2075376234382728,-0.2695111197323071,0.8524498533241179,-0.3172154031849236,-1.0534228796403524,-0.5175919063293328,-0.41357444624485024,0.2292772213270101,0.12848371672742792,0.561042943677916,-0.3931492721918767,0.6653623730036526,0.09631512106800283,-0.8046241986329625,0.9694490319965704,0.18288522151950606,0.8605776738966953,0.6993669421865207,2.4870296936548133,1.9738457390465356,-1.5689173199161557,1.033014391568883,-0.1469586188727496,-1.1194389100115476,0.8517449998161193,-0.3908190250650856,-0.5153704369763877,-0.9054392362191428,0.3403380961888768,0.9751570694346008,-0.06803941043484184,0.39729540524783785,-1.9764167012561409,0.7936957793027638,0.5598239838385489,0.7514704159603621,0.6268864430496168,-0.7259343610861891,0.8939635945670326,2.1720013940509606,-0.4975852904035765,-1.2692146978157357,-0.2693657893144321,0.1634338348208853,0.6507796709098211,0.509838760114151,-1.3702423375619752,1.0680643725747454,0.042620662908238835,0.0,0
0.7007398369278249,0.4013575114884636,1.0921566316902158,0.3825635627711105,0.544735336659262,-1.0355725977021706,0.7333475678063874,-1.2016639731870973,-0.22686154659787894,0.8331127190134906,0.5463614522654731,-0.01335970198745905,0.16932043834188915,1.2006263791528808,-1.1607567896269677,2.3947246770937105,1.5694341425445413,1.1764969178295033,-0.443753083215516,0.5455507644616666,0.7400370596019843,-0.7269900036645596,-0.221425516508067,0.8125831221535977,0.8084945408950103,0.021650119240217803,1.9042449146853149,-1.2135615878273531,0.5528140932273229,0.6648005378923508,1.0117974704090504,-0.9385783145627152,1.3849986537251016,1.0926461719478897,-0.6440911699718374,-1.712328305764874,1.2958150907853196,0.8168459965214497,-0.2545313178650193,-1.2815590205707998,-1.8605813777497544,1.234069784557949,0.7268621939167726,0.8878209447031641,-0.09075227858630457,-1.9011541616752619,0.4206865981195629,-0.4653339000476314,-0.03292213917695582,-0.3103640631450713,0.0,1
-2.307495673694917,0.19439942053795925,1.5530537108317788,-0.0461220986512846,-0.2965554494317991,-0.8735692264494451,1.8726768679565733,0.9959327095350482,-1.0785255953427928,-1.9257610099032612,-0.28025615497508843,-0.8840575292265935,0.7866562901265818,0.7377546012600814,-1.5680396999584507,-0.7520540157845855,-0.5682096315753474,0.8199664523785891,1.0319262587181015,0.8473874866928556,0.5668042649163534,2.253243919821984,0.3924422748967777,2.502155915836674,0.5203040136458722,-1.2084102234952119,0.4422720818067644,1.0261122050028724,2.390775234128553,-0.4928967775688524,1.125377496164765,-0.20139375851998534,-0.3574192639301361,0.2923741685309132,0.6721081868168928,1.7785877857243593,-0.4405811774702944,-1.1173933076647944,0.6995931610685174,-0.5779069175983782,-0.7721988214959125,-1.6794083889705735,0.6023844070398066,1.4800766609305471,0.2056458724416288,-1.4971846854150035,-1.0094349952942043,-0.7497851896213162,-0.05480099396596235,0.1293512822978065,0.0,0
-1.2617472479175482,1.1966122279573457,-0.5815639784534755,1.5244169546666737,0.7963294133319633,-0.978486036012847,-0.376613510331776,0.5327295637143912,0.08846625403845397,-0.2919083513582573,-0.8555314754057254,1.366012483799059,0.6507291979363621,0.9448231164135787,0.2418431245521621,0.9321267097375008,-1.3772914914996366,0.3535290137701435,1.1648497722039786,-1.4321901712916,-0.35190752196858915,0.05022233812041995,0.5957844486793329,-1.0922785188836226,-0.017614994728344213,0.10724819262556104,0.3246385663710458,-0.7332222093830448,1.0957186772482477,0.03310244854826095,1.388098636393002,0.5607466617150401,-0.3716651092535966,0.10363239040681124,0.2621665883248696,0.2328102714401121,1.1032827755896295,-0.8012081094101561,0.24525066974552676,-0.551743235369412,0.320338983447708,0.3007350182738005,-0.0961152772312049,0.003002167262662247,-2.140563602161892,0.520129193463384,1.301556585509161,0.8618670134051777,0.6796019263637708,-0.3324177268146606,0.0,0
0.44312836575208797,0.5586591455247478,-1.7781016203587372,0.9940358969775336,-3.009706242822052,0.24080539748738405,-0.9531106219353584,0.3386430332445917,1.0344344831614418,0.5980464076424971,1.8430838871135011,-0.6317832783847412,1.98165640411296,-0.2757870596803474,0.28159511182621505,0.4465830629311926,0.4401039398334944,0.5926840665889963,0.34435472481760143,-0.7650473052813234,0.5818233795787562,-1.031961409446582,0.17138287524336254,-0.28321532991590986,1.2029345984043585,1.1241865683955752,2.2305624584426504,-1.0104948167046963,0.3391266507955648,-0.009182312287390188,0.948458423446634,-1.014478776141371,1.6863194348032218,0.7301387961147104,-0.5761376111417441,-1.954504827571077,-0.4826433338416718,0.9580883215457352,-0.3057599097985456,-0.6015988191888854,-0.4747899746027565,-1.108528292122885,0.05365721622420935,0.572436916414453,1.4732070932605814,-1.1557307832961046,-0.8910759790752909,1.075658033542548,-0.34336956296620125,-0.5413249863112252,0.0,1
-0.7719225067241589,0.3795805482206821,0.5412895828573648,1.324333045918255,-0.11653958283088355,-0.40028103130818027,-0.5090207053001132,-1.755444754705741,1.3185938492279337,0.881396590002228,-1.3527230540290949,1.9112410240486275,1.1160123587556616,-0.377708852847767,0.06955687594126056,-0.4038689761088777,-0.7970736954624865,1.4759946675116542,0.336098128986017,2.8924253231017025,-0.0914433883023385,-0.12118192793525412,0.033397439850426335,-0.3676988028573025,-0.3760691533880558,-1.7819126500974107,-0.2840666536951289,0.4372280608028105,-0.2781513205396961,-0.3186636896347608,-0.2448013486219812,-0.6610495789138917,-1.3970265028661113,0.12272982872347515,-0.034049772564832416,0.06930707795610114,-0.6967214988368419,-0.3046340101531316,1.3391408960270794,-0.6239703787772969,-0.8446184030821681,2.3763260196194507,-1.8517715391413945,1.0136014697875253,0.2169224149546689,0.5961576961332908,0.5382410298721657,-0.9873291330138984,-0.5765352117817677,1.5724527094371428,0.0,1
-0.9642427130813084,0.152390193839846,-1.4479022207249614,-0.14169412159446246,-0.12680770296646776,1.2288492145331682,-1.121270597313711,-0.4357017455337744,0.9395692863251028,-0.3954964251878936,-1.0823304231629594,0.514028384135933,-0.05752227571085115,-0.31076429820310025,0.4004670936432583,0.6226578336247058,-0.7081079641696536,0.9660309236813496,1.8129612368163208,0.18826725153775672,1.8542218660892904,0.6148452977232916,-0.9535694632015752,0.24527612587917355,-0.2236672074287981,-0.2954019260965335,0.11314940861563727,-1.0841907401598043,0.01717245244776404,0.12730429162891882,0.6919104709124616,0.049305256511904615,-1.8357050002149249,-1.0878116285365231,-0.7021853101287565,0.6462405629609251,0.6843184917409233,-0.07677308071580123,0.98070386596242,-1.9700748327349376,-0.1908478045494677,-1.8654000604215004,0.38960290839689865,1.128530876210521,1.1414219530968508,-0.045068628385847125,0.22649924809631344,-0.5845188129207599,0.7843152054037719,-0.46275513630250603,0.0,1
-0.7914620055506816,0.5069108400629448,-0.018149749812440868,0.06484009948858563,-1.4424671464339744,0.5625560103639908,0.26999132600905346,0.7541732558827092,0.6838056667360675,0.1483543542548642,1.2591293275491895,0.11356304197594234,-0.4614618986828148,-0.2363084104178881,0.843082450930125,1.0683221022589826,0.340776616085792,1.2237622436002784,0.6882983214688693,0.6985723115210376,-1.161479254701081,1.3273765388497598,-0.6668695070619299,-0.7629438065005245,-0.2483543420429699,0.8987938539999759,-0.6313814951185869,0.08653352955257038,-1.1575211798906058,-0.5728788808074038,0.7840823791425673,0.2428798389600289,0.3457284265809535,0.8760402248318027,0.6369217171962004,0.22368196953305094,1.3392157246902516,0.3909254444450361,-0.005681879926841767,0.9063346147356424,-0.3425335407597382,1.5309026791745939,0.0470529323783121,-1.483862039289031,0.13094538219362425,-0.9127719822501488,0.4171794124155435,-0.25704380400604515,-0.8504931944179217,-1.1368466521099743,0.0,0
0.3514718673514484,1.8055818642478167,1.2854613246759017,-0.25478087654077336,-0.8403268686473351,1.2093086017143386,1.0365733405235242,-0.35717080051840433,0.23619825271663944,-1.976663100569518,-0.49029602426583796,0.8644633610119968,-0.8416062999516664,0.060640680052454175,-0.09269546284219714,-0.1946145981940465,0.04617044868791456,0.41371544758586093,1.52656373966352,-0.4037641473066576,0.40881611020890624,0.7626557301166678,-1.310041874591414,-0.4931970582226758,0.28921174392054977,-0.5460161593806641,0.13851847044094506,1.2817421174543686,-0.11640012232247553,-0.7165466938157603,-0.4506909491290758,-1.9354687200410947,-0.521994665216147,-1.5769208975608515,0.8371248252166572,-0.05831778273918613,-0.9002098723054166,0.8455306390264741,0.3485482345664703,-1.0584287150404013,-0.934706885905354,0.4908218679653037,1.2368070145089685,-0.1547021639975503,-0.8545246156944794,0.19759197894821245,0.3898320868913081,0.15484039650153236,0.27166099606090016,-0.17189412118193215,0.0,0
-0.5479403714497263,-0.22934827037654465,0.5682162923114704,0.7213544965454393,0.12092580789043185,0.6822010653856724,0.6021116443670503,-0.061812051836491674,-0.11531859149238273,0.13721950141789502,-0.14747574669440872,-1.2607844018764836,0.7103166778710095,2.058182318695032,1.091710938838624,-1.1634341015049006,0.5894583045016634,0.211259573132588,-0.8758114591956121,0.6021253078169961,-0.10499823546741163,-1.0258048889931202,1.1142410070994733,2.123723447999028,0.9680220936653908,0.4690490263821789,0.6905891703856663,-0.3643270838604557,-0.09593064299640994,-1.1521172249836518,1.0166265837086998,-0.07704293832714784,0.1341598086277452,0.9626462710671572,1.0955665288531802,-0.7540620519663574,-0.18305366001623247,1.0499840163867955,-0.7084057084494297,-0.046892783313066136,1.558933597437,0.44828791390377065,-2.3496176082535607,-0.43115533055098704,-1.2347151873281603,-0.14670481364858995,-1.4972123184338864,1.1848210831448254,-1.70967560775226,0.4428845530941624,0.0,1
-0.5411063747435263,0.4678452640101983,0.5046236812987908,1.5322761683634885,-1.0189865085800285,-0.5660069176206444,-1.5634240543663398,-0.5989048434633826,1.0015876513302662,2.3683734237389857,0.1081266040755276,1.81488255380382,0.8362269325076483,0.4329819834705896,-2.7332559366703237,1.1060267707094342,0.7087891214218339,0.5462240957561961,2.0079090204989303,-0.8028333298338374,-0.9916772574391762,0.9155468804294942,0.716417134496588,0.531197562926464,-1.0582902549811024,0.34169325873807954,-0.5288636878491377,1.1796216629205794,0.7763886081266487,1.0444281654903909,0.8035756570323861,1.7748191768584476,0.6897858220720297,-2.729110704713325,-0.7952024747661265,-1.331950276534858,-0.02319567847631137,0.7068200620252354,0.4727993020148875,1.415186741302355,1.6234409473850404,-0.5377668557869857,0.07530385056331497,-1.5463650918024925,0.08569629869727778,-0.41409810801495706,-2.254536787658594,0.5840256542229361,1.3381361262089817,-0.9817314250095888,1.0,1
0.3191765896374375,1.5433110564439525,-0.08581572304965399,0.7224193842842764,-0.6805956230720447,-1.329924228390302,0.356664856213094,-1.8005186563781457,-1.18969747938471,1.2180506499449075,-1.6704178228627204,0.5674237092213794,-0.9968149011490278,-0.8792405065576602,-1.315543287733337,-1.6453759987134289,0.18336428040759456,0.08616719588765326,1.504178543822849,-0.12024405090510515,-0.7775458739614927,-1.5274993086560116,-1.2248719524686047,0.5229233401604778,-0.5710365481368765,-0.2399950159083788,-0.1157272126979635,0.11421879128651395,-0.4570949506688465,-0.3290871698625367,0.23349468686732924,-0.14968695038957885,-1.3026398899505358,-0.08921751297779015,-1.7369970322625354,0.26515873358846115,2.3543820041491768,0.28328981010808746,-0.4506417514162322,0.4305874112851165,-1.7476914552920697,-0.40738297822296937,-0.9615947414639404,-0.5834602063772333,-0.8144559395777278,-0.492067764461105,-1.6229414301748617,-0.6378841484070971,-1.3260782359045562,-1.2499836334483003,0.0,0
1.101006471994152,-1.795437150318755,1.5318971779665929,-0.14651952280285646,1.0400568253367928,-1.4846313554202668,-0.3835014658464125,-0.3503258074330802,0.8644396178031729,1.068997703291685,-0.2865167138322727,0.11945174684851742,0.8554266267243945,0.5429900622626487,2.364397530864501,0.7500003946296463,0.45231452519538795,0.32601045130991724,0.3430752809995915,0.6248904948841205,-0.10001635415270002,1.155617238089407,-0.9789092665207848,-0.753732122746739,0.7200395410414594,-2.4293490459974905,-0.6352694365275764,-1.5124973527259618,0.2965394543922795,-1.3280147353827891,0.16836700447388547,-0.24039521689999416,-0.032244850810746434,-0.8859249810703455,0.870413804558897,-0.5955828105511497,1.1568304189063918,-0.6867500381593726,-0.7400704216366434,-0.5011424970718679,1.0154052164565532,-1.407333579939979,1.1682555254848077,0.4067924236898064,-0.9891305906864656,-1.115353417864482,0.1508575264635221,0.48365801306508205,0.4284300591023124,1.5224095260615995,0.0,0
0.9640502812935784,0.7841948443903904,2.1162924432939603,0.5115674338483054,-0.4531246096855638,-1.1546690309872796,0.12191627378529378,0.966154555856838,-1.0539246404938891,0.9208602841360553,-1.4181370824487098,-0.44901465670854585,-1.9842361435393685,1.3446850589717485,-0.8499352867279797,-0.14240434623621515,0.023939113656965667,0.8601816185141009,-0.7937268329681021,0.04187223995607612,-3.0353830501552967,-1.2994676221129693,0.8932682456175616,0.5315341335002818,-0.15608991998702718,-1.0241303833712867,0.12038967655434635,-0.5505258289756171,0.18691598321410702,1.6935645529350358,-0.5243695144646712,-0.4042735078513901,-1.2824409815507527,1.1002905961208778,0.6321121546145188,0.2884650455592963,0.6082649990755212,-1.65518724917244,-0.9988456219547592,-0.15992538574002704,-0.11432988534373252,0.4642283350071579,-1.1470380948707195,-0.749317243110188,2.154224004647963,-0.07268816124087771,-1.2562354902087465,0.6058566304409574,-1.3168482114426492,-0.4538355610540039,0.0,0
-0.8573404398633596,-0.451643035192402,0.5360906858534512,0.6832990795869218,1.631076875931967,0.8717231901412709,-0.9083961103734092,-0.7558893507873153,0.07305309429321978,-0.002700644769917623,-0.475116549502833,-0.519208571612261,2.093066375266424,-0.4226756687375979,-0.22536456110708306,-0.554757615704003,-0.3333826825172136,-1.0552415547869356,0.5985045447420417,-1.0962705395559915,1.2389550579090325,-0.3513394926259884,-0.3689007108188452,0.4576330808883362,0.2912405584050356,-0.6287776255962263,0.5787268312124736,0.8234961198248206,2.058823107404926,-1.1358855729912434,-0.11876576091385675,-0.4023649127516468,0.5298167548751549,1.621147955879709,-0.27752090843900096,-0.017140965415774968,0.3196800337440445,2.7909177727671985,-0.026355610022901,0.88226836790005,1.604726121468436,-0.2984526162018736,0.8545165331474027,0.7454415459009154,1.1056249979817303,0.4493960168557036,2.056586967249685,0.7278026656235601,0.21280318217888625,0.3369432681607661,0.0,1
0.031725045535384015,0.23678855856354145,0.7810381276952163,0.8050002926399489,0.1871370936444371,0.1171559017070947,-0.6218872917977043,-0.15418827321928066,-0.3006763844810857,1.237895723220651,-0.30479019237072064,-0.3109508959487611,-1.4813145726785657,0.7501355410247276,-0.5685319084629417,-2.9155082633594662,0.1347245028811029,-1.5818504737749666,0.9497445731568391,0.16877783313993874,-0.7123696744110026,0.4801189265436458,-1.7170201085137426,0.9877043158942752,1.7018092997837797,0.6869389871944155,0.7736738785914568,1.2307097415501942,-0.5401270146021286,1.1316473739508757,-0.2257244648017805,0.4805342711802958,0.3215984591883753,-0.4903106406097569,0.5589091956689676,-0.6669865535536007,-1.0874216568166275,-0.5519407896937369,1.8543243584301117,-1.26028158427689,0.13129086260833933,0.16698719360389375,-0.8661020031301947,-0.3432349308665709,-0.838639687019119,0.6020181474084174,0.22647032436394954,1.6975638401887396,0.4087062397137888,0.6561383357107211,0.0,1
1.8653466289894205,-0.8359892693024452,-1.3964576421443906,0.8439825869390936,-0.5144349971839504,0.7560773381056779,-0.5149479513270178,-1.81557506939586,-0.8282769615994303,0.3747604314802698,-0.1843952123840908,-0.6251206796943677,-0.5227917637195103,0.8137365604008021,0.7513690058303025,-0.6564668376162204,0.8207445392575021,-0.3898247613645253,-1.5445221389059216,0.8480610518991367,-0.3069715985850149,0.7623476114178891,0.7621545387888493,0.288011342108413,-0.08102474596681296,1.7439747686245997,-1.1184311765643449,0.4905721150896779,0.7971586656912479,-0.19012469046321134,-1.8113040872488824,0.3844020975112527,2.1705804301946823,0.5482928892983379,-1.9027987971123317,0.0394790260060549,1.288853666528571,-1.9432415407581187,0.3463671761555977,2.0637910146630785,1.5185101002068209,1.4169628928724043,-2.4743818156703647,0.4475371839363723,-0.10280861805940412,2.2780698633377523,0.6400804709893602,-0.7566944095922555,-0.9175146518132086,-0.3351974246547191,0.0,1
-0.1271335777448714,0.8000963943171636,0.5715936452626813,0.5382265985530528,1.4155348272803951,0.2537537507503502,0.9821117296584464,0.12556469670414752,-1.9536754365248223,-0.538808492908105,-0.9366282540775678,1.1247422368382012,-0.2221542464474382,1.3852761721765878,0.1247970067546602,0.8213136084345715,1.077396728372632,-0.9364999659546268,-0.9799875900700612,1.2762763947009392,-1.4303985301998612,0.7447765115488455,1.2211355656424077,0.1445744022109217,-0.3377110666026673,-0.7665561344978447,0.4669479729391555,0.35737874806539005,-0.26968731015415776,-0.4510579003883056,-0.9382683957185806,1.1603250397607272,0.5022640136804828,0.8073280620858593,-0.43969570293364174,-0.2701740197115589,-0.9358576053640248,0.7772363134500209,-1.0370864933246953,0.859710844207384,-1.998379175958548,-0.08757439845790359,-2.356440821767104,0.46636564302845596,-0.5481984532799345,0.8997216231320487,2.8001858054618496,-0.8053063456272299,-0.343823354507988,0.3364106679706899,0.0,0
-1.0023725233184473,0.3121327756868475,-0.7114116573614544,-0.6004341176930128,0.6074612718268151,-0.3618514446816804,1.932076386540768,0.115432290197619,-0.4792021130964948,2.0328487704237213,0.1343192248769792,-0.7548400098384948,-1.3445311259840087,1.1145789208341017,-1.1478551283322425,-0.03794550053823647,1.0633507624872491,2.4545485880085094,-0.92324404716122,-0.2070831073728008,-0.3240809756600703,1.5397786355044172,-1.7172389919488926,-0.07805836142194335,-1.32785315638421,0.2006206603410983,-1.2244289743533945,-0.420711705533924,0.4304444650047221,1.4798095471545871,0.5688433798466528,-1.6573130427143732,-0.14870243270242836,-0.1705279291124077,-0.190981670711262,-0.8445000258755283,1.00518836199562,1.5633063437599346,-2.136741252323898,-0.040118110455977116,-2.1851354382624777,-0.9308489996297816,-0.000771692104627619,0.2604024540234913,0.10823720275757932,0.6220752603064722,0.329187174418804,1.6628857781428181,0.2324741895865139,0.4809594114632556,0.0,1
0.6471889268346456,1.1694025305925742,0.2604979530066709,1.7034675197976166,-0.7463798919007023,1.2797950004073757,-0.3393855032413456,1.3192139549375603,-1.5545990146331228,1.0996382833878686,-0.059595005661822985,-0.5022803170908312,1.8098177988376527,-0.3949903948597368,0.8037495885327923,-1.3595665058239288,1.5173080459399673,-0.4906022287363647,0.7574187449058892,-0.1068039827056041,-1.7939211885105388,0.6642714285882414,0.7213461615982841,0.6127750039222325,-0.09960252491068987,0.08542456770992926,-0.9988113840941751,-1.5527648355322676,-1.4086008034725435,1.2984699296040432,0.7741508995963967,-0.5822378669763794,1.7681981301020042,-0.1651591675474322,0.15554168598099272,-0.6610403007414795,1.0579922686931695,0.09108353925139837,0.38958798423451796,0.5198439132235049,-0.05727858163470946,-0.5374818959204329,-0.21934344205252995,1.18931701979246,0.7717669288597144,0.2443225370919972,-0.3091442491667776,-0.4003540353459416,-0.16333475921217305,-0.4656931464018811,0.0,0
0.1868137716547468,-0.41049737791580776,-0.9930869702092752,-1.4951608202019029,0.2938262861314149,-0.541884793525915,0.2902781791226987,-1.8529415085404783,-0.04203758413587627,-1.379026508931844,1.3994346716388169,-1.0177070539510429,-0.18232974228079726,-1.4492017949977107,-0.047630204951486704,-0.8258749884781876,-0.6589448165775504,0.22817832388488424,-0.9116874604363072,-0.8197304755081567,-2.3833920233317274,1.2706191128691189,0.5417600267738499,-0.7611610293987119,-0.76584533740174,0.8007017141608339,-0.09430749923413796,1.2848196169301005,1.5921896591350642,1.1014784872948222,2.8842444284739406,1.3591229257490371,-1.6433531390740903,-0.22933343381125995,-1.0710279751527636,0.5806321955153639,-1.2128618988819841,0.28324345345800506,0.4165309850193776,0.07391899113362453,0.373109518011247,-0.6292444004392698,-0.21073440588421768,-0.1895743591842536,0.21108284754315146,0.2606081433663522,0.4514982344897217,0.2405578960620753,0.4102231458299221,-0.7132949045024626,0.0,1
0.8629733101208118,0.8295067567482056,1.9005461967609283,0.5866433016128777,0.735519451837655,-0.2766655467901973,1.3528014432288569,-0.3021309586871164,-0.41859959669831465,1.1275582273639475,-0.5095941106788251,-0.3900201096698037,1.243088882676979,0.4126450417269264,-0.35489836226830923,-0.5674557397319481,-0.6589299180843482,-0.4445369663501463,-0.03585285516314341,1.1573314110641424,-0.2770725190717769,0.1228837580760632,-1.226135014525522,0.5162470203534814,-1.0944126498424187,0.9050996080707984,-0.057294610105691535,0.6597162166187092,-1.1597199804138991,-0.5428136022109679,-1.7704151434207884,0.2521516821355991,-0.7662787393567259,-1.0813002276088295,-1.3400865000755335,-0.6955069534152553,-1.4271482673788434,-0.8887711198722403,0.3191745857503643,0.5299280785953602,-0.3659776969198569,-0.031466684235664164,-0.8289677788058671,-0.41859014423766816,0.4527519313681675,-0.6242295059379936,1.1436995954900284,-2.8985189122163826,1.2969072041787106,0.7718226911224617,0.0,1
0.27046409037016245,-0.3196123858480623,-0.3974157364928848,0.2636925631020378,0.6152811345156259,1.0367176872333812,-0.20680786305958124,-0.14909465233424973,-2.6133204072499217,0.4459676415631392,-0.7122599060739003,0.919921850040186,0.6378311386756486,-1.805261713877589,-1.7057089634128204,0.2092893009131704,0.9050778303213228,1.9580014551497005,-1.0379171900697597,-1.5926553439529383,-0.03332983481941186,0.48388343385967,0.6621694660444469,0.905650597779018,1.4699200268312915,-0.058592295395219575,2.4683366536370075,0.5647613097166918,0.8236541696473589,-0.5547212149330782,1.131036247150281,0.20254139264633456,0.743017266407371,-0.0619763663350063,0.08168659925904131,0.7239433965602937,-1.4725588310609814,0.4845333718966695,0.5774940549244728,-1.163691360996001,0.9260913049445504,1.1478047375243208,-1.050487294539758,-2.7877619928445525,0.30793238943699663,-0.27227494052820284,-2.207921766750732,0.8142666845915808,0.2817913419700533,1.887214233911968,1.0,0
-0.21193217466934536,2.596950681841782,0.9718422570497998,2.1590868700333994,0.17395008649562127,0.984536443679626,0.6529971273645547,0.332848879963618,-0.2600469195849128,-0.4331673614741043,0.8782060145816352,1.4299063936288259,1.052521492617429,1.4147269462447822,0.31035162445448217,0.37467840425063975,0.0283002188716694,-0.018115950322810482,0.6560602453114055,-0.3600694114413065,1.4813368413654704,0.6487275662534192,0.5161689996439898,-0.3980369686101892,1.513956897759527,-0.7643596609056071,1.0506735736725683,0.5008597852385478,1.2171638779953993,-0.348839664834358,0.3112124519623076,-0.11244180624712002,-1.4016471453158958,0.7784734162408321,1.1993122532921014,-1.3639734917498982,0.1829406983583741,-0.4726238563255573,-0.1057205084917572,1.1276082642535283,-0.5353979506393839,-0.8107226622458412,-0.6156375836009604,0.4657644809430058,-0.4671477559419954,-0.4253570297902546,2.0319965647479465,1.9607821005011508,0.1256557596703937,-0.34517319854979056,0.0,0
-0.8996588316047184,-0.9230054190480144,1.7465336198241883,1.2261500256007316,-2.05738429269716,-0.1205311922712912,0.14760230682619305,1.8833219164312751,0.8306794728709219,2.4767132082391847,1.4311044994282809,1.3054671762700447,-0.44558891880975865,0.5992428209008401,-0.9436905855990037,-0.3376226227369516,0.3818656334812466,0.08481674832434978,-0.07204210582015637,1.1439279264704052,0.601670401242828,1.13260321044698,-1.3542245442331673,-1.8213490760271491,0.3997995601537467,-0.12089353488716932,0.3633261283191776,0.6981131359640175,-0.3752079454553676,0.6941663490423662,-0.022408660308661395,-0.4535365654899281,0.16516666984988798,0.9982399178381292,-2.0608381655078825,0.21668898193059646,-0.03042968304606102,-0.994161172911756,0.22424381713808206,1.3390986302120478,0.9493005153433726,0.2775853731117137,-0.4024816473603733,-0.7377021001115643,0.5032169251639718,1.4762088918841731,1.2936186985800664,1.8485620165178869,-0.4700838239072749,-0.5064137945364497,0.0,1
1.285100084884616,-1.2012831781832345,0.8892955073247406,0.11986918368390595,-1.0393796727824671,0.4040637803454379,0.9181536847051625,-0.11308676154995123,1.1898350355502971,1.8221934007040967,-0.042848288696131616,-1.5967120483590298,-0.10157193220833456,-1.1890158625626883,0.37485009848296064,-1.0105746530658777,0.4999637181936719,-0.4535707724167666,0.16248491210854904,2.3288314464697577,-0.6859413353798259,1.2723573681115727,-0.5566795426693022,-0.34709272120795953,0.2707104900445343,0.4480300501686486,0.4548239226052674,1.293905815569106,0.28400079101767056,-0.5072624638981054,0.08236304145359596,-0.7709387240213383,-2.0373136923651685,-0.4149862733398789,-0.9241523458775798,1.8257559503492968,-1.7065714020064122,-0.11667997474876175,-0.08357970948398069,-0.5698512758938679,1.4782527890927526,0.7764600388053142,0.14214349671536716,-0.4945675674081221,-0.6447405136646728,-0.06832594324705847,-0.11871627244417235,1.061201646888006,1.0963326360771966,-0.4541481319271383,0.0,1
-0.5218099590930725,-0.8000343273836101,-0.7829442692623043,1.142035869559185,1.7406398131988907,1.3799196412511765,-0.5343365436920278,1.4413208287054209,0.002473338270393343,0.019293561661507603,-1.1615714014699228,1.0324874403809798,-0.6804245743150366,0.1482705287665768,-1.2049003157211466,1.1852551957054909,0.7502637908696089,-0.30699037354393904,-1.6713129913318372,-0.07313836134173524,-0.8293112022289117,-2.2175569569476554,-0.4566824823211878,0.44951495087263577,1.0615933374009503,0.837862679926816,1.721101988612296,2.569562391527395,-0.7162116951420261,1.8662682554214756,1.3240754766146283,0.6492158907434568,-0.15984004135131868,-0.3964439323996756,-1.477029486275648,-0.1166865576010634,0.4170273552115236,-0.7596804145903235,0.5960675557476752,-0.6075030663224242,-0.6454996178019338,1.2289645164222944,-0.022021735572638625,-1.5774901397767633,-0.3614183879972975,-0.054246856971764366,0.4770577300527506,-1.1718735711242,-0.6398035131781232,-1.3018944766411615,0.0,1
0.7881303039306361,-1.740337774468779,-1.0336619736058483,-0.10839956719038014,0.05579728805257402,-0.1065211040990955,-1.3087750353119736,0.476364678630253,0.006732790385706797,1.1398047905615951,0.006624325057489234,1.3517116529793831,1.3667345131784499,0.2860743999387797,-0.8111218272092029,1.5808654629148695,1.4787316957221774,0.5687752691976422,-0.2871032368004832,1.1932535785580372,-0.9305352759847152,-0.6696003956552911,1.791801010850924,-0.4595920151187967,-1.3541140703923171,-0.381891604991296,0.1532829919931052,2.4332700334718127,-0.5426966446016621,2.2362806517172684,0.20359137523601686,1.4104360824030218,0.2018831616376391,-0.3174520592394553,0.15696594752939486,1.706470695911704,-0.2089179973625693,-1.6055945953646416,0.34314034132216165,2.2150392267002323,1.4773949561493074,0.14002947164311882,2.6747588301655845,0.4262835263953944,-0.6987779525754234,1.0695767116577917,2.5138574431450613,-0.17599438875102838,-0.5450263630617033,-0.7053649216661065,0.0,0
-0.9018918090652044,0.009275361308244159,-0.2891365489770095,0.3435122198046814,-1.7187129237279082,-0.5460716562737078,2.1508381064949207,-1.304447450889028,-0.4120970490044025,0.34056477894888104,-0.9680739554461524,-0.7688888852918607,-1.3152503305763639,-1.4923491132379532,1.6317716716786843,0.2335484421083901,-0.15272230575633533,1.191411539034415,-0.3970158999481339,0.9418532639276652,-0.10244726925063652,0.5425855612672699,1.3123473177046616,-1.7647862130642955,-0.5407756786518509,-1.7580124255323388,-1.0377724177976746,-2.7678233122972102,-0.7516609131208845,-0.03466867796514528,-0.1816610318816825,0.9488557003019458,0.7922198640302667,0.6749119555672534,-2.4244486018857967,0.0768189708688523,0.8822411790870841,-0.5283734587754574,-0.4464452563506533,-0.28470383295899104,1.6558367359824115,0.5308766628993343,-1.1706291224244447,0.4623840346063316,-0.4451764588037143,-0.2944916742908449,-0.16668355339615398,-0.1643462462625995,2.33814126240262,-0.7058098040379026,0.0,0
-0.015812960372220842,-1.2489968080439866,0.3086206523139445,0.9074780655627452,1.385612367170743,0.5098843912724516,-0.5641573074579296,0.6724350648473766,-0.1666106838506254,-0.7136192635928188,0.8240176148713307,0.482374163188039,-0.6514805576107069,0.5584714793928292,0.0895558380728717,0.18787332155941888,-0.4736678515986997,0.8385082181472293,0.3451451751172097,0.8125041351425357,0.8910765839196934,0.1724379492395007,1.8643750278251248,-1.328084170118453,0.12605896388091095,1.9401710455722296,-0.05859489641623775,-0.5899977427348774,2.993229039211688,-1.1480326439306667,0.2998617829546216,0.9664779409236396,0.9588485062927448,0.3321292346194757,-0.5484455025099468,0.4019849044763185,0.3487211690012678,-1.3498723127845804,-0.1479448716224223,-0.2798754657587593,0.17584273524487545,-0.7406035462424978,0.3953489638792384,0.09597275221778613,1.5967724803089351,-1.0741846865364093,0.6468899879094084,-1.07824605592178,1.558157860024854,2.090008376269349,1.0,1
-0.13559745480243926,-2.252887539912793,-0.9723932593501124,-1.011824169576102,0.13249660367428875,0.5563126108622714,-0.6519953634689526,0.9409831198155671,0.44954642579585097,-0.3575994751421235,0.5319211123549749,0.3321578936041633,2.504251847221492,-0.6377794434853191,-1.9022477758306395,0.4217062612032149,-1.876925964700216,-1.0416146454197075,-1.4211845242054408,-1.1624271051379866,0.02539584048053152,-0.16464446271974698,1.077564302872294,-0.6362678011125111,0.3050665026333885,-0.6464147609162476,-0.5286571541008562,0.15502622990535886,0.6941923537335392,-1.9443525895744027,0.7986507013076014,-0.32407652075398746,0.6616835566314762,-0.3711402515260812,-0.03848723077919537,-0.7389806570463788,-1.3711374960599578,-0.0011058947420981196,-0.04506254705567835,-0.30439518092322065,0.2989024102586197,-2.1317443399585065,0.5785395517682441,0.13096759615964332,0.9380526821402146,0.2012533535687828,-0.1897744288423882,-1.273695048163033,1.0829693918575078,0.448280994281741,1.0,0
1.2809994509951923,0.7945565444659316,-0.8409147699513485,-0.9166358014539928,0.5527768780107588,-0.6406439792227004,0.7140886687755257,0.7855127314802748,0.6495845673091822,-1.290878410025171,0.08022465097854865,-0.3583673447913064,0.5298675307454059,-0.044577342895335326,1.6859526877326088,0.9385826327700348,0.03180658090371978,1.6215853028334994,-0.6411181859797875,2.071403121909811,0.3977755659908617,-0.5271227388654842,0.30511536431373515,-1.1156447961130491,-0.219555842402156,-1.1401418615306276,2.58400264298385,-0.3716041583710514,-0.8098625034960641,0.08300425404132405,0.373213164605893,0.2791067773280161,-1.28863837103989,0.25237324949269635,1.0377219477841415,-1.21814033547269,0.13026008698030306,-0.4685893691284556,1.1299806609986658,-0.375498930950228,1.4308341939509834,1.561414793074979,1.6602327914390391,0.8028403429884359,-0.4843250906117542,-0.7277646978726802,-0.7115716046453182,-0.6038421000340868,0.6078623470502988,0.043646253006935566,0.0,1
-0.4298722023338166,-1.0964095370015028,-1.161306422794343,-0.0487332329810406,-0.22936339724829116,-0.11371567171590308,-1.1592287511135362,0.06311578521212917,-0.8216918120070739,-0.14004851154719605,0.44493488730849495,-0.237872280563538,-0.2487220349867325,1.6927375187102618,0.9690629972884388,0.1854695573568357,1.7236174393875683,-1.4499360307270528,-0.21660241931302568,0.4416826367920651,-0.1132601168427096,0.267829076144557,-1.739601703893857,0.04292193761543954,0.9369621576215632,-0.7841952417698261,-1.669730158479653,-0.6899947714636215,0.26995851887483063,-0.7187619139187135,0.2821790855661618,-2.015925045494306,-1.7978973152089015,-1.2126143611899114,1.7602974871328374,-1.4905005072458029,2.3892281739360683,0.2075545383358656,0.5466282958877757,0.5204413887737601,-1.5448883493210763,-1.9057920221304128,-1.346152329146645,-1.4230230532421917,-1.0442226047279597,-1.070570960081337,0.1723585124549021,0.17328354742752902,0.9640291672140378,0.15879385709489158,0.0,1
-0.8065871833778907,0.11510162970401724,-2.0261671526227905,-1.002404683525182,-0.170033835517453,1.2422602965513387,0.7638488619725541,0.8992327859508058,1.8043691412371288,-0.7528084321710476,2.3680602562990543,-0.7496075187918144,-0.1969680308397575,-0.4164771383893304,1.8312129669219963,-0.31382552617307874,-0.04436524554471102,-0.658061823786954,-0.7129656543911311,0.8176255131666217,-0.6918314512654548,-0.2091877132126292,-0.3721579116549197,-1.4692824088462424,-0.7151606752517798,0.015019747989660001,-0.8152931710213559,1.2900491037814543,-0.8917754210572564,1.2624882662810428,1.1700096792379744,-0.8388738818843208,1.3737089647558018,-1.684347363075026,-1.8806375215529536,0.4669025054897314,1.7056593536216662,-0.3199287937743974,-1.2522671127476008,0.2618114708510356,0.21378039368851245,1.6590407974850545,-0.22256406277311785,-1.2924247417771917,1.4089392228210889,-0.8201692368501903,0.3755619471226114,-1.4779472512036598,0.5403158911355357,-2.249545643419699,0.0,0
-0.338514370936803,0.2294050368489534,1.2376604664408253,0.2671266854826917,-0.7862904417166975,0.4919004973497481,2.1683966807312505,2.278336991726059,-0.6702225039924941,-0.5021269801265241,-1.4528349282050204,0.4164743545702157,-1.5703832418012744,-1.1964887339682932,0.09153503007153227,0.7183153488781016,-0.222090950801642,-1.414491799133585,0.5404458069133281,-0.8281343519848988,0.8842467251154628,1.5004622138959072,-0.4908237883660345,0.2148832236417752,0.6273329954283561,-0.3795099042691923,0.4067671345098812,0.5791801434495053,0.2476742141010184,0.4513359034550801,-0.06703109317658125,-1.34235778522052,-1.941676317715536,-0.5449240649676008,1.0879871462850703,1.880853507177404,0.6080112627405058,0.8793707748044107,1.0766039646372059,0.8549159904790985,-0.5649956418991163,1.1513408628300938,0.4831464444125204,0.7596514666186838,1.4389368377757443,-0.9365695563453008,-0.4620270287359738,-1.4498729501514385,0.8521275428118044,-0.7213567536169331,0.0,0
0.1983704866803818,-0.21078519464492046,1.619665016669414,0.2269490325257955,-1.118816580455522,-0.2896101396955341,0.7715778647061495,0.020991340440416367,0.6227020362199555,0.2879821747780648,-0.6172643366556878,-1.0658538537156441,0.03940866052706381,-0.8899286282529254,2.0460866926633976,2.5805735764014543,-0.8865794744140613,-0.2088727971767637,-0.7504853529704872,-0.2156411817278845,-1.5783048565814204,0.8035756785138142,1.3504466784438378,-0.9684133312947956,0.18004304639033594,-1.1217428858471843,1.7496666695701937,-0.44843252625981705,-0.19084085395808034,-1.9904723937749296,-0.8081235695994085,0.8896905625757003,0.05017969807998087,2.3456421693523564,-1.4665681738413618,1.4343780905240968,-0.8952497511584148,-0.9447513729181298,-0.0882645403160607,2.0586072717551063,1.4870436432391685,0.15965528924974334,0.6927482450269987,0.35520975715474107,2.2746537550967942,0.5526750712334475,-1.8848816723731616,-1.2994476790251188,-0.06549118203086624,-0.1055320057224826,0.0,0
-0.3204349399091879,-1.651617668305738,1.5740958201931772,-0.2789056285967961,0.9816621207046924,0.06465955412475867,-1.688120444373643,0.3699646207952697,-0.3990110538043119,0.7491212488519843,-0.5845109495956514,-1.1939973905105958,0.20511727586991546,-0.545958855398784,-1.2024779862370698,-0.3464180071894305,0.3728789593171476,-1.4604038710209928,2.2261485243406023,0.8610329845884187,-1.2153741737438368,1.6269051907128556,1.623855978077136,-0.7930710017964787,-0.8946680065909811,0.4024718043394461,-0.08604721487259978,0.4231880043986084,1.286299947609203,0.12695648079523525,-0.4693499358702236,-0.3356499204306647,-0.2287272234637279,-1.5252850218392249,0.9028678050891612,0.6985374599269566,-0.18939602898798846,0.08013893972938016,0.10226508224757663,0.7378370969211351,-0.19784254695419465,1.2930947810316564,0.7499587455442622,-1.5289935593639927,-1.8842228198158155,0.4882388720268793,1.3894285614692157,-0.0770591259324738,2.161876273351296,0.7075659504860332,1.0,1
-1.2602905707858103,-1.0243390336415124,2.0823067219978117,-0.20506870279007844,-0.5591569358672942,-1.2455686646182773,0.09189161417448688,1.3136487550266556,0.640273632520576,-1.3790912551407797,0.6146983096275982,-0.31835087839659004,-1.8992866045146288,-0.43690942394970733,-1.4920043224548496,-0.2689008306087401,-0.04992266453455112,-1.2955152288287157,0.5954084482000708,1.1851481250382936,0.8570974059086125,1.0788993210406397,0.4042780287377657,-1.2704952286334363,-1.4403084443886518,-0.9081724622372312,-1.2546235428179704,-0.45839792185906897,-0.11417040134488668,-0.1853646381977869,0.2861941396181467,0.9343875006584116,-0.347028137859106,0.5723101460970271,1.691601628563289,0.507001179196316,0.07946505133746498,0.9414869044156824,-0.16825668125232518,-0.9341822393316309,-0.27259430060236883,0.10229308619342507,-0.5657859479737529,1.58863875361033,0.5416117674112638,2.86590161384558,0.7207103701300948,-0.4764499642226868,1.841076363707968,-0.5163465470262745,0.0,1
-0.8136666514448659,0.1297944037591316,0.5824257957972659,0.14198772681576552,-0.5715223483832748,0.7456817427352449,0.008919383241980633,0.771527418240184,-1.8175503680895333,0.3205563460769833,1.6858438790515111,0.7271362471258066,0.3557878134736327,-0.3987815325982637,0.474783033782418,-0.2253147413737609,-0.08958262898388218,-0.5124854896501246,1.0500098412886112,-0.6468598246231619,-1.0835904218935897,1.3664070951691356,-0.2590435924893401,2.0940927776699034,0.8041643548679089,-0.6373156297922427,-0.08703940739139268,0.5571928694655905,-0.12701204602774716,-0.014771375391580166,0.657867902001286,1.3741098707954973,0.19800515257292325,0.755675567613772,0.7758357890858771,0.26210341533347226,0.5820786708578112,0.4955274222551804,0.3619281548011104,-1.5680766663493615,0.3868882217101877,-0.1606163735580151,0.6445315122861629,0.4592998736412641,0.971812538885748,-1.5118665919616192,-0.4459195141873704,-1.0238134411884017,-1.29359217794203,-0.78495396189724,0.0,0
-1.4492206933971057,2.074020094733394,0.9340702225568708,-0.2770898618471272,1.1143248741412235,0.4854746664153974,-1.0322566038286138,-2.0878220163098393,0.9878254491544224,0.5673233588922733,-0.9544342587920274,-0.2966300155218867,0.8685554748357974,0.9717277326453766,-1.192909070680586,0.7668286785835485,0.4786691822637659,-0.09501471842695236,-0.08373187869454436,0.5568725162099206,-0.9433728238673224,0.061765212246225235,0.4436119373591439,-1.0500031308185396,0.14071124882318845,-2.5379502972677037,-1.6001834412573412,0.7304168714244731,-0.1966659358994756,-0.3066429074633008,-0.6207408644481106,1.90561931539842,-0.6498889117642842,-0.302715544663357,-0.3808652988367869,0.3869580674909157,1.6288369887357934,2.0898429589768304,-1.5032759396076465,-0.22559342726680046,-1.0993369352343214,0.20805190100803056,0.504149987578934,1.5719734600527917,0.5913261422427069,0.5920523211944365,-0.8313896939924715,0.9861848466499432,0.1952963168644734,0.5956146636424018,0.0,0
-0.3272368325317725,-0.19091572455974534,-0.3377043967365425,0.14848114557359235,-0.7473579999628912,-1.3498424006805547,-0.06744108154599128,0.9092950840694696,1.1602942668374296,1.1450146249276798,0.6780495305211881,-0.4610007292458007,0.4665454986785247,-1.225064951726023,0.3887954287879001,-1.0837173431633296,-0.27931981984737664,0.9051990992653864,-0.8244932679510633,0.3962032911440982,0.5188170379262649,-0.6135148873977111,-0.19370217437459186,-0.6415341750475494,-1.1046918643923385,-0.4927814588885296,1.9596232422156905,-1.1720781216029257,-0.5796868600909018,-0.6429131332518316,0.3166824816148953,0.2626614659046979,0.5348363090563154,0.05663536616621737,-0.6342290505544785,0.0916807748777074,1.1871013227709184,0.20167509957707236,0.6428238807513151,-0.4062821130635598,0.9031995751895328,-2.775597972301171,-1.5901928027691798,-0.6173284522588314,0.4716132876520371,0.3975203786213927,-1.031717673605982,1.1234850452711,0.3227758727037521,1.4309102115989971,0.0,1
-0.4037492252640904,-1.591667929179709,-0.6220490113183428,0.421991896223376,0.01912010467773052,0.5242475721300327,-0.7814053739265563,-0.1263208383486414,2.171241737050555,0.6361424624541828,-0.4815287173289588,-1.0464052953692866,-0.24168082460847756,-0.6231385927104766,-0.8125397544548357,0.3323667653335488,1.1009704355791414,1.0847559513907223,-1.6898344305753683,-0.7840184023611272,1.3318315629691202,0.5974790523599846,-0.03133603334808379,0.6352654307465411,0.3813156161762647,-0.4867212044133951,1.8365654556665407,-1.1217842512212337,-0.725717124058196,-0.7694313537221602,0.6305172499019979,-1.8568555646441216,0.1333926314644533,-0.19497074906623887,-0.7133939371816784,0.053412239766069486,1.1089318329945723,-1.7317205561589066,-2.058017294806964,0.4663731100689654,-2.323530593487792,0.4181680684652612,0.9575620917300528,-0.009509442510614812,0.9931229354713436,-0.2777957805554661,0.4786522006768108,1.1366694939368194,-0.1392193383233081,0.20364076178132035,0.0,0
0.2472144519974373,0.03869191036136806,0.037773478003933485,-0.19137313820932966,1.2630033630697843,0.2966116034968028,-0.6301643844820826,-0.5991982769986771,-1.0415023936354786,0.19610326095709565,-0.5761709515361363,0.4034488047381162,-0.0495314951194459,0.2790803178242967,-1.4398870620805335,0.4637233627744568,1.2487398111818078,1.35125024705197,0.1461790895501238,-0.3276189539459554,-0.6561464103036825,-2.1919962818578616,-1.1029155034950269,-2.111970782582595,-0.10384616526334403,0.011480977002209729,0.4295437537265068,0.901672955127793,-1.7988039194269123,0.7628728093575007,-1.2912402759034447,0.4170873559423811,-0.012119828172142052,-1.4512739120462923,1.1010028757120174,-0.6510485271130119,0.24134284919535226,-0.3804615067302728,-0.006623191872386525,0.7118873597680999,-1.5484199330550212,0.7571252604864015,-0.023847777672500896,1.423986658696399,0.07660097475320599,-0.5081396655997851,-1.0931373279599508,0.3522532259400271,0.16603203090030352,-0.23872748339511465,0.0,1
0.22522755403074546,-1.6131779987880228,-1.4194652031878632,0.2108409049643001,0.2210511921476495,-2.251318622064085,-1.0032763467471044,0.5204576038403592,0.6427121270025971,0.861562393945142,0.4754382632182326,0.3039406598423183,-0.6664168997850867,1.3120236954773226,-0.26584609052986835,-0.2796746837376622,1.410015404734258,1.1750069928782283,-0.4436430571664909,-1.1301581168465766,0.3607388069395901,-0.8897926664649505,0.14525809531433562,-1.3631213891292442,-1.8008831855942724,-1.846717064904885,-0.6557344254924976,0.2825585558493464,-0.321011454578735,1.4029876736612303,-0.6908059055999098,0.8365314317787795,-0.8389379820115059,0.4164088283425664,1.4148538480617137,2.3038179960279166,1.065521150068888,-0.4945540414402463,-0.5138623599340953,-1.2184281632288236,-1.3873266655255387,-0.1094967753944558,-1.0496861582007564,1.5076978171622784,-1.9745196458325167,-1.4348744463602745,-0.2085038496361458,1.3657942222547506,-0.09037742714364873,-0.9687740407767506,0.0,1
-0.6743032738692349,-1.2404546859558936,-0.21688333400972093,0.8834255468825373,-0.3103367769977811,0.4359769209231239,-0.22127360827833828,-0.14791045602800482,-0.0077766454429801955,0.28768205294194193,0.9814099346360948,-1.351701521713994,-1.3619741252220894,-0.34635258316615264,-1.019289381872272,-0.34626575515414343,0.09864296964174983,-1.751033887208117,-0.8972042234071058,0.9626666909255128,0.28332482247515794,0.03808684351892537,0.335526829293247,0.8428531255567426,-1.2851858322439678,-1.3582378492437666,0.9177321453525268,0.3449067359867189,0.10104847160636046,-0.3610651724807462,-0.8345266697392375,0.5064308933624037,-1.0764345547580951,-0.3809831108094931,0.5264432820620722,0.6459729568994612,0.09977479474999816,0.4078919943450784,0.007181334308958,-0.3646658392289493,0.8765265156369643,1.1109065820238095,0.3119915860304171,0.9275283874502148,0.026466264864885056,0.6986623135315299,-0.5166462624932842,0.2129536783193076,0.5216808778812156,0.2658067556903273,0.0,0
0.7803231952269226,0.5785182480941772,-0.37625339071261615,-0.6780058369577227,-1.82967446632778,-2.4113095256798243,0.866741263365948,0.3595120132512293,0.02042408575845811,-0.4869448100351332,-0.8219293453769815,0.5950546260621602,-0.12033588986151332,-0.9300265133493938,-0.012060955109854785,1.823477184749556,-0.14922899043588445,-1.8241730664630729,0.6742188064235262,-1.222375401454455,2.7595426032966124,1.1759999354601989,-0.8285383104925228,-1.1273313749723526,0.2779447114390468,-1.1396559549333782,0.29992878897465425,-0.1239809053187762,-1.0444501271237672,-1.1064560150907423,3.301108957148102,0.6722034970216735,-0.4852375667227846,-0.7327415748773095,-0.4278131177113183,0.5846597899132775,-1.9543401616498797,0.342922387191042,-0.3893466452903132,-0.4685751229049928,1.0242180593658126,-0.9276307132338693,-0.6032156797906338,-0.5286747956927886,-1.4364802308844111,0.9580238255196036,-0.1646261584817577,-0.6810133393837067,-1.017585056327597,-1.372912755272751,1.0,1
-0.9198453452718888,0.8673416489987966,-0.22830491377187495,0.4939444835741302,1.0952314202322573,0.4053831361973401,3.0728156499632036,-0.06589918716625799,-0.8777958577987295,-0.8277082377418922,-1.666827081053763,1.1507602078500692,0.8334824183608286,-0.6970860008601558,-0.4218925912301865,0.3891793421596668,-1.4723660516117418,-1.4956145398793086,0.3151312242330632,-0.8345845703656932,0.16515562236371806,0.6279237578929268,0.11117858521354676,-0.7220259467313523,-0.8679182150620041,-0.4241839150311301,-0.3928497033846036,1.2192101295198523,0.4015408685560517,1.2693556961267964,0.8832622035795169,-1.1873745781335912,-1.0861778066554924,1.0631037347756351,0.4797027142880973,0.34964084364813885,-0.7796133701096234,0.4744019366163731,-1.9282979038739376,-1.4845091959564112,-0.9070385182568592,1.1359386913752938,0.5323689162998797,0.8471770883895758,0.4694378926707602,0.8528425181122258,-1.3763668983002582,-1.1582282846155452,-0.5517906950671461,0.7434355285426882,0.0,1
-0.2801310691077357,1.1103586396623464,0.15143603051987456,-0.02141157512392491,-0.2634305995065731,0.4091293259367293,-0.7480716080736771,0.003614320696083209,0.46017437460084104,0.4107542586111236,0.26246505989595803,2.2432108607643277,-0.5847306617086281,0.2554516413588992,0.5015576196521838,-0.6411360689581797,-1.1495131006519004,-0.8111603082491999,-1.0885669671566334,-0.034946669769742894,0.019142851729789828,-0.3057290535259385,-1.4273858548822005,-0.09262220051065023,0.37564200666335457,-0.5795095314412191,-0.3351223560379805,0.1748199348805406,0.11266542293545835,-1.3711451030885895,-1.028012860347388,-0.93333873139834,0.13730640778090047,-0.8735575576136989,-1.5172757856666863,-0.8533246420630197,1.8562995559983364,-1.2708438738780663,0.3049085387825793,0.15352830912072793,-0.29420233756525266,1.2651081918505545,0.3480849762548126,-0.7806943591139541,-0.3326996267089326,0.27115489046139746,0.506183644931844,0.5696717300909065,0.7386116199794962,1.270238939595823,0.0,1
1.196968563159713,-0.5692909944102066,1.1683528134988157,-0.201903971953884,-0.4332730339176175,-0.6900465192988212,1.122564041531506,0.3919357527930751,-0.4500572055998003,0.2602411840869099,0.7465220396200656,0.37570501150480456,0.1594158347684453,0.15695246612689562,-1.3314567762363407,0.777617018945377,-1.2484571172970875,-0.5922445203880596,-0.2759483767269542,-1.0745495023016844,0.8933729240427577,1.1251537332364647,-0.92038552198123,0.08160191865012427,-0.23693238050461946,0.3622961497712059,1.2651288111138166,0.2467658291878285,-0.4023429659995435,-1.7857696837859116,-0.829468812097045,0.6657009498397881,0.025916928976829384,0.06689524411598557,0.3555235100487142,-0.7581306904244122,1.6213040345103005,2.447210818068104,1.4882323135464626,0.13125034502702634,0.7095288455343951,1.2262641565834402,1.78467147657795,-0.08486599427178343,-0.9983042930000474,-1.5276887094241158,0.3666576093820776,1.511509377228779,2.513733748267657,-0.9167408487195048,1.0,1
0.07713373076199227,0.5197124397889838,-0.3508806303703837,0.7359764567868583,-0.11575135707437463,1.7315240235476603,-0.4368926388267911,0.2246635667578014,-1.0000234667391992,-1.1594531299350228,-0.027981526687440486,0.5793806532886973,-0.202539666196816,-1.0104537387087196,0.14395779859743058,-0.08810417563935094,0.6455106784965895,-0.200167572724098,-1.0077722579941153,-0.8563626572095185,-0.7161853037838796,1.281219421791218,-0.654808576111981,-0.21427461662524494,0.7169006735542648,2.0965188829566457,0.9544492930449778,1.6863308749709274,-1.7361028259211757,0.2974607901488785,-0.45490338841766,1.2055615367749242,-1.6936904909855868,0.4894596617201777,-0.19074443317465425,-1.4762005028180225,0.20312552841353554,1.093321356650918,-0.8007380033665895,-0.6161668508814419,1.0610122963421675,-0.1124714969271775,0.0215299147507454,-1.8327186639642885,1.10233581166191,1.711863762076644,-1.6995420554532912,-1.4289568628057208,-0.019664412443052826,-0.1804227512525589,0.0,1
-0.5487821683064007,-0.4740068454867413,-2.477495301132977,-1.1574724299490244,-1.1154243779363393,0.17913057260042695,0.6743211823049049,0.4612342118453896,-0.3647122919008896,-0.25196348521601114,1.2445872216024805,-0.21533369168038016,0.7236893083719418,-2.804182345477677,0.5334466593116688,0.8615308850718018,0.32982699736796844,-1.7184349223780264,-0.7598387978631026,-1.6719571671920086,1.4686852233128866,0.1364897496523133,-0.7727087915889826,0.6250014390833258,-0.19089555205789424,0.09757823833156573,-1.285028458380005,1.3122019492136778,0.25214434847669964,0.2702539628613572,-1.9605162283407984,-1.1339749567036692,0.5026742647544954,-0.1382181116075648,0.7822101904843227,0.06697815688223756,-0.5573598957789045,-1.395000452652735,-0.10524395930859637,0.5309072388847833,-1.8877122840338507,2.1195024514719005,0.458588919922029,-0.21375277424706335,-1.0249038369324468,1.0795447513869951,-1.3349199883534242,-0.7170508561681798,1.84891246194466,-0.29876819547419986,0.0,1
1.6461260375252975,1.3124807584800045,1.421033423739064,0.8088849574938491,-0.7559822740662643,-1.778203317566242,-0.5797938194054005,0.10849329048993143,0.5703948981484286,1.0370559645490316,-1.0850732632290396,-0.978618288101807,-0.7675330360622862,0.028893263522223107,-2.200102157135248,-0.0633400130329226,-0.3820700803804497,-1.3794346592242706,0.3030703836228375,-0.2498507901841941,-0.7461881080149841,0.5160196901121271,-0.13676286451117778,-0.016964256372536634,0.4096765983700803,-0.7269419522298923,-0.982712579925671,-0.3180166133678605,0.5585659922060531,-1.0750255006697054,-0.926215124401464,-0.1617740365782697,0.4017519708595334,0.4026555384166914,-0.3675485902315565,0.7291586164215628,0.13366348342034384,1.045824013537168,1.1980892400511074,2.236050353034676,1.2032206731282722,-0.37589164179471,-0.14664055554336192,0.6133932578349425,-0.15106975731032735,-0.3834303643791654,2.1005896707155767,1.4590532673248269,0.5095432672283169,-0.009611453994828387,0.0,0
0.8916766744371154,1.4574462144532938,-1.193294939792234,-0.6173571336911977,-1.1824082901063389,1.2354089724940571,0.8737188454804902,-0.4684639052311501,0.12643288305549225,-0.27898054575550296,0.3479710127968089,2.5360005471539178,0.18519927487151128,0.2865003022515782,0.6111927680387745,0.06963732127043447,1.6626266475699116,1.3268535760673357,-1.3857499015151375,-0.2972046020521026,-1.7572286214001889,-1.9884541043921384,-1.0315330528581306,-2.5410287520510657,1.2147397674645497,0.7165021802904635,0.6294560127662439,-0.9013210531457688,0.9934340509774116,1.0457105715663804,-1.2328744138912946,-2.244987037686806,0.14050758740914127,-0.16763042123756,-1.2170935578022903,0.2666175025980781,-0.24773812796401,0.94012771006942,1.4566428745544375,0.10567706828420716,0.3983952852400784,0.14556459921379436,1.0502450199472069,0.11480068459859175,1.5751191233539634,0.07605462760625888,0.06731675685539808,-0.7340828130908728,0.11425358752781152,-1.2355262207844544,0.0,0
-0.12755389627727615,-0.4641231773133844,0.2169960841443867,0.7498192560076328,-0.6380426949832504,-0.4678556990156525,-0.8350766337300095,-0.8375211642875462,-0.3329089041253871,-0.14201901026713856,0.2706412891332127,0.32761120306721325,1.2294655272888155,-1.300896131220216,1.8891208098372287,-1.0893947125351435,-0.6459734866636527,1.1081147324475749,0.29621816243330745,0.5701339716910829,-1.9334977100799329,-1.7565972186701622,0.3889083274275186,-0.9224987967608624,0.9339418952262252,0.8734538185144536,-0.27365347844449683,-0.20065271516839156,2.143285445602877,0.021969653313533444,-0.5267152269431148,1.8277575484811857,1.7913485246185437,-0.9124840787408776,0.35450088845959205,-1.0269052129107985,0.12806613210153345,-0.4532907503030066,-0.6209734251428403,0.526929199682374,-0.4646982709763977,0.5460267663293417,-0.4520947241715065,1.1273583840914418,-0.5132875311618418,-0.1494982038991621,1.497992534017638,0.1638288242221159,0.9265899719823512,1.0397489533653483,1.0,1
-0.6137111675007723,-0.7201340038186671,-0.7627656621647539,-0.2924866116805549,0.19293439806033005,2.2284707541628532,-1.0602709776155752,-1.0146992917484574,-1.4219576741136952,-0.7168796830823664,0.009205633823903044,1.073827601823027,-1.3884282153383631,1.7739892034499622,-0.6197503181762696,0.5415855184213249,-0.2873665582317673,0.21195949959528368,0.45952318411079796,-0.4849574157280022,-0.04186529975132268,-1.8863344741341712,1.4703510789107366,-1.3018099501516125,-1.070728415742966,-0.31364366848903696,-0.6487069509141041,0.18964062224730086,0.37842399720679537,-2.3015536004860766,-0.14543459067785966,1.2602206493489132,-3.1252682657687294,0.6115638281670742,-0.9938007988593544,0.4836872201310949,1.3477924626481521,-0.9887658171797008,-0.15041851985000304,-3.1378869865294314,-2.3741023466409485,0.4708680230884642,-0.4790029980705754,-2.2763321174785607,-0.2218116469624577,0.3697563472980217,-0.37290875458076267,1.244303292293951,-1.1232112177621811,-0.3769996405658055,0.0,1
1.483615076059781,-0.731147893493484,1.276788037905903,-0.511863943284829,0.8086422156753077,0.29268554614952524,-0.22030692839939306,-0.2910663232842735,-1.3132361242074546,-0.42728485390126536,0.13473052739337418,-0.12213266627502113,-1.4312841324244967,0.5769698543795649,-1.1561979311840411,0.5998253070299995,-0.15651035998332188,0.11873055893320165,-1.3356488417798809,-0.5834351176861019,0.6981398766531709,-0.5546514145364003,-0.2865257351700011,-1.2149647451699654,1.3597750106254227,-0.0047095673955405105,-1.0265950409413391,-0.33045419361532435,-1.3636119971649303,-0.13361973792433715,-2.5293085617790405,0.8327079106454628,0.4090526627949274,0.3216291570612516,0.7627039096488591,2.111284267029632,-0.15226210304843985,-0.977544143449974,-1.6872065813710302,1.5809635306328962,-1.4586419654927867,1.2535545336815614,-0.39635338308428136,-0.1574371450062296,-0.12621403160121486,1.151792798823757,-0.5926358255170111,-0.9338528045473014,-0.04123235395581033,0.6052144111747868,1.0,1
-0.452597261461505,-0.16636400632525394,0.8796731213636405,-0.4883926159438261,-0.413949938745094,0.037830906406600084,-0.8867629261288983,0.2680756415835427,-0.14855100144047684,-0.1613873107184956,1.2615486893545422,-0.2774754073632513,-1.82729400981861,0.2126663384946464,-1.3561869655506082,0.2796893553145292,-1.7393730419241964,1.856240549900614,0.5438313890855955,-0.9452888148268891,-1.5937828899304078,0.3449197625110734,0.3507303887962228,0.7964249372797593,-0.6143027805422178,-0.5417851796887577,0.2476746485016029,0.03123264265275451,-0.9908506246608224,-0.6980126948436409,0.3070547239503439,1.41257097413055,-1.0749033257925695,-0.8073022657867436,-0.9774905259767024,-0.7468146674040491,0.25858446936546536,-0.33807934058111083,1.5005116967108962,0.776384803227055,0.29910814422628434,-0.08987656610685983,0.4902182728005853,-1.0706897709695689,-0.940515599621788,0.4185109796495333,1.0289008175744163,0.29051766479084074,-0.8252525811631178,2.639696109127067,0.0,0
2.6787049525064304,0.2012245374767732,-0.5104960657232367,1.6824791604392897,0.0951110221102203,0.3172948958131315,-0.6177011073087454,-1.130093656003391,1.5653261632835191,-1.2015622775895505,0.1572526330175024,-0.6784916685866268,0.35872983203948705,0.9821570055682548,-1.4653555245018075,0.4868358445549161,2.776432430935802,-0.25405942138053866,-1.5152517558434164,-1.5902945632942156,-1.204389284387406,0.26056605340310035,0.7353285988719515,1.983021359000541,-1.980927861079377,1.017712438685753,-1.029364484523388,1.199926306757073,-0.2738354744227009,-0.2516669511384886,0.4074706382157791,-1.284323394736036,0.9861942507065504,-0.02487865492996611,0.3001087815402004,0.9381704748115528,-0.14502082036697006,0.2381234858309799,-0.3155344442466635,-1.1047526747103835,-1.0938036955994066,-0.4546248146806485,0.2404866188311389,-0.29819744130467674,-3.1444777827029036,-0.4726005542702106,-0.009296852125257828,-2.0101173013113303,1.0811192899107869,-0.32972544314625263,1.0,1
0.3128140248001289,-3.1284675591074964,0.9092552342209194,-0.5025055102967401,0.2698562419915421,-1.3523433212357825,-1.4539360072704777,0.5388629016640775,-2.15886994870456,-0.7302186166474947,0.04555369338854712,-1.57304340407129,2.0954473030837018,0.4294807707394655,0.4666350778183894,-0.18843803460110192,0.4239121114428494,0.6045050951691221,0.4799966474690848,0.4907479430537165,1.5057651355654644,1.4454786309894652,0.5253046633679123,0.8444754892910383,-1.2261475673165023,-0.9920875063362208,0.0023083203970967205,0.19951747124399327,-0.9150281036869744,-2.656308091914326,-0.9210877527448064,0.2428840331515163,-1.6100237644179556,-0.8749075946564389,0.008605847837790215,-0.7890603153899177,-1.0019886320234441,1.057306599610139,0.27930133886046793,0.09756935397878568,0.05487758532460316,0.8577751983091988,2.471286887307997,-2.8607049725264986,-0.19208269667184916,0.2298995420800983,0.14998057127775485,-0.2774912150067549,-0.9857600958726368,0.4190476186726667,0.0,0
0.39123108621679537,-1.5576282710922351,0.3126863459553708,0.4871430015131672,-1.0109992097171523,1.7184639703467994,0.2714336841793395,-0.04575999382305231,1.1532016002502974,-0.4409130034779081,0.5898992605653531,0.06599336292113488,0.6783235085048288,2.297442486058026,-0.9505862914203034,-1.3860247073416463,-0.7826754330167367,0.8740078945229064,0.03314340092498808,0.13425742434544974,-0.24127270707934664,0.6628152895576882,0.5366024106103225,-0.10706096434198582,-1.2969696571395548,1.9039881226943824,-0.03225673584775415,-0.04908895174007908,-0.5715050208755126,-0.573380803021805,-0.4135095084516069,0.25328597072285425,-0.7957057791837377,1.1016602739097032,-0.5329633172035769,1.745682981485314,-2.130492709855061,0.966454929353442,0.27937594620842143,0.2807335215157348,-0.3210090220615053,0.5323089980648269,1.9728973310553983,-1.6930712922977296,-0.29653587370786233,0.07715618661260984,0.6706763556601076,1.6047043578142963,0.3840954615910182,0.007315229800682127,0.0,1
-0.3343886096793673,-0.10490646796975713,0.7707785897414033,0.24796468361931076,1.3169051960039941,-0.9646245614089168,-1.7123668866582853,-0.7182165403611779,-0.4225425725981594,-0.4035195811374013,-2.191326882146578,-0.8792601001323573,-0.2246212681976175,0.095217586855465,2.2435159451378994,0.1426372010577958,-0.2746759777775334,-1.1777561628914819,-0.516957530572267,0.010045812306680328,0.6052849516897719,2.4615915367552423,-0.8269701342549768,2.110404462310092,-0.7117698220962183,0.01679661165053189,-0.2327725985462357,-0.4948609846371856,-1.9435567261215128,0.9517986524188816,-0.3521031198326636,-0.6091851417316136,-0.386319400377218,-0.5590505328352788,0.9501116343209849,-0.2404561502902728,-0.178208279105038,-1.1149489237862649,0.7056003400273471,1.1116052304637134,1.7448994940670706,-0.05202289024018098,-1.0997665953688696,-0.3514601600614093,-0.4034859642017809,0.0997007635595601,-1.051616659632966,0.6119247583537765,1.0486345730783215,0.25472720608251576,0.0,1
1.4489293862686246,-0.3151607300188552,0.3316205897021106,-2.00887229232344,-1.5353132183525495,1.550877428326304,1.40973346631621,-0.6877142800207678,0.3747254425596412,0.3417905957414529,0.5220558748225447,-1.5174590909173464,-0.5112927260181767,0.5829331134353435,-1.7096218348641925,0.3613614208184476,-1.3400186194224857,-0.7164607806036546,-0.0038303530501112492,-0.5357462185778192,0.2710604302487089,0.6198810402348535,1.1398777247844132,0.32519225106062266,0.9134728033416442,-0.6464248453168709,-2.382772112229169,1.315549745638544,-1.466069128484196,-0.5695240260203183,-0.273776445556961,-0.3457346827243377,-0.24432421618894215,0.05433560464819333,-0.2080462517384023,0.36000930142626203,1.0364958842151757,-1.2917183449726322,1.3118786203454598,-0.8763756031939838,0.3804862002888184,-1.886004467524447,0.2406870286874083,1.9934572980508427,1.3247500033551594,0.4515226590693068,1.0390336980634995,-0.902112451539046,-0.5334344626395623,0.685303493177682,1.0,1
0.2807701142709632,-0.41486123787581697,-0.7781303797998238,0.40794854736586783,0.9683994447806941,-0.2310718279362577,-0.4496615903418312,2.0525806416073737,1.0315787339479991,0.6699131678474934,-1.326809959802918,-0.7434314450089712,0.6296509469042175,-0.26109608960485475,-0.6270357903350586,-0.2100853755835586,1.1325660829947186,-0.5383709742170331,-0.04141430987155699,0.033483178652896406,0.1833118097264647,0.6016200319494054,2.8456078073792654,-0.22081501018067165,-1.1430919891443112,0.4914636567223988,0.2840712490967459,0.5595144948229598,-0.8938496653064582,-0.5613518926915894,-0.7321846111568351,2.0862110845707185,-1.2690164870036431,2.1550575403353176,-1.0322592615758746,0.7884789033788465,-0.010215353960308749,-1.434781684774867,0.4151045485345408,-1.268483548172822,1.5497674993455075,1.6570303095102048,-0.8747045735191401,-0.9523027354099574,0.4467530388909701,0.5687802675019715,-1.0455136643564842,1.0086008477368544,-1.8768811525364064,-1.1040483840053226,0.0,0
-0.3035686233079105,-1.3136337406761494,-1.120317767105799,-1.396123659157339,-0.1527106491401948,-1.0709881537320047,0.07429378752253231,-0.19353674078913585,-0.5730097444018722,0.05344587833314586,-1.0903175614815448,0.15339861344456274,1.032774014432484,0.6854989702709385,-1.2547167423814571,-0.4646199137986368,1.010071700878623,-0.9508912992027264,1.164546319199675,0.9502602744664156,0.7701522819038924,0.6870902034804032,1.077778503420299,1.6696691236992058,1.2076823661214884,0.3981395370546053,0.2469481515276335,0.5490515361206177,0.2270183544207625,-0.2808695169852302,0.8607786550654039,0.5581537691083617,2.800673038030407,0.2288684034266011,1.3093592487239099,-0.03719001060357029,-0.004321986814756235,0.3368313564600029,-0.12642091364767633,1.2815601772266445,0.8235406505211615,0.7181702803682697,1.0543966424268083,1.0300732035695348,-0.9624165565189402,0.42574684662022894,-0.8726917662857457,-0.5236012208367914,0.6254433870552762,0.106468864758435,1.0,1
1.1037773547182768,0.2529085051634863,-1.5292831115165535,0.3441545589922785,-0.2923898485256157,-0.4452039458280857,0.8367299284662831,0.2871371980383948,0.025539502692172245,-0.1015458262622974,1.5938956516734673,0.7695516945674543,-1.3263542494879936,-0.22828169951330826,-1.9002595949651069,-0.31533576225836896,-1.5069378661410098,-0.11651936458353332,0.737569811372272,-0.9060564302053646,-1.1645620300813426,1.467686908411633,-1.5718836461044925,0.1084774258470431,0.4937821837413697,-0.19586114113894346,-0.2875008379026417,0.7680670210236538,-1.0317344788459908,-1.1191324809074714,-1.1524255463903514,-1.5607526822392406,-0.9549552654510016,0.9957568263330716,1.80335585024354,0.6266434959230429,1.0527628372650597,1.859052364001919,2.8352463902342078,2.4085143380295504,1.4553110545818233,0.8760729906783116,-0.6181750849963594,-0.15491857242664636,0.02225237016881353,-0.3830878019947937,-0.7254985007775127,-0.1020628242276245,-1.1491941001723749,0.05484038867422632,0.0,0
-1.063550188333232,-1.8302636094547011,-0.30437551019763753,-0.4879161916288942,-1.3719642399943353,-1.0702873274796334,-1.5022279348900804,0.5618771164532781,-0.9880402807526779,-0.6761206561668073,1.534473459883133,0.5193659550147299,0.15596845503391474,-0.5239109806710872,-0.13835171285555498,-0.36883113322946987,-0.2701239016365544,-2.3276353779336176,-0.4260176262879575,0.3315632868249749,0.8611093250794147,-0.5188051979140053,-2.098644532408417,0.6591195070127003,-0.8066085276425587,1.4120102152369851,-1.1738282092025647,-0.029197330885802338,1.246991870022799,-0.27633066918413274,0.33827579625610943,0.4457391422682101,-1.8435674366847468,-1.176519896725595,0.03477866764562127,1.8448734073532425,0.4373423688684509,1.252500617179371,1.6754821131264117,0.5241151903748069,-0.7406327327918587,0.9224072016085502,0.9417593819067694,-1.3088073054281522,1.5871564293110183,-0.9396401774418588,-0.14857808097275946,0.9377730092165124,0.7295895575166889,-1.7466932035386196,0.0,0
0.8051303262276412,0.04931182435352845,-1.5021852598983645,-0.042736646837593616,-0.2634245641190256,1.3060113287447224,1.0255861728546158,0.1444219249426731,1.5845021843947438,1.1992481539892141,-0.2336455128011492,-0.17895364336249803,1.495433490254201,0.36993920250476814,-0.09364882910084674,1.235637732731471,-0.7410749985995786,-0.44041204975799614,0.5292358644567862,0.07693436430076636,0.5239120095041617,-0.7477941023275203,0.7033226103401592,-1.0168582120732796,1.7854548926779388,-1.3860247946280342,-0.08080000004119797,-1.6718557412511352,-1.4159238726174488,-0.9651966259394004,0.7024556435203716,-0.17950565769265386,-0.31537663221611417,-0.26938702313498913,-2.471519928847936,0.3336006000959151,1.503662675685402,-0.5143588320739882,0.7468951326543614,0.060322938081687774,-0.989584507651909,-1.0852695395805922,-0.3969223396269786,-0.9402545036656208,0.02334616535353219,-1.5067794189179435,-1.4317922426824925,-2.8643238242209184,-0.004578761674531541,-0.2694415928777187,0.0,0
0.07612391751195635,0.3272083023255519,-0.06803470639379769,-1.3164327130100788,-0.6608576882306701,1.3555370520662475,0.966524363634078,0.5412512582382468,0.12267166254695287,1.7188123638034736,1.4773709931250538,-1.1632982868889932,0.1454265573968727,0.2348591679062848,0.4787850788500302,0.5307076514144654,-1.5757720628836445,-0.002659420037069755,0.7525597142726047,1.0432185553363704,-1.1476000369126629,0.2624134745255156,-0.4647427304071221,1.1070361146833945,0.2087952578000859,1.1956858876514107,0.2479256607723957,0.4890692185109145,0.7138727984725549,2.0516365780411294,-1.40519389305076,-0.3118736888441697,0.7397078285659048,1.4458068112832212,-1.0550566163755568,0.3770837441010214,-0.2895987472379041,-1.2833911567961795,-0.4723560089471726,-0.8556003292128828,0.9082498004989916,0.6780763915459959,0.16401923273091604,0.2518418367464605,-2.1494179024083486,0.44836511630466347,1.5402737345374202,0.4005653726997105,0.29350970729869225,0.7414202739644277,0.0,1
0.29111481051165605,-0.6053016736815909,-1.187589077048991,-1.1784782513705916,1.0038956921986346,0.5410797513297742,0.3014490762706016,0.2625459749791373,1.509874059183976,-0.2119818886194692,-0.0841659141235483,-0.02050881598747016,0.5013697222582918,-0.7823740979635309,-0.9085095601177888,0.24123951170724595,-1.0998414887228432,-0.13159692806687415,0.06398302719888825,-0.7339270209342086,0.7946795341063978,0.2402490217477384,0.5036673322494878,-1.2627714459485118,1.4047773304703526,-0.39087534066601465,-0.5532564459845712,0.0940541522750874,1.5445256016562798,-0.2636041742180395,-0.14878920323448952,1.0838622358717531,0.11881667234401252,0.13831578844815814,-0.771283955441776,0.0427513627506625,-1.2150350269115864,-0.7469544515674921,0.3722494340047252,0.8293620404198243,0.8287191079176257,1.0386361277185965,-1.0104841465329866,0.3237161782533986,0.08504166507973912,0.267525446597404,-0.4004411151529484,-0.3031822661295438,0.7171779997274186,-0.4391097147627113,0.0,1
0.4874698870023971,-0.15850659717253868,0.6507559362807668,-0.4269165340590319,-1.0855071099063656,-0.6069516311302254,0.4709646062190158,-0.412951162134661,-0.5354161962942984,-2.3115552672195507,-2.0228498872558003,0.0985955247577774,-0.5047218095951213,2.2714528883160736,-0.895694855106608,0.29799036666836,1.1527462773692074,-1.759875850938304,-1.2492867443607871,-0.09289184615942286,-0.22141921675200005,-1.8664224557325308,0.011059514391808287,-0.7577477839383129,0.5538780044856195,0.03125125736038522,0.3012158654944153,0.3383002412132565,-0.3427157270589076,1.7366491833989783,-0.15195037760462365,-0.6375045237783443,1.5302510855132223,-1.5139608175670338,-0.5067983492695562,-1.521085258133154,1.221066292350686,0.7801187332737575,0.10352240150726473,0.12996206999179016,-0.5293298218129665,0.4086202854200946,0.323742019493427,-0.2868393711814307,-0.7548937073499669,-0.314973145010746,-0.6859720843753684,0.33374262098285123,-2.369899174983688,-0.42728861487138253,0.0,0
0.16908586607311535,0.5949549482770654,-1.2639099428377742,-0.4126130910444424,1.1039246322786298,0.7414853370846815,-0.034848581237892626,-0.7401917513827166,-0.3356182720171435,1.0189168651546572,0.9202627286345809,-2.0914065541046787,-1.5405348782858277,-0.18274711848073907,-0.00504636226967933,1.3105749320281133,0.7405858322033082,0.2668167730491333,-1.169248383910487,-0.5745310680799844,-1.5847932513285292,-0.6990042498156254,-1.2598000845830772,0.3996289343746426,-0.408102355443711,1.1235609908524398,0.4110431873014657,2.2580397429596943,1.3706318165343292,0.2836617863179495,-0.976762305841148,0.4535111137011378,-1.073803878710036,0.5003830251285111,2.1151436801249406,-0.8933089928511043,1.429442896467936,-1.9813850655165703,0.42617376389374456,-0.5455746732608574,0.0553020718390423,1.056735123402633,0.20898744225873875,-0.5470536214047247,-1.0123617824564008,0.8954708077096323,0.3387815153913229,-0.5926333502002495,-0.2690544221997119,-0.5709633028251944,0.0,0
0.7906485060029603,0.17271130281798902,0.8551835609750609,-0.1038065937522442,0.7312894764957509,-0.9508665355055316,0.035918237071705564,0.4936593333859624,-0.07892633854820409,0.19415411895764328,0.6945391049467439,-0.5281577254407294,-0.15724663431267238,0.5524836863675735,-0.000104555566523654,-0.7748923347415053,-0.8363027371346528,-0.26247733867528344,-0.5891948244157342,-0.5611219431259842,1.5959123762200516,0.4269143389025551,0.6245657560273452,0.4786296460894781,1.492833608778605,0.33050740648162125,0.7376797305790955,1.25118866490199,-0.6099028881120448,0.23203537137247585,0.5283030163699777,0.15209337330468364,-0.06837899869202263,-0.4198577441460252,-0.03791399379988143,1.090261928078722,-0.3954112907116562,0.3233968207995474,1.6028278714102375,-0.3737184036886778,-0.25820676834447304,-1.448150973790431,0.30515256413049097,-0.7073899290050558,1.6776200432030228,-0.7995475934717639,0.2721847623887735,1.8371853236362168,0.8090547558397657,0.4582661033432798,0.0,0
-1.5562162856343438,0.852230685998586,-0.4648029256193852,-1.6553705785167918,1.1142010436819991,-0.420795635790614,2.131549578734257,-0.5444398508104547,1.2668259984349186,1.0751085291207068,0.6135895058325957,0.2615806870934877,-0.5020653730093495,1.3767391035018588,0.16322725250531353,-1.6277909608178545,0.4992593319339219,0.6408577531243761,1.523586489941703,-0.19553520537877853,-0.34710084306301353,-0.4815658553189137,-0.04297154249048262,-0.16042638402923684,-1.1530205371349196,-0.4641800523528872,-0.5319688086241466,0.11977295273433435,0.3397962944688253,-1.7535181625478058,-0.12261165443550485,-0.7994392402021717,-0.5806219611220284,-0.040140457129861966,0.11324448342832802,1.1384925413856146,-0.8876740667316415,-0.6127739996661806,1.856729877824684,0.17145788662664396,-1.9874735467013915,0.6528292069606302,-0.21224644664716566,-0.3785331968679066,-1.154844673642954,-0.15348520127165022,-0.4392116853371466,0.4631363910096646,0.9762943252336796,0.2312489408636511,0.0,1
0.4393526400780286,-0.2121568084135504,0.7786717377860699,0.9943612993001859,-0.2491658815763033,0.16834982004955196,-1.267624372413921,1.0828380693314354,-0.621988423891386,1.808119320513505,-0.3530435103186861,1.5112752715060065,0.34581016463740577,-0.5074336251172756,-1.4029565837109443,-1.2415181810534623,-0.6085926574135944,0.11000100859792314,0.06383225740759302,-0.02897793364700805,-1.3358846685645964,-0.04653827026365066,-2.111592145830065,0.3597411449481462,0.6156679177884159,-0.4787089728323876,0.6310122448360495,2.794617619587439,0.6667877291794156,0.5386153207802196,-0.4636708811900456,0.928221027856852,0.487798833780614,-0.4652786974786877,-0.7836174674788341,-0.9887093714860172,-0.15292819186942394,-0.6336816972930099,0.8888089385584371,-0.4050720790746695,-0.6393894247252789,0.8775873329883591,-0.5242734435616371,-0.4056848479188678,1.3285798332340215,-0.7274350382511668,-1.0302845609026392,0.3729469730104121,-0.3372091453978051,0.2752820951330497,0.0,0
-1.2998172134096513,1.0166112810088537,1.042695575084766,-0.7371576518879128,1.3519257953532589,-0.0271488054504534,-1.3744222750396475,0.062259287862354976,-0.5207300285345499,-1.669858844737595,0.133374963235502,-1.4226495603875118,-0.8468610876926648,-0.5451248427444376,0.2457342684063468,-1.1950060929817274,0.7537546459254134,-0.12356651655179335,-1.290054476929262,-0.3761358698530135,-1.8884136956059905,1.107398373123928,-0.032457972046282195,-1.0359904060661698,-0.07915630878322563,0.20527554889273586,1.5277039227466054,0.20096800361178016,0.6292546290335103,1.0195889005390548,-1.2147704501203804,1.3970251682783856,1.488022252693053,0.1691944880907977,0.6585969056447003,-0.8369842722710887,0.9302695601524804,0.0346863959977255,-0.8006325717722962,1.0515831437045309,0.6718646742901296,1.1936108115110262,-0.5858075533959507,-0.09427581256506988,1.2315538022131114,0.7091292932535501,-0.9711368086830346,0.7443837131087044,-3.15455896696522,-0.9044527621413768,0.0,1
-0.3891334614091063,0.3666668635556787,-0.051485200879050064,0.7973336454783023,-0.12342894047926414,0.06351934364265217,-0.6134017164043801,1.033501109230164,0.6531461391323556,1.9217428174231848,-0.5428352727258043,0.3699721099564695,-0.5177103237827974,0.8365348624301018,0.25596126041803263,-1.319575950367492,0.20814895649383736,1.3419935738954305,0.43916698912897495,0.7876687157874445,1.4381945853106597,-0.5812182968836379,0.86332363087458,0.4286090551032191,-0.4948983208719478,-2.057956255386577,-0.1760446111342559,1.1885537615839663,1.4040145611651038,0.5635459032427981,0.9424730308735372,0.6093003070024446,1.1265468094538766,-0.018274290802133254,0.18240524295485874,1.596574849446296,0.6575550925959239,0.4579373498848437,-0.3677376602482336,1.1269255643612788,0.0959992136310883,-1.2496549718091017,-0.3144331488932475,0.6541689912616349,0.5445548028389836,0.8912037049632793,1.6706680871065671,-0.20959378329381512,0.8145024228659855,-0.5127049236804324,0.0,1
0.5110766971994989,0.3551658205877581,0.1833658457442025,0.9780278650881544,-0.19525435066423624,0.9553162281258448,-1.9057235849432044,0.7796998376372748,-1.0245507827944913,0.5083379483066135,-0.6153787316918462,0.23042257314535586,0.5729855279027185,1.796275586071708,0.3547769526611954,-0.0566574307221761,0.4438154531665676,-0.6439719776584415,0.36381347581282747,3.015210275312638,-0.56282609404926,-0.9262393194686048,0.6527479762365441,-0.8091159904556409,-1.2533577496044297,1.0214283056387479,0.18163854682699135,-0.18054689579704264,0.3437902836187716,-0.3774939928344229,-1.371998696472261,-0.2742356134771618,-0.2146076811437944,1.5288719012200338,0.31866441109120713,0.5788638311503055,-0.6198719462982841,-0.4497192843606439,-0.7656803889062739,0.503786505063175,0.5677569064735833,-0.4916224998321709,0.2787636684335464,0.3653317349959896,0.10425469072031272,0.5147425748784649,1.290767096447816,0.3355269728658916,0.4375391796140773,-0.8406133611338383,0.0,0
0.7038340334939235,-0.3583701279476892,0.7082226109324009,-2.3081822049574563,-1.285362085986988,1.1423612464777908,-0.2719017914431163,-0.7995426032781856,0.5272379633776628,-0.29262518502800833,0.5656865345717482,1.4340012353001506,-0.548647397606539,1.3243279257847251,0.6836038685651864,-0.6941669526235206,0.9632239596741042,0.9781624972393059,0.00850118261624208,0.6859815386700681,-0.8672811557931293,-1.4165669106372314,-0.8258852583122609,1.762256363795456,-0.5272447584732893,-0.1945849722853678,2.249967747050205,0.6574659091756941,0.4551128678942879,-1.6823472547202882,-0.7073422276642921,1.0474179666912906,2.5648413193058865,0.17277150365768473,0.915684496295688,-2.7282410750830564,1.0838739436100546,0.4968360305120922,0.15019388895181082,-2.6873602775361727,-0.2085538858656981,3.046007572838409,0.8693983861013139,0.8977427875626292,-0.06369774630600862,0.8763132955323655,1.3938032033309984,-0.5318218858222886,0.9787349679400436,-0.04253142636017967,1.0,1
0.4934372360278101,-2.7043652475259967,-0.5551857968857017,0.0015085602585323296,0.8570938168891852,1.4811436466626788,-0.21966112236298194,1.5033981564928736,-1.4823850501349751,-0.8561642180677683,-0.8286927702344518,0.11404760330098948,0.5277284702696486,0.15583822209143852,1.3014293986554235,-0.9948019075832216,2.094665338082445,0.3594289939554043,0.6910021185901221,-1.4857196083622273,0.09878861473099068,-0.2283210306835901,-0.854775487342927,-0.5131451059514202,-0.9622159843780512,-0.4824509112827937,-0.2394697573128013,0.4597442269016178,0.6464301659040527,0.4874029609137859,0.038192468748129815,0.9894865586579344,0.1436226349585432,0.7502979284867325,-0.4095714251537835,1.4474070464881408,-0.4045340239622074,1.14892501369591,-0.9389104909640118,-1.901464051718477,1.0954333513424008,-0.3335437866327996,-1.4418485745457146,-1.4166667484045508,-1.6295015181180854,-1.8152558081043624,-1.0561690000183723,0.5542749330320416,-0.9500180100254156,0.8579993511102255,0.0,0
-0.8101986770814398,-0.3504163630398593,0.7916049519774268,-0.6369939438684004,1.6428624671358991,-1.4277520135054331,-0.2326352887844852,0.9602916914254492,-0.2252140377672676,0.9253205806768282,-0.24292394911690204,-3.0619209271634085,0.26344871272773634,1.6764921928929613,-0.13406352185024625,-1.3075556878650008,0.8136246801241228,0.6564713884909904,-2.3838525065636818,-0.5895225325001913,0.3755063866541732,-0.11215008710159004,-1.7559408791886733,0.617679529508861,-1.060110087764213,1.031099263220821,2.1003416951404352,-0.4332553292956928,0.12009852611421246,-1.3683791623406891,0.22873437913222264,-1.1044030736554251,-1.6807238426554554,-0.35029294733629096,-0.7820732017104766,-3.1098296411932416,0.7772638602203777,1.5071194164006954,1.1477875357530851,0.7145000037370804,-0.715273827484082,-1.0660146023967405,0.4649990798971463,-1.0308160625628555,2.3101679717037844,-1.0196840400483922,-0.7224091516620684,0.3061421929352041,1.0373366438144014,-0.5352338694199519,0.0,0
-0.4585964373142318,-1.1089576479339311,0.4184980196161195,-0.061729470756119474,0.11478297708184387,-0.12534799966471658,-1.250664532758771,1.5007923587459302,0.3526296808947337,-0.5301853496093721,0.2531922403032843,0.5388606618387741,-0.04815903553728573,0.1581540091933497,0.9916660777369324,-0.7937579698865148,-1.2621423595792676,-1.1172403980673338,0.04163805302429754,2.238971156053284,1.3843088537537764,0.0541330973265107,-0.7997825414095515,-1.089230591028416,0.7574914967741943,-0.5417958093912545,-0.3204647858350547,0.3269178235333707,-1.6212741444348002,-1.3400679763005219,0.5911417295397482,-0.6744317383225312,0.6470097513749996,-0.03876301241746466,-1.4797206528465905,1.4366869336030854,-1.395065144586615,-0.4784504974496389,-0.7312818460646767,0.4380826853829182,-0.1674599079783647,1.1388007604971446,1.4338484368600473,-0.1672667094545036,1.8878144524394544,-0.9169232643140158,1.1616320519822905,-0.06605122035100931,-0.44105424989499575,-0.5097033728079732,0.0,0
-0.4237329858123008,-1.5471903851694782,-1.7005430398716908,1.824509807471022,-1.9249296009402552,0.2870090124708435,-0.04954634860850339,1.412623533727091,-1.0288557321183147,0.17942214447425855,-1.166424527970518,0.9029175599171884,-1.0332048683378017,-0.7139513965755916,-1.0297220807463716,-2.039227627429282,-0.4359609696240877,0.6082312468995439,-0.2692499931512979,1.027292210404768,-1.1517180188921528,-0.20825410197988936,0.6200412516596598,1.6581124350340382,1.4890418055992456,0.12040355644698388,-0.6638718396996801,-1.2184848513150928,-0.7953683076451252,0.4752054698053197,0.6494021241524383,0.1249171973646186,-0.4187820001728886,1.9851428412001508,-1.220247650776347,1.2442514671790252,-0.1228903823113343,0.5941501591647579,0.7956251969842232,0.12024004959515767,1.9271942649866505,0.3477987500787075,-0.7766300661934504,0.4961534082453846,-1.1177354258320589,0.8523601985332472,-1.5540339593880514,0.7311705853405549,-0.4285194488977944,0.15997761918863002,0.0,1
1.269852349311937,1.5826322637622896,0.6758899044498965,1.051970885958033,0.31166053945380184,-0.8813236772133609,-0.3913470830004189,0.2351512966664024,-1.515075836384428,0.1702664215208501,-0.0014660717997736585,-0.8478021013965891,-0.5331712007217894,0.1752746579979181,-0.5926210592819015,0.3013098189164865,-1.6059116772296749,-0.050018084513241336,1.350486232795013,-1.4519474285425351,-0.015518660385161866,1.5215529922721025,0.010570608987282109,-0.5708983703695111,-0.03331403725808616,0.3817498827519836,0.3028310993817581,0.20776110174069476,0.5990996581872176,-1.4359741297869557,-1.258938278496623,1.3233889920818858,-0.040218869446978785,2.0849964445590183,-0.36483532761395293,1.3962815405306517,0.8396241971107263,0.15488014720508428,-0.8153393776725018,-0.9567468464688332,1.765465105798428,0.4352813498397622,-0.7910671982432488,1.327974731427913,0.04052749789055874,1.5726439908815693,0.0032117983421420873,0.27381401580656123,-0.7719683858136055,1.260707060140568,0.0,0
2.7554768285788573,0.3920018902594704,2.074335167226545,1.2052339878013083,-0.5468822220588642,0.5300623965802952,-0.4563081398209877,-0.04229176092469481,-1.1359179803930557,2.018972540270056,0.3477382109724491,0.2569225832242173,0.6667799752740775,0.8003571103380082,-0.08113792714958268,-0.9022208182874056,-0.8311353250352858,1.2231047033418805,-0.8228072255307576,-1.6532886526792847,-1.3501413483793114,0.5760203972183098,-0.89547878101132,1.310129346015385,-0.26757138298518884,-1.2097543837070688,-0.4648174412608414,-0.9095840427446892,1.1173578668207056,-0.4553947585520023,-1.1461777724076494,2.2082844094362057,0.9540865264662262,1.230235038729806,-2.061286589232084,-1.046709329499052,-0.8190244624928099,-2.4929433380825614,1.880089309429192,0.7771343187144406,-0.6421586036715415,-0.8672793584767509,-1.5844274612290266,1.3856608977306315,-0.049802476725733416,0.2518591069578429,0.2890949071782245,1.29298648349318,0.3758243637824136,0.7694294427751821,0.0,1
-0.15098274553262472,2.2893014384099577,0.0956761133059797,0.6838501599188512,-0.11072687907680104,-1.2281019672364175,-0.7059212663390007,-0.3974708394828162,0.850831796221509,1.2221735980856656,-0.007313782106819816,-0.3319152457162506,1.3844646018600308,0.9617791002809823,-1.2374077343857248,0.9642055373585294,-1.1671779897922274,0.7823184888469485,-0.2657788633653761,-0.7958325239038009,1.1408642267929958,0.11149976756359728,-0.15514131873435993,0.01675304480655363,0.6556546250143371,0.18200937408920206,-0.23478881411250874,-0.3225139264145129,-0.6749261907783269,0.29138632110721624,-1.7259223702949784,-1.4373608545465333,-1.2681619894685832,-0.25470445333779185,-0.9905191699682996,1.7443800624827488,-2.0302302267661942,-1.4574440982572126,-0.0514149884520913,-1.1245935383405672,0.19344131285259708,-1.9508313360116945,0.09337339292135537,-0.02342430736991225,-0.26198342513652634,-1.1251055526484797,-0.008732659688380462,-0.6596205468542696,1.9074495937534384,-0.11383530715638268,0.0,0
-1.126202607437811,0.08873842245825443,0.4399580065259846,-0.6485280504579676,-0.5036619765811513,-0.2173894806875975,0.2683903307976496,0.8215411721497295,-0.4072374994862584,0.0253986033186193,-0.6390612831132837,0.3645431579106668,0.20679574173424806,-1.871025861942356,-0.4440268754526008,0.4532139977224024,-1.1480977459463493,-1.307015335777432,1.2422115493049306,1.0785337722361064,-0.5856585451122704,-0.4988710933981749,-0.5688826808853872,0.3938473726603837,-0.9480970658534134,-0.20259566089508504,-2.6884806623434088,-0.011114628357772738,-0.624912672557315,0.6261125479386492,-0.2710731362336985,1.3708715165799543,1.2586634465087096,-0.5570617350697498,-2.5582894371708664,-0.19035534454563846,1.0549891137985643,-0.056998076788849016,0.2867624090983064,0.4702405904235466,-2.833492405796111,-0.4699641650419628,0.6671357704170469,-0.2836755126445835,0.023809665396120942,-0.5772521190758764,-0.6111990422391973,0.6712378393934586,1.6378039111617075,-0.03021483182889545,0.0,1
0.1248149250004185,1.031299910784547,0.4335794243411861,0.39973229854567655,-0.6541314964531322,0.2254417349384147,-0.5170064303325994,1.7965017731544648,-0.7033745769689984,1.0779698142722571,0.9429099103068096,0.5518729275217561,-2.018641770460862,1.3960993333842042,1.4319686706134829,2.4196012009683705,-0.4581256657156258,-0.3625103501438021,0.6353549897819588,0.07600130930606759,-1.2857643410570507,-0.6166239532572046,0.04711491892817412,0.43330238347208144,1.7754044747194755,1.2905063163231942,0.09793868245088692,-0.4608306291582706,-0.001042178816444918,0.9611224087954856,-0.4268587462793575,-0.7642429845094987,0.2626338744453975,-0.4847439784862261,-1.2473131146592826,-0.9879187617756432,-2.06108673363117,-2.1102086897201886,0.13979058019078794,-0.760780364123109,-1.2072726386670534,0.638933149196418,-1.5214643745050616,-0.3919422670256533,-1.046213084820845,1.6421800428214857,1.5396601606901452,-1.1329167877284985,-0.29594167658198545,1.065358043085281,0.0,0
1.358036017468954,-1.8321487581133018,-0.08651154170353459,0.6982012453336329,1.8435591670614482,-2.6144142049972103,1.2030162626069107,1.650836995828224,-0.27401307923247104,-0.1385944768707071,-1.5920241833226898,-2.9397674856206066,-1.94316416279827,-0.07663481470925931,-1.4837341054195299,-0.5529197500270365,-2.461546670860748,-0.16324289594805022,-1.8458814500003984,1.285508189879934,-0.25877222329834304,-0.2717014845921908,-0.4530933019178972,-0.5956906507484517,-0.9339870899054118,-2.088202608497048,-1.4572913415875988,0.3910750819032207,-0.5857986964040379,1.5653566461538828,-0.9985846105913514,1.5118576302524729,1.4896467062613472,1.2961038097857946,-0.9472477525675654,0.9978340396381508,1.3647752332120109,0.2758318049045348,-0.631297990711797,0.06887003760609142,1.3101797497987029,-0.958809308712342,0.11430069897875453,0.3647515175066232,0.13580995406677507,0.8182720889852629,0.2328900155706532,-0.5473436933753417,-1.6907790187437242,0.7924111572408404,0.0,0
-0.6267736581234646,-0.28748842545601233,2.87038650382434,-1.1227574178700082,-0.09998243710979512,-0.2668229212579433,0.4458763312280785,1.2043008083470692,0.37542575864034944,1.891330531029482,1.9458230313634304,-1.1285892862245726,-0.3492741291555842,2.198489031904574,0.8251345576615406,0.8763946449815124,1.4878347146093451,0.19504798477157276,0.6917782331721719,-0.18005111058608206,-0.7863752044067907,-1.797142594272064,0.004471629333694354,-0.6286428466215847,-1.2061180175307409,-1.2160940307904475,-0.80007659211042,-1.1757973555418555,-0.5182863817611995,0.3711576478135248,-0.08521235553466201,0.8222409013365739,-1.3855908950520386,-0.492218847408447,-1.2302393626803756,2.2446770512206693,0.15158145200274475,-0.4879207230104954,1.5036842014284633,0.7859976360425026,-0.13439844881368668,1.0739663597232318,-1.4883207994902066,-0.9135411721912552,-1.1114468469783791,-0.4186238281458245,0.3320245884813529,0.400291472915044,0.03334016289254712,0.8541116349572899,0.0,0
-1.3890569566439719,-0.6890798438442821,0.2443691348109089,1.6708720004584925,-0.18793437188011072,0.9938783175186208,-0.08419067623737063,-0.4213224514940681,-0.23930951905084866,0.19584252485183307,1.3858365257722751,0.5035290677266551,-0.16262976258900982,-1.4927740088544992,-1.8508331879711524,-0.6277268648750324,-1.5219412055785058,0.6880933276633129,0.7928549885968211,-0.6416791110917358,1.4618245143457689,-1.4371528240967353,-0.9454799248835868,-0.09122343063960764,0.12128953621865585,-1.3454696720661623,0.6602108446399628,1.1327837592895862,-0.18179204140241825,-1.2815330614093576,1.1124730684675253,0.4840631356185746,0.026454340753106938,-0.26238208026856663,0.4092744096235763,-1.3721691955069142,0.7719718534896374,-0.4688526672429055,-0.6084311390469659,-2.2103603623536605,-0.4107220190269081,-0.16828839117770567,-0.9295775393864724,0.5494225196679182,-0.6690376254127498,0.3863635242416704,0.16305341437332385,-1.4009252348360717,-1.007484090057641,0.7854117399894608,0.0,0
0.7600724711729685,-0.3613839314744648,2.319675638894216,0.210331527443422,0.13754970354362198,-0.2976768657523165,-0.3107828845842128,-0.2439754812384953,1.3024058013141775,2.489314817706086,-0.13647814085163196,-1.051433945260796,0.423586086023287,0.022100193746297597,-0.39453191393926745,-1.0869014607466898,-1.653275985471847,0.8844302760514117,0.29266910731991497,1.4067027097251896,1.0494443212747713,-0.9081623177288056,-0.10544922812639712,0.35748600819468346,0.27557567092171403,-1.0243962385318723,-0.05539303687230816,-0.1964486953846899,-0.2608451544868249,2.5424783116915943,0.6660914946228871,0.5014978617982352,0.15547776617710835,0.9191809502387924,-0.07443641785676561,1.243881788258355,-0.08624976941060611,1.7982270849696096,0.08786714658689808,0.04435708672907248,0.5620472471096177,0.8433394895462032,-1.7238808078236163,0.4724886092450558,1.0209284025939362,0.022792954779585508,0.10015872728948036,-1.2777891663813916,1.130482974093728,-1.3243767570521443,0.0,1
1.2377653927394452,-0.6657035791466179,-1.170957967528298,1.6446936478433032,-0.4232589785613573,0.8222809404344985,0.7095071335397893,0.3156350159186346,1.255881629537544,1.568898132459691,-0.5975849471841533,0.8339713639867801,-0.18431145436456506,-0.1861910299845953,0.7656266189722035,-0.7423670671534458,-0.15068387763858532,-0.27452783255059343,-0.3257667703209674,0.40945262701786855,-1.7072796422879724,-0.5112505026735771,-0.09636435828710373,1.9508733006964143,-0.9402922078474584,1.0136785460636528,-0.07762137488924463,0.4889791198773062,0.44026135056141785,1.1087227796581565,1.1828206689377154,0.9709009403547374,-1.4272735240956864,-0.11351169286604085,0.1212602443906657,1.2593414787082384,0.12543408055685132,1.0977096673739977,-1.3897321623452976,0.8175688846324951,-1.4375099725857208,-1.801327972948054,2.645218724277944,0.23081638322734474,1.2904880784489632,0.6382290656920038,1.3602784506346852,0.4028681330583872,0.3967526449848304,0.7028938128203913,0.0,1
0.7212109589923549,-0.389895688539012,-0.09296742567808923,1.6404951652673374,0.338023385872477,-1.7839798709097716,-1.019103170544433,-1.1030033783744644,-0.5927869082748097,-0.2544065505681957,1.7860244444284767,-1.5536044125516786,-0.16124229355307354,0.7334606668413944,-0.27773317006741394,-0.072042726166254,1.0192694796587016,0.3599405323389103,-0.17905626202414868,2.8865683022903723,0.7498835879068778,0.7048008858585094,-0.204953151905455,-0.7319639795315089,-1.0981144524910644,-0.12597508058180315,0.5119902838583468,-0.4644269207569634,-0.1957017423893204,0.2305820842151032,0.3161477148229741,-0.7716805523384366,-0.8882608912289374,-0.2878371040394105,0.1643914550213366,0.12756773585608694,0.6760586771381031,-0.1690422880266602,-0.1068221668533093,-0.11674381952209685,-0.6296159440276669,-0.9879133783437616,0.08483476890806634,0.14203789167480574,0.9164752795232184,-0.7513921964145447,-0.1650733545195695,-1.146989706406203,1.4201635719546568,1.6546458731826081,1.0,1
-1.5664742386548989,-0.3685409907190853,-0.20254493215816768,-1.0588199283418058,0.8770514956592507,0.637950866095376,1.2906427252052843,0.0395987727909948,2.0078153059813326,0.44260175789654815,0.1353361823647635,0.5498565159758824,0.39041522984413946,-0.070805896306707,-0.8636994682852959,-0.5472035932286216,0.24822566311046956,-0.7361991819444362,-0.2140092694710676,0.2324219869335649,0.008857561699826284,-1.0234877605840698,-0.3036886656972543,0.2875608924103856,-1.787339883341441,1.2556037986994926,-1.8709940849169409,-0.5472304127259596,-0.5694231106959704,-0.4700427475312894,1.4609318403110647,0.4628210789145588,0.006426667299587096,-0.4881111378530392,-0.7660719394081658,-0.4112890556099031,0.040545824122318865,0.9374472565894856,1.882614132944041,1.8169288052193089,-0.9279618211450332,-1.2350725031236112,1.3858467414902391,0.4374119517143039,-1.8724095217014176,-2.5263480899140465,-1.3026118256392336,-0.4832287328720997,-1.1665057651628377,-0.4795295488294606,0.0,0
-0.35214535738378555,0.14490524577279296,2.937309859028362,0.13301972741804205,-0.8419695451137056,0.22276397368635906,1.6664547023608502,0.8486029306820908,1.4017793893715358,-0.6004776642140464,0.049052820178549165,0.07878823192418863,-0.19342144517272067,-0.4990198486408783,-0.9202152242834032,-0.9580709476463531,-0.525219045957516,-0.9710722122644848,-0.6106513811839277,-0.0619189602023756,2.7403353671824493,-0.9000267833391188,1.9101581769774911,-0.6440462554973295,-1.5543835817494085,-1.145943891091257,-0.4285788905505197,2.0563784537031435,-0.9118771943710092,-0.7498907486582924,-1.5261165786348927,1.1539296469498708,0.5702622085395003,-0.8476456763222678,0.21345516483672825,-1.6614597406307938,-1.3314167198313869,0.4185604258506482,-0.16222683131978965,-0.035742962810023725,0.9538192624904352,-0.16065542411152214,1.4467205456044194,1.9926082029419367,1.6846912658086486,1.211088282404592,-0.4813950309010018,-0.7087860195446,-0.9061487691602974,1.0960374411859617,0.0,0
-1.114767469426973,0.9169221721954736,-1.0476232374808157,0.6353082373007204,-0.8581670893833105,-0.2747444099310005,2.034472816738764,1.2515785428605652,0.6678397169124236,1.4247059791034409,0.9719812974775084,0.9110174146599788,0.8414154193925187,1.3466000444060218,-0.3388998646947973,0.17174199557351522,0.03206636628496051,-0.5477551930494747,0.7810564633921939,0.6013201313159608,-0.5139247213891863,0.05881866521705344,-0.5759128959869732,1.010512174474434,0.6673130705219185,-0.184997394895838,-2.332839186607266,-1.775127428497143,0.2540766045567995,1.6347055821758645,0.9938049699872183,0.7915268820798591,1.3091696494172265,0.7508703756332242,-0.034024974664524706,-0.01702012402986096,-0.8302334945587636,-0.6947213010207964,0.5938470290923702,-1.9730887546857807,0.4782169227083185,0.08216208492201504,-0.04556212455157865,0.6647477118874777,-0.32744567480823394,0.19969512117081428,0.918573712977712,2.515595207832249,-1.760060419542914,0.5635365609676737,0.0,1
0.6651160413249007,-0.6093125349545895,-2.097254528865485,-0.8326476084242865,-1.2878207253071388,0.3927492794720246,-0.9511135978643284,0.7052483571840856,0.4163999410741062,-0.4155128325268516,-0.5367597930571703,1.4439187543307084,0.22376154691813796,-0.5890276403294321,-0.8289474161493989,-0.6072924813632208,1.0379388454973462,0.19437683099589811,-0.7578575327215775,0.030969008908520636,-0.4788944332869627,1.4962592167678428,0.09280509708039006,1.530576973879623,-0.20108145701092164,1.0003789674189736,-0.6531131776578659,0.11583897481041258,-0.3867925125146364,-0.7381004866730834,-0.3555236977149925,-0.409933266582464,0.32693861546746783,-2.0528467052461026,0.17230714997952287,1.3264956670772283,-0.8787945079225531,-0.11223138274700137,-0.4458147919470779,-0.013434415080038892,-1.7498065667582172,1.1286848631351436,-1.06137096448777,1.4960819783628216,0.3824867313393072,-0.6046364151003093,0.33175554711228383,-0.952844467243499,1.3542954457776768,-1.1398154402286478,0.0,1
-0.0018969965294483664,-0.9637222721708176,-2.2222691562094314,-0.6516857493294571,-0.3596087386958717,-1.5609336594432233,-0.2712649196415037,0.9139164154522642,0.940549578061113,0.8024539496493812,-0.2511145731196318,-0.21562225477041275,-0.33520965527743296,0.02249794786917083,1.884614597303542,-1.6734504955611396,0.6638915578751314,-0.11104588570523848,-0.935653249076823,-0.25644162495752704,-1.168312961797933,0.01022789802647936,1.7456323148813868,-0.26443675196535044,0.0067715385766669405,-0.6533528327131582,0.19609253695271167,-0.10936827655190776,-0.8696482063310912,-1.908808388918686,-0.9263399625481464,-0.03136896399281594,0.039023080568498264,-1.2623855594117386,-0.018986933148612783,-0.19852181836427468,-1.3771521165711014,-1.3664063744780388,0.6159322320040042,-2.00334692533368,1.5683367431572073,-1.5648027040117778,-0.1666004472082058,0.06260576285010515,-0.6066285236519773,-0.9959010747852304,0.35247824985643345,1.3736050828958433,0.03743259070358368,-1.1986281388262559,0.0,1
-0.4406960948049126,-0.3425681535909641,-1.5454464617242152,0.8893812806836766,1.078827022826158,-0.2644213717199099,1.0952906553837782,0.35829461744660024,0.6380580088236351,0.8577123520684641,2.0599280407014784,-2.4829745355150683,-1.2053145178119526,-0.0951235462437812,0.10469255098612087,-0.7247547424211019,0.8341749058104507,0.9803660051346844,1.1801764857417534,0.9038201718595852,0.4193091794471963,1.3574238196607404,0.5740983790614685,-0.13797912707734172,-0.4334086648923842,-1.0715720950761451,0.8311514594272151,-0.5558591241246204,1.6531260183257488,0.28713457669897097,0.7579457681024592,0.4684990333204375,1.0236956844698049,-0.19968935820694872,2.921235121355344,1.3071483450766783,0.3507643872398042,-0.2256187816686601,-0.8366549981904821,-1.996257291186284,1.0956556796646484,0.23182842119569194,0.13700935202653713,0.5401770734050916,0.06951612040918084,-0.5547427202575292,-0.31251583456786364,-0.014976035818634657,-0.6718949207182886,-0.8469097069441067,0.0,1
-0.5030426518515468,-1.4884227100876852,-0.3964270504581047,0.17013432727284655,-1.8082349112415603,0.7085566250753951,-1.9380036803681164,-0.8699873576355631,1.6528095542061825,1.5097297901025468,2.5666475939525424,-0.3313407048744519,1.8212326307028728,-1.6913321602534932,1.2670154097148332,0.1601806675020173,-0.4871920115342418,-0.2675978458261815,-0.7674393750137949,0.580296811570577,0.026467634773101684,-0.5963032820623313,-1.1499390186636556,-2.241337799409902,-0.40755056879772217,-1.5209460701084154,1.7148254995748873,-0.9549595767509474,1.4448617868007558,0.16781253374093208,-0.8982140751079761,-1.4594982015551774,0.8429601488051043,0.364641127385336,1.9443364960371716,-0.4706812804884161,-0.1889344362526108,0.17444730034544387,1.20931660605408,-0.7554017065137316,-1.1079452302580317,0.0011516834710877438,2.3130627063849243,-1.0822726448229043,1.6531734006114798,-0.19811202088785956,1.1018076452109908,0.11526033150009354,-1.0908807024165863,1.5146319075782384,0.0,1
0.014915767680936382,0.009150656436288387,-0.15966713914461675,-0.17187910803688,-0.1930290529837846,0.4278731175666144,-1.3005766099786331,0.9888388930009516,0.13202617940012704,0.38079033702187504,-0.7383517392156582,-0.6123526075152209,-0.99963958429974,0.3695486410504425,0.2836527479773108,0.29742476597610096,0.7225683164155274,-0.5811422756088654,0.2568682369924511,-0.4897672016477203,-0.6557674445040556,-0.8107351604463469,-1.0441649400170945,-1.5396814809740094,-1.6649898025105343,-0.016145601870710572,0.7428199542984801,-2.651533872112688,0.47145837735351703,-0.9155595562692932,0.8296677926151299,-0.14781140808395607,-1.1327105989833628,0.9411308571976608,-1.1021886884053211,0.13084670947058122,2.3416616451839305,-0.4788289901776112,2.3723407317430807,-0.9670846326367228,-0.2348847037399708,-0.006599255110262038,-0.1668422730455602,-0.1439399844548241,0.5340771866716459,0.9784811298182516,-0.9478856383179662,1.9710644162099242,1.5073602201741243,0.327160699064385,0.0,1
1.2331075030349008,-1.2038696855007691,-0.6281605159900356,-1.165160032990756,1.3726720427932564,1.3993198934820774,-0.24427601589315245,0.2002201370372596,0.5643498443502194,0.8828225125528667,-0.3271011239185946,-1.3955731390215826,0.431919794448502,0.1320517199214473,-0.6318061987549631,1.1356089031494596,-0.1990586730059765,-0.12432623405845128,-0.5999175329523648,-0.5778866801011864,-0.7498194981489001,-1.019878179623383,-1.7168698578714878,-0.8700961226232655,-0.7994772856975683,-0.5676555206630154,-1.124112413449488,-0.3898942593611405,-2.1610985488046395,0.01645600291722505,-0.5748518430065859,0.4214151762495297,-0.4742859095235835,-2.111598195996328,0.08265823223243518,-1.3753646936265502,0.4722655077109171,-0.2507832333682511,0.4779611472034919,0.0948450199040838,-0.7701586485858248,0.6887562903579731,0.5029763481048284,-0.42725630191738107,1.4862208354015718,0.5504419617732913,1.1468335913163967,-0.2625182130473162,-0.41265404763162383,0.12317123044742705,0.0,1
0.5115733376088462,-0.9908464090514144,-1.2431124893277894,1.0065429155104315,1.8800340553647832,-0.2133376594903096,-0.5404290872884638,0.5040351849346122,-1.7608467475056282,0.9471489963493932,-1.058767603770464,2.195441606201693,-0.7547154116174355,0.07374475952415921,0.7121201656387379,-0.8872816664382633,-0.14549273559110876,0.7723746605228783,0.6839692159308751,1.3507655744612557,1.281830343446806,0.6013164815987664,-2.3318842210273365,0.2530674039682972,1.4836634496425194,-1.0081438813364632,-1.8371996432254525,-2.604033129232333,-1.0073651577580964,0.2262425699557431,0.0016981890681664466,0.6874156795129808,0.8090250954908655,-0.998606404129604,-1.0071131064172747,-0.21356556226716905,0.4705287089086293,0.1433487704326969,0.9280347744062544,0.3558079029582643,-0.8799021113255455,0.3953663231633981,1.793038197689698,1.0469744946532755,-0.7391413596736249,1.6795785486992156,-0.5926239586874128,0.7295514906743213,-0.9141355089717365,0.8934758411457226,1.0,1
-0.4046033735064365,0.7321775314781858,1.6743969433188117,-1.6193182040820182,-1.285849163113902,-0.012502293334979668,-1.619233950672928,-0.005324710850664436,-0.15668649566835724,-0.7745789242329847,-1.2556226263689574,-0.12292022341336455,0.3152108364335766,-1.3614206892744498,1.3802238219697058,1.0027816104538376,0.530131668869696,-0.3194146890354214,0.16051298544618134,-1.9343437172127849,0.22386787056573712,0.13471606083324786,-0.34378651418612105,0.4508820381845934,-0.3551572357735101,-0.9128637229160208,-0.1905191573846178,-0.17776689939419127,0.44108531114816535,-1.3713284733765454,-1.5091408788247989,-0.35765628301462404,0.5546845143373029,-0.28570735521375706,-1.434281651582622,0.6069405165038648,-1.5090427966469258,-2.453043004090488,-0.30354889279909697,-0.4767170959701949,-0.8864172242811517,-1.3067961375569568,-0.6005484831688169,-0.09953419257595998,-1.0683326747271655,0.5587086125087054,-1.7508888861078065,-0.24951580467398465,-1.8066398760435527,2.172272007323406,0.0,1
-0.26319011503504197,-0.740543183198152,-2.303005029444336,0.24665971589081834,1.8727614492934908,0.6390204262214226,0.4224815845106712,-0.39944536269589137,0.1765696669900037,-0.2667947473252633,-1.0907641722450971,-0.4197285787826907,0.4261524315724729,0.274363364024018,0.5980824940300903,-0.17706140229774742,1.8805048677165972,-0.6508477722530907,1.2415287716399896,-1.107372190928502,0.9314311666780314,0.6061740288598177,1.0454016746997012,0.5430924804686275,0.18287938165891546,0.3610536280551358,1.1731406283974437,-1.0160724911007701,-0.7429834444544762,1.4121368214365215,-1.2208376603919977,-2.7393765515890216,0.9499600524982268,-0.2447574331312108,2.045014564485339,-0.23889629905245016,0.02907287752313465,-0.032726597651674925,-1.1453891403619487,0.2123331376318266,-1.9413437049835756,-0.4131731748035167,-0.0880231131168157,-0.16504709503621975,0.2646529855425532,0.31389370738083394,0.8024528659334729,0.513890563785559,1.057808606376232,-1.6390307391191403,1.0,1
-0.5351795128290902,0.4341629873755252,-0.4642805479754216,-0.3913171939418458,-0.002383529069141697,0.91614964157279,0.6289336199645378,1.0416212311176556,0.4318010017666743,0.11580266512547865,-0.34668398089340585,-0.2698932837237819,0.7529740375604173,0.2715992521858046,0.9259406728666708,-1.0913218232731192,-2.3064852759057395,0.8595388943282704,-0.8227297112038904,1.0843734398942404,-0.23016258786110824,-0.8482052405283211,-0.3885325877488043,-0.5847813746274714,-3.311412061489312,-0.7875242899314492,1.8744982393508705,0.8463219266054922,-1.2805867981221846,0.27822195096188423,0.6874106550160926,-0.6158089176497896,1.1526449824783551,-0.5630041407166444,0.22916985289266584,0.6375574716182325,-1.1830693549014937,0.999723333149576,0.02428106337586514,-0.6858107710667167,0.5815066344805713,-0.0016542057069126575,-0.272698911122907,-0.2489269886392909,0.28847536119117484,-0.1401457821259572,0.4643998130700432,-1.5369588174996378,-0.24836525387258604,0.7785238761505892,0.0,1
0.7953412890388982,0.5798611394024455,1.3373111352678042,0.7308193328341045,-0.012280223365784259,0.6009908892900048,0.19802030540972396,0.4111100843282288,-0.6960181849977968,1.8377702263972515,-0.2563464685081032,0.8563068096283298,-0.6292864154869652,-1.1389284406657387,-0.5932097924945382,0.7030547043166873,-0.4755069363383557,-0.13599762709010935,-0.6667291272752606,0.2690673821950791,0.40315230351076586,-0.2245936126555449,1.194683122438485,0.7755785047633853,0.18460001050335276,1.0854563886789388,-0.23226805570463385,-1.1741330186074233,2.1906412390375216,-0.8107528034195809,0.10571344490671923,-0.1208177670119764,0.011132940405793108,-1.4755673806447411,-0.3012744314053794,-0.4646239041940002,-0.4826058150725689,-0.3629091556123296,1.7167088329345552,1.6210789016743403,0.5991605928316038,-0.7615817995602032,-0.5009780815586672,-0.9836113649032021,-0.26731892077416153,1.7597551481677325,0.9722735457428106,-0.7354651472218325,1.5614608550217322,1.4226284285893978,0.0,0
-0.8182424623500074,0.03969999378692414,-0.5084816756372,0.0015092106600435064,-1.7444688641412802,-0.08573576836463069,-0.33933912304316605,1.0090066801741142,-0.8081414437049576,0.5145371824558662,1.4033322107231505,0.06475724638935433,0.025729342759222115,-0.046039993932057835,-1.4660599555943792,-0.2948382603620146,1.260633729997066,2.283197192697627,-0.8029915138379052,-1.056863522082979,1.98701165793158,2.3343054172601496,-0.44932252707471215,-0.8263230097668129,0.1410137785946587,2.005194748445696,-1.7047157786500635,0.7147546416253235,1.9257432722686976,1.8064961124097745,0.10519351869770643,-1.4817258758129137,0.8441198084792988,0.2847711829217853,-0.19689580596804415,0.08102026262976654,-1.8473625036766688,-0.053516285570986685,0.384671169652812,-0.3747492412223353,-1.4794944073490397,0.1407807088045488,1.442242851943021,0.17787313067967714,0.038642961618489374,0.6861647563326206,0.3034676361256164,0.403076269793784,-1.9426493953148072,-0.3355573767890653,0.0,0
0.3401298052765785,0.3067504666004429,0.9969591176091728,-0.011501275289905858,2.4771959899159333,-0.32963273932614257,-1.8062934400403825,-0.5243910115497042,-0.8016583860251151,-1.0435685954751297,-0.8873175396689641,0.9916438183005272,1.0302298102091407,-0.6181548208014821,1.84722586371102,2.0978943738381584,1.2564628197693155,0.16709700342220468,0.4070690262311537,-0.17262687034428745,-0.4831994521089026,-0.04426503799245818,0.4675006548803086,0.9213534581568602,-0.7927056224809634,1.2512461356254685,1.0094403629861175,-0.6595703323896018,0.8804743197683874,1.029305148120604,-0.3451807620818829,-0.08586011541244604,0.3033711837443229,-0.08206316943177748,-0.3069508547794669,-0.6247501808116652,-0.9806993884728296,-0.2491939415567901,-0.774491217818425,-1.1848940516095838,-0.8657712944606923,-0.3228611102296474,1.5687648104431555,1.1878532528240402,-0.4437582286711449,-1.5275426196252373,0.3457507446670321,-0.4343479360457996,1.6233728966203005,-0.2762848098226409,0.0,1
-1.5580086215978088,0.1114867588843478,0.7998218195227662,-0.16473188221139026,1.2256738079021343,-1.1376194525683558,-2.2007427266492874,-0.06382300590860884,-1.0847179689311175,-0.15555835145354452,0.4296822699847739,-1.7259953550934668,-1.5479986873420326,0.9553485105391812,0.056503814895852635,-0.6526677945015411,-0.4752198404172662,-0.20657324278207434,-0.14512758707163306,1.0796126766030505,0.9290927257734459,0.3280280980070327,0.2392589640844769,-0.2946002715874701,0.4213446936416069,-1.795277949874633,-0.5483240991299889,1.25445389723406,0.8235449756433009,0.5019167776097517,1.7528845570999114,0.33327934186516217,-0.6125549189815221,-0.192215726651254,-0.1389535622666574,0.22099458093889465,-1.1299029251963206,-1.1560485283872348,-0.12348466452522378,-0.6360763857597886,-0.4679915572596498,-0.24349468885059944,-0.8837653024534796,0.4594261290848518,1.0419677017827722,-0.9602073976091108,1.1139595436197658,-0.4421838407398542,0.2532730524809159,1.1499656868321029,0.0,1
-1.7109196135341438,-1.5161404907297684,-0.4157798032693611,0.8490634627382263,1.6515151486873072,0.5367135168780797,-0.7848280756614021,0.5342056896048614,0.8309920733829587,0.10894185990559414,-2.277865141150824,0.9222216520877758,0.32114981463198844,0.6875687436131357,-1.2630551493857218,-0.27766362273734146,1.2986232424028523,0.9659489634812798,-0.3649034297126874,1.8858007380759656,0.1181479167878326,-0.017013659716766924,-1.4032997668772076,-0.09298350390637178,0.1841585903329627,0.07387827938542714,-0.44363878610872176,1.2094828383527678,0.9227733874448499,1.6924141434021192,-0.5427871289629982,-0.3353560607174725,-0.7529726480772441,-0.6292560031756118,-1.7156455869461305,1.1899262652033336,0.5981335650676336,-0.14628849785823497,0.3292976519848957,0.14023151016011506,-1.1392634218353832,0.018932117763649118,-0.055921575393402666,-2.571603582830676,-0.3139867445832751,1.1078076663024412,0.09765903103423164,0.9264871878801688,0.5199731099818793,-0.2971776250525229,0.0,0
-0.5753520180933831,0.06030741153086405,0.6086058260361092,-0.15850554215395754,0.34870556230581085,-1.4485477865416705,-0.8133766735517812,0.9531321306264698,-0.7299157230813669,2.3015207082620286,0.049916105472018836,0.8646863925360326,0.8615294892515621,0.6524606918808697,0.1620672202319655,0.7909877491975459,-0.4352707020140831,0.8810494992936438,0.08940878058064113,0.6029000552363948,-0.315438415997438,1.0182374126873783,-1.3653935590870834,1.2296398087708922,-0.19251404419859156,-0.1036194783566404,0.4307032137364271,-1.4522715831248167,1.4362161004890333,1.2581621156875045,0.3988046482952827,-0.2240424230004673,0.6754744348173559,0.9202335986457076,1.7784524746392345,0.2420097480735291,-0.8701007975503952,-0.14578711206917752,-1.3702800863079858,-0.4062760152225981,-1.1519672007058976,-0.4293136261120455,-0.21369093950194426,-0.20306515462677008,0.26050603361433355,-1.794707067207706,1.4651426362278277,1.2803155030686786,0.0560785353969461,0.9522874979540896,1.0,1
-0.4498150183067977,-0.11235263796302,-0.9962880943167032,0.39154511082608345,-0.7254096960044082,-0.24204682733550875,0.4526178240514732,0.632566460128858,1.6900176052151918,-0.4136620461770231,-0.6864015566728989,-1.3565610375320876,-1.0166778959373797,0.7858776435439915,-0.7707540628365255,0.6758864805907346,0.024531177686958817,0.31530535624346984,-0.31220961038973405,0.6950579541443228,-0.6277607568888828,1.7296291766138758,-1.0253409173105512,-0.05564374580192266,1.5045937839714283,-0.6218647815956412,0.9089767351538092,0.3690385956061973,-1.0122147449402936,0.8360373368497399,0.5915805139041811,2.0992083547983307,-1.4758821788900638,0.10470382246980324,0.2970587929917882,1.7425940198101204,0.1328700170250761,-2.065067106457628,0.7644644995185104,1.1231453214484437,0.5392423226676902,0.11346645645216608,-0.10093836154309893,-0.7487134400272236,-0.5184522712874198,-0.6035293747418436,0.7790042924967893,-0.09631334444227507,-0.5557649465213415,-0.7834118773232359,0.0,1
0.2089738856056036,0.7269807581219884,1.4020003205688203,-1.9110333822530128,1.0133009699823212,-1.1631109641614492,-0.022779284686989483,-0.5003856232183678,-1.8665108801527877,1.1615382981150448,-1.8545251800140021,0.08524500222126619,1.5411789174075932,0.11697963477737325,-0.5350939255020406,-0.11093484127962856,-0.8484849752551434,0.11580285528039737,-0.5331299854897342,1.7380645106091268,1.2748653321785917,-0.22818756456669356,0.9003653182144528,1.206024058775778,-0.6027979563384864,-1.7811768737703852,-1.114007663849217,0.3345226999103676,0.03701137156853322,2.5382973505263977,0.8910218780255528,-0.5655161875732151,-0.4728822089260152,-1.0289583628805403,-1.7380298384140318,0.3795326492416371,0.21205655820503225,0.00942801156274298,-0.047475625670130285,0.9579921796661608,-1.5821440192195255,-0.09371410983333743,-0.2421709105949431,-0.7336168520161558,0.22726756440965845,-0.27160714651480145,-0.17067067251510756,-0.7700057729936807,0.15228854949068832,0.8272221336344853,0.0,1
1.6418273127106138,3.2696522407440765,-0.3339651479929229,0.4858839377110914,1.8618977779829124,-1.898875078881386,-0.3732585817871663,0.1851167831107328,0.5715639733197234,0.6328505902626225,-1.9557495586946985,0.7718092886431396,0.7182804279290029,1.7256527843497274,-0.004649468414588351,-1.1595507827571871,2.2900552773894227,0.05093570137457475,-1.0006888866008097,2.2569133291850383,-0.07167840121845304,-0.5064131577999346,-0.97360045615202,0.2090879717379885,1.2474403896363375,0.6083935578534874,-0.6238207170423614,-0.8390410339413621,-1.0028882431576098,1.7384421182119547,-0.4492290205628881,-0.7113903263203848,-0.9012148598366636,-2.017999361572329,0.6532578103856439,1.8713585027283264,1.546972587483156,1.5139796552860783,0.08251592439052764,0.7228247478596759,1.2585868852178084,-0.2679174678161983,0.21107362395635346,-0.8320569835619214,0.5986617944124132,-0.14714063088102566,-0.5293419768513246,1.8098927759721737,0.6732369363170058,-0.4256969667124176,0.0,0
1.1115862738299227,-0.7437915409396013,-0.11127335389586693,-0.15989838871061904,-0.6078278009474821,0.9488173093156878,-1.3451279993969762,0.24740164592639285,0.4861825844053209,-0.4833679554511885,0.5332740038631342,0.6126286120340829,-0.73307245203518,-0.844560963464066,0.3414585951722049,-0.6720750354693757,-1.569497800818775,0.5497890949876864,-1.819215861202876,-1.2352013082004891,-0.8438152694556758,0.7908028614981548,1.0317112416914582,0.7326905104921203,1.015887641539449,-0.920090813233858,0.42800044944917615,1.9078522969730176,0.4507096871039198,-0.3412027650669545,2.290996488996881,-0.17644427247890954,-0.6142415671111948,0.6752038366512221,2.2672755890575016,-1.6244816833877256,0.4953955589038243,0.1167100870490889,-1.4515721191835058,0.9564477113968956,-1.025538639774622,-1.1143251978603514,-0.7302498618621759,-0.9119537135853673,0.37524336031803895,2.0320980759111285,0.14176013197748352,-0.7747111438739016,0.9856402926817692,0.06452105131711494,0.0,0
0.25457185165323576,0.7238699700189367,0.4467164690419511,2.4793175594433974,-1.1719883880585384,-0.3423391987732478,-0.5009931874213133,0.9461096691175562,0.09488518942771987,0.04570671722609483,-0.945150360273024,-1.8988391571928835,-0.1342739432377504,-2.1996319864387184,-1.1055094138029309,0.4989658121367284,0.08829141238141694,0.049419885669150856,1.3085217231954849,-0.03771922377716698,0.7546272017855149,-1.7052298849252392,-0.4002477699463776,0.25250016319392266,0.6725858482117845,0.15352647945504688,-0.7284595038710713,0.2063747516380006,0.7547660040624219,2.3228779675540787,1.503036464943921,-0.8968206287684619,0.4623405347537869,-0.037046312098808064,1.232592270171804,-0.5458083638368404,0.9287856319475511,-1.6536792868502186,0.1936551062379402,-2.7199421638819983,0.7052721607486634,1.8853077244159744,0.5657715667139841,0.31039444316836634,-0.6686855656244124,0.925507172331986,0.4866983430734466,-0.3071215697814664,3.3924564023917188,-1.4120352161332428,0.0,1
1.994145670408344,-0.8176269741762189,-0.588692337716897,-1.5187632871660914,-0.4394812858327089,-0.6665211108794811,0.19087871294279196,-1.51591526655122,-0.09979034151762016,-0.4165812187017087,-0.7037032216139402,0.10017924276675684,-0.3166815235127546,1.7443914098257314,-0.09624933590436346,0.8423274809874296,-0.32969906014418604,-0.3400182472187829,0.5180138772269429,-0.6459100077892646,-0.935064912772266,-0.9012494648762209,1.543449363859292,0.3650150063217996,-1.1535740564858925,-1.2954971061213392,0.1910438056942593,-0.17231734055528505,0.4594061920787064,-1.5015588659167844,0.6676882954645714,0.7046759175772207,-1.258994054075513,-0.6080667897728439,3.0815947543513924,-0.7212914227761277,-0.6012886022181037,-0.006494020231859947,-0.5785760799655609,-1.2975211586369313,0.009420431142193141,-0.6777695942888503,-2.2232443184855426,1.2402002319801892,1.2583875329182483,0.4477809504374242,0.3719091206845504,0.8123125438035227,0.6661027472536131,-1.2630298489725391,0.0,0
1.516533951964144,0.6443354329088672,-1.4709176345413848,-0.9725052711669416,0.7180846052197547,-1.5566078366704157,-0.7115249032353541,-0.32001710704686404,-0.8560826928507693,1.173754116631285,0.8089316298601831,0.2345442055088364,1.4319346030572266,-0.5026443947791799,-1.77726222667977,-1.7177983140686774,-0.31961430532266083,0.3707809777030451,-0.005609149509925552,-0.031526666988257755,0.258214098695413,0.6400112021082656,0.0915781492905033,0.33802355780211474,-1.279264960444468,-0.9805279649491792,0.2823326621940989,0.4143290696780336,1.4399944968197544,0.28840762493485217,0.5008912842014712,0.4762162683899888,0.8920329648647787,0.7113129682201261,1.7767879460422538,0.7425630423223579,0.3973027367585456,0.3436922235178283,-1.1586407471920772,0.4344162482710385,-0.3980456479650635,-0.6775206764154497,0.1649911393960662,-0.6100901180841908,-0.2921506313373953,-0.9943970896569936,-1.0569783685214391,0.252864010613477,0.1583557988990897,-1.002363427050803,0.0,0
1.0494532765114155,0.5638564109603534,1.5632905015351857,2.2767024051290456,-1.4314069167515762,-0.7913538100491474,-0.07321185409623743,-1.2626813066884912,-1.2631244004973714,0.21474427617458253,-0.9701635193417932,0.6688549153641601,1.9910381258325336,-0.5103265153466146,0.2632408620078702,-1.6470120129669037,-0.3498936821759243,-0.21343014140531175,-1.0773790865902544,-1.8915054987546316,-2.2063493931977862,1.9494645196575149,0.2975940566263597,0.8272946777155354,1.4437266830152795,0.37893199795349397,-0.7518443250757827,-2.432932453957616,-0.4338230331448255,1.6362912978701458,-0.3975307188497667,-0.401032171205428,0.5583729337201548,1.293787013475049,1.0226252375721836,-0.14091234095619734,0.9510649836280968,-0.3991368216576816,0.43149681672776297,1.0705218745406044,-0.8278677550838424,-1.100515682580282,0.18541318165341453,-0.5012732671029461,-0.7266317838869388,-0.5054067777911646,1.6605102793897033,-0.6537952102030462,1.1569504913899629,-0.4280470588607828,0.0,1
2.1618334555768244,-1.5229465072144952,1.7023989918767446,0.07392301914893969,0.023578797539518845,1.9342437843361504,0.10005704182200537,1.7112116263300288,-0.7967865246559698,1.9944640371091795,0.813221313710243,-0.17731501738394814,1.9466275241381508,1.6313996712457026,1.9940790112211189,-1.8881422141440445,-0.25313758630338073,-0.6733717904142045,0.9980250284211696,-0.9554790986728214,0.8664003374085708,-0.5600255566610606,-1.139051698709898,0.846599682330063,-0.0816514093778423,0.8941085747928615,1.168200905324442,1.4770501852444464,-0.5565105561747544,-0.03947066770649337,0.2332978339834299,-0.6018206985211526,-0.6563460208299235,-0.044789962214516484,-0.2088043161234351,-0.425118235353697,-0.7013464845094195,-0.8433145664746733,-0.9999767007274964,2.1500733657590656,-0.15405457025937888,-2.0091286882045,0.0723952866688377,1.2016748232729106,-0.7870866274957841,-0.16180937424595498,-1.1573568139605592,-0.6763069892453176,0.4636135380493418,0.3791437560951501,0.0,0
-1.0686956645626833,0.13388101049396173,-0.8581165453307639,-0.4156201679951001,-0.4041230876983628,-0.5077929258440527,1.7769070823933777,-0.3460057356075183,-2.5242224510389906,-0.8427420766416327,-0.08979185892945864,0.12699016519083514,0.9055761749683676,-0.07026844361818338,-0.7981421734889621,0.9435581855684642,0.1082292101775492,0.5413924262593397,-0.2841326530157647,-0.3819237436571614,0.6230037529484964,-0.9430122025587268,0.5482508645021237,-1.5514324822828218,-0.2518422179315717,-0.4475820624683468,0.7747778473347937,-0.3343993614683366,0.06720918509884849,-1.7432568007416378,-0.29763541594278603,-1.8304683456076287,0.6055567041705904,1.3541001705443585,-0.3871697884910917,0.83806902383313,-0.8657150894020105,0.4859879397928996,0.18437421465656426,-1.131629435379958,1.177595108744398,-0.3342289936413565,0.44748800109476256,0.6141726363727044,1.6932268103612236,-0.6110079457464762,0.7988993831923659,0.03327636548045202,0.5448491722805962,0.6543784775592073,0.0,1
0.5854349628033132,0.34647276085397866,0.5081875354964125,1.1329120230470673,2.256729340681136,-1.5584128274075246,-1.0803117738924808,-0.5277239989257029,0.288858233646038,-2.4848731659328855,-0.007805146895811311,-0.6604641536160405,1.7037425259588876,-0.9592363898213154,-0.4103160225415712,0.7674010691448115,-0.7725065060510422,-0.6017407574444009,0.8106902827343412,-0.5186209640788843,0.9910073890451356,-0.8505824998795121,-0.6144470109601909,0.3888182317581905,0.2408277647345225,-1.7061105266245629,2.2097806445266537,0.8641864251385425,1.0122437238540138,0.65077718735943,-0.23203827899474624,-0.9062425522958952,-1.5229581017339284,-0.18109387825307588,-0.3960398677611325,-0.21780514441782445,-0.1933137997888948,0.1042089155693605,-0.4388225515289587,0.5571860930095768,-0.8100692353151167,0.34041453522352555,-0.14786100034098312,-0.4705498160891926,1.674077472437003,-1.0566802222155294,0.5455563569331576,0.09411776919032358,0.7476730383564741,-1.8811434077213636,1.0,1
2.584879321653577,0.22912671875447585,0.9540206400020704,-1.2724006375381431,-0.037292937338789835,0.5721732473734512,-0.05201614013362358,-3.8410575302145658,-0.15921394907876854,0.08137199592427448,-1.1406495499549918,0.003612025309803289,0.4610258186278458,1.4416285000554108,-0.3561769707065051,0.31779821515774964,1.5717329450300592,2.163858551154648,0.8755754548430246,-0.4833774473146719,0.946720876466734,-0.08168209562541019,0.768504293443313,0.056343925660921064,-1.8904792072907437,-1.8009930445186282,-0.2765279726598367,-0.5881527702786551,0.3721472744613474,1.9772147509047924,0.8232760093487496,0.2802542014687553,-0.1992082429041278,-1.5131101947000754,-0.7578124535273909,-0.6312511617709283,-0.5124754383682799,-0.7271969425021,-0.1689489374344995,-0.5877889442536051,-0.2141732059895685,0.5391933495172778,-0.23887590494572686,1.187699971238728,1.1272130376491736,-0.16747417343966994,-0.6765779242048897,0.2549814994107419,-1.2346293462164364,-0.17604933006402082,1.0,1
-0.8480573027465003,-0.3356538404971721,0.12699067582280546,-1.2146678251892002,0.2794159184294266,1.8945213532473304,-0.4850929951367191,-0.880878574330021,1.305164410602397,0.5597186650500977,-0.17149060211678285,0.8155834044601286,-0.14793846938582034,2.350511004745247,-0.2667971655845308,-0.8248078067684741,-0.8746836530438499,0.14340810117744954,-1.1758594238931952,-0.4838072571355961,0.4843672008080856,-0.7651073836368297,-0.16950425336637368,0.5907873844649681,0.8066701877324746,-0.1307759299485641,0.1454973308619251,-0.4563449813259121,-0.3101653078066096,-0.5403809870773408,-0.2978390969919989,-1.1140218442075576,1.1023263037176552,-0.4445737783000449,-0.3223666433005647,-0.44232294922914056,0.9665117741865296,-1.7918229513492565,0.3941861313794036,0.24476573192902296,0.8761476442501323,-0.18470005203300596,-2.415597198693461,0.6892043723035013,1.8325440937499788,-1.274472046347089,-1.2806310924844844,-1.0217369356013466,-0.82957779717465,-1.3510060536160862,1.0,1
-0.4445555533411411,-0.4221686674161167,-1.5247563677981828,0.2772409987568121,-0.3031585822471141,1.318638428075844,-1.323969227120528,-0.9820011820123132,-0.28696787308283905,0.9493159827405759,-1.1751475723041176,1.4910807028154969,0.9193919826370603,0.3133329662980093,2.3754342287403216,-0.6712198625787519,-0.431807601756914,0.794301267295088,0.8065456087426797,3.0936517340438785,-0.4809736295529226,0.7950389569194065,1.4498886511504652,-0.2359964921015165,0.9071025635311338,-1.440563608986804,-0.7501779406785967,-1.3612520638504872,-0.10977638199657826,0.1292794624978713,-1.3451119946314387,0.9938263702616928,-1.7742840710931491,-0.17948009751464614,0.3112145291334498,-1.4555102654019043,1.6369278646120216,1.3507904599406082,0.4234484202486967,0.9821923946038748,0.2719325206760038,-0.23282555980112696,0.16986443601693535,-0.6562393170914984,1.0366945747741652,-1.2276766217695418,-0.01569413579926004,-0.4209673551787757,0.020820645688082,-0.07775623494341949,1.0,1
-1.4656615487337867,0.3770741405685172,1.101276687159672,-0.9701327761736704,-0.7053925532187413,-2.2272266682786337,-1.0818078558979758,0.8159632885644003,0.5112756242593297,0.3935428062578093,1.1142732237931734,-0.7362713821028168,0.543757697889737,-0.20437217302182276,-1.5312511510965,0.9667656838783014,0.8197010092062101,1.0655103126355163,-1.8735515504725184,-0.6263856569173624,-0.6266275638179281,-1.0168796024660245,0.5107734704198051,-0.5358084026784554,-1.0770094510171369,-1.9637980701099904,0.3615706982754775,-0.19878418102357046,0.13345062729625218,0.13795248598235424,-0.023519643695849975,1.9105645579683432,0.509463524784774,-0.6436230459734971,0.032427880599584444,-1.2249385411979996,-1.1253130334231003,0.8141618062585645,0.3226620053411556,0.9817878403173872,-0.8762989133101035,-0.6621044739033449,1.997122200531164,1.1576311822516168,0.1388378711772746,-1.8360214777412576,-1.4089444199502217,1.6446393836419038,0.8820164093443598,1.8298108354981857,0.0,0
0.9173336801678392,-0.3153974783561108,0.13476808895518325,-0.6674019895831325,-0.01817458494056637,-1.6694540242757316,-0.8579722997073642,-0.9483152027945604,-0.06991029173418874,-1.0459591174953906,0.7719703878259885,1.383177658830055,-0.00957307144410643,-1.6934322048646755,1.7032558414213244,-1.0679594558902787,-0.07240310007976977,-2.279018376131794,-0.5374754543164321,0.09168972531174516,0.8139311799180052,-0.7817207976261148,-0.9989493765526556,0.06817821139989051,-0.37381815613391495,0.8460840095590699,-0.5216529267592945,-1.0194520329636756,0.7613004200081132,-0.2378746119611549,0.16649277283278932,-0.016951656739417672,1.3332029000879944,0.4189041926962097,0.2655793871619702,0.7609515689891428,0.2934205502406038,1.158191459610291,0.8598667447700534,-1.1530681034825057,-0.09659969895292717,1.6010962926759065,-2.8988482281417363,0.15371089686272582,-0.5282543486593261,0.09877282004598327,0.8930388747577822,-1.2767177172467497,1.204595745493868,-0.3680770540644445,0.0,1
-2.570219081138449,-2.4036932173087644,-1.4217335656079193,-0.15606190032315634,-0.8054694911366055,0.9459800329732916,1.6221010633539,-0.7456789833352871,-0.6519903114866791,-0.6304200907994421,1.900401052462653,-0.8866366782616205,0.2037504918011148,-1.172469525896374,-1.3048571611427158,0.6834162163655622,-0.8343409853814192,0.0928560645651388,-1.4227718736820765,0.5268917758762166,-0.6508471457612158,-0.580640557801519,-0.28284372193342405,-1.8919270167386435,0.7955517142136159,-0.7552400530714305,0.7713136292172277,0.9200272520062822,1.2924251214817215,1.0974800863416148,0.4324139096256259,-0.7930353388370942,0.4171403151551638,1.4140042963807824,-1.2943477776598356,0.4358609531971213,-0.6949196793268279,0.4058022243267295,2.224366160121226,0.09306656112757243,0.5799022427593028,0.003659576880696564,-0.4292346969754095,1.1349763801938408,-1.0313424257695292,-1.5281410297632634,-2.3817586531449058,0.8298371826130858,0.4475752609400041,-1.0910540285142838,0.0,1
-0.1195355571956862,-0.7743882061284151,-0.2768547959687776,-0.24529013140806186,-0.991164681739956,-0.12319010076419505,0.8187282035094432,0.8928804796069327,0.17683297700635833,-0.5810616458564287,0.2523638787036517,-0.5015703437495743,0.6771420688458998,0.917360620711262,1.4268587667115695,0.6420670779948691,-0.4447457376000084,-0.6782717070294495,0.705892219241691,-1.2363947601571053,-1.7344261505662382,-1.9448884392762944,-1.0453082941231682,-1.3746398958854236,1.2913751352553826,0.7017205454896261,-1.4019125788353872,-1.4849055445411183,1.1955489592630684,-0.7792411509817159,-0.13080538300969466,-0.5266599344198865,1.1063296866808094,0.30419405645841663,-0.13787818391856554,-0.21199282398617086,-1.847244265622718,-1.3408966658021753,-0.9211364723285808,0.02932127585141225,-1.1308970624812484,1.4874812755251816,0.05787814770555622,-0.6606357947615178,0.013756689116681264,-0.9109542827618108,-0.2783180385942373,0.9003508515711753,0.4912521286326675,0.034258840590409075,0.0,1
-0.6267169084343865,2.1407365764940365,-0.8157110954786484,0.0630292939499159,-0.20293637026425093,-0.1263625376988495,0.2451263445502069,1.11448266934679,-0.0028197226815881125,-0.004628191646141782,0.2322317931661802,-0.4753323411308698,-0.4598671055871582,-2.0709201413470466,1.1861840175366956,1.3970335693476903,-0.3726163381141169,1.7203186025731745,-0.13961446782017176,-1.8849747418843557,-1.196100310538011,-0.04418577539589162,-0.2469331339695784,-0.9762332729255088,0.2877150837408199,1.224016669712772,0.3889602349405635,-0.2788525752005831,0.0079297165341524,-0.21999613288361736,-2.0644345831447426,0.4036516897188647,-0.048225828879142486,-0.7552212475341958,1.89762186314646,0.7082695899392707,0.9084207963718244,0.7764416369660503,-0.6577273335310175,0.6164366999341827,-0.3193172119492143,-0.0967452393752522,0.2822131472673257,-1.882725764321455,-0.33713330454927576,-0.7430858522390298,1.0509769017133481,-1.003666504970474,0.3899858391431205,-0.24584821136924545,0.0,1
-0.3717315773843964,-0.038382824575128136,-1.2038095754105425,-0.9654727210615388,-0.9922856257871072,-0.4727403743346693,0.6331807318183547,0.6553927059564297,-0.7188696125443856,-0.15835813240630375,0.53026382725801,1.3759114390695784,-1.7516740277005292,-0.42464178750500825,0.9941295767432006,1.1946894594134938,1.2593666978430011,0.4119331143469448,0.2516542622438899,0.4762624240707978,-0.2186972309879588,0.3233978035256886,-1.028165519613327,-0.004287425853573179,-1.8848936103427008,-0.5318428628560862,0.6006008586309707,2.2286695203524727,-1.2005779034028723,-0.5568119340495777,1.6376020680339065,-0.07326705424894914,-2.1781159728302897,0.3200535981721537,2.504364839107217,0.07776169241427681,-1.8415190970003756,0.8460849814610805,0.7270740641099521,-0.22312957918025075,1.442208510056857,-0.8725751659770391,0.8181858058071944,-0.6683389192158711,1.018567515488476,-1.6928627390060915,-0.978141509429833,-0.6828227650396059,0.4279097196790908,-0.41374471041363264,0.0,1
-0.3026884555333834,-0.04984232618736514,-1.932305205125936,-1.32387487477342,0.7684177614935049,-0.4522981010051434,-0.6090672850126224,-0.7484323636212654,-0.3441887370196998,-0.5549812926315653,-1.2864919000770945,-1.2308984306085042,1.6529529078255032,0.6659620205536075,-0.4176030672922216,-1.0310811992824311,0.207988436285744,2.36489912035314,-0.9617913057029744,0.4513578954478542,-0.1544707965707025,1.7910628318854498,2.1470221693267666,0.8111495051580655,0.2253499777698892,-1.544339128612718,0.13751099811086595,-0.6433181538037314,0.1350704667435232,1.0249287990415747,-0.3710226071613365,-0.48636808971845796,-0.6570721077757885,1.0630587619321472,-1.8881722560869292,-2.7946955407587617,0.5023363329563699,-0.4807659841402914,-0.5953548304505493,-1.6768786044039834,-3.4257515056655894,-0.7336369711387859,0.3441846455308045,-1.6472185960268375,0.8119695671913222,-1.163535966918294,-0.4139383070619088,0.03529712856038538,0.3899657690368424,0.5569768506889895,1.0,1
-0.06316038952503314,-0.8467805540257157,1.7538430655332868,1.108702471446268,-0.9561742304121656,-0.4790260288170041,0.6008437232053226,0.25035720754368723,0.044406102106132966,0.4922601508545494,1.75136538133799,0.7991110176719007,-0.4801044049100474,-1.5182830597795047,-0.2219887155494022,0.06200058185850201,-1.6774509889941764,1.0987264417689502,-1.3698355645752176,-0.4175402840338721,-0.8373762608129883,-0.6673167935679185,-0.016382286078105737,0.16668859710873993,1.7623725576316966,0.6460650470322099,-0.8460733031597901,-0.3836760203897417,1.4269898671050163,-1.4772901031663677,-0.7117153556687525,0.9000739694884266,-0.23649668779911515,1.8520158287365396,1.0961477042448369,-0.2072882066795084,-0.5719051751438186,0.5862302547226874,-0.9047113239130696,-0.3993836015181962,-1.6231809403887931,-0.5169328223687367,-0.7626775928984634,-0.9153882860106891,1.3291290681924088,0.08230722152996367,-1.733025672613835,0.5892913476903822,0.7094892449564141,-1.6673514892319137,0.0,1
-0.5349235988467345,-0.3363531278213356,0.6749126833300878,-0.6833309803051403,-1.1188048061045028,0.12950405608755627,0.7681051025595538,0.882083772179604,-0.842512702210962,1.7279292686695844,-0.4312079858760221,0.6370465006914849,0.4341918206742038,0.5935818120603941,-0.5059401141025295,0.4949732285185745,0.4822551722312485,0.4190146466105378,1.8511954216653688,0.6887472108227527,-0.23899537249865235,-0.4348603442669379,-0.17355609734788974,0.8650569578449936,-0.9027163925044592,1.298603477778744,2.7793859802466705,1.481154252310743,-1.336272049917336,0.6787633456457255,0.3297766427253737,-0.2814820068026706,-2.157099453947308,1.4975766506791852,0.3614140663951788,-0.9665038489405692,-2.4023241385706977,0.4227944248412434,-0.9396286380454386,-1.4233927818222245,0.675366754832048,0.12297920337793918,0.24271213052762006,0.4267780584898793,0.5338043078855509,0.3227007355949147,1.4045171981733966,-0.8403173533175093,-0.9519303134884752,0.6409058515916783,0.0,1
-0.4987918554764193,2.115966302243275,0.8805592816860058,-0.03985821613758617,0.22443320157162405,1.6407354903673643,0.9709131663192276,-0.7904123891446262,1.4231188770128538,-0.8766919949491079,2.6353588043080234,1.5433215190070662,0.13858288679593686,-0.6499886121946794,-1.7500290774637968,-0.7233241048715267,0.4296880588571701,1.8365162150330223,1.5851506517697305,-1.3399793979025862,-1.3752704111572605,-1.382030410420366,0.965824832996082,-1.3679960831757023,-0.7033415830272046,0.41712158987131454,-0.5225665865341367,-1.6944882229271752,0.2153663184469242,2.1474642731321283,1.3733001548702188,0.4460874625806224,0.4498780728873872,1.4622169298890502,0.03568325969347303,0.3608478298860352,-0.9052199898658508,0.050894571239015085,-0.15373579333073967,-1.0049013378523273,0.9496008797600678,1.0426005765008663,-1.5049729596174934,-0.6145856446105786,-0.8244585876451624,-0.13905854535770867,-0.34620910344338524,0.9349052925068914,-0.2122008915427524,0.21640180831029926,0.0,1
-0.2466692631699549,1.000038644621917,-0.3886829385002705,0.012040451357965493,0.20062031043285133,-1.886593077735081,0.5103078842418142,-0.2444145525756425,0.2856697143298772,1.7101702057376633,0.19847059980131676,1.100802632979227,0.1372034209448918,0.3607090657886326,-0.3411070850880676,0.8115615557399725,0.6611194851419578,0.3246448886310712,0.4518666904815882,-0.979833475428867,-0.7414416324873717,0.9000918366413632,-0.7597917026911122,-0.5094896485482386,-0.1405962281678748,-0.2213873083189105,0.4884272404120762,0.8811936481657022,-0.1466827798577018,1.0075957636567323,0.996442915306082,0.807422430256827,-0.6381999914436352,0.28367800074813004,-0.6874363220298284,0.91628922524196,1.5897699762918283,-1.538381284739261,0.7529488727612975,2.3179886539220136,-0.7089410502814026,-1.9351482178618058,0.6577513124867832,0.8880302467503175,-0.008947999717363651,-0.20353781053704467,0.5050771776317178,-0.8570703789113926,0.9029983571442636,1.804814805347556,0.0,1
1.5216464615754477,-1.0558326225090042,0.3835886925067659,-0.3406708556687764,0.4249524254243893,0.9908699599448276,-1.4828148779755272,1.332758826154719,0.4466698551188361,2.3252973825650955,0.13860665603456793,-0.30594023940581433,-1.0964128258298982,0.2781926375322001,-1.304450021018657,1.2027941350642222,-0.8488631042899917,-2.9379065575455194,0.4435505460112625,0.5712494301022546,-0.5384992259361331,0.9880425882225866,-1.7933606692652406,-0.533250761535366,-0.02544811424159689,1.6773713110656627,2.074864675761782,0.8553308593177495,-0.3201200945500893,-0.6206321594422792,1.3242203240068409,1.7815807486641162,2.25907125541967,0.341788093408634,1.005898131346125,-0.9477090580388644,0.5554478069939854,-1.2727132656893143,0.2201584192005165,0.492434520253821,0.26183544393257896,2.1484142231704384,1.2254753133365222,2.1812207280935607,-0.648619693584374,-0.4024961516367688,0.44649631239625337,1.8623371835357647,1.3705708143284059,-0.2935841288716484,1.0,1
-0.9692955130623654,-0.18856603147869555,-0.7281126018281991,-2.5032800070563543,-0.15356301139552656,-0.04192693157314207,0.23066824658385995,-0.1951930541497673,-0.5656859541287846,0.3488184605986967,-0.13548292670731846,-0.668263187233876,0.4748131227999302,-0.4667907792683528,1.269826062901786,-1.158070008209092,-0.12612542674162275,0.8384846288300052,-2.0071641571059327,-1.5508235346154755,1.5029503070127554,-0.8429585343336935,-0.7200395294226993,0.14322455566989686,0.9190349857800799,-0.5438583943852968,0.7157957494553381,0.5715337363111616,0.8781949781498951,0.2583472947195769,-1.103688313140414,1.620042766890502,-1.1711737335737396,1.2113142037553402,0.2506618737496277,-0.04876463261631272,-1.1050496475896399,0.17430377447169373,0.2146815514172764,-0.27405206037253904,0.4145316996954418,-2.0772227832631103,-0.7963012752178203,0.30029319804472265,0.8459919509596504,1.1747525072760157,-0.7492238468964465,0.7458096456388104,-0.6202082086226209,1.7194975887740391,0.0,1
-0.5255662340357005,-0.8664734352928709,-0.3444889883756269,1.1892518281542248,-0.5508838322961421,-0.8989236093501882,-0.2734236888994921,-0.2968045712304153,-1.0757285138732753,-0.5842130557361429,-0.5436456764422489,-0.5615782264367906,1.110045765145931,-1.0175883281603877,1.0999833348917265,-0.3380640259514805,-0.010184977926302472,-1.3467563158392035,-0.8366535088449996,0.3169588591087449,1.078892473403363,0.7781370343636551,1.0515305980659038,0.06649435621603686,-0.7097500822741734,0.4855505711258845,-0.02545362796980821,0.3594117363302593,0.06497125169687225,0.0427469252783979,0.9965261558295222,0.2417324169751869,0.2471084775916421,0.6951743723982537,0.3828511386827859,-1.7685161557934137,0.7791230201092194,-0.3332213685263058,-1.0060877139964666,-0.7351475873327993,0.2473467992448612,-0.710976851709739,-0.31559246170184035,2.101962694655924,1.2973489366321522,2.455757093247723,0.14648764840564146,-1.0842464709819324,0.03491107154449342,0.985695686629346,0.0,0
1.78821546212327,-0.5919749289290176,0.5968080988993293,-1.253563664190512,-0.3838343094245368,1.5444724174595683,0.8788749885756951,1.6014726933719947,0.6229484330396616,-2.184925210978149,0.12600329751165107,-1.206620316344343,0.5331322095008107,-0.4653397993318431,-0.2393229484282855,0.7333854082803154,1.6383004755091868,0.8265818504680446,-0.815218700884624,0.5955688923695909,0.6470562138562616,-0.8827237031850024,-0.4655789408607041,1.0683548498059596,-0.5484693744521776,0.3777956664503564,-0.6348098550808751,-0.13256077682008596,-0.3590447228551456,0.6922677241186116,0.7487331565411053,-0.19553494711210245,-0.6276759387305408,-0.5051266050446617,1.712198235957124,0.17304700696176298,0.07295434084033398,1.2218904688950298,-0.280507396272874,1.1664387067105333,0.3180907896803768,-0.7172347529866547,0.87322065647136,1.8061652298060216,2.1726675812964134,-0.275939424484597,0.6616060555740635,-0.9726064428505222,-1.2573896306390426,-0.3993180275077199,0.0,1
-1.51662583841041,-0.3097315158228607,1.036731762495012,1.1427011858727223,0.5755163459752379,-2.559878747572168,0.055442883158537334,1.7805281023694308,0.2543852304628221,-0.3869916813951755,-0.20217362484625664,-0.6174326725367101,1.299585627128769,-1.058244556170604,-0.2585928434021341,0.11487492358323802,0.1688120908651479,0.22717494283307205,-1.3123223423196717,0.7976919187936671,1.1020071936167046,1.3704514339471192,-1.4109040684374778,-0.09437349822165747,0.9404570522706988,-1.739662149813176,-1.210388930865541,0.3940398919110488,0.1594017574780063,-0.4628918088310094,0.8907635514032725,0.4012929151272061,-1.5985945663461743,-0.4774514469731884,1.2368897124918992,-0.8235569013166877,0.664001840891656,-1.029914910962477,1.0087429717740704,0.060072422953626387,0.3425122759772728,-1.2732449565605295,0.3626697068459925,-0.20659549236753047,0.928631094234314,-1.655905385158647,0.8102383648114562,1.2623963162653171,1.242586328602972,-0.5187751799844618,0.0,0
0.06497371609653338,0.8104872772847929,2.236853100435655,-0.8029199836345622,-1.7541682858557928,1.7146767127952027,0.225534106157234,1.4474176609077003,-3.4758630031042004,-0.06863322221173432,0.1753586867917369,0.04852989211494981,1.9201211477907203,-0.2686607143868211,-0.8485003149597741,0.13629753138666198,0.3634836355996835,-0.6348313191656046,-0.25659221903527524,-0.4541957737936968,0.7141016253040059,-0.7898116546785516,-0.8137349656103763,-1.7871682238952944,-0.8698699240334921,1.6680159777931969,-0.010418658686565972,-0.06949497875135477,0.3092907519698677,-1.2870483282916996,-0.7185258296025564,0.0922591229190136,0.3062355897676481,-0.7458639519066693,0.05492402176692451,-0.5861703090209884,0.7876792028591733,0.10697614238737606,-3.0254592946522987,1.836866572947945,-1.8930852414541013,-2.167133732124487,0.5816936172939209,-0.6379411472344729,0.6976013976341251,0.5415451693759342,-0.286681685495307,1.196423150168349,-0.2664194981528856,1.6562291105615152,1.0,1
0.6081863679629049,2.046597979144956,0.03687720316107378,0.12162955862001207,-0.3638461969666774,0.3690842596752122,-2.4224261488683982,0.6895422787742022,-0.3811618695022272,0.31487488080689396,0.9222458372821832,1.2796630923076506,-0.2433797907143445,1.4964856419117194,1.5138136565932314,0.2279713214117571,-0.5209832191909918,-0.6746132497379522,-0.9165197099512336,-0.6601659562724039,0.1111363235020336,0.8056321799093149,1.0658480721060737,-0.4764858559764396,-0.2307123694094805,-0.8423489174998223,-1.002187490985747,-0.778846727447573,-0.6554202523079377,1.225828393652535,-1.2423670578896042,-0.32261276007101924,1.900274390045392,-1.7364039625425831,-1.6262380445615836,-1.7877839329487646,-0.9354251322200878,0.2447642798277496,-0.3751155608733359,-0.26900898408167273,0.7176388238888083,-0.7636961374193107,0.7205168795979093,2.3570383937089683,-1.1288597780737455,-1.4061446275841143,-0.5409671775169071,0.2247136152789224,-0.372478252780918,1.7384168204021602,0.0,0
-1.1404996574808066,0.3624129358892677,-0.17509071234234372,0.8140247155081767,0.1975031128651903,-0.9445745423713088,-0.9742160923277804,-0.5134724390582105,1.186847730405469,-1.128452491378943,-0.10719196300075984,0.20531179595917745,-0.09265685861195556,-1.0768044738393372,-0.649378897343947,-2.6016591839071888,0.6041143643079343,0.8593603669882809,-0.08195968223884226,-0.2981650509150208,1.0561105495310608,-0.5299218472251801,2.3854070309009234,-1.4612282305682018,0.4429112148716031,1.164388093489915,-1.2474712340865115,1.131432184590624,-0.5755664805123843,0.3762095081911837,1.096822495092542,1.064861253107387,-1.2218475973012446,-0.7982347891935548,0.9336791675258332,0.8127637882606032,-0.6719278447476984,-0.1865472534206118,0.7040066838527403,0.5785223988658095,-0.6833575711536434,-0.2157236647981799,0.43676271932511024,1.6822555354517823,0.4689277503529712,-0.6230307233646157,-1.5625702412440294,0.19667841746751025,0.15444128887416692,0.5142462457811905,1.0,1
1.261409802730851,-0.8209763448566925,-0.7011247141214111,0.4937833787686904,-0.8838890910771612,-0.1530036207017184,0.7958575493245534,-1.1896692375190103,-0.6336197329818345,1.0959087969127173,-0.27394700386785953,-1.2337500847118812,1.828740510564926,0.06589150054858288,-1.4002546359349313,-0.3167657171033833,1.5954685430381503,0.20989747798546096,-0.6554869273662354,0.12344296174900235,-0.8521465257501984,0.08797127347363137,0.2763837214261741,-0.048332122727889386,0.6498713932999373,-0.8924900500799352,0.17632033579401865,1.0558315576369917,0.3771060138075579,0.9376460953423579,-0.5207798417372667,-0.3477248589858881,-0.1999963757207036,0.0947961651984129,-2.076667758165656,1.5890429354040003,-0.5822675414594576,0.3457597082559116,2.0527506439740644,0.7147512225757142,0.8850979784922521,-1.1562101707812422,0.29541076191964183,-0.13251470461210765,0.7120133696899125,0.3415382950393893,1.94801914016787,0.1618453365057553,-0.19497455749879386,0.4463960186280728,0.0,0
-0.27097869281658155,1.8361123372642332,-0.17029947271586118,0.1047708354769124,0.3961004137743744,-1.4495688615512112,-0.3881058298340828,-0.002808613988630158,-1.276979335674309,0.3013568447534804,-1.9468142183859627,-0.046287852807954236,-1.06544568517519,-0.4084870384608327,0.3755371847385356,-0.5953448345770054,-2.470180551185807,-0.7138380773518043,-2.550590660790589,0.4866541463736789,0.5651607803943693,-0.7357600001530997,-0.4663221169158755,-1.1534379959501768,1.0203823082544516,-1.4096712257975537,-1.7151592441665076,0.479321544639306,1.6837692259225197,0.2813870947517713,-0.29478021962133233,1.611224566420573,-0.6511099922911311,-0.612145718284788,-1.6105653079298274,0.14069169871652687,-0.16520535319732296,0.004711377776788506,-0.741941379584895,0.0643280190943391,1.194829866755752,0.4091569647449574,-0.3322923657238471,1.275447570141561,0.2030132990959057,-0.2731196000023034,-1.8471163695498207,-0.09321270607635417,-0.3765492174708292,0.5337691692542659,0.0,1
0.36291428285214816,1.099758164115181,-0.43111763659897817,-0.8217517173293302,-0.7494323349341548,-0.904924915878128,-0.3231457922706313,-0.9177947118008896,-0.6282357558058898,0.0049978959708128975,2.002807599232105,-0.8987153237220864,-0.3216299632113243,0.4769262642368694,-1.3823984662733662,0.3648321008023113,-1.626549805893908,-0.7721988277631411,1.3935076673802786,-1.5250038889606907,1.0026152651397768,-0.9865566946455768,-1.5807175806408988,0.6658840826208994,-0.31656889799477794,1.068126025163793,0.7995642984822813,-0.3838881866481583,0.6892520863609476,0.11624089169836248,-2.3818530198416386,0.5064178870415524,0.4913620674530023,1.1654648421776233,0.4715020987332061,0.02239241945818909,0.4734714672038872,2.1158337669834437,1.0491543871189608,1.4439225663124406,-0.7979778304119336,0.4860264293880402,0.7209077246143109,-1.902222395968734,-0.4900243614009119,2.3471869687948947,0.11677672844559488,-1.7207416767000032,1.654308670564976,1.096914874411625,0.0,1
-0.9942879691362326,0.571566572600013,0.6340247342063895,1.6183150644270488,-0.22023964033439927,-0.8651593026785812,-0.6757748037290986,1.5015447726720992,0.3306643265846497,0.017108158518394558,0.28461181316874223,-1.3504268740322416,-0.6876150364824679,0.2892495595793009,-1.1783564167649114,-0.6227290391015904,-0.7206432669285201,-1.5458158685287884,0.1082971217045134,0.5598906762798812,0.8138240352899487,0.6622732364649121,-1.2615199967905515,-0.6692444541772207,-0.01582820447328269,0.02159675703415876,0.9534016681665732,0.018853310456477496,-1.270973727805353,0.4908646545474924,-0.9670551371932288,-0.6791566111151459,-0.95913263317429,-0.418326301089864,0.5231439484749082,-1.3930203400239742,-0.8415205234147805,-1.0344732745887697,-0.41542978234503175,0.09014679769062448,0.4749081325571669,-0.5444414772421752,-0.3910210928938613,-1.2080806868811105,-1.750100598664516,-0.4135957945509817,-1.1470165758306956,0.4013911548472169,-1.5452999988230751,-0.2330609760935474,0.0,1
-0.7938612493509528,0.8511882441091608,1.8250129731292255,-0.7462930724796053,-0.6683440079012399,-3.1283674365329976,-0.22093578726987986,0.1567380974531495,-0.894659219238366,-0.9007542773843454,-1.5591534106941969,-0.7889305037714617,0.015801932363730075,-0.3744852910676388,0.4667509958566384,-0.4978973758167788,0.19737104458081808,-0.7232000374038814,1.224849297976767,0.2419416670879601,-0.9374047668505596,0.6009863145418509,-0.14020795912568118,-0.7524647657668073,-1.697212857242015,-0.4027014119119808,0.15165184285159153,1.213469724988363,-0.6704982752965482,-0.12187646758333287,2.1985628030601547,0.17260593104722016,0.28514171808186245,1.1950499262232406,-0.4005635842397159,1.6632584931561345,2.149919872146727,-1.248752971102677,0.21339786960569976,0.29825449144590704,-1.1309868253795596,-0.20679483732323292,0.6269320128917318,-2.473646058655559,-0.39904482732018776,-1.175778406693694,-0.048024752223338685,-0.2570908832266414,-0.3496974876424251,-0.2967978376813239,0.0,1
0.3297189756768332,1.2523619802728854,0.5433184147092994,0.3918307519684138,-1.0791466748208676,-1.3105713873424008,-1.1539718030644432,0.2921792778671229,0.4350978756551886,-0.9775918874343928,-0.3767477663684098,1.349442399891304,0.8656313051404753,-1.5839056294177316,-0.9408736718820764,0.04433556900119087,-0.39594475181578576,-0.092599593744523,0.7988476696132736,0.4528836816236867,-0.5023223250221109,-0.39180247607073343,-0.14141212964325284,0.7950261792076339,0.2573952852971175,0.4449249390900116,-2.3539143203727795,0.7828948094219361,-0.4621550978946724,0.6745940310352402,0.53201955016091,1.3020199583658278,1.1283870476713158,-0.2983503117290401,-1.6772616930069126,-0.17820170147272898,0.2258798402388424,-0.6397591724632219,0.06039110787440111,-0.03196747934807287,-0.5641254770016965,0.2267106951440773,1.841408284783541,0.3728758566976577,0.36885895193753937,0.14811563582478973,-0.07168871982340591,0.67648690529128,1.1219114853414889,-1.2755127987200423,0.0,1
0.5500034310097888,-0.5561062559642365,1.0217457979127391,0.9194563697741948,-0.09451338673582932,-0.8819883652828799,0.4249694673813377,-0.2867290491509631,-1.6807140381615535,0.7654396366680372,-0.08398761568346562,-1.242642286430604,-0.253190904998056,0.7714398308548607,-0.1214395377842837,0.13700537356403314,-0.04853404353323761,-0.294247116859449,0.2680324670691298,0.15331926058161865,0.6112271723461057,0.900818043052683,-1.4573621787527036,0.07136585797469834,-1.2097409686981204,0.06015117614970171,0.5805629667155071,1.2856306788329122,1.3082647492217914,-1.142333936659573,1.4075684469296477,0.2358346444968209,0.9423872669778656,-1.6572956563386547,-0.3378656575150971,2.9926437707795643,0.9137131221639178,-0.5384238220791187,-1.4889628912712332,0.2597828185093014,1.6851310475360382,-1.3182031263529657,-0.9922269025011601,-1.3767520602385597,0.8923602603602141,-0.4873286850190938,1.2050397614965958,0.35686873006733755,0.005974293449470154,0.5107295096510561,0.0,0
0.05047178070833119,-1.3805600719312134,0.6756527828401785,0.26061791384778965,0.10930207703477647,0.3750181824028368,-0.30583543635693833,1.33702144217847,-0.3802918460805559,0.7955908883135007,-0.1681422493275706,-0.05619282300079912,-0.4770171515951907,-0.18674288715296705,-0.5009498397372851,0.7208792690144188,0.6283962353752597,-0.6263535306144231,0.1125663351328477,0.0025238695954577306,1.7423794556939844,-0.578267967767339,0.5944209759561978,1.6449782610135688,-1.637331569818217,0.7357690577237338,1.2831344810301548,-0.6858172683359265,0.14429851395093626,0.2361208100588926,-0.8694415715649826,0.7012698871655769,-0.1782675604047678,0.3911535477633261,-0.34110233972255616,1.9295999177994256,0.003471366266560287,-0.9253502916437838,-0.05590219989079828,-0.14713723322003947,-0.010149122718423052,0.08622892618467846,-2.0723564315091507,1.20577078187001,0.44057692749101535,-1.2684274740957546,-0.20223434786975805,-0.7738916984805004,-1.6330789443767284,-1.3176149853869137,0.0,0
-0.4517054610081724,-0.7834007934078018,-1.2818380664172893,1.2021098804181438,-0.8535175816664478,0.6887349072114761,0.5698980512882242,0.17468703384581832,0.1233049741007982,0.3493525738513772,0.5547777806922748,-0.07834335098082287,-0.2595666342720802,-0.1134348644211792,0.9880632670653114,0.6021925056231785,0.7497372977442579,-1.677066486872416,2.039943771294558,-0.6008043963085286,-1.252312277194344,-0.038807798514120716,-0.157668229835318,1.068659355979985,1.0187760967136166,-0.0736937299113632,-0.1110057917974819,-0.9536631121053608,-0.15739609107126976,0.9875246806261968,-1.5256348900063328,-0.33249282982867906,-2.0036450734995017,1.7585470406556662,-0.6220659105244934,-0.6749771740249363,-1.0131630621548469,-0.8641469997483527,-1.5562960700186406,0.4204199500156309,-0.13314556649485118,1.0891840847351726,-0.9590946924173288,1.6598845934709858,1.4191916731734564,-0.023246580922132932,-0.6052473129357565,0.7951772685458729,0.5263138479150011,-1.661739881991364,1.0,1
-1.2282232939931006,-1.0497070689523016,0.7101574449649907,-0.8446449163492604,0.13536578312793945,-1.1069982411671149,1.0252714670997671,-0.7301963075141618,0.19139876764908625,-1.5161149046599138,-0.714170582271295,1.4238415202755448,0.014130707455609084,0.32436952502469785,-0.22699015669489156,0.5039380785428496,1.038773323338708,-0.5744273737568211,0.8251110352357385,-0.9645186622830132,0.5663679076599787,-0.18795032018222665,0.3026021402843485,-0.5783043615116027,-2.0727247552304147,-0.30915854604946097,-0.6130189656673595,0.14149682266567604,-0.3066147176584603,-0.791742705697925,-0.3428447939158489,0.015915842564796417,-0.182990831050803,0.028549258850804362,-0.0992175127387602,0.4147233015463233,-0.898093103369845,-0.13918922608085774,0.5320901914357573,0.8731967432761294,-0.16058243346826995,-0.29327245942169217,0.6232192555617839,-0.2325959402950612,0.4640901137954501,0.9537560309593268,0.051375543158556254,1.0497889962013107,-0.3874381853624596,-0.6152446561434923,0.0,0
-0.20561422556260844,1.049696782939012,0.7057605011090117,0.28747317354831675,0.7311674662109259,-0.16642825072128742,-0.03610312412419335,0.562708988841645,-0.38612171994645217,1.4706434103083403,-0.6726230467119023,2.005413584535667,0.5593355761610653,-0.3604283441797714,-1.0521253958586996,1.0690161846210124,-0.5274757453457245,-1.8694490891472932,0.1470136113687331,-1.4060220085023267,2.3576554966815566,-0.20561261060838715,-0.623259543700793,-0.097023891301639,-0.2492432989708496,-0.2528103645071182,0.20670965556039733,-0.6486371438027294,-0.26019120159349673,0.011327269892419698,1.1529255122053603,0.9558896214924522,0.24057359288266345,-0.07763130830389095,-0.6688227362135266,-0.6235203247756408,-1.7463700022500552,-0.9542214217050118,-2.233119398376152,0.23169485046037305,-0.3294671213853073,0.23007371899941145,0.8431489015468704,-0.4704372191844021,1.1573395455590654,-0.6927848841375324,0.2665859261066826,-0.7624511668548326,0.7117648199103292,-2.684358089266873,0.0,1
0.12731528082288435,-1.1611262328141998,-0.5831988773168485,0.21814325470973786,-0.5834529038215835,-0.0234361797854416,0.2782596680927026,-1.7286642200693918,0.237773244826154,0.7351373492062682,0.26071546208143154,1.067457080199127,-0.03835947815967724,0.41188901832470304,-0.2066654678669311,0.3820755069082896,-1.4126082800537665,0.026182501836234856,-1.0312898836682958,-1.7241587054337817,0.4038636004623388,0.3749606347819278,0.5682596894134966,0.2570659162574864,1.795766027673992,0.5030679080647797,0.5339894795216195,0.33925578275472906,1.2080612485310778,2.5994230565553478,-0.6288333566811178,-0.49273309528639897,-0.016976372176445428,0.2521965321354335,-0.12072063633052385,-1.743000460323781,-2.0248963963651363,-0.4314074571389068,0.8213017717972596,1.0755313749446571,0.7581851615542422,-0.7740549401889482,0.5339104443758385,1.563834403017386,-2.539256848067562,-1.8715006170143076,-0.4034669174039329,-0.34554961475331075,1.0887868187838283,-0.2528299566067956,0.0,0
0.3101271803380508,-0.052096550023916235,0.6504803738298316,0.014252367093609431,1.0748185392408736,0.09996206704050303,1.4063528176841191,-0.5689645591495565,-0.8588095302739859,-0.06793608206709123,0.8403786174484822,-0.5425936704441943,-0.4965968829413344,-1.1171571591622442,0.8256378590369502,-1.9407067445694772,-0.5002458651254813,-1.2307603921880192,-0.0830098423246735,0.36182528071876,-0.10488214864205493,-0.8639166111893446,-0.7209513398635652,0.6078719014863992,-0.5862346271767529,-2.0271497010093453,-0.2782644131386676,0.1936691765852296,0.5154138589751267,0.2014949396604832,-0.5698296887480514,2.72498070568492,-0.3149579757294219,0.053177538835451864,-0.3196498667921483,-1.354059696494693,0.2535939368250357,0.8421517368197416,-0.9854421392548782,0.8245664982916556,1.4269649067789223,-0.7352809926780038,-2.092166304441214,-0.8513400765840765,1.382352994407222,-0.5779815604160186,0.5285867152794816,-1.5894857427780908,1.77955553595176,1.438606816776768,0.0,0
0.3576705393663244,1.4933525774252367,-1.8540797848775337,-1.1137918472899662,0.2440639480851487,0.3563221693841893,0.7164334989744816,1.4960008293994511,-1.2085868332897394,-0.17922717128520452,-1.1061899990273223,-0.4200720067323625,0.05652358013911125,0.2914418013648709,-0.08904077912161573,-1.1727891449348338,1.465936906527162,0.5792453490736137,0.16625700657751902,2.481021648250637,-0.017722945879131452,0.7995456028015514,1.851712620868679,1.1260930721849158,1.2080884358350577,0.2904819466366099,-1.6138439595111798,-0.1419002183490852,-0.8245951489688186,-0.05212520620630745,-0.3807124806336364,-1.0923068084718115,-0.2898476854171753,-0.001999969863413153,0.5183106859394243,0.4548691096706937,-1.5095360552709833,0.5652986182705213,0.16600144994272115,-1.4161455682185629,0.10948446809619028,-1.2343943558261294,1.3662676347335774,1.395053304300301,-1.263775253427048,0.6336865258994592,0.8921904305869163,-0.4517606135130147,-1.0457496022570794,1.2776738052690892,0.0,0
1.3525787282266677,0.3891037901167905,-0.7591801251902417,0.2679337210879597,-1.1882338009512183,-1.0349813172361733,0.3984070452206728,-1.2173405507050927,-0.3423273639503044,0.5433316512915175,-0.9169383539847991,0.9494425374132682,-0.26604765782620865,-0.3786903805380016,0.8677483297747025,1.4040865415137092,2.0201330085469587,-0.6664704338856914,1.6281347279474023,-0.5632434798559652,-1.6579730356286335,-0.6080591041356666,1.484704513458253,-0.2104155610719136,-0.5980206146121269,0.03554107828057575,0.6888393497392176,-0.4149196597170793,-0.2893286736246639,-0.29735600255512723,0.27716128791984945,-0.1078712245477007,1.3821908139202177,1.4557075844083551,1.436121929551914,0.3906370777783501,1.2993683169388723,-1.4023030972355728,0.2089541961364405,-0.9840440882720226,0.4696749246731908,-1.238527466802802,0.7775440308977103,0.08044009066925062,-1.1527607455085855,0.6679918320686289,0.09914965870744287,0.7534216449194292,-0.9480189872069128,-0.03170449150151658,0.0,1
0.6632029173360273,0.6042353326712601,-0.8806271715058427,0.8079306772540615,-0.6321606282071061,0.3432911898196245,1.5244267899238926,-0.5181485262215019,-0.44464975444773136,0.7980244151854017,-1.1512410161671685,-0.12088072560064582,-0.11528010862842862,0.424123005870354,1.1399990265707642,1.5302355860033303,0.7816079980203545,1.1640371481782372,-1.7101754008252237,0.4588639034382361,0.6903543168680909,-0.6475083193191427,0.5277186789427825,-0.5599836070273463,0.7883966833869425,1.011921732965249,0.4880351510093437,-0.08988877355380911,-0.9829300879023553,0.2900832154002692,0.5969208564962196,0.1885372489025789,-2.335812535343856,-0.09259970058959288,-0.9605030650792432,2.2243422641860953,-0.4698371278910054,0.5509646208042634,-0.6420968605678702,0.9101895333759435,0.004222008134882886,-0.4748352864435462,-0.9294219156048241,-0.08686383358503612,0.6968637237775203,0.3951767909022844,0.3032905533482419,1.2509306758395642,-0.057845715106543835,-0.04385810025737676,1.0,1
-1.6566289791036004,1.775092651461676,-0.4457999217241866,-0.5800540818452308,-1.3538567068848897,-0.3092291760810308,0.1156393254470613,-1.062632755851816,-0.034072649054217974,-1.8503284346941755,0.918201690357217,1.0177888972375315,-0.2551864375774354,-1.2388261813068038,1.5644617024401497,-1.6060437631867277,0.3566855496387897,-1.4204163644146584,-0.5918652868625773,2.7651493724477034,2.0922775792066233,-1.4932686875947443,-1.2933561806008615,-0.023329969204729076,-0.3759625650125409,-0.5446429348773368,0.16473799195308195,-0.13498958210875486,1.5439489825413746,1.3088023786708705,0.8670133022529318,1.5071738374940702,0.9195038657177252,-0.18322648805441316,-0.9920508916610176,-0.0938398747345776,0.049572115092392115,-0.043531736546280106,-0.7723440931064831,-0.97472753603946,-0.4880536408186051,-1.3168671703637502,-0.6188998027450889,-0.08833294364246287,-1.4524996800155108,-0.5917508797947815,-0.11695713419221468,0.4971976972199762,1.135875141340857,-1.1558336866090708,0.0,1
-1.0830599347401229,-0.15816233529661727,-1.4339963879170865,0.2222142052001575,-1.450942276387588,0.025675782828484626,0.2664777869187072,-2.779983303795173,-1.3454669369694852,0.6904966545764042,1.1277038338912473,-0.015028399010964998,2.105017745689744,-0.19840124009389065,-1.0606122722787863,0.9612234355251952,1.7296651499294855,1.2687980745464371,-0.8354149053623161,0.29148248839142443,0.2444478682547065,1.0134926699405478,-0.30988369648385666,1.6500935683020754,0.5255892817599463,0.316372051100317,0.007985572394851809,0.7990679129703214,1.2706902595511695,0.4118391375255212,-0.7845162986551527,0.19343141448200965,0.25266842861233835,-0.5492697339252695,1.4500500405758014,1.1659005832975482,-0.9784134527629204,0.7476928694099263,0.2511361110727662,-0.17686725989968394,-1.4833912655411832,0.4156899752800898,-0.07879610432984639,0.69608648912325,0.4713941679690862,-0.8763689559558361,-1.1269662384773482,-0.4253827566639081,0.05737752424724939,1.0042122617897813,0.0,1
0.3330780382997083,0.6181923471005929,0.21221934367803075,-2.033659443861818,-0.05510685021102971,-0.4362188182266192,-1.7692283500104606,-1.5082247229239292,-0.6582925334798438,0.15994916637293285,1.1857529827616011,-0.5569657190603048,-0.745958607959515,-1.3690385558924352,-0.3137233741835333,1.0583522759667632,0.9860070517563811,-0.4248179583500822,0.6794471785768998,-0.5295248436023319,0.7648814280497909,-0.7077966101882531,-1.030606293301735,-0.5506397775587408,0.1321173551346581,0.5375911250337908,0.04626094821050333,1.6093222812800048,0.2139832215623104,0.3860842153297424,-0.05737362202483004,-0.8266996102907442,-0.10466101340279013,0.3599128654315973,0.41186357559431175,1.46542886408034,-0.4339310448551533,0.24840831052346654,1.069183957830195,-0.3296179684342724,1.1873975978378923,-1.6915889503903732,0.8221327524402862,0.7125452301149299,0.7612466391995077,-0.1991811694976232,0.15809063150421748,0.8634879701195273,2.534465880311666,0.7108314657779363,0.0,0
1.1159769262760264,0.7493281873602552,-0.6752865801397441,0.07848345838100054,-1.4984719818573031,-0.31984250343765924,-0.2608854822424122,0.4229388244906441,0.7437921653267013,0.8293033824388334,-0.5843378098630373,0.6873795910664776,-0.6937862110019696,-0.9938313662659459,-0.4698449752902186,-0.525454115848098,0.268305181260213,1.1135829208011556,0.3076562410698028,1.5452846582950388,-0.23509070565878226,1.3167205855580346,0.5046218596278176,1.5307476851659458,1.0043296509602004,0.9735184315203552,-0.5020916670035208,0.5065191826747216,-0.8413903226939511,0.5446767067022739,-1.2313209290921547,-1.6766170383528494,1.9547055614622528,-1.8260023835688541,-0.9129667716380075,0.025512707040698787,0.1252083420061848,1.4049829269445535,-0.7800993271355422,0.2504521173097489,0.7847145637535431,-1.5235496786464455,-0.07277352107904889,2.1121638038520967,0.3049126258433873,-0.21100229776117765,2.1955120908755896,0.1591218289183367,-0.3078177628108799,0.5705443676755767,0.0,0
-1.3435601898945155,-0.20382284758265465,-0.4911849313660077,0.04690802968230976,-1.125066144794588,-0.5164235330487359,0.5722654736688908,-0.002620383150609025,1.3002183021700744,-0.3693495362977396,0.2105466717063483,-0.4920692118922793,0.4738684931117832,-0.7928388370819417,0.3528129450415833,-0.6745735010356018,0.8583585456392812,0.5380445233882739,0.6337127483679131,0.5733736800947571,0.21136083732964486,-0.2347410865086336,-0.2602568729857149,-0.4878543691741181,1.7296346800920883,-1.7075690945918056,1.24224416962199,-1.0785036084638602,0.4169441250194663,-0.05426381438272596,-3.0956629937354774,-0.6135228659289943,2.08366255580523,0.5402873857738492,0.31080758806777153,-0.07266807777479656,0.06927513170833717,1.0343734404378864,0.21202735580753507,0.4994028216030787,-0.4560910856604137,-0.9689710680795665,0.15933720668963214,0.3992389871837229,0.5013139356551581,-0.11273720468746633,-0.8909428333892041,2.5072905227447464,0.4019656604487495,0.5151823397593712,0.0,1
0.7529158559997781,-1.5530299416999367,-0.7428724796295709,-0.8024177463656188,0.33533518600025464,0.8754865831835025,-0.25382556213433216,-1.3561065341991694,-0.4152886709453443,1.3180491383359654,-0.8232907825586931,0.2027097873498553,0.40105587036475004,0.5769684634187622,-1.2602205588397084,-0.801897367869638,-0.5083091818447015,-0.2681283331667325,0.8883521676514897,-1.5004731985594693,-0.9351200919359014,-0.05872701685429967,-1.1815062953110504,0.8084490630854042,-0.5507706575722044,-0.3560907083513775,-2.3470375856922634,-1.2715934243599465,-0.1377146297696724,-0.4032382271095073,-2.20219760740055,0.06622599310938404,-1.9451630386501881,0.2069637115547062,-0.1873793215019395,0.8930551188929258,0.3991852953044602,-0.6979424234329726,1.6060645059661285,1.0487351195495875,-0.12176571074434253,0.5750240867245672,2.15068162975603,0.2843558895653375,-0.924387281184876,-1.4824484143763614,-0.3865674103747301,0.1154309493446862,-0.21660301793172085,0.5142950298716705,0.0,1
-0.5853861626983997,0.168257492464286,-1.5713836519052309,1.0390227528994784,0.2399992816092869,1.2244859076186958,-0.6311852455864395,1.2824423792291983,0.7138352074860944,1.027722596162072,-0.8307152995618231,-1.923706102415012,1.6930639184635086,-0.3791824987649962,1.1528395818578712,-0.42328725654075416,-1.4586177961341935,2.3914418560930724,-0.6145289514914783,0.19801906176637266,-1.9548687436680443,-0.6109367910037792,0.35755511292720965,-0.4456729828357205,-0.29724369060639705,-0.505085890540337,-0.0027490993714199287,0.9357908364084284,0.2320487829637086,-0.4816770225286671,-2.057106924661847,-1.357428611709523,-0.7800328426633398,-1.5711720984785769,0.8045259587898614,-2.1898265812130906,-1.3240094569301402,-0.13793633305441327,0.1031787443873039,1.1050224881093968,-0.35160045095513004,0.26388847183998715,0.7013866262541603,1.019721992223536,-1.06363010688862,-0.5854647123683878,-2.064616145266736,0.942047282061799,0.4706151204296878,-1.575809318206346,0.0,1
0.8223976301967871,1.7715284489521816,-0.8132285491647221,1.7213517733653885,0.9362628138742732,-0.4141290894429637,-1.1277755534688705,-1.404760001900203,0.9520917043126348,-0.40575050799847184,-1.0139102056666076,0.14927551285882645,1.24110332277845,-0.4941572350834747,0.2771090899845349,0.46926512385990293,-0.471888401979885,-1.1627538717177794,0.3501180838756318,-0.7836065128896977,0.1356313515142308,-0.16252622479274698,0.1377693179620044,1.3814317720070466,-0.2746097147294809,0.9762046425153132,0.6810431214461727,1.6826593725638204,0.1418265007882956,0.3614286610639785,-1.055011785026614,-2.326320484691256,-0.24091846193342414,-0.8128955708672884,-1.4936875259138993,-0.9611165303870082,0.015888411903378145,0.9929778136133872,-2.649908955435796,-0.8339654715943821,-1.7793766425832,0.5588882419543801,0.06156565183937634,-0.09380417107837502,-1.8969364086461613,0.3429324844973989,-0.5145323823159451,0.0012021751431783574,-2.241330292043428,-1.1811335708415145,0.0,0
1.4827461280858945,0.5849980781735981,0.7113711465356017,-0.1444674709220589,-0.4596084853054885,-0.4946599754246745,0.11828176046837463,0.8528358660431602,-0.10710354308724523,-0.4054707692096426,1.9053991918414412,0.09371519680817028,0.2948392517221984,-0.7154344968518781,-0.4052228134133916,0.4151376624017081,0.7646790517213616,-0.4038358465192246,1.2990751276675887,-1.2328129613894536,1.4552375033546383,-0.12111940150160973,-0.9578570083755329,0.7483259371545689,-1.5612625815494798,-0.07504814068366307,-1.6047632327363452,-0.01831357874752862,0.5779882334155361,-1.1556024245217482,-1.5310715350281676,-0.25487693459240146,-0.9439696388316012,-1.0254504869009209,-1.2175591508236001,1.9453358623126435,0.9641175200359878,0.2354499572385069,0.022952198656450963,-0.8180721055656385,0.7526128021399007,-0.7766861893730448,0.3580401600494839,-0.28453932995295483,1.04660914204226,0.08466682109603682,-0.1759320516622596,-0.5110523450894924,0.8219727578560857,0.13794754724156125,0.0,0
1.1490794386352328,-0.9624223418280524,-0.569267382939976,-0.8541860409731818,2.6356181799972034,0.4200459204954217,-1.2853460974587227,0.8398073447456768,-1.1661475630934974,-1.4848543236755396,-2.673072672621843,-0.4038493045862708,-0.1278884947833106,0.661975191600182,0.10229651636757284,-1.03853705075901,-1.389362374999935,1.521407203533972,0.5252340234408859,0.44359458836005533,1.2440577838294615,0.6355180302417736,-0.13867887861161804,0.3154989647764202,1.6221814016674532,-0.8651615551337538,-0.2637418980476899,1.4808778007516137,-0.12443678286058875,-1.8253229364929555,-0.495539159001047,-0.2905998246453869,-0.8508576890359344,0.3248412162114084,1.6940632647020528,1.042478454687989,0.19300252919843405,0.12966039722811576,2.3036096143305103,1.169673527786432,-0.6991680928435627,-1.1818312197702905,-0.31098537887057354,0.3656040023532941,0.8573954801273883,0.31088159469001153,-0.054602850294165985,0.08539136978591044,-0.24750607918779435,-1.576970763307478,0.0,0
0.8381424393271621,2.467699813594749,-0.018383617111782716,-0.90010425699289,-0.6091487850160969,-1.3375787948841642,0.17638872729330074,1.0614937141598642,0.4692743892472656,-0.3997849159447208,1.5124107579823172,1.6439047640665534,-0.6063085060303978,-1.0217256061838045,-0.05219065482892263,0.74158216215255,0.4594517958527564,-0.38890570623256737,0.12986179317105875,0.5252876193976247,-3.156252225000685,0.6482925418716882,2.378746877424068,0.09265200882887424,0.4179305714339331,0.11709955695267915,0.8504324777858552,-0.3560018485391109,1.067061569209773,-0.5531229444404678,0.07899288939601191,0.5962188830240663,0.5986563069268744,0.05974002216259206,0.4135069473807989,0.5323430185607201,-0.3828846297883445,-0.7875182187437001,-0.9482584357603688,1.1343690518833949,-0.4386574244530945,0.2667327925433746,0.307270521032443,-0.17239855836852552,0.2750159871370956,-0.10783690384569126,0.3688575589656104,-0.6549417649167715,0.08559279391140093,-0.8400441914024891,1.0,1
-1.4610303901335515,-1.694432364725472,0.6338243800437298,-1.0411680252332074,-1.7968014423834795,1.351251157694259,-0.8330865500815599,-0.4051458487582924,-0.6197190347987163,-1.4866281578006373,1.0658582642945211,-0.029486799489226532,-0.3717056951611211,-0.15138472529646127,-0.5774585995072687,-0.041945106801071434,0.7310452456536403,0.6303954331010702,-1.0998849941570057,0.9928521447901648,-0.4567553007854848,-0.19714675651013705,-0.1917932474109851,-1.0029551707696889,-1.2337181881352155,-0.15191315458682395,-3.21225563417534,0.4698024998591233,-2.2913423688770016,-0.35013098135585885,0.17779005406075607,1.0442706958691657,1.817879195269728,-0.5718734228129205,0.3746407445471899,1.2884463937708608,-0.523663561763744,0.7878286578474053,0.9729719788402812,1.6793157057097958,1.1900601455168134,-0.3527458284355702,2.7550821074674383,-0.4820704829243637,-0.4821769115014416,-1.4897168160582688,-0.5370649453655668,0.5797571070362653,-0.5522680608877282,-0.5945669303910608,0.0,1
-0.5548415633187892,0.5446316229809929,-1.003036242603413,-0.2941920843633901,0.3046971058233985,-0.5123026717480452,-1.6245104670181132,0.2878647758645692,-1.7176671524349296,2.0847541159816987,1.0084039783982282,1.166082465500636,-2.138243783217728,-0.8800589299869821,0.4497205305314073,0.5341471184828142,-0.1636530057489194,1.911945685942838,1.0583633361630944,1.0157464902622004,0.7813003299806695,-1.066388586793123,-0.209300946445666,0.4377256797352826,-0.44313164409561934,1.3639674389081966,0.20684880702168512,0.3105227074965054,0.6451466828867051,0.6052711537230612,-0.5944798743153695,0.30775434457878065,1.0627885862499822,-1.9303266219912745,0.09651159932245428,0.5789815079875489,0.3128851854598052,-0.1340767407566805,-0.4878039340730616,-1.3707066903481158,0.33479201858181346,-0.6266073207536517,0.443019155403791,0.046815780522519744,-0.9257222800507592,1.2132091494112636,-1.0199175999407035,2.3746840811599035,1.5721707455245997,1.6528306434215656,1.0,0
0.6037357924303745,-0.14948581390170942,0.09120014155666917,-0.5950364501047914,1.2460091935745348,-0.3389304716892346,-1.283788591897274,0.9496078626913922,0.7984480362725337,-1.0461866174899146,0.9971643399319494,-0.25699142186630114,-0.2968848149565578,0.6203850815944835,-0.13055150499934634,-1.3674357711084106,0.4608165542736148,-0.0646956413225834,0.3984499026585271,0.9163819029887572,1.1104388191142125,0.2034896966627196,0.9633337367204606,0.7686481593318312,-0.4372577849413029,-0.5872842832821427,-0.6894211917058349,-1.1864625136241036,1.4034557917981223,0.0707308122991701,-0.1898963706751928,-0.6904249617642702,-0.2414229255622868,-1.8613557383836208,-0.16460996236188144,1.4174282161227487,1.4816109553247825,0.5784483846843957,0.0788103950660707,-0.8088737582535059,-0.18326431512531471,0.1899655303013217,1.2504113881171557,0.04490896945016373,0.3844102008723729,0.3202504499961897,-0.3877709653593897,0.4647705989213704,-1.4563951421469952,0.11143407364600727,0.0,0
1.2368762495449075,-0.9104767531148727,-1.0774772470801703,-0.998967463813353,-0.05291175983551193,1.3373510861242557,-0.9316204084742524,1.1969372348337164,-0.6321141329256109,-0.7755053187065722,-0.26775931710681994,-2.0558050898224853,0.01193872419591818,1.37570273237951,0.2640553930460872,0.4634487372507981,-0.7802837866354274,-1.0059495390400517,1.1050032627933275,-0.29289097669792097,0.16057678955746005,-0.42191802172798976,-0.8576180097528084,-0.2400560631856122,0.37325788852971503,-0.7986902446354626,0.29408444036375564,-0.23472985932628646,-0.14353382156100122,-0.7164535957695727,-0.976423123530458,0.7318063453191935,0.8673569522776142,-0.21886242618511006,-0.18632890936550606,0.9602277646077372,0.4469600342979456,-0.09646352188389062,-0.28662266895880895,-0.905831021818346,-0.7535729003468324,-0.8749963203166696,-0.4967237303093709,-2.3111499701506344,-1.3029833119669223,0.6549017983777233,-0.652586974489927,-0.8289076071301639,-0.036500854939683434,0.5577166985944406,0.0,0
0.4530718120223962,0.13648218973302426,-0.7662557546910059,-0.7179090471053395,-0.5666736872964606,0.1115903572929685,0.6019249842102385,1.58002522017908,0.7180184556414727,0.6807248749759173,0.5893057067091889,-0.1556219426658367,-0.14809804003234636,-1.81734071968119,0.34188720804824274,0.3973276612756519,0.13133946609493038,-1.3944864900892306,1.9011731973611363,-0.04733754249216562,0.1922926746243092,0.4876312453357192,0.08564628715244703,0.6565436576563966,-1.6760020004058045,0.6708768472587499,0.6831995689968251,0.5048092170704017,0.2293081631185281,1.4759963860636922,-0.8670201936016114,0.5380486047055864,-0.5577733747208014,-0.08289569438228866,0.2531060555915433,-0.7583860040367494,1.086565303155072,0.3812019348493542,2.3290865817295736,0.7709757186089207,-0.9685342704791392,1.2067837594264008,-1.1375457592393552,1.675220686474258,0.5689276189024208,-1.4300685406023987,-1.851731816725434,-0.867950512297129,0.3355090959128133,1.0320744796192869,0.0,0
0.513263552636968,2.0185870605477616,-0.4744031561549942,-1.5780389281023783,0.42601169051045656,0.5698915310314832,1.283734258455686,-1.0723242022395099,-0.8807941448917085,0.10612760372574824,-0.6179414728676078,0.26479935297317114,0.7738763413312701,1.4868919520617936,-1.4194828220904294,-0.2377392323689971,-1.3277421739920778,0.843329134177271,-2.0062219111131334,0.18134507778754047,0.5000689837295376,-1.2441040515843331,-0.02650398827208555,-0.8649102826045495,-0.4772999104138654,-0.3542562109973829,1.7109040997428095,-1.5644801503752073,0.4469222284764611,-1.7276335223499095,0.8895785405867651,-0.6578518605264579,0.6405567013562984,-0.841327952400011,-0.1902460428528583,0.7634440204723554,2.230892217588935,-1.1434742397984483,0.4412554131869904,-0.9190612424013626,0.3959348465859903,2.0202449525634716,-0.3610995702724074,-0.12299658873373798,0.5993178472101898,-0.8063881110933999,0.25051380462788425,-0.13799753963956507,-0.5452965033169369,-0.3646467859736792,0.0,0
-0.2887674856111293,2.1607402099912703,-1.001651140823684,0.16545977516190194,0.011930211918782,-1.791974977235976,-1.0477626318979278,-2.056510924468317,-0.8739990752783172,-0.8819807003138366,0.03630436947004431,-0.3019959171718355,-0.040974306709589216,-0.6034017881330942,-0.4774355045004251,1.60207969698091,0.10142903289167036,0.5135129449469035,-0.5635059430987044,0.3212840869478956,0.7351464207739993,0.36367209755177454,-0.25683555946934983,-0.2477758034294037,-1.1148923222483171,-0.2781368807336177,0.3040834130981995,0.03629695605305388,-0.13794865392677993,-0.6122110713613289,1.742344519078597,-0.4222326279984272,0.8633272078686784,-2.7973195183099566,-0.16694390016995747,0.07330049223264043,0.12393300315081268,-0.6819394142587535,-0.19257617709807134,0.6444245579292284,1.0836478711630677,0.12818388866764271,-0.9358931283386616,-0.6909117841012618,-0.43074960370090704,-1.4921397956887414,-0.5127047213185036,-1.2673751236563893,2.135145918258416,0.5532606249369407,0.0,0
1.0452344582747282,-0.01857776573914471,-0.3384110086613028,0.31929195158035706,0.7258234882792464,-0.6430279677445648,0.4050504065342423,1.586072089440138,1.0558849683402556,0.4687414809391986,-0.6556453179916327,2.086374587185724,1.7432226360341394,0.08367326639670397,-0.4923254864596968,-1.5073705017120769,-0.7077090005136271,0.6758537633934046,0.6363105621532419,0.6976557773936968,-0.1925427316357972,-0.09054490814051053,0.8874858092702919,-0.17760050716104595,0.4549146755887848,-0.7307415936963026,1.3488767765575482,0.20637860545480566,0.11961455834793977,-0.15258524397433404,-0.35157601514706044,-0.4570507585835832,-0.9885215616885734,0.3141171072676661,1.800767473957452,-0.4383508399689184,-0.5191396001272067,-0.5006062194890543,-0.30592415914921245,0.5172491152064115,1.3955664354508701,1.6166293898593695,-1.0931464601029155,1.7925359195536374,0.7927740631940642,0.5703396060859087,-0.42802788260060604,-0.009837705279263092,-0.8552388526189312,2.26414848881421,1.0,1
-2.1219297652650573,-0.2382162544608645,-0.8429874660901959,0.6582411934252523,-2.4544657285272784,-0.892878411937452,-1.65166284300512,-0.03992643445075965,-1.2430759575853318,0.3697447129501992,0.8985187716923182,0.5543865096431593,0.2463888518093381,0.17702940356495206,-0.3274487161384641,0.384565655005051,0.9924250630357218,0.005249271136489378,-0.41572417995600175,0.8228777738441516,-0.3900078088523922,-1.4998568090371511,0.4594348967315977,-0.4420067896571345,1.1420632738063283,-1.7557177371066233,0.3209214827016937,-0.7035763572240162,-0.4840913387006805,0.3434497508483465,0.8389322589012953,-2.1411574187359386,0.0004121671265665749,0.617762900594668,-0.8809371776828622,-0.5309828255959921,0.4794200531076134,0.1300718125325527,-1.7904791354851697,0.3168728049953239,0.6911133562519046,-0.27319010768111623,0.8890516897087473,-0.6540233483740963,-0.9552046650683808,0.11885997067161133,-1.4576118422429556,0.05539058711585832,0.33807682954197465,0.5742868067124488,0.0,1
-0.9730750305192842,-0.3688154778363105,-0.9011668975713718,1.99875541521794,1.3244294219141437,-0.15808785806381814,1.1342568330760956,1.8985133710667912,0.28638682463726084,-0.4893251143568064,0.2484590161350682,0.509893849143151,-0.004271338587291975,-2.020237525473296,-0.11412712659309165,-0.05651472126746492,-0.9421759571371602,-1.3255932650153115,-0.5440372687114666,-1.05509127810626,0.09592030474917944,-1.3821874071606246,-0.7743845395226986,0.4614051389409518,1.97164562127726,-0.8818538124691918,-0.6036581718056356,-0.39785074226654105,-1.6204241695717092,-0.7310624671545172,0.4426032583485623,-0.061031116504978576,-0.9423181780975076,-0.243283798914524,1.3506356944413778,-1.6501675624176513,-1.0865146628147435,0.2824173920820623,-2.16015629182831,-0.31223365719288626,-0.555001663682024,2.2147275791187204,-1.1783112153461726,1.7176347587458105,0.7403250975902016,0.1300198163319202,-1.6848064394490472,0.6073155082362509,0.1334270059745371,-2.569111070364156,0.0,0
0.6007511536540687,-0.2973127077422298,0.2660254073565336,-0.2898560142288153,-0.3863712365050496,0.03671877618310235,1.986429558993292,-0.6838465731988299,-1.4159478710202225,0.1546950829556287,-0.5580981362142382,0.6585217337669244,1.8125009655738875,0.8414932880922326,0.02330595686339703,1.7563586954145114,2.9830509197476767,-1.1296446557505586,0.9830975596472304,-0.8114980882596695,-0.2689253725892505,0.4784779250411562,0.15521844326526074,-0.018917961008972632,0.9397863477637991,-2.378655042096793,1.9015191346014824,0.3563056007344376,0.0510190980167364,0.4724708469833483,-1.023069637906075,-1.6325245590266224,0.9273611833979428,-0.9888817426773234,0.07913866814717911,-0.4153317201229199,1.384798357646544,1.578616940797666,1.4073112023652434,-0.7593981172181427,0.02175250573366333,0.9362613254775172,1.222634580065029,0.8075406630977303,0.8063793234194349,-1.233234877190304,1.0319552089255026,-0.16803539823977462,0.7204947836650212,-1.362808353343098,1.0,1
-0.17015112682831945,1.924237494956236,0.2367244967468483,-0.990543151791114,1.0372336491088197,1.281188951584465,-0.23620249088824105,-1.5871433071179342,0.5504579953115483,-0.15143386513132262,-0.7944767538349758,0.1598815164353673,-1.7066320568318252,-0.3832161713452382,-0.6597954997016832,-1.849060303476069,-0.15215111588484273,-1.7764102661521344,0.7846025826777183,1.7564564306372503,-0.21718194027324392,-0.09370868677441226,0.0842020140138964,-0.540366717501645,-0.9190411380645596,0.5073356560209076,0.5571849575620288,0.2260999468493618,-0.1759263162174209,-0.3433585622324959,-0.6375158217520168,-0.4533272481727653,0.9056339870236284,-0.4920314835074856,-0.9950405321219109,0.22294825302790347,-0.3638292440442695,0.4103997992127287,1.5032175120694105,-0.29352221379938204,0.3654693401056976,0.8717580116842998,-1.6498837781502629,1.9291590599499384,0.18106700521863395,-1.1359471094061708,-1.349110165738589,0.20496459263664168,0.0011208593277514146,-0.03229706285757489,0.0,0
-0.2773960639667464,0.04559577402028437,1.8130564653623464,-0.22161880877993867,-0.17787546178808486,1.2253543401501017,0.08471309821193501,-1.331792895001335,-0.2517876030001562,1.4704672125561784,-0.43363013588615534,-0.8344768726239736,0.8903527278801112,-0.06997424770267527,-0.9106600548468264,-0.13601256455811972,1.8141250468838408,0.3230652188362733,-1.7071155343088702,0.1376936934807481,-0.5263729667176678,0.10936388837530947,-0.2538427835641395,-1.3798966657892755,0.8660278505119584,-1.3723431298179645,-0.2882802582448868,0.5252899963984247,0.008766842826577897,0.14905131078987696,0.8052001778682185,0.7539580043162265,-0.7447837560788668,0.7428961971571979,0.7356255959566613,2.565119536767616,-2.4421822749626214,1.7235851864792058,0.9264400763967564,-1.190089201028442,0.15709136993483672,-0.6579350723061294,0.44901843557205373,-1.2050577195778818,-0.1828836485378694,0.923183036459388,0.7189785764264477,0.04269162397885317,0.3510142314124811,-2.782748591983073,0.0,0
0.35832545499609697,0.9740962434994028,-0.9905618987783732,-1.6083555696533598,0.3157934501398035,0.9980552604266876,-0.8559816212746159,0.15821525103532097,0.06452000846108541,1.3487906425370777,0.24896075008507265,-0.10607544550320934,0.5724654477493292,0.8117111649467597,1.4009758136545711,0.29393930801138474,0.6087953475418036,0.4246012632352921,-0.760342042345982,-0.15093336888634973,0.3242810338399201,-0.19211671726107746,-1.6084096042549654,-0.08156206356511148,-1.6606770068181378,1.3353392230365486,-1.4552229417592812,0.6674818373171472,-0.2667318253334308,1.256457060416713,0.1850935692351238,0.35910172436297355,0.6310378640127388,0.1844126771714157,0.5527428380692125,1.4341288112546056,-0.5532712502340772,-2.7875594220516957,-1.529995943163887,-2.3573915007177844,-0.5715192178978086,-1.2752050487722746,0.10732684524294543,0.40266650147312394,-1.7990416000056737,-1.1014017969068048,0.2907939109292389,0.4773210233709597,0.3263597646773492,-1.0809062890487635,0.0,1
-0.3993956112942911,0.910255117746246,0.3529446144465831,1.0422161405664276,0.04077731879253435,-1.207753798473606,-0.07004491915676375,0.126072798389752,-0.8057000949215747,0.22976892767672025,1.0701707969073784,0.07770412031325359,-0.5844510674289939,1.136198748942729,2.5731784505017443,1.639010630416458,-0.6182830857940218,-1.215197539403179,-0.6588882042229122,-0.994331328765054,0.6302921239248271,-0.42233556995479454,2.5102865349726766,-0.06444814560275883,1.547649261927239,1.6605217829154604,0.7020512610182643,0.2015199889939853,-1.5201789765658331,0.3567284266166387,0.8046462553223797,-0.7396532231568902,0.7661017433524147,0.2154417570248511,1.489786452102286,0.01422490027245341,-0.5086192332707232,0.1600298651096805,0.01721882670693386,-1.397947209320437,2.7329516017855973,0.2168717698218716,0.5038085011861285,0.3174225679047321,0.3466368467972968,-0.09943389388392106,0.8889986954719565,2.0065497454529084,1.9854410075393416,0.9571681543869294,0.0,0
2.7162625835447614,-0.8460458357439335,0.2629392400281323,-1.75632374146868,1.0979327004376278,-1.0999851804644365,-1.2326438763264564,-0.8036733083871098,0.5539500382351721,-0.3615511393969519,0.10940291244962744,0.9245158991039198,0.6128932809648536,0.37954296884307576,0.4378769130839664,0.7878391443966548,1.3257539088282368,-0.33313662507947644,0.3179188133206272,-0.9390227839981722,0.6805924033667379,-0.1146270038663289,-1.0289207293958356,1.2745744502997531,1.3002203729329986,1.0705791910162157,0.4532674911244749,-0.2530915014848321,0.8602487376490757,0.3577706243437396,1.2147734479345853,1.6587290041034275,-0.2038456292360685,-0.4887159611839413,0.9145909864776424,0.7505680014239757,0.034003675760231535,-1.3154692159786854,0.06612362218099972,-0.0944583002006316,-0.9187839216716052,1.5575263832610138,0.3139653677831306,-0.9854483323571884,0.6468559602755312,0.2578846853349729,-0.9512772896650143,0.5034354392513322,-0.3147720376185839,0.15788985894015226,0.0,1
0.7468431721075273,-0.7529284824976886,1.5803272904851973,-0.9480643393921938,1.2235187096895712,-0.4229503959589321,1.222470552769326,-0.16297149081282716,-1.1953902028633314,-0.3368514436229085,-1.0386887799370583,-1.4176821273742313,-1.7493924095699676,0.093183438738476,0.31583357393539563,-0.6600476888734241,0.3196817677664023,0.08197578521567829,1.0310260071975,-0.15180198250073448,-1.3987735934733785,-1.5164645223308482,-0.4824643103874372,-0.12026999699437052,-0.289628239271614,-0.9020705229525766,-0.14226968968260306,0.0772897379660137,0.14465756049790432,1.0645010465924742,-0.9570588733066564,2.1292615991760813,0.9090614138577974,0.5187176229944608,0.6306508844934554,1.6461149553704977,0.04915028719598232,-1.1595457385437478,-0.25827533151225923,-1.3574174904885319,0.5603312130813101,0.9031525802675708,-1.091536566054332,1.6408204924806569,-0.7803092095227534,-1.4766315770923586,1.2710645976511001,-0.14824296435536222,0.2215365248176192,1.5025271204556951,0.0,0
0.353697356888571,0.28928506340764026,-0.5969664903814343,0.8397556874944495,-0.5006617405528097,-1.4828458199690024,0.22475828842179071,2.067617819132893,0.8830930521723702,-0.1059747018441832,0.2071427697240469,1.877616275444212,-0.7926734463189189,-1.3279351766962006,1.1399805293363166,1.7992653419373257,-0.5252221232429194,1.0038332374361152,-0.8194478184675713,1.1710064239723996,0.39508466552928506,-1.3254558071584128,0.2847995970820361,-0.9553945104179209,-0.5751665014094457,-0.17437948663687042,-0.220828044293708,0.07241073956684843,-1.3702268557151382,0.0978499382648946,-0.08434397231669083,1.649832370737926,0.5735817822825019,-0.23017236415563944,-0.4204113029663818,-0.17784067946175558,0.7994398230581894,-0.15279536139767902,0.584717506540397,-0.5076417541931667,-1.0520060220600866,-1.3657511405736855,0.6602818428118399,0.051627482912471344,-1.4326732181520168,-0.19891788114546613,0.4367696066847094,-0.7800740190497811,0.8057441361171092,-1.5684520282017689,0.0,1
-0.4311606394072615,1.160850159348367,-0.694921404868263,0.8514788476312926,-2.1021650109657037,0.34216906125109864,0.8729856259946621,-1.2195482178952042,-1.1747112994051079,0.5001437347660284,0.35266591836543554,1.2002730010737668,0.7424870235885177,-0.5899993436032883,0.8228784977758096,-0.4095605122164634,0.8610447398372824,2.3623962435548806,-0.467419121055642,0.3028457509112679,0.8219492490314292,1.5350534165624978,1.828290801938084,-1.196011483848407,-0.17971399142112174,0.12183850667904272,-0.4710444805069192,0.7937789314120899,0.5421945714131594,1.8933758828460985,0.4085605827543224,1.7996209547866706,-1.4512088747328298,-1.75997423937955,0.09344307934738756,-1.0057732531867225,0.2973703184097014,0.40151422173081736,-2.3064792092593827,-0.9542259994350992,-1.5249960855792257,3.350835159832085,-0.8903246104603971,-0.5399197353841122,-0.5034014013542232,0.8966598544247303,0.14300320426344126,0.20894310810802152,-0.5383882637390641,0.999744325918017,0.0,1
-1.5867156953263395,-1.7616629164596376,2.1207082399502517,0.17864266272817092,1.8791865775709964,-0.7287670253452162,2.5132133161401566,-0.3688083817609505,-0.3162636808498361,0.030320480177970476,-0.7120477969451605,-0.20615032650651588,-0.4597756268189316,1.0721793463840017,0.6921777010843235,0.8877476879832438,0.14556040521587466,0.5515487830434642,0.4871130856690031,0.4972258110134184,-0.4655603354721751,-0.9110938291154494,-0.228053544469998,1.1225844355068928,0.38005546117448336,-1.4608160428563903,0.7215257532401659,0.08941377638863234,0.5361678864052779,2.5255499385393114,0.8577344574145152,-0.8311949687898217,0.8861959863678862,0.15793770824757847,-0.4101848180431843,-0.542851181383271,0.10579017028470376,0.3277844787469485,-1.1633355818137017,1.0952920950845395,-0.6066823894811734,2.502940761642109,2.2210294903043084,0.7763423754306955,-0.5816296941629093,1.6324549059411673,-0.7318298542384633,0.7745600368236107,1.650847309207272,1.8118396522536824,0.0,0
-0.16234556888190915,-1.146790651879222,0.3409711434476824,-0.35410213287835884,0.4655565052093694,-1.0406471778690185,-0.05830888435331912,-0.4591668811273253,-0.05305999543009675,-0.05237049739400167,0.14660468485685466,-0.7101523394239855,-0.272986751938808,0.004894210215482515,0.4503582461972528,0.041867125227720216,-2.187836357954906,-0.5786532637735144,-1.6630771801974142,-1.5502949670962434,-1.3662741687485052,-0.7749726605388729,1.1249399614035458,0.4026051091209134,0.4505193352780219,-0.8212393335724772,0.21660307825864888,-0.4223645578309696,-0.8230825679167031,-0.05180357598377647,0.29699604531061063,0.4929849896307848,-0.7051481133793258,-0.5930151308559861,-1.6521136926239954,0.8469896937142658,-0.4147242860198948,-0.14489962938677473,-0.2544340672882426,-1.3657249748343956,0.3689375519355863,-2.246826748528457,0.4444242192796465,1.3380565052693918,-0.6100462790280028,-0.08136251475083024,0.4973432632296266,0.7167479743295196,0.1324349436166002,1.2192073357657511,0.0,0
0.09794815512981908,0.5975387916138843,1.4057788054876523,-0.6211784567283011,-0.6761707552497547,0.15369408428919973,-0.8069276690461505,0.0037089748227115845,0.9483350211533982,0.6984723629412851,-0.2559657088088776,-0.32022712637620193,0.8035629060692109,-0.17344668007497113,-0.2294519875156203,0.26446816028698034,-1.8579045776959893,-1.1365302104879915,0.9745224468087851,-0.9327950272659946,0.13838347308909935,-0.3094328095465895,2.089590304159461,0.5658997126248454,-0.9521939445203274,2.435147562972771,0.35640327777090003,-0.1079791769290314,-1.356794732798539,-1.0858989969879471,-0.835457336407861,-0.9479720836000586,1.049388035730427,-0.6304610367831273,0.9646072632542281,-0.3950528430840604,0.09109497649155446,-0.9355166889295324,0.19255593662177714,0.3889099947272704,1.4123144597155315,0.3892021244388464,0.4594243039558217,-0.026271319040512563,0.4560255870447842,2.5104921322027653,0.6881089369249301,-0.19641328012990836,-0.6979909866866073,0.6417244173826816,0.0,0
1.3363733107152944,-0.3678749467544153,1.6309378321547063,-0.7194856258107437,0.7163980209674269,0.2525419915941968,-0.8969536332913229,0.9660983844004444,-0.7379298577732385,0.03750702698080045,0.8848763014111853,0.4929457085706188,-0.4892305849284326,2.3071705965199314,0.4467638995227929,0.8926953381851306,0.0556801819415816,0.6058177297030306,1.1021969879437188,-0.8447719668844135,0.3747994177925718,0.6721452535419093,-1.505910456809067,-1.1344082223677021,-0.0306855748122236,1.4393913510936815,0.6865090684944224,-0.005045281863962855,1.3069122848629602,0.2518878189028291,-0.2077297777831984,-0.7071586175311104,-1.361176554527166,0.20708226034344301,-0.17585004121901965,0.14404118758415424,0.2593528481623298,0.5878951387384536,-0.20337819332103474,-0.8752935878747212,-0.4881412316411096,-1.0496695557285445,0.1766438696063421,0.04773389462292093,-0.022608660388081573,2.8044714894647544,-0.4612079309212566,0.18520269650494647,-0.09884074675765303,0.8347406876109672,0.0,1
0.18921802662537854,0.6784934592052182,0.1923380379620885,0.6043716353399988,0.7561574771161261,0.3693175619107415,-0.6020354465837804,-1.0542026832266642,-0.4499977803150391,0.8794799029765529,-0.12391419465046985,-0.5079635723644325,-1.5967665082682574,0.5572514107481448,0.1063048949071091,-0.25159143824294383,-0.4450998686547128,1.1384054685613876,1.1028594445621704,0.2132165803597988,-1.6063750939070982,0.5474843147175128,1.0460929830374899,-0.7573673813637283,0.7368336905737718,-0.4280219402616332,-1.901747929693048,-0.5393894416436371,0.8457206964167551,-0.6120419744272069,-0.5488956357466345,1.6009019403801212,0.5377585965246358,-0.09490453134021816,0.2598297252007281,-0.5679709512441029,-0.9436029033030502,-1.7729777476072754,-0.1185206355331314,1.3535028370139752,1.1769317066270937,0.2269901318009868,-0.7256588393735055,-1.2448177910192129,0.13280610941086038,0.28713869610297393,1.3637702814954893,0.4550910139770661,-0.04329135378020745,-0.5465814422846648,0.0,1
0.1241402390985541,-1.6218873125600186,-1.7384683358124144,-1.5377426361946425,0.017863370876634997,0.28989252106113383,0.21005351447486456,0.39959714095299415,-0.4484042258287742,0.4718589198028624,0.7702294981162418,1.319674347845205,0.4302407824590208,-1.1171042465528398,0.5263443114788022,0.4093583246139103,1.428572066769861,0.7353493711985175,0.6548733657684092,-0.17016279443672078,0.06064876422566433,-1.6108065726087375,1.0753443558803586,0.35110574472979245,0.2961232117677462,1.5723095378833565,-1.2890247410608573,0.3083421821764227,-0.6208285723819529,0.6105125230353488,1.3085640701828023,-0.8898260382323995,-0.8293807276086165,0.050595780066018316,-2.4009358620257277,-0.4894617397257055,-1.1419994986227278,-0.03634572851256698,0.8201813356190512,0.2534356297764463,-1.1251051821300984,-1.075457280520386,0.2813350055020465,0.5949056382140863,-1.2137334979948189,-0.9810985247289056,-0.43430636765734376,1.7930924943177742,-0.18236239197795714,-0.22638731365791476,0.0,0
1.2294282113706592,-0.7278861013439,-0.8609865120257538,0.8203522723056507,-0.025640794617121838,-0.6758674942134255,-2.0662582847883426,0.1846115441787048,0.4648984325742511,-0.9847176925708658,0.006415995413150067,-2.787322957226313,-0.8420239754674587,1.1085914758057154,0.25114001835747835,1.205901384298358,-1.404704818249486,0.13291702558632165,-0.8239242057006282,2.4221353921869437,0.7044884387891509,0.9644294936508848,1.4146539086423011,0.4557978876074613,-1.4000693165300722,-1.4050826820569844,0.08067276567337557,0.5813688890387947,0.7133695870962607,1.2513649736902541,-1.2281896613693677,0.4419964615729666,-0.1410113401518933,0.7057270023203083,-1.0888737597075673,0.4706211882184378,0.2139143172703224,0.3725661701084871,1.1828961490562184,0.7603080913385748,0.989561681931576,0.559141947282498,0.8448907528546352,0.4005402523427675,0.2355828731684929,1.5404967385200996,-0.34828837028242066,1.257460329895542,-1.7782084225655783,-1.0449536418006566,0.0,0
-1.555300027132075,-0.9300934676237252,-0.04707298506584387,-0.036510133739243035,2.196731718233072,1.3549589695200879,0.8282830295379268,0.2812262410125638,0.28326001639456144,-0.5071809658080721,0.891638064774812,0.09670062599542248,0.625662239856158,-1.473681368444253,-0.8629001669129215,2.7075642062339843e-05,0.3234716580314584,2.1787590332279443,-0.665009606387611,-0.8876701450056452,-0.3151328842642379,-0.8113158204863493,-1.5166400168294802,0.4497810387694526,0.02112313841194101,-1.2807204645661134,0.5259922118954878,-1.0486683862808213,0.7330587128352205,-0.6513407368910556,-0.9545572811144396,0.5617151227872783,-1.3109594473570247,-0.966433239051286,-0.014830761375274459,0.7465979449391794,-0.8371228948997425,-0.07446341186820217,-1.3052975725559628,0.7927317300092079,0.19455778443293967,0.5868257887003461,0.9670413158888046,1.581878641123231,-0.2234238826437615,2.3287824053801454,0.9051649836595388,1.4405329104963425,-0.7313675839740174,-0.6357102715161754,0.0,1
-1.5944114930886373,0.40871560119136296,-1.2434308037504782,0.27592104441850845,0.1967277186626704,-1.4143495203839611,0.3621123517968748,-0.03886966496516449,-0.7337993552632562,0.4822669340782049,1.0808217240591318,-2.185970975713837,0.06413893033778828,0.9931401500970304,-0.10376529100809527,-0.6900136281334057,-0.6025178011251898,0.13572362401274946,0.0003631588959278624,-2.3220585884304006,-1.6836340566338486,-0.2528199412999479,-0.3364694197191156,-0.2788223065081975,-0.3761551697865349,1.4298189790021063,-0.8944269891566142,0.07960934657180366,0.06824779498802977,0.11064662984946448,-0.8072207699104902,-1.670262328503891,0.7240137643669781,-1.7468896945776329,1.1255860147619414,0.9887927188527068,-0.3191722070987977,0.6302130440009144,-0.6815899839212023,-1.0648708085816128,-0.9202359014680526,-0.08495709715414784,0.13739529085671384,0.4415745415679889,-0.07767866577001763,0.028822786507856173,-0.3049953814483861,-0.3650817485614559,-2.0034150353251965,0.9948851162721234,0.0,0
-0.3439327291912944,-0.9211813778365459,0.4978695783366706,-0.009915554263439659,-0.949218482512912,-0.3102052898962437,2.2575359385488607,-0.15197503020234912,-0.2656880600722775,1.3088409461436397,0.18537873105468872,0.1604316659711019,0.9546861379769096,-0.2654410442537917,-0.2497280275955185,0.6011730341909339,-1.8319124681764984,-0.4059598481164505,0.4948816810453268,-2.0449561875726316,-1.2461027960616016,-0.662804147930296,0.5904454873017639,-0.08715855917759477,-0.4756367951166066,0.1286943470686045,0.8888927598478216,0.2875189473034126,-0.7083298962092567,-1.0931418973983729,1.3717219318380531,0.3871714269465662,-0.682441543499906,0.5589640733584625,0.5468703999019681,-0.7923803792166871,0.6785718935684301,0.28493987780007,2.8381689696555257,-0.3706765767099855,0.24051555009964865,0.055112741419699234,1.0660999689583168,0.2932906651565331,-0.11966609964197347,1.1390090830590007,-2.262139041393486,0.9150762626116854,-0.3230010618569213,0.35751124754935804,0.0,0
0.16202226082040327,-2.998335297114469,-0.16818618314706904,-0.9838237561960894,-0.2826646615081895,-0.6892384380663826,1.7597319798911937,-1.5259856220904342,1.1180818171215667,0.3020783696863727,1.1543489273739735,-1.3729776424157103,-0.7716580525947054,-1.1288636680028716,-1.5340752019109658,0.19451005535922608,0.5070586503718824,-1.4593728142510032,1.2657550392055812,0.4400804302775693,-0.5956169853824297,-0.6612824853514494,-1.0740096982934917,0.10270824669667253,-1.5312360909544631,0.410931988678149,0.42192623374424654,-0.09218915583772756,0.002881816075532746,0.4661518112669771,-0.5601150877309052,-1.1035936857081474,1.4364398058763888,0.2724923151481192,0.5759112605850456,-2.1567479641491927,-1.1185568214236847,-0.2491130862784889,-1.5588800705012993,2.5510710478390983,0.1919282816692882,-1.5783428326681352,0.4075929557956232,-1.1729751719140762,1.0824843395644552,-0.46046667265502,-0.2552461523869007,0.5798561752621357,-1.1067397822998604,0.4699904004370538,0.0,1
-3.163778661570694,-0.4142893795298378,-1.3380112516005889,-0.31066701408305825,-0.033892206492193926,-0.3943288829943351,0.7010499043687943,0.8261881739721959,0.8047745314935151,-1.575152935245086,0.29441044534948063,0.5228469309558857,1.7035007942106413,0.40529715697661656,-0.09521203090026807,-0.5652933113760312,1.8338336194764269,-0.6339052330566813,0.25623359948003266,-1.0502382475808891,3.4741137346699325,0.6068160026308969,0.7111532023186825,-2.3344249197157607,-0.997560874511069,0.1978706590359521,-0.06347092215878862,-0.3126635544041455,0.5581153897365764,0.36387403224451903,1.6929347652055184,1.0447288873322984,1.765340154815004,0.439472897993735,-1.8690467505090065,-0.20141832453994152,-1.244453925117933,-0.2260079128226733,0.949710417490372,0.6488177615984794,-2.4642794855788304,-0.582430793708871,-0.5147036771448944,-1.6709555197805546,-0.4388965509940452,-0.1390051214843106,0.5032781005111845,1.6200162399042335,1.4702266849025978,0.17108961205602552,0.0,0
-0.19866484032913465,0.6693918177958871,-0.21699543685568112,-0.0052531356310742934,-0.8148394935872526,-0.2721346222195748,0.6006955057750143,-0.8442383435501747,0.5782977136187291,0.2340745590940469,0.9616495699475948,0.7675837806759286,-0.39400021492072457,0.9765883214073526,0.1838002938231198,-1.1739932594892537,-0.4879867568113784,0.05325195003421182,0.4469004952710029,0.011869598060566785,-0.7514686530200605,-0.32585682461977417,-1.3700476184652242,-0.3881113041378436,0.911156591358551,0.005008769838995625,1.4137034237592188,-0.13597396469834566,0.14172322446635252,-1.2443151249684152,0.08775260708126774,-1.2097061599452146,0.581440327292833,1.262684389907301,1.0355207071095145,-1.2328592842487789,-0.5579455569827839,-1.1547424471590646,2.136489004101481,-2.3280170297645024,-0.5909272327913784,-0.9186525120195392,-0.4992717915293747,-0.5221838652002746,-0.8822383631034689,0.5622697478488785,0.5049876373889933,-1.2891113142637876,0.31136586661354554,0.17768442561702594,0.0,1
-0.1132006647799665,0.7944988915708072,0.05656505654546275,-1.814713239717944,1.1323124426461264,0.012385400955574137,-0.09285414879252897,-0.5887892050166081,-2.0865884590621286,-0.661461316871391,-0.2919645744743339,-0.445449333311992,0.044190911063155286,0.7285653786877826,0.03268843507814119,0.4824887200908992,0.9655725751295232,-2.18416805627107,-1.1525018473799735,0.4584677517159774,-0.3403044901106037,-2.1484890216639654,0.3020068589947981,-0.16481651952896148,-1.7681192972272128,-0.629593631141444,-0.6059426426913276,-0.21803869446228594,-0.9673071406185986,0.7292746385914306,-0.20355073569316112,0.536053554098589,-1.4530210134436339,-0.8923489138834185,0.011190025098633536,1.2204797767564357,1.1646492560761292,-2.1772121798925634,-0.09399792802317057,0.29583822322462394,1.2008292426901346,-0.8404804136545996,-0.026111764252291458,-0.7651703737696784,0.6245909709158798,-0.2280396759721829,-0.3422812406642986,1.2971089189511842,-1.2304720324510436,-0.1782394528418249,0.0,0
-0.28115963083944606,0.2442228898877849,1.013070587450649,1.9263750337040813,1.9290953773250017,0.1576522229260033,0.06903024897595314,1.2387296883301613,-1.9781156529524304,-1.0047334555433411,-0.7028840785762521,1.4632515769734118,0.7823958899645079,0.02290608973498517,-0.8862784156984348,-1.7666348537978631,-0.0049697505830097275,-0.14843337950023416,0.6753629182426064,-1.603388659273997,1.6170407194671836,0.6511868181048659,-0.8848384394442897,0.029104708742425395,1.2963912610057733,0.13951924529926266,-1.5943934424832351,-0.6814787727979646,1.5582398595569995,-2.2107520314832407,-0.942625173745106,0.1547624850152757,-0.4668117317450974,1.0886826326556915,1.2137365713468684,-1.3578594738282797,-1.6231925043273383,1.1676760397070876,1.0408291815816268,-0.10389029114076684,-1.1948905352174368,0.20496578186202,0.4571447070747376,-0.5307096819574219,-0.4866342304468214,-0.3499796520324501,0.8872686268839817,0.8467527093352125,-1.172374490676499,-0.6421165234329648,0.0,1
-0.07506032433178791,-1.8725337310556307,0.5654105043533126,0.34723116141514776,-0.3298476421414808,-1.6130873654997615,0.1696306328966493,0.7545114643237986,0.5896387517549968,-0.55420240918861,0.5245100990899129,1.4060043278314327,0.8391081125569608,1.0286406127425658,-0.2290207222715255,1.0560343544023287,-0.5174221104789639,-0.2784248274764791,-0.1041837064993054,1.9722598824537905,-0.8292880661610432,-0.595110849973475,1.5354172116364948,-0.028974592467232375,0.5677228150819608,-0.14679181217416482,0.09217109310828442,-1.2250164586644663,-0.8149747617459839,-0.5851350861418787,0.6822643509112415,-0.42647157768305977,0.5785798288236818,0.1656082733424932,0.7449400519722471,0.2749715990576951,1.0861782651771543,-0.994991346308561,0.21770357036698806,-0.28661148524908875,-0.007609780627565936,2.015684262373392,-2.133441307008006,-1.5882916566870025,0.19315450138320675,0.8377380190490781,-0.5524274227054153,-0.8650429417506353,0.9421188407541607,2.8465598477619607,0.0,0
-1.3816691688688807,1.7605507874065232,-0.8412745278253864,-1.929427809425984,0.04879849849902183,-0.012188346570353923,-1.1485623715665747,0.2900795692320667,-0.7877597918420423,0.8840904708295445,0.4437001275285195,0.5915219024691402,-0.957020061842874,-1.2431866053726797,0.4592084790242874,0.5355700770483935,0.18418629379850104,0.26869668888855736,-0.29076502789200337,-1.5291712872653291,-2.067919898074248,-2.623380415089698,2.000526885139141,0.7533157921798278,1.377547894605215,-1.1951271641736432,-2.1017998481922966,1.206514353359538,-0.28409564303774065,-0.4789850980670155,-0.7807612595745782,0.4453185134332377,0.2876007522909712,0.95694218886922,1.4057006558395588,-0.698197025983734,0.25927713444457445,-0.3287145509407138,-1.3639351227942458,-0.4408613188941333,-1.5945793446691403,-1.7862745320132472,-2.235631470169668,0.1928076787336047,-0.2472659512616136,-1.1387505259078652,1.0558380073537543,-0.7175382246452433,-0.3266602472148013,0.3503295069380808,0.0,0
-1.020182758276859,0.3396709072707806,1.2106222336340384,0.19721014687956856,0.5734406250258268,0.0680073177231204,1.807662364297584,-0.6612230302405058,-1.3866815000578172,-0.04641046163015829,-0.9765118247646546,-0.08846368620938555,-0.02314828733163854,0.16889257687546924,1.4703947716118733,-0.5749798671900331,-0.911321398969086,-0.2313370600278692,0.029522857823926524,0.7525368216189082,-1.3644826957018892,-0.4701193195329023,0.3241501649576034,0.2438249842287272,0.20062417770315688,0.3863402819484297,0.2843067517793511,0.9735565878326936,-0.7610624778129479,1.1345389050301007,0.14693544109963924,0.6102130799585213,-0.08436489175082929,0.18821600695608856,-1.4045228414678603,2.133494672354331,-1.2472976739463577,0.3251729225645917,0.17489339148702066,0.07057626850073499,-0.5811264054508873,1.4720373051566094,-0.2419068231609856,-0.6072341930150487,0.4085480772451511,-0.6344987402189292,-1.2601074701776382,1.5258128360732357,-1.171340032689461,-0.6743008858371115,0.0,1
0.19463477244710287,0.2489646841922936,0.9780919837910298,-1.8696856685284684,-0.157359298078991,0.8466745676682218,-0.009037847528393513,0.13520773146668486,-0.31021135060589194,-1.4088153129920409,-1.9129260830300163,-1.5663258927586992,-0.034613854817039144,-0.7876631933045926,-0.24588734780430724,3.1533464729002376,-0.1590524809194663,-0.17885125979026234,0.6762316109710925,0.7695389468305288,-0.8254026150401764,0.2530785259639049,-0.06818289092116238,0.5469852851127298,0.17817713423745676,0.6715077666177461,2.135886100136798,-0.41869598010275816,-1.675545050311663,2.0132776602079936,0.6221990041750203,-0.6337534567994049,1.1055970285088563,0.7027979434287502,-1.4547040688640356,-1.0153114305837954,0.3436687091948474,1.4349256685306304,0.4089390529054061,-0.29840208073626096,1.0529051472889537,1.1728041085825405,0.1913675202328733,-0.8666118469250853,0.912936895587654,-1.5524023541146936,-2.3871273617653275,0.9011726331927196,-0.3153626032360465,-0.0689355512729918,1.0,1
-0.10458577911367313,-1.361153540316572,1.4137886011670109,0.43288005977903404,0.18150237552670573,-0.6705987458493173,0.43508198484765664,1.158914122224113,-0.6111890955614668,-0.7060151886962494,-0.5831345670493591,0.838826796124066,-0.6295297364290058,0.8821128077022117,0.540345244656466,1.0942880555452037,-0.29611011642859986,0.2938616622023947,-1.1449568814929674,-0.7352060347372837,-2.019039367273556,1.13447557462445,-0.5403790163269949,2.0242077364625604,-0.31113577374955403,2.133368037774356,-0.3878930538088863,0.17367698378804758,0.7224547137629165,-0.5510859979366973,-0.4040712149270409,-0.0539417310405228,-0.10466232390110164,0.22349714194783,-0.3322603891615903,-0.5379665356684384,-2.3096732081070384,0.6660776594504235,-0.37961393446471603,-0.7014318916033874,0.623375153973285,-0.07901414072087792,-0.10844927401511538,0.4466978688261849,-1.1569419301410668,0.6301594459179074,0.8054908289867749,-0.7238637696985082,-0.5157867760893451,-0.4586252284186592,0.0,0
0.7182236288443329,-0.4275887886013098,-0.5583022164548899,-0.29522502307038995,-1.4843196999083037,0.8829974219097139,-0.950298962186463,-0.8163952541404126,0.4254688124689776,-0.07217896709244499,0.8743111991819853,-0.3819621966340807,0.03395520225779279,0.0757324045103843,1.009242749159965,-0.6614492150364985,0.5232853304545579,2.1737007316199284,-1.7436282844011155,0.4507415939718988,-1.683496631461079,1.0420892304531475,0.1883068549835257,-0.7182193628978857,-0.6729591116180186,0.4297720154226186,-0.9879039049276256,-1.6157241919980188,-2.0048205862897883,0.09595100431962177,0.46226642661903,-0.26035487565004994,0.08796226817544188,0.01943579069325341,-1.0887042810614522,-0.26908713773684284,0.4706494334348726,-1.3402514492886537,0.7082201670194506,-0.011626208480171814,-0.4655649074954014,1.2886287234692102,0.08550769243044881,-0.8291700018837699,0.7021097175440191,0.515542362945368,-0.7433190425168702,0.5800566186721942,0.7843981339030455,-0.05210471173153994,0.0,0
0.2460644888509343,-1.0018155932435806,0.17558008614011014,0.2192310158932059,0.14654318120178675,-0.02918624476814474,0.5790482361042414,-0.5977745064570115,-0.9203090923650488,-1.5423405893199478,0.1463570176526038,0.991249992744776,0.5866139934312118,1.0181761251865624,0.7896826248075767,-1.1560311449541945,-1.1863669553058889,1.1608419262977836,-0.05571302935251805,0.8621097337060531,-0.19866316247208995,-1.2219498476379222,-1.117896448690629,-1.1448210752937358,1.3201207052188677,-0.7906858219906138,-1.4521298673679404,0.0912852732978791,-0.6556054254334355,0.6925905357234801,-1.8347943547232173,-1.4139271482931708,-1.5390416797247684,1.6435292524816558,1.3741660532985709,-0.003975051981450268,1.2670314278339574,-1.3597788724126092,0.8050931116580917,-1.596578612780332,1.0239510456771759,-0.6112657262391878,-1.3008575274362657,-0.053618197101294764,0.6826791249506341,0.9117398076178622,0.4570910575691503,1.221718837700705,-0.927649113540272,-0.4045062324929228,0.0,0
-1.045130900248827,-0.3927996350442926,0.6700817339974888,0.5178224770719777,-0.8038353584428916,0.7477858310474642,2.1034927588802503,-0.8981266072842691,0.8455833067516186,1.2454543955799109,0.9457174890130824,-0.7047746567087377,0.7631834893092772,-1.8339894104582128,0.03087294953369059,0.3009297808013994,0.9071831890158826,-0.16488328574146288,-0.08511873694569609,0.13367712545948246,0.7090563133410829,-0.7163322204079202,-0.2723184054090188,0.31574282453381924,-0.5062022045641036,0.04656768581936474,-1.9045614020051516,-0.008687592901330383,0.004841541933637015,-0.2397039427515644,1.5890117244303654,1.6489457411315702,-0.09495099882503832,1.3293621294050495,1.9141735841584853,-0.40010009853528256,-0.9307795524972295,1.6234723697166045,-0.4863949366817601,0.7824060253366729,-0.046196422664371316,0.20323221230670335,-1.1270892528256218,0.5638139135552621,-0.7794473913367754,-0.4045588894658049,-0.5105875352779659,-2.1577957050375174,-0.17486387974727752,0.07061839385673095,0.0,1
-0.5222086413581074,0.4615451056696925,-0.03511667021842685,0.17369069997679276,-1.6529317627955489,0.5145521136810254,-2.2235320723634318,1.0868628504094768,0.7600262378349051,-0.6627047871982488,-1.4730202141840307,-0.7706453247757199,0.07949484679986188,0.6162791328775811,1.7740481751980777,-0.5812540896751657,-0.5505664520531053,-0.328023496920704,-0.2709151568091831,0.9634744041501144,-1.310803845604774,0.07542561900801173,-1.444927082769864,-0.3898505421243544,-1.3310544246149028,0.7986959142667647,-1.6281005696297548,0.6182703447521397,-0.24841254305990498,1.9172069340028908,0.5417464193703624,-1.5360387278732108,-0.3908790247096938,-0.6429795422504351,0.17493035638308768,-1.2148502615347154,0.7876556993679324,-1.7121618622865509,2.477006978502165,0.3027786379650459,-1.0155882920169552,-1.1389494318387514,0.8542742411021109,3.067940643861668,0.25783096995674826,-0.6594132297167574,-0.5393534005025328,0.7684525370883264,-0.30252146111178485,-0.3381593118176736,1.0,1
1.1703598590647262,1.3316617713576124,-0.2782151175976282,-0.13275902935330255,0.8472096026427349,-1.1841863997743851,1.0339282748732654,-1.284499938781478,-1.7874704848367748,0.3376070797607715,1.6867716909082249,0.5881519732249139,0.20835516283756625,1.3785290195730393,-0.11958156669760354,-0.11960967530862135,1.4382771262056462,2.185620329456804,-0.017802963148114966,1.6109467448039938,-2.553178546554861,-0.4353951944387891,0.4209220877942383,1.2028821146397328,0.4346606171522366,2.5011149777211075,0.000656248360805342,-0.22107950936196966,0.6544008284669091,-0.0005765869324846363,0.208645161082406,0.6117237550472586,-0.3638509442621724,-0.2505758375016252,1.0603792458211556,0.15728066078152972,0.04710093565994375,-1.2949864168835366,0.3820598947251893,-0.4519473256233322,1.2164256558036992,1.1243686054956274,-0.16966275792611335,0.5254795286447976,-0.9174405034509449,1.6951790612512023,0.15453404714502972,-2.310695366640316,-0.300022823984996,1.906764554065651,1.0,1
1.2675831265949795,-0.1665831018826173,1.8401288038339247,-0.4444883829309501,-0.8552246909876929,0.060927733813851324,1.140946842453766,-0.02107077223658001,2.8576769912010516,-0.7945013781388481,-1.9626339612921724,-1.6229545858303338,-0.3806146202516169,-0.5443405222717931,-1.5594909017659853,-1.551858127368426,0.7607235074985081,0.8504383053533381,2.395305477241338,-0.4282999850258256,-1.4750389018911614,-1.017901211049778,0.9411162380610464,0.7514212456424586,0.20228968133160927,0.2587525847370374,1.0376377752185677,-0.1283361868764734,0.2872107051307504,-1.1628260621368998,0.7543088130956163,0.979853962605514,-0.2583489029005161,0.1387684706623257,3.160463811321577,-0.958352112749893,-0.7637389517248964,-0.7451113757913022,-0.9212738828588956,-0.5387090473471687,1.386111639567908,-0.07165702083906561,0.5617841702706989,2.5550806484884343,-0.5637499657580084,1.3989322893352598,0.4743550048160941,0.3707070588977273,-0.3256766172637397,-0.4393050042139844,0.0,0
1.0766643500485795,-0.35301051070620937,0.8285861402237036,-0.7257383441714493,0.9232793609171506,-1.7416510988310625,-0.14758643855553308,-0.393432489773764,-1.7009377198776623,0.15568715215506254,-0.2846730758554076,0.2573954738124606,-1.8970677074440796,1.2750186442595233,0.5807787184738993,-0.6105367829373933,-0.19520994447291945,1.034126023710067,0.5641396920838396,0.65746193880661,-1.7430116422998505,0.427852352269242,1.0245010390745592,-0.8239002527781633,-0.1576317129966618,-1.9926507801200648,0.6261117204470706,-0.25166005220055404,0.7144174849715236,0.5624452352023909,-0.2652971351939017,0.6214468762473617,1.1449436650321316,-0.34106377591422943,0.04288571538219445,0.6542344301147259,1.6240537801218278,0.8349691139762683,1.5837825844380595,0.8656236633952945,-0.5883597120901755,-0.2977240872064763,-0.2356556386063816,-0.30792652647303137,0.4746577200230726,0.7933450775976518,-1.0922281185578016,-0.9786024200885376,0.033456958353013204,1.5350184446017694,0.0,1
-0.08261357064478479,0.14003025361348045,0.6265948542317659,-1.3051075286278155,-0.014327179937740884,-0.5825638367293409,0.2536398005822679,0.4503308514481724,-0.7606230119062645,-0.5098153814820845,0.5904034333866272,0.5887984648819752,0.06942453545942945,1.1583264556524449,0.08008032348159089,0.05607775465970943,-0.1958356079406167,-0.7419193452006467,-0.0370252409403163,1.2091414043916917,-0.13151845479047675,-0.6027969006113735,-1.0407715729138562,-0.9653828726367184,-1.1788353081719152,-0.81585729609439,0.7424467649590283,1.175474005883397,-0.025610826551889662,-0.483316905660076,-0.4031444422687852,1.8308795750134852,-1.0876559484861272,-1.0508004890359837,-0.050427778013020674,0.4278092302502835,-0.3319602399926949,1.3462189107790004,0.8502310035536829,0.4054508185542822,-0.3984483207201616,-2.1652041048283874,1.0329117108893715,0.062234040397350386,-0.3475661547592033,0.1700444816040568,-0.6752229305894212,1.762725663778584,-0.18095624675117766,0.399375717654673,0.0,1
-0.10312590624798418,1.4761145582843245,-1.0323475556175488,-1.513757749643185,1.7784923519095717,-0.14398893888545572,0.238017089300346,1.3677579440583347,-0.9474783926646918,1.4523493270945014,-1.6605866728511771,1.6414214848783624,0.35976295708773137,-0.15684456780994827,-0.06266813141914061,-0.6792743956367026,-0.4536337958233798,-1.1532708344996547,-2.512068046155805,0.6406472072511262,-1.8741961437256391,-1.080837086041299,-0.2435708807938113,0.6567066127978354,0.2928466196150077,1.3053032111890814,-0.42947387614750543,-1.1231951797885968,-0.11879902550038025,-0.8001050399228451,1.496023516111505,-0.7178960419721554,1.1538955027296571,0.2971634478636329,0.2685374714729948,0.7771868837991716,-1.6073816461237027,0.9548775979285898,-0.3497569592147701,1.6182407426612062,1.1466330670631006,1.5171294432757418,-0.2667189539496068,-0.4262231401831607,0.68419220676831,-0.2701984431269446,-0.9837095481790612,0.6755953773363456,-1.2670965622611672,0.13736805790978374,0.0,0
-0.1072934611743446,0.13207458938848313,-0.21856200163176676,-0.7099677804990303,-0.7333198588056214,-0.8034074634967011,-2.7085141076016432,0.3559662768289699,0.29027138455524665,-1.2019502014169698,1.5907377593012992,0.025928945127240883,0.03152573981375778,1.4407152187789622,-1.658440928553791,-0.9544402680733438,0.04295656524972173,1.3400024666516188,-0.3614958954847735,1.7323380116253817,-1.5141301698813536,-1.8536188202844233,-1.3928120929132246,0.2774881941405184,0.2791647585927143,0.10862926672590796,2.050445058575898,-0.8433335774932162,0.4131977792161731,-1.193050977591129,-0.7086225085811398,1.6280686747973367,-0.1611261886458447,-2.732469106452422,0.958178972173972,2.026543261847997,-0.237440709310156,-1.2591939130117782,1.4159364329047068,1.1864503312959882,1.6118931658323177,0.7176981587096455,1.099390108052947,0.843738322044522,-0.08998353806162808,-1.8675140853022716,1.0816786605415514,-0.6366697615135538,0.2203188090027452,1.3834365110893714,0.0,1
0.4923975485548839,-0.05795371815350753,0.5461032004631502,2.2868915472970857,-0.4274596349403663,-1.9674796485098291,-0.7709226984535757,-0.06552132660605375,-0.2191907704456576,0.45648451733918705,1.0272695755421986,0.9890784512197892,-0.002378536557974212,-1.4776498353131688,-1.1529800508272907,0.9825036081833158,2.244058300939007,-0.35879360356738393,1.5817253207165176,0.9644475082679588,-0.865474476343995,-1.959406423802664,0.8008729286400187,-0.06340332424316437,0.4855841985892863,-2.0909187597447483,-1.0512524384237611,-1.1045794259482116,0.2800339998303696,-0.7297877915809581,0.6320962772305968,-0.005702163154706124,-0.02174381222191386,0.05812603670923772,0.14467065151674566,-0.12760997418396255,1.2760247125830972,2.2219723742204938,-0.3055366568500581,0.11873545561007764,0.7399810142766061,0.4928835063487706,-1.2385499704525145,-1.1665524662274185,-0.30479832185936123,0.852825197447467,-1.0659767900477457,-0.3947655507350623,-0.6618060060783348,-0.11253486172476784,0.0,1
-1.359384902158632,-0.6347784122898542,-0.7086676322696301,0.3618650512429131,-1.2636260243064794,0.10689073263668666,0.3470498989214753,0.227672226550804,-1.3004448795501893,-0.4160013567978638,-1.7481627637278228,-1.0696072656920914,0.9806175126899632,-0.04680744797247382,-0.791876422177601,-0.03972037044642796,0.4183260023314948,0.2173054067724764,-0.6820922999044148,0.1704222982522882,0.3442905562769483,0.6635737736404285,-0.5169298182739459,0.02536146765438801,0.27898801854384064,-0.260173854885807,0.5699042602442219,1.783056173110509,0.962778020979265,-0.4798806598788559,-1.2787965711217728,-2.622871862020989,1.455704524691266,1.4513601779424186,0.6130771438873004,-1.1960670802819893,-0.6787386166265053,-1.5696963744092267,0.615615998302687,-0.04554915519965917,0.03638247456173371,-0.5974839531079736,-1.0662571160326295,1.4673228974726744,-0.5174744470099116,-0.6803790439036396,0.9077511371667032,-1.0760922815938156,0.2057524519512261,-0.8794079513672228,0.0,0
0.5765703725871352,0.4294421410543057,0.5897611156075576,-0.8607487737980569,2.0198299294653004,-0.2570372555611129,0.15989555233588632,-0.5960259918170724,-1.9774270786608583,-0.900965408240044,0.8148023444163757,-0.33524046352700154,1.1654921557659568,0.01290249167057023,-1.6342384344402952,-0.3250722540164633,-0.5328718144324286,1.109548942844631,-1.0340457204026106,-1.0160550104871515,0.442044215061468,-0.9690099810847418,0.6540852653382808,0.17968416480830735,1.5791388015739445,-1.7820410511724498,-0.3036299920221409,1.0281479752570457,0.7766720968587859,-1.143848353963741,0.1388880704134924,-0.33735476775854795,-1.0972799284116679,-0.6466914037086828,1.021625155122235,-0.08894170951800487,1.2393107597003383,0.5568289012242849,-0.6227584839634291,-0.2665688225701129,0.3486123277215716,0.5644728607553722,0.3369998551694526,-1.91863674152933,0.419702460510241,-0.060786267666669176,0.7065801600396734,0.5072276618117857,-0.11311512869268615,-0.45039300292794,0.0,0
0.9752804442813118,0.1457507124831935,-1.224759097608971,-1.0576490922272819,-1.0036835196170404,0.016428644794936872,0.3143481588966727,-0.03499012353806503,-1.1438268597042975,-0.709714225892756,-0.11821576469791135,-1.8092025732660015,-1.7514975913389517,-0.9802175641266734,0.8334472200849047,-1.4832394161195543,-1.7987189440297138,-0.7362199605277001,0.5977308570140962,-0.32494140899899393,-1.3835587588133202,-0.06256812521877662,-0.5099694024400212,-0.04869348261309283,0.08788848616004558,-0.17065795280841012,-0.039124816496982164,0.6572949290198592,0.9734287107208708,1.0599452624889514,-0.4673788984582937,-1.2364214519120218,1.5551213853061183,1.2383000865876856,-0.7371099415643847,0.8768290246487775,-1.5345916906683397,1.6840954308995684,0.9007581168768342,-0.8470800828176297,1.2078697118096295,-0.9055714836033248,-0.6364831575310421,-0.26054068788428525,-0.14376443702586994,0.5153668718287681,-1.5294002081077762,-1.176527690877069,-0.6277315545459909,-0.7699966642904473,0.0,0
1.0366720387006658,0.6290971274650968,-0.644580114425079,1.2349484701424032,-0.7596849201807453,-0.25477035954872385,-0.9237565939094582,-0.6000217626612884,0.181621979398036,0.14892364412783005,0.6432556772557901,-0.18062641473415092,-0.31994484749641755,-1.8092633683826875,0.7416113745719468,0.6955528622054375,0.8580117124458371,0.5885612869464582,-0.17879265368190886,-0.27915668865709165,0.5207256912704609,-1.698632045769889,-0.7884896899479132,0.052763923409401815,-1.5927440297017987,0.7672980678531068,0.5662473349198972,0.9350211159208416,-0.6734240934905754,1.9397956807642476,0.3551153858318968,0.08243067919421919,0.6940242218655719,0.8968316841455158,-0.8329597852618761,-2.4240478077784875,-1.1059739645196576,-1.1825288458266985,1.1486682221844708,-0.6434278534066452,0.9426259030694684,-1.1288091685903487,-0.5372362607443066,0.05517852422744187,-0.9603320245149264,-0.7171278446762395,-0.8247539221319375,0.6147827779548073,-0.6943101389186149,0.983241946974063,0.0,1
0.4530684080462707,-2.390059332868705,0.030664597399602093,-0.12726207344391982,-0.07997711000860541,0.4541548028994254,0.08771059936865946,0.5861216372847337,-2.043916613930868,-0.9113810980688912,1.447385115670769,-1.6968688285637008,1.2447735804087188,0.8932074175289133,-0.02488177164051097,1.4427505430668854,-0.2276740950174824,-0.3614403396104612,-0.04955624372437032,-0.25692894495433977,0.07559430869178932,0.0977393014352548,-1.982158002391144,0.3738488983416664,-0.6299347432716424,-1.2759598928489193,1.3772443266491092,-0.9153777591558682,-1.0690382666288856,1.374982658088019,-0.2895620850963881,0.15781355575444744,0.6484817585419761,-0.5070745153512114,0.6063740280893101,-0.5714536650132985,1.0894731850549209,-0.05626563468026825,-1.913055212814417,-1.4580336498742743,-0.5430225198443892,1.0231902117565508,-0.8718770144882433,1.566521381372199,-1.022176785199081,0.35795309541091913,0.6392081983957588,-2.1257375654472157,-0.2267465849799263,-1.3042496057030943,1.0,1
-1.281218240575542,-1.336277500471312,-0.6845386023176547,1.1669242653845806,-1.6101396297348451,-1.6635336264770182,1.260948678614647,2.432685439587912,-0.03899851672428808,1.0018454354807702,0.041688887922508265,0.7990494597849527,-2.4265058873892227,-1.651294192125779,0.3093698507001512,-0.29643274910484496,-0.8728620052887329,1.2927692054685131,-0.5410213361178451,0.8871665092106717,-0.3999032311450173,-1.6441754262175412,-0.014204812824542546,0.3626828634473188,0.027613907093099584,-0.3232950916774971,-0.5219466262809253,-2.0532816341212814,-0.8280198702459847,-1.3772768026268616,0.8922089057530493,1.005672906590093,-1.2278709083128545,-0.5150110117465356,0.3924964645058695,1.505604449134354,-0.5562304579090878,-0.38263880002440986,-0.9566797129673488,0.4318254636307925,-0.9659002699260474,-0.6041152579915697,-0.7120384073103632,-0.7556612362420018,0.9693472440467136,0.5183638897075156,0.2772791819499659,0.8992530977200428,-0.20919057593127052,3.40914906333263,0.0,1
0.1566557805579523,1.2127170144942372,-2.3897618040568287,0.6410917026061446,1.8924242110448295,-0.2132437853589099,-1.591847070266559,0.6301556549938588,0.5788156830149894,-1.600555746269201,0.3956116612288,-1.0983253628718457,0.17988646485603255,-0.775386946573001,-1.426013608049205,-1.0493947471442222,0.3167744863746593,0.6184678303752117,0.9323089986840166,0.591348227585397,-1.6169230897279443,1.4735211985451822,-0.9406149421476148,-0.6817344093788211,0.25530737021232386,-1.435146203929097,0.07184615459032176,-1.2268043192387723,1.693061120577506,-0.6249324945725342,0.10589801273510437,-1.1103573095503239,0.3938478700207194,1.1699311399645345,0.23083274815071056,-0.9228210391099736,-0.23144220390539175,0.29641446891645645,1.0547053460008733,-2.353475987105857,1.5394004431769186,0.5560002041461547,-1.8364341918082367,-0.7865994090128884,0.5004810114567124,0.5408610801668189,-1.7609933614916107,-0.21266551547515505,1.006665601348543,0.11176896059336637,0.0,1
-0.03138109820749311,2.0411139114685533,0.26491947545357514,-0.8615658908311227,-0.15575278635500622,-0.16860782214336295,1.3503948422172614,-1.1271302016867593,-1.1188257243999828,0.7247582642162688,-0.2471825791761568,0.2622575687132697,0.8382720473013613,0.4032208787049805,0.20426480538547914,-0.2686865837707311,-0.21454345667105854,-1.2907895083164105,-0.002556015961883362,-1.294166410515657,0.029542996370174195,1.7752772074776646,0.026653087548574355,3.4554712446282823,2.742199110930326,-0.5819100311478622,-0.14075882610535612,-0.15893077718452978,1.0028968036602974,0.8036624691670731,-0.1697736942062139,0.7801666632353557,1.500127344845413,2.596480808550408,-0.2039286830597936,0.7227649031382026,1.0720693936952552,-1.36674131923905,-0.5017787923190438,0.20506021815978126,1.4705301373267332,-0.4392400869189079,-0.4580217591271613,1.303779712154561,1.0814544726042743,-0.20304338129926952,0.4876470581274694,-0.3128711968217875,-0.3549649045959961,-0.4957205784315874,1.0,0
0.21273980365671494,0.5494805788232208,-0.0703644899634723,1.1055410842874982,1.2010946035538783,0.0055022831197063995,0.797841159778782,0.27881619824369824,-0.16599914017073975,-1.330007508165302,1.3814132168515578,-0.06704119066693458,-1.0739726650608858,0.8075463643712916,2.3283224920659964,0.3047564082104373,0.5515259751688679,-0.9534227581525749,0.006279922321212906,-1.3947242908998885,-0.26289358110097905,0.3551039105112262,0.015929237801157525,0.45506505950565995,2.1149224391443826,-0.19516790283984636,1.4564429253027205,-0.6696814873908981,-0.14186826907919434,-2.5584038578979564,1.3001565693284889,0.4923891178173009,-1.2347627033833941,0.3343961937692157,-0.6715835346705815,-0.17835655491047153,0.6612368954537396,-0.5037391108458515,0.4825427993027723,-0.261025569486886,-0.12531217719682913,-1.1274058825665836,-0.8653028387817681,1.8113687863487309,0.5006689598869712,-0.16785245206273974,0.017353875060619976,-0.8059754680516101,-0.296005774677503,2.0789861974422177,0.0,1
1.7950910447487245,-1.0248310247088714,1.5766850167399726,0.7004108889011897,-0.18080887541130086,0.9464556929200604,-0.7665405248194114,0.966875235753208,-0.07273111243739447,-0.16622878283861267,-1.0781229962904335,0.4510294772263296,1.38552942637656,0.23003117166496906,-0.4358412352725741,0.021083805604490927,1.7585607159359111,0.3346274227428772,0.592276221155995,-0.3652002272754152,0.3703471746839362,0.3611878318708036,1.3534146319569325,-0.6835359941745539,-1.1068210815537372,-0.1958413226696773,0.09470962111439347,-1.4687394501173274,0.5588837880092814,0.2770490617991494,0.21643945373288373,0.5261086258652423,0.3039057396902852,-0.9746684848612022,-0.6093579227483297,0.3271455891313564,-1.5533659056449052,-0.2572388832939271,0.8638543258798106,1.0080291664647072,-0.2951981906885552,-0.7222054597876278,1.296544611019824,1.119592355527789,0.8595907406700145,0.36094534937399336,-0.6049138519359579,0.9571129522201572,-0.34189099771376336,0.4373069915316998,0.0,0
0.23174556840057664,1.0735565720855489,2.0330485745638534,1.462001133213526,-0.5792150464334477,-1.3124851361844028,-1.0671011214085075,0.0606024084560445,-0.6036422496202689,-0.7427416781723125,-2.000704902847795,0.7322869138207893,-0.2335939806742685,0.11267465279925885,0.7919071331393865,0.38888619285099824,0.3854008077350711,-0.3755445472854437,1.5704708479031164,0.08343607240461938,-1.3125391737187344,0.9568058312659934,-0.6723601644907978,0.7234475885527843,1.92453447562836,1.5716114164001884,0.2384646635191401,-1.0641093782612765,-0.2821221111528022,-0.21196856309236986,-0.109143557329386,1.7122995507309116,0.7912849977785327,-1.549058401663686,-0.4508803142295403,1.3131570205993983,-0.7169333368955705,-1.1169516854281372,0.7614526798850723,-0.4881144729214684,0.021824263378285,1.4892748824497395,-0.29779173939657044,0.014890116065543257,-1.0806796800046268,-0.014193928383811375,0.2276531248864645,-1.6347800176706089,-0.09492251328169952,1.3002327047961633,1.0,0
0.5535096148209744,0.12299168700421198,-1.3910941464690123,0.3568032280184639,1.3751820004760842,1.2471995824527216,-0.2414681451359963,1.0387160905240411,1.3677026929205025,-0.6729091676919052,-1.094234207569709,0.808417564045945,-0.9636419896556756,-1.4555942711743326,-0.8690983367908854,-0.0967225127834578,2.442173732589265,-0.187188320550205,-0.049502337204710464,-1.4383926664550104,-1.1709553696599468,-0.5309884510453738,1.8212816822997702,-0.4631615510462107,-0.5820045810665292,-0.7968728883062748,0.4452902529924537,-0.3752571309926356,0.4426359573799049,1.2437969379652458,0.438001168915604,-0.8493190993862366,0.4594320341308035,0.10175116956482373,1.5961155281902366,-0.4333711826499304,-0.7118222002142476,-0.6336801573621649,-1.3631247279014234,-1.7530056421930849,0.2812568551074405,1.0475584844602843,0.6466307744429375,-0.008984549358834908,0.5380627993594964,0.6220040484948761,-1.1935157630869622,-0.026923716173098616,-3.6219942597973145e-05,-1.7820720315997238,0.0,1
1.1033089757988024,-1.768892527301508,-2.222069946960359,-0.2970813169279821,0.8169452830747201,0.09785529643061287,0.2885233409177509,-0.9188862995072062,-0.6844236261971998,-0.6422238771894762,0.25181698096024546,0.6911370118977489,0.22883110088984196,1.850928576163028,0.7603592635854368,-1.2994692011230675,-1.151943882798811,-0.28168872630758984,-0.4043784843389761,0.2944197942622073,1.209593140494273,0.02322241400086831,-0.09614398504469224,-1.6957856248285272,0.5367929423842177,-0.6039821626522397,-1.2767227448723255,1.1546120120345482,-0.7341253531771609,0.9668117387521064,-0.8409056765512835,-0.8296798854155112,1.460228017110181,-0.06112688547050251,-0.10006777213565833,-1.1067156824463094,-0.19526535773888454,-0.17591607070258605,-0.13832757106244808,0.7502621531221993,0.5532527693883276,1.0747122954076047,0.23835042202435724,0.8018877374019555,0.010514460053153304,-1.606096219135822,0.6650496667730466,-0.08911546972848296,-0.9596151125472908,0.6752379879921823,0.0,1
1.2947590368929054,-1.0206487734851062,-0.5920401581794221,0.702614468953394,0.034271839881047685,-0.20712327835624736,-0.5578860858666812,-1.096867756647591,0.6650582636384201,1.7026012104758492,0.4382951916871954,-0.24157188566652266,-1.2803347068664837,-0.2465103158629396,-0.6905308132600176,-0.5350518699517238,-1.1652157252738955,-0.3705184671288621,-2.172838782063345,-1.2082330527693144,0.7578521641225717,-0.16167525475227798,1.3830387131354562,-0.2663839378889366,0.5968461389898054,-0.9339277029378786,-0.0016666984578685756,0.20121804385955885,0.22477050007493432,-1.1198855495961784,0.17890381993128726,-0.9954011055795944,0.8220345212040675,-0.29370706267824737,-0.7490784628800178,-0.20702974763827156,0.004809524449958609,0.3482286925389372,0.11007408275521173,0.6518047308435783,0.6006205798095936,-0.5882474460838559,-0.2123791245767581,-0.044936498475779435,-0.1086651736329589,-1.8217646904736655,-0.6561267239917274,0.6944868249022353,-0.32016975558416955,-0.11040414201900364,0.0,1
1.0100196149763423,2.2198318365623173,0.3897472258655349,0.5657041679387721,-0.5728640250108514,0.8827137615635218,1.1118544288545276,-1.1611361045653514,-0.7364037707044169,-0.3324816142169531,0.9895995137613164,-0.8879734232581198,1.1243592618606808,-0.265572956484098,2.110812221908872,-1.6689936907031209,-0.048570689466865886,-0.4143722090203745,1.6423090662102973,-0.09447023765482668,0.3756498470806118,1.957634030840936,1.0810356745289085,0.6266796809106785,-0.5035815388223912,-1.04093019583063,-0.04119359705010432,-0.8969140618058169,-0.2081258348896248,-1.2096691129778585,-0.1070560265962356,1.4062019469774665,0.03098850405941495,-0.6886828372980389,0.2998338927678701,-0.506980540877276,0.27842546425135223,-1.0638804708801064,-0.5420255829449137,0.5963582506978802,-0.6582469653745786,-1.3274144604610767,0.3390441063717217,1.064841241496,0.5318655701341121,-0.14870488770973975,-0.4635419339579846,-0.7418296995449086,-0.2524435273148474,-0.4333738700658152,0.0,1
-1.61154135182517,0.6158454255613157,0.6632910992408202,0.8879499441132419,0.19925984235118124,-2.2677923522725107,-0.3628695419000093,1.0495580245592908,-0.010203121829018485,0.055989071395481135,-0.7745299325709615,-0.5675751326427514,-0.10453053530703127,-0.4353332296531957,2.0598608618554937,-0.9320272511150932,-0.643739448741701,-1.0833194597124431,0.960613800762666,1.2700167051759597,0.3181868218331756,1.9982265876852308,1.1761155891843775,-0.4226023946014309,-0.4918517913699928,0.6420578335798884,-0.7961999492037546,0.3349100599511562,-0.7702826034325724,1.0492557207426585,-1.0818252772336283,0.6266655083211312,-0.5631393422486987,1.0715471074014573,-0.463809403254338,0.9233263233579756,-1.1104021255819634,-1.1641318602445885,2.194908889253368,-0.4586745462482463,1.650701475138237,1.9194307645545308,1.1629552233794005,0.3311944662776537,-0.09765284655279982,1.07994487399178,0.08884118477408852,-0.9321227663153032,1.4522390538699708,-1.1874532939692135,0.0,0
0.5850353473884221,2.2113782884552524,2.202361829535535,-1.2400012989120908,-0.9798999242327268,-0.4603710438982971,0.8840053100663562,0.9914425092459288,0.8923572652384998,-1.2296652754481876,0.7080674096760831,1.4797001078292895,-1.4231095131307114,1.3151056010484352,0.5768996841008909,-1.0488559631314442,2.2278816080822947,-0.6742077147399335,0.6401363279765024,-2.188809099070958,-0.015344983733704015,0.34359499482026273,-0.4374491936013167,0.06791859444601803,0.1986414204469228,-0.9587840214073896,-0.3164830460172011,0.957803639319902,-1.6752532148607997,0.6404742860781468,-2.1556536279378324,2.1416175757549976,0.6878273872163655,2.04243613742536,0.6471694642752739,-0.2902349679791218,-1.1377644769706894,0.04907532214571,0.9601176156196451,-2.094755938233225,-0.6150124188570492,-1.6786033848025654,-0.17107898496893664,-0.11120785613957887,-1.2121138286502853,-0.5419150120893796,-1.8492691676923725,-0.5524980129915826,3.0830492369074247,0.2489094946736393,0.0,1
0.5791225580961259,-0.8828709376819507,1.3303138384726385,1.047981940732091,0.12199618799782165,0.13358195151240745,1.5269161717918525,0.1807369611800291,1.3219790925880486,0.1640221181655199,0.24722888857884304,-0.7580652690915016,-3.206347127688713,-1.20162558209865,0.0556732972580796,0.029727872071998382,-0.7313276826203317,1.2604203279785775,-0.35224330280786803,0.8336663987077263,-0.5324060641576057,0.2954221674511513,-0.42916752383990253,0.8467347372821055,0.5311254060665548,0.2524878775127993,0.7128898149308329,-0.1508235076110234,0.7512122664862826,-2.6855429800239348,0.993493726099388,2.1073830942084903,-1.091974266790307,-1.2785510551063601,-0.27903717916276016,-1.3466271557399911,0.4028161258122989,0.858037176854534,1.2226082041034,-0.4284013785209603,0.0694560920940355,-1.707956049606919,-0.5218517068443491,-0.3104650621642505,-0.23046285172188136,-0.10258057575503632,-0.9684833191851914,-0.6054087453038508,-0.9947962922094891,1.0806317500931142,1.0,0
0.5611933990659829,-0.476817571474588,0.4603400063851033,0.25801026385500875,0.03816409917063993,0.206694395353476,-1.0959677947416624,-0.3073937764585543,-0.17777320088347526,0.41827759112911655,0.3955679596046345,-0.7093132220897163,0.11583228630471885,0.2530361090432422,0.8016394030359978,-0.3584471880760345,0.26849659495695405,0.541610595445274,0.7872502959486716,-0.964589062339748,-0.5550214289290833,0.09053480361066744,-0.3859761605723838,1.3722122377438115,0.7675531776508506,-0.4439525099342183,-0.36197379143904096,-0.5475880420851419,-0.3035319144792288,-0.6226515175804405,1.1237299449695703,-1.1889099000856682,-0.2696168583402757,-1.9625508106479268,-0.4290245509561958,-0.28865053626292164,0.5131887254123396,-0.9223402620320356,1.3452067020630951,-0.6850919010546709,-0.6596893380001171,-0.9300651091098664,1.4092025341787888,0.313286696095755,0.8575312439659346,0.10174303737901816,0.6573094623062414,-0.6114509107595278,-0.3355218612854945,-1.8024090803768336,0.0,1
0.406548764899809,0.9321225535897648,0.9966884188730306,0.3700025940143097,0.7840936122271239,-0.4535722545873792,1.5093342064326418,0.1752326749187683,0.5500680790629339,0.4006775655591977,0.4053310292917733,0.729874498386668,1.9128156409018595,-0.4654452099017348,0.8856451633580175,0.6237618136440614,-1.0945897337905024,0.5263222226955524,0.704004876610481,0.131004339611642,-0.6518657534860101,0.20044406165907488,-0.0038486638938640756,-0.38168672076479065,0.9576518817592802,0.7047774638949388,1.6993466924437168,-0.33557857838515576,0.33746754525474804,0.5835646360322426,0.6706058038696138,-0.9059835097493116,-0.905379771438292,-0.3241269982513256,-1.377942278812989,2.0790106836252025,0.01903431759442735,-0.11397207727756273,-0.8094615923045351,-0.4079942804485401,0.1154906322459382,1.173367776664479,0.21227000850883151,2.1862908450129632,-0.8119213767009444,0.7341857298700858,1.5746254241633115,0.04063029138704944,0.9804599639219554,0.10420500751739382,0.0,0
2.48533910800264,-0.3347415790559059,-0.8663529175810074,-0.9385731897064228,0.5970530999341764,-1.0906846181486962,0.2860263115590984,-0.537227558688459,-0.3262015001968583,-0.002508843704164437,-0.5362167201590192,-0.4153965967534707,-1.0295414156752691,-0.07519872763464744,-1.0174283494287244,0.8909998491777908,-0.19514749966872447,0.28671500061145155,-1.4441255056090712,0.7590210236041856,0.9979933042522829,0.2516503192965969,0.44362366916583545,0.6879662837489223,-0.24234832981275176,1.4677628158520175,0.8834642882422234,-0.8100653713972511,0.3729117496633485,1.8284047088910875,1.1068883027442724,0.34409793142341244,0.2152365960314247,-0.03455365411256082,0.7672290495960696,-0.7880206888292149,-1.0973479615181458,1.0056597753763596,1.2142557670284946,0.2413383836462024,3.0000147341399783,-0.4734619728305266,-1.920224283518587,-0.8420630242561303,1.862345634565393,1.2532408690150365,-0.6389547557764952,1.8444686342118248,0.05141662957377795,-1.1926300108266736,0.0,0
-1.2424563976090242,0.5217796855576272,-1.4235251553919748,1.296773486106177,1.020063432753973,0.297973802739144,-0.7298691562503412,1.0931445159893645,0.14122217551338326,0.5386736864615119,-0.662435484469845,-1.0303677157527706,-2.559418022885596,-1.6482106608786316,0.3280490763237268,1.09794248025878,1.4809277736118989,1.0712840600707614,-1.1765098569196155,1.5857052564740746,1.373976359888568,1.5913871527206358,-0.9318042346001668,-0.8215996997485658,0.13586708907304312,0.4515609260477234,0.3425199274954693,0.3021970749348645,0.5677286682640257,-0.5180238709041146,-0.32971577261196106,0.4286786941835896,2.2238995506668693,0.8029041344109171,-2.2164977192883537,-0.12032450691201707,-0.35649551544248315,0.3982394473407506,-2.05453290838433,0.2364171402373077,0.6135406685839248,1.8842562136969476,-0.10026183328352052,-0.8089344569142003,-0.3001778382067147,-0.5724486620698686,0.797812491391577,1.3699900521280697,1.7187312552518377,-0.4428579023529538,0.0,1
-1.2149959606975855,-0.8009754314407692,-1.0481892736852754,-0.7077550169389666,-0.026659673146888517,-2.3929114056722294,-1.022240055163001,-0.5173070974582021,1.039578590218852,0.2201522403555324,-1.4386522945316211,0.16138529859152126,0.22905983694680715,-0.6807416297274648,-0.6451569860354062,0.4303034467515827,-0.2790990632260951,-0.1391240033437797,0.8911207621851661,1.3476795076092152,3.5657210415463965,-0.5742127478477489,-0.795609208523326,-0.8425610157174166,-0.29961549918027913,-0.6468281328738427,0.09640042971221974,0.22255381318269826,0.573280539078433,-0.5058161094747056,0.17743046130250711,0.9254464393727118,-0.23032357599285275,-0.8182426552711553,1.7277635227014292,0.7026972823420637,-0.4077696485959304,-0.2388664977114661,-0.8551709863266937,1.393285224887578,1.2090314381297316,0.5528186275729203,-1.8222047006244468,0.11249441971121288,0.9100647624455476,0.4731840046670455,-1.0113559149888889,-1.1097480494304413,1.369566976031282,-0.4193052086419492,0.0,0
0.3819626517814328,1.6518907148923203,1.5366586231301365,0.540978704716261,0.25919700746700897,0.4296485929565523,0.969794166722936,2.147956758577057,-0.8596135574882287,0.4607559069672619,0.6803912080096345,0.058322430968899074,-0.4807815325612677,-0.6392194760642764,-0.3499390279545224,0.2955060091380873,-0.12524739547869876,-1.0116927848577408,0.34434034506646016,-0.4276622232109856,-0.463342965922132,-0.9319174299384858,-1.3921558943526111,-0.2580092734358172,-0.3699058155937224,0.8270283456632402,1.6160449420392944,-1.3636043113322682,0.7631935451426891,0.9960246106351592,0.2283430286687617,0.838284539690177,-0.6322434412457537,-0.07961321677456011,1.6160126038352591,1.3177507676737985,-1.3779471693123877,-0.7504588556900478,-0.2775715105240744,2.0724456075204394,-0.16918488898545297,-0.8323071943531358,-0.1675182285560823,-1.0994398033493975,-1.120503571870198,0.918302980418878,1.000488528235005,-0.2581357785359352,-0.4134582682287759,-0.8370814717426961,0.0,1
1.000913222992723,0.5020619531255404,0.12585577152947675,0.3625200256392138,0.1356370122792296,0.7889958439398692,1.2168846844281134,-1.3187082664538832,-1.21882992559973,0.4725071807709811,0.24421555441738504,1.1882242350821353,-1.461778781049492,0.7907983784358313,-0.40231626435997503,0.3557241546526714,-1.1966368876722366,-0.5142988611044784,1.2643750726761314,0.3422014048053991,1.3607981314001971,0.2950036772715198,-1.913365791079631,0.652436022608082,0.4566077768182961,0.03975340193001015,0.9707126103031174,1.5903173506817871,0.250306911578262,-1.9045232805905583,-0.4046028282977576,0.6131519816772967,0.10498131210567027,-0.33301045674849805,-1.08119248487462,0.09074382551185613,0.20017216400316734,0.6573356251778053,0.3567208858272229,0.1546676296586497,0.7146022877166951,-0.7020075173566959,-1.1343451167434515,1.5745572718943592,0.841390765922952,-0.6107489039135284,1.0974800264861808,1.4573507968189952,1.0855801858892429,0.707011800061755,0.0,1
3.510744874064867,-0.658067431135946,0.4911092469297042,1.3893971525418134,-0.3314662624842257,0.41476309480274587,-0.03630539590296147,1.5569828540222854,1.3065994103157563,-0.7422219424697021,-0.4024081856131291,0.15194924945335142,-0.9534747627904072,0.4736192153868768,0.3959726102322312,0.08752637016550241,1.2075733070340315,-0.12432843625891235,-1.48281453688638,-0.14651700854058736,0.6165636889465765,-0.9296703972437168,-0.31729109611448464,0.3214469202314656,-0.4562641257333133,1.2493361274938348,0.7613259743657966,1.7898864973171813,0.2525501898212015,-0.3626335993933757,0.4914915339563029,0.7982893372085017,-0.4700736308724854,0.4343738622793831,-1.253420430400081,-0.4782514476792775,0.49441305588263,-1.5745332838803054,0.4910552735245266,-0.8033424086585172,-0.17815921271761245,-0.9403689130704982,-0.3499647900706833,1.0643630189092377,0.9355409572961134,-1.626512276935287,-1.4393837193706664,1.5346570104442083,1.7723035376640268,-0.4516812515558623,0.0,0
-0.9929209931061638,0.20217204241902345,-0.018300151735580077,1.455481486698747,0.7173995004935599,-0.5648310433815893,-0.4618135754397202,0.4611463705731039,-2.445743731571849,0.8125695363403254,0.08700407966268761,-0.17312246575597653,2.7604677309180645,0.2061757735869122,0.05932811963154616,-0.1966909067919949,-0.4532788568414354,1.9766671246621013,-0.6402464396792977,-0.15513335509392273,0.4435781500281854,0.3962735448039361,-0.3808315487553964,0.7291847036801185,0.5484979711331421,-0.4271142951990027,0.5819912599095818,2.382375012955532,-0.09159658959314153,0.8150968112319898,0.5303488259621428,0.9671114248109646,-0.24486071692296524,-1.4808247130603285,0.2878158271038297,-0.533237085635606,-0.3712666201383471,-1.4905114523275165,-2.0305547816486262,1.4022186444929263,-1.3569634720037842,-0.5640917861757154,-0.8326013525508169,-0.31639806822755895,0.8851279029743638,-1.2490536263946574,1.2707812337004825,-0.9287475545888452,1.2244568976663786,0.04761256712332928,0.0,0
-0.8251221199561909,-0.2501070105539761,0.0307841572001009,-2.4204602038082967,0.6475722536744736,0.18246646441833836,-0.4415920355144932,-0.04355486067611832,-0.03532653267901492,1.895229240789574,-0.8674648216918178,2.1693266967204607,-0.2477894040526917,0.7131769144417466,1.4428779978131978,-2.0281251999125947,1.1356046208909716,-0.39737134651232303,0.9378648361790922,-0.2209116820508426,-0.08622726262053704,-0.7220707299199147,-0.7813010361246767,-0.5719010251667196,1.0810352176211968,-0.9026163913232488,0.9091719373282132,-0.5476283404516533,-0.5759767765019438,-0.7112903054725914,0.03721635025829738,-0.5418421655148589,2.5810639444995958,-0.2607308770296455,-0.7188211465983588,-0.02340000800039146,0.9349078325688523,0.6010708812262806,0.3544594644776821,0.2036601489141424,1.3665335893871284,1.7581079316368915,0.4455822541851385,0.7275272438150612,0.33455400283902953,-0.05108980485663002,-0.3921056037859194,0.7046901557038097,0.8895110677697391,-1.018254207339056,1.0,1
-0.7866724267479317,-0.6563583519110967,1.8106056932753336,-0.2217451312570835,0.6721514377150106,1.5313788683315241,0.566335675955753,0.968961209267408,-1.654670764789009,0.4188511535592947,-0.3621312814544093,0.5056612864969582,0.3081135348469324,0.7269261777918449,-1.0436590385012932,-1.4733454806507051,0.4189403504761544,1.1038227474397635,0.5182824718768069,0.2381593096548863,-0.15419228617334166,-0.3248166733532932,0.3392181196118989,0.9792316064836606,-0.4026799446062072,-1.099689329227389,-1.2014742817820705,0.8104491374534607,0.469797028372979,-0.036218786079453266,-0.7498049893441178,0.1489642646492187,-0.33076522535455344,0.6074151464291643,-0.4480014644226306,-1.1851879009151949,0.4398505183576946,1.6619232686680812,1.2003512176014188,1.5097631628013992,0.5217598898286402,-0.07389267578391033,0.5382434800783086,1.7122779739071834,0.3904398503948223,-0.38248567966351205,-0.9445704866449732,0.975521284672948,0.6621401528697385,0.009157305800579413,0.0,0
-0.8379750407952696,0.23028335124295016,-0.9720539551735934,-0.9859664176536306,-0.187084388113582,-0.3223368239978284,0.5558206469463673,1.2413422722803331,-0.3336486333605045,0.6684835372611759,-0.4548947977303084,-0.3429335673683859,-0.3781426184288081,0.3832236797979343,-0.7066092178217048,0.5976270178455216,-0.7915276292877276,-0.18136959516990436,1.1764260338554355,0.503456732671008,0.8679309384874883,-1.9232091865930776,-0.7629065104619773,-0.1810230529888152,-1.0181188095781268,-0.5042267581089643,0.5609820416264186,-1.4117227393677425,-0.07558552251773631,0.2192481301060548,-0.7121952482162008,-0.8740666798468228,-2.0469398113634014,0.9424612758792156,-0.4263290275074254,-0.20979283302232307,-0.038542307591342265,0.025812211757454347,2.319772883914493,0.2147422312244749,0.8990323441473153,0.36331850439997737,-0.2431606163295311,0.4471045785951793,0.4227161270601014,0.5447502824270052,-1.0620426104502827,0.4837158960184878,-0.7863629597939051,-0.5737561907484062,0.0,0
-0.3303241198116472,0.5339974471163509,0.6018760376976696,0.7140843486234865,-0.7588804773414896,-0.6927439484911309,0.4998781185559956,0.5502692767062601,-0.9931640323707708,0.9597673997847996,1.20320037469418,-1.0956642389377318,-1.167280142426316,-0.30791085755427905,-1.0874875233413182,-0.42686023328215145,-0.01574523116480299,0.964607145502842,0.3796400612349543,-0.09141999405866943,0.4966505838131613,1.3954975937652565,0.2956577975699178,-0.2060840191888393,-0.6107688140047994,-0.4747813667842565,-1.0613160813622955,-1.0337696107117589,-0.5591805637348584,-1.5653798932253469,0.8554163017681969,0.5973101610125474,-0.4976621947906145,0.317035886923308,0.9191314145616578,0.4475929508541179,0.22307335326814845,1.1624868381095923,-0.5555734524054399,-0.2608258422710679,-0.07859352197059602,-0.15795660447408474,-0.4562655699659389,0.337069767727213,-0.20715752849380265,0.41323453239451613,-0.003523686567280944,-1.1849801383708,-1.1171832447532393,2.1665879307644813,0.0,1
1.038201429589639,0.5927736354833318,0.18031645984411496,-1.7315821065603294,-0.8377363260916741,-1.4076283686061155,-1.2562011007800902,0.010492488080917156,-0.1943271479234536,0.7727066058087441,1.2679387685996688,-2.722417295867663,-0.8857187333581734,0.9764910462158654,-0.6704939552525637,-0.2054683013930391,-0.30550039232762505,-0.3078070870199143,-0.7922208727901705,0.012001876313261006,0.11814413276537818,0.5165435880557881,0.061530468111577336,-0.008209727678757535,1.566501044105962,-0.0777805810921932,1.76467427600905,0.5550208203894599,-0.4622912314670008,-0.7207057814130796,-0.6890151882408547,0.4655855978899451,-0.12525479123406946,1.6593178688210195,-2.0468578636678374,0.6767721146026774,-0.4401190057428504,-0.7858076627917326,-1.5156060670546316,1.1926315054896883,0.7749547894725479,-0.3773767207141928,-0.17689816343893575,-0.03486895649153725,1.039196554058596,-1.4632649994405784,-0.03100417604525496,-0.917374263389168,-1.0285220262411197,1.1897708095784414,0.0,1
-0.5356949361481822,0.9633659673125682,0.9333525853396782,-0.5673387690959618,-0.2998537215320848,1.1309897910793372,-1.1757409465244812,-0.6389927928124114,0.4670917484174418,-1.1321570401808911,-1.4745299246362056,0.3776047249837616,-0.5929243644315492,0.44275050882568623,0.6145931048316441,-0.6441779133179621,0.4130486023579197,1.0536911119123813,1.524081359005577,-1.025175146865766,1.3154555797294438,-1.055860991155685,-0.7983891977047929,1.0354913656964275,0.8577431422607783,0.3774687106538455,-0.8648514189248271,-0.8593077571070719,-1.7598118945946208,1.7576737732055223,0.7322760314535653,0.14415014228001502,0.3667208683740561,-1.5973776803747417,0.5854048227313187,-2.011550344207955,0.17452131046874478,1.6630756537360416,0.8413695973536994,-1.3015958100532916,0.3439997000149456,0.4626156141009558,-1.4443945515481391,0.21129403629223148,0.15348779383742436,2.274502397881775,0.2202805079235812,-0.742812731995973,0.5972911371176663,0.26556633606589103,1.0,0
0.2666357564904577,-1.1258749343236822,2.0182316521417363,0.20682591636390127,-1.839232824445373,0.37746953098305697,-0.19773213310917206,0.2351119139713927,-0.0970756323528807,-0.4147849544626526,0.6544793929389994,2.2683011538102202,1.2955332087302098,2.570580526942093,-0.8079591994701198,-1.0539932761687787,1.0892036469584576,0.4029026365821205,1.0789040162252688,-0.4588051822287755,1.0807166330965337,1.144731476323671,0.6299441531811865,-1.1930314207658723,1.7188497504014049,-0.3117502590266027,-1.139309871371372,-0.2291929030673385,1.3161722760210322,-1.042096339658832,-0.3373649321941527,-0.2039362047586344,-0.2581176260378821,-0.7510696608219779,-0.1921344712844665,0.35563816177051777,-0.0007368345185849798,1.4500732400476857,-0.33902572421801985,1.4819231256095746,-1.3130683318288263,2.298766209787716,-1.8006479833964526,0.10450331874459667,0.6116617999246151,0.998608088533312,0.02057707049106484,0.4002120655869482,-0.6013442027607973,-1.4561522206201336,0.0,0
-0.1451512340477869,1.3288677001003089,-0.05807796036609796,0.13513319294405562,1.4722111137180025,-0.8051241718765929,0.7182151442778718,0.5674025018519119,-1.162617125964441,0.5158549044241477,-0.16302290161384891,-1.4369425397213988,0.09132730466537364,1.4740576943581611,-1.3614966273826532,0.3961827202161693,0.15735831465529107,0.017760793014478454,-1.1990390382157659,0.8737518787121933,0.7646745794831766,-1.9877349682273304,-0.2665006548249289,0.6238000690795447,-0.7914194017918996,-0.03074206967431807,-2.2599663942411485,-1.3965324795728948,2.6428875353258183,0.5746772597718308,0.4829753389609245,0.4575687835562291,1.0928780213039686,-0.8906101099793255,-1.634978006447496,-0.8566572389445647,1.2202583245814491,-0.16402284296377326,-0.6875343752373718,-0.3608871318450025,1.1552828369713273,-2.4216128806468453,-0.13480498549256995,-1.4735012354787351,-0.4470198770826788,0.3172718853493949,0.4607466799962502,0.7404481935218917,-0.3545962560746553,1.0187557528291746,0.0,0
0.09379328603462883,0.7945406546002812,1.0015520430041764,0.5911889038578004,0.3205347653256862,-0.39415944165737465,1.6339462881190792,-0.2277049831924537,0.009109744299370068,-1.9524706706285209,-1.4895212315387216,0.94868391547524,0.2600755293969448,1.706231381992853,0.6828387165288691,0.24735507796329026,-1.6288042147595343,-0.332424310022989,0.14453555469574325,-1.5690156878798422,-1.6091574507501298,2.1274386516092205,-1.2464959278732424,2.0295555707939026,0.07229514049852444,-0.6897714117682421,1.1055593783950226,0.0537448057655865,-0.11543548580057825,-0.8088758423841637,0.040603686108725986,2.37122504720063,0.3052308664678713,0.32066719866777976,-0.18568259002918303,1.2493430309739324,-0.4295918399962386,0.6011076578167026,-1.8549731018952718,0.6931679946929316,-1.6233333106326655,0.35211819988671483,0.893442415106403,0.7135476900238856,-0.1074536693268786,-0.3403005366562703,0.4716333184784983,0.1420681265658115,0.003574552896227599,-1.5571848977131768,0.0,1
-0.2406441890475809,0.8709732376929875,0.5630154358293036,0.0974996934884014,-0.5172878920419592,-0.1441239176758687,-0.13988394690630207,-0.7625099125671937,1.985726705834436,-1.5422137231901343,0.1303434155028103,-0.21682079461515086,-1.1835479003981686,-0.4979747545077968,0.7807425882953859,0.6973590858189115,0.09281553216103497,-0.19916069553549906,-0.4992460382613451,0.09889877002411436,0.2124479756001872,-0.23245621421332224,-0.08955098585344358,0.7734330748222578,2.300097025575868,1.5684673388941932,-0.7326783265383404,1.8698846228564665,0.6827985230964179,0.012753837783806777,-0.5153844997601774,-0.4656245368083309,0.08361913661576774,-0.9273525662253232,-0.3916055057079647,2.5788373211065934,-1.6246691424506532,0.08702248039943948,0.5970002942575712,1.9376626391437157,-0.15943979567383773,-0.4121562979727668,0.5049412099864546,-0.7513100799063929,0.2880279852061729,0.14307512348137758,-0.9843379433098168,-0.5661301939229045,0.4078320975136562,0.8503388325188508,0.0,0
-0.032541282116468916,-0.14031113234048376,-0.7711378546611063,0.3729460892411408,-0.7787538803034765,0.13572793030904154,0.9669958236004984,-1.029286854446242,0.2994393350863322,-1.0938879999363604,-1.0197811684585287,0.23905429205270154,1.2028547372964338,1.8075048046240727,0.11134569139866103,-0.37924329668597423,0.10433134385761086,-0.8967761748197032,0.9566533745790582,-0.28994370909001266,-1.3815047895062231,-1.3435674075357975,-0.5300291032198708,-0.8960095255348415,-1.9522089118834094,-0.7300956454488254,-0.5511755158682208,-1.787763727212744,1.2088226955756236,1.0942216886311096,0.2746636073124347,0.267660025272462,0.09721582783313454,0.2848505945163584,-0.2666459066955562,1.3357496320260625,-0.0006730894864664117,-0.10561237412545868,1.2962318231367609,-0.4650096702602733,1.268003371827788,0.5234310216660385,-0.9308045394446772,-0.43218801042943294,-0.3044962109872341,-0.6229933262801377,0.620539259574249,-0.1634418232426236,-1.4424959871304432,-1.9449747079800472,0.0,1
-1.55095701644949,-0.962351187426002,-1.3465159921190102,-0.6213066803314645,1.4076454990580518,-0.5467285560207377,0.4092600383705245,-2.1245345738972623,1.8262795407778676,-1.4821027834057972,2.0449850289709484,-0.460058839710894,1.5212666719596308,-1.1011118825560298,-0.6124567766334533,-0.5558386137056268,-0.06940014244213971,-0.9374957746175236,0.4770524623971087,-1.6148837508029732,0.7759975460425735,1.6993013912810049,-0.4777152844355993,-0.2495985694478888,-1.0401523448076322,-0.1492138075236867,1.1431710249061793,0.9037780220721174,1.6220234649385723,-0.8884285133675881,-0.05740633062874944,-0.038518353859398974,1.1617948416474853,-0.7489608494089528,1.1493126013603354,-0.18258453617557813,0.08536870942546011,0.1770849416205155,-0.7293538169262204,0.16856105769802324,-0.03211333664785832,1.3370712252063628,0.6164512060601237,-0.4622711680684201,0.006969206308682569,-1.7938128414683996,-0.9636915197890266,-0.0733500452236395,1.0921128367091841,1.663745393117671,0.0,0
0.030570143122345482,1.2415014445590156,0.14587778082108688,-1.7857055317842907,-1.0767948263842988,0.1826143058562784,-1.4963107260156838,-0.6391749697807031,-0.3028122684148183,0.8515398536119515,1.033940876288867,-0.046089877133489936,1.1391619211980986,-1.3596764019954888,0.6828874683950675,-0.6536410014780908,0.27828819070732946,0.8273447978569222,2.098935798887479,-0.7463046385519004,0.04196206302530416,0.2938906829290941,0.6896240174197126,-0.13503263182376227,-1.8589296417281755,0.05572205189313035,0.035604742529118334,-0.8264449388993098,0.12600587587989326,-0.4745145693718962,-1.9266909635988527,1.3268948973228556,-0.414157846103215,-0.740736127404688,-0.709527619582875,0.6044098834975478,0.7603296650979967,1.0655567865476758,-1.4286554572304808,1.2238562725542326,-0.0382865087257296,0.8194701224290363,-1.0731894725252549,0.14411101810174412,1.7706036923790545,0.8919623937459084,-0.9406324106371196,-0.6888139516900837,0.3047936886849934,0.5199883562637665,0.0,0
-0.5177634226077825,-0.05567725845623573,0.7811900989740531,0.14987352477185506,0.18912447350869094,-0.15661963986244273,0.37294771759957296,-0.4319314054911126,-0.3366219405717122,1.0191941004786902,-1.962998340902289,1.0896012211411068,-0.0106904902832504,1.4337458055262526,-1.2113095238068678,-1.5576482858602818,1.3493022673457096,1.1566003762213326,-1.1266374731300093,1.779505758192074,0.1890255374224808,-0.47444150540385405,-0.6081893078288247,-1.9973304655047093,-1.2383662341101846,0.6812669587492672,-0.4444735731008372,0.5770879418037242,-0.1805650935434248,-0.4157589723180293,-0.6493380920083334,0.21111554131969365,0.11340895405692815,2.099686587979408,-0.024392582794693248,-0.4630653132914578,0.92581437174282,0.05406329648286955,0.8138599186767114,-0.5912593279216666,2.025798873011592,0.4430612538717749,-2.7548859027662598,0.07243889109364669,-0.22830315363953535,-0.18147433802249385,0.08562639945710213,-0.2532026113729973,-0.5204000620900637,-1.134828682767962,0.0,0
0.9529212628251972,-0.5934125888535897,-1.189652007307989,-0.1645857903422586,1.3003679037550182,0.7892047619887911,0.6041516641267881,-2.463540118692293,2.364211904914001,0.7429448502586414,-1.8713005928493245,-1.5294768830211931,0.1001020138820495,0.08375208733587741,0.4007534498695349,0.5778417468242122,0.4783312720875442,1.6079588184499167,-0.02985892760851467,1.272027616871767,0.1605882309870147,1.9730101561583029,0.3366095344920337,-0.4613601600432738,1.067498426978964,1.212090256865293,-0.61796038932523,1.313979688763152,-0.8414602167276646,0.14826330293368095,-0.4876689057225271,-2.265169691899148,-0.673593228874329,-1.0771807438479637,0.7641613154647273,1.8172386831437248,-0.5622356529269706,-0.009332011560524458,1.358571975943661,0.06274203991482302,0.34554359766020665,0.63627700753127,0.9296083457548759,0.8122060251078995,1.433641891160336,-0.024610287983817387,1.0702617442328282,-0.008213737894575437,0.6561312285779455,-1.1692657640134791,0.0,0
2.4969398121159725,-0.2727509474967693,-1.6952547900434334,0.16433764148139748,0.15350610606971132,-0.11776709267268815,0.3840662340995283,1.0098220161852298,-0.15512750315097398,-0.2276500214696827,0.1843437342170652,0.98802510199378,-0.3268702153857413,-0.6502530365578192,-0.46130780179086106,-1.28481578859059,-1.443607620026648,0.4790269081569111,-1.1452306433610364,0.7900954343564611,0.06765430764591637,-1.2038189555107692,0.8937050521565991,-2.426879028635394,-0.15138848480977588,0.11803501022474346,-1.4313746380204981,0.3519354325644398,0.655791812467015,-0.9776044595729384,-0.5104461371964706,0.500484350320622,-0.8351464239498458,-0.24904364945561774,-0.032263075788491954,-0.08133530948830534,0.3961178823574581,-0.4795926337385058,0.8722291201562816,-1.0421048860546642,-1.9075169110462933,0.25157110960130386,0.03883798279422712,-0.8370345494676937,-0.06838666199201901,1.640230037219724,-1.1696995600928108,-0.1716033604104483,0.36772580339324695,1.0106449710534011,0.0,1
-0.7018524419000524,2.125660730749051,0.1923817611036791,-0.01900075500155007,-0.6026368709431893,0.7551102402269202,-0.2044935324403464,-1.1123310896734462,0.8112530524474101,-1.047604615875015,0.8028879996682365,1.8360602772340813,0.6199356887547184,-0.6515833079155992,-0.2215631480833908,-0.9294931256010754,-0.8006391228284682,0.030503713828548426,0.9308285829766062,-0.11754105582445465,0.5550501106366863,1.7411201872579627,0.8236027764401204,0.3101483497822579,0.2968020479061264,0.9795323963994472,-0.8215369085731331,-1.1900598519648768,-0.07709713122922802,-0.00698015169646337,0.5407342068632841,-0.3997517417568257,0.007661150020849645,0.5370585387255701,1.049121772876363,-0.6673666177248435,0.9103985217528632,1.8693745855760595,-0.7983615917376171,0.1020415208396451,-0.0465860172827591,0.8981536899636609,0.4529931946163494,0.7719396117505367,1.7871715624901665,0.06880767735758216,0.28988055165940324,1.8740794416919209,-0.5051052196797315,2.312576930794517,0.0,0
0.8519131584085825,0.3026298356226523,1.4425770490891756,-0.9967086690166924,-2.016115516442131,-0.18671200826584305,-1.1601443904880406,3.4453192769998022,0.5892589502908356,0.3589301645731708,-0.08919974255663918,1.1415655603095114,0.2317591517501005,-0.5762626093766866,-1.767748667022314,1.062214487279158,0.28889000254944164,-0.5980684450434389,-0.04041566591110783,-1.5051402778974936,-0.08680292891655271,-0.3069966586143014,1.3058058437078812,-1.3184001406600427,1.4186671887782425,0.24902491561411225,-1.3018691430336324,0.3391575505480997,-0.09134865564438556,-1.0306166381804425,-0.250843453720678,-1.120621673490073,0.4519312399453598,-1.0064902520711614,0.3262088460855128,0.34538837758638685,0.013078759622530366,-1.8826350565940144,-0.3772808087695216,1.0884506681371235,-0.24901224061410995,-1.791685146507754,-1.0618259561032553,0.18984532851314448,2.466273500557565,0.8112804705933792,0.4965512664661401,1.1303445666315186,-1.1135588724697654,-0.6071779967181502,1.0,0
0.09540624550359532,0.37421434808117376,-0.6747546756963857,-1.8029293905958816,0.05971871361164492,-0.019261088042784813,1.3301419956509386,0.19538755616084455,-0.3916958619468336,-1.0038898750490024,-0.11483574625337735,2.7095928487459684,0.9797800766814376,-1.861600067395505,-2.0635264072291104,-1.4961328193851096,-0.872599374504105,-1.2883433970891114,0.8054065449853877,-0.6051323851497273,0.5326648249014269,-0.433795257836493,0.6851810333572275,0.6730427950163825,-0.3923319771177808,-0.1865066341638355,-0.003055867596013822,-0.22585418012229874,-0.2179496595033312,-1.4245347070031753,0.8397219289764551,-1.1304766833313074,0.08218608723093263,-0.16328459352982538,2.7266690420102946,-2.459318234627463,-1.5439126380384385,0.11552963746048643,0.4660140022925974,-0.27549866616438184,-2.293851141981572,-0.1503536478292989,-0.2173890704951238,-0.4399929365951166,0.7208567638250705,0.2603051965297771,0.6758064095326065,-1.6392296025404391,-0.49824473826279403,-0.00960707429680822,0.0,0
-0.19262957897418714,-1.9146977134209133,-1.2823850637694754,-1.8797930145902388,-0.8392826916601509,-0.22945307785644645,-1.0905867289490934,-1.2344786839330213,-0.002315023130355155,0.6181109563561796,0.08344491551361942,1.3196590830403112,-0.7896897588853744,-0.2881500579359291,-2.355523853679303,-0.8343134504846111,-0.03473286501610394,-1.0385316300712537,0.08947483655520487,-0.40936518662525545,-0.3664665692304642,1.377641674740808,-1.0424706845943474,0.5809471855986215,2.167950555431644,-0.5174345613624711,-0.2028690517712026,0.5491710921645236,0.5103454983202598,0.8347187209497021,0.3776567712462014,-0.5349710952215769,0.5138557278315581,0.17642009199505382,-0.6173997338175617,0.2757188035523349,-0.6223537047538813,0.011996445921449087,0.5053320658935092,-0.9797681394139808,-1.0436864712333531,0.5553337795233989,-0.9175864635620338,-0.0758201566510832,-1.0520605748675422,-0.5152365814538802,-0.4461274010476203,-1.4141636261212382,-0.7226777244013618,-0.8114222668812324,0.0,1
-0.6861117480901717,0.8851200110392694,-0.6799712149573923,-0.2042523858500399,-0.91486157441468,-1.6423902163533484,-0.0029637038869565553,1.3583417247533334,-0.5323503784445413,1.4948622744015414,-0.8878964476654776,0.8927706372244316,-0.7351858012902638,-2.2013334747290547,0.11610401021465,-0.5072404986280343,0.9281098844634031,-0.9476211996077936,0.07077279995885223,1.0313562630406865,-0.15044389565068567,0.5793270587419085,-0.0679763089487397,-0.2778462999728884,-1.853762004419797,-2.288536891543024,1.4724255535935091,0.9897142381275432,0.8257797752887123,1.7973277522221744,0.8832044306013408,0.4159576227371097,0.9699748570350976,0.7221566411039372,-0.9979047456709048,1.173888469586263,0.6152943677068856,-0.5481033843766879,-0.6716544373225785,-0.7659877165210839,-0.32954783029376633,0.8576559612315163,-0.5105660912148384,0.5468041857212083,-0.412582778855009,-0.6469675665858305,-0.3463990324950553,-0.02512279968325169,-0.08148357881078365,-1.0163539604419272,0.0,0
1.7016780468699126,1.4372649307478864,2.616265612952116,-1.3173580413342851,0.6683733035609272,-0.3732218315190631,-0.6919683559031353,0.4581549998121794,0.744436382374665,-0.3170289615712657,0.6981143518381766,-0.7457897595440125,-0.3033260932991864,-1.5363108362817848,1.549179190422436,-0.9098654463150048,1.3125235034704927,-0.5329676274341046,0.2156668929616568,-0.0019224131158022304,-0.4424687438245708,0.7434486730612836,-0.7315090224491569,-3.545581683508007,0.5557350064013066,0.9354502855073188,0.4576956429479681,0.4867055864455645,1.4346963949533198,-0.8846826516317869,1.0863172649258628,2.1864124867927788,-0.8665213167251081,-0.6951798435829767,1.4413344774528751,0.008115443824303644,-1.1002242016426604,0.11828689641057424,0.4393073683126608,-0.645192973684316,-0.8147403106165879,0.22898466426269135,-0.4444878480101929,-0.7705794833487472,-1.9889104013277965,2.067038073877435,0.656232553450599,-0.2549923591598801,-0.047462824616418216,2.7743563452437634,1.0,1
-0.10127541432730068,0.781473316714212,-1.0971777572256145,1.5365753039669532,-0.4157408763909843,-0.8756212128279639,-1.644033678676028,0.08518441902716144,-1.4455092371054947,2.6175430847842662,-1.6018930592880898,-0.1125199535169977,-1.4031634785936962,1.100793524555084,1.9040102093892333,-0.18230261207701712,-1.3405910556145284,-2.458877564004174,-0.4469788922992946,1.586015285403477,0.9769666799519616,-0.07118472600341927,-0.9794386729854052,0.28252179351208623,0.5636652234954915,0.23837036610311454,0.4891393891698056,-1.3715656314905886,1.258480145657724,-0.3421577356605528,-0.2250270060700871,0.6052406570576829,-0.8254920996880221,-2.7746314671564267,0.1730630461795498,-0.2467509011924047,-0.5542614842091891,-1.1117761051813648,-1.9677896940734456,1.571669231951273,0.23440451314127786,-0.935534005253602,1.412714965505692,0.11536746534746982,2.632559288534194,0.6328025077947391,-0.634521292164155,0.28877291266762506,0.7832507573676174,0.2607448455933851,0.0,0
-1.1793469188328751,2.6791281768245554,1.731270779043279,-0.6034598720338861,0.12747117953587814,-0.660664635881204,-0.967181660690326,0.315539731703815,-0.7076991190498947,0.7661070800757657,-0.3689666344831117,0.2657124628398581,0.7963208468069537,0.5816202172825384,-1.3472376810087632,-0.3853623602595822,0.3806159972527369,-0.2330177756897277,0.485125751186861,-0.6404087399412309,-1.257217645370737,1.0640807864071933,1.4406128679993893,-1.3168905261087636,-0.7545276619759678,1.3070603700376036,0.13212545355391314,-1.6555837162213043,-1.5089910844245278,-1.9300197355982012,-0.24998294827329506,-0.22993556811451055,-0.9706662620231328,0.04774433513365687,-0.01673342278280057,-0.7565414889555742,1.1431205986293898,0.8142116267765289,0.8005621585850641,0.9090317455849868,0.9371785169981794,-0.933313131633434,0.3850166844028359,0.2261450636207507,-0.2796769660550894,-1.5359490955075426,-0.4603009216410399,-1.3102288415832932,-1.1467233052283778,0.3659475148663791,0.0,1
1.4863459401945902,0.6475470796325453,0.8452642913495049,0.3487639164659573,-0.6620563638235147,0.6265863921431171,1.1739334285744154,0.8972912608890135,1.7966258358242184,-0.3897329271191047,-0.5989870113322356,-0.3053728248630612,0.11335725083277458,0.6130062082309681,-1.4757928273764405,0.4186541107362006,-0.30230263561209697,0.6133794575699952,-1.1094733205139315,0.012716995292639088,0.6652638375510931,-0.7153915903288911,-0.7186962683269746,1.6141099794816731,-1.253741663005553,0.44901894180773705,0.020903944774701463,0.8003447661188015,-0.27795590121446223,-0.15000007413443847,0.30106837510511403,-0.2717922246426767,-0.1246713640787251,-0.24070325269101975,-0.2931945599779721,-2.1402764465937207,0.5095647691245704,-0.2782590217151948,1.332903644330434,1.282866006026327,-0.180114311568273,0.3617912720859589,0.26145010907858396,1.1286832896762355,0.026363156575853385,-2.6506176805015325,1.0620505895538277,-0.5999230821941718,0.7659401492737854,0.21498202838626576,0.0,1
-0.8808703296579213,-0.5514259314230245,0.9570423746415038,0.6799786500672692,0.9437410255127322,-0.8555281893266474,0.29142995211257644,-0.8746873281752136,0.8454881298320557,0.6853637161680858,0.8986836046077404,1.2382996949986278,0.14832946717636328,-0.812427346633568,-0.3215802003454744,1.8816096154733537,-0.5222663723280938,0.4477201595148481,0.7156562676296939,0.5024292687792611,0.3839008250907331,1.4307055973828682,0.05816123315197421,-0.1017450972538434,-0.3422742240783146,-0.4972366731914242,1.4183070060515752,1.8899433567879849,-0.27365655337558425,0.6471694517364077,-1.4780038332111332,-0.8195499854936017,-0.3257911531207713,0.8273933117832954,0.2905521212896166,-0.2695712095782168,0.7544847287341045,0.03244642022220103,1.1592707355354952,0.6850948968726299,-0.7349598381234325,0.5635871671623608,2.4779188962232124,-1.6324353813511208,-0.7282203928593765,-0.9325029264454612,-2.652315929178006,-0.4127046354976725,0.33982315206171193,1.9625554829785732,0.0,1
-0.914193129626274,1.7854438391520036,1.1750587875942882,0.4016712621127453,0.6373266485525713,0.03468914604619693,-0.4273114646972359,0.7361781612596887,-0.5499320804730882,-0.8017872045959891,0.2781769099603099,0.5188152157287758,0.6310090015999669,0.1841885900961761,0.394677945216228,0.15470261638846233,0.17938805807973968,0.27203493635745474,0.7634562181737831,0.8012139399347653,1.16081113369289,-0.42952001039709614,-0.6396995621840367,-0.4863700199355042,2.2301132055049244,-0.3773283428668914,1.9470826258255267,-1.3554972960190337,-0.9059193325017788,2.0300321124375693,-1.5821251732239874,-1.816112344100456,-1.0919823835356592,0.665339728730345,0.3971089324478091,-0.2771387833748796,-0.1511394577162464,-1.4816658448455986,-0.686830672440275,0.9934533975866112,-1.7696381940555694,-0.406239303717134,0.3461584197077702,1.8971757100961872,-1.4574064633485109,0.9106837030520124,-0.6820055635483019,-1.1737293116301506,-0.97639291659661,0.2480629470074472,0.0,1
0.4976366470771317,-0.3848786513375402,0.025581868464662275,-0.3686018648657809,-0.12301708046387985,0.3839608861517869,-0.5816415470059411,-0.5258889544481545,-1.3478511334826189,0.7413394272495605,-1.1369567017937372,-0.8741794534780065,0.3871683208743595,0.4582051729272886,0.09271578128270766,-1.4265419107289738,-0.7102191144215301,0.7520694646832496,-0.7485614374197411,0.9025264568077946,-0.6767694444157607,0.4363248005300381,-2.9822634558207817,-0.8393612185786602,-0.6340792906550405,-0.6755886458789785,1.1179295090299486,-1.0597700465744484,0.3007843116478013,1.054948720313061,0.3732537815910847,0.2662961336429774,0.156130165608135,0.5050557179244741,2.9451107300713764,-1.1442423029394222,-0.8062391355285543,-0.14453738919445366,-0.40376082385538603,-0.45011056451250464,0.7722194828408212,-0.8658395583168547,0.4607307547122728,0.4637788266875037,0.35252112273739183,-1.4332235708682255,-0.018769983319225032,-1.6673088040575883,0.7902584087385977,0.2037694726061928,0.0,0
1.2144965669726921,0.8068725626224386,-0.6055783950093073,0.8804913824901676,0.3550639679155945,-0.22413201894368345,-1.0329999103574683,0.3760462589201776,0.153401936868566,0.09904162128833748,0.6719011387916533,2.1445070005215863,0.2266147557928971,-0.19994383409180413,-0.2341461422612311,2.2252515726166795,0.14540089319461202,1.0152070226538086,1.2196267912897631,-0.3407952386585435,-0.049717875833221216,-0.41770607850377495,-0.09619340495966837,1.041086896112732,0.6776472221030311,0.7195500045733397,0.014853400452677253,-0.9332617669886896,1.039435292680706,0.31823419270164405,-0.1219314050492239,-0.8442669045090317,-0.057416561152036874,-0.3472117065424294,-0.7272477057683919,0.5697924430728378,3.769070964978308,3.4668382623929817,1.9548923880988716,-0.8268034258407571,3.999398047824676,1.7563023937143585,-0.057923464453377385,-1.0742348190159294,-1.1989264045833088,0.08933837635434981,0.06103968879744609,1.7281421648567334,0.33638664780413874,0.1631324189549304,1.0,0
1.3929597125372275,0.39087714791290573,0.7918266374621468,0.5400042574194786,0.4090771999669386,-0.06094446312751098,-0.6598452853702852,-1.0712816879348142,0.02212637342973123,1.2438546730210782,0.18258691741317568,0.0015481247170968991,-0.4361943806583039,-2.395192958660889,0.2431838620900719,-0.2697931970163914,0.8762243111772725,1.5912032638892468,0.7150409000381366,-0.39002273451078207,0.8399299118854228,0.8914088481097729,-1.1261003319401175,0.8095289190041997,-0.1704015599308012,1.2715484842047071,-1.0032083811358266,0.21977727979004774,-0.033089540369633734,-0.4401651519603065,-0.6776251178726372,0.05199744817395333,1.171932535329653,-1.7478385564689944,1.1233315514056699,-0.5196925558627667,0.709755511560419,-0.6015805331266615,1.9658619643940247,-1.1439198255488678,-1.7468692545577005,1.873982473401517,1.6092183040668775,0.5411082795718697,0.06254914288865213,-0.5401608542960611,-0.3979825957554176,-0.3344708838121073,-0.6600409364802549,-0.3370657318575909,0.0,1
1.3217831197398089,0.14873295185588487,1.2378131824885954,-1.1226394801126522,-0.3792638530104984,-2.1707577022174025,1.0576504318563074,-0.6726805894796105,0.4936040717390118,1.361899314150063,1.63679117605028,0.1935600648992027,0.5382863486091903,0.37241859672858535,-1.0041355597959796,1.4617203299846828,-0.832700536030011,-0.19046784549796192,-0.5874675908535917,0.2836899077205796,0.7067895249658932,2.006417533331309,0.9896484601191076,-2.556578649276168,1.3379361330177593,-0.6964466650965894,0.7619662133290894,-0.8760612425907643,0.01512694291869375,0.16973677253877553,1.4385245901131714,-0.1590341683972811,-0.023326661512852797,-0.3524717037041624,-1.769302952805241,0.6172235616568893,-0.2496495394851943,-0.1817592711626735,0.4933737608222664,-0.04904672171312333,1.358455438061831,1.2333881359647725,-1.5624217540460483,0.014310327001811157,0.4984782098690253,-0.04162549895286116,0.3807150526483554,-0.006788159572639322,-0.3097824941568157,-1.5074305988302688,0.0,0
0.18875956444127684,2.4474863855080757,1.543001307521752,0.07754779704969425,-0.0644845530320581,-0.1068558799997614,1.0290315746684602,-1.8426752820919143,0.562904312494709,1.3728813319519435,-0.7580297269274635,-0.7966442516194596,-0.07412312985179421,-0.6547301213399365,-0.14448364360727434,1.557335513148128,-1.4667900090415709,0.8674326981724704,-0.5776879526925313,-0.3906016839742207,-0.6735156944462782,-0.1495322975263167,0.8100106253405907,0.089270728432454,-0.2685408946230796,0.6826381109869297,1.1741173282066797,0.12603259406455564,0.2283650747810396,-0.4883842275350069,1.2521842097335154,1.2614745422283422,-1.3592526653320005,-0.5077044961589601,-0.3437057597411665,1.8628568051018977,-0.7595711878993343,-1.3329449762979912,-0.5351423402155212,-0.09369050660397246,1.049069965547576,0.7611841385488978,2.255549909230636,0.8922304934152472,0.6007154469555852,-0.22915243484968234,-1.2140127147296895,1.6284031953568157,-0.7639438931925626,1.0072569670382063,0.0,1
-0.4986066446419467,-1.0102839998905258,-1.008350362374452,1.5719855169142525,0.5110221765922389,-0.9450616089786232,1.4483587120916157,-0.5159125681571358,0.7728398102035604,0.2299667558310729,0.918512986222322,-0.483981313802913,0.40971617411502026,-0.2317497948545274,0.7582774255454656,0.13995776557836112,0.9360844931325656,-1.3467474808525366,0.9512788648627178,0.2166729168626275,-1.6595543955125358,0.5172697676733812,0.12589094309080642,1.4025657668610167,0.5704290691396203,0.4118205020853375,-1.3040106670287153,-0.12755823279128556,1.0855385269262512,0.9526643379393638,0.168123804324817,0.4058820190104314,0.9816262455827216,0.4369238751419613,0.8252736126632264,1.5960618711200911,-0.3875031276000101,-0.5705410358278638,0.478212052140698,-0.1068318968379452,0.13035544468729415,-0.3077236091442793,0.16951090608650132,-0.020687452544107525,0.3066594163992562,0.5015472920386597,0.4733727964580598,-0.7970710963511445,0.4191086369668126,0.13998366320467046,0.0,1
-1.1119304849559977,1.260471320839779,0.3645111468073289,1.2823597632874195,0.8625166855335991,-0.25294668119544683,-0.4162569454742265,-1.5765676101749668,-1.0192148735714632,-0.2779765539390846,2.0800439674526747,-1.061661300656829,-0.3711402861019085,0.26219081266441263,1.030398398492056,1.1025925032878847,1.313318164266292,0.6225694664006042,0.02386864262391076,0.2620130956030428,1.0106947548498322,2.1827288114962187,1.0652579660372328,0.3791863180608929,0.8688819691876336,0.2756605835477305,-1.8318757425211862,0.24412363080852725,-0.19021157914007736,0.8835507130771367,1.8701616226847448,-0.7270523339945185,1.3392226733963322,-2.184705187990846,0.5053159981934445,-0.6952240209549349,0.05972679987022433,0.21362084613488647,-1.904845061200436,-1.4433844320084686,-1.0690493486826007,-0.6639640511817211,1.6481942630305058,-0.14317504552744595,0.6001597460007089,0.6292528159026163,-1.2479927268177615,0.7606749035085736,-0.5501991624769229,-0.3353177454656314,0.0,1
1.6655615425675343,-1.780231570085794,0.15660978447374224,0.24138483071568176,-1.5689306786329709,-0.7062964856205693,0.14678714359950906,2.6642131593861547,-1.2724419517975392,-0.9321534266132814,0.15701078241140193,0.4758116527930964,-1.9033764088892082,1.4063886668913168,1.5193156152357632,1.8703722836203356,-0.822017711201176,0.24263284223597,-0.007438238926089984,1.4139536089048013,1.1794198146147932,-0.13003799944030922,-1.0173293699819272,-0.7195512417319279,-0.6610803538100113,1.6813470089376874,0.7198290495430848,1.5123537890161938,-0.6965053547183927,-0.4737034615359166,-0.8916970626665012,-0.2829117945824237,0.29400238040829496,0.1714653882792968,1.9332957956852732,-0.027804026809361226,0.26154209585815474,0.9806016716444558,1.4413889225864398,0.8291510432496493,0.08232991583467293,-0.5686464268100696,1.3198436160073517,1.5065415914415368,1.0635387656817339,1.8340191995469048,-0.02744890027012638,1.3145429828115602,-0.3238034476028811,-0.9223176003042892,0.0,1
-1.248018662338235,0.3048346201129597,-0.7879584767241005,0.8618230467070447,0.6106842601026429,0.06750250932670207,-0.401763742015524,1.0607187046392832,0.3268124719052087,1.4216597751122415,-0.9400599997142349,0.23513644286646326,1.4090576548779492,-1.5953085085167502,-0.021307290173308638,-0.954973427198462,-1.0771839256321725,0.5563622090183321,1.6382745653927946,-0.7622143552336731,1.85625030891862,-0.3255210299325739,0.5547324600100295,1.1985263697789192,-0.1905395767373937,2.3968788800783467,-0.32597148881829185,2.379564457739872,-0.6484067676151356,-0.9659003767220504,2.179627926277961,0.6154074183980895,1.1532925019377438,0.7414622745200613,0.792723325572856,-1.1084673567577377,0.2751287161950822,-1.371228607196418,-1.2719014516062763,2.3058243749564804,0.06517490741669331,-0.6226220436750405,-0.15983306580573314,0.03789729606741652,2.360579312912332,0.4360542686892389,0.6290571659499334,-0.5552255184917307,1.1417891736928032,0.2395556998458917,0.0,1
1.0733758954810546,-1.0274125631949518,-0.4424139038468892,2.0690118320363493,-0.3855641248604944,-2.2337515441600275,0.167518852132875,0.783921157872751,0.985836826254623,-0.4319824864325951,1.7415699902569508,0.8762500686068457,-0.0028585731195204,-0.7050903830041527,0.07975301461243432,1.0118585596357832,0.6588298091272441,-0.25278128891896595,-2.030910333410776,-0.3369169235073232,-1.0269665839730475,-0.8099809886409056,-1.0828723839632062,0.9739184754977284,-1.2985315031615243,0.7556106453511222,-0.7421347082847342,0.10597981684773748,-0.5219688061328775,0.8363205748350756,-1.6036795567813182,0.5879788331921443,-2.1591390981069574,-1.8169305860824108,-0.14873325530632428,-0.9894535490761668,1.059967494411003,0.7370540759928461,1.8169685892575405,1.582337427773291,-0.8823539870656033,-0.1100064818956089,-1.1688795112025474,0.4011865429294626,-0.5464686417738012,-0.7276036892962441,-0.9637020031541016,-0.7182039441829027,0.056885403998407726,0.18974906989653584,1.0,1
1.7703557424256442,0.7073909132976924,1.7639273532893691,-0.08724981228089519,0.03743874634709147,-0.9255426059081916,-0.6707762841024747,1.7010200699700702,-0.06257758133640229,-0.4939389309711234,0.6989837173301547,1.4220745107192905,0.9239521098161716,-0.18063441594411825,0.4089363192309196,1.377224531822253,0.04289565468085687,-0.5451066516962971,-0.4910209717539712,-1.0853050003527702,0.5575686543016594,-0.5669048336126205,-0.12143034391778895,1.0028243228972,-0.8429313150455442,-0.050234920625717404,-0.1989698719319873,-0.20074208091758816,0.2503174022619226,-1.3825649455669058,0.20152441685443756,0.02684786375707877,0.7764935544912829,1.5682570667590792,2.500404482822737,1.5796520127625566,0.475590258683358,-0.1866058099812207,0.2763327093402319,1.592280124208926,0.6905364177753955,0.5004470450203089,-1.0635188494650103,-0.055335895628102455,1.3418784038755625,1.261423338909489,0.2468338917030327,0.991863312651386,0.15258513363438594,0.6469163383910883,0.0,1
0.8565742668598576,0.12936104240479954,0.9741223289475308,1.8101292245459213,-0.3990942169877967,-1.675930876118345,-0.004193276981964114,-0.4685148094871619,-0.9431831387545536,0.09016499409608827,-0.0025772197687848352,0.02776137069947905,0.2505304955552532,-1.1514360211281538,0.6719946689134609,0.5503899395860836,-0.030996581368828432,0.9243251462153692,-0.8415310234545418,1.067596082023749,-0.4205304492047183,-1.3894342944632028,0.05526319431251702,0.4563116068509971,0.38773574595333465,1.838897709289092,-0.2320856858559632,0.9785269540198648,-0.44137569667388177,1.5927580875010452,0.4860114260198455,0.004119505661421036,0.12180388898067725,-0.5791628151066486,-0.08586602737454098,1.597117793896504,-1.1406518178018386,-1.3362440851877322,-0.2310627418333608,1.0738380572136816,-0.2298399652166262,0.011594461779001228,-1.1008775523351917,-0.43699917211041617,-1.139049347188925,-0.6695025095377432,-2.383563004337484,0.6249023879453174,0.04238159241172821,0.5904989951062124,0.0,0
-1.4742182007853435,0.7055453298186587,0.32706635440108944,0.8257213716521928,0.2550213221486201,-1.1951250468242327,-0.3140217080988829,2.0319068366986417,0.6470007469337901,0.13180117781566844,-0.06689178051065921,0.024936371587394143,-0.5547798051739248,1.4539798078117032,-0.3036569886512755,-1.2436481719683659,0.12240810848010593,0.9497578595875668,-1.001123655455817,1.7075360850330574,0.7924451257912912,1.1408200515943878,0.3495162864719105,0.3390108388426173,0.22558904104117936,-0.6785116957066778,-0.9835189108176252,-0.2431656405348997,0.3045416697171843,0.06823773674686784,-1.3025777943792427,-1.3508468809234622,1.019837409459442,-1.0778994287261685,-2.0596736125496884,-0.37574686086611736,0.21070918004496766,0.542495354137261,0.15391622648136155,-0.5704996238040567,0.8839533219145391,-2.4655480292850296,0.6392943225604063,-1.446320620760702,-0.24022689213184545,0.8882792448760609,-0.7174402881335129,-1.4890898881914478,0.4538606490428018,-0.6814401460033344,0.0,0
0.16075559385308658,0.030697390223398364,0.2680248214209816,-0.4114481385061829,0.5310390550597199,0.9271131795265364,0.1280210040302497,0.727519004200618,-0.4276777376670473,-0.6622932508678973,-0.4761862092619591,0.8285532196197131,0.4574624304993687,0.1042074644524902,0.4552594544624824,0.7760671480224571,-1.6151241898297364,-0.7375837447290624,0.925852041641835,-0.967651701672257,-0.25265809069847084,0.6128156660199909,2.4178631385732223,1.0032272205490598,1.2127729927605964,0.8358378473894892,1.1648133213073464,0.6144579848994748,-0.5986478255461396,-1.0126823679766994,0.2881454104413559,-0.6895873417156958,0.5224313881932612,-0.7388622128800303,1.2917077936594021,-0.2181134943144859,2.107093842539281,0.9120580680930194,-1.3514200489648172,-2.6482334892984745,-0.330928537985,0.8879417488766409,-0.3019552577790609,0.3130967604216656,-0.7266189935968118,-1.8866464351494607,-0.844720505712715,-0.14057900056775613,-0.185677565777728,-0.11493161141222945,0.0,0
-0.18884039204584824,-0.6508042267073921,-0.382868341135016,0.4940217920665373,-0.6067013994247988,0.02659103363538667,-0.20833284034968064,0.2377063266998475,-0.6836520550058253,1.1313778290181866,-0.6165677730300065,-0.7521476211561774,-0.5053653839319675,-0.9367701367266116,0.30995078481526184,1.1191162121790368,1.5112402386241717,-0.2722963731162636,0.9022691706513278,-0.3863095292394636,-0.30347551892785896,-1.2228534050502684,-0.8260184522740432,0.001341988079543074,-0.43331974615543,-0.1598748478470644,0.5717535914516255,-1.1648791251473425,-1.047763966555302,0.3796832890828604,0.05793811602482924,-1.9858915969198827,-0.014213086554239003,-1.0134263805684818,-0.2478250377327409,0.2703665086164332,0.7378825888988001,1.6294285481533095,0.8020583774691871,0.3283528454632309,1.355152432705335,0.5556179248797659,1.1541847158850311,-0.15701809522359794,2.1333244888036145,0.4509563953944398,1.1790282128543224,0.05342128987590995,-0.8613131395536823,-0.08965954524265952,0.0,1
-0.4955034579206317,0.3508540837070933,-2.1991067368324098,-0.33943804104142244,0.43807382360608416,0.7473344652861145,-0.023273419299664682,0.22224569852136428,1.1753612036524421,-1.0967121568932994,2.0352851740905438,0.28292659802822184,-0.2268533159098446,0.8932725885277019,-1.234131681638328,0.2779762261772351,-0.6767652692947815,0.4874079881822478,0.7089324394261498,0.3508580204070911,0.2149229602689291,-1.1135013487044032,-1.1759356116131372,0.7574914224725096,1.4977792257621363,-1.0603030451545659,-0.4852216423122207,-1.3381037294489104,-0.2128058964673213,-0.7423992983643511,1.7318479665654858,0.7197310111564531,0.8497297605775408,0.9456816852681591,-0.08581015729805977,-1.8132878309933345,1.4749028631006271,-1.988422687691252,0.2963230407998509,-0.9912914593228316,1.036498051071188,-0.26284175014182065,0.7210730106180364,-1.5598671624598806,-0.2354301330428265,2.0537325360983623,0.8458673752590115,0.044158194011872015,-0.4880704219209793,1.2842074534529062,0.0,1
0.06774654058371515,1.2756548962580547,-0.6260158598257888,0.07378475035805783,0.6691816586040299,-0.31287953983011263,-0.2339637714529126,0.9160096426538048,-0.015286066516786894,-0.028157151960578,-0.8028558659247479,0.3610179527283481,0.04028739609926681,0.5609979308638198,0.27456372932893724,0.03931831142586671,-0.2890492880563659,-1.1165469777941124,0.2566152522362615,0.2317196159031245,-0.3900023386781147,-1.0042671651126671,-1.6073764265237285,-0.8307777651915992,-1.0079596433400144,-0.6379671819712955,0.1922738402927752,2.688830781566316,-0.3884518857236296,-0.3412832015992087,0.26034764528184345,0.002073386531800141,-1.2047854460656433,-0.06974760686266737,-0.7251913671401824,1.2446231622740198,-1.0541600442679608,0.2551866378449581,0.2872692790036733,-1.7430720928516232,-0.5331655730067646,-0.4658811834054604,1.2292770945535243,0.5836247845106417,-0.4234911525810131,-0.2341077011674291,1.2901599851318364,-0.4138591075064825,-0.01997353332934591,1.2210773538710198,0.0,1
1.3698160033224305,0.7561223474890064,-0.6688847425889077,0.4154152192627112,0.8641975338541277,0.1907272545369836,0.2320618183427599,0.6483831051471249,0.04994208032581137,-0.2620441085392548,-0.3788117975886047,0.8778763461106132,1.0076844206082258,-1.1345439648852282,0.7329275639562899,0.2538065961407493,0.7762496988263679,0.8340626933768392,-1.0934930274823615,0.4291880732846613,-0.2360369727411645,0.8022962195856849,0.7728883096441198,-0.4077808916410327,0.6423616471028979,-1.179743153699573,-0.956890110620808,-0.7768909199602395,0.12547451033495474,-1.316252539415343,-1.6582175231236629,-1.3440192363579857,-0.4778242787211922,-0.07392351057849257,0.12208221747898895,0.26203205824443626,0.4609765369295941,-0.0038125672775525797,1.2150423725278223,-0.5128916961420231,1.6990380629619055,-0.5562904765073763,0.13424565249895626,-2.588483356454304,0.8718104069293673,-0.8891657555082922,-0.8380847957509675,-0.2615058483292491,0.7788889546636752,0.14321844831012462,0.0,0
-0.1168336409972081,0.011684409331348906,-0.24502937454409845,-0.1555566648299282,0.4624568929971118,-1.0311394426627187,-0.3669588237717855,-0.4502192707017448,1.75436955605976,-1.3641884912760691,0.537325510019129,1.9175888035377853,1.0123652563940224,0.3749800744213985,0.5062751274569981,-0.6727005579385595,0.3984762964069249,-1.247615257945624,0.5307021745358302,0.2155659335786872,-0.34109329906989994,-1.4140049124694836,0.7605749834398418,1.4230390126514014,-1.0723158646558708,-1.9996405236008143,-0.8390486694526832,-0.0030961487948759536,1.1388134574651976,0.29505820938525923,-0.2531431314141172,0.1500153913500743,-0.051353390633958065,-0.11588382585924514,2.326592798135652,-0.824898891236168,0.4256392745660775,-1.6522767548955664,-1.0607342383425558,0.037267707101239216,-2.24064576157099,0.1690074444154292,-0.4836419229445655,0.9259809959231096,0.033892116869528484,0.022576328729032185,-0.8195967753963042,-0.2696223167680267,0.10293244519974093,-1.525456211113045,0.0,0
0.1338372336960792,0.4659285393318197,-0.1861259800213196,0.44443865805864413,-1.2762127839238104,-1.034584645041258,-0.002145216218277721,0.3765215562308363,0.3010743809147641,0.18686039021046436,0.3736854932233081,0.6637739535182512,0.6903931687983418,0.8792640512485709,-0.6925324709304106,-1.0801659745001757,-0.6289725536473277,1.5785711803312017,-0.14989825606252632,-0.6271886415192368,1.4036846203292366,1.8924532831477312,-0.1055864407211972,-1.07392242362643,0.0707775297777307,-0.27555142765426144,-2.3653400710271524,0.2813024197760017,-1.9103425845717052,-0.5358452805582758,-0.7388663845905205,-0.6139216114339493,1.228018761189615,0.3234022983000837,1.118113790632432,-0.16252708496764476,-2.0439723641738623,0.5608403010235414,-0.9697609789485558,-1.514879870938452,0.19984551378488746,-0.4501363050069856,-0.050766225691763575,-0.6868679992748153,-0.9283240375317438,-0.7453596126630446,-0.5415945814373786,-1.2011281412899355,-0.47401560585570096,0.584388904601681,0.0,0
-1.2889465570557117,1.5263904101391974,0.3935662928332835,-0.9830544343847027,1.0347898385361551,-0.3758361878732975,0.2832398143443162,-0.24577622493617474,-2.492442313499567,-1.0036013586444674,-2.6258709974818557,-0.1982581562005748,-0.3699058491590615,0.9448363375611134,0.7837263054270445,0.009241838811783169,0.07866991450588938,0.7158358268966108,0.8591860385770258,-0.0011002197884848917,0.00429732457318867,-0.7655742495370038,1.203734525785335,-0.8883911521680722,0.9370638206769067,-1.1721294766040888,-1.3008942336215,-0.3055698590828747,1.8225202692425813,0.6847500825869854,1.4492572575628957,-0.2949409236043274,1.850752315614556,1.6359972948758112,-0.14405637207696642,-1.3826631197449433,-2.1322921988143797,-0.1750061496669654,-1.0644393106304808,-0.2487047493921208,-0.6050913768137978,-0.4004861329210416,0.9809408052984052,-0.6724898710286745,-1.7607227929716494,0.4064488475188221,-1.1674252831813554,0.8730899998978637,-0.43089156697840975,0.6027440431075379,0.0,0
0.2455307431771441,-0.555886114568006,-1.3876217330460363,-1.1602929786677567,0.7355158050584532,-0.3219053040165103,-0.5332769681461967,1.3418974116253146,0.467884524948233,-0.6162169300414844,-0.9164028081416188,0.5906715496146345,-0.6207075733410234,2.579961098639918,0.03193975710404598,-0.7835370678714457,0.8011956361279404,-0.5701251395328198,0.862805423940449,0.08829024266877793,-0.6690620165598969,1.3636895006466587,1.5961594805869224,0.8966691720558262,1.1496877565591788,0.2023791137558472,-0.5682348793602336,0.7567886410750868,-0.2477903724246061,1.240686994328396,0.7936357570277512,-0.4781110269340609,-0.4585949141842752,-0.6848416048090963,-0.2007963435643315,0.7147513976531579,-1.2585836239425363,-0.8375606395984675,0.4133574058136178,-0.6972906319714631,1.1241962957495664,0.7076826628055083,0.35609183364194696,-1.1113301671136964,-0.05271686528453135,-0.33565891781086066,0.021975602220938032,-0.33085206033868164,-0.4196465479800203,-0.07560176523339897,0.0,1
0.4571946236730739,-0.5100480274202481,-0.1250600913540235,-0.8908707081241496,-0.6768877329707419,1.120145904850113,-1.1035709169580954,-0.5229348876862183,-1.6071001671971492,-0.3911436026495345,0.8204898973392336,0.13242450538577524,0.9345553794055526,-1.273031836870708,0.7025003777678875,1.2421160530853266,-0.9520608336410806,-1.4829049882818603,-0.5679169485582055,0.1535671994511848,-0.4174983483811465,-1.438929349486726,-0.4945115390607117,-0.511731827303159,-0.44993989277978974,0.3474121304753894,1.1273490604356833,-1.80406353349268,-1.1606374883922357,0.6082833499122469,1.0609558385341422,0.15940007272427714,0.2522462736704205,-0.9924851631361036,0.6484926344667902,1.3980036869936168,0.9162643277960256,-1.1023406838234926,1.446296438218314,-0.9357214497922588,0.2456686590991717,-2.1029507271463617,-0.14157667490742654,0.6245101759349228,0.029936729706013944,2.133271728114874,0.1144291298765394,-0.9093732659324416,0.414012278741565,-0.04835542183989356,0.0,1
0.4987555369651818,-1.792523121743021,0.6890528954332614,-0.8645143080935912,-0.3543829628279514,2.1819117047240666,0.14937856113950473,1.7398870944798672,0.4982671314431435,0.8251473056120788,-0.7378440864018678,-0.44910855465512695,-0.4706357938297517,1.8153489503157272,1.563968188375076,-1.7927349148629017,0.6658810741110476,0.3201421597065902,-1.096311150910891,0.3001628666309738,0.00750884969741542,-1.9338090194690871,-0.18188980636787785,-1.4952625565902005,-0.8528544562438826,1.2857451402861046,-1.4507451521443882,0.34073723872901235,0.12335356086637367,-0.05230100524415268,-0.5114723703574366,0.009014076667090908,-0.033529538340492916,-1.9678348075461227,-1.499549495571475,-1.0493465052640172,2.6268838542723434,-0.08076395746407411,-0.1724799173156238,2.3100061033886656,-0.6264611545402465,-1.4233661351891491,-0.7632536848976843,0.13821864418326138,0.3289333859855452,1.0169114738515732,0.1007887144771388,-0.011174408489738741,-1.6609979743581664,-0.2668495296152249,1.0,1
0.024636684441098632,-1.1038478919737302,-1.2558204346272448,0.43903934019394736,-0.2501456493019789,-0.7204959645322505,1.2851233012572816,0.5690923039349954,0.7889349941862777,0.8901722397790713,1.9848161561198956,1.9638022589902282,-1.7737653253259975,2.216097592394309,0.4273377607050356,0.5919159045471237,0.7293464573571139,1.7354140431845186,0.7770055737949518,0.29678661400933803,-0.9048662629622012,0.2169591649592024,-2.342108479237534,0.9554733437498524,1.0083910164647527,1.6653137614978082,-0.38500172731757415,0.3013820686364493,0.5405315291297647,0.17966345476737813,-1.260841340416475,-1.114179762439481,2.9256845344966487,-0.7757053727784949,-0.9655554418016286,0.7548541578365258,-0.8882709472208274,-0.0894668262280301,0.09085485345427068,0.4513882775779751,-0.5836567465429201,-0.3970415307877568,-1.8602377043560028,-0.7040506763265091,-0.6181652850057885,0.24008546216726395,0.6284431080064357,-0.1891074584241242,-1.7257926170266629,1.1804765830997788,1.0,1
0.4990526215577518,-0.01502838502292545,2.18448102565357,-1.891218107260646,0.2490252937526737,0.7578463120392464,1.623690870599913,0.6738444935189584,0.19123804508265196,1.978390174918384,0.8551634442793713,1.5055379061902117,0.5562151958419357,0.3698148813083126,-0.0705670898648052,0.052407509392647406,0.6254993950873656,0.4292444922256883,1.14642704453622,1.1705227105698872,0.6217716809986915,0.4285445802015378,0.5258153188801828,0.03530001908819777,-0.3732196430597871,-0.4716531024453101,4.035028904870507,-0.4878184350811324,1.260786247765564,-1.3182051727116864,-1.0021607310316685,0.6052014717936057,0.4007920156697552,-0.606469427938885,0.6539705599835567,-0.03446779407671716,-0.5784041093777303,-2.09372732554772,0.8125596116462631,1.1761054471854189,-0.14687255514396186,-0.5537264967419475,0.2931645604124972,-1.023900019654312,-0.28682468621574864,1.9560493931656184,-0.7308174350486846,-0.7102581067576075,0.3488060157261293,-0.3857984933414439,0.0,1
0.6149959739882441,0.9722672708820226,0.5465443482494691,-0.9787994517010942,-0.11892079961269385,-0.8724439924124247,-1.1570224774363802,0.2703026829224203,0.4611809823754306,-0.17168440138283245,0.3975161909692137,-0.24849510197616664,-0.9072784881292886,-0.06654353865790474,-0.6375898110758346,-1.8265995555956516,0.806122673349738,0.1259989876706405,1.0145321695552134,0.02665003483125595,-0.5983785153463771,0.915504649130096,0.9423096200697281,1.7735143310932664,0.4170236416628609,-2.043915119878568,-0.42889955966035903,1.1131097518045825,-0.9546812505342565,0.6414126036998625,-0.8232098585919908,-1.0332156660203276,1.4494655855546683,0.2771849014751069,1.0800327958753315,0.3376027151493213,1.726510222266508,-1.2749208494635549,-0.4195375297106017,0.07660997517996078,0.29227425088778697,-0.7059903081194091,-1.6715340756724042,1.0339094448361634,0.1851635820603928,-0.15884333577307252,1.251562209683858,0.8719108510586967,-1.5111579946946592,0.7102667673500465,0.0,0
-0.6209509228371919,0.15714462832638845,-0.9352139156792124,-0.957519662680621,-2.1017719089910565,1.1261924947197204,-0.10116795395598137,0.6118839777401339,0.031327548291130755,0.4023071796065965,2.3294532413105733,-1.3403246344415696,-0.031248393889008123,-0.9263854379844836,-0.9882079741333,0.020939860749384264,0.4427339865735058,-0.4685647830066846,-1.7689396645742237,1.0555304613768026,0.8681314079889972,0.5742097173850433,0.25540154856182706,0.21642886649554224,-0.37446375046197095,-0.4592186222086191,-0.3823556066467844,-1.2729339448021069,-0.2410024812387865,1.870348871016338,-0.8646350352712425,0.9318458145990972,0.36409691545668055,0.7060495737325048,0.9640491731810238,-0.01003101059813493,-0.698640495418728,1.0472900373578484,0.10528745688828456,-1.8236243168071762,1.0686768070827142,0.313479297919341,-2.4700299143819446,-0.6497614643390952,0.4996918084407601,0.4358073856633747,0.5165155651977116,2.0789060885697515,1.2854705665944903,-0.03350467821183392,0.0,1
-0.5941765570481081,0.3993212482508727,0.5062773295695241,1.310154503835692,-0.11267345233599994,-1.1528467572460568,0.957519206338218,0.4306327814911089,1.158025716718107,1.1914123628539008,2.6123179954332234,-0.4649011166058326,1.186756543804174,1.381443846171502,-0.009495585035494357,1.0613919873811215,0.7778268204650611,1.6012721292332392,0.10046419843881414,-1.2615165762179052,-1.1728847142442127,1.6370750878606348,-0.1790536669481822,2.5723924626670587,-1.4457317184648917,1.5483053708424044,-0.5400601646712647,-0.1286355102218734,-1.4370110722494407,0.6236738159033586,1.14148278788957,-0.08467401166347585,0.9512528447777256,-1.5665609832477263,-0.6912788669932728,0.2612689180497317,-0.30134195598104274,-0.4565265291955925,0.2888044184740406,0.8737210488603387,-0.14828980198695646,1.9520195768317048,0.3912065631276491,-0.0007915775026411488,0.4716503064180698,0.19108050450486025,0.7072046596719576,0.6560852444215874,-0.4663334071588964,0.1500193603595223,1.0,1
-0.4295395167937704,-2.5199202330230834,0.9369187414309378,-1.0215136236719926,-0.06014463288607881,-0.8355046424141818,0.2284621561027741,-0.6813765364652008,0.0027571634939016405,-0.4601529098036602,0.5252190972678014,-0.21301388305680555,-0.8796748873525909,-1.2794713708629717,-0.5629573319472961,0.16478574811294333,1.0811151631069595,-0.4278206191215162,0.6187199668451435,0.8537357450149395,0.6068909105028077,0.36879137405047496,0.2039841970734006,-0.13277730950243388,-0.9689577371024264,-0.7743347239486316,-0.025340302405954036,-1.478062723727718,-0.5554672821239001,0.4056491373193189,0.6137617798555032,-0.6930477279907052,0.20364504669460584,0.0635855830918394,-0.10973163613021483,0.4930692435976922,-0.5201573698661378,-0.09101785591837293,0.7225676496029528,0.07162525730744712,-0.2388267854221772,-0.5994403597896605,-0.07270979436001178,0.33439629737856386,-0.5136089536157126,0.06536517002825594,-0.2767842431649828,-0.9150006588392228,0.062176579746436415,-0.6959167887469561,0.0,0
-1.3603823348085058,0.7046244335093432,-1.0814591409419871,1.633580224273457,-0.98461657841116,0.5265308083371968,0.3939428535834063,-1.0226976408713953,-1.7680989386351396,-0.4082275742409059,1.1374477041041289,-0.38845915789323293,0.4398061228254618,-2.7948439479439617,-0.5906699692457744,1.076837277402303,-0.6386924809784942,0.10806760670654643,-0.43685461678315995,0.3407007021792669,2.354570481952897,0.7490608584407149,1.3626086895234113,0.6101977488782135,0.5660093428684598,-1.2554100444153613,-1.3130352742489628,-1.1445114865552148,1.0137563450794322,0.7291213933368593,2.1611543113507934,-0.1361290430817454,-0.4404070582603396,-0.6687993545094304,-0.04927644514368641,0.10949168317963913,-0.6930725520597077,-0.38364398940971145,1.4988592174540178,0.7057487917017796,-0.5615654995878926,2.032772011872072,2.2359789914616335,-0.1290652102724799,-1.165380799885896,1.0366305105258342,1.618626180022057,1.371219410847455,-0.2272082473502237,1.2774472872435785,0.0,0
0.8240837303605274,0.8493486414650623,-1.6346299768563162,0.11242346366776464,0.8311867937387564,-3.04208248000684,0.5710983438632806,-0.7849164575827081,0.17169056613928207,-1.2967813973722988,0.3006254527510235,-1.0058246742565198,-2.329249768076822,-0.4244762672879504,-0.5364461923024249,-1.5910044057043962,0.6664191737304189,-0.4894238294470764,0.7887405044144138,-0.2985021946908036,-0.5559062740488229,-0.7965967255822309,0.8160093124793445,1.484841270058565,0.03751628864245955,0.13756520165604774,-1.9793056897892392,0.23488379971176004,-1.110354564905932,0.1914051254315958,-0.21490131751160546,0.2454487943588571,-0.9564215645911498,-0.4460272042607743,1.1185143202165526,1.4284362534784396,-2.527160568893414,-1.3279669527950797,-0.5329949684458994,0.5440100408018239,-0.4482150741187775,-0.9556685052696384,-0.6682108481072508,-0.620105835037232,0.29535196836766475,-0.25472961806838496,0.14081585068038888,-0.6021538024041097,-2.0775165182090323,-0.7640072797251268,1.0,1
-1.4418468497694281,1.187223707578394,-0.5587868391570668,-0.08043748358037034,-1.5366118775600743,1.7777484739953966,0.20926229150790415,-1.4886368492705189,0.6264501835833001,1.0027514155683688,-0.939476253441596,0.30396888062983823,0.8503450107209062,-0.8440353223899425,0.8334457955102041,-0.7379472008653919,0.05054637388526285,0.39424558842137797,-0.02772342804264,0.6352127966521836,0.12385986299223255,-0.8697061011119572,1.4976966710993234,-0.07677446241447186,1.4337695498827023,-1.5475841972197089,0.2266786756553929,0.6130459506052489,-0.9151134192317124,0.5388869296659878,0.20124955266525385,0.6020629242210225,-0.4348451264023176,1.8574348984816784,1.2800960043335472,0.97884478004877,-1.9012444482948283,0.43742581458219615,1.110814415400692,0.7109666774725071,-0.3814545568412335,0.1687319002993339,-0.4057210930010379,-1.5179236269901448,-0.517315947300613,0.592713419785252,0.6234936463142717,0.20019978931540516,0.15036459290922558,-0.3781584863978091,0.0,0
-0.7978737625037994,-0.8943603713756253,0.4008505784965627,-1.8655113940846253,-0.020842967637526952,1.7355107554929348,-0.8860887725014523,-0.08758281058334197,-0.6423701586214653,0.12498279587048924,-1.5603364060615827,1.9410019468680115,-0.2047657398271771,0.23114499872262195,-0.6040262324943453,-1.0231657340467868,0.6201481240073996,-0.036960269392321984,-0.1267909431521518,1.9167454894467248,0.5461113817520995,-2.8902762628634227,-0.9066649543353048,-0.2055447769999088,-1.4247430865519335,1.1413735139540784,0.8200425580512,2.1342742199872964,2.2364840964679886,-0.2847133137709789,-0.3838879305547333,-1.203111270351653,-0.26991800668081434,-0.3113141982533372,0.14605253061462425,-0.3621275510449112,0.2276210009241741,0.452445702145985,-1.0661125548005843,-0.7425599086542769,0.40379649141352697,-0.0023472401164569404,0.304432629649882,-1.8198716776730952,-1.2639334531726052,-0.6646876399010497,-1.4357749542432678,0.3061056739546355,0.5666855046591479,2.0599385184098304,0.0,1
-2.076852032571181,-0.38443236168085376,-0.05278446443533113,0.3934313593004537,-0.9981351432720954,0.3983397379751722,-0.061374532484460176,-0.4593302712351879,-1.7512354797065872,-0.41447822916063387,-0.5362307850142556,0.9095259015578149,0.7548151675449803,-0.24818351893951796,-0.28054248966572043,0.0663807680561631,-0.8278240640948477,-0.9103287319387372,0.9704440702316528,-1.4803839376960781,-0.18845741783549688,-0.6778073886175058,1.7289804121534742,-0.7249041327762191,-0.4645518909753982,-2.5465403586842266,-2.6470048774498562,-0.2941691480209343,0.5601399116505329,-2.0726364450698282,-0.8752970755677382,0.9222599737693966,-0.8349176854731711,-0.5825226864298341,-1.0508653874025948,-1.0011391098575202,1.6980331746231725,-0.05107799546263212,0.7369939290150174,0.7347743959483515,-0.11035385597184648,-0.5860923202883661,0.8372808289241109,0.3186524429630247,0.0022108575471262216,-0.07406327496398023,0.4634076617399503,-1.0967053701639982,1.1241463292759022,-0.7338549630309661,0.0,1
1.0670460118428835,-0.08122003632594173,-0.7235718598414159,1.293421717304006,-1.3577440154236764,1.207019416188491,-1.5107808128831022,1.3762122339359744,-0.6128510538769365,0.3011136146290977,0.5078096550494001,0.6630466387851529,-0.4664456528362682,-1.4056145670953386,2.445436488114381,1.3729142987744103,0.4533205881510962,0.6041184245768546,1.021484823963462,-0.9366537696447952,-1.8052986529246944,-0.2607304078747963,0.15292497521136486,1.5703067497252166,0.4877877287516079,1.0854953642914065,-0.11844405567861413,0.5348651726705461,0.18302769555684567,-1.4275401249749085,0.09654200570387064,-0.4766069669513112,0.5685185310327225,-1.2642298737436426,-0.6874507190280919,1.534222558461279,0.6114608340792814,-1.8123027667347984,-1.2437639495938655,-0.3781294651141143,-0.6155219524537565,-0.6880300710281659,0.13718723639278976,-0.7429783725361914,-1.2306700421980152,-0.474447396217919,-0.2273975020287376,0.4672969958776303,-1.3024259517135877,-0.3192798026931761,0.0,1
-0.24290140855137884,-1.4258097786052029,-1.242170247577273,-0.1120087425911027,-0.5989298218793799,-0.4572075253107506,-2.2833865601177905,0.9741455902490428,1.0281618929750365,-0.4918413628595538,-1.0313989986606598,0.6037430963655244,-2.6991566969181977,0.5610975785359559,0.7392576915304705,-1.322842752809101,0.5815556482256794,0.6380945408570429,-0.2709839031797709,-1.166596289743991,0.6440288817576442,-0.17329328569952446,-0.18773557530265186,0.495210574630579,-0.7380590541366273,0.18210689550102072,1.6299065560392232,-1.1030987202303824,1.4728449664188892,-0.5771980232055842,-0.39308237817813396,0.061611594332799564,-1.1162812566457452,-0.12718177723280025,-0.1377549273109741,-1.5700453254535949,0.030236118977910387,0.3716521749223782,0.5430956441148304,-0.7359756699595772,1.4024782876676607,-0.8913729166044891,-0.2968266275897681,0.965022357257544,1.5274477149561536,-0.08753618360400799,0.9470278163814014,0.9070376452381188,1.0375704227745088,0.9746352993795014,0.0,0
0.8674600482059036,0.9111329622688499,1.4891633892903606,0.1371604126766423,0.36816620047387744,0.2661733484201739,-0.8861119388546369,-1.5536799753647077,-0.5386573982703461,-0.1303550217737461,1.6816079395656192,-0.0951546853518989,0.9526362553831456,-1.154408394461286,0.5077312903688546,-0.519107656111271,1.9591792816935945,0.5966020159944819,0.950186811265282,1.243429320099853,0.8514633133426865,-1.2032467607209274,-1.5962894995783892,0.06139965091893752,0.1047937926557286,1.0770252792025574,0.32472839596103664,-0.2769839317460641,0.2827754266739619,0.0596446904496843,-1.7101705959979945,0.8655526970602059,-1.0250060495827102,-1.728473353564589,-1.4746019223449225,-0.06778412759441951,-0.16149886039343286,1.3458993474586405,1.6422721801147109,0.3384735616202753,-2.867240531196305,0.1744527330234107,0.6093247545201104,-0.14906946589483314,-0.18393471387235705,0.5766916274890199,-0.3000423047817597,1.026842473275123,-0.4277923272571687,-1.8210645753390635,0.0,1
0.5960097201591129,-0.5017415962866061,1.3901181663953883,0.025167001128439063,-0.6247698254823347,0.2147336681895489,0.1888850771298149,0.10630403780747898,0.3414357013860374,-0.7417930034235288,-0.263696399442271,-0.26417152866362725,-0.13541041932108488,0.4650879178037277,-0.4207062415353151,-0.07198342886188737,-1.690223116022316,1.2676078486653752,-1.0015888472219066,0.6680380394121833,-1.1521557880289883,0.30708571851178124,1.7918872801516232,0.9925215705235804,1.1540234136590268,0.3653152477644496,-0.7574426130271441,1.046210513885806,0.15566605710939174,-0.4845556784857879,0.4582090876958452,0.4666118641149284,-1.305068301711944,1.7723609439323031,1.4396131303210176,-0.3471198795280555,0.7210019860545634,-1.1599143377837176,-1.7056367436798234,0.4240259652700623,-0.33605641884052706,-0.2802040030424697,-1.3500936635346894,-0.7761133855660217,-1.0289157346719826,-0.7035212738976443,0.3319524976048888,1.3698827849629,0.3861907933030688,-1.057416158021173,0.0,1
0.25540852559504024,1.2646151141338342,0.4877308005897945,0.0969869974039237,-1.1113434196671124,-0.8847931790155619,0.03347700433239404,-0.1273740349595025,-0.17459147208961473,0.6339005288820202,2.4234487505679883,-0.3846404990791517,-2.2130864075399463,-1.2759270993312484,-1.3537155166396455,-2.4757466794437515,1.2554213933520408,0.9714739124447186,-1.5137386855165769,0.16656631804046707,0.5177551298289651,-0.2956318872541834,1.2965470725262271,-1.3392469024867055,0.8933051909753115,-0.26207296171668504,-0.0747968307075022,0.7164576931704709,-1.8241334969113767,-0.9687816553989532,-1.6998487436314762,-0.005327028052425839,1.914585723398954,0.1958189751850105,1.6248637555320669,-0.036894724984475734,1.1905721575357733,0.7143885647500358,-0.20573187419701028,-0.9138488482937062,1.7471212315631788,1.0165322361225415,1.52278854401661,0.6537108276429249,0.2367410038714425,1.634105470649597,-0.055683054186244016,0.5646830969432068,0.4919838607838585,0.3567558746350085,0.0,0
-0.4733547824463409,0.24937961235716535,-1.43585236631099,-1.7095324851363305,-0.2754921215659057,-0.4723966921277017,0.1421175473111695,0.5946568989363239,-1.2155916671297018,0.8529443492000475,-0.957462658216513,0.38122241451574257,-2.8237179092158304,-0.3839871459464802,0.7057212146428827,-0.364138163322235,1.446089709409444,-0.6536406397540361,0.04170820630921443,-2.1302279904899954,0.6307206875470315,-0.7080084261140974,-0.4421104971996861,-0.5501703435317847,-0.3234908141056328,-2.1297275196519685,-1.2395456675197452,1.6535563785732947,-0.3081688158949908,-1.0504231898568686,-0.8238973619375362,1.138560601242003,0.13072119447098232,-0.5875565015518012,1.6453294590311225,-0.3511746389527109,0.5879629088388568,-0.06321147804760943,-1.7654103736480722,1.5094818383401156,-0.11845875525035428,-0.7615539714367894,-0.9803844298942452,0.3251731970991077,1.482425398232731,0.3660811188854534,0.23437199245177445,-0.3289477479200665,-0.3205644561190953,2.15691757899822,0.0,0
-0.2786307608924254,0.8841837001097187,-0.9467037266224968,-1.0385596816382083,0.7709293290380878,-0.8692906297741447,0.3945140842069818,1.9493239598482939,1.1556943296615272,1.4125568488981,-0.8938078022811625,0.26313704169956564,-0.9255349882649582,1.4894138228765983,-1.127000021833519,-0.4668296256000435,-1.3823735959983274,0.18906746923639808,0.9940649275355184,0.2761563457783089,-0.2361022248408741,0.84504892108107,2.165544206133496,-0.3137608843940991,-0.6341822912867311,-0.8277691606077875,0.15176925843843314,-0.6597115740323046,-0.14813880894758708,-0.5416769590062779,0.5027233916986454,0.4532484430778087,0.023696476430053702,-0.6608876496030854,-0.7041544440112141,1.5417591781506768,-1.3306532717536756,-0.2679545027637633,-0.4342569337881064,-0.4502706492024333,-0.4190450489634687,0.7614465176947245,1.263124199061061,-0.1808314922694452,-0.2841762756747769,0.9038425330285821,0.7767990009601529,-1.3598175160177628,1.104745763933707,0.835387245964562,0.0,0
0.2629110015502127,-0.004324735010772907,-0.3684188847064432,0.4813007981347946,0.2847930062098057,-1.5464912952712158,0.3922464695095389,0.9763240605445253,-0.02981441311394812,-0.5970807278082257,-0.4206886962258217,1.0181081803728858,0.23686263477920744,-0.7642638469997014,0.11684136768186942,0.13535594548612734,0.8248662474573852,-0.4567360306229826,-0.4723186867079516,1.8954158664223448,-0.476829765899875,-1.3595630812719577,0.16861578933896595,-0.4040916762834074,0.014061677020768921,1.1020321477563704,1.219510559094801,-0.6783299288281591,0.08877653332283494,-1.6204518363752396,-1.0107586345836868,-0.6286376062311122,0.31619790050360985,0.12174068349540285,-1.7193504743145782,1.0696933567531022,2.549645307182377,0.4349244736952917,1.3012770180088884,-2.6673639051378952,0.9254761114734399,0.6411229617060527,1.0086409493002606,-0.048492788065853984,0.7295538542848822,-0.1565044268527989,0.6094210351312167,-0.1516765921765926,1.1303760696455432,-1.6628403707467458,0.0,1
0.4043778835397024,1.1703534032455392,0.7617360872890611,-0.7855408720664081,-0.8221096589560429,0.7874408438490562,-1.3843829134379078,-0.17307753737175402,1.6476689493348884,1.2685242330596882,1.1557914315854163,1.5525023490292629,-1.1129694342552727,-1.032629587398625,0.058443245805415635,0.737084050065202,-2.355251025116914,0.02085518221965548,-0.4980885840736163,0.30215343603457323,0.8738030726125535,-0.8342464925085502,0.1892813888327372,0.7047272825556575,1.5059906754475298,-0.9541576540284804,-0.7989939551063889,0.2524827609626352,-0.5702940399896206,-0.5973568101024876,0.48447717416183,-0.8244575728908328,1.7152299482967999,1.4350623521802643,-0.915816482091536,-0.0449181579953812,0.6033926267571442,-0.9275581457885332,1.8655937399565417,1.1216275969227554,0.3067753171889817,0.16912674006905426,-0.04475118347227023,1.2727254508120311,0.6132421642709247,0.1385003068232584,1.7895227845375257,0.6510057834954214,0.5511855208978486,0.07463580521830067,0.0,1
1.3051718903994984,1.3981356950615638,-1.1106509271164833,-0.5360824591208214,0.6217444125052456,-0.1882096373343098,-1.2221870268250927,1.6534281026683098,0.3648314148450914,1.8098727226869744,0.08297411398795113,1.0527571198542742,-0.033716308233371635,-0.2992364646289672,-0.3305476886983997,0.29995778790187977,-1.2816122127173537,-1.8284354024999383,-1.0720383659231747,-1.0792750011117302,0.2590076824645592,-0.7614081799762125,-0.42374062234860815,-0.6087167836040078,0.2714167913912337,-3.232422884662056,-0.6869497243304444,-0.2040510560712617,-1.2195536473034203,-1.3396881798320501,-0.9739504103178048,1.9871917344030932,-1.5101097411680526,1.2728780763206466,-0.6361311164467945,-0.01080606333662804,3.1624987557553865,-0.7459783490368448,0.5884903291558894,0.14702108346496578,1.2083836695857453,-0.5386819368748889,-0.20928062443715054,-1.1010179286857449,0.054157476390833986,-1.7772570889747763,0.7197008946576947,-1.4513964020419274,1.030260375439447,-0.9129255900681692,0.0,1
-1.097563215608355,-1.846829431645604,0.6302834174259354,-0.3674490256953339,0.03462148354306542,0.42271677728298795,-0.024408741215890737,0.5204671393961058,0.824159293753779,0.9849775942102024,0.9894360792746996,0.6287991035463912,-0.9902914143574824,-0.2433761668247823,0.2344369718987366,0.023709379925699103,-2.3325174137798133,-0.9640575620686924,1.680988974709146,0.6018347436353136,-1.2918898841548059,-0.3291259614043301,-0.529033350358653,0.3713468066529884,-1.5671258441481488,0.3666158907571568,-0.8315873556718993,1.1768772830558991,1.7609706195999968,-0.20458018792048568,-0.6846064945905496,-1.3118092047987635,-1.7137104696623782,-0.5252937272433159,0.5603944339935591,0.6520376810541422,0.007199311978333262,-1.6394688145964895,-2.5864108372646126,-0.07377202775632563,-1.4309495475878833,0.6807652877859132,-0.34174617164977,0.5057325571258506,0.9027920972179608,0.5621818907446787,-3.0319751582451007,0.5051675061522809,1.3437354987840202,-1.2631096048185932,0.0,1
-0.19235241249628132,0.1966119436257081,-0.2552363202835014,-1.9604008016956767,0.24253495924145085,-1.0833745911912276,-0.8212883667163366,0.43999513912050014,1.0608469856464189,-0.7509254778795612,-0.7469279010241509,-0.768198001557138,0.8779363270855582,0.11575609566254988,-0.38229779715242784,-1.6235579679068517,-1.4478239849269139,-2.3987652049200685,-0.10868845154846787,-0.4889530913823616,-1.1158441790830322,-1.2744561399439418,-0.6038009758753374,-0.598614557062306,-1.3015094364422952,1.8063462945184936,0.2406689986718243,0.9186167700254808,0.271740101230358,-0.4749164880137455,-0.09141104547175982,0.6220865770853987,0.8303671825836008,0.027938944176396623,0.50302416626164,-0.8939606785008416,-0.6006038801917475,-0.3520717096984141,1.5411329086192074,-1.0781344688982415,-0.17766918363018264,0.7958717610325619,0.8629876981553608,-0.21242425174965893,-1.0513647567915798,0.6640368163932555,0.7253507574832522,0.6079322357167889,-0.297113339478935,1.1398671349209126,1.0,1
0.8439048059821488,-1.7839095931614688,0.3269133321010145,0.6970595082538141,1.161975889698199,0.6299749331667391,-1.166789910489911,-0.5266387149510742,0.06296253146840929,0.9222466179888036,-0.08750572129722198,0.12392638703783823,-0.10226020246858247,0.11228495028894893,1.864036612372356,0.6284733408536858,2.1167313830749417,0.7560303871508628,0.15823250326850202,2.8160826402223367,-0.7736710770174691,1.0210774591216936,1.131050921541097,-0.5001631396398124,-0.5169588194734792,-1.3800709402590323,-1.3331646856511692,1.3635131867220935,-0.8673487413953525,0.2678745152246454,-0.4073725164409732,1.2241792400924123,-0.33591754926058154,1.2207784151129315,0.27872628997139154,1.5118292056682316,-0.4466749458493977,0.3385821704014738,-0.28563090323863904,1.3032264282929304,0.8318190007476698,-0.3023755284387813,0.06035137814924563,-1.7496672424072268,-0.7523594976051778,0.1599358715182727,0.6310965526920619,-1.1017279336418377,-0.612972278892262,2.185533572603601,0.0,1
0.4934958621038225,0.5646119214430437,1.1489306603168117,0.8450313500362612,-1.1183250439740633,-0.033040523156477375,1.4256806218937472,-0.18522089401965827,-1.1576585774749928,-0.8895867179173313,0.3255329580826597,-0.04398051820123452,-0.29859619532634024,-0.6346844395108372,0.06326011432529581,0.8207168413912141,-0.4239379968766161,-0.1662626083053878,-0.7516342671885741,0.497646922858741,-1.2180171401251778,1.0087281066175502,-1.5137063296413371,-0.07331570451861294,0.6652205580014268,2.3555077489155005,0.8445634147319644,-0.5817873959401009,1.1568980115562997,0.16281040645874328,-1.2606030746461507,-0.10451322489266276,-1.5168266630917735,0.9641549903362172,1.1320977862213308,0.6958624287556521,-0.9137012956324256,0.6358726179146736,0.6735705470131426,2.0870311899765555,0.1753912562654108,0.3850813062973524,0.8992483734568328,-0.2091744821432458,-1.3433707335662597,-0.5236672752744775,0.04154181673677693,-0.5325325443628187,-0.7584946576945292,0.0465342252510205,0.0,0
-0.31456898902475794,0.022672198670397804,-2.2335372269626395,-0.4534725998830738,-1.8867569294004467,-0.0992007665701241,-0.9176910844658076,1.6621364617276784,0.5203988186491105,0.5947364692507359,-2.56129808586254,1.9242046609894992,-0.029681593189575813,0.2101855777194276,0.2299890928024067,-0.9974564759692844,-0.07706238908027492,-0.9017318838469928,0.3248382436277966,-0.9059428320885816,-1.5910633351708092,0.6059726000502029,0.58652634608041,1.4286353004929688,-0.8923182650487224,-0.3349431074567385,-2.1671573870494205,-0.5593992649111464,-0.9952601299642706,-0.11885770679987435,0.5717048383614293,-0.2279577287922155,-0.5553055413697929,-0.21609957777130287,2.322359820135267,0.5061091743858065,-0.2371404309545573,2.493762953397046,-1.8268482628136569,0.7387130066844162,0.4541685559339544,-0.20676522338319095,-2.2370133120383966,-0.9282974892143746,0.481158642404417,-0.4595178174431456,1.134409674084343,0.4072756610230841,0.061111409280882774,2.2000667616794787,0.0,1
-1.0956641592982628,-0.3906480309918097,-1.2399376169536032,0.01822434145194056,0.7207851651188087,-0.6737503797734679,-0.0682853377743441,-0.37778435791920784,-0.5927764073907168,-0.22703323883100446,-1.127591570174218,2.40572204466847,-1.4619090621292263,1.8933035457628216,0.6818116156160325,0.5713068942358962,0.044648710372238117,-1.1417096841981813,0.9173545489035436,-1.033151715558595,-0.0982185743365191,0.40725992758464175,0.6455216473604655,0.7621360097616331,-0.9829930552696812,-0.028660413583651005,0.4751390656446514,0.23673095617197204,-0.7413627064957374,0.32956905439832923,-0.6560833960704421,1.062074921139254,1.9088332717356016,-0.22533016490577384,-0.21830118389515346,-0.3363865884005747,0.12533527169426076,1.6000318602552923,-1.5186529684888623,0.9826372942219864,0.7387840851400805,1.594345164217423,-1.4140646343841723,1.7397145712895996,-0.2385918967637734,1.2954849370969237,-1.0608345360565925,-0.6589240900841061,0.4819346649123938,-1.140676261276416,0.0,0
-0.08181921316774958,-0.01066628866824616,0.4708105370945187,-0.41674240868959217,-1.1409487723646417,-1.3597846963474611,-0.19461725404268546,1.1474937115488142,-0.06354841892365666,1.5069425772108784,0.007458346030147581,-1.768367710479584,0.5648248229069024,-1.54182012447943,-0.4809125281085225,-1.0999821651230834,1.6536545043967683,-1.833520610226932,0.3001573371444948,-0.2406383521227965,1.0283342089829504,0.2620592492688273,0.5682878852411171,1.0648349871434712,0.6643760468529986,-0.05265645989427194,-0.7246278661950615,1.6328619335409211,-0.11540665809192767,0.566041550598634,-1.4099233180357853,0.5842629303932275,-0.1486060966630489,-0.8225840014265168,1.2041669308830552,1.5219993427955731,-0.22022078549132815,-0.10187071449922562,0.866208555897484,-0.6318713486165797,-0.09388832573695463,2.3756549245528085,0.2880105458416172,2.1326365230306688,-0.9270931028912124,0.7080750313249201,1.8672109964792476,-0.742040518298144,0.14219447222948495,0.16523481241529284,0.0,0
0.6503065205003732,-0.411333066094055,0.5183943601986656,-0.9359226002892131,-0.697179458370539,0.04187617986144874,0.04409918429821278,-0.14281963433011974,2.0272853399590263,0.3203383716294925,-0.20823421645308574,0.4713719609406544,-2.0149346362934657,0.7364584800899342,1.9231607505480544,-0.3276529775339139,-0.6402695572221637,-0.13029964099015726,-0.5049089986086346,0.10783872794584567,0.0385206830196795,-0.3236687956687194,1.0678332077817518,-0.751830089738705,-0.021998522297408254,-0.3487894810033529,-0.6697877311783477,0.2411738368891852,1.4617255946614007,-0.8971423686369604,-1.0522117152065609,0.17569013556428476,-0.2676286916009769,-0.9837088168890156,1.6537190742563224,1.4548740848231791,-0.63388156430746,0.015551420986628156,-0.7700094715933865,0.4758019098203568,0.32124255655701145,0.8793647209434939,-0.10935629452562504,1.0835619012420583,0.08105462881102472,0.4186987519037248,-1.2901502904067184,0.9436250477273836,0.3588963327300038,-0.7280435963469053,0.0,0
1.7433251416213706,0.8358780339953632,-0.4687081446844593,-0.5316754820492059,-1.6641150568011411,-0.09410325860983387,0.5152491492002487,-0.14261881557804626,1.5074858616681366,-0.0013591968628456222,0.468133785799632,-0.5445310372055606,-1.059981467384329,-0.1063879727960202,-0.1999813216698079,-1.9396880136842636,-0.3770829256586604,-0.9967574909749431,0.44518375488612427,-0.6588795680017363,-2.2356841743566744,0.2138444577879407,1.3001494261466284,-1.891660362673915,-1.3807582383360826,-1.0312541927489105,-0.2596492700846202,1.6230057257377548,0.6329264015084302,1.141173364826065,-1.019043399409522,0.3703156210670667,0.640331373790314,1.5114603904048969,-1.2578654150607331,-0.34045573955000097,-1.7836339154123508,0.007301255922038147,0.5905278983223304,0.5256929035349972,-0.7375687339554358,-0.606727145971331,-1.4780480064953596,0.6793126499459593,-0.2880664140903841,0.5414339636191831,-0.8818863120544203,0.6239621967104898,-0.6976024694191453,1.222723939196,0.0,1
1.3303879912621832,0.14037145331089354,-1.022166408392466,0.3714308010310992,-0.08106942681092688,-0.19205109643056165,0.1037150450196914,0.7421273848039593,1.5529573005875408,0.1636794615432372,0.27214951566024,0.3488738451986942,-0.01802365526308315,0.9712524814165584,-0.4612001240353215,0.6496678963292679,-0.5140681084530415,1.2767217066683292,0.2665132667234639,-0.5300813316335479,1.239674232781118,-0.12928519903843866,-0.3629469853370002,0.7782920892449839,1.6322402883734335,0.6651619559918306,0.293730119904734,-0.7389479130668885,-0.5536148732377888,0.4736203460898749,0.4564890091299194,-0.4619764320840349,0.28406570743394594,-1.3387475574870424,0.3746322875673915,1.8906950131878453,-0.6889735086103971,1.1085912429897944,-1.4526425854660394,-0.9901157811224356,-0.03874253952801157,-1.2019227112273945,1.2971464111074211,-0.23284478364091765,-2.094015591719001,-1.442590634064273,1.4783651373285756,1.0705948079717904,1.6301406626021075,1.2690369030523687,0.0,1
-1.024349495809,-0.6841429760342783,-1.5428320834889206,-1.3415624563422,0.32596389282598404,0.19975793969767228,0.2691841063020528,0.8669417723219662,0.20942722937902075,-0.8795484938329161,-0.6189602341574015,-1.0836554189301406,-1.8365586216908176,0.2822866608744065,0.4304558014107873,0.0016677524922224165,0.018013324520275063,0.3706382735004469,-0.7936923395177696,0.6678256590447698,1.2058538516711237,-1.7570430768959504,-0.570984801047905,-1.2795818099400953,0.35686448802636256,1.5605737143016003,0.8533982241504771,-1.2941616172009656,-1.0727874191241975,-0.7897061495358426,-0.2694450663461804,-0.525631723327035,-3.0151713584830064,1.3614314725609342,-1.370140877544595,-0.8031104091985115,-1.9581657748054249,-0.5047782713367405,0.8334274831043444,-0.7396746434463467,0.3537635295641456,-1.981943482481605,-0.3959188429410195,-2.9763779180082284,0.4673179960172032,1.6719717518219146,0.15555760350011116,-1.4871438575313265,2.3054691098531097,-0.660285989911139,1.0,0
0.8477609973289993,1.323701103111536,-0.3642906492922311,-0.4624451928176576,-0.6170817487525729,-1.9302511311671648,0.5419708983678728,-1.589785147212377,-1.6321992537206025,1.1873809633431402,-0.12241020206393495,2.063789590042549,-0.6950784336913282,0.8283400646148609,-2.436732540667992,-0.7975221913089836,-0.8938628284762676,-0.4790699839644426,0.030808881838403662,1.4560316200567938,0.3657843599865341,-0.4382970071684825,-0.3776821369738323,-0.9771897774876176,-0.3813156988007004,-0.933189956898438,-0.9306571333319816,0.4098722170961348,0.5416248923502797,1.5168803918233134,0.3360761500644445,0.04057159632271574,0.5835460833687993,0.2327997463650064,1.7782772753648743,-0.22063853001483916,1.3038508285415358,-2.217233121559739,1.018357158175963,-0.37516814886651983,1.2954533416490164,-0.4426790201587694,1.02757100425179,-0.033495054754700354,0.5166859141751674,-1.2724189236107075,-1.879914584376126,-0.5931250231092715,-1.8199906511123949,0.5116996468770697,0.0,0
-1.057142511166618,0.4565962589747712,-1.5301468641905098,-0.16555839651037155,0.06839189275081857,-2.000599761132018,0.4157948841263487,1.2769625249307484,-0.0900790202621542,-1.4032173599167532,-1.1393048148111673,0.4331700025043117,1.1064373621518606,1.0786850884505923,0.03414997663940236,-0.7566677583197137,0.0185848240730492,-0.3227008245183829,0.5534692141617845,0.04056907008557757,0.5846495838477236,0.2016686379793685,0.9149577056712268,-1.913095892085616,-1.1432309157077984,-1.1185075624428529,0.5817789527793326,0.0467952296928979,-1.5779930263807742,0.3399814979919725,2.632264799611576,0.06678821961763794,-0.4065349853232077,-0.6493775400101492,0.8122705810343394,0.3460723387856573,1.7659158453870052,1.439513383238309,1.333895819558618,-0.4066059851059354,-0.24444482553421135,1.935220383262056,0.12479550153859692,0.6020381961144543,-0.4525171673600387,1.079643796257732,1.2650569108971146,-0.5146359403283802,-0.10374283472827553,-0.6926743337048956,0.0,1
-0.2976127091687199,1.6266367923572436,1.1237216756855977,-0.3128833099148088,-0.40872129317918215,0.4755224198715489,-0.4700507282388737,0.22505057860807606,-0.0022634438113151157,-1.122145039853825,0.24316088047933435,-0.6586915761265337,-0.26886345924533234,-0.5477935439964191,0.3637434266183873,-0.7517754039487762,0.7102837811703638,-0.24114400370480565,-0.5005795571774184,1.3350403648456757,-0.10249673622500056,0.21171254678672025,-0.565031707517654,-0.026048107321234557,0.9801698443942548,-0.2649358864971562,0.5478495529157179,-0.4516300507034668,1.3737261715324045,-0.02798370870902981,0.20552200459622508,0.4715493994142622,0.8714081743940755,0.5461021316777639,-0.2647208872033329,0.5042279911446593,0.59959897287933,-0.0684807999381201,0.5290166452177459,-0.1939363156441193,-0.15722552965132747,-1.1104577250726209,0.05358028666303928,-3.268351861651085,0.9956608931067152,1.1566898852722192,0.4626473958582305,2.569737926964012,-1.1111834694596965,-1.6687487916330783,0.0,1
-0.30107122872235365,-1.9152121545179608,0.9060446788353408,-1.0641372317143172,-1.1777526820219515,1.3498765328549716,0.5140429999918568,0.010686469461134926,0.5815638188923812,-1.1536749135600033,-0.7018634480389984,0.011281274165708951,0.6375965778743726,0.018965700813059403,0.20894706623432951,0.662578166942559,1.0845664533437396,-0.3185002313226976,-0.6160828183085965,0.05841800757451478,0.7859188726063567,0.17063981109806994,0.5437674193622055,-1.6310075684786305,0.13237779368552927,-1.0409277242311454,-0.5459934527684338,-1.1489233758457993,-1.310424869371129,1.3254992293811485,0.5701741503370953,0.5941806546951963,-0.31678955731528563,-1.226959786498954,0.7132984930496853,-0.5181389354664443,0.3395741630344177,-0.4574349807394872,-1.287754393428452,-0.8629001079862059,0.1830700293446161,-0.7780336450249002,0.612782016452421,1.4333117256213292,0.6085411489813704,-0.3157165060076643,-1.6111651254966095,-0.6950557240172159,0.4261924307737736,1.1855110903144008,0.0,0
-0.4919395778458723,-1.17034836963865,-0.8161801424152486,0.3181995283962484,1.0459656393871417,0.19111263060793826,-0.8098089569506984,0.8415402109721519,-0.27918621769093105,-0.2989778161624028,-1.274172592924122,0.932533810168842,-1.074004134598997,0.16633221906272844,2.414285014869628,1.540792253460275,0.36001478678816284,1.0530070429045342,1.3279894163358372,1.0197055469070988,-2.0587796665070663,1.5719604161637395,-0.6183591671333003,-0.1302531277284046,1.4528960074498485,1.0527265772850434,-0.26766963353632145,0.4397178922237976,-0.6856960879399242,0.8952098744629624,-1.0848969354048628,1.1386018471567854,-1.3130571062312542,0.8818843117971158,-0.9855993539506508,0.6170454531444706,-0.59816504748229,-1.2749981856110548,-1.1163984738853567,0.15315501157087724,-1.5101401361906592,-1.4268589646903511,-0.3751545941951432,-0.5631891427223769,0.6090110324032596,0.21586958455687086,-1.033346943290099,-0.40169000214769307,0.8304797326016308,-0.7746936933110672,1.0,1
-0.8276992098196168,-0.4997220421808586,-1.1961824711905895,-0.4903291178380041,-0.1551126852426664,0.40237249866450747,-0.08412740483154993,1.8962953304656065,-1.6180384673105972,-0.5043318002394597,1.5562704638173452,0.04229228538318989,-0.7783939371777024,-0.8186680476999374,-3.096799718888985,0.3348069231764904,-1.491549128106945,-1.2235408286800964,-0.07202844374696725,-0.6017748769441393,0.5831662831534036,0.2783545015821055,-1.6237325467196217,-0.4494250296066811,-0.9506822758335054,1.2017922539000585,0.5130063335126316,-0.2140838051377268,0.8409482479833712,-0.4501167087372806,0.9330736598853177,-2.154393765428741,-0.8615053205267099,-0.9702875940659136,-0.837541149188964,-0.22006260587703289,1.9694316828130969,-1.6585687276110603,0.2312565141850281,1.0095481031934228,0.8258832119784052,0.971501682065454,-0.4205749793935897,0.3072424593604213,-0.8584534585507391,-0.9029085316270457,0.19905182013737274,0.0423486051332333,-0.19003147039172405,-1.7348228944987705,0.0,1
-0.06534250176328893,0.06814753324766491,-1.0396314880157065,-0.7528792804709851,-2.55617081888601,-1.260589598388914,0.3676445426931085,-1.624371219258291,0.18922965459104574,0.5652711955568155,-0.5236187481706546,-0.24149660755110275,0.18147664063553806,0.4589947587279847,-0.6075139326772216,0.21551011180785007,0.6423320078811622,0.0302066815281938,0.6848886714797247,-1.1976214300930983,-0.7463226688141337,0.7050217838027334,0.8017551912855665,-0.5302188126417922,0.0456384572040562,-0.6566663229473211,-0.3707276529180372,-1.0487161447612678,0.39137497980471603,-2.070356635187763,0.8780104467573265,-1.1449662908704132,0.3810788242614984,0.015343619515500088,-1.5831086937112062,1.2331026244022314,-0.2196274934339934,1.7740646738856631,0.09423162593738532,-0.44510103906634974,0.02778229985666076,-0.02464425490955301,0.04322840825000885,0.2672020463768676,0.16180742817603436,1.74835918265172,1.2390939555342673,0.9331488158707668,-0.7122673997789633,1.6888187871359257,0.0,1
-0.5530855287135734,-0.7937668674081345,-1.0729502616120146,0.001987220882256391,1.1552148197882157,0.3309218531200413,-0.6591327790160753,2.4332209642727274,0.7220420312067599,0.5649673269940194,-0.9213537868197178,-0.7777626425651892,0.03051596335868226,-0.8590676158982987,0.24104945382961604,0.18414124949749344,-0.05853613510653469,-0.6347224493432082,0.5474943237827414,-0.4007882977170785,-0.10662268440175544,0.26216944813391296,-1.2333228690025575,0.5530837083159754,1.6586973041760549,-1.7154242036601526,-1.808754307838556,0.07314826188356884,0.9825849081880462,-1.8896605022697943,-0.593773316748919,1.0576133121670621,-2.264916236024611,-0.9127193727763109,-0.3794190439222837,1.3295755573078492,-0.17240639924048545,-1.8714177466786923,-0.8979439282997329,-0.4192210693505412,-1.8345027222454409,0.3101497452431316,1.705058867839475,-0.4948307875970583,-1.3327699253757628,0.2870963854447384,-0.6317801794131737,-1.5889324555008355,-0.2560978894742426,1.0449317523854158,0.0,1
-0.4777907274950667,0.006564542307159315,0.16117074469572806,0.5615157055922677,-0.015593419534545669,-0.20140967722292585,-0.9979476387448262,-0.06855150076814402,1.8639224636700504,-0.4008295256967547,0.06804145951544062,1.7130630290388178,-1.4861013410819468,-0.5431519333710556,-0.8102841469291371,0.6758538428252864,1.9247397101469688,-0.1681168821552967,-0.13994537299472318,1.5039755922565434,-0.6304570743475931,-0.9532396637657532,-0.2404434517320925,1.4823399350465174,-0.7674227806427176,0.6016678463005408,-1.0995154730379837,-0.30048592788560763,-0.2541492504680725,2.6583830543731297,0.2593118192780132,0.4765651798827561,1.4285603177009674,0.2589487577545766,1.6676440989473318,0.5789271262844485,1.8432153801706528,-1.863256472268732,-2.4456072529270267,-0.6856979009560095,1.1596541627336594,1.2963959420533415,0.956473452396692,0.11965626955422115,-1.1776640659811073,0.4256100914506327,1.1730568745052654,0.8119257010558408,0.2758430101517431,0.4662497253130271,0.0,1
1.418455226294499,0.2603609692323164,-1.0321362248810877,0.436556364407814,0.04774711457911213,1.0760616445176403,0.1501277992789733,1.8600616437146884,-0.4477123537731469,-0.7862115690477399,1.6759785958925302,-0.29408135238910965,0.9162906351551896,2.474290724396248,1.3091525737037681,0.30008682027436434,-0.2691869151155898,0.8622747537333048,-0.2188407268165128,0.07821926928246954,0.4001265794708567,1.2021605585949755,0.09277317599890947,0.8339370222917779,0.352056332676555,1.037384213030056,-0.3243601343908252,0.3006715909700948,1.858386794272499,0.13081913421673785,0.17016310762328676,-0.16669238642302794,-0.4272544199889961,-3.391379795929663,2.044975716147316,1.033643804893189,0.8851936436215787,0.21988273057503732,0.7034179708254659,-1.4469293071996756,0.7304081578239753,-1.0062904631458347,-0.1645105327591524,0.7936093443543335,0.12593466069801634,-0.8179409079491159,-0.5793078283134476,0.5231903331165676,0.9414699128368806,-0.8446253084534188,0.0,1
0.8133065166388233,1.5986041259001966,-0.9814184273231898,-0.3774425864848985,0.08420420906726198,0.002858307341733391,0.5460231759093227,2.2533741314231537,-1.3603056233238224,2.4575824012204026,-0.5423964376269466,-0.2938019824931101,-1.6365227213310425,-0.09469439915818444,0.11610209520679513,-0.4439718261501985,-0.3605743667501071,1.4720041412453218,1.1002147886436977,0.8670791965561805,-0.2942316255173379,-0.06263408373841227,0.4378113433587589,0.8541514607445678,-0.33784116659256,-1.918416977174085,0.6674189905560519,0.3004283307005107,1.2260179746589823,0.22223916365606394,0.5438175120310316,-0.015651185119907898,-0.5863204127847537,0.6495319152515175,-0.4352225958502078,-1.4622766390812971,-0.8468749110283628,0.6963668764159763,-1.1152121176336691,2.40429763310747,1.133780200723688,1.1755505351541342,0.7441956231529233,0.4036964985563444,0.8880105089888581,0.25777037424936594,0.7201633394126531,-0.9338051619439928,-0.4523307486127449,-0.16294264648119408,0.0,1
-1.3765804732816416,0.04237994362100225,-0.4846598395279974,0.6166971047354373,-1.5758666724956027,-1.0161372642523598,-0.654782136944977,-1.1355384534834951,-2.217623087940615,-1.285048429294376,0.4623735112741336,1.558015110050604,1.3571676936327022,-0.4294784155782727,-0.6000766030641873,-1.1479511894848484,-0.5027544272137932,0.4564005444793186,1.0660187746746663,0.291329482259662,-0.1096658924110068,3.018712516296432,0.6394486406082603,1.808160525525484,-0.03669335604869138,-0.062206231379072524,1.40856382339098,1.3934206270565512,3.3718915097969715,-0.4540874604902596,-1.4813837436519386,-0.9447416154528444,0.5468156608169527,-0.33050436873242656,-0.9485348949747208,-0.5355615579799461,1.2472098985375517,0.023489095324825914,-2.250611992582647,-0.7647275963354819,-0.9419672533890612,0.4056204963125061,-1.2762769517976689,-0.587313118311938,-0.5812571773840239,0.3891931546380591,-0.035137189304098884,-1.555702331118119,1.195974361445783,0.5228723200325001,0.0,1
0.3257669568002749,0.8022883052782829,-0.2959224876675226,0.20698119024438272,-0.2396821157025049,1.145806798431858,-0.21518615701475666,-1.0364653846724416,-0.22480212889858606,-1.2593616983224245,0.3216387691542195,0.3659294300125606,1.431826372165758,1.758825187942871,1.5481893244001186,-1.0440755689707841,0.23047608898913424,0.059255932406692025,-0.14544019282774612,0.1900518349719588,0.1884035671130868,1.3850607879720969,-0.0040961731350729075,0.9035057632304828,-0.8320580988169419,1.051377289149677,0.2403720583638985,-1.0371930709795678,-0.2549105847189611,0.6064019074865432,-0.6868589075147412,0.0839251064100585,-0.5281927468051166,1.3228204220037765,-1.154659607566038,-1.0875279700660905,1.1412309409660517,0.4712880425659566,-0.11684639025721373,-0.8433966603903785,-1.2637531520299692,0.4983371502169082,1.958361786544141,-0.3646959458753706,0.2775288166932076,2.286460081228931,-2.4165160047615424,0.7140010337877059,-0.12296213219799025,0.3556742709190667,1.0,1
0.6662860467616778,0.3062307105673171,0.12994119786766298,-0.035154564186741975,0.8806104574494276,0.7355602061498376,-0.7396905119422483,0.1361945991105804,-0.21964552124877768,0.29621524884351635,-0.08763971829438287,-0.559655963364572,1.3072689655237666,-1.1552964805403447,1.3182484881701848,0.6832195150606586,-1.7496380133726428,1.7524855555106722,-0.14594762220244606,-0.8700385174296235,-2.123047112159391,-0.5424425857975343,1.4870305409585325,-0.6088619180042276,0.8948376718239195,-0.39225039274855583,0.6214097598291902,1.025340157162688,1.0400086776370725,0.6048474574507079,0.3175926475349176,0.7286795503005682,0.25825069813462176,-1.034844865692659,-0.27355305643035066,-0.8102483431699605,0.15446372964469626,1.2281401510555112,0.2881643280815344,0.2754889243641697,0.8028563724333415,-0.20474489378998686,-1.3394261344425968,0.009061239727261857,1.020920497230705,-0.23253380888702546,-0.07250364288593833,0.09737779647941386,-0.11687448832264508,0.7301945052208056,0.0,1
-1.3541938882909348,1.5070262019907772,-2.043067274289237,1.4148492108142732,0.8913201220079884,-0.5427808025707022,0.2817068761830265,-0.6331747608062175,-1.568383115238296,0.3547459186858594,0.21976569058578715,-0.43622253026767255,-2.4504293555779952,0.06266237619380621,-0.9908043974629036,-0.7644717088933151,-0.3471411165537709,-0.2775888877139123,-1.7151216773475766,-0.03276624620109097,-0.43524412693570813,1.213759277898348,0.05418518514019895,2.3653953066908158,0.3916539665322124,0.8687441282686622,-0.9344802064568491,0.010654258862020349,0.5992381423053386,0.7788282638479561,0.747014333915115,-0.8705562366042942,-0.025469302458378883,0.2927438902368185,0.5578259991879713,-0.14987276251638226,0.24650300332069106,-3.28476256070358,-2.9006234319531377,-0.12834777528950206,1.0526419961759683,0.8178982777791785,1.911768255199244,0.15939473584419894,-1.9570887931235676,-0.4908340125961366,0.7645104856887834,0.6593021032461138,-0.0531393720926523,-0.9326170072115932,0.0,1
1.7782457962363187,1.8214255732873572,-1.161124966995651,0.7203457941604977,-0.19447565536383565,1.4142249840001515,1.264396348861044,-0.7956542073457376,-1.3205042198377146,0.3541554506649933,0.5274307032672476,-1.0212670412774618,-1.8522360805046705,0.15255285946474334,0.08711380596486047,0.967212663082331,-1.7946871003441545,0.08067883474020035,0.014170352317965788,0.35558084098116577,0.26613248453943233,-0.09266867604874914,-1.4236638854737602,-1.0062000700975802,0.0962672707572889,0.2154168211209081,0.4154653555157561,-0.8765234524703472,0.08662937518483924,-0.7426253765918288,-0.4464106582263167,-1.8955582288899169,0.8179019873457579,-0.12836582528025614,-0.17849645688364746,-1.5013815127704566,-0.10617688090288732,-0.03137127929957307,-0.8898816810615653,-1.05236068084341,-0.78981583224132,-0.2453365875051296,0.2790877769139556,-2.9481510350550817,-0.3620625560991778,-0.14445823614309605,0.794078207190888,-1.2831645836913403,-1.0182679298932358,0.7221166886976639,0.0,1
0.228384012749501,0.5648069614994111,0.2922061444977675,-1.5914364454768268,-0.9792057162690913,1.091542054356756,-1.6352334991115829,-1.58491172342077,-1.9454877659282932,0.5981253979312047,0.7406942065960662,0.3660088612153752,-0.7687417478887499,-1.1498723760879808,-0.3002696613627507,-0.7490816109062809,-0.7920043834342995,-0.6158519036660163,-2.7304754230268093,-1.0175146499652643,-0.7063344280094283,1.0793204660117597,0.32857661900459645,-0.3809951291710933,-0.9406884649216624,-0.8422375273008751,-1.0834233320081266,-0.4941677496070409,-0.3329028050221061,0.2142715203445816,-0.13141721015917196,-0.1274889460208713,1.2443974968463205,1.7753217612568877,-2.575291810201194,0.09366868400901593,0.4035451364210215,0.6555912183892758,-0.3817775840373123,1.0933352915801966,-1.896816125460548,-1.1066135306500853,1.5131812029466754,0.14185168410951202,-0.4539218696394661,-0.0818015139818591,0.5417853796989924,0.5384181705012223,-0.08662155247759548,0.7109043386650385,0.0,0
2.0692650578430145,-1.0379521581739664,-1.0820852203388676,-0.5875324966039888,-0.6379778866901642,-0.15766742813626095,0.15406652657394082,1.3447775417472418,-0.9896718993299134,-0.22117326192732414,0.8671300551777319,0.2634454974615014,-0.913010108905465,1.0876732832556115,0.7549109162736508,0.053012942679379865,0.1598239570539585,1.8627760971808316,1.1675135873775695,-0.9344606362487704,0.08605315360194847,2.2609554801659217,-0.4423888320564129,-0.3571426706222339,1.2681643678480254,-0.480243903820998,0.6477875563327516,0.2936237837595971,-0.03456147348861486,-1.513972680707398,0.19822839196443826,-0.22913357841972706,0.6286728610814746,0.3915552768680664,0.03699724902146507,-0.21149520978583225,0.15287360010189313,-1.1243537302266922,-0.8329378189003637,0.3277953754784408,-1.307057655368728,-0.7788902027059362,0.17641280455185449,0.03867118697474254,1.7864053876979256,1.320973971287384,0.7142103395160017,1.3377807668119113,1.3140938804424502,-0.3628834548907639,0.0,1
-1.5382185547037586,-1.2859372453610964,0.3756508046050708,-0.009516335503943577,-0.29093296081982234,0.10505760351264724,-1.2643083722624706,1.014123600203738,1.6174652199106871,-0.4954992799574021,-2.2700456606108768,0.7642435380186559,0.4531735592801252,-0.16795457033001665,0.65789168093431,-0.11930041898882893,0.7424860063643071,-2.4757227641945954,-1.7072392993111116,1.0925495118184017,-0.08163177578357086,1.7612188003901836,-1.0448925113064385,0.4775956517603704,0.10849525471084416,-0.060718840737418636,0.055504975471266975,0.4095896160475285,0.2549125996840316,0.6236630938079692,-0.2531863409128471,0.5788874319717285,0.012003628445585592,0.6943840814194095,1.0968183040313608,0.14531801923049278,2.228432054707898,-1.6009498365736532,-0.232376015511558,-0.3475136125087395,-0.030763647086304517,1.1345013283273953,2.562680550834308,-0.9660518168466784,-0.2561925259575675,-1.1800224578757097,-1.4846608801792245,-0.8547033658463506,-1.3214747256786852,1.5839771696686045,0.0,0
-0.578083602515103,-0.09206838690767814,-0.47812038916055205,3.5238063673629667,0.6087386094402418,0.39276437513302737,1.3706201666122415,0.2341368936095241,-0.8448480794177929,1.6810405957244083,-0.16865394264567954,-0.4530723992600176,0.6997234401170066,0.17858354980870328,0.7206808356817181,0.08825037763582648,0.13952996426036074,-0.04334228069676445,-1.3996376534299348,-0.1453083367657025,0.9393476859348818,0.12259155541940266,1.5386084711425192,1.9972949811227667,0.033416368807519845,0.8122601347665177,-1.7157015721887168,0.5069141012981402,1.0726163570750094,-0.3800944040400401,1.085516901314742,0.06475438799347788,-1.1360674314875638,-0.9131826998880892,0.10730301723554277,-1.8397837167965672,-0.4059315998924934,-1.0313884404215892,-1.5964983641270605,-1.285243798382853,-0.5674145184096726,1.190386747357852,0.2196997015177922,2.185795536107164,-1.1626063022457989,-0.6372025305634431,0.5816348623691644,-1.4936473854150918,-1.8093891634549688,0.2463657589846749,0.0,0
-2.752849484254324,-0.1897343138245875,-2.429623983286436,-1.7909576411884989,-0.02811605165395583,1.8530060746695205,-0.8473723851821479,0.3826110589665124,0.8807074313596159,-0.1351286713010456,-1.2023021899667032,0.5295951701472056,0.9448013968911692,0.9692990994749824,0.373327198531816,-1.3924200408417604,-1.6132904802864143,0.6697167716568708,-0.32406377435236705,-0.6295692295311324,-1.9011144689114288,-0.4583027168797419,1.3508463107112518,0.630408856869889,-0.3963517593418732,-0.03936054095940186,-2.5071473834126947,0.09790538458242344,0.5222892281632985,-0.10828607626296324,0.8514336163435259,1.4313786467238228,-1.803930489062212,-0.10010395167889832,1.3588823247243047,-0.6343307316183635,-1.7716774306805203,-1.1883712566461808,-0.5510791256659792,1.3086844630739127,0.3988527652100696,0.5658862395701287,1.5949580855885337,-0.21655389567055136,-2.0098377129079474,0.2138185430121072,0.9098586857088644,0.7915903196571099,-0.8081514397664561,0.8352543125334031,0.0,1
0.4621297940632245,0.018884956376067415,0.026714482428120318,-0.10392858570202593,-0.8220986953774612,0.28254322201783644,0.10194350001302636,-0.5987074124525826,0.14588232608922014,-0.09786286860715908,-0.7559639267404659,-0.03746633307522496,1.5680214688791634,1.0610745149906262,-0.4355980685726785,-0.13481720660515925,0.4443820183491065,1.853520355449144,0.6182861374881655,-1.0080548789298491,0.5689983494377503,0.3862560951437732,0.8188061680999399,-0.7203950712627141,0.3847707755926936,-1.1624957555301845,0.37744701324771773,0.20498319902964696,0.03432225383288249,1.7332267153615892,-0.6317224734822748,0.4603812795338619,-1.6725159837173176,1.2739695800937696,0.2374287487149937,-1.5870823850617966,-0.20604666597413185,0.25542353092199543,2.801146961099984,0.03555125386791624,0.862821880593907,-1.0447295666698468,0.9636484669836451,0.011946742341223938,-0.14805605776316774,0.2844128643355992,0.38146703597033976,-0.6473064360011055,-1.6852945445736789,-1.9618507848339088,0.0,1
0.9910511410570408,-0.20445095425535828,0.22838459560543736,2.1005497697520297,-1.1002143652639802,-1.8185727377134768,-0.4511328989872419,-0.4002522584429302,-1.6526476169981357,-2.4443302066708954,-0.3800797127728879,1.0052155801452178,-0.5579907247539793,-0.8237653048734883,0.018592020871936597,0.5344646873667187,1.435543252230029,0.873692905409018,-0.8737725798984007,0.4872551806451187,-0.09310244883979672,-1.7959707830274956,-0.2328347445674281,1.247788892432343,-0.7132421776699757,0.9838437424438872,-0.7268366091451516,0.7686881491771128,-0.6756320945706328,-1.4158530697515401,0.8545735456304651,1.1047909451101183,0.15491223847247873,0.3646566776880208,0.2919758892135416,1.773239995404931,0.8468805535189331,0.0047387222154934424,1.9925082757132704,1.0756974822233665,-0.5844125990816911,-0.4319054902896818,0.6353451416309736,0.9578327117573132,-1.9129694050330481,0.8380424019455639,-1.9275625000009051,0.22857643661121105,0.7774829040279803,0.6314365303524047,1.0,1
0.7442574894420797,-0.32730290897827485,0.8657483636228819,-0.8867053426065999,-0.24651864000792034,-0.3980478423787839,0.02557634176242516,0.08834573198311671,1.1813320974866093,1.833430828771468,1.2982079438862248,1.1002619930919653,0.8240388713338775,0.3189929294331894,-0.7141263017411911,-1.6523129345241363,1.6922037168233577,0.3398409723663535,-0.6064857897412497,0.5277831494563935,-0.18182245624834253,-0.8214206825976318,1.8939571806378532,-2.3380559171943363,2.28816515556738,0.10930471569188313,-0.7698941810127662,0.6739421495431104,0.9875184507633372,-1.5018241895636262,1.2160419931261612,0.4525072354353316,0.3164825258912269,0.4348195213927243,-1.2738980354078189,0.3834569086825851,0.2917413936850711,0.7026348908215257,-2.3990409050398367,0.593554826051234,0.12652782602020765,1.412949044324424,-0.4898149506562271,1.6995875143028916,0.33756267325792005,-1.245754045861161,-0.33215466341094746,0.8158771263012423,-0.06061241167139408,0.5766367505898147,0.0,1
-0.3828788229235502,-0.12540152765296525,-0.8732263368150773,-1.9360866579701963,-1.4846821261582532,0.10117142715821607,-0.8568909266516329,-0.4885297761374834,0.8435273544496371,-0.08877238421257526,0.7392369202325837,-0.569934038374225,-1.357015573081972,0.5448288714176022,0.4613657766232026,-1.1719362786267424,0.2812287464001559,-1.175493164852165,-0.08094978161064208,0.8044146978035368,-0.1170875228993092,-1.067451814469876,1.0574551631128868,-0.6590967290497562,-1.058154770085313,-1.2855578109889576,0.11394709369088005,0.60562397182635,-0.3133178049674932,-2.1783420267642306,0.11928868709566387,-0.9984315021694159,0.24269091962213435,-0.27763665770610274,0.2644393821808205,0.9797038841937421,-1.2368010927226545,0.13488809074634014,-0.1332091444237873,-2.433852348169576,-1.5513527723747842,-0.7920444247931469,0.3768841179821588,-1.2683377449119009,-1.3581386952103964,-0.9867567599115692,2.119322600942785,-1.123305683773834,0.18213742158455246,0.8542394740605957,1.0,1
-1.0831447191853716,1.3104431034811816,1.0087003431373696,0.8045171268412676,0.6677315824267946,-0.30488129789011137,0.9420789934827036,-1.4794605163696297,-0.9625741412786976,2.8329931433110462,0.6927427068223462,-1.0589998971354824,-0.6283914524628554,-2.554526661259757,0.4519938070434085,-0.5117210195515847,0.480687446387213,-1.2936386010830343,0.405789077190183,0.5470368647206214,-0.30145029021445696,-0.10596681900369892,0.7631354404497509,-3.605911329826041,0.8683075467304674,-1.2619583907241594,-0.8892994252481554,0.3862757278488515,-1.6111714015287633,-1.0724435100061729,-1.4212366596159507,-0.972521553761117,1.4434161806345422,-0.06035038651936665,-1.0952794355394555,-0.879557539990643,-1.103562257551166,1.002062888277675,0.9382657033974829,-1.346615949969239,-0.5126331100104099,-2.116567231892017,0.3299222509915817,-0.8698333332362417,0.3701879233361601,-0.03921987978042983,-0.6830892779881141,-0.08999778424809839,-0.18318855314996968,0.06920453225335849,1.0,1
0.1416021523135291,-0.5499474402632397,1.1342932727722328,0.7915424745955475,-0.03539082691900318,-0.19502139279623024,-1.0381882803775495,0.44388096113429387,0.9606600306324522,-0.43036345313260294,1.6967733369846894,0.5750677429830575,-0.5250033966605889,-1.731877986185952,-0.3810838715096074,-0.571725467249187,-0.7826068534484084,0.4386878617862437,0.15419257992832106,-0.33454544893633353,0.13091785450295976,0.32752303788400644,0.3234199480000669,0.40308765199171576,0.9425657682515493,-0.2168969868322948,-0.01300927891590564,-0.204632348434312,0.5922049837211271,-1.4927634698784868,-0.6790165573277347,0.4714419484291411,-0.22526817933800625,0.4683149017566986,0.2569219867547813,-1.7524224409057496,-0.002983406984425503,-0.7215001359409494,-1.3424787336074195,2.7237692162839258,-1.2119655678154837,-0.8887661568691401,-0.1832084491106737,-0.19023789937284455,-0.1797363195407225,-0.021609424694862104,-0.6743068464115805,-1.4495716735510311,0.1230977319021158,0.9951413749291609,0.0,1
-1.1089246671386723,0.1517305062811874,-0.8717213742102675,-0.4499062965867576,2.4943928794870107,0.363914297276004,-1.2649868594258495,-1.8362653785388303,-0.8920642619751554,0.9059553775482792,-1.1888999240715057,0.6334430551520571,-0.19909069559359927,0.6510009120584407,0.7507399813363602,0.09500707796335828,0.3095709537444338,0.017098161434134018,-0.1726558808820547,-0.07540204124988611,0.5563731014927727,-0.07890989156594284,-0.26536142169901755,-2.663815295571456,1.0330016404179097,0.99743973631005,-0.22232279951236145,-0.9623862750595972,-0.7635600254258683,0.8370646636338741,-0.5113700836930675,-1.9056837136686933,0.5703156323805688,0.4521543152129735,0.3046702351878412,-0.645755319888959,-1.320504451699818,0.28972667984054923,-0.04960141668600542,-0.4791366286501274,0.5141383548804994,1.44727100600499,-0.5000411747938351,-0.08430477112363434,-1.7175241995504678,0.5905362351048881,0.6854694420602776,-0.9770229157133752,2.105310033491543,-1.6210868523580748,0.0,0
0.7841800193017804,-1.0265189507207433,1.6348874687286592,-0.3337181923429329,0.19779980705064265,0.646685856161742,-0.6287403610423288,-0.3856314317882114,0.4634906038126554,0.2719484188907708,-0.3163472299054047,-2.1929456823362976,-0.9620785574928922,-1.063991851373148,-0.5029387701014557,0.2138528393716692,-1.2109510414165832,0.4109179385379124,1.092848914684322,-1.7130236984892913,-0.8053805843914389,-1.6849786712769768,1.0229329992790237,0.254079446671319,0.8101818544258526,-1.982147091025669,0.6479934656859964,-0.5209529377876816,-0.6884718398327503,0.33817711226340985,0.7580891339232322,-0.5488172382906694,-1.9009962618352751,0.9059805623825896,3.3029383364285594,0.022733920251597043,-1.5493907079296758,1.3734526020040951,-0.4895265962199614,-1.6406820212050768,-1.6751248625841118,0.044601931171719324,-1.1086645384370886,0.4194235149238523,0.3261596448752757,1.1259939259266825,0.42589813071015453,-1.3832950187871793,0.6605862393170646,0.8871177848619405,0.0,0
0.02360627461136353,0.08939326296388696,-1.1361945076323932,-1.5545110174640973,0.30625301572314106,-1.291862187264813,0.37437513021212937,-0.6047453963565492,-0.7806407827131662,0.13032767601390985,-1.252707048469803,-0.7354518197839056,1.6498162550409496,-0.7411686430371297,1.4178385028114509,0.3801699876427982,0.7517128055291638,-0.6257839941479664,-0.8854083245866343,-0.09922233658467003,0.5246917458797781,-1.0431856994501598,0.4066100437138574,-0.41540463879698464,0.9099316604515794,-1.1734339921953019,0.6457391356680782,0.7704828751736538,-0.4961997031143925,-0.7627369384555588,1.7919770695560455,-0.33925860931100577,-0.9267715687800532,-1.065026573283726,1.0033076515736523,0.7611829658123896,1.4328340174200818,0.06324865840461355,0.1367722287992608,1.7882172008779176,0.22697861481584697,-0.28707371899992523,-0.7347448266834575,0.6131347047705258,-0.13457053539963268,-1.4584810854411894,-0.7744080489410079,-0.4409814686516877,-1.7867689839972476,0.8257273967032625,0.0,0
-0.28663503474799035,-0.17902770965819245,1.5335394981776955,0.9054917641049116,-0.2286781262457589,-0.38376682499653536,-0.274793473724953,0.20584037698049534,-0.21746422700280127,1.2153376715238575,-1.2401996614412911,-0.9081569227423424,-0.5698149125323696,-0.061266851378079634,0.5070012851733545,-0.4280386569969603,-1.8146583718301967,-0.08462389027330725,-1.3188928756350586,0.03004666305778901,-0.9684888688790044,-0.06526698671141784,0.2621183853309139,0.3044257882873469,1.3583198911582721,-0.2955280771536071,0.0766236578445145,1.1005579326017976,-2.5860244736089597,0.6196416112460483,0.041767131198299313,-0.08886116932841308,-1.4048348257713883,0.01834643711462608,-2.2330118543639577,-0.2573571783704475,-0.5301642503649142,-0.6106711368666173,-1.6948389640937922,-0.6731118981615489,0.04194972723027695,0.7256635483666938,1.4393504770405634,-0.5091069579826983,0.08269580364556585,1.3076395797059253,0.21043060116130827,-0.11333626665416732,-2.483376592772999,-0.7379912075974301,0.0,0
1.0594888827620723,-0.364788179565233,-0.36610445124783264,1.0580953831604991,-0.1079512007216167,0.05331873357733299,0.05652066271365797,-0.23800108058195946,-0.1169322820150044,0.3511343053769552,0.9438788305952082,0.3273397732485074,0.5176102724863803,-0.4800397733675166,0.9040717350201254,0.6028993062178987,-1.2549723885964554,-0.1604941816340597,-0.12430640859609428,1.3195136868581308,0.7498621426409123,-0.2266723270323817,-1.3507892053833768,0.3456157009402567,1.178513155303419,-2.1895939855760225,-1.3153298783579046,-0.7919538196199492,-0.21367197306229893,-0.5741185682913639,-0.25608973537152513,0.7557538745043807,0.6860661565808119,1.4717164838449834,0.8023432110289298,0.8481448592763763,-0.5846387682397027,0.035525512264204015,0.0833259364487878,-1.595355207183718,0.22943157131089895,0.3640826554804392,0.15547118093345913,-0.5599941140463853,0.9076351765512832,0.29148410594464114,-0.008915989672622086,0.16859898758116848,-1.3213685558864332,1.4804417122034188,1.0,1
0.6327941132450569,-0.2608195489497588,-1.6213010779915131,-0.08709368849312471,-0.2110708119830325,0.6514114244009459,2.0471566464080886,-1.1757868781862195,-1.093055328617247,-1.6545937193774187,-0.2864428676120652,0.6383546788341422,1.7121006707080424,-2.898813711932128,-1.2714958842555322,-0.306892569542126,-0.7922642892134962,1.080375936832861,0.04498770291934142,-0.015747099027745726,-0.8629604888697796,-0.012653058144173515,-0.3264986033364953,-0.5487988705166698,-2.484988316881672,-0.3719294108732581,-0.0131014638903165,0.7179575305145417,0.4653293294138352,0.7967819192658909,-1.944498436628329,-1.2455778086064675,-0.04382919713379962,-1.19211573083529,-0.7062312977790067,-0.10887221430275658,0.4598849447826456,-0.8710868906726381,1.76561006600162,-0.6077213594744985,0.6852261584663116,-0.6298936298009176,0.13026805268303066,-0.17298486508506491,-0.17648929460460444,0.24785925575186116,0.9132176212335896,-0.5542416820042029,0.9187969198351515,2.109072159076446,0.0,1
0.14653179175066988,-0.180624054844012,1.2416901185460951,-0.7300991106595441,1.1509691945202265,-1.2544437340666117,0.4080282394649665,0.1421103863584154,0.5645407157945718,0.025032672633232663,-0.7918455786500256,-0.8437183515570241,-0.11981373445773548,0.9533152153744388,-0.05672052759971151,0.0886577914488704,-2.3232879243981106,0.6441597287678571,-0.5086612314164067,-0.4424568844044868,1.80168222534928,0.2777962213052671,1.4930165259365324,-1.9942036819945528,-0.5903296772805807,1.7640726015949175,-0.20466800288514428,-2.090860128330484,1.0527830446150386,0.632432979503906,0.5932929160709647,-0.9216692144154578,0.4724118951351902,-1.4093442118288544,-0.28816384555442043,-1.9464537630749736,-1.9189319017092952,0.3657026655565808,1.065233431213512,0.2270527138839967,-0.5854516954037029,1.326553686215339,-1.244498351540843,-0.9990374506869516,-1.503261174231692,-0.43284397190235946,0.0659517750628586,1.6332378436808026,-0.4474408360127668,0.2968149587676271,0.0,0
1.2130413279926775,1.1960909993113296,-0.2688914897907785,-0.6208452733173202,-0.10437557718419352,-0.7341113868711842,-0.2532251445249433,1.049215140249921,2.069394205963379,-0.9829779682992059,-0.5598196665714575,-1.7957419186908532,0.5346683761349397,0.4269358849700767,2.9328099112178214,-0.3346688805164062,0.7377211573589854,-1.3866054988300474,-0.2573789918048745,0.2260046682230017,0.5980138736214039,0.9057821622415898,-0.5499688591625137,0.3659888629200507,0.3468236365118777,1.5177223105565492,-0.22139913314229068,-0.8378403553479912,-0.5808923934624766,0.9294981246453721,0.1527558235114643,-0.23989506132561095,-1.0371670778449542,1.8340000454066865,-1.259963319026311,0.3547755035135548,0.06416476336613351,-0.7421233772863767,0.4160204677536376,1.0455871096261444,-0.4909253992159941,0.8697837372476551,1.3025847509164106,1.3815133497091197,-0.1484513850090074,-0.7178342344256742,1.2663598178514317,-0.6417031989118747,-0.7343928047147663,-0.8695919489026833,0.0,1
1.0678399175740154,-0.2829450525970825,-0.08120257772234674,-0.029625766135049664,1.427744820725247,0.8738142472207158,0.7615195765062455,1.512806495262289,-0.9597741082716332,-1.4056971206279316,1.8636616195712787,0.6225586916014079,-1.19107072077623,0.00935393950142681,-2.1212875993809845,1.8336170052406315,-0.14739672396630227,0.10983005516072293,-0.2714927265383644,2.3716790230984133,-0.8895742088446795,-0.5100969803812828,0.8740614365772659,0.2640657502341423,0.8911809759627265,0.602675977201666,-0.7571873920105673,0.6952214503234975,-0.0296476689591433,0.4151315927579836,1.2147622751279872,-1.6682183790528418,0.407620489942964,0.7074439181919101,1.5977359840367336,-0.554305509650428,-0.9648782746804944,-2.68113493068672,1.6294737135483368,0.04463581467348338,-0.3393456734166489,-1.5513195840415317,-0.3963233708138335,1.8678075510146408,-1.0364829138802434,-1.5434867408169533,-0.16499317693323165,1.5451565833532004,0.6610519170203796,1.085351894397957,0.0,0
0.4534058075621349,-0.07569182545184662,-1.0479978897665558,0.6254174231273559,-0.3763892773817472,-1.8861401112427576,0.337143286077408,0.008598292729111986,0.3258798895262084,-0.5316617847774878,-0.1117502820499577,-0.2023052980405416,-0.033815093114511585,0.7989082203046753,-0.035991080242212134,1.0279806728784566,1.512512949385769,-0.11621745748302237,0.7596455034067481,0.14050356442989034,0.4415033527001073,-1.2370734018092413,-0.5568492465589577,0.10649511400966603,0.6884827352614246,0.09309352463901374,-2.1386378417226792,-0.5496077865157339,0.3868327241052656,-0.9603005484713992,-0.5569709002861962,-0.5079430787936129,0.33075850868280426,0.8654922700574559,1.5363898617073186,1.5685375762772769,0.9319511091446452,0.3971505632801311,-1.130217087469115,-1.544389098598719,0.4581031095215215,-0.015681872500794534,-0.3839656317508274,0.11398540874427672,-0.13139247969075182,-1.7462525106269844,0.7524858452109692,1.4728318627433177,1.8566664466312788,1.2473380114379835,0.0,0
-1.1827210410607842,1.4504498405937092,-0.2437553492597733,0.1167120379150414,-0.019943038146300558,-0.1698331348347803,-0.6764821614857361,-1.4696039603248106,-0.7224507478009281,0.8952345730233491,1.6147526043588,0.8843487893020271,0.9995661975344796,1.241635085528948,-0.6474528902710993,-1.1197382540495815,-1.1982160944092335,0.5831066953656568,2.37983492771794,0.28496725200247713,-0.3125157938690093,0.8421768302972472,-0.15416031757146992,0.6346382719831691,0.5332736895927791,-1.083641911531292,0.18138093080643425,-0.2410039326664591,-0.18701736819759812,1.8472280574776272,0.3869092166220472,-1.3969884032042277,-0.2841065126079525,-2.164021089767621,1.5721367831910853,-0.159543101163349,0.7560194275444517,1.4267004474789238,0.3412959508488516,1.0116589624836017,-2.7935763481470794,0.9961622440846462,0.7933108594285593,1.5185227568211277,0.7532615824426813,-0.5819019640318326,0.2882242175585064,0.34360149851209937,0.44598900543808295,-0.2978315899596144,0.0,0
-0.03560688635403733,-0.22661280635634914,-0.5579506410635899,0.6434438554709853,-1.152715943210887,2.097127856960388,1.0253143711538928,0.0470687405657695,-0.17775170949131516,-0.5876644442265955,0.3503271414447225,-0.1804800474443952,0.5879865149694739,-1.2069672692451179,-1.923323625248756,-0.2314862364918309,-1.0171237285438737,-0.4999292804932373,1.2522872173706077,0.7583552575082644,1.6108321344072332,-1.144772987920318,-0.8176358982120363,0.9731418384109398,-0.3279409017624217,0.3681855734238209,-1.072239260056329,-0.918336636823616,-0.15231069466808106,-1.0175759641217499,0.36692813092584536,-0.1848005182948216,-0.7886676263561524,-0.9439224577196758,0.8961960158495976,-1.9548575986659589,-1.5890857128560096,0.6293125316431543,-0.47852068844543605,0.6445326096687616,0.8610820708416315,0.4342407174396392,1.2406293215817807,0.04348121328243373,1.182980925858215,-1.0251752028318128,1.082310828840272,-0.8315085860949559,-1.3933398221459128,-1.0635034790377758,0.0,0
0.7107311180937314,-0.3358714988030613,-0.521960497452412,0.7169846306519572,1.1457542935170948,-0.7687095592304478,1.0347153141092236,-0.001395038008040559,-1.305032009974035,0.6410506833599141,-0.6558479240947082,-0.904727481375072,0.8712981691139835,-0.14291699166021912,-1.7400517782380571,-0.6243017806223358,-2.693408158266188,0.1942092538287041,-2.4558050376276417,-0.3778499109171944,0.17907400191542214,0.266904216265601,0.3681543325641247,1.006329390483932,0.13909540898285674,-0.4172964400651422,-1.0459799874007465,-1.7921330866054477,0.5902066863033038,0.2952932119729566,-1.2036615205227943,-0.2546287335734697,-1.0768901899722183,0.012955973838059005,1.7571596036726789,-0.7007285230160211,-0.538801619225861,-0.9873033105751516,1.2453182908731082,-1.0010624101647745,0.2620673543290829,0.12003058085886073,-1.9045054146288647,-1.0130573080882097,1.1942069904706376,-0.02925101599664013,-0.31424986985470194,0.6541017682375494,0.5347353808942797,0.2828741857157361,0.0,0
0.7105615403097495,1.1202555121275348,0.314769202063814,1.811557266530262,-0.4903425779463645,1.4216286531616429,1.06167657361241,-1.3983445847550806,-0.4676526559338247,-0.21493161277232464,1.8779329692752615,0.14409756536057944,-1.2486564373460591,-0.9590911018359808,1.8392634556742795,-1.8631039635854565,1.1959861908516136,0.18131095637376535,-0.5239935268181024,1.2008041443268032,-0.6189386734112595,-0.7911473379186966,-1.4074952188049534,0.5798056644511331,0.2467032390054549,-0.43240360530990457,1.0036838660260554,-0.7807508725510462,-0.30517345738804025,-0.6026685952407205,0.4013890141987151,-2.3328281346673543,-0.8690276631395218,0.5941842845246678,-1.40347127456625,1.050089286065283,0.7678255092273722,0.17708476127522832,-1.7172740589591668,0.8413174404423758,-0.7741109794563656,0.35028206769714204,1.3363529727390941,0.9228054487515034,1.6251240514091618,-1.1337990861559366,-0.07995381737942289,0.022503494867992527,0.8761307865240024,-0.7684228875978186,0.0,0
-0.9244255591788488,-0.4573727764831537,-1.3205817579421362,-0.5593495710975953,1.866423108575716,-1.9786964683399852,-0.29761451565879216,0.15363120683280598,-0.2970379040225088,0.9657041805884066,0.6534455565088011,0.02478547967221749,0.5878605250064424,1.559282780633264,0.8429940646977514,-0.5383822658144574,-0.40443965365481305,0.9541341653374956,0.8205513989813531,0.3051557986923959,-1.235898181446489,0.8322165369671238,0.3821715309027744,-0.7329782789169657,0.5060597119402284,-0.26025985033982585,0.7042722073288928,-0.8209742936536496,-0.17555505803176846,1.109713406811062,0.09184128043898436,-0.1949102040102756,-0.3650204422271794,-0.3019886922345698,2.1485407196076767,0.4070040619404339,0.965273867993668,-1.6574539291046313,0.13801112473623162,-1.0528659059590828,1.2398001358090165,0.4913904809579329,-0.44164583219243947,0.43972648022329264,0.19051316341676985,1.4328130401888604,-0.07811423698295766,-0.731968430236827,-0.5819114296145883,0.7120251789813915,0.0,1
0.33987587798276964,-0.12691215137983247,2.5637126041423017,-0.4440385668484829,0.4407031094838613,0.9451637923750584,0.3881991411226535,1.7713981678924218,2.1984984726586894,-1.1859822147382455,-1.1009233184128322,0.14913640542877046,-0.5774822173258712,0.4463795443503166,0.2614015227762315,-1.129280566132536,-0.2632345075450839,-0.5991618163870966,0.7956804595491315,-0.06718223670590281,2.1119177481751,-0.2718243186310127,-0.5129429788265075,0.7438086791739237,0.7401160123235302,-1.1710716667741998,-2.569310306240736,-0.04280993810266366,-1.8055498091763549,0.5047569273945682,-0.7011795229495277,1.144652140059688,1.3127089897558872,0.22294842350397973,0.7339206664119015,2.3641226534498587,-0.08921855228266172,-0.16084160695825153,0.1964782108082265,-0.2182800801491068,0.39270432595138455,-1.4852576489427345,1.3834368123515055,-2.047780057029379,-0.6541642990997499,-0.06907278952750287,0.3349069549763123,-0.28560535629166905,1.0761947846814544,-0.4720217142168043,0.0,1
-0.2746231500515525,0.7177034454658725,2.0517957740685056,-0.08727433459321926,-0.4354358214975102,0.4751910572268594,0.5122988235561142,0.6694491992120648,0.8568126150724708,-0.6674268755945629,0.03428409298142705,-0.42411263589822457,0.46399118781906,-1.5812215736295936,-1.1110936060803425,0.19469876207477202,-0.6552850830667404,1.5633656580559825,-0.5202573058246744,-0.19303963980922093,0.17859359039139408,2.0320587617824546,-0.01552970414676317,0.5576184325633022,-0.901658690500657,0.3159617183809571,-0.10013013779150656,0.06705075101458248,1.5470935592491115,0.5211685821985428,0.8088699041124401,1.2132075221807703,-0.002531981163339537,0.4028444263542452,-0.7016625811798876,-0.5652798271132837,-0.9113296726958684,-0.012000533127931309,-0.2240026474753393,-0.5130026093452831,-0.1312782215642305,0.6399822100599195,0.25322846042569136,-1.3563813816570465,0.15285197262709627,-0.8582171866308724,0.28109462954343034,0.7772829508607484,0.1275945794842869,-1.914802859342681,0.0,1
-1.1146194296935013,-0.6360189237230305,1.0366137111389773,0.4097624009272817,-0.057298621200450574,-0.4175953353608699,-0.9989677621985216,-1.8892824336197669,-0.31654387474206125,-0.940690263905594,-1.4341254766499172,-0.22403268753064595,0.08750913461852132,-0.9120690273040925,-0.8786561490549345,0.05732344619629374,0.06627226472543317,-0.42093249858606413,1.1445030815285662,-0.19615434927560832,-1.5204405850295153,-1.4609946860865377,-1.2315230317374275,-0.9128075663941452,-0.08772267489913743,-0.4412509965234806,-0.41580578041527216,-0.7195146696117752,-0.34715286619400404,0.9624310277915016,1.65812499111596,0.18712770251912195,0.4879042839250476,-0.17985121368794668,-2.3232274971225717,1.5346434243133094,-0.7563686141903687,-0.35612484180930165,-0.6862411021595639,0.19274106356171436,0.38859128561079537,-1.1149032512105594,-0.3498264593601089,0.1927521882402112,-0.4324318617221649,1.167458363184482,-0.3485250637987287,-0.09074912949382982,0.18836877540419367,-0.6058432661959727,0.0,1
-0.6833355140594747,-0.9241596788941984,-1.2132202498465765,0.6069683220728751,0.09285060019684538,-2.009268425198578,-1.7169401760887997,-0.19076433032954654,0.019364770919594432,-0.2593213070327604,0.4904307113412469,-0.7343620328304599,-1.3223279520485391,-1.5681888084396982,-0.31702171629253106,-0.6994825971085874,0.2934871001067533,-0.01622140416224078,-1.7525244216111455,-0.7682005814060596,0.08346831583658297,1.311433100819854,-0.4082913532245809,-0.8304778623595044,0.07154086443126663,1.7879589142587424,0.2678888465259456,-1.5741422649903216,0.039291807090465015,-1.040883946494521,-0.9725921264744002,-0.0326972097134029,-0.7794761260720369,-1.3214493801074492,0.22017576114966925,-1.6671938046106518,-1.311133030761388,0.2237340015277444,1.3029858901213702,0.3942535306496105,0.4933442009690428,-1.8101957753631104,-0.4024386967802835,0.36793001150168025,2.9659671949881363,0.4032060205141044,-0.7105252748979518,1.001865660383949,0.3737159747536776,0.18045204526080405,0.0,1
0.5177381624468641,0.8790151562259064,1.299456146612138,-0.03327044342700708,-1.405113195881826,0.5882110993590336,0.8234901639039209,0.2764994111641038,-1.8382348608761108,-0.7800947132434678,0.6525729572397605,0.7836435872638404,-1.1748416477115662,1.756734086093091,0.4810640064287917,-0.21505555424591768,0.7355721294907209,-0.9892165589791284,0.992021265625898,-0.35127479812810514,-1.601522046863532,0.5514494871044794,1.0530241174290782,1.0290492280305386,1.3893689187516003,-3.3535462318325324,0.37258967419637773,-0.5508574632834352,-1.8648059343673071,-0.3838538056312947,1.5862488683800993,0.8539853414980737,1.4484462252364645,-0.506577638514876,-0.6473061605389607,-0.8999582573464787,-1.7155861046357654,-1.566825825669948,-0.7185342797511579,0.9257711445688376,0.0768327399488474,0.1284234721596844,-0.6072438681640773,0.3692707299287672,-0.8616561654460655,0.2588843802762191,1.4659080453115465,0.22198090459651454,0.03465742158760843,-0.5346956262155395,0.0,0
0.9339854421550968,-0.4973482050674339,-2.060920404684186,-0.5685616941381771,0.5233682128639862,0.06953158069264298,0.09195064521829098,1.3099824030966591,1.3420690336631838,0.31885121052934284,-0.4165724720396736,0.4194008598745053,1.4497634426935837,-1.3470802455541977,1.5058649484125115,-0.5391895379469694,-0.8952956707743245,2.4367740088651435,1.9532262793904385,0.013402208233730973,1.0011784152109742,-0.18475548153114524,0.6770717501686203,0.4273893835762258,0.2697316918914544,-0.2157582905807976,1.2121832774728647,0.32994682580452045,-1.2386936767707228,0.4300443192073235,1.8888927939483344,0.239787390451256,0.1351665559005322,-0.9890537060718272,-0.6137122083474427,-1.4829392330249644,0.8956188624604916,-0.4826787202652775,-0.8965274969478546,0.985588688988566,-1.082159464378779,-0.06647924320456074,1.1969284753766238,0.5690508719008353,-0.3336271115819599,0.023158930226616543,-1.60965581322504,1.5593076047639898,0.7155650946362309,-0.8759423837849059,0.0,1
1.0107276179984286,-0.6986186283845959,1.2609409953678132,-0.3787388807396944,1.1568644116669689,-2.9625042301424838,-0.28837281436135337,0.906950350388234,0.15521027182603225,1.0748625086459134,-1.7202286094771224,2.064518744161433,-0.3935901763245301,1.2977891827840085,1.3558028526103865,-0.9688999069374484,-1.4361565103134297,0.0010884107553146762,-0.2496268191226862,2.430706994109291,-1.0432590276206963,0.517253843191028,0.7999066474449826,-0.5407454390885456,0.7862016577099579,-0.25104114578933184,0.3371543865281294,0.5521140581360121,1.2298662687233504,0.21587282239728567,-0.906345261890426,0.0350970909618892,2.6897654263978743,0.6236178697434289,0.2326811884430895,1.213770305009527,0.3453524266175124,0.8212083814968346,-0.4338813353470573,1.3848324485621628,0.04992181697083791,0.7065367157872322,-0.3174162409849934,0.3743661998081468,-1.1764720665211643,-2.5793760631066283,-1.0311354282639074,-0.25186379142322113,0.6698168694881621,-0.692871663918155,0.0,0
-1.530683239027797,1.289825788007544,0.2360116222374241,1.2479036444667833,0.3152077093020942,0.33782083187060497,-0.115962093802208,0.42213377780528905,2.5351015117237874,-1.2721865968093535,-1.0887730029687868,-0.8559048790405535,0.9607128185066156,0.1575190605240532,-0.6386265299011766,-0.7104767162751315,0.09899975560936047,0.5278355178501296,0.5484893301405424,-0.2222294433643227,0.4231119027824878,0.7757971826467471,0.6850168274560544,0.4012504203296856,1.1041001864289688,0.2421896038189082,-1.6552903666498888,1.1831723002661865,-0.9343376021595194,0.24638517433206394,0.7314302286198288,-0.25048580112400765,-0.677469956299076,-0.8282100826730477,1.0873419398048971,-0.9762443858292621,-0.5401870780244561,-0.19050736981852548,-0.035989039269267775,0.6587334624785812,-1.2682631336384187,0.2627999087588921,1.8511527097912743,0.7455778632186016,-0.9343250432163338,1.306056007068248,-1.2409631251080089,-1.1567621954301626,2.255858201788637,-0.5053257113913957,1.0,1
0.08140253651644118,-0.25322591667709304,-0.3090065623313368,2.363299835863148,0.31500894153720144,-0.7801331048344765,0.9426519743871542,-1.204124569818895,-0.559984021281791,1.71650665876171,-0.6982737576624143,-0.5429425879836014,-2.8554305860984672,-0.9415608488445592,-0.3914095660029621,2.072687840669148,-1.5279890910160605,0.28069096200731825,2.375315332785338,1.0672600616403038,-1.910884511464472,0.3440794307900167,-1.5299946449538702,0.16338771597250884,-2.0957392302459352,-0.6109941501808253,1.1948091129734362,0.7802217032848234,0.02437331094608035,2.2468177639230285,0.0196016638112327,-0.19389645136631425,-0.536957760510659,0.9683509331789651,0.9478880117531944,-0.2706360563159768,0.252890497008926,-0.6090485816855099,-0.1682790301696109,-1.2622300638678705,0.7033244897773647,-0.8429747582866608,-0.8356072895682886,-1.14595226095415,0.4166264579462388,0.7166029085518709,1.9432130986637413,-0.2586739014976465,0.3209253559406827,0.5808394247217576,1.0,1
0.4970737687379986,-0.025561750321076413,-1.7489232802962955,-1.0209332081819844,-0.3273865843964229,-0.9393175576359524,-0.05564295158019061,-0.15008130667510516,0.3154738020369367,-1.3206071619882456,0.8844906648269347,-0.7586146416819608,0.13109173670855398,0.5299611827036511,-0.6446521545253577,1.8591744354948556,-0.3579053135350929,0.9752971142982778,0.9951667496589084,-0.5386012831991666,0.4677565894367279,1.1870799474813651,1.0606121936577886,-0.6429073174423097,-0.37976596245779504,-1.0101700023409508,0.13685042351853535,0.5109766981510703,-0.5693311904807702,-1.0307938078499768,0.2834902554935224,-0.8264513288744644,-0.8585149992253666,-0.4227450423252069,1.5065440792892162,-0.9979904575791954,-0.3867297240322536,-0.7034241578670867,0.21781387825939386,-1.318596581053301,0.31167466500356783,-0.7256314546566065,-0.6896779196563573,-0.18467915882592054,0.4445278832416096,-1.117613421864547,-1.666843656466647,-0.2302356029026825,0.22000018164124824,-0.44143166075894347,0.0,1
0.6440246680292271,0.9520595164320468,1.3778109308894906,0.025068694126302245,1.2224383468583868,-0.4233298465442247,1.110862311134324,-0.10680723983787553,2.006372237429133,-0.3086052117770944,-0.3730246792588739,-1.2806781762862511,-0.08427592277630648,1.1187009404435708,0.6542600638601381,-0.9725304965715909,0.5270171590913447,1.1948827660660435,-1.4789718230206603,0.5888207912003828,0.05529175127843362,-1.292642745080514,1.0815408101835904,-1.1390156407347842,0.8133276380028218,-0.7051400235443103,0.2856307975797669,0.4386355054319942,-0.03361812754399375,0.29240286310007435,-1.2546426904459238,0.3317238642405515,-3.1924542655403445,-2.860318683876204,1.2264389331848222,-0.3185198182534461,-1.028095734676457,0.9723124542742916,0.7345234631960724,-0.8829604352628923,-0.16401650294819864,0.04568740883120608,-0.6522544030138789,1.7715587792136405,-0.4782441153160274,-0.4991366682591477,-0.7285799915442048,1.9378606766563184,0.4188753826824557,-0.2547421437361816,0.0,0
-2.0935215161855907,-0.5962370195469566,-0.16782422181036374,0.2771402078594724,0.23281410535836886,0.7828465179795837,-1.5485038768103825,-1.3088326816644666,-0.7262864551288702,1.2320967441772588,-1.7615809723043074,1.0267675948312378,-0.6711750335937575,0.045080347860502135,-0.5913686304502419,0.4819491750800645,0.2636986123997859,-0.4425046617853042,-0.5692005195694093,-1.496718483479316,-0.2713144686208569,-1.278917993344643,0.13007456421542202,-0.3691748467661262,-0.3327800492257061,1.3723820111321592,0.20965997196369607,-0.6847032473975283,-0.6663079607777361,-0.5747281703739103,1.963694520186838,-0.6478655917173737,-1.224514446192627,-0.1932036070207189,1.646538285430189,0.4066570549654687,0.11494391843769268,-0.7838479795458628,0.4896537555570572,0.4548228797584859,-0.6877628738265793,-0.3995580731283485,0.6565305378583989,0.1647670106878259,-1.7630249102189064,-1.2263591776657488,2.329666899859655,-0.2691283182102848,-1.8553672319064718,0.04498181869625263,0.0,0
1.4526989400594648,2.987573075366922,-0.43732876968082207,0.712592172995972,-0.0767791767972604,0.7864736337585027,-0.22658176915856235,0.16773457746114806,1.0153163681805468,1.2770482321633592,-0.3896282222785855,-0.6324092715402168,-0.7547470210319013,-0.3962942062287253,0.9261926708119896,-0.14822296182069006,-0.5722846624160833,-0.4641087376524909,0.501255272585055,-1.5987349526544383,-3.187168135105705,0.6749949167511826,-0.4661883200101364,-0.3472671754057921,-0.186799907154814,1.2768416543618617,-1.7952466243812648,1.2872979232475552,-0.04796921308299645,-0.8164950338156172,-0.2565006848907073,0.60080317057225,-0.3445075801568218,1.3789561884376045,0.2609292893200031,-0.4638012057305707,1.0720870120239765,0.20750666513836075,-1.215305953864637,1.2886925553164252,0.6159204532548217,1.3945452204800637,-0.9576658991189878,-1.0665190294991964,-0.6223600794578039,1.1048987983454204,0.23469392929751484,1.048245270888808,0.2170788351054392,-1.9262200029282777,0.0,0
1.9267701897401632,-0.2734248735146791,-0.025331934606004573,0.508653743008857,-0.2432309038062884,-2.695498742047488,1.344854921465902,0.6157514492999656,0.6816344923489418,-0.19466411901188468,-1.0953273733026128,0.10340647442942884,-0.6721807868298599,1.2813189456513685,-0.4997102031674177,-1.2847611225824829,0.6900830364914308,0.7569988442983097,0.9629057983937664,1.9564284831730032,0.3891402047264359,-0.7558934873339856,0.5180931910781537,0.7337472667446392,1.0922861877302028,-0.14128251357144864,-1.0286374853814633,0.7057918758304287,-0.7394776421711922,0.0909707038831741,-1.038832001129305,-0.39028004118468784,0.8805271948808571,0.7434153945176354,0.7208283033650132,0.0188872889378925,0.988703938019001,-0.2220868798464522,0.516340093968563,-1.3445162548900589,1.8578604202345588,-1.3580119179035564,0.549845197105787,0.36729973909367947,0.2549836513426709,-0.5362420478416967,0.2748646446105907,1.676358211385111,2.372993415864752,0.004046335639931968,0.0,0
0.1866842243086136,-1.0953385593081135,-1.7672424003097489,0.5406671228135206,-0.8838398718699222,0.22120710346494832,2.1274187662190096,-0.824931314680752,0.3640546066224117,-2.2473249883501794,-0.09032151670386446,-0.29569102658165386,-1.020947203801893,0.7659081534044362,0.1812673708606832,-1.0184981896586494,-0.06739701045215472,-0.5503459258875488,2.0330611149350704,-0.2025282927796476,0.6015852515882465,-0.34347442234165565,-1.4020798422246017,-0.4066027449832672,0.4172367028135796,-1.8347520540652782,-1.2776990931810939,-0.11856365814740995,-0.17916804564188027,-0.004335476016205464,0.22838419745536656,1.3050400281734758,-1.6125518172044582,-0.24733915634521386,-0.10390369166442248,1.0328453419129382,-0.9726595176951672,-0.9643178565246356,0.18741872292119172,0.3851046908154255,0.0349880022904434,-0.9657558494697684,-0.843365406653497,1.020618816646997,0.8551664411529184,0.07911118822068125,1.596539115939202,-0.5707292763712262,1.3696391971396176,-1.0211814580785916,0.0,1
0.06562639808709761,0.6628740289372623,0.9492703392294816,-0.22527058794237476,1.0907136534830957,-0.7576460444000634,-1.343769915757823,-0.35379679820129184,0.3176714429658336,0.44823628446505503,1.9240787045586103,-0.9226985794624892,-1.1989809151075042,-0.008777567363330987,-0.13148365319859806,1.0099799871424076,0.25835368947145426,-0.8992081267882889,0.51935274162574,-0.2903301971007722,-0.300993096235407,-0.4805790159071919,-0.1344378306074605,-0.958890724564164,0.5067625154234477,1.066347885111853,-0.4682461445050145,0.9497981289011018,1.0805883725324008,-1.1630524451856807,-0.011990112584286344,-1.2310699829388392,-0.14277007483636034,-1.1485969283358155,-1.2196576796586795,0.7173974990405854,-0.011864342770280195,0.6337480316395451,-0.575779214678351,-0.5525869667219452,-0.48014518582141996,-1.1123732338118266,-0.656460907567518,2.3030956538588403,0.6506042089939685,-0.6300465409961524,1.6284558084958882,0.7246632763470895,1.321074817764095,-0.33246872855188425,0.0,1
0.3400997604278206,-0.43793857758755,0.4505399144090093,-1.4941492940655965,-0.3130476732478851,1.0839276580425792,1.3870327942946568,-0.4138771431122297,1.500717266588065,2.442502267480845,-1.107421874179386,-0.8849023546193358,1.523495195696992,0.4840397959157736,-0.5004558616525909,-0.09189521223842566,0.4625619787825874,-0.057941429539031926,-1.5222992993563695,1.1410387840073637,0.4008850351930561,-0.9547474768951102,0.5403289440343914,0.4468920049084871,0.6203125350863645,-2.814282579506654,0.8004684280622686,1.119608686281942,0.03744402608516754,0.6063722731778051,-0.7699199987485917,0.4956751637357714,-0.5632826167209499,-1.6191949376967354,0.9458777012117768,0.6375927061493475,0.15604622227663356,2.1847808571767464,-0.5877047124547952,0.8570485648345305,-0.9829887132549776,0.25703276562352434,0.6704736298787495,0.2348466476090645,-2.2423027485040707,1.5131778363912658,0.4147679096120563,0.5473897173798803,-0.7972698472005999,-0.611440203255321,0.0,0
-0.15720957973290886,-0.7457241685215401,-0.17262010475369333,1.5862883229033475,1.5787914293403091,-0.12185808584856547,-1.954458417942793,0.6290377927160573,1.1457765547752816,0.783992749781292,0.0252331879621837,-0.6208100493040203,-0.2049403479205176,2.561576770106288,0.8995744930857656,0.2985930725770744,-1.571393847304443,-0.717288843709127,0.8945101841699085,0.0768383862956764,-0.3485929730332433,-0.7736199084251661,-1.18677289772136,-0.8215279275083823,-1.492910385316645,0.03117430021845335,-0.16039274100752068,1.5720446098490255,0.7968777983346282,-0.991385773018198,0.25736656741999314,1.027532013317512,-1.5310959647404907,0.0988781396486201,0.8968738414091602,0.3908622852955562,2.0468974898803385,-1.905447307222464,-1.442237646536149,-0.27230032457106823,1.0925420167906867,0.051794325160620616,0.7465312097094018,0.7358520117279457,1.3624742503999605,0.465147411283013,0.7698858517500833,0.4565243230553762,-0.5471154695321325,1.5629951276859375,0.0,0
-1.180009662034051,0.7305801662746626,-0.6824389303303866,-0.19227521086701585,0.6043745319687978,-0.8013739958787496,-0.1238527641929233,0.3608221168490125,-0.05798235088206025,1.6352411930207458,0.2900961065802819,-1.0358320672947867,0.27911842020519295,0.4037473654376045,2.5146383753084045,0.6419981845544016,0.537410549992383,-0.5429273497510555,-0.07075069791089128,-0.09731190659999,0.16806422706458676,0.7271969275565806,1.004710674232859,-0.8386936338724632,-0.7320623480216925,0.133769701646096,1.0513228635485663,-0.4812116084156852,1.7680408055223649,-0.4990596345114808,-0.29451795360826005,-1.0938482750546337,-1.7426974152352686,-0.21378174063702488,0.08448561430770325,0.20755318640374135,1.1427775047395738,0.14634803925195305,-0.2793779372195913,0.466284988333613,-0.14004182499460158,-0.2416875960930617,-0.8517774649116239,-1.5305388267923543,1.5552762290186268,-0.27377782257190025,-0.05605007763062742,0.08937267225683743,-1.982413324626872,0.6732100601009965,0.0,1
0.29982118761636634,0.6415305926450996,0.5989318722879625,-1.9835589095661383,-0.8457002712442819,-1.7644385617557117,-0.9735133966391069,-1.046137271749406,1.2246284935402325,1.0791513636018375,0.8807760216662941,1.3232993363965118,0.463335477360211,-0.9447574770164592,0.3120809772321877,1.2223942218011292,0.961859317580358,-0.5366275967125356,0.7630661598929622,-1.6365654612880065,-0.3724844667774583,-0.221552678558149,1.0644722636854946,0.9193796007873816,-0.21605257671143935,1.2909646741202934,1.7940000596640062,1.1838725522519578,-1.460706119172232,-0.4646874633487865,0.8513011871092421,-1.682370236404375,0.16894595982212998,1.161614887942503,0.012646405060534409,-0.8623554167308611,0.9304253935686168,-0.002630030371708253,0.8172015724153414,-1.3697830981818568,0.4384074209148216,0.7668432200600104,-1.4119142595123575,1.7411479062751345,-0.8273900818519043,0.5892663917896717,-0.5693097345522965,-1.7764452409326286,-0.1920327650345356,1.1445323403573502,0.0,1
-0.2412943019428129,1.6367128820131165,-0.9684463528999444,-0.4287078712010711,0.9991549696912,1.6565344133723068,0.6502536166368538,0.23024312768502864,0.2268348805436489,-1.455793543192963,0.16686138794653613,-1.264130856962769,0.3764674475516748,1.059129679873094,0.4692105031451292,-0.8532919184494141,1.461850606703936,0.2648074792794477,0.5512049414112801,-1.3966611269735605,-1.073305751895545,0.02237001164646697,1.7893640311597865,1.0469415444161445,-0.3574281019991518,1.0495446556768528,-0.4759879039889478,1.5459191919851543,0.7293121631728944,0.018164745274528483,0.07720472335300267,0.9011292161440496,0.7223810737955716,0.06613071010179516,0.7671731812380672,1.6712225046943732,-1.0599965257864288,-0.02213420822466844,-1.4193395015216463,0.5405614613167751,-1.0249186764710565,2.259332421575317,1.057905564302153,-0.2499886411895834,1.7661625871955902,0.40471388472324704,-0.927918155941736,0.07858442449716943,1.175407558713411,-1.450162278871726,0.0,0
-0.3751109612083714,-1.0125749056641449,-0.4302022359732445,1.1046580411533509,0.688822056088135,-0.06910104030026704,1.3100979451333732,0.6063557572957975,-0.9694311745349212,0.26858377620753754,0.0375207883490835,0.6292668801424685,-0.4636057005326487,-0.22637299578343698,1.9794640967740595,1.5137839755706757,1.2093923114119098,1.5987862852756112,-0.011655919388338187,-0.9666306588817956,-0.0697070463097359,-0.7564421148330532,0.8064164513296093,-1.5349925249415983,-2.7223974642049384,-0.1522376802588192,0.21882580753116554,0.2844655620915045,-0.9610892997012359,-0.008364251894076205,-0.11986995919192435,0.9823082764603326,-0.11674724951287235,1.6246061127644575,1.1607795921638868,-0.6012229810208356,1.1679438004309364,3.062976643768592,-1.3600473642250397,0.9405806356742517,-1.3487123942522738,0.4297625163535321,1.0123140323369084,-0.07975404254717093,1.6601838589156277,-0.4982116363814055,-1.5859273404509815,0.9890135535578976,-1.3958086360096686,-1.8936818570327492,0.0,0
-0.936567966147653,1.1656942122973104,-0.02463244480372033,0.3690382537566141,-1.7297475789934238,-0.8905151399893327,0.6294231115044793,-0.2396235316831612,1.571843019956696,-0.438162561852666,-0.2019516445823839,-0.3921830011140452,-0.0830643893435681,0.17833946677549625,-0.18204006495292585,-0.12753012218809762,-0.7865351459786699,1.1605258234571807,-0.5752677676764051,0.073811640233119,0.2201435937535715,-1.0269056667521612,0.182388509531378,-1.0319131255692915,0.20441862511810116,1.3405581123366228,-0.15065240793542892,-0.7041517626762833,-0.1941333169742095,1.6144283295038282,-1.2244479635363492,-2.0163076794579817,0.015398358844751634,-1.4027809455577949,0.17050217928570865,1.6634257205778007,0.6157854012071725,0.07404116896469704,0.05801160651881606,0.7056878505110024,0.9158192998399326,-1.6900043925944022,-0.7147768066912776,1.1024134947648934,-0.9807152603214956,-0.7982996658282152,-0.2355531850887119,1.2770783446278824,0.23038712124523755,-1.915704607832008,0.0,0
-0.9828426419253726,0.632072030469416,0.13650511995097114,0.23996612258606,0.8128849989949951,1.022081124171861,-0.36101308304124863,-0.8471409288254296,2.226609874033744,-1.2334892521862748,0.4576542541188896,0.7238930758572364,0.980702786895662,0.2528898985706511,0.23488828351971,-1.3566644085013002,-1.4079686329565564,-0.4196607433702723,2.3267429703564253,-0.2438028411088193,0.2571260315009604,-0.9957743173479466,-1.1203427598755198,-0.8695064002791858,0.4175790619647615,-1.055008707052446,1.1230892086099815,-1.6002981915957781,1.6935233752917105,-1.0332177512233087,0.6405421738284743,-0.2445775309905517,0.9388141316769998,-0.5436931024548213,0.7865028570982606,-0.5578295747806244,-0.2991541695665948,-1.4188162314450683,0.12110652616923652,1.4608541628658056,-0.21410892350531915,0.18847019921796945,0.997134435470712,-0.577460589395634,1.832336462175624,-0.4313198429521843,-0.916899384915462,0.35357026931674784,-0.006513285396022315,0.3988822306853567,1.0,1
-0.3933982546355699,1.557612661499787,-1.5739690132999915,0.6541199875441149,-0.24842798340940025,1.2076133646003355,0.8547473395810193,1.8991498912045308,-0.6113580420332395,-0.4382510541279344,0.687239322866952,1.6451926488154671,-1.5105454712429556,-1.7435951327484631,-0.4879044234053037,0.3133589930017174,0.5804974947084119,0.18134355975270164,0.30190302326981033,0.1258423103552866,0.03996492714288537,-2.0986896274337568,-0.7996647017728475,0.6764510955932274,0.3922608538477351,0.6962450100753578,0.2089758503672519,1.6457574420962575,1.6339745112340256,-0.4287043117445074,-0.3890892826240154,-0.7664539577076963,1.239920761395796,-0.9108277532876076,-1.0556688544637158,3.006071284123601,-1.4669415702020088,0.5165001840562721,0.7480467840826562,-0.038533755566194566,1.2317614394041534,0.7068188679078191,2.002016382059074,-0.7759597649085909,-1.0418261378563989,-1.2917913988810377,0.7824464288969869,-0.5442444149996468,-0.6128477633615871,-0.5889571772494664,0.0,1
-1.1519675429937215,1.0686913356693484,1.4398262666110493,-0.9745630950708568,-0.5718785888145465,0.07031162272539923,0.2400894216778233,-1.3032898018670835,-0.8684476929901974,-1.0738349355081012,0.351415014005533,2.584149291403023,0.8700933524303321,-1.6988746169572355,-0.13404471993946487,1.0783727867539958,-1.0556796036656242,-2.2363866131439147,1.1743515034631689,1.1417185617238106,-0.7779476962446458,0.526799884084552,1.9122921463771003,1.380299190033876,2.5232760933415683,-0.36735127565248293,2.418382207663881,-0.3563550500709169,0.2996361544777258,1.1461747365914534,-0.5096204567030538,0.4257337419451662,-0.4615820158418316,-0.12644568953817126,2.337688359481546,0.7975345738143336,-0.5748634771321737,1.0424349241366844,0.32651820462253306,1.72701062783793,0.7975497763312548,-0.4943981763322029,-0.22458887971647395,0.8015450405792659,-0.5034362253547401,0.4305694830127499,-1.2397453310464008,-1.3490142329807997,-0.3943126861612871,-1.3359094978276154,0.0,1
-0.06883047130018695,-0.3122184864225184,-1.0147770491408366,-2.047233345093125,-0.9597579753405509,-0.20816582093131256,0.7530028830439963,-3.0502443286275494,-1.1886989330811757,-0.6530305833027562,1.3064183896009616,0.8202643041692682,0.4374701092517401,-0.6996014640675374,0.5936110808300766,0.20034374440905306,-0.15788451987802166,-1.658702058348908,-0.1481241596331898,0.011381893356289287,0.6756641987395746,1.0865433416808574,-1.201323902890762,2.0278994047640277,-0.3408468082904609,-0.7339144631297271,0.8199666699177637,2.4136606879842044,-1.007249674393299,0.2476917943198548,1.9699404347815035,1.1537971524870012,-0.3741258883408381,-1.2694050762094615,0.4198565784218507,-1.8457571291732429,-0.1859585976886121,-0.7400597151294628,-0.2233276180003295,0.8146109994843191,1.4600680079191026,1.222077909545322,-0.19995042975204985,1.0673995304028645,-1.4992341208188733,-0.5846961182551357,-0.10059944416122003,-1.3831674241382208,1.896327384968012,1.4394070702804465,0.0,0
-0.5493527495574846,1.0570390072265037,-1.17241388721102,-0.09088293830838352,0.4906681373659872,0.11635117686838245,0.4764837379229521,-0.3507173327394595,-0.13833169562112613,0.4240968881943719,1.3080090194524885,-0.2863739859794571,-0.36920656499063215,0.07579154060441078,0.3746912918807173,-0.4068582585919491,-1.3381961698167073,-0.6551604993652966,-1.7550046122360885,1.0490062399626865,-0.9481580755567736,0.7095259311238088,1.1781173239375484,1.2917505847493709,-1.4598572123066953,-0.5686247126410119,-0.9166499574097569,-0.26034513247879537,-0.8292493027001058,0.9776957608037636,0.8762312312350591,-0.5272919734930688,0.3100849946393502,-1.2768949986803693,1.1119241321651745,0.05752999871489833,-1.0857762106526283,-1.5673647911340285,0.115344359809877,0.08801791291680096,-0.23274327628449676,-0.002999161024061095,1.8407520113673104,-0.7484888556476518,-1.2987125559865589,-1.1358708754606957,0.7334593939852689,-0.7230448689430569,-0.3741888234260694,-0.6646802888186855,0.0,1
-0.5633184689373218,-1.0625072696848668,0.4341852280521202,1.5097216921582663,-0.287132480696741,-0.054603661648498364,-0.7916837120306315,1.504639265476539,-1.2491245827513668,0.19734513321628447,-1.1444480870073008,0.08228632363303746,-0.9820738717268924,-1.0532019013501366,-0.7322165657196871,-0.5475074138619949,0.4079300329885275,-0.7375207403422132,-0.16424365948933145,-1.1404435330731821,-0.06058157148767425,0.7179796657537684,-1.3899881549839483,0.05642187323043271,0.934409076330454,-0.4455922909063713,0.6031347178587817,-0.16518148447402212,0.17195959315218698,0.7896421467707777,-2.124249612045746,1.8679271006553155,-1.6869267751163404,1.4157533081808713,0.984565362082867,0.52852801232991,-0.0625147775281374,0.09708069121194147,-1.7502799074132025,0.3363140560229159,0.7985493160494617,0.8450586836723569,-0.3128406511601453,-0.9715967779311816,0.3408706972593619,-1.570260547852847,-0.2804086174265671,-0.13625439241892912,-0.7073923035992712,-0.6047944793962816,0.0,1
0.5098558351577835,-0.06733972332451853,0.2750796315801768,-0.4773463474909601,0.009740411456694362,1.3294743089524488,1.5928964147920042,-0.8865177905568499,1.4079618321362408,-0.21586302708729085,1.0927783214668456,-2.326383828327382,-0.1939263618954533,1.1525562921169257,-0.6847564596752914,-0.40889528671700187,0.4159012977005648,-2.9058724954216086,0.4558106604410075,0.5111931079507521,-0.0920268222484688,1.4828552928168481,0.30121104490853184,1.2004357843232265,-0.5706697781209037,0.9653612338318676,0.08101940805719045,-2.0131051554453667,-0.8072555585779972,-0.04466636892200816,0.7634960201524422,1.0138776330197448,-0.2783731114086762,-0.603343117226961,1.5267805162776595,0.30321594451247064,-2.822312342148188,1.286490129052392,-0.6286820176674038,-1.5972063054331351,-0.2656745977683763,-0.8370537566181766,-0.13340168947112396,-0.4621176140752874,-0.3847192864295093,1.1388838132483627,-0.7326162850491228,0.19349755985908168,-0.24053963759911465,0.28039867782676503,0.0,0
0.21432844743891424,0.473399202522743,0.5187669856643364,0.4813704667075872,-0.7201346751864725,0.41001850077525703,-0.046370781572567785,-1.9624674119141092,0.8812885778019228,0.07411363941050128,-0.1732790135412574,-0.2582999180765574,-0.6186440873157724,0.0309968576820438,-0.6373300624446495,0.5765110204786331,1.0856132441500732,-0.10883590607739474,2.9596580691466703,-0.22385619385494165,-0.5539261676539483,0.5071813090764579,0.7950380006020733,-0.8815420196738047,-0.7889226299650353,0.11058034021502314,0.4209938752416976,-2.13037078301494,-0.34653303942788244,1.2855824362959531,-1.810454285894764,0.2444122970475188,-0.8315970066494288,1.6299775555745175,-1.3666123827792862,-0.95500664040933,0.6258614167118373,1.7456691256252437,-0.3474886557600312,0.5000644166446498,0.3799400358954429,-0.3605928092150243,-0.7157603291881858,0.5480040575565045,1.435540018176209,-0.11296956411114753,2.675068666190959,0.5758241521064463,-0.33262684980254603,-1.887049082382138,0.0,1
0.405916935457794,-1.366142996744413,0.5074552701638664,0.5190614098817011,-0.6425678630671515,-0.6422328362224456,0.7950394204451984,-0.2105711556175566,-0.4636423988869228,-0.9491753857836086,1.940071925481042,-0.5111743061456323,0.4419619539624335,0.06458386815620801,-1.2201641843413062,-0.4503659748455324,2.399700421128069,-0.8809700951020313,-1.2183142212037033,-0.157669593982506,-0.4829657086304786,-0.4921235418452111,-0.0027037896870483447,0.33715910646767666,0.3326967420167569,-1.2649178127770138,-1.1537300368389651,-0.3411480348445749,0.7450728151674338,-2.639356994187896,2.5763462725584425,-0.0031843524633669625,-0.8239254085815129,0.2929981916832133,-0.4131099753080288,1.378796634308623,-0.4314796279735033,0.4334684362172725,-0.8052841007943918,-0.5968617219724771,1.9239953521657915,-0.1390064736339805,2.8403106347770475,0.8274604946698201,-0.6170968363681343,-0.9946040862176468,1.9994279230523857,1.9362386929680144,-0.5340029246588716,-1.0308632962802011,0.0,0
1.2718995372737358,0.6686784611500074,-0.09669692373151917,0.6228423861149776,-1.997540604128798,0.15945409476263672,0.6113507872719361,0.10276436420523928,-0.7087126176697254,0.2382399003452729,-0.6791595644992638,-0.4340441620185546,-1.0522300808115033,-0.7423945944751128,1.3367223461058115,-1.4079331715073264,2.071536927501382,0.9794753203947824,0.03339633714942993,-1.0960803831285977,2.647655375563746,-1.6049387405987328,-0.1786817834491445,0.2890769182125424,-0.3821041097030362,-1.3708400334110866,-0.531460470372726,0.4212454939905027,-1.7345137964654083,-0.543081099682923,-0.045527820772470966,0.2881691823787381,-0.16736528979831816,-0.18322796811219969,-0.22354150326076308,0.9055201842025028,-0.10406634197367293,-1.7256883336064308,-1.8884342005271704,-0.8226084008659409,0.7433164898723126,-0.543881166825772,-0.36560753326626416,1.194572305255322,0.18378162978396395,0.2436769795053577,0.91808504871756,0.31117850657410423,-1.4269038094177573,-0.8137288825954364,0.0,0
0.028032319585702417,-0.6237089544736222,0.17797328961020809,0.7295414403551521,1.0776577707235562,-0.11705434962880833,-1.6694269715674448,-1.7299806564586522,0.5516500888358998,-0.8148199716906223,0.7769220249897009,0.17139224233803085,0.8513271949373536,0.020502473757046655,0.2462755085378178,1.4474642791865653,0.7682625565603433,0.4045859306776957,-1.4053494600350676,0.8805093329706123,0.5477073550541011,-0.8328893651997863,-1.159725809328917,0.625570066411947,1.0245110901817374,-0.33866154589595393,-0.036844832339716034,1.5951900338431002,-0.6740176398628964,0.20302634148912915,0.2643898355248807,0.2604655671029065,-1.203369496951509,-1.462935911261466,-0.596499369097599,1.198437393429301,0.15702009486815052,-0.19799371742554275,1.3843527619485587,0.6450578816533541,-1.3133515471123178,-0.1895933682934047,-0.9413992284157942,1.3223782565873663,2.330408060680937,-0.9238498948838154,1.1615655843184298,-0.2151446073204591,-0.8460387640216338,-0.7808033973100121,0.0,0
0.5074379913961237,-1.5691974506238442,0.13113139434114512,-1.5876824308576436,0.0961315848936264,-0.041238850011058426,0.5678103584339308,-0.6237832655206582,0.5384010959554774,-0.2467989564214043,-0.10559039789571427,0.16976860223810408,-0.9892622594932644,0.06180018583138544,-0.8032869924606819,-0.6285000471759044,-2.0676579343266392,0.7149064527656018,-0.3730523924046406,0.8854204385609713,0.229793175133966,0.189924316784456,-0.9340579707285884,0.8651312282260152,0.4105358124312984,0.004602341287344182,-0.9528509526431016,0.6516430369939346,-0.8933375267828689,-0.16816308698045615,1.6950900834003169,1.2402909795822972,-0.8210301157347211,2.2389246063449466,0.2659430052948351,-0.7686276959032872,-0.7894433679014068,0.1292297675145584,-0.1860398820876556,1.3666118648835792,-0.17859403293287818,1.1657491918900722,-0.7986490652747786,-0.026613875540063062,-0.1689070921503065,0.1984492096167442,1.7503060239866954,1.2409060366914564,0.7518071997124728,0.9906208299599392,0.0,1
0.2920256555216097,-0.4943079025510329,-0.2502105369582368,0.19802556787895373,-1.6396123794591213,1.7154603722635606,0.7887428738291652,-0.3981615550517924,0.8449917707544311,-0.2108646815718416,-1.3194684917257749,0.15400697351877254,0.4602069069141481,0.6530078237111171,1.2600480827001328,0.07728076904285633,0.8246915272299443,0.8233058228175206,0.7592538668590116,1.1136164288416963,-1.8281532741021869,-0.7002047398242567,0.18450155351308595,0.3808787836242488,-0.8606037386768155,-0.17431952933552206,-1.7527655245135976,1.115257780347484,0.5657353932945652,-0.044549320042880564,1.0664404206509823,-1.139785720280012,1.0423177228830225,-0.6577794029569891,0.11322595385313028,0.2132048470385712,1.9471676951354868,-1.9197440164602089,-0.9608905343922272,-0.18593924019144886,-0.6548880131966534,-0.6313906884774271,-0.4566082801004418,0.2236209627461657,-0.7031806043904137,1.3503414853003406,-0.20318764821224872,2.2584209231877725,0.08173937640700778,-0.9315143400847444,0.0,0
0.2904345639053763,-0.7737231228200409,1.4184551098128426,0.3543115806711759,1.0654043895710927,0.5491599022799017,-0.18245992973242373,-0.3588117460046214,-2.5712846234118882,0.3915812855214623,0.5662050213890419,-1.7606644987593278,-0.09467728523116667,1.2532352586568571,0.5668286055187544,-1.7361703706627163,-1.0631311802331638,-0.7911465889314367,0.1375590498782743,0.5079045234819747,-1.2823315964715143,-0.3656096987258435,-0.43565271574591535,-1.5723199484615804,0.20920882146675368,-0.4861204846742432,-0.8454575076684999,-1.2983383222094065,1.6650398999156508,-0.6497947263603261,-0.08319959666150177,-0.4203911279928659,-0.5826254290714903,0.7807777320614473,-1.043190039242644,0.9070204431300632,1.2780987568587998,-0.1150774368092764,-0.0497251744544963,-0.6539321675968983,1.1152809448174077,-1.090386311942669,-0.4771491904047994,-0.5768209012956729,0.6009090234562435,-0.040157039242398065,0.874810116390344,-0.8531272670862549,0.8146037217138851,0.312401112770442,0.0,1
1.3836433169554354,-0.0838596305439054,0.3067227782000436,1.237700249153382,0.28453557830944043,-0.3879694088305268,0.7996219794264064,-0.1796229723282426,-0.5165655923999493,0.7578469978583752,-1.6333837661334183,-0.5096121822258223,0.2759818025611627,1.1572603924251768,-0.03578559765840912,-0.12090513307217032,1.8151958883025976,0.20574212673540584,1.1432758431543728,0.13321339951750846,0.6392361876549181,-0.7196218973997168,0.1760383510134836,0.9414046098606179,-0.6991759429099336,-0.5142456457629,0.22280026851884416,0.6731389685886866,-1.1766953173768868,-0.5500419852314994,1.0957065778926771,-0.9969306474412776,-1.245050862462511,-0.8177441641414605,0.5428917394653617,-0.5644262609511757,0.5081602675921725,1.0296620950441129,1.3752138000470242,-0.7018055492979013,-0.3764013817931911,1.3215369138190474,0.18299140716391732,-1.4160002973718222,0.15030649172373012,-0.08403712039834145,1.8968936468644095,0.9525375628302329,-0.6932129368618556,-2.203652446117176,0.0,0
-0.2498599232180157,1.605705010753752,0.6060176046669459,0.4020705488301793,-0.8990068433057802,-0.9296257548868518,-0.07649650643617714,-0.6891818702974091,0.38305457657864733,-0.8813958825759233,1.4453956274658093,1.3259830148954883,-2.171253156987708,0.2401337823692592,0.3046748234545719,-0.0963111650283653,-1.3609162464595619,0.09703277044407156,0.8139079177415073,0.480993475791556,2.509166766017768,-0.5757786664489603,1.2474426209265923,-0.8946630158390202,-0.9161943401912944,-0.16329691743277486,-1.5939319552595663,1.9730419247923627,-0.03639263622067961,-1.6654874951666006,0.03508440081986055,-0.19133283895809805,-0.8016892564851091,-0.4191153655255504,-0.9471105338744364,-1.8815026898276448,-0.277980832137922,1.0147659704586225,1.512857737489652,1.1620256846862975,0.8123417543787367,-1.1411012275353891,-0.3488799133302519,1.6754212553752077,0.2289342054097636,1.0849699338076262,-0.2121566606371081,-0.3426306304966485,-0.08012592568207505,1.6064283160122648,0.0,1
-0.21390375204590767,-0.8126509639732395,1.2640171108603775,1.1245713555117125,-0.5551179333675981,0.6979184709473436,1.2796700371782532,0.5588239212975287,0.29322588941538186,-0.5419615998537535,-0.03244400897448324,-1.5350853222983878,0.11739685658236752,-0.14861910203161185,0.9058939709407378,-0.9887211182665504,2.0158793351762747,-1.2721961574937952,0.9665724889045892,-2.152771967364526,0.9706264546380214,1.239025653708001,-2.0977262128923253,-0.5424610673115522,-0.01126066381846834,-1.8137454262311028,0.7363887162045044,-0.4950483020047623,0.7435818733726818,-1.0175682990226005,1.1934284237281367,-0.8290641881931404,0.3748756568749477,-0.9472443265934036,-0.057677629452846636,0.2187001018555292,-1.2243019099649133,-0.055043885475356685,1.1154772053509303,1.2921338003892149,-1.2353871658879862,-1.4614266863412917,-0.5514139974714258,-2.1760781310564647,0.2028010945213581,0.7621444050160064,1.5446342323410824,-0.526544627487439,0.8713275460104892,1.7644169660894649,0.0,0
-1.336215131144138,-0.9690080886711973,0.09640038833189132,-1.3386370830938683,-1.1003796460008224,-1.7076117529873909,-1.0793909376614472,-0.16939039858444407,0.6494179117027845,-1.1730488983722978,-0.8034422283630783,0.2019452935198209,-1.5500554286838215,0.1973148269486413,-0.20634981800374247,1.6995531195510096,-1.5036864313954903,-0.16078553949822058,1.8345572312780387,-0.6169036526281712,-0.8907198232994075,0.2938671351431545,0.06850415609225606,-0.5635403576860671,-1.345286468294706,-0.3590906307321539,0.1053683251958899,-0.2300568814052633,1.4981576973595505,1.015737417207334,-0.33090996315495963,-0.5782655289327246,0.10902531305125886,0.365035585311493,-0.8650149407209324,-1.050742844245963,-1.4254096947064867,0.04629722202161203,0.9012638529314294,0.31310472006965884,0.27378946128586346,0.7346705647424376,0.07967458714901655,0.8372584614976977,1.4890740354706031,-0.3554232179026549,0.5814944328479824,1.4324843457128118,0.29977940719855,0.14526727393579972,0.0,1
-0.3921060772062711,-0.7830697706467865,-0.2436575212764736,1.0514871315502117,0.34452069240816124,-3.316089561516656,1.1797628111287386,-0.9342239598213362,-2.1755994775766583,-0.5989835270779413,-0.26769989756973234,0.7099762828574807,-0.28593386578543106,-0.007562365402614343,-0.367034439024746,1.674904169491554,0.06847124038519245,1.587215204735155,-0.4808924703709009,-1.1575793832719994,1.7911135993055558,-0.1272544371262568,-0.011014059778389098,0.5162294380850241,-1.6666600638017326,-0.2703419303960178,1.8323259242941912,-0.7066018452074708,-0.3827481997625835,-1.4745861188900662,0.08464637599327524,-1.1072818257390262,0.048450055974028565,0.0595348360968854,-0.2654800400399597,0.4832249608301952,-0.8783849669563335,-0.4216057690521553,-2.7025560019355668,0.1264272753053636,1.1107489433625912,-0.36373988609181535,3.0017891942694432,-0.007384289791963945,-0.7540560866010999,-1.6444377182359953,0.5838184287344291,0.7569770179283012,0.5930205226113763,-1.7675781698290758,0.0,1
1.2732270662437568,0.06431487032058933,1.4673489414911889,1.0883252188075505,-0.0861688444158291,0.4035859251504309,-0.5229074428324323,1.76614024431102,-1.1962200009634292,1.3023393685154032,-0.2781019661917389,1.4400686660391009,-0.9759705814638148,-0.510927322377835,-0.0982207944599732,-0.5480704380733471,-0.4276199354122423,1.0890392033415877,0.00778571578456113,0.129511215304763,-2.819008761011958,-0.6088683111849783,-0.6042926568223054,2.186341374723056,0.8851778312567535,0.9785064986963988,0.6862595524674964,-0.13221768286149807,-1.6777616676464764,2.5574933239319484,-0.17627789823387668,-1.8783873615643392,1.8639177839431875,0.11401457931611125,-0.1277452499388282,1.103017371102763,-1.3892629611194205,-0.22681794595509386,-0.13382776010729044,-0.7853105622876225,-1.570603809407327,-0.30896487991591703,0.6722671446812971,-0.3992219258537619,-0.8539773805044706,-0.17525313926489133,-0.4451021976771451,-1.4031418796158264,0.030104178863948908,-0.2933529371758294,0.0,0
0.9835945004896178,-1.073625208294565,-0.8914894749045034,-0.25453358714005136,0.342791514966071,-0.2524893079522533,-0.13492985353252016,-1.854011625749586,2.070966085687214,1.5067930119516169,-0.8516245966162022,-1.9717915766033256,1.1239777787080127,0.04744527809441354,0.2445501777122608,0.3935610205555715,0.8298386274678141,0.050776829232681266,-1.4573577879620705,-0.6228254509699467,0.15137071321864565,-0.2131338270603189,-0.3613373157468352,-0.5379547053128022,-0.94954430678735,0.2945206512926047,1.448557330176497,1.152257725202925,0.12388426279059254,-1.1423964555868666,-0.37073199956530345,-0.3288422811269464,1.0084640282485375,-0.3083332781545501,-0.5944035792348744,-1.6627206318298686,-0.444379131978134,-0.3680381985879016,-0.3978940049776709,0.7366808662263029,-0.6232284671669696,1.5562208100218111,0.14015378636213285,-1.2675083871305777,1.5427311554642669,-1.0725405330106441,1.1102003450968714,-1.156481047149844,-0.6599656687719881,-0.13693129320585354,0.0,1
-0.35303799885841786,0.5101564899179416,-0.06976424201353215,-0.3858738939308138,-0.2800095142856568,0.4426483955845549,-0.3125235065804019,-0.5644218154294193,0.3490089413394197,-0.22249120145618387,0.6176190684282926,-0.23598561196916426,-0.6280336988672126,0.2972459069091038,1.2411355052504756,0.4885910230047837,0.4905291743087961,-0.4318587894236479,-0.3699807274708661,0.6643144499477616,0.4299259712536981,-1.0418671988680457,-0.3198376942736569,-0.06442114550270407,-0.7725013169677512,-1.4472319427403413,2.190977022028462,2.553036829323117,3.1834584728127973,0.7391209537683119,-0.1146564092223867,-0.9197865248026762,-0.9956414311810065,-1.2309393559450883,-0.4597819849632189,-0.9180800790393776,0.2895319830978529,-1.0599495663017875,-0.3746262065166739,-0.9650637706586548,-1.6889873211584274,-0.08750730298538087,-0.8586143973723316,-1.254809845456747,1.646555498257248,-0.9748201473164532,0.6962388084031804,-0.1936342831365477,-1.4260060620845023,-0.05211617255449275,0.0,0
0.2825256313128888,-0.23994475402243126,-0.7305751073466799,-0.5173712066370469,-1.0152150846031205,-0.4683256823973422,-0.6229437248129758,1.0714181909609526,0.5507859986167563,-0.3037072513619553,1.0835952282010362,1.016947253036715,0.41904348267929015,1.1006184834127883,-1.6300631190940398,-0.1070809402328173,-0.08377565819323725,-0.8180536134223954,1.6251756741539196,-1.7451238119512702,-0.38847312455247,-0.5077919672784718,1.4000036186505254,-1.0737905764201698,-0.3093457691758644,0.1073145211673947,-0.2525105306764708,0.8354419630366784,0.6164306611503303,1.2508716633618029,-0.8353243716170123,1.7196294904044271,0.7109342493043881,0.4268897579820837,-0.5625020425648809,-1.7158507688022973,-1.3257789625597682,-0.774331291013898,-0.036898383726987866,0.7738248317597806,-1.539475937885988,-0.17740270773285247,-0.3109443623554151,-0.034924652534186126,-0.9666207567110576,-0.15805702964152066,-0.008513544078241477,0.4910755654649944,-2.234529054231984,-1.7358662057685783,0.0,0
0.602778302308796,-0.3515113537161103,-0.14530041120564774,2.1597647129154582,0.7917874821672694,-1.2369056841582489,-0.07732826924760551,0.33309346534502426,-0.7368128912672707,-0.5000108904664763,0.8961432932849767,-1.159836154504175,0.9906231329787792,1.4983240824241901,-0.7611263132826239,0.180247291829596,0.8219463738804098,-0.6699711451730254,-0.6630339034610341,0.6322179878634595,1.0897894014077865,-1.2643317154703686,-0.6865763197439257,0.05898012002519053,-1.2985906211171059,-1.7490903576790768,-0.3603739470579483,0.17996550335524658,-0.7722100017433772,-0.056479134222970365,0.8466516082288509,-1.1022562019243185,-1.2417675091918192,-0.33222096745874125,-0.2836730963537847,-1.071507255214832,0.6952603784373002,0.7944407452013098,-1.0223246534733486,-1.4163761569774431,0.8883438655222715,-0.663474282923453,-2.3371426913610067,-0.8232588141716456,0.012945141475241331,0.5226755134662204,-1.2564207212080991,-0.3837452649971361,0.6959069147328648,1.2886912777200281,0.0,0
-0.986431121272303,-0.12779438718596875,1.1621383081543997,-0.6512453761138275,-0.4869488068056453,-1.4824870129754335,-0.31243668686080944,0.08091102948338827,0.8419747873169393,-0.8121571072899222,0.3664745461210745,0.34271870913996594,0.4511571328173248,0.0026536621570347058,-0.7864153921904905,-0.4254851808308366,0.41130764210243936,0.5220078958867417,-1.3046757250546024,-0.5648702402981448,2.3041092050537713,0.52344637721246,-0.4550485303278868,1.0464371261944911,-0.8806416520390998,0.6597758513469312,1.9988263569373008,-1.098958599454598,-0.2622723980526144,-0.21181835871991986,-1.1154027832368298,1.0023979507749254,-0.5339612588383281,0.4292773056117026,-0.335418899667917,0.3338576629291889,1.4541514281259869,-0.658741319541604,-1.1866625304660925,-1.5326603374318082,-2.3957585665172205,-0.3272561091734928,1.2378718516421112,-0.5798955319765783,-0.7661640146970509,-0.20534359286400095,-0.2254054442336297,0.08198590488408337,-0.09783794457123207,1.060287120408402,0.0,0
-0.8675671956645208,-0.08048721747239328,0.5394886204978311,0.15027915025490046,-1.1198655258357215,0.3279687111969434,0.8861136031395013,1.5268874923724105,-1.8400814703487844,0.9190794944389112,1.0274383197932877,-1.032476527256425,-1.3193148377472543,-0.2590486326771123,-0.899278904846837,-0.08440358346612488,0.4810985826139017,0.3702026319743635,1.5927185056707012,1.051796041494586,0.7889385523252276,1.0520172756308224,0.8375951871799359,0.26511501693009243,0.6720406187685675,-0.07061967442597931,-0.5137061816374267,-1.011708367346119,-0.6746177971441534,0.3232212520347444,0.7696367946080908,-0.47291890132134795,-0.775819743688554,-1.8651130578262125,-0.08570346440236208,0.2904284759579784,-2.5001072234478645,0.3109279862139153,-0.334950091063857,-1.0181986077052758,-0.6137646623574482,0.8306117706381514,-1.0120374728841366,2.0551543232849143,-1.194114048493802,-0.9699162021466068,0.033014873841041986,-0.5810384982716434,-1.3109350375166062,-0.6277276514953488,0.0,0
1.0403291953908869,0.9373880511969004,0.2923571549977781,-1.228651636526059,1.1505250910436566,1.3832668556971364,1.0736306014143917,-0.7728336842190174,0.8989068505158105,-0.8926862171411363,0.09096460476916524,0.01400965268634334,2.0016158770490726,0.020741621976631115,-0.4497988347442979,0.27193566002807645,-0.10844482177812384,1.4104908736957182,-0.4366538131104216,-0.6674079149104715,0.40776859653726794,0.5892039568265726,-0.1837565407831632,1.6443972597018652,-0.06676167477530462,0.3385246080134825,0.3352091688998124,1.2972205897976292,-0.8122210868218359,-0.3387501132851564,0.17066771821660348,0.3843657452205932,-0.44565119403355,-1.1158240636042822,-1.1785789859614708,-1.2124718805603354,-1.3253289346203454,0.05401773051133668,0.6673691221487753,0.7218312767076629,0.2334373914003552,-0.5142331653670523,-0.3293594648764953,0.7753840073054349,-1.7050752517876786,-0.4431424561716451,-0.4828845765773047,0.5574592582378127,0.26771386009301856,-0.2376729905262153,0.0,0
0.5314758414649349,-1.3262691424435251,0.9902308862141798,0.4405303504825863,0.10629506532486303,-1.0847993370298368,-1.1491484198672677,-1.3307372929330703,-1.6159703103759786,0.917010851555694,-0.11591874176972568,0.5755625001665924,2.1833848115660195,1.5026590131531818,-0.28609560291163216,1.0174079349290432,-0.06939577253584363,-1.272023346518319,-1.695767828039047,0.6563245331221779,-1.1661198414048306,1.1806860485531967,-0.4325110341943402,-1.9491312007666264,-0.6331322397701735,1.6630892485361493,1.1228444508693858,1.1758896406075043,0.1276516262848056,0.7239006812589858,0.029876580591779674,-1.176129232778618,0.4117102199878672,0.7658604855016924,-0.369262462311616,0.6075646208542795,0.5543729003046388,-0.8273002966482684,0.7136136719255569,-0.9786747626442932,-0.24936109465201106,0.6690419282455303,1.2950190910567974,-0.7752379905929994,0.7005818004582928,-1.2268717022003939,-0.3089798183130271,-0.28922943929481826,-1.394230024667985,-0.7917336480305827,1.0,1
-0.7159174988779582,-1.60050694779575,-2.259213773382096,-0.7567266493099151,0.4846622950655829,-1.1008140779225606,-1.8967528117076824,0.6415863844495914,1.4522744379911163,0.8254192012676448,-1.3859948003858145,-0.5608384425124618,1.5170273499187394,0.9961518083678326,2.5754535110915397,0.14508135863533714,-1.7554990228499914,-1.7474111022930938,0.4743712299614917,-0.03074402929577391,-0.002422131095700432,0.04564951490457458,1.5108381782431184,0.18101171850045766,1.970651228670444,-0.2980396520086017,0.6354531789689988,-0.8946149455164234,1.0385229403344154,0.4343275588149443,0.8258188105329568,0.72673264810727,-1.6087054780061243,-0.7788202115419146,0.1569719870348777,-1.0272496200160914,-0.2425405644731641,-0.1606227405603797,0.7362836394020945,-0.06221580001133406,0.2553894064597352,-0.4229316286019956,-0.9229034674937048,-0.8896521818109755,0.6628842011904081,0.977974393713888,0.37622862519354977,-0.003943717988583797,0.4890109181554633,1.028177716406815,0.0,0
-0.2923748018834332,0.2520957607658891,-0.6368485937426251,-0.22918991401584365,2.005320139565144,0.5303052408642458,1.1959741042055303,0.6711212641171335,1.3713734854427757,-0.3816640853445743,0.8284709723770641,0.6180309433756479,-0.01561191709803856,0.8042028908105557,2.2780209315662394,1.5254248678195077,0.2366073583019764,-1.6266594083944461,1.2343715166923603,0.479557710528051,1.115270204534416,0.923323995430494,1.2618500570819418,-0.0583019080428805,0.24600937003372306,-0.19790606159950055,0.9602639595743574,1.054643077560515,0.3910928224304699,1.6824859757290151,-2.553455559494468,0.4958652592263164,-0.4085879674115038,-1.3119981415572441,-0.4209829151426119,0.4462791916549291,0.3726041144982629,0.4674519355753327,0.4468852333965641,1.8976468153431316,0.04814385518626913,1.2008653247989178,-1.00306516849287,-0.7313158675042248,0.4770922628449562,1.8713956601282529,-1.7970554351302341,0.7665076131243315,-2.0289893051345893,-0.18943642094689006,0.0,0
-1.1787156804228336,0.30643906781067765,-0.22913158132635675,-0.942785023759634,-0.1918133461327975,-0.6874613549904417,1.8382897427470009,-0.15008738274424693,0.8099563963350883,-1.451259523404153,-0.7422921318058969,-1.0501816077640882,0.38478574326902004,-1.066437575585932,0.062054548514853265,1.183586218714708,-0.6447218213231246,-0.2004462638847132,-1.1180946551340245,-0.7630637681905218,1.0976918798881734,1.0684953366742982,-0.5878015988056466,1.3904740519002856,-0.6457479482832793,-0.8665572657823274,1.1350686641339869,-1.8911630788567964,-0.5191823588482639,-3.5442343587860634,1.5573407388762677,-0.4513514652670974,-1.7433026515711072,-0.8105700626025272,0.4483816180525413,0.5752137133945019,-0.6479813761320325,1.0389757218645703,-0.3182098015893427,-1.9866903773186104,0.2897898305944083,0.6989285688327742,0.08039012372079407,-0.7246968319315749,0.4246740106235858,-0.1319245825609926,-1.5630968282959028,-1.2341373017103423,-1.1195924330760658,0.6167444395792508,0.0,1
0.6761679349164291,0.11533548738407105,-0.5731440605395253,-1.931040775148684,-0.3366955100780669,0.27601915194029125,1.9721862743092244,-0.04641881808860099,-1.0965444848568608,-1.0086297384447065,0.4561223456483833,-0.3526401696346006,0.7484239738832533,1.8872211800912737,-0.8788571276263291,-0.8865516420716921,0.0397666404048257,-0.2837870338314665,0.03229786080722752,-0.7399606953283789,-2.7810477801672717,2.212207865582644,-0.20736890837677333,-0.6173468624804437,1.4753855728820977,1.3715585095728138,-0.555164694956617,1.3495359443237047,-0.3345468223968055,-0.7720761877365699,-0.6507684988082136,1.6243978446560776,-0.284537916939088,1.5348234611948222,0.6662423070502176,0.32042330835507793,-1.4095369075206796,0.0987491105488168,0.34256815071140817,0.16853828857766148,0.3988061241938077,1.1979251724588844,0.6102535890990619,0.19281286724500551,0.5440518028989358,-1.1781477179963658,-1.3980079878469436,-1.143161638388097,1.8314698297977616,1.104666284490052,0.0,1
-0.4319418942332024,1.2442957530158083,-0.7940093544014465,-1.5522048314527408,-1.0216703347135423,1.1268063325085518,-0.6529610032205143,0.02983622216982232,0.06821613328392659,0.8354209736234801,0.12006349172059645,0.6567218088169449,-3.3005512498683576,-0.7009487603371984,-0.6351273372016595,0.5255905924012366,-1.4996363971137516,-0.30202937113470524,-0.9575627661019602,-0.6852504103583068,0.03660489188748013,1.2234098057193796,-0.23290472511240198,-0.2156865724300889,1.057590163403608,0.12396117105517496,0.5739769411549406,-0.7844749798265721,0.6460992307929299,0.7934709986878198,-0.7194444209160124,-0.09117124705749434,-0.6803887831547302,-0.2237896366734656,0.44443832904458097,-0.6610753490119304,1.038516349876234,1.0250319230584162,0.8712378684026219,-0.6060688520913247,-1.3263753426410605,1.2389266394738088,0.6338136456761331,-0.3777683618777232,0.3811240421210557,0.5864946307540534,1.4112135751688315,-0.97993188942277,-0.7316627470698776,0.21523576825781066,0.0,1
0.5306053478128242,0.4035480758992852,-0.07076038450494512,0.7510923731508475,1.6067826142096964,-1.5944960695824328,0.514418771075964,0.2981072358405793,-0.2208709987329645,-1.0150943928938572,1.1408089147855585,-1.1899814494398573,0.21558020443228146,0.09574302981750367,0.051087552970630834,0.3643521068652796,0.1345205247951729,0.3678487324528292,-0.4147725404100094,-0.20194373036509367,-1.146927220666345,-0.14220853042675027,0.9362726078217704,-0.7477091286691889,0.7277871830495352,0.917629134506216,0.5806777720493932,-0.6878079099256971,-0.4178666024670596,-0.8093673436930114,1.4353816084825817,-0.5985651945172124,-0.2523239800221532,-1.6647893685081456,0.5483326255455032,1.661289162740931,-1.2161763534022811,0.3978451598698787,-0.9845318002957896,0.1672159475719686,-0.14430930807610004,-0.12917753552097055,0.686853763524159,-1.077978551364955,-0.2853115767736064,1.1383853132389343,0.9813965187082084,0.3407492361237874,-0.8369075985972185,0.6246164188617948,0.0,0
1.7179187995562857,-1.2082339142781604,1.098807096671725,-1.2388207743512123,0.9693167456345422,1.0519897769603483,0.02428402616094301,0.2541576121001765,-0.6252428118429799,0.3859741641394546,0.2905926838384968,-0.20244704664185492,-1.10694109200251,-0.8136222455632758,-0.8845547969716391,-2.11077844504588,0.4521844795552614,1.1647598494628535,0.5674820026560622,-1.0109518586351292,-0.21382684400500498,0.5593163696669198,-1.7966805636531198,0.8968827640155599,1.8351987880232927,-0.015896793502483644,-0.7528789930536425,0.15045215572792428,-0.6051807655117638,-1.1083476193307635,1.831143046480945,0.1515418320123152,0.2660540912852295,0.7348639957278424,-1.4865368365951142,1.5458763013356245,-1.12586286428061,-0.9340752405664472,0.5119597585997057,-0.9090504637558096,0.13759275397967413,-0.23846519575765335,-2.817399119216264,0.20062614981386293,-0.6150693841296031,0.07679570843703197,-0.5067263639511062,0.2358952246768453,-0.196070215633992,0.10268443307324074,0.0,0
-0.016717796898707806,0.2084835580735272,-1.6959918811693775,0.9063332518074064,-1.2503101721766896,0.10582853016531177,1.700212391647508,2.1395136906359444,0.1401113831965951,0.08583471752755804,0.4435462326790602,0.5033518790721156,0.04487184210492333,-1.1164927016166917,-0.2419035953789412,-1.4714911289514319,0.14917477839779844,0.9649595041169106,0.5668356906036678,0.5679571220304825,0.6663946623709979,-0.4337587628088101,-1.307863369695135,0.6229459364312844,-1.4101898860611792,-0.8562822979075291,-1.907669360495232,0.9632334406225468,-1.4093355103783751,0.12655458801640246,0.28527213247749983,-0.08869835518822436,0.8276757026441964,1.504377307630646,1.9408230782582017,-1.4645495681421137,-0.39212947074822746,1.3554396521126388,0.4085910894912432,-0.7845477322636998,0.8509048195628618,0.4246405671316623,-0.4038053644462396,0.8368502504530827,-0.06760282387749374,0.406493280572428,-2.124422282280741,0.3157983990300146,0.3086829488859233,0.4655303456307925,0.0,0
-0.8212388035215745,0.4233542024440881,-0.14533248025798312,-1.3336378473984598,1.7348082611954263,-0.8311717134186221,2.5470832337342557,1.9597245546522148,-0.01327312521849208,1.713505290325278,-0.8956903304473347,1.8187179388961596,0.16562267257363222,0.2510965675241796,0.2991563891816328,-0.9804611853575106,0.7042209229698767,0.4434225362287197,-0.5080236072119996,0.44716038316165024,-0.30803257327355865,-0.17792792057748671,-1.4996389762604114,0.6611517929913177,-0.7998748457413812,0.6318930305406125,-0.17818832856356304,-0.9359401005186866,-0.6995571964358722,1.6430561062149025,-1.0225295319084833,0.3028580943265133,0.8321450223978836,0.5464301822525534,-2.9184176176754195,-0.5551052292600471,-0.4475627845271928,0.2277806258636088,-1.60554843757367,0.3086939505114742,-0.32083795257587017,-0.0017571686429761464,0.105397284435118,-1.2364481460951358,-1.2284489670008139,-0.8702061602801432,-0.11586172228999173,3.1953301871103683,-0.5294301705430183,-0.2294283845283066,0.0,1
1.3953398509962252,-0.07946335042806005,-0.591068730181048,1.8945346417644098,-0.672180547903507,0.4336321907232656,0.987715247783562,1.6670681796858555,-0.9774824199098208,-0.17435366548533585,-1.2305223897179818,-3.0308003230742937,1.1383002398848332,-0.4838443561426958,-0.5196891842105161,-0.17905433208927907,0.5451503173858666,-1.6771383764546863,-0.3702593753396611,-2.3037713840485017,0.9116218369961471,0.38110178480580587,-0.9484508711968096,1.0360526348432777,-0.0576023885243813,-1.4526119125296104,-0.11716652861113447,0.4143858893332725,0.8580145248091905,-0.4558072575309029,-0.0504759817731223,0.12245475020104807,-2.048113168873908,1.92754832886708,-0.3313973050448104,1.2972497938697023,1.1753360769984729,0.2725983857750412,-0.11539564782313312,0.17191539386301904,0.0511932367651791,1.8320122861855692,1.3971569543517293,-0.4860177719312072,-1.1849270166957582,-0.7504209213785926,-0.06453451414406132,0.4251386573532056,0.7107663661556856,-0.1546515128961245,1.0,1
1.9960592555495908,-1.7961074091922866,0.229464501889918,0.7274751817123941,0.3934804398869589,0.4834008684756304,0.40467313241438463,-1.1419112074011737,2.1741811869392778,-0.8830948667790391,-0.4932471397004716,0.9443801965568721,-1.467237595833646,1.7545505303611375,0.995414376034076,0.30190901143849336,-1.6948711055474872,-0.23387454636430885,-0.7196109517693604,1.7430849196097138,-1.4883928717990975,-1.9953081659015348,-0.23045400464753316,-0.05670711399319419,0.932916159421968,0.009604667576825746,0.15476121658064268,-0.7521718342462028,0.00474061537235715,-0.5446899491036225,-1.4015581553312364,0.8966630593852833,-0.8643198585417369,1.1956106430662448,0.4464156467974895,0.522603572587329,-0.07951201080516182,-1.567000398797055,-1.536448240049639,0.362489751944252,-2.0672199752406715,1.1719806003719693,1.390841061513868,-0.5658834627945541,-0.8795846618256962,-0.6343426630195579,1.344799924882971,0.5255661562499071,0.4797943612702397,3.0829786350946105,1.0,1
-0.5208745209044017,0.03313488071835841,-0.5091424942792819,-1.1242458395363044,0.9307994420140976,1.0833964942916796,1.1440213045251022,-0.7394097899361374,0.4760405278147194,0.700254718947026,-0.5616334932224799,1.4225246904771969,0.4107220021044016,-0.539598389964811,-0.3202092001877169,-0.10942397806095044,1.3075826654654092,-0.9073512176017104,-0.26836731215534576,-1.1544041153141251,-2.603504534631295,0.24814470038900235,0.7763618171743875,0.2844440799283989,-0.008625069348438853,-0.09559291263184516,-1.4981248659378548,-0.30415079385123783,-1.065296374279274,2.6240083968864045,1.2285058547034515,0.6805712898183629,0.8495882195215756,0.2638077576156159,0.8927895567454844,-1.0605782690048935,1.957463175854987,0.8114435858080403,1.8367256158057756,0.240006093466838,-0.5975819879224203,-0.3007502915367594,1.2964699625525318,0.25528648171858664,0.8595100630542484,-1.2374361405095164,-0.2739002106184554,-0.3154295265557837,-0.4539294233997524,-0.5665713392265601,0.0,0
-1.0250131230596442,-0.3650372938172874,-1.51521443937986,-0.11256515801716577,0.4342516809269865,1.2663998269223735,1.215559700149432,0.8165159449816062,-1.4734564776427117,-0.8249765833771293,-0.4894935060930452,-0.3213014396015333,1.5203415612876918,2.191211349261455,1.303470803161079,0.6608348813403332,-1.4394819242018368,0.0619022068821325,-2.8200587717930095,0.8937265285988704,1.0205532048363763,-0.7550470828556852,-0.6960232143324155,-0.3557411256986348,1.4926786149458555,0.3338308143449976,-0.2749832091021772,-0.8957363480478696,1.1924639203914136,0.6945518840402115,0.4068898046877363,-1.254768073200674,-0.0905663763556102,1.8125487226118082,-0.16237797711955226,0.00482732403623906,-0.4999018049768447,-0.006469260993596285,0.17296963570572546,-0.8479953801766261,0.9955799849564136,1.1431827115827973,0.09149183187952327,0.11871342494224428,0.7678776226773273,-0.9452543557000096,0.06384521405667555,0.081837395548292,1.530568121862546,1.684137489353239,0.0,0
1.2281851126587886,-0.6381221734785215,-0.7718368270168843,0.8504398074463901,0.4615678823789275,0.3755541203489104,0.6719867704324971,-0.4527719540709052,0.7873205681936749,1.1340630806697212,1.815026137625193,-0.6207407204067162,0.6420123463331249,1.2029459226637935,1.1118790640832972,-0.2669244200410987,-1.1481599464124388,1.4221091517090751,0.18692911992084948,0.33113683625451656,-1.3453469604622026,-1.4083965371980216,0.7473174790289748,1.1040950292010778,-0.8396121364484672,-0.01561543888922431,-0.07687689231750182,0.78857913131376,0.7222343048499528,-0.9578745071000032,-0.019806344775777442,0.03413888573967302,0.5027270152765896,-0.7327687844652596,-0.8897220894818829,-1.330798935932368,-0.07609587789283608,0.5043165929381895,1.212634651490075,-0.007333695010482513,0.5096214231784999,0.2199471694340784,0.7621379763183233,-0.07643244826869675,-2.1337217663760644,-1.0745098727264983,0.8209514209854235,-0.34137506180811195,1.5859693666998127,2.2221610036398483,0.0,1
-2.1035200354481227,0.1876182338569007,0.1194730682359997,-2.189993455243738,0.9814487434811991,1.0643177561004673,0.2489079758234245,-0.14455476732769215,-0.875526047370918,0.7888303333231356,-0.244007592041143,-0.6504375341599126,1.3021558460187208,0.9206412393939496,-0.4710734716131779,0.002447321129649468,0.8781352563914467,0.7519760926735062,-1.3663661113787986,-3.0822188813679574,1.3501892988718027,0.7837376751778798,-0.19830597216265608,0.5896353710202357,-0.8060873870327541,2.3223249583598533,-0.5909517584535257,-0.9944893820849542,0.8780442124667885,-1.8806081292017232,-1.0374743317698336,0.19498593372251125,-0.11611179214941995,-1.3445064242824851,0.9499962768376058,-0.03832151958920649,-1.018951251354804,-1.0738160733207422,1.4430975496836154,0.7719147265965106,-1.6737578472060135,1.1865308590984145,-0.2647966805293241,0.8757841003077623,0.587491539502326,-0.02675466104965027,-1.1935992566461875,1.5971423645635183,0.624661331685056,0.9181194646262548,1.0,1
-1.5826677892441765,-0.5022039848202126,1.4683003407998654,1.3989933585465806,0.9257971225161884,0.8402167933659386,-0.5246812826528174,0.7961869969562488,-0.6869890181185189,-0.21497013770541135,-0.6116381438719737,1.1466007250189207,1.7871007075209786,0.1550440939820069,-1.832650334739324,0.431448322048136,1.2962487944400891,-0.5579089620610062,1.2936643379207182,-0.19093231140309566,-0.6306414872222621,-1.9504817278271551,0.39220893612426977,0.2369353030487724,0.35802150452027,0.4552255824109842,-0.5552486067650312,2.471635581934766,-0.9748473841284788,-1.369927967691816,1.1421086715984647,0.7434403906696238,1.2533080785959003,-1.5859737203621114,-0.7302647614431108,-0.7111946737565448,1.097118363030648,-0.23874902095939546,0.5769849480788105,0.12048480226503105,1.1948741289125562,0.9239579933920896,-0.3334913219702953,0.7282387573892375,-0.4151626128671509,-1.2077132864383358,0.09548999760384072,0.3172954412457532,-1.3162299195674725,-1.2202631302618347,0.0,0
-0.07264751576050313,-0.2337579685206016,1.294094924181696,-0.8544412535775607,0.4885063675912236,0.9697281161378096,1.1626916303694226,-0.06935165888196453,0.3131683444848226,1.629294680818845,-0.6557729275694347,-1.5666401595327228,1.5774703432187571,1.4410751806542732,0.04397482065278057,-1.5677441487899741,0.2647837426672605,-0.5788937097467962,1.3100561597073357,1.6586758836441309,0.9668711316674432,0.08183284998316878,-0.5191090141643944,-0.1474416242805048,-0.8465720673955367,0.8275710253681102,0.11889112536611605,0.7661576099780769,0.1772902018816053,-0.19428895669315172,-0.5958021953289331,1.5770475688159729,0.4073041534723153,0.5150676905094819,0.4467194175527556,0.8440055051166256,-0.028079274546865318,-1.0028099670331054,-0.9003038391934886,-1.447525769506008,0.16963008249485845,-0.3420107992929365,-0.3695800982815569,0.5999496052258345,-0.8749055010177593,1.6117132413508883,-0.4668841511609234,-0.2642091793336719,0.4710783761976528,-1.070489816230665,0.0,1
-2.5169280768182407,-0.4865030918299701,-1.7939014149643715,0.29776509956721825,-1.8831003069003347,1.9483938544867088,0.9272310819868343,-0.6173762389530241,-0.09088619705873567,-1.144054649685846,0.982586140082714,-1.7082632155959907,-0.9609828082173432,-0.7399498720116467,-0.008827862469986566,0.19620843238670824,-1.5368299073222664,3.474039351625002,-0.6195876384579535,0.6271934596317835,0.07317343260465953,-1.1066189413612664,-2.4880326188691786,0.8002755933029863,-0.2438636945197379,0.7461181398339984,0.5276934891559427,-1.7270543819827249,0.16625391324691496,0.6010629790848537,0.3539783815418543,0.9811591244718488,1.690549701983414,-0.5836666323953257,0.003046695653645318,-1.3179644414828833,1.4317298276780268,0.6984303176179866,-1.4479407409479534,0.14453022085281808,1.5023218095243749,-0.37511641850430144,0.1477744414914573,0.5471280854370776,0.08839069040247992,1.2018167911325288,0.5535641994612617,1.1865886388655815,0.3457308727261407,-0.989567142184055,1.0,1
0.8497538577862546,0.16837871061682275,-1.1948521253381157,0.5722966111653671,-0.3747055614488939,0.28079868564634697,0.7966449955839946,-0.6654238867523955,-2.0913868980950414,-0.19579676773198984,2.1049345363533805,0.2022099767453581,2.3005322766918224,-0.4405808465749874,1.1068547522830945,0.27011002480572605,-1.1795260280964734,-0.08607493557024698,0.5855099613774634,-0.3367277395937635,2.3572531156118997,-0.3190909821857341,-0.16956679284648962,-0.6640648087490175,-0.3201334131196973,-0.0041340771953887155,-1.0707715938710574,0.5782720026181039,2.624837645499862,-0.8892453224144349,-0.1163591815108274,-0.8148828567536236,-1.237020054264125,1.181722795866801,0.6082206698299575,0.32045595812072825,0.6932875593563514,1.6949416961433117,0.6114244438302239,-0.5487846649572163,-0.8351028612444038,-0.16470749410453014,-1.3652254494807676,0.9177990624169416,1.0569130900644124,0.5786555308038165,-0.9466422996714654,-0.024350038966878814,0.4906330659580197,-0.09170056355210986,0.0,1
0.3617540261398779,0.14780672701699007,0.1300960117673266,2.2391358119305336,0.6278637555943479,-1.0127587676568008,1.1530698351473458,0.10865460902809423,-0.02111457055428236,0.07560665757995239,-1.3701119866083975,-0.4702297201928485,-0.5126068516407373,-0.7726187362533864,1.034446226845244,1.2335087756638121,0.3324659429805389,-1.6819444688946812,-0.09775002278999922,-1.3974252130806015,0.28255080659449106,0.9617757007622292,2.7226237410559637,-0.7205770850283305,-0.6917091232900445,-0.420025626186206,-0.4860145782192972,0.8614875738904522,0.16768955411567701,0.2555458328936487,-0.3652415561109511,0.6608534192525735,0.3702749405640874,1.9450908812779275,-0.11691690705977717,-2.027786360613089,0.5704553140134246,1.6184074801107342,-0.740481211182283,-0.44823036499590585,-0.06003335664757225,0.1620759219080471,-1.0506132829813046,1.3466251603240311,-0.2120779585335275,-1.0325993561743922,0.3530862571335214,0.502855902034141,0.14019792658817531,-0.4742906226053567,0.0,0
0.8661223301211205,1.1492703521341698,0.2579945422335033,0.09523958460127414,-0.21136363000156172,-0.4596648704547547,0.8687760388267476,-0.3670653195034799,-0.1448298317156638,1.1548734350848326,-1.6226258555327266,-0.1980551651541903,-0.3753086795710117,0.030109670607355175,0.008185539264249031,-1.8916331546051213,-0.9905685752143109,0.602272666015182,2.217790952189657,-0.16476083473850908,0.0113251680892176,-2.0228044361098987,-0.539926019653542,-0.5808624129947214,-0.5355505802825301,-0.5212060250812248,-0.06571163100003795,-0.7511539256557563,-0.028533514561061683,2.1135236156633743,-1.9101496365895427,-0.17485821299925738,-0.183029991300046,-1.7347337738479038,1.0738653601977717,1.5381168683558544,0.2928109223779347,0.32337987215964936,0.27237565978547884,1.1561568756712122,-0.8972088870299725,0.8787278402107199,-0.09980674322263737,1.971754933031058,-0.8545219990866447,-0.7971403207877985,1.3272137206757357,1.5431143875061877,-1.0939224480003562,-2.181258684698114,0.0,0
-0.6431996701933975,-0.014192483940161872,0.9288145526077884,0.0973765959694904,0.1741660977313404,-0.8292576015840482,-0.3799832140806289,-0.007589312161624826,-0.16262257975642636,0.6063122414523705,-1.7095318122001215,0.6905983596506675,0.09864856321950882,-0.4115644039985794,0.2488566144777034,-0.06944075486876057,-0.15368660969722972,-1.2764149675585397,1.0292939396964988,-0.3039312431660593,0.464600059130861,-0.6413497968315041,-2.546467240491596,-0.16220832679341135,0.3393761795344716,-2.1668858907943918,0.08874416674130424,-0.2565295752896193,-2.1249251698512435,-0.03505589233699536,0.12958080467816674,0.28179001669268605,0.4848954546568415,-1.0214744139192902,1.4804548478831598,-0.2686240969994621,-0.01674756644230081,-0.7772677946461182,0.6965766595048927,0.2771722229734813,1.352749354032153,0.41722658418219016,-0.3327744486401015,-4.222104954210293e-05,-1.71322943949824,-0.1985757829385804,-0.21393141242086847,-0.8147394530743366,0.2387301317696831,0.2520008274114443,0.0,1
2.3254237125804345,-0.646862594110505,1.4215732819872076,0.2648457524005737,-0.5225799156470983,0.3667308056950981,-2.131912273020057,0.3585125890374167,0.2717575008271262,1.5564678659461058,1.1993186486954794,-1.3610034914275122,1.683855853580249,1.4487884344361202,0.202301938298805,-1.7143664180874654,-0.4436862200549676,0.7309856872962333,0.2625866908926477,-0.11682476463747014,0.1194499064927366,-0.5892923989852776,-0.5078502419162897,0.32877886568832754,0.20737065387554585,1.5201954084722302,-0.9021593265732222,-0.9130389877244396,0.10580253142288183,-2.3432810586761184,0.249487312314172,-0.9153262099404356,-0.9147657837591232,-0.5688170461642104,-0.6346977514904466,-0.6609621597761766,0.6876392101545472,0.4732264069136755,0.41874175261632,0.9528663985280614,0.15912126004568966,-0.11841352658636516,-0.5209048262991621,0.01642634215566533,-0.25945184136774924,-0.054636439463479285,-0.2080698757920537,1.3212592450607181,0.3377662449342829,0.18648246348364608,0.0,1
0.5360824765772656,-0.4014307373569166,-0.7354770924451614,-1.8160105125498751,0.16472624532837374,0.5590099056753396,0.059062534175005996,-0.3073190036174501,1.882278535074804,-0.02557321317609682,1.0025683720605023,1.408259778891149,1.7330844299301025,-0.5283439447922903,-2.2196506621354946,-1.20878074749997,-1.5385872789294948,-0.6387381016887858,-1.1414878006915523,-0.022564029712963136,-0.7465429936803938,1.4792829927239328,-0.9382835181112608,1.911512744621449,-1.0948257733856377,0.765831526766813,1.5869285543514702,0.5677905722886194,0.036282543413550125,1.6964026521233808,-0.9829355168255292,-0.4199008682309665,1.1835457826020224,0.6935563290461522,0.8014591387616566,0.44957243627394977,0.6080748913206641,-1.2804805086274953,0.23038694508501056,0.0051152770131908136,-0.31650671354649673,0.022395092032714083,0.7862679960596244,0.4717194247613887,-0.7020421085734425,-0.34532732356159324,-0.929419439956796,0.2501575721187241,0.026487467181530003,0.7773181860344758,0.0,1
-0.5116032420995094,0.34120350467987504,0.4170356342828681,-0.040144696684985666,0.011731152066166966,-0.6481133091701243,1.6427327509306553,0.4986869164407767,-1.3290375613795644,-0.1609346106834662,1.0880986503311507,-0.4382745361636221,-0.5084882082342058,-0.16649752318853892,-1.8703771281189805,-0.015715173801380874,-1.0324977041768943,-0.0696736077146394,0.2209940828041624,-0.2494108688553595,0.6008222744778645,1.6901372188415087,0.6271686121158618,-0.9796224102526998,0.35008990381102056,-0.06719138690376535,1.9763111896545849,-0.2488554060144222,-0.6349184292967449,-0.11150871031958752,-0.5957164346281153,-0.08684664138027852,0.4681504491899821,-0.7191084043575702,1.0165306105690664,0.7404184122549069,-1.2082684052065529,-0.5313234025275579,1.380899703494997,0.2506495614297238,-0.01010570398891198,-0.4685398703974386,1.1677345422531018,-1.0495373970440065,-2.1472315220396383,1.9321863392678325,0.7558128476689502,-1.3535871000738329,0.5062704937392056,0.2088764999045009,0.0,0
-1.0463323119366146,0.03187507928886246,-1.351927535775821,0.2406288830603621,-0.3364605737212988,0.6689087071328479,-0.6382564895346978,1.0437634563376614,0.4679256005532556,0.441994104350998,-0.7314524556237725,1.2592702685088522,-1.5629560248655658,0.9037835744899289,0.8576945042453711,-0.513227076588938,1.3364832839004823,-1.163274834977806,-1.5516952412936318,0.9005318604680459,-0.6732961526715705,-0.9913005072315944,0.8263849165933299,1.1810640545792477,-2.6291760260755503,0.05127962650102021,0.4927890786815443,0.2548719725771862,1.0515686198189098,0.9032897286074572,-0.3359512900618572,0.6567949023749863,0.3744265293405036,-0.8744389419583117,-1.6890365204294209,0.18111431569596664,-0.4687698845262831,0.21681428587405244,0.8021023976049046,-0.009048243124524584,0.9846055795275579,-0.8566934750316084,-0.2198319263633091,-0.8935688077718151,0.7428961968191061,-0.15985277032868825,0.6140020832816687,-1.0141059590536574,-0.1635971559118626,0.6256269066513653,0.0,0
0.07941831612859147,0.3288480786483372,-0.4722094291802083,0.8761569650229888,-0.3362903341161639,0.3123494361401289,-1.7411683766383907,-0.8894503053323417,0.7308418635620519,1.1375652456560974,0.7452427622170215,0.7810381908824485,-0.105660957050078,-0.07758041549544467,-0.7193009307096446,0.07392688571387622,0.492262837966024,1.1169678880155172,0.2254870015506917,0.3265786698008897,1.9219416800084088,-1.6970976687769015,0.2956233680011953,0.4262035675734576,-0.7300417478129501,-0.9878302412791832,-0.07739563294014197,-1.489574989476392,-0.3143606964654236,1.3601354830304606,0.9046148813288784,-1.4526843942420604,0.4007838492343175,1.1525287403004885,-0.4606711562958231,-0.8121042887422474,-0.09237291260839478,-0.5283774020239425,0.8673385769659778,0.11977560291726165,0.6244649233738511,-1.1064020204010134,-0.09489321455898354,0.4367898145277278,-0.4898784525545283,-0.7728297647685225,0.1111251642725644,-0.5371876812002323,-2.278014486889992,-1.007172424655812,0.0,1
0.07871828842390946,1.5891200165987511,-0.8869664184221877,1.3746576397838037,-0.7234333323238878,0.9687794535529762,-0.5583760402154516,-0.4760643475040893,-1.3878216393299698,0.8111104383476015,-0.6254292859680739,0.8733036543095041,-2.061570058805968,-1.92699102393356,0.6473380686352579,-0.8462461373544081,-0.2896591530367854,3.2250941880390336,-0.2449309823078156,-1.9832959963586592,1.4181524985374756,-0.3976114783364712,0.32938657851571906,0.9062423825121854,0.6285749807558069,0.6832896641724634,-1.4045925830810664,-1.8635553595741972,0.7875976679999177,0.04715847457669319,-0.1120520308508306,-0.12813575536069813,1.8038398194222929,-0.9156787554596836,0.16864712033405285,-0.6576394255054216,0.7290565548465132,0.10046824795162146,1.4278722306547749,-1.0437422389122244,-1.5218240767192397,0.8349567803246288,-2.5097635847315622,-0.7249523554779208,-1.7740274552009463,2.043610517275543,-0.588399851187417,-1.170767045612926,-1.185727258629132,-0.5030538730779139,1.0,1
2.74147897123399,1.158981716520962,1.4722309267958995,0.4874596610868822,0.4673625824668477,-1.531666360546945,-1.0270885228659348,0.23453390793993115,2.5535281164394146,0.889590161359905,-0.5910211151338967,2.1489828927200296,0.10053311188057958,-0.6732288366259269,2.2080050552166908,-1.0413819402269453,-0.7643177493860631,0.9685540075336008,0.014813823544695053,-1.2069471369751743,1.3448022101872077,-1.1694317170414823,2.215834051958036,-0.38985411137870346,-0.7954197424518479,0.17924464801648293,1.0644417534849622,0.54957719323398,0.21943360132838252,-0.7519689585082879,0.7021952964744159,-0.3561573217396874,0.9744455893341601,-0.5160644466041415,0.5927886869671429,-0.32989624653676897,-0.3069001664713575,0.44112101043275065,0.5937895275114822,1.9689402799209403,-1.81988744964012,0.3799649746903057,-0.3715155451558404,0.7610786423032179,-2.3405438416595605,0.3342773282234672,-0.10529957932429132,-1.9993555544476058,-0.9488092544222958,0.4991465210857994,0.0,1
0.5028016534134883,0.1755668695986698,-0.9095006475682812,0.4386740511987861,-1.609789969166146,0.5598367905093704,-1.1088033483107635,1.5675852089741205,-0.003252084244855813,-0.9323130153586096,1.3055718861741472,1.1674208562357389,1.6455848966391196,-0.9165962832672248,-1.0034942838162992,0.9243031743867116,1.0046834386462542,-0.8346164749926447,-0.4540439383394306,-0.7851058381925873,-0.3242435987172124,-1.7468733931385916,0.06188249601651865,1.2120356485659771,1.1517627281092118,-1.2855884767430772,-0.8320554564297876,0.7261411781318112,0.5136118406890415,-2.387656730248463,0.7260638410205246,2.07205079798194,-0.6124895630630067,-0.03693036057241168,-1.058878110731497,0.14062842580290594,1.055220648041263,-0.13395862944197914,-0.07695990260880826,0.74777855159352,0.5977011864209171,-0.3941680562980122,0.3734746852058948,2.465914547245156,0.3491328951902021,-1.2674969162455019,0.9142154657216436,0.4901653636212803,-0.3659763476446943,1.1661448868863449,0.0,0
0.20978591505408706,3.077722425147258,-0.4712317845529352,-1.118250662587902,-1.5584273796970654,1.2916417693444708,0.7694536431279164,1.0242088976027428,0.3227683911509181,-1.0382807089297632,0.7627870254034531,1.6779492748759164,-0.2391067110256621,-1.1392085694962804,0.4561414548053779,0.8824467565593699,1.2916225661287486,-1.1925459597596708,-0.2001023909594264,-2.086900600013566,-0.7282797788742711,-0.3224413674173369,-0.02191175497644088,1.0690421213826555,0.5060188286427212,-0.9338731173519904,-0.054909883085966164,-0.8694148751444489,-0.4618934802895964,-0.059596236613700775,-0.485695430646121,-0.2453151521702968,0.9060125960131964,0.19125857474084487,-1.143589997076421,0.4510114684763493,0.7844897718706855,0.3060782339695671,0.04777048413927923,0.4536114925837605,-0.07575301440550583,0.0037104528998549227,1.931686499559642,-0.08696045390379163,0.7942611861410667,-0.061218011220540436,-0.14343577604465538,-0.3007354937495545,-0.06845135503523571,-0.29762630925496025,1.0,1
0.5959137148571868,1.7041688473037793,1.4244826862624689,0.5022579158933401,0.8898483953325615,-0.0875560630774289,1.1581294187630171,0.05768724239272165,1.336514547566248,-0.5725812137578291,-0.01579058103226444,0.6093899557795669,0.10258985033188413,0.6881667655656305,2.3516955878467867,1.0310833085676412,-0.25443424266765,1.0889861709143998,-0.4331550659607162,-0.8597125477320992,0.9535300920291792,0.6160690819122622,-1.4503578817903469,-0.933318716653286,-0.2805075614397414,-1.1836644980900677,1.3734544296831996,0.958500781160586,-0.5091517003725566,0.5411803319693458,0.6134138909203233,2.134240826432612,2.3333228704367617,2.0239666412383936,0.3566809463860275,1.895484077255846,-0.01897391888329257,0.5394741439447831,0.10932824235627643,1.336433417318368,-0.27009380647158354,0.01864092569954208,-0.08472922657908183,-0.8217131273447179,-0.1007329233971541,-1.965432410344887,-2.185477384625281,0.4239041971465594,-0.9214903770153838,-0.07490518588418363,0.0,0
-2.0497783182623484,-0.1430465481689962,1.371608209071677,0.24202489952722164,0.306920773287461,-1.6610194963971916,0.12509784638094334,-0.2411446115877335,-0.4193017945223138,0.7150007711383091,0.10385073090511936,-0.17087856194285433,-0.9677179777543444,-0.1001168114814447,-0.005761408078243769,1.6247770069908527,-0.7555102542447115,-0.9374967418955444,1.6647899433505844,-1.3247010053075428,-0.4636500927609248,-0.7276719931082124,1.3721821633993916,-0.0017367136692119285,-0.4101859805281411,0.4640024276366662,2.273837242414995,-0.07466104638674656,-0.031640511177725546,-0.2837391337251469,1.179534361677491,1.2763972288755705,-1.434482385354637,0.9743446398656764,-0.8688792462472308,-0.2886483780902479,-0.5941203934232485,-1.1311778750528034,0.33311487454669125,0.6160105505176046,-0.561529709976544,-1.2439216362002037,0.4643064499698549,-0.4708749048286278,0.8406778141318918,-0.3554210098276617,-0.6329566559238233,1.474896417037432,1.0717852488355766,-0.9409400916014616,0.0,0
1.5348559171312806,0.1573383929833407,-1.3796624114072682,1.236653680629895,1.7180155346852315,0.6798932913543256,0.9901935731076196,-0.41280163366937295,0.5148729515574728,-0.3714966450859099,-0.7255608970685149,-1.5858441174535491,-1.6534578895715872,-0.004510416177557722,1.3505542371077726,0.4822346472089741,-1.4650467427357363,0.6906769223119562,-0.7797959549701602,-2.012636006947638,0.4489846909421508,0.025489815253735133,-1.2213144630223796,-1.0519773333360891,-0.2735849964944263,-0.15460861584795627,-1.2125599117137835,-1.0773640216162834,-1.2202103131100268,-1.867153694272824,-1.735243261757906,0.6412602997668586,0.3315786675372485,-0.11685531452560274,0.11647543921080207,-0.7855142304462313,0.0505347593579303,0.2782897453316485,-0.1287994091591457,-0.2418182566238657,0.02622021706755825,-0.8607199205413135,1.3021114007741101,-0.17687459677955644,-0.3277675067668184,1.3596362496065508,-1.9178699351055792,-1.091427576818942,0.34044981367125265,0.8760278486976933,1.0,1
1.6441165013282018,0.4765471351005674,0.2529137875321685,0.91107627431179,0.9678050493593988,-1.90575304576,-1.631955233519685,0.0009771523425924882,0.7615619020020004,-1.0284295415992926,1.3684686869230034,-1.6743358743338923,1.584640731497719,-0.5347826840645932,1.1820292523451592,0.2746053368493096,0.451132993052224,-1.1691570056975735,1.9183958898781823,0.19126116251382075,0.2594317495017894,-0.8439405298852111,0.8220472272981687,0.212010182292738,1.3648774159825834,1.9777878389546748,1.3082864525471951,-1.353957409926175,-1.8196806900697216,-0.6397104356376035,-2.4584610081332507,1.7590533454157435,0.7558886658851117,0.7409908474443014,0.5553516508096417,0.5965162312575322,-0.9266569239776477,-1.9372577363890702,0.4016547020156536,2.8084296285203023,-0.15455378555031224,-0.9538005524724059,-0.4136666351022569,-0.262979418216266,1.11554962972991,0.3317188630037887,1.6327092649477102,0.8734543813216232,0.19637496750835667,-1.040784748810848,0.0,0
-0.2248837932320696,-0.209548111127316,-1.8939144998400181,0.6138476138850272,-0.2183919976643312,0.8107465747726855,0.5585805886953761,-0.8953279803898956,-0.005133262067466541,-0.8826040396586102,-0.2558021603333929,-1.0887017116884077,0.8657340399139701,-1.5814514209353463,0.18286275243286212,0.05612723738099672,1.4043558780951642,1.4969548778532302,-0.7971254214551547,0.08312612209167866,-0.026265782922566056,1.6451027617596787,-0.42704092527460297,0.4040638069432877,-0.4298618173729052,0.3588926546072629,0.44597056407904695,-1.4932680863839136,0.4323715870386167,0.5724293353759965,0.2991816735290855,-0.7621338500802181,-1.0580141934873015,-0.4346889470469664,0.20700675446830466,-1.0126544074562671,0.4069434400463664,-0.9595390711776752,-1.0107872996146858,-0.4716333792482012,0.472032710931037,1.3455508029605032,1.1384579742133158,-0.5621258046685508,1.766147092264028,1.1366977956416495,-1.0062199086194992,0.6307870434763779,0.3042290736187701,-0.7588436233958139,0.0,1
-1.0686967131054257,0.1744327796474377,-0.017979048559668316,-0.9422362341711016,-0.6738054785315337,-1.0458479723444305,-0.418377947772094,-0.2889856108359609,-0.33076642578834176,-1.005722088459606,0.17307553777000084,-0.10624997150303543,1.8560409082785023,-1.6185251551710942,-1.412097397038765,0.11110040353572616,-0.1420874057349955,0.2186977081325827,0.008223289209628684,-0.39821914381250256,2.2960702064165917,-1.105577407590543,-0.5618883270430296,1.5399805000459628,-1.1098345812579478,1.3401836415898427,-1.0029197112372206,0.2673753523419092,1.5011805453455278,-1.0960909145973603,0.6724703600924176,-0.2410245702586107,-1.199820662912395,1.244757907627038,-1.3374540717229182,-0.8516005890724415,0.7239043245433149,1.0052202070883849,-0.979242937961614,-0.3462968610240985,-0.5799584853579988,-0.35076751376270243,-0.8701604850991278,-0.37501892940604137,-1.3914732018281468,0.933322929704824,-2.2125876026674547,1.1013944378748188,-0.6035400059776115,0.2528725848014373,1.0,1
0.17886999298005687,0.20407549964302216,-1.5373424906678346,-1.2887457430874003,0.6270978888867382,-0.23468707183232615,1.2602463982018974,0.9956693450666402,-0.7532111456847035,-1.5273174968410996,0.39797505804718186,1.6984147167479278,-0.8734065423728002,-1.4408498458911805,-0.9884446843409288,1.293005822968511,-0.6573817717707926,-1.7553178593545302,-0.8399728738664007,0.4887792741741117,-0.12878727065300455,-0.3704873354133741,-0.08603723357006329,0.9521820001244904,0.3519585761038353,1.1131693536150515,0.15343417078759194,0.336152356796833,0.8962159525771952,1.652964419333176,0.4347805806315806,-0.4541527326735049,-1.0729937927497353,-0.9483883896757704,-0.4752348187220286,0.7280725737125725,-0.9030369207833832,0.6013805596181937,-0.6467421562187936,-0.008995911622766554,-0.08294080657278283,-2.302827260572196,-0.30892248012438683,-0.6649315138091176,-0.8456849379247895,0.5434570371258652,-1.3628943411036614,-0.0003656759726759242,1.4853449266422745,-0.11376117174654482,1.0,1
-0.3186958346678685,0.8376870396567054,-0.2871988528753464,1.0594133641587686,-0.07894876887153154,-0.2426820845448637,0.6194687233734182,-1.573732190271976,0.7592540547424081,0.9429968387142094,-1.0224769196170915,-0.4157485698909825,-0.8937407684208509,2.382173168181394,0.6912768329577367,-0.7080225444073385,-0.5940791491688815,0.3733584506759858,-0.6993462170541304,0.7087466905241298,0.9449495373439596,0.9470288298883256,-0.5078146401990045,-0.11921428121058318,-0.9420178391210884,-1.2630200194150272,1.245899115808324,0.1158716715240804,-1.6475488439413792,-0.30825351073405793,-0.8424461691540326,-1.3301653171527987,0.4601008176447538,-1.5428485174719548,1.0529166678826776,1.0429695795910559,-0.3125015437980187,0.8902433562617592,0.06007541891656201,0.33517087123565115,0.5120882716909504,0.13534549081503933,-1.718900565315033,1.6874266717354476,0.17067948581299536,-1.3396629489540473,-0.913665669242296,0.40296077265179336,0.4595770779950401,-2.133692014285935,0.0,0
-0.12343577896969753,0.08550734228390272,0.2384517764723413,0.010563461717754477,1.111567789876418,1.6188614899463096,1.0596001891354605,-0.4211675836880788,1.4280453368010095,0.7641293076839284,1.6710513611200375,-0.3766382226090367,2.1131172874225794,-1.2781050562951626,-0.8936840101208061,-1.0001600895942788,0.4307742663120768,-0.2058311990505133,0.003666184249665183,1.0866308229715294,0.6367886918686609,0.4736434556653423,-0.2474481060989652,0.5968336026945774,0.28233701625930485,-0.12711274885154478,1.5045805686798954,0.8852901329778925,1.340412224834458,0.7154348138631729,1.4244692211810814,-1.0123964424286798,-0.3271719574838395,1.0285378093902435,0.23625776442916585,1.346043422444826,-1.1590175630604025,-0.1291902407742486,-0.3625719478637604,0.8190166167954959,0.13024122657803622,2.1833263766351783,0.7054230582061655,-1.2674458128312938,0.2436332676153388,-0.4053336744864589,2.3207339336953248,-1.0815790955041895,0.8924141580582536,-1.0768727295052438,0.0,1
-1.6959147855300336,0.7818286692971759,0.49098523532449795,-0.0915611866435447,-0.1389247708627762,-0.5380834079258382,0.3199928801055946,-1.2179981411302605,0.5744595472776021,1.2524927485735924,0.04163370098326465,1.2123281336360432,0.2828450879474638,-1.3245328358056214,0.582156959049991,1.1466742738327211,-0.7566656559470829,0.7802602271237709,-0.6700376433923185,-0.11990374371207806,-1.5446089835685324,0.2396341912256861,0.44341549650323975,-3.403989529282823,0.5654590240535075,0.4999099897802415,-0.1199204758346121,-1.240677248717574,1.0674369193699738,-2.3035112418237618,-0.3446957532396601,-1.0904409212461743,0.5370555266187471,1.8044573237214845,0.6340868143343894,0.5463739237332484,0.9356405050570912,1.0634184977438936,2.3982330012502207,0.9953371692639028,-0.5569258469217898,-1.4133759443924012,-0.02336406222873896,-0.9016757404668196,1.1174154152347724,-0.5662837962843045,-1.377971918705688,-0.7973628488337414,1.1268146923417042,1.0720411810170485,1.0,1
-0.3450474686283369,-0.016470492401380717,-0.2212457779283717,-0.3557461818756661,2.6583261495074977,0.3713666867240262,-0.6285642101227686,-0.06799089444647895,0.9771675325466652,1.007018509743368,-0.6077922587668455,-0.4662243189056954,1.5924613853746192,2.747161889468705,-0.4645381818408393,-0.07166937941785542,-0.1433212002690208,-0.5881279948128711,2.136814234754969,0.2062851223112822,-2.3923401409546976,-0.059456750262908926,-0.4252311267706773,-0.8279040577000074,-0.3927981585829928,-0.06308805117698492,0.2152080733928147,-0.4647728640677545,-0.1342628089719689,0.9759009403195166,-1.1625039666177728,0.0366598143427675,0.6172773856767778,-1.382807771058089,-1.923296643134425,-2.0690118168724743,1.3585352873784942,-1.6832997012640862,0.8054715333896612,-0.2790272063553286,0.24561007037227214,-1.5411683310936024,0.5907342614157057,0.04767134533014558,0.3403087462112364,0.13397591951189364,1.2238977339581298,2.9187402752632146,1.224576285110365,-1.9309449088857331,1.0,0
-0.8817081990129991,-1.6391022394389765,-0.21503121426208816,-0.5456140333160134,-0.4982770199414189,-0.2922289498631967,1.245351246491463,0.934526589451361,-1.8368807696792648,0.460242603944401,0.5875408173423187,0.23931094998385646,1.2563009842095358,-1.4631623045597772,-0.265678809625376,-0.1870947128123874,0.8639901180042419,0.9534808276640124,-2.3029668042511613,-0.26555340341838085,-0.6778650660254216,1.4068983650495253,0.7965126685771691,-0.19622115211694915,1.0053104537327016,-0.4543003197143625,1.2855492645491395,-0.7860078076645797,-0.7090480335528652,0.5969530895585772,1.74912874471025,-0.29639497056592656,-1.539217242766456,-0.8490407208604173,-0.0003445233647260721,0.721741931730957,-1.833973207270688,-1.722920886157786,0.4323084986780669,-1.0730496966808407,-0.17132655428653545,-1.4568856922873719,0.4980195725668016,1.18173084510299,-1.213956226604255,1.7786398462684505,0.4125882460901972,1.353794375904445,-0.7827881483274356,2.080851948047559,0.0,1
0.16109896649151242,-0.24105722733462026,-0.4042002671854511,-0.2897412765885924,1.758647753733297,1.6938263024307174,0.5877235089293353,-0.6950533716045494,1.1620108332232129,-0.10061532489129428,0.3562749567796941,-1.463726017315366,-1.5432800195131329,0.2462569945539085,-0.021200692100044043,-0.8855850176570731,0.9993712342296421,-1.6963143364149111,0.6135999282434306,3.439266504346732,-0.6966177017477769,0.5003395256138679,0.08332155718724081,-2.1726436389510377,-0.8500332012948381,1.2374082897101943,1.244167082925686,0.10912989349189392,-0.7374402845576795,0.6254904063849008,0.4468404134681889,-0.35363192051929515,0.2246222081224266,0.5305145610979893,0.7263972399934314,-0.04596386373189405,-0.7644083900317238,0.14938658947355568,-0.9231795162442056,-0.32073387598138675,0.8403942649906718,1.2058884459021928,-0.8187317093790961,0.25013103245560797,-0.07090566621184978,-1.0455774038146295,2.4276571218743723,-2.0737120562657294,0.9710675339303207,1.1204660101969477,0.0,1
-0.6047772656121715,0.1401951790993502,-0.8496812445556546,-0.4687810147933793,-0.3540743018404029,1.9407575343474561,0.21556952248293929,0.3110885978990073,-0.22490371259867334,0.9020821524168712,0.2577401951579236,-2.058091155458744,-0.4797039939781298,-2.158430420690728,0.060523338085185535,0.4535791187540981,-0.5106649894520202,-1.1739150197267798,0.4806877449644954,-0.41096066911144863,-0.762277443665352,-0.6909676326460632,-0.11212846512085893,1.28338396241442,-1.5375226791399976,-1.4453661202380532,1.6534717531550094,-1.7332205869546948,0.213099400459104,-0.4538021656168955,0.9410059854031764,-1.2882440999166047,0.1413241672304145,-1.4302997296688271,-1.433106926129385,1.4583507247553646,-0.17233466550953078,1.1197235352061443,0.6662270597260913,0.4941552882194027,1.4351548590013772,-0.16577739705988198,0.6259976681054532,0.4243268861775766,1.7093907548377287,0.15911240037564875,1.016109167084687,2.3767525228196886,2.2382827626572817,1.6912706489750367,0.0,1
-1.8880361833050987,-2.355070007004646,-0.7345069733797444,-1.4360171068723224,-0.19114493699165055,-0.6575720933084231,0.8413165303146337,1.72222727829762,-0.20753094802547556,1.071568846861853,0.8785925450139023,0.32847029137548445,0.6062774430811596,0.3376651425552077,2.8034545942735414,-1.3171514747716238,1.4518792290870453,-0.3033129597262498,-0.7548982016448227,-0.2491879543884259,-1.7768184938504108,0.3594632305408654,0.08033856215089184,-0.4918473999414593,0.7521630210857241,1.4570298713096133,-0.1453486573903866,-0.8553774533695849,0.22377000540427108,-1.2296358372786262,0.8203586740375169,0.5733834159215117,0.4194412950676464,1.886119517144426,0.6237995909634373,-0.294579484824616,-1.1274669739726475,-0.43832861991175176,0.5641928002766969,-0.014133948043990891,0.2133273219395835,-0.8601883576004897,-0.8652249480269206,-1.8821117890616057,-0.8113842838098441,-1.2186267468219945,-0.5272999773354213,0.9427055764252844,-0.571370445413082,-1.2109925207501802,0.0,0
1.055364394383209,1.1152929302168255,1.8010063972721235,-0.19441882727705964,-0.8421870365260722,-1.1481746800640755,-0.8315439431891614,-0.6727466028002431,0.6701164577350086,-1.1488726883100029,-0.2679074087564409,-0.951562610772135,-1.5700686335461729,0.9859800963973488,0.9239781543019754,-1.6013808577698323,-0.29677534752428475,1.189367897170757,-0.3333009281823424,0.9283619883589288,-0.722238413326392,2.1217128609126763,-0.6916241897094678,0.3955383071899092,-0.37190787091472144,-1.0394173465086036,0.4918405899833772,1.0037085890775872,-0.2655737509607294,-1.0405931019994223,-0.16430128756655013,0.3940625248695538,-0.23167982904969275,-0.24762589178271124,-0.3866323095104712,0.02290180158234664,-0.7125441135282226,0.32352159299122635,-0.9586865863664576,-0.3336646869211666,-1.1630661074955175,0.7597753778218825,0.9097566859357606,1.446521594541811,-0.3768584701024101,-0.12847425324180264,-0.4775326861596377,-0.12220247969770033,0.2076550075850339,-0.14926589409714264,0.0,1
-0.9065368301092888,-0.7579980981492614,0.35054185062831145,2.308525911493576,-0.11784815429011986,-0.12988787726479262,0.39246436922113065,0.5710796436910511,0.6909092120188774,0.5669139525761919,0.6546764853974839,1.2174584955709884,-1.2646755663412876,0.9181966453617728,1.8554566183136707,1.9983134685964703,0.06525993988241728,-0.7152609124660806,-0.02907887272548193,-2.409868089125778,0.2622067646367679,-0.5340418559194487,-0.4536030960595493,0.3819752162193603,-2.390035757608523,-0.990344019720833,-0.2046093907536057,-0.9924032907896722,-0.38836659086248,0.19441545990831746,1.3442421415615031,-1.2943250624142293,-0.5902454330180986,-0.1194583920855041,0.9944896531578687,-1.6204081596369546,1.2478939917273706,0.7189793139108553,1.887019764017426,1.587578081212824,1.231818541216408,-0.5907741651306425,0.12422584814889155,-1.1961563292750932,2.4177926874852367,0.27684822688389765,0.05559192112209877,0.3826877150227504,0.5301165847958172,-1.5471685489468072,0.0,0
1.9327191851170444,-0.15991260377300798,0.7888148071267367,0.8416606675280331,0.2546890253662689,0.3325248062548413,0.5107286341337997,0.6247657584742323,-0.2728823881015049,0.845377856672494,0.4597534665507301,-0.6040623935657464,0.7240485422068833,0.3340508767681833,0.2142095944778478,0.11132794277103186,-0.4545130500039614,-0.5912519574659745,0.05899509138436072,0.046771977805099216,-0.6809128551205239,-0.3351703614118864,2.4953176523375693,0.1821236521137759,0.3193520232857606,-0.07603938518854328,0.5325903582516353,-1.5092377833892572,0.7587897370160426,0.3607754254260195,-0.7997007688490968,2.0605846054359342,2.524340421201233,-2.0991563718370707,1.7880837186851668,-0.28587002660581,1.5653532309270335,0.6603441686540577,1.3255581117777102,1.7514692187806482,0.4489211998552385,-0.11521051835093934,-0.12771239361243028,-1.8827633140015936,1.3337481282538897,-0.8915803243648949,0.38438256538175614,-0.03107163477945892,-0.050111405969344006,0.8934473511039487,1.0,1
-1.585370812112481,-1.5083448116127869,1.0592155124537148,0.8296962829788938,-0.2709375336870353,-0.6034528992018742,-0.08045189161637788,1.1227234024198174,-0.18669311878495304,-0.9914241361176248,1.3558490690993723,1.0786152378021563,0.8483473788049514,1.3752021389876183,-2.7551589803603616,-0.05456003675636546,-0.4116753111949445,-0.6358362012310191,2.0510326864233783,2.4029664694202078,-1.8045434355856067,0.8516966074666082,-1.4132413302353606,-0.5508970477055121,0.5450464505405678,-0.7293594241276589,-2.5659282829492542,-0.9009545211669095,-0.1356860776661028,1.134308511549818,1.3689021943056847,-1.3039190910204221,-0.5550210503375743,-1.9948983618378988,-0.8379304841808596,-2.1448080081239405,-0.5113956180761557,0.12484785132524764,0.31600194106642143,-0.5735968294627604,-0.25119974521914473,0.7194079327843899,0.8466197163696961,-1.5290486829460908,-0.6301984594431763,0.9587733122096486,-1.4096468144569216,-0.041724524498323375,0.12408236379246652,1.6068410002103524,0.0,0
-0.007969241009143944,0.0790328635653089,0.5491100399656408,0.04537126326485362,-0.6285149223826031,2.063939471274772,2.2535315076616342,0.611618049054714,0.8866835531834403,-0.4237174840216232,0.3127112240936105,-0.12382799651177648,-0.2648461659880082,1.018467478717599,-0.4286032009536027,1.6385796780419193,1.332756160929416,0.7903888688225942,-0.4546837482869847,-0.3775755123162219,-1.2214877185009565,1.764644358523263,0.221749412594903,0.16499542181929774,-0.6191210289762703,0.4181845735378553,-0.3077816886604695,-0.5335785761001068,0.5461198906719296,2.1146847123773442,1.2617277990700335,0.9150963363087518,0.7474993048509703,0.6936398222738447,-1.867694915287692,-0.2398143412662205,-0.5414576857982163,-0.7073143257565507,-0.08256145700329211,-0.3859713949256833,0.6014552414160278,1.7296011851430448,-2.1835452060892715,1.2478301342362763,0.5569871993295596,0.5864063518258958,0.34893959214310866,-1.5103748602893052,-0.2377219017856789,0.20040956870709506,0.0,1
0.4974332507645178,0.6185428977758399,-0.5902349602381759,1.3584145484693793,-0.97288375496908,-0.6756743845416774,-1.2299882528571593,-0.2303087898319518,-0.6937156411494856,-0.905967621896158,1.3644798691038345,0.9901414856335842,0.2230328090499472,0.290830369476564,0.3832663970913359,-1.2728709149012618,-0.02339446613804765,0.3732366570627361,1.1753460993235778,-0.06603012759507791,-0.8326491101323659,-0.5819318297385354,-0.9233298195948724,0.02884001260363653,-0.5008302350829166,0.34443681293981965,0.742493785592174,-0.6629168132031243,-0.21749540731499276,0.11766214030815753,-0.6199754286002012,0.7977681414982245,-0.042277116726531117,-0.662829685975676,-1.2271828370696496,-0.028928753395396044,0.42353867590850863,-1.352688262286995,-1.2470483664096452,-0.613415374542006,1.182086671071819,0.5940501507651893,-0.3897535085826428,-0.6212887133766347,1.752598212851262,1.1189471956848656,2.119065930289079,-0.5307246406960219,0.8166218711482934,-0.35876731497954856,0.0,1
0.22515365029474885,1.5074791699449328,0.4140612839870714,0.8455363185874771,1.3749804094199207,2.065422546081844,0.22338381397806684,-1.0177223950550451,2.1144607709616383,0.06434037863558129,-0.028715005971260126,-2.2811327442362805,0.17656588585654673,-0.037004100462885874,1.558532650115957,-0.1020702712875713,-0.14381999395936187,0.35402828913589884,0.9096705678432884,-0.38064877445521134,-0.7053529828247794,0.04239602103814488,0.05190258045769997,0.7943338023437179,0.4537640962204549,-0.5498439333926043,2.021892431360626,0.2700948155423291,-0.34288156649989443,0.4098947965446583,-0.4603184776272379,1.2243319998787652,-0.4853784352288173,0.8021723543754569,-0.942177450341224,0.20901438257551486,-0.5927872510279281,-1.2450101691241915,1.281304689561574,-1.6718394394054843,0.6366142306420184,-1.0036225176258236,-0.2553208197936407,0.6176592212465072,-0.2483967620345487,-2.1182623380629995,-1.1178386524532435,0.7898655174351801,0.10146935888491454,-2.3584628591388457,1.0,1
-0.8799125858413659,0.14676645433290544,-0.8891206216298168,-1.6129087305540029,0.4596202885861037,0.3127662415616961,1.6092143963710406,1.1162898254805143,1.212932585113053,-1.0802627902143749,1.202743672552781,-1.260453715403696,0.4507945120348938,1.3221786960353543,0.8652469524861669,-0.16759839877715832,0.6363035014238182,-1.4994140160638645,0.7881615428200297,-0.9758992124266834,-0.8809526505052017,-0.006956648431496455,0.3160767624565968,1.962848458493181,0.16499731555617242,-0.2944130086234669,-1.903666229786568,0.6482717179553095,1.2836346585544054,0.33482986867770365,1.1268418252755177,0.8195211255549821,0.008987877930277303,0.4664284189542866,-2.594453878209816,1.4725492288310198,-0.1890537404982905,1.5600570916580168,0.26954376437118377,0.07739377449791916,-1.0548883099023596,-0.7690876582127808,1.4401962467709244,1.2983702884671613,2.135946687399231,2.362490973833531,-1.0283104939044407,0.8285303035018954,0.7895451019263425,0.7187432595486761,0.0,0
-0.9463650187733164,-1.3094453528479135,0.28326653640309024,1.2779588992829094,-0.06332667222698242,0.06232751278958576,-0.5638904977274826,-0.2659212705506005,0.3596113089655444,0.08911914621423415,0.233972797461822,0.3197487108865352,0.2989248617083113,-0.6502017625697748,0.8192141996962325,-2.3513623263817847,-0.8042925484490867,2.3877910646568226,-0.010197516084814694,-0.23274039021032905,-0.5140962940128745,-0.21891543144045972,1.5279310467383975,-0.14822891780430938,1.1423529589509724,-0.10878256261669723,-0.5644709123353645,1.9927562165792492,-0.452778183820976,-1.2028239776481031,-1.163005240117797,-1.2624787325100446,-0.4880146343852197,-0.3255817961124298,-1.5794796232347394,-0.01920912781273069,-1.4031219101712251,-0.1158519349236522,1.2211220858980776,-1.556345523139841,0.29149034329158663,-1.6804764675340969,-1.3083713878397527,-2.074216628325342,-0.8230955151416666,-0.19354257186571375,-1.7776022819073445,0.04576572781651039,-1.0921667827764086,-1.2373867584677367,0.0,1
2.344198740830126,0.4587140769470133,-2.76633448600408,0.205854379037,1.17136415193063,-1.175699894414186,-0.1283041186746317,-0.024339442224466427,0.2876466179122786,1.6356914987736704,0.11494969421517078,0.1766758962916238,-0.27133817575397245,-0.7483321216359717,-0.8120467281548392,0.7597768890690438,1.0261454244876846,-0.330697759927302,-1.61040677325884,-1.3791231563208974,0.914781161529266,-0.4622505566361702,-0.3296288247908569,-1.3267881597955993,-0.4046738311517917,-0.7629311908032939,0.3591954560449924,-1.5929111185524762,0.6182936084313935,0.6846649466669441,0.21337260248195788,2.302177193827913,0.1491822335641173,-0.0362937780788009,0.1975485484737393,0.5267561180871134,-1.869618820610852,0.4699358607570576,-0.3869016426915137,1.5745205776016526,0.40631504967502813,-0.36899844481962857,-1.39759693388577,0.8875929864527539,-1.2425771255349518,1.2672885743851492,-0.04762832733987017,0.11810662916255035,-1.0249369475532506,-1.4441408082322296,0.0,1
1.8032640697239344,-0.25192305057701675,0.9826173811519492,1.5985698117009084,-0.4289710735215785,0.8013014545995013,0.20433290810485769,-0.6656935501038092,0.02466267798689229,-0.3930339179197269,-1.1715368037984093,-1.9384163956570042,1.148622894378293,-0.8980130717482634,-0.8981802127194725,0.7411972584453472,0.4640166799170666,1.77157110336628,-0.05545644982542924,-0.6218850299687779,0.13238630202058002,0.08035750782311635,-0.07888498986645281,0.33731443665079885,-0.7593479216668901,-1.4858006805850943,-0.16033158143523313,0.2054951967509467,-0.14936398533595593,0.29985272709011085,-0.8597614099972607,-0.7010589019111898,-0.9566120355703752,0.972637999840812,-0.00035141716305072274,0.4039327070048361,-1.6598234214467076,-1.278014634710475,-0.8046991075921306,0.7024657506725233,2.1236039209123896,0.3579357220636836,-1.055667820133685,-1.3454646841066993,1.6004927396129038,1.4875960848172924,1.557996293361397,-1.0046245094287671,-0.026725683229723397,0.10792671462735937,0.0,0
1.5152202168580629,0.4179527043666349,-1.289718453894745,-0.43548085859462177,-0.867210939264318,-0.5523732737233784,0.3135149617079993,-1.801588572262492,0.1252963697325479,0.3349572497893261,-3.3424209880910865,-0.8881026431183433,-0.9117939228115848,-1.0147491471553058,0.1278806424279708,0.3253212812066441,-1.472069566478968,-1.2586335768786414,-1.0240910975414521,0.12625695230935038,0.4270726063230639,0.6657769040598717,0.5808778926522312,-0.6352795380882728,0.9902447749138492,0.052636879798122906,0.0571394699713121,1.7591094244890482,1.3587316531563949,-3.026789998405066,-0.06647529538505173,0.5334787265421171,0.3435632900601796,0.4227427173122224,-0.3444719633279242,-0.27996673515857684,-0.12641020471179693,1.6950607078815507,-0.8651712928142672,-1.1657477375500316,-0.3564673300060525,0.04875299752241441,0.28946261147357233,0.025989907005573867,-0.11113175428697604,-0.16134228950981208,1.3292604011776878,-0.7519294873038714,-0.4959706085309518,1.0794145793862764,0.0,1
-1.3737448569358006,0.6323156057014939,0.09766679400042833,-1.0955408376974929,-1.1095006270667989,-0.2184659994187297,1.0304243794914072,-1.1663028222179712,-0.8117193102959293,0.5376991195483047,1.6846081377805304,-0.7033220707139585,0.3881866492061721,-0.13372122123352814,-0.06271476186815123,1.1324807532944527,0.9665685875261608,-1.3924869527671762,0.05024809661369937,-1.1769054881272336,-1.4627353727746053,0.8065565253589104,1.069730428979353,-1.1125935682085963,1.08021973935284,-1.068919220188486,-1.1347721238510675,-2.2021358544283607,-1.9885624177813068,-0.15988041503005995,0.3949994103060092,0.2754563745332439,-0.8269335322286852,-1.1791601499415911,-0.327046046191402,-1.8340942483336995,-0.1437318706994954,1.4169716928014402,-1.5035239026593683,-1.4354485746031178,0.487787719146406,0.8598714778592687,0.38242039970089736,-1.3899868790510364,-0.5854771420088524,-1.0436517032628088,-0.304981971182701,1.6973599312890848,-0.4502209294920978,-2.141462545983253,0.0,1
0.6657158998841123,0.0438286123423036,-1.3624945931908754,-1.4794602211808086,0.8202383256361226,0.3710277324797528,-0.01366516441300756,-0.7215823626215709,0.4939331381291828,1.9652574887486205,-0.0708590284099591,-0.08916995017924974,2.542942670760639,-0.5380433839839747,1.6596622172174698,0.8981837102905019,-0.04927901393761919,0.6569371601348244,0.52542659478417,2.077288171910082,-0.3866990346694753,-0.14413212533560496,-0.9551214487190416,0.5100899201679894,0.7353095335436287,0.2912450575656581,0.30236016101869395,0.006234341214818893,1.7668393661119497,1.1939383766154323,0.8999837024452038,-0.6329311215224265,0.13695291949836824,1.5664400536344616,0.08869201096546868,-1.1272459840104865,-0.7976919107319311,-1.956560308448969,0.8257648285019997,-0.5588495610726733,0.7431653394122861,-0.7131692041927545,-1.1305169494889504,0.03579187432411258,-0.4917707167483587,-0.6362925422044907,1.5918639021499414,-0.8058150289317656,0.7994803405175718,-0.0654381467515247,0.0,1
-1.5467852139376936,-0.5631208913146484,-0.4543883804364578,-0.4182185330722702,2.20578800366473,0.4536973954945873,1.1959578379834799,1.0798942807471423,-1.387956380486216,0.23676311289924146,-0.6088984870398558,-0.9131245327573088,-0.7276666588841604,1.3453264932816371,-1.9957648825695944,0.1481960933071177,-0.7503968056631117,0.7498574803029534,-0.21212515629962744,-0.7520786767063974,0.574822794392692,0.3484875576333915,-0.9707711638686266,0.12977522597472102,-0.4990399275212426,0.08682985179133235,0.19911009368592752,0.4728700253303244,0.5966731726563044,-2.621574169665932,-0.1659942382900944,-1.0794535523515023,-1.7032890544072543,-1.372649802898793,-0.19024819829938971,0.8935864644516199,0.047274990685155616,0.17525367497929728,-1.0174016838080857,0.6072896169672332,-1.97549957322134,-0.9774376473064283,-1.0112112212057358,1.577656962873585,0.2412644935114452,1.1443279779044364,0.6116907787967047,1.3353343501406298,-1.0699624454376058,-0.3777838389446919,1.0,1
0.2413249286329328,0.5896954062094772,-0.8528988885631481,-1.0589018590863044,-0.33024290527522177,-1.9734518811034487,1.0141925705223185,1.082821910609781,0.5441575359666336,1.65723460860439,0.4767379146068118,-1.0655193196835684,-0.9760674357376578,-2.291801577127937,0.03412164996454237,-0.09618975357498853,-0.17125007349535498,-0.13362624722090227,-0.19449850672874308,-0.4966440753149178,-1.0952106338689185,1.410290793473489,-0.8366693567253182,-0.4794580654536019,2.4624910077028668,-0.4929268033428817,0.650371977811115,-1.0890180419256008,0.5864022752545,0.16209398716889614,-1.5758986498612275,-0.5901734580854627,-0.10164009560950056,1.7258780687459483,1.1237937865371046,0.3165641196928332,0.9224201432068476,-0.26721938751252383,2.2676585480500804,0.13503994248722648,0.13337576668819473,1.414551099624331,0.3075539814422996,0.9912481283723028,0.30772011123107,-0.3074737206836997,0.5372531569028183,-1.8186830753285423,-1.1808266275721981,0.16267428876479342,0.0,0
-0.4154424703071808,-0.5766234468601557,0.6425499167083077,0.3756541141697285,-0.19316203702971574,1.289896871385574,-0.8643500240262956,0.8495280592572925,1.332865806691346,0.246998724875317,2.0503505929992767,1.5508768166586615,0.5989237863454118,-0.7396760254401585,-0.4088510092411649,0.9685573928988808,-0.07300512835040726,-0.06266891884498395,-0.9967499321745208,-0.5088170226713385,-2.415369518765501,0.9775542404589654,-0.8279994111155918,0.23922253228038826,0.6584992348578762,0.453692005385247,0.14033756538799788,-0.11138559072249052,0.2193078048157578,-0.31130675009989306,-1.700329675113283,0.377086731222798,-2.721240905210321,0.3927400521955528,0.9151803417240724,-0.3938658254638708,-0.05843249949155255,0.16474120825448976,0.08182132627304127,-0.8578074958477864,0.17807906157730108,-0.6213248872017149,-0.9975467573693356,-1.1814978596799166,0.5534425159128842,1.1300174566138113,1.96893356626226,0.6537533734900567,1.3863720942078284,0.5713420271052184,1.0,1
-0.3300705972791562,-0.8614290871057353,-0.8166912603285832,-0.16534679989098472,0.019485220299821814,-0.37367705320354655,-1.2867577758581044,-1.654455448257373,-0.3759436402812257,-0.07491501820741084,1.6691304396891913,-0.6334831626204221,-1.1638826844505124,-1.7420624373640183,-2.3304458562826693,-0.03676946141234079,-0.044836327275228426,-0.6516179004371537,-0.8791436477231902,-0.22898023388386185,-1.628263546777854,1.1253593503828132,-0.022232083201033637,0.6225449246527007,-0.5970954699796331,-1.3026496105929581,0.012731426893219676,1.4462346214856394,0.27750290558741325,0.8864561735818703,-0.8840713446633601,1.1215036989383524,-0.7589596746711303,-0.010752311425295816,-1.3319574644938523,0.3667888482199851,0.016803255443363682,-0.6596646104535062,-0.6277257519845971,0.6668161098694207,-0.19139874081101904,1.9381871192892808,-0.4741657151749465,1.6398061650480091,-0.10480728783408078,1.2099999126128973,0.903695296413304,0.21161173316252624,-0.19979007299843585,-0.010934362502810649,0.0,0
-0.041307229114582414,-0.2658932303764098,-1.3556467689624467,0.1945775158066448,0.3636970060566309,-0.944037835051125,0.1791653838632199,0.09986724500424217,0.8347010996657278,-0.417396177049608,0.3749380783446701,0.046481528319800194,0.04614472185663912,0.6464357203713477,1.5434239968243075,0.8334036067841478,-0.11231119292134308,-0.28233040222232186,-1.6871607628176697,0.7966125875767661,-0.01186546133865988,-1.7432216287928606,1.2145165829864208,-0.9121631138255356,0.5124240718400257,-0.10136842538048044,-0.6945216399113727,1.1633258881901192,-1.0665581236498776,-1.4957541873250546,0.2522001831572213,-1.1126189485743294,-0.7471410866913027,0.22945511801750465,1.088770690931499,0.7539481967545222,-0.7409266591628819,-1.1481668767722832,-0.07184596094521449,-0.22068792887171831,-0.6988756080443884,-0.6926841658584809,-0.7852243568514528,-0.6380669464919058,0.016015393961888818,0.5146089228062537,0.7978741682989916,0.2301224537602975,0.6073758135468385,-1.2819407859134149,0.0,0
0.022705085117470797,1.0486665584168102,-0.685966173010766,1.0852434975723688,-0.4927509499296738,-1.5741066901606438,-0.024091798928316626,-0.6052506834397805,-0.5440678736802456,-0.0443252107252086,-0.20000554383413133,0.15093967594929633,-0.4910120552079909,-1.1039123765774772,1.0336468384253241,1.2553247198512292,0.3060517249733984,-0.08595081360595212,-1.2232457824464056,0.8868370323956716,2.1526066977066125,1.1444507877424812,0.2504008193372493,0.036153540357015235,-1.606800146362844,0.7371549298994369,-0.4564861700926747,-0.7789117443996778,-1.2494486836617285,0.4518525441319654,-0.21519370294456214,0.13583868607540486,-0.5464611251560929,-1.0196933067469895,-1.4671591555323122,1.4927128013164481,0.781192983184779,-0.5466159378555839,0.048707434483068315,1.5359164312035214,0.3454491247995335,0.018975531409726014,0.3522252399760083,0.7883865702863524,0.43033401412206185,2.0576793613217776,-0.5366940080980148,0.15818839902166665,0.6645305845448239,0.2338844827152097,0.0,1
-0.0009082903591205144,-0.0533003750012128,-2.599431078246271,-1.0628441120221803,1.1074751310778936,-0.6080422227615747,0.7339780216641751,0.7691183903943487,1.2168530821564358,0.07136140807055527,0.3415877464664557,-0.17501595462795472,-0.7475545561060156,1.2280705176759947,0.3370363858141737,-0.0470422447184763,1.0746413670156505,-1.7410116097611967,1.0786407513036913,0.03750518558450512,-1.5778014681812698,-0.8253467764247634,0.6928081101075625,0.8853222888567673,0.21361530335622844,0.007090477745154756,1.7751214603582008,0.3025873970931921,-0.5978237884954988,-1.7278102158138615,-1.1627208090106491,1.1796496221098274,0.26923868450412863,0.5417838402163587,1.9906493156357248,-0.2350739462365753,0.8865000337163976,0.09348228981599813,2.561042004616199,-0.5249620822868132,0.9293807916728916,-1.9534396169097965,0.25458528795141344,0.7117454558915532,0.3089623014205138,-0.7209412250191737,0.8202905213879098,-0.8065494351201465,-0.2635489671547199,1.6934815570952917,1.0,1
0.006296293768240019,0.5940214647736517,-1.8940590658571197,1.057370065081145,-0.6920868716382081,1.1255790141493247,0.7487144219227031,0.1296524552311622,-2.3026434419411053,0.580172737335876,0.28714945242563833,1.191111112315112,-2.077827107802644,0.33332809244133266,2.5891959400098887,0.06873826118806523,0.3710459852616488,-0.8996832596195695,-0.9876678260004575,2.425473086995096,0.8226254962256176,0.6813228752690303,0.3162168061636346,0.6451005214364534,-0.16142458339204108,0.5778741154934929,1.0864794057332483,-0.6683301858699829,-1.3052559283250138,-0.03189888599714616,-0.008658638756761771,0.00608894661629029,-2.544795637048627,-1.7705254167746562,0.06974998163867506,-1.01384073321421,0.6730399219391031,0.20667375762759896,-0.5400080952085288,-0.570839199706015,0.8511840683401984,1.7578157790698896,1.4751247598142934,0.29311689247958905,1.3968389194718227,-0.012310445528605576,-0.5607684673073329,-1.4093371019728682,0.3035938661016011,-0.7092857596715304,0.0,0
-0.004584948056033406,0.1310764731282111,-0.1421036443751304,-0.20251120551314394,-1.5277898549866185,0.8961083717314519,-1.8488587544155048,-1.4943221331492302,0.8539421267425983,1.0079243158717022,-0.4121254235986976,-1.4028451861533242,-0.6689314872215267,1.1913443244490596,2.4667793949531682,-0.775668989148124,0.7492698120300111,0.8476666389048951,-0.04733816366355868,-0.7117910238160959,-1.5089421675033925,-0.10552496470823212,-1.5225062967228582,-0.27308325480079604,-1.059951960296955,0.9759916380234164,0.003643571872579408,1.8002054802043719,-1.1129928368860726,0.02274942607953903,-0.6089848748528137,2.1215117937833896,0.5018290555388238,-0.5296081777134736,0.23539358195135,1.7684210169565469,1.6896189967437707,-0.09714596624773282,0.3542482269090909,0.2865789920135587,1.1238749015778164,-0.23607832283412575,-0.8848659167440024,0.3045205437288184,1.863729740043368,1.5771469839038457,0.8406758793752559,-1.0908676632898482,-0.5935574258047273,0.48648839261479104,0.0,0
0.8952591433744359,0.6471095541320999,-0.9580229882111296,-1.7658894170316133,1.2945009023503342,1.6070524113793507,-1.6791073318179193,0.2455778879359184,-1.3886395213315657,0.5974258856938645,0.06912451785935712,0.001307479669554169,-1.1399452219344353,1.0121688959002837,0.504938722667196,0.9978910725187456,0.7308920281265928,1.610855787782721,-0.1491976782190346,0.006547420094504443,-0.5724840746343283,-0.8998600751927998,-0.4627780469895391,-2.0190072431465333,-0.3497777602951629,-0.7023620545058294,0.4960462106469885,0.32194187440929595,0.4356593964742218,0.1391074717159596,1.6744535107244232,0.8416827912405438,0.3742974245731797,-0.15217419558876338,-0.2861533594548688,1.4261934582878346,-0.6649710540592483,-1.0825093726071529,0.4774652441137797,-0.5392652757399585,1.0645898458679786,1.244595443819887,0.3236703121921432,-0.10444006636734884,0.1366926491116729,-1.2444907185464045,0.4486375583960219,0.4481495258659784,-0.5965556242842088,-1.5184437526754886,0.0,0
-0.2340430405134085,-0.25537296163245204,0.2955863707484921,-0.412269006525714,-0.4701325347103191,1.9447475005653951,0.6490264516280401,1.1693731009735466,0.14555047238867436,1.338459854250772,-0.8201205916274803,-0.5242009297292396,-1.7176898199609196,-0.13496670868541466,1.230278181684644,-1.2937183017069276,-1.50898131523164,0.5456555946586372,-1.9107080899318925,0.4454269363068002,-0.7569550409823999,-0.8551033907323947,-0.10405745168296564,0.1258165981474253,-0.200798557017396,-0.5344903196609171,-0.7682518832153911,1.8447845526781832,-1.1770281748000802,-0.4635458311990106,0.02480595353158847,0.4666511453790511,0.35357155132727863,0.7887072321921669,-0.6600866156584213,0.009020258951327556,-1.6258532818324654,0.21159254186563412,-0.6493009709899229,1.1990647562475154,0.4371679931584182,-0.6887305737977152,0.5335330409382317,0.2929563415225828,-0.07271142670657768,-0.013516438314268794,-1.4576864211047462,-0.8755813989067697,0.36769644465156426,-0.4941041999561105,0.0,1
1.2938840424017617,0.1349019378792958,-0.08330723059197237,0.7647285601058108,-0.496241049294253,0.6553275207425203,-0.06825467354993253,0.38376481538472695,-1.2575497038824062,-0.04095936009330341,0.7708905388129194,-0.6692547416249015,0.16775349275163964,-0.5437634758191562,-1.3368471462019709,-0.4596013646334591,-1.3874953234048724,-0.9947758214726516,0.917593500617834,-0.8999768789701482,0.34289546661112075,-0.8192684468285092,0.1459324746870921,-0.8620692594440496,-0.6453798251904744,0.16906838114684947,0.10963659070830037,0.5890625651996103,-1.5213141313701033,0.2740980951507088,0.37839232952626745,-0.6718700089005861,0.29556532581879386,1.781259663760113,-0.9563385539143938,0.29076446947396106,1.2431885961672202,1.538718005439642,-2.263055193881214,-1.1994154227828315,1.620874436484064,-0.4017589905523328,-0.08099881303612662,-0.7065146029166891,-1.074995091358285,-0.7433839964141371,0.5299959431656724,0.568054182945276,1.5161347639755896,-0.7903615142246775,0.0,0
1.8100613359290787,-0.3641120773227062,-0.6284025042327708,0.015993295520744556,-0.2393570055027143,0.5866292881395498,-0.23822548562839724,1.4089402796113226,1.6521065478597734,2.1025233226240334,-2.367632288433604,-0.17138070950279174,0.7857257515531737,1.1115288069255491,0.11414517496878335,0.11578548890129928,0.547644982859348,3.1037138442875096,-0.11834653029655777,0.5460169170190724,0.03389763154718687,-0.4723198216876606,-1.4143522782636442,0.534198206089509,0.13367709534031233,0.08235865201377482,0.923474200783519,-0.051513113314188494,-1.5095687277184149,0.2547609797024917,-0.2079907624510738,-1.200943959073572,0.7664911948236176,-0.4069301083573647,-0.23689123609728205,0.8143434105413069,0.4200154825960986,-1.6466728259089938,-0.5354348060673618,0.3998301602850568,-0.9380139291834192,-0.4568613497530139,-0.22418011098701604,1.9221437936315264,-2.034573204736353,1.1134432013434616,-0.6811095370949813,1.3487740514378312,-0.7059732439551021,-0.19825750640354176,1.0,1
-0.26145218122675834,1.778975316217648,1.2965861057960275,-1.6748381936657406,1.0601278483825092,-0.8121118798841264,-1.1040163584316691,-0.4333516148693624,0.2890065663301295,0.5341999311703696,-2.69640735997976,-1.0655920411332347,0.8963837188565205,-0.4573805269886958,0.6129557635996022,1.0482416367740743,1.0368342009374862,0.3896123810248645,-0.2482168264672689,-0.006721182930073828,-0.7610156630692876,-1.3589204351374855,-0.0015235959013736335,-0.3808982163297424,-1.3077855463652377,0.21006650382705144,0.8671917191902841,-0.7579389460731966,0.7439918022396373,0.6304875160270742,1.2805605456731641,-0.16882733678282205,-0.5750080430243747,-0.7670829573778698,-1.205310456869985,-0.2495894941165399,-0.4700589486322898,1.1662727783350018,-0.12371663661588995,0.6641327605749265,0.07333356348429633,-0.9800636388744416,0.14481599807330073,1.5916205327093256,-1.000673961247923,-0.250969711433056,0.6719830147530588,0.21176488325964554,-0.19519403256039924,-0.659571119665124,0.0,1
-1.078453865220332,0.4550170648482802,-0.3738683130443536,0.26165984892531124,-1.0503593529903148,0.044680257544229496,0.09472186823291953,-2.011669482924066,-0.7274698721058359,-0.29106757372748865,0.7121857263556141,-0.2950183535711107,0.9572779814353052,-0.2376097127126444,-1.2020802872981973,0.9126443636144298,0.8047793912985494,-1.2267859629795057,0.7813394335847835,-1.8598936675920303,-0.9804531737470126,0.03348334555962675,-0.5502961608493808,1.2737734829286262,-0.7445151054372044,-0.8887640445008789,0.08030288975657619,0.4901950624481428,1.6376639263832788,1.32066124876294,0.3907025731160439,0.03510571361485513,0.12979174191861573,0.2841351908231633,-1.4437368711978882,-0.4485378010527743,-0.6175849174541588,-1.957120993139488,-0.2829605677590293,1.8297021242331992,0.31993720680176296,-1.5297985074518097,-0.7794559796125409,-0.18031335543953425,0.42665443982904666,-0.4846833758241809,-1.2250771079636025,-0.8840300291155899,1.0003346309741414,-1.4814789750037711,0.0,0
1.9427467199294524,-0.021102071266717558,-1.3195380179808722,-0.1984580317152745,-1.1964598560114117,-1.7684969161282933,0.4356011798974457,-1.1930354425603336,-1.885837692668061,1.4254401216286523,-0.4565204707900243,1.1699737664687222,-1.0673834990108335,0.3369445370850101,-1.78319040155679,-0.6918232302873387,1.3294657698953274,-0.9926896564123676,1.8631793052135464,0.3490995128802907,0.6165883198675279,-0.9015107306877722,-0.7246739705667693,-3.1635336843902007,1.0952273898807217,0.7963308503180692,0.8806514691492436,-1.0288188896438644,0.2472029233033884,-0.3615671351959289,-0.21637190281005467,0.3668253115759683,0.9765223012369698,-0.5249708383826852,1.4179962499272103,-0.07287220387592719,-0.06912088121045344,-0.5723625796082049,1.5087802916282145,0.2530823264299896,-0.08904913840222389,-0.6273993677798323,-1.0112453340812213,-0.31908228204068284,-1.072107098457027,-0.044146615025536684,-0.6784426921252297,0.4769133186382626,1.7578317836774042,-0.13719422524454886,0.0,0
0.1212217607908298,0.29241450389983115,-0.7491379534052,1.905446784774068,0.31351065513905424,2.1491246996933664,2.2379643788240045,-0.4119059025611471,-2.778783354305343,-0.975370646330764,1.3920495500873797,0.8941392113773697,0.472071658672776,0.9524104961646208,1.0340864301730237,1.4600607301562167,1.9229627548699977,-0.05426059186131239,0.0779072113476273,0.7346346919465023,1.0426396017408788,-0.6162805038959069,-0.8172521635551252,0.4990316665391655,-0.6351109638498593,-0.292313739206998,0.919204701646588,0.34830836622870337,-1.373669689432253,-0.1897320564073096,-1.8288544088844267,-0.2987858327310773,1.3588096971293404,0.3994713854597552,-0.3912424133588657,-0.6387767531215173,0.556794430717352,-0.07954319945064665,0.3639043392514871,0.3313971882845966,2.1737954722357054,-0.6030163451650462,-0.36401374225310296,1.512837939273681,-0.21458463306205336,-0.1633810046592164,-1.157006194279017,0.04977107364939449,-2.1837185152815457,-0.9064371729926128,0.0,1
-1.2446744546109227,0.28850110506119003,0.8941571268387356,-0.38430373062523854,-1.215460300605184,0.5163281439966116,1.6651661091900622,-1.8234571229185181,-1.2293974338484008,1.6227251637310083,0.6569330838565091,-1.112417095893949,0.22180202062423796,0.23982586528858285,-1.4051591942055026,0.3082202019519077,-1.9837497835816944,1.041783570089681,-1.7234635383097694,-0.7934998625248824,0.042347507301681436,-1.3367114590207658,-0.1453614191249838,0.14838837613095002,1.5542451259885357,1.1144343111102653,-1.3882399124816551,0.31302659830187296,-0.7269787474073685,-1.353024442259022,-0.20206905990469776,0.7347159446972082,-0.030736929780655526,0.5078276642528733,0.5618014133589362,-1.111960835417175,0.3151068573589777,-1.2188581042374578,0.02472709057118186,-0.2219663641684632,-1.3634332355721028,0.8275766592219977,-1.8492019847886585,-0.3376961209285809,0.5374993418420692,0.2395115165448365,1.486316953684504,0.5944174528068871,-2.345728541476781,0.9392426135901708,0.0,0
0.14972894955882313,-1.0426034898394785,0.8422139993559571,-0.9984628519935748,-0.20616292426307015,-0.4602184843672714,2.362365285641425,-1.4888198977716034,1.8445498440389223,0.6944494610988892,0.06880570696397036,-0.12033118455128365,1.0852248425110902,-0.04464752206220587,-0.5448208310643509,1.0953281227573273,-0.2350074512118385,-0.16165905905412428,-0.3279170211171335,-1.3945829256396025,1.3166538997618746,0.800629038790485,-1.6139403956434204,0.8488475710732143,-1.4660665447871608,-2.3375232145273044,0.9527959826475988,2.2231425055287675,1.1499625331089849,2.1498425702681927,-2.2866775300824838,-0.5578629981723034,-0.29951320344816645,2.04904251106114,1.0784597290665798,-0.4815895330262954,0.2134815078409415,0.7246695608143858,-0.5261903136140946,-0.5290403532941905,-0.2444412224664861,0.2091299726253476,1.3735661786822428,0.3227287372617672,-2.309346159328974,0.24281622912050055,1.3479244245911768,0.8824052578831866,-0.027291813650585573,0.5628026929676619,1.0,1
-0.4792911160853348,0.6041724791793576,-0.5987159822682878,-0.6294057508224146,0.34009076167033114,0.8391644389109172,0.8131472990289978,0.4936066535394626,1.7550244804414792,-1.603019046673381,-0.6972156943691826,-1.05049435451655,0.02983740492934494,-0.3916180174269567,2.1438618495903685,-2.383271404332953,0.21558771924189998,0.7533457282983018,0.035064992142904663,-1.5325174614866002,0.6058665394206953,1.0354912580381856,-2.3731351852747062,0.06863167321385079,-0.3075348634689601,1.6805813420554192,-0.6197533219245206,-0.2913044461885557,-0.3863897417695236,0.21873239587152726,0.4498477053971338,0.369459417577723,-0.2608756728644269,-1.2949646119978573,1.1721944106907347,-0.7786182729032947,-0.38908665613837023,0.8819059889563163,0.4097551182255861,0.3474312489619321,1.096317585140723,0.995627455433757,0.451190818746,-0.8829595943365343,-0.2521330789542954,0.8786308768481571,0.3596169149783785,-0.7856835512603707,-0.40263246618798654,-1.2759115087323962,0.0,1
-0.5402200683085988,0.8828251908308029,-0.13703109047508674,-0.2908829253615121,-0.2588300671113685,0.8342310412034102,-0.9799251301758142,-0.3641590027549063,1.0609519618746854,0.30383510409952824,1.6856672699062634,-0.04122544379292195,2.4080368540838157,-0.8304994573262734,-1.1445491393017284,-0.9515449773617431,-0.2928151162888658,0.1289710972514222,-0.009311789924497724,1.2063467095611726,0.31380312610687905,0.32051208110555696,0.0215412508579931,1.3269203611090266,-0.8164133777006713,1.3665731522195792,-0.6160765837222253,-0.283963510268844,-0.5641959049859459,-1.7896183761467257,0.07875821520329285,0.7791710087496868,-0.5551312986258774,0.3999768060486083,-0.7023313348672331,0.16143956059986536,-1.3484584619182265,1.9242200086383592,-0.7542524866402852,-0.3869389509687666,1.7894825485040236,1.7878651969413708,-2.8982944220237896,0.4508198520799072,1.379174455090724,1.1117676507449092,0.5874126511474024,-1.2293543245140282,-0.7836844329807016,-0.1421193486735359,0.0,1
0.2372119601008049,1.2087888964369098,1.236800709460528,-1.1799432434081203,-0.20879327623147684,-0.6238682509390105,0.4901012044039605,-2.2012100475184835,-0.97249957269747,0.11098634591427882,-0.24258199193053,0.4818033064335014,1.263308099665863,0.7373415395279864,1.0203032970434491,-0.6927576049226685,1.114576563419607,-2.326556289615373,-1.8801958227583937,0.09930594644223853,0.13865970490854554,0.7317512633984542,-0.1362552325661929,0.6433140032133128,0.22783939344644336,-1.2884793542700028,0.43865394864581936,-1.8585657877461752,2.0283973000438604,-0.6869483353514444,-1.840643564423835,-0.5353111503065556,1.7775601571233512,-0.3054449087754313,-1.0973381353024492,2.1428779509216813,0.32745269255817194,-1.2357733084389844,0.6232437531504661,1.8519213213434857,-1.6736459936087311,0.8738028280690234,-0.7389934630165971,2.0276154164351965,1.57898329289632,-0.6763437920071356,1.5580125783044343,-0.16064765515246454,0.8272887225416821,-0.9253142876946,1.0,0
1.1236004501618821,-0.6992551308565771,-1.612464356141854,-0.026837523874031426,3.0058436728486817,0.4618236731624576,0.5267351368519884,-1.029157307615875,0.5506199213815294,-0.9731683830420286,1.4660862081716286,0.8130775586800931,0.4398707358088884,-0.6016763208861169,-1.7361997230949917,0.4764681698525432,1.7823301246189314,0.30624315670901525,1.141167932389345,-0.22542980626780604,0.4123804543872137,0.1726385192253795,0.2961658188476986,-0.6588340400203305,-0.6243403203375509,0.5575234710118755,0.20885624197645075,-0.2644400612849363,-0.969111956112503,1.1473416492499144,1.1560627833164987,1.2055615689524697,-1.144090399716683,0.406303891107186,-1.551106059907097,-0.2971666882383854,0.2866590703242756,-0.6668031220425789,-1.2944808193379822,-0.2099065565872569,0.0484832600398406,-0.5720905256470559,-0.9413585804640424,-0.19356185720615696,0.8081293953794114,1.3551333762828024,2.8330108590212117,0.9295828487938952,0.7527641428231239,0.07949072734901931,0.0,0
1.156502682409707,0.7399560714608988,-1.7473604980607809,-1.5447106167298144,-1.0718062149910164,1.4916799226542077,-0.4120077327890296,1.125530155481996,0.2985971542206121,0.3804159839718837,-0.3608273407006341,-0.3909246876321675,0.11715025251160385,-0.047391916816901976,-1.1709619523965595,1.0839523776644926,0.3312170340454741,-0.959774510282758,0.2570125771676126,0.7614199572968887,0.2625289342311894,0.7819914586497986,0.2587463370132829,-0.20118116932746202,-0.59056392396512,-0.15754229826625715,0.5881633943662544,-0.9843810991552088,0.5089889620695094,-0.9034870413510576,0.509443151362378,-0.9227792823289824,0.1958835731181117,0.10315450171118,-1.0496738900741227,1.3621106122340612,-0.28032887222392994,1.0262868542875294,1.283022098556597,-0.8545232309191942,0.2251680988973904,-1.0924455086673268,-1.3237538540000438,-2.2863981676572327,-0.851020537694771,0.3827102026593706,-2.1042508246704243,0.6112962059558436,0.3343140286160145,1.881420879966189,0.0,1
1.1713099942543348,0.8314558677133169,-0.023281295936306283,0.7977901914740638,-0.6310017342819576,1.118031372530956,0.7983223575167682,1.035889705733477,-1.7097254539997528,0.8085331370394622,-1.6242950412694332,-0.6294878443356738,-1.008759646821077,1.2026624054869242,-1.6427325361290286,-0.4848183094187332,0.5040170967779886,-0.24485173986357686,-0.5316519796563736,0.4621019576105755,-0.5589217768236376,1.507738579494334,-1.2808639196597338,-0.4807078543785834,-0.7358664788073638,0.1480696022545314,-0.5367910996570145,1.3081370899344305,0.7227265044688276,1.0187649738118256,-1.582808438014126,-0.05956984851955172,-0.11714289206099368,-0.4326379480370224,0.3665689627229112,0.7273467014269722,-0.1458707267382135,0.3535930650511248,-2.1605754467635774,-0.5990613552915142,1.0330027821950465,0.5591139568437546,-0.444273777092208,1.1974435310784397,0.36227095031055134,-0.2663551643095837,0.32081304804220623,-0.15011776537160645,-1.5581311945576373,1.2833784619515356,0.0,0
-1.8641340800693675,1.413549904913498,-0.94951842362735,0.2968940949599231,-0.3857724238391427,1.4800339305109569,0.09649275315417474,0.711837312327902,-0.3810032097630093,-0.1158941826214026,0.5272552985424814,-0.2301386872458531,-0.06953166938358386,0.8164770309554987,-0.1368454546675452,1.028037287414599,-0.3831953070170722,-0.4503235849165421,1.7614353996776877,0.8238281199702552,-0.1943491039452953,-0.07659576433251049,1.1577049951774576,1.351554259947342,-0.8520584081988034,-2.596904432404848,-0.3015701703556041,-1.8687920617730969,0.15494760923092402,0.7959143975222869,1.59969793278828,1.6550193068947916,0.5470669600948876,0.2888209568201963,0.20942105629132604,2.308115196127813,-0.2359400797021764,1.4483090672296839,-0.2011138515195975,-0.2148548052313116,0.7075610380125229,1.0509875767007977,-0.9232671825927596,0.13985881218377438,-1.8139910829876384,-0.5606952990938029,-0.1676001779768899,-1.2978188797778516,2.381137272880399,1.3636077728683982,0.0,0
-0.9422432261663644,0.9360955219965368,-0.4369422911037183,0.32032779786137644,-1.2417592461438858,0.13202852418277794,0.5492206671293964,0.5667456029569299,-0.5338680085537416,-0.17932384923896216,-0.4463507690310276,-0.5253434386913352,-0.9084099427376012,-0.3435667959888795,0.692547925767336,1.2483790975560562,-0.6661649648757448,0.17032771362675278,0.15725116612332074,-0.0503073307025559,0.11833030283595596,-0.5584229419480103,0.4206744123539062,-1.9929130788632492,-0.0989151406397018,0.6703562850722706,-0.8932806821391478,0.2325046965983789,1.2796165211427541,0.8486681205479562,0.6961557640132373,1.3066488717745877,1.7489984191140218,1.4701933703394168,0.3799206798505432,0.07593385455895685,-0.012989128874567287,0.01473617074828852,1.3639238725738558,-1.4860912267260358,-0.5682571703853884,-0.5865773585467355,-0.3395012397590924,0.35942104943668496,-1.9289164306869735,-1.0601605838344377,0.914433613254092,1.5279821959718467,1.3253126809922786,0.5349642237145056,0.0,1
1.0496411622065334,0.8490402822073146,-0.7927408917511151,-0.10768007733103084,-1.2751090727273005,0.4367557101497411,-1.5183192786005888,2.5262072142466816,0.7668664772251901,-1.4824419964752893,-0.06089667746726572,-1.082420248418523,0.3703213846659949,0.7618899876245306,1.0235869007070837,0.3864133622142255,0.15833285351703127,-1.031432953757167,-0.4736665412198508,1.6776898458314242,0.041774006414738316,1.4083601732276647,1.5947813417803036,-0.3713803515408951,-1.5002292068818637,-0.5046074347712327,-0.532902241109443,0.057234896030515375,-1.1030699229184453,0.5672618555136288,-0.22750299080508515,1.185715118502945,-0.15448495994671396,-0.017603123601026085,0.02688592453236117,-0.07928351921504911,0.551893642803519,0.11687696148896436,-0.6492227881005801,-1.4463221455323958,1.1274551707390559,-0.676184113189165,-0.3190317251572466,1.0799890630650073,0.15072647767926795,-0.8921356449403952,-1.2531616450763672,-0.8718883122603921,-1.1865447587943487,0.01877961628845102,0.0,1
0.21132813996602332,0.5769362889754586,-0.913370115190274,-2.791467999824444,-1.614826351984369,0.7148826030664769,-1.3079345821478687,-0.5001769474168222,-0.033202859585313105,1.8269784838759229,-0.6341989799204593,0.054682909995129765,-0.6856287704918523,1.8305441637135225,1.0920426921252946,-0.2286024519273064,1.6909786524267836,0.4363665358201511,-0.1051015838451128,0.14609989083847416,0.7827473061063134,-1.0614160905845331,-0.7138055655811035,-0.7282970203141846,-0.42238148270575615,-0.7297515600571125,-1.107849646766169,-0.015981325487057732,1.998088030848008,-0.4821148119722889,1.2512075834279663,-1.164790505730384,0.486464436146664,-1.5516578139213493,-1.2404884871901043,0.2073139941064395,-0.2239452969584212,0.6067126547947089,0.7727288561895991,-0.4293035879170406,-0.7132350035448933,-2.0588158158486842,-0.969153798984092,-0.384050490898357,-0.5968283446723119,-0.3410061408743679,-0.1431922835584433,0.40771431484363385,1.5178778172588818,-0.8049003625020493,1.0,1
0.4040291833564574,-0.8264083557011974,0.7934387378999214,1.1594173373689702,-0.7138276094286985,-0.628483461161347,-0.12461277689612885,1.7580366211608405,-1.6220039722931718,0.5925271910841471,1.5960066238384298,0.9478881061731368,-0.9174179076679654,-1.1504166976513703,0.04747156627902393,0.9326269100471508,0.6407691408331446,-0.20728007955361025,-0.10679533565788857,0.6072466387715201,0.3357028147996517,-0.37224530300812103,-1.0463857728944996,-0.15769102084366102,-0.1508260239455505,-1.0693341657565136,0.952892132871463,-1.6313306533754452,-1.2819595784520457,-0.14691494657495985,1.5788722075252122,-0.01968393658952584,-0.8587271853062437,1.5383185165868964,0.2151161786855396,0.22804816208035106,0.19283530783688926,-0.3212807743564197,1.4209391471412445,0.4615347199079442,-2.4439850542543042,0.1644735937855782,1.143398320796407,0.014678244231666747,-0.21795894289382348,-0.2815229987303267,-0.7154524621312539,-0.42877782930787506,0.7411166519152809,0.009660066012486071,0.0,1
0.3461215137135131,0.34557510139224884,-0.9100133171192424,-0.20494881637720366,-0.3624949846746683,1.6847706869325692,0.5104945947226832,2.337740009884256,-1.146949507204227,-0.3809664598298083,0.7645744197494782,-1.4833420543485492,0.2502995742203083,-0.015036463739468812,-0.8564450086402875,0.009731026148485164,-0.5026431724784026,0.030888192299645918,1.5918698253117276,0.0711889518946923,1.1008792309120894,-1.0705456222861822,-0.15965313042843307,-0.4225631078648613,1.5202388850641195,0.1966781133814937,-0.9569457522389556,-0.9166365103004188,-0.942348759940084,0.029487280871607093,0.25657787841438223,-0.2180243923327535,1.6412619396723327,0.2620266324421063,0.734075812987739,0.8756244024740074,-0.4081987874591642,0.7916070251669626,-0.1899653435480688,-0.973037701361098,0.836188228417628,0.8617279433837379,-0.5910907726740908,0.26255591730980443,-0.6892409438710126,1.9738816930473417,1.6147161153237282,0.2581521374499865,-0.3836319844450974,-0.8950903365695738,0.0,1
-0.08573514413172781,0.03260706488305968,0.3538172668012826,-0.4623253154752795,0.6725124453345918,0.27332014395647664,-0.9836724071692932,-0.2155906721903824,0.9381035061310864,0.43580525747206506,1.1232308402187487,0.3804586281151949,-1.6771769160739884,0.5095535705377061,1.4856706019256265,0.3656019693364391,0.1063191741047897,-0.2421244583992294,-0.5857435885374482,0.7835363635842372,0.789602637354282,-0.003185610505025571,0.6215359879985548,1.5183008213868971,-0.7426858202793245,0.8867299614919576,-2.0545721948007927,-0.2200305931738403,1.3034077445172942,-0.2795473596077905,0.5671150902923665,-0.13996472458721007,-0.18613792540893415,-1.3629341414068497,1.0514074822218131,-0.6561519961165209,-0.7425034813848373,-0.041613379995599165,0.42928000907152586,0.4017182469254725,0.08921891099671801,-0.037323079999621665,-0.9796729601951472,0.5881174364025554,-0.3060339329343943,0.4858691534450759,1.6550246183592572,-0.19349276432869586,-0.8903706193367102,0.7707323857503103,0.0,0
-0.1832828677709247,-0.2041405167410802,0.49696062508239003,-0.18986255384688586,-0.6642535164997813,0.8823848526432229,-1.579690502889875,1.1528658815727744,-0.5615762932275002,-1.058836748986173,0.31633952754522005,0.12244889741112715,1.7745822591103293,-0.6501714768939806,-0.04895441572164561,-0.6715333956909012,-0.12280920381300665,0.6835447698644234,-0.36938055713764,0.7239162785748394,-0.5581164983782395,-1.0027321702746994,-0.14993884981964098,1.8740938174939707,0.4121670499836969,-0.05716488511221698,2.2375742488553723,-0.5469834599701366,-0.8354378629990201,0.11661291605497025,-0.6041137253514026,0.040700156653735615,-1.3235692830005148,0.585541962478814,-0.1449186965814503,-2.147094184336672,-0.9556171879113938,-0.9401611360983771,-0.0447952158417432,-1.6389863993739222,-2.047104832420669,-0.2302822664080823,-0.5023568363348333,-0.4622174128286405,1.0350232585536634,0.0795803128277438,-0.19257168654495574,1.4515621754913788,-0.8477042818127871,1.7020082491614326,0.0,1
1.1417035908773798,-0.07631452175711657,-1.6364309085915958,-0.2432585609899876,-0.06699698259911296,0.7188048628801875,1.1902680743416207,-0.3757396556520995,-0.8050790326134319,0.5631799522714264,-0.19359450976304612,-0.1998992101128586,-0.6852247469050992,0.41027056955429597,-0.12091119381059735,-1.811147254311029,-0.9071137608403278,-0.2364928200042405,-1.44789952449043,1.3023823035424753,-0.33791510709460826,0.8071238331038392,-3.7644569142875706,-0.7913101658153291,-0.7947047738131023,1.2101073493447878,1.4417735302064365,1.217503119005438,0.18471921003625874,0.4799619247763558,-1.8628783643760287,-1.0023677425433466,-1.4313672544585296,-0.8371693631193121,-1.6826090576608292,0.4810911915045528,-0.6571004321959586,-1.589705405338465,0.6545728163625719,0.2176512700324746,-0.5936464505467008,-0.5931913300313072,1.0145155660273164,-0.8507325118463501,0.01123528059212536,-0.5162249905829149,-0.4113397529988999,-0.8374003115276967,0.9331737270009652,1.2908668455228267,1.0,1
1.5614514649849525,0.07210064107720053,0.1879687712540657,0.14971722752228311,0.197138526999326,1.0373772953588316,0.8825598524102083,-1.16429486259993,-0.729458729619402,1.8703234229901768,2.464537033785814,-0.6681406010388131,0.36428563239739536,-0.053668892119744516,-1.5757637467409624,0.9076748587710816,0.8231397787380623,-0.09905863841903753,-0.1811962373793728,-1.2583938330265787,0.9011291183240464,0.4932248940762149,-0.38256213267788014,0.03061356162347952,0.9169763587348176,-0.09212013261652063,-1.3445464631884387,1.1973061405992351,0.7619490659243109,0.1519226695168964,-0.7692894654694611,-0.2667096485652095,1.8133833123064933,2.1529811443821925,-0.6330956523851631,-0.3249501898128086,0.8518398146688473,1.0799446999957305,-0.4883871290970615,-1.1610480932253315,0.8213941461755728,0.8908355693277278,0.6412687053436846,-0.6512606876456452,-0.5192910195976143,1.018868462597732,-1.194647045019928,-0.04884931948608149,1.3946063076707589,0.12079334400497095,1.0,0
1.375107340171347,0.27020249926744233,0.5605381750766392,1.5709318967164108,-1.2380724177945948,0.5905806550817546,0.965637887128448,0.6510973257523203,-1.515131187184315,0.1844386292747988,0.5415384733612005,-0.4790700073334121,-1.4121965911833416,-0.4680698618479752,-0.9184303160503742,-0.2883131662496823,-0.993572341013744,-0.32972868232543145,-0.043909494333207205,-0.10039798533005684,-0.7507447819307177,-0.6644306763434024,0.14466547805905225,-1.6064601476515232,-2.087447851106773,-0.9699734341018292,0.34007354929383665,2.139024159789129,-0.8405336646756887,-0.5981863165977805,0.4130821882994106,0.8415174754918757,-1.0595200538317249,1.8198316447597176,-1.6323404471934078,-0.2743998754457494,0.9690625205567718,-0.7092598738016492,-0.4596992464609556,0.5286252984390151,-1.2151392190789456,-2.2986692981093584,0.31602189115806845,-0.3381299106123331,-0.12833209321050046,0.8660611854848275,0.5688197372107783,0.1325129751934072,-1.229585692365201,0.2642433272298088,0.0,1
0.2275220192555604,-0.8937654801856626,-1.9122907864513008,-0.7588993813488789,-0.3036759303886513,-2.009676086024062,0.2625862840335512,0.3302265648126146,1.4798853530555658,-1.4226256594450757,0.6913025035033646,-0.3973018307801181,-1.376567740898079,-0.11110594742084158,-0.2850292896542127,-0.4235664076203639,1.4575505534839257,0.6464579747430247,0.8522466426010639,-1.7837037658386938,0.2961606784238777,-0.4508483968876544,-0.15996094684716514,0.3802048528592019,1.1745315755553998,0.0319728582962805,0.29807562490359196,-0.7624927491295147,-0.6029248019849086,0.006511316318979665,0.6396305866052627,1.5356021338929808,0.28302064056946363,1.1534812255650857,0.4560503194375946,0.35424500427234923,0.138702664269102,-1.5233846525167702,1.3744183969608101,-0.181098836178547,0.15041923516065825,0.32362945035312146,1.934224153029598,0.3387309375554399,-1.8857770599818795,-2.4022850203269828,-0.6320442942889012,1.7967972465276998,-1.4428625685696748,-0.0012891640598453528,0.0,1
0.5074919388628466,-1.1640866579190337,-0.11716622560055202,0.07354356936930467,1.0567372582672474,-0.7071671811945951,0.8988723324344919,0.1163227709798128,-0.5198557592934817,1.23453226330676,-2.509380719761616,-0.329953961569574,0.5866784407736303,-0.7390725320145848,-1.6518564960846105,0.5208601685570577,-0.5398610149593039,0.3750859817411397,0.0326321331357395,0.4694764451021975,-0.7135622872776111,0.22722304255479894,1.5115430167532298,-0.1907370036568392,0.6842662189367655,-1.1714441718348725,1.3558380198112758,-0.08968252492666473,0.7272234698314226,-0.3458213258845926,0.4711853919782766,1.6261070607200794,-1.024122826496851,-0.9376897372711964,0.12742979096025486,-1.010913328996346,-1.7423775292951795,-0.8543513812548343,0.8386796684886929,-0.5556399908927084,-0.24555791550018102,-0.4470501303347015,-0.5916585947418159,0.42258322725762143,-1.1702368277305513,1.2424589257291836,-0.027486388861237387,-1.1363468483774115,0.1389964512648374,-1.2522411614967208,0.0,0
-0.3804906062258673,1.2583439156053002,-0.1844399275482302,0.015815449703300698,0.4607301005050156,-0.3561345290631209,1.2823632294736385,0.5325125878367791,1.8550345136738435,-1.0681242198736622,-0.6943483002131079,-1.3504564788430276,-1.2804629502171776,-0.2951238425048939,0.6891458027223062,0.2225302702992493,-0.030347327034716987,2.9079521718086565,-1.706951363297364,-1.5139446848230476,-0.26129764142244605,0.046842072602169584,0.5398179307166896,-0.1421400332712673,0.9775462820399108,0.9072752066322464,-0.7761269125026596,-0.9429843161094388,-1.3330862695985901,-0.16481841208485107,-0.6226423218590501,-0.4373824503141501,2.1944388358308373,-0.035315113379860576,0.5441548817227988,0.7723712811573921,0.6113422602783262,0.057985307119352826,0.8074673780329426,-1.4557662929810804,2.0270393115258125,0.29273249487918634,0.29878776394127776,0.077379234541198,0.16089090119240484,-0.7272992231422779,-0.09262436115288304,-0.7069122159776032,-0.2731910323438487,-1.0702183140990222,1.0,1
0.8556611441924087,0.053277546145298525,0.1258205318618632,1.3370972877914746,0.9726768174199724,0.4323960525414549,-1.7106941775410949,0.2485880371193743,-1.2992059996132383,-1.5566608501897192,0.31744861398317314,-0.2887550573525265,-1.1277802391738971,0.2450457794278504,0.9826203650324828,0.3837268690454909,0.4211586082428515,-0.1719770648137769,0.9676013528027496,0.6251990187566111,-0.19181856741366812,2.072147330207412,0.05784049981228515,0.4849254586640057,-0.3763200748428491,-1.6338300168103168,1.5203914727665133,0.2547880602616428,0.2454800332788941,-1.2586649430657841,2.1902741383896664,-1.2167525067741454,0.3493287299436439,0.5777929154905562,-1.0844622726902091,0.6223845157995957,2.5647569791513485,-0.9404171392917908,-0.24238461202904446,0.8312411637748499,0.6029485377155468,-0.6219013766553136,0.5435009462909249,-0.4565078109040124,3.1923058412256164,-0.047861542103058825,1.1286290326620811,-0.730595645997438,-0.5531740235165258,0.03824069648290698,1.0,1
1.2969324866846867,-0.5951828561077587,1.5922234885061708,0.7994171670214753,-0.525404246999713,-1.6206100895063669,1.1888199241578783,-0.4887875729674057,0.25535339945286123,-1.3830819753859034,-0.7274993341366068,1.8468940461841103,1.772644075759692,0.2105883350347064,-1.7515120761202272,-0.7081240936279927,-0.2316399458280457,1.209656411655193,0.0977960370974738,-1.60217614773469,-1.7674986649661693,-0.16683981080830018,-0.7667786802929671,0.13892243797910192,0.5188253254305465,0.5787844482668036,0.189906614642809,-0.3535492808162247,-2.7694486176482136,-1.3173067384053114,0.5083412158561877,1.7936516466446597,0.5760394877909076,0.6394974100376398,-0.9876394048034008,-0.5827487024096802,1.463410819520529,-0.4865750241391433,1.1569800823855667,-1.2470432713747,0.8500901467727674,2.5239997268381797,-1.9567237534415245,0.7528229084210223,-0.8543943745024801,0.5796722003639854,2.404327630857492,0.7640688972960669,0.8675233425110849,-1.3995275312432232,0.0,1
2.312952918542916,0.031368432856099464,-0.27501852542237154,0.3098568182747132,0.5681877174076432,-0.3830252063576408,2.2426728237019704,1.8470140618803128,-0.19834515259517305,-0.23007744550851544,-0.0944137915431186,0.8517437305846256,-0.15430104045157894,-1.193318778178902,-0.21863001100147744,0.3090820072028112,0.4261295391624987,0.7346142833129788,-1.8033248012066891,0.7739751346817806,1.2271226078765438,-0.2886428885210652,0.11999674823515953,-1.108145541705434,0.5016421812623605,0.7302961581444191,-1.4362304950968046,0.7798888562969543,1.3927221767802938,0.8555324247890332,-1.904451838816833,0.7106919055284826,0.9159389054137956,-0.7021220464546193,-0.9465461749646512,-0.39419312186516736,1.015125847406193,1.1702222480184972,-1.6701007732183923,-0.2815383865414626,-1.3966194344632936,-0.6759994811873347,1.03271323557808,-2.2415463162105143,0.4276370590356892,-1.3152075032539652,-0.7439897231456379,-1.839179355807505,-0.03763344599183977,-0.2777057003630351,0.0,1
0.1354674770989288,-1.7321320993944034,-0.6964468858905606,0.25174002027001713,-0.9145380623590889,-0.7609801520062751,-0.5966409009804144,1.2066504168898475,0.2891399508485494,1.205465259349242,-1.0116733758196137,-1.4278684941871531,-0.5641568843907171,0.9916612799043464,-0.21179507173880302,0.2352626823568989,-2.2028018467098627,-0.8531604486090952,-0.3887525754474007,-1.1792809406770042,-1.5508219996009944,0.04663496566970148,2.454711028107317,0.5721995259004763,-0.9983131360047968,-1.3529712202597155,-0.4596093754313023,-0.15775853665587347,-1.2197304296545577,-0.6924809376025414,0.922835665809468,0.32931352676329795,0.026439525795974885,-1.123242202557822,-0.2722232751184902,-0.5064742566944658,-0.3679484867977382,0.7885056658587458,0.14623896256262198,1.4210941934776218,0.5553588259126655,-0.7256594138345025,-1.2610934906961553,-0.6636308268810416,0.15502475367456173,-0.6856740403936389,1.5498605100463998,0.7552837666976581,-0.5822374727716066,-0.8503880067399362,0.0,1
-1.5748214029582432,0.3142542311314678,0.7975447717614564,0.7943101026930061,0.07688327864253347,0.9093346425013844,0.535093535509496,-0.22198622948649088,0.08557009122659041,0.7019393430694166,-0.4044156792110172,0.2354023217268647,1.57958173645551,-1.6594961520913492,0.1511927097369482,-1.3019782847518244,-0.8882706984178591,-0.007220683099589085,-1.6048867325788048,1.0651521357177185,1.4217981614191266,0.2963962370479598,-0.9055081502158856,-1.118092195957038,-0.8958791387033058,-0.5066122319048274,-0.22134716802585588,1.117396933196992,0.25058158917502577,-0.6238853912157211,0.07467443697636468,-0.1836235982732624,1.1677670149927777,-0.8785510614624298,-0.1904306201905712,-0.9146203537579484,-1.2679136973600715,0.21845711132628493,-0.446263620631728,-0.488110020676458,1.0523442656813873,-0.20714928160591356,0.3570038121593741,-0.4311649651272053,-0.4321535472491732,-0.6536745635501454,-0.2825266148756017,-0.6437057678426373,0.8568089471304715,0.2065625996727711,0.0,0
0.982287713802021,0.4702639105869094,-0.05852455395826488,1.4588719239668233,1.176487602897058,0.054152706489069266,0.7760068597390757,0.3331569361338039,-0.5413070662735063,0.6187132215007741,0.4831403362343302,0.8668260504072478,0.3747781441510891,-2.626102532036465,0.7693354445783925,-0.1829000568935444,1.534214118109752,0.020226624724421518,0.6422205869005111,-0.9573564544043779,-0.1461835398318286,-2.186574123575772,-1.47349402413273,-0.2641735041565712,1.262098954945875,-0.10331416671554668,-0.7709367050343707,1.3554046531850106,-0.5761507820046101,-0.1440389476924658,1.995320231010272,-1.0009736330509142,-0.3724282096443972,-0.04985581530298013,1.9639743134540677,-1.570030743540965,-1.8400023675669772,2.49012335235677,0.3105592828212168,-1.2483305320122904,-0.5879925403836309,-1.6654210627135315,-1.02279495152541,1.7108043466784275,-0.5770171373744549,0.8550737359032112,-2.5249447059278207,1.0171292011319688,0.5706134094903248,-0.6163492371408985,0.0,1
-0.4211986734384245,-1.4529688119512132,-1.9832767542919143,1.006571838135173,-0.9761389828041596,-0.44483054659424603,0.33855202777240084,-0.7786802512972334,-0.9801467784039116,0.6039202306184317,1.4585228651199529,-0.8818478495618534,1.1233582567657123,0.31962661048203483,0.039122373097467536,-0.34248215964788964,-1.0226784593537668,0.3952506205517738,1.1253983779580086,0.8732360968286601,0.14373745245376202,-1.2636199594434063,0.7032351833653284,-0.8006222062410685,0.5257501846195606,0.8835169358097116,-0.5814215585984129,1.037949278814802,0.5865905724205029,-0.09376394992573124,0.9667701387809144,-0.9957927740963888,1.184617033005114,-0.225604900213097,1.4410283052881436,-0.7345873177090554,-0.09115891692348063,-1.4968351224843286,-0.1925858673252336,1.2894499555280745,1.237408931756691,-0.3994519695926541,0.6864000177990756,0.7537296163264521,-0.7493924705400712,-0.4662295370361494,1.6090836567429108,1.8733758170624024,0.2736012322985594,0.9835299279042774,0.0,1
0.4053489003654383,-0.4627777223424421,0.21656632960939776,-0.03775597719224778,1.1771127620733401,0.16418056036758225,-0.30615859745498725,0.18826612506620494,0.053195397803672564,-1.2250632389468976,-0.6659561391544928,-0.2480759696155589,-0.03639471978845141,0.3854852343272859,-1.272460030458233,0.7368323539967829,-1.8260117036646533,0.0943301558115016,0.9996515100517124,-0.8943926518750966,-1.573223534152178,-0.12197781244079176,1.3064301113682095,-1.6625313927358525,-1.4738787293636415,-2.4737371967283397,-0.2569046540979778,0.3118336611392204,-0.7377826065837395,-0.11408571109635975,0.2899162069086219,-2.094649002271724,0.11991719254862747,-0.2482519106613844,1.2267997644265232,-0.500439370525514,-0.3825974154428448,1.0818751090537515,-0.0848295584202379,0.7470184453185402,-2.832009642086481,-0.09668929936818656,0.4752373614227702,1.0889903018805394,0.2606225407550244,-0.7106618325236074,0.08424320127614808,0.3828644377021181,1.6314981977670622,-1.7123077812144736,0.0,0
0.6483674735594925,0.7811451790373339,-1.2434295742074222,1.2613253139247806,-0.5366874656650382,1.5536402909351377,-0.2743649221947012,-0.44210774510347706,0.07752944387664201,-0.7342951136083206,-1.3674919049349117,1.6299648188551812,0.5831637556316268,-0.6666484303973399,0.2160576975605767,0.4539166352263709,1.2349697822085035,-0.2548876668337001,-0.39923019477916094,-0.7267344955278953,-0.4811653056544648,0.4614974231533041,0.2309137071977428,0.8479470077759342,0.5966155967699193,0.378102504728418,-0.247427662182596,0.8685574499310107,-0.07933140634722248,-1.0421446251543796,-1.4096305345873474,0.7507913551632377,0.9724386197178442,0.2529519531185834,0.15131692060107935,0.4185827367767301,-0.4212734479527008,1.162517929282609,-0.5948620346193977,-2.8533377301927088,0.4944428421344991,0.2541762286484018,0.6133301724071769,-0.4336728324900177,2.2842849789728312,-0.6640739923815425,0.5822790285829941,0.6932482379513146,-1.2972966512287376,-1.3259991864154252,0.0,1
1.222901058501424,-0.4963091572618022,-1.8290764365801069,0.12082020502767385,0.3010853234194142,2.264689546765186,-0.8048353941160639,0.7437372741050365,1.3939910710129084,-0.3248662319138693,0.7053086029196147,-0.6191751754500827,0.27839796370005504,-1.3011519364077275,-1.9058613835251803,-1.4368700629814066,-1.6652872652077662,1.0060271515175594,-0.3367134745192029,0.6546743145169478,1.9086081041182164,0.21504551618346304,-0.3738496842541224,-0.4448327940575685,0.4685184847063682,0.1187640140042148,0.8474435646906046,-2.099983130655843,-2.1176778876852134,-0.7443370767854821,0.7992998575752808,0.2504551669432515,1.7815200643881983,-1.3158522923471492,-0.25730981644695433,-1.008920957713215,-0.4998206939052453,0.7108543775524966,-1.1662160320808646,0.3246388125357746,-0.1028389194008296,1.7846718446935437,-0.04340918766668385,-0.7545926901317507,-0.8312514618686143,-0.3409947684159001,-1.2747253072265257,0.2391517513272467,0.5083210909994729,0.74719721327968,0.0,0
0.8861554829247649,0.09731765570934266,0.04098202103454445,-0.4793919858468966,-0.46051148114590296,0.2530557180850811,-0.6699497137299555,-0.18057207512676965,-0.3546473489106345,1.8126714928298329,-0.8862925581942791,1.333436390613985,0.6991595087254288,-0.11211800273837703,0.8716040445529658,2.290791231412975,-1.2755846618393325,0.6043034677202533,-2.3823021788351237,0.5661033555219377,-0.4027494551592881,0.926647829764162,-1.1811884704310969,-0.2416991296407709,0.8197268184890589,0.2869038676145966,1.2913174013664457,-0.08243663880486096,-0.957722703513334,-0.4872171894322591,0.19066581870721855,-1.5788283361185536,-0.2361440614260551,-0.5708424133911465,0.8000226373425954,0.25709974508039485,0.4348142012146414,-0.771915674827853,-1.4869052452495042,0.02945513812834997,-0.7849385276581331,0.7377546272668001,-0.5134490926114618,-0.026661096246357482,0.6069069893267045,2.996169396154185,0.8985832170368139,-0.6141722782580783,-0.15714861424404178,0.3017458789506948,0.0,1
0.581219737494478,-0.3649665628417431,0.03761015189934714,1.1522165079744018,-1.0272453646016664,0.5308017205436655,0.6922008644444136,0.14974727965493964,-0.25438417940891594,0.7225171836661798,-0.2566452682538469,0.762354264258925,-1.3439963707865632,1.072915866512915,2.040982501919685,0.2370305727255572,0.6859160848475675,0.4077654401093071,1.8314874086157171,-0.950746906635234,0.7199468495292334,-1.7566635301777458,-1.8229535792347715,0.4918383383267377,-0.03412326798271308,-1.3613101731282682,-0.13968151063696266,-1.3714852661378345,0.3968376341649011,2.0094081929746768,-0.46338974332864596,-1.0257231570622365,0.0014800808456699925,-0.39124389057644937,1.110975342341242,-0.4495945933937939,-1.5814016978583898,-0.7045937850982704,0.13825377930227767,-0.2895588238001487,-0.7473523958928522,1.122410711798868,0.7646718710627565,0.08212960721438928,-0.04589851320363949,-0.014527533472467132,0.0625716854166117,0.3885761770760557,0.4528818734239666,-0.479981472952077,1.0,1
-0.6100916446838999,-1.2567536416842184,-0.22411952970676985,0.5616039776271698,1.2209197960329126,-0.5098850408036932,-1.047113025418834,0.07520525634256772,-0.2626700887228803,0.6959023057774721,0.4505374756517085,-0.5342621546385414,0.20824043252583624,-0.6173705979158933,-0.1579419317259036,-0.8408862582507929,-0.7107910136135577,-2.2236621657745497,-0.040141503579744914,-1.0513015147368832,0.34536495175370585,-0.4729822674548375,0.5489543476134245,4.419190612431199,0.5107191333517098,-1.2279947666047877,-0.0008709863302475254,1.9419159510143151,-0.14520739365482396,0.5009486016477667,-0.6913154750219115,-0.5749777452242733,-1.5244231153121144,-0.4258237953005082,0.8029433298095483,0.8142999884577442,-0.4837501865156142,-1.3450697537497616,0.4250624400691248,0.3519212190121955,0.460370080617569,1.08680376630333,0.4801896239752935,1.6303591687311636,1.2301917633935764,0.3212442506866016,1.2723753521093957,0.3663172573606224,-1.6853496808309727,0.2254903995540758,0.0,1
-0.3266008915754786,-0.2017256102680326,-1.2508637064902524,-0.6663991642905372,-0.4305837461413191,-0.4712551985321866,-2.0269019342955987,1.5722177971041762,-0.6433155173967731,0.8435717644811745,-0.8923741850236959,1.3587239585419728,0.030732532919186182,-0.08992410923930053,-0.509928872638755,-1.6666787544761907,-0.9478485275994932,0.3840286806507223,0.7953482444947771,-0.5608159110288203,0.791601513619604,0.39376732639932216,0.6319708744050139,-0.15920683124659527,-0.8055121650233645,0.5588336556893421,0.1651462467833894,-1.961181921406682,0.13213562050226926,0.24471362044727185,-0.12902759635359834,-0.4174464205756068,-0.5177175268989511,1.150715085692305,-1.5496388572024222,-0.08030230233858943,-1.3511985900562613,0.5568325940672814,0.39421961130893,1.0939239814178014,0.11787522926023784,-1.026863665821434,2.353877716908153,-0.9480793504283436,-1.294742089612936,1.4855731811878732,0.5666326169131183,0.8038995120292616,-1.0141466993110235,-0.10492510124198998,0.0,1
1.8985470296282685,1.2312451475617572,-0.35229931588388746,-0.7453294196484852,-0.053537355475834665,0.32138245952308936,0.9478772740820612,0.30111253373788266,0.20197671634878134,-0.4031673598260088,0.4655637391584436,-1.0582725936788857,2.162145268782344,-1.3400215192162648,0.6697072477449959,0.35144369649465823,0.9802892301147303,0.25460713005551405,1.1809732563108644,-0.5197574571756498,0.2792632044643641,0.3547312371656772,-0.1632706105795312,1.9842225196295984,1.411773419222054,-0.30767875835585096,0.08324555966157249,-0.21381158346593707,-0.8753039922580741,0.6499200925124756,-0.7814083237323566,-0.7434885703645006,1.8376545237696824,0.03861196215958066,0.5604727037242068,1.8777764484780053,0.1578587745648635,0.935206879290576,0.3133524484448255,-1.2556504768380086,0.7372994181359805,-1.2929978543520064,0.8756817878476133,0.7929183659678244,0.5785134837661311,-0.6570502726947784,0.12265233490635633,-1.6956106002551534,-0.8966247540928708,0.4732420453288098,1.0,0
1.6376790430742396,-2.651030788992099,-0.03045647238199252,-1.3791232398795528,0.011621246768517234,-0.4836613110896692,1.309836270653597,1.6336831405947927,-1.6788921850929774,-2.5686717654247126,0.5006559056142091,1.329223370366123,-0.37405621344984585,-0.7133014866641806,-1.1864568953576369,-2.122406748527275,-1.0522759374426187,1.2472483747495509,-0.3321093930544009,0.5261036501438026,-1.2866996311649912,-0.4645512680762856,0.16478632153797027,-0.6521266592079936,1.2249817468611854,0.1591671651802852,-2.4013332496270454,-0.9204636786930416,-0.05017575874397079,-0.5696642538743024,-0.1464393512909783,-0.3102724908821509,0.035659311257850435,1.2463448208097758,-0.9819821286879392,-0.3753654282811564,0.25547612793272423,-0.4245091097089947,0.04332830284239873,-1.2942252075836556,-1.1836541166504335,-1.7052835015273338,-0.3577237693327178,0.937711623921922,-0.770000703697055,-0.43927371279432653,-1.2498334139672915,1.7850317578363168,1.1771961967627609,1.0323880013196896,0.0,1
0.7627543578071727,0.11725956165232655,-1.1504094690634836,-0.2316815448573287,0.07224065360201347,-1.6588015692777958,0.8414450707919514,-0.07955138715950978,-0.8246531440058024,1.1864305317353356,0.8133501377697622,0.5070955800413629,1.343423123078462,0.8460805141871959,-0.8911309375256281,-1.2263749618607236,-0.08228565326930534,-0.9999689468792682,-0.18495828286260327,0.32823680778192776,-0.9298267310780356,-0.14564253231142174,-0.06872370839503482,0.6493328907161525,0.9616716124717944,-0.419276459849897,-0.8621024515010414,-0.309911812900748,0.2977621532481612,0.2556056880974011,-0.5897598854002133,0.5458924060914699,-1.3756954102212708,-0.0765931982786045,-2.282106871165131,0.4161821816547992,-0.6902961273197951,1.401603914456445,-0.3995946312457979,-3.661178578041279,0.5954891354417399,-0.35070057941029303,-0.5117611556602163,1.4130913691398574,-1.176668929629156,1.8325350437839305,0.4002489682600373,0.2945020150462814,-0.44026544644450055,1.963815561702115,0.0,0
0.5134704435177712,0.7285009708014979,0.3957955317369126,-0.22533092299543106,0.4856979811397952,-1.8126618574231568,0.2325725453398479,-0.1996318802406269,0.1122706760087702,0.5533435264998009,0.7632150517115543,-0.9181541110096968,0.7518292324060044,1.418684459785645,-1.7960919225737937,1.5533005005212128,-1.7821657123092198,-0.9694578181902352,0.6453423527878582,2.1693518527786115,-0.6987535144167778,-0.045843116682311794,1.134177551889867,0.8762854582313354,0.4239837075396475,-0.8068073740075896,-0.27086551468101466,-1.5317293903857971,-1.086811117227103,0.14550589594247054,-0.4305494694912271,0.4802782059944251,1.2939581303494827,1.9688822623133264,0.05939343662349542,-0.32301207882144223,-0.9242164131747383,-1.1468820817531458,1.266381302095325,0.9101576087174044,0.37767057172555896,-0.3387146279201352,0.8257524664127679,0.5549265264567199,1.2998867747784515,0.0036589710724826657,-0.2428278466980541,0.7101811595782089,-0.13174273631637318,-1.3472130790153491,0.0,0
0.21004343681249205,1.4682873672457757,-0.9469833669623828,0.399748715119658,0.28184440910135616,-0.2856340011584833,0.9273849022432687,-0.7257905825990867,1.3158005587068464,0.18498549711622805,0.6467334864310492,-0.7994497577004231,1.4903872949354198,0.4342881292074676,-0.887478737618897,1.3525813202204664,-0.7981276216626294,0.16196765324438311,-0.024801613009807343,-0.987049616125028,-0.04478057242676072,0.7447100735730521,-1.3031028973514238,-0.8038150595499625,-0.2552591362092967,0.2648731938890462,0.3904769254901776,0.9615015570310116,0.0024780211586791,0.06601014737791876,0.7104621418744455,1.1603053273655886,1.0905002901847087,-0.5978425631890761,0.1938566474282,-1.4468923350950769,0.1944853381800874,2.1084729049204136,2.046779405513248,-1.5590133946173337,-0.061954371727216836,0.8987852457672841,1.4040591495872663,-0.4471031462137031,0.2617268530112393,-0.4520959784461957,-0.7049232468140086,-0.6384978644451444,-0.9055338829800008,0.0032458703709469087,1.0,1
0.10241178046383276,0.4578971825737857,-0.5518226383343541,-0.3061608982619468,-1.0218493929604269,1.833547617327472,-1.5551379672973362,1.9433357657093155,2.8152079238057883,1.6202567887956971,-0.2784497319144171,-1.1301239725729069,1.3620690129541388,0.4394090692041736,-1.564445580571449,0.22073684837324106,-1.8768803809108647,-1.5014872931143055,0.8674930031170632,0.8841824980649701,-0.12256462879637813,-2.058553023258256,0.93322094830613,0.3166156085243857,0.20278558817645215,-0.3423333192755336,-1.410491467594023,-0.18913505195183672,-1.4855033608155468,-0.14731279283500825,1.779141135000298,0.7482512107428629,1.8591952602125477,0.7377970306283228,-0.3863359918910226,-1.9493436757957456,-0.01669376431124869,1.281224569606377,-0.6833198262234258,-0.3255070447737713,0.08702646064653233,0.1269287701858489,0.1678418240754627,0.2700084113730528,-0.20997295438744745,-1.044578565145634,0.1890187606790245,1.4630105651955403,0.4612559866407038,1.0980666819107343,1.0,0
0.044067129564022825,-1.7722665919925666,0.5360792177079264,0.1110811386217994,0.6968972818511222,0.3282713470798828,0.9882511497390144,-1.1011765886960123,-1.7105244336792376,0.8092010018314834,0.5061642660127453,0.3022556481504997,1.2521210324868162,-0.5614444506583958,-0.906863095561793,-1.3939204131042733,-0.05829007618633336,-1.4322497623460726,0.1907415991068925,1.1897064298281528,-0.7955075972491422,-1.7466278966509272,1.999204126118528,-0.4501565553530473,1.762436969215327,0.20244884201513694,-0.4626222777240587,-1.267115385265882,-0.14203595092544127,-0.8959795919854485,0.1148861882086027,-0.6717263614387103,0.9612479458592053,-0.6692124519697523,-0.3399472158465946,-0.9836427493133988,-0.8090190250932087,-0.5391943069557996,-1.887814890344084,0.5653191548237375,-0.909696844343696,-0.4934351524454537,0.4904963647959098,-0.22289939384222504,-0.2871966712080703,-0.25160269310577554,-0.421998167932787,0.44543273716049137,0.8501018688183809,-2.40171919061317,0.0,0
0.7793708304123409,-0.6245384923545211,-0.29114636546277844,-0.597054860614203,-0.987877349654562,0.215208687298904,-0.4210686077368143,0.2943956973756344,-1.0632216556619545,-0.3524875496171485,1.0456052693341475,0.2054081076668527,-0.4898828832501166,0.4677716023880525,-0.5800434056474807,0.17968325290333595,-1.3268761240349884,1.55945524999679,-0.071761741290675,-0.6203429333519171,1.4585863736174667,-1.079387645342135,0.5216255550978306,-0.10899242966171432,-0.4875958438057937,-0.6894391344589645,-0.4949992267777577,0.6762721346698991,0.1527721076830151,0.951952277951316,-1.8945563720504173,0.10432368768837116,2.07280072220744,1.8717683576729125,0.4006190647452292,0.2178732394180225,0.848185795186429,0.5408277851927212,1.3356911170620638,2.084911214160174,-2.058833143577326,0.17820962942416796,0.6604363703199115,0.14082086718191794,-0.35322222759276845,-1.0051282056570938,-0.4431779034100364,1.0693524031205777,-0.7125510736934879,1.0075421495212449,0.0,0
-0.2481351301139543,-0.7908524152556949,-1.6598553665290632,2.027395413566831,-0.32340570260251644,0.12990362657858834,1.9567800319568789,0.39294680541282506,0.1565350593223303,-0.03311932826877618,0.29275343554246075,-0.6779452453813346,-0.9738065777510398,-0.21248239826816032,0.1133605732393312,1.9244138949110203,0.4951115253393122,1.4020786297786272,-1.3239250003268035,0.8256154149117505,-1.4211595506597046,0.721293914679207,-0.9515612576040671,-0.23153320291483945,1.2313396985566631,0.5210856940396508,0.464687996614148,-1.0473180326628642,-0.6778097174410601,0.9407947367360788,-0.20303102126701325,0.3448735658371951,-0.3056662057664091,0.1712452452428842,-0.4828007045292484,0.9088414090073842,0.08348672326460099,0.4754633515568373,-0.5746259979369456,-0.8400268182226908,-1.1595938484535335,-0.3799492302836271,-0.03925782982920848,1.6158399490277255,1.3172029155418892,2.2538790573565888,1.5172140675275592,-0.001982619927705093,-0.09865364248745152,0.4083839343026479,1.0,1
1.5464380848834902,-1.254332523504542,0.8005890981068549,-0.92773785145998,-0.8484089076687364,-0.5374722074829494,-0.8042130748455499,-0.4116680876971279,1.6626007819971085,-0.2976337894763268,-0.6666653097812509,-0.9128969342979478,1.239148707459864,2.450957576142177,-0.17975091936336018,-0.9118130529987076,0.6784815516352924,-0.14932333278619933,-0.5953874008530087,-0.5196933802429801,-0.2649154559485856,-0.9633898444901536,0.5557752029382029,-0.13065290076305505,0.4555666387562189,-1.417230460852036,-1.2285719085812543,1.0505304217422693,0.5688245464085996,0.14375381535146198,0.7677097879466774,-0.9570363390876804,-0.5636971324835304,0.4981277547059265,-0.9124943207475784,1.082376274674239,0.030053658828916276,0.09520864668623732,0.21236264712147807,0.14891316893767748,0.4438359961704116,1.075947407982311,-1.320169552186927,0.7926205511359432,0.07271223577385749,-1.4210255763778223,0.20811551350795326,-0.945754783655754,0.9936771730562998,0.06718424846776609,0.0,1
1.193315036565233,-0.3048444525403206,-0.4253962254012685,0.3168331030445464,0.017935174106570778,0.039025833566060805,0.7168476135969435,-0.9291683120977824,0.6734542232047848,-1.1660890491138935,-1.0125828234965677,-0.16492900833633936,1.2388144289055347,-0.7808758120892367,-0.7969319643412773,-1.0099020703690311,-1.1253721944513442,-1.1777160430974765,-2.0559709819016296,-0.9424965890261656,-1.2622786617672903,0.1871143061164902,0.8255968713024763,0.8261754295306329,-0.6222847344704735,0.8830241460378853,0.2720896173539483,-0.13968368374574025,0.0647265098187472,-2.1427688470266166,0.22963398451483044,-0.542404163112049,0.8562493757432225,0.8702026921052433,-2.003656119637684,-2.3013138011027308,0.36948261238166136,0.030980577606169294,0.7897123481362828,-0.4244950383715909,0.05515250778731571,0.034622986635843116,-1.6865683478915705,-0.25647609471817057,1.5427069271758809,-0.5599112389669632,-0.8443340627181867,0.6702998549276888,-0.7665374931063921,1.5246869162574763,0.0,1
0.22435621571038736,0.21589295327044505,-0.23186751861415816,-0.6296636653277539,0.9858510427670008,-0.2904570071972841,-0.029978626237056386,-0.5447984073283479,-0.624738244276241,-1.5373062647710618,-0.7700534150470981,-0.2600260836898842,-1.6731166779168818,-0.4524461558863975,0.18790630044215356,-0.4989375967407611,0.29367305232408464,-0.7635104310846043,-1.666392201211282,-0.4403112624535162,-0.8592643279678576,0.609982141742894,-1.3831052572124423,0.6490097263453725,0.07986660129746925,0.446874131455392,0.9515076584880151,0.4907077259921375,0.6538881827532403,-1.8575270192490456,0.6574338421193016,0.032898627282243416,0.8086267277994543,-1.5666977996230451,-0.532920795588772,-0.25226250176800985,0.44176847895804505,0.5334935808592834,-0.9501884185716442,0.6219255639784042,-0.4191261520842101,0.5856610192698891,-0.18335226969685747,-0.4746563222534676,0.8496103134042842,0.7448474011207367,0.4052034323528409,0.4197101001040602,-0.2818777676413884,-0.2629305941410145,0.0,0
0.15594776278171352,0.3866352206532538,0.11539158960548605,0.3551277934282815,-0.4273894156540768,-0.7153828609029131,-1.3403921392858114,1.1048247185248592,0.6762691090953835,-0.8094421946459066,0.35438088792742384,-0.2933232440940884,0.4004030059564673,-1.0649634437560171,-0.3439172377668279,-0.5826725266837564,-0.2958463602545517,0.3352263101647477,-1.1828033933306688,-0.4721559929598534,0.041438871642948634,0.9733096126059378,0.5049639308849517,0.8780119869371847,0.04544945930114835,0.08712508336577687,0.9689661425062176,1.016196351373052,1.508136904868565,0.4277173825991377,-0.8870569961841185,1.562634238610101,1.1339369396646617,-2.1919512160400383,0.742128643318841,0.3502165130340866,-1.6337567257806445,-0.015254277208718752,-2.1560899550854007,-0.6154344009483468,0.7033489998137831,-0.954659450301598,-1.6392923762358038,1.1552148851801929,0.028580074710147143,-1.4763349070104332,0.2374613204796521,0.2665107889803726,-0.5341148629246076,-2.5431182687442195,0.0,1
-0.4539624506713833,1.1852663343685002,-0.18049745208368925,0.5788649525714084,0.6484549469109713,0.9064795704789854,0.3335380634091921,0.18515138475993853,0.4191532317346384,0.491460709738299,0.12297367779862098,-2.1050984179725427,-1.4336820683157252,-2.267442695244641,0.6004624503649622,-0.19150657667629647,-0.1253829390925365,0.05112838869803691,0.0944954357339553,2.194379527816404,0.7025298485168596,-0.1877487544080644,-0.41538555572979735,0.15552815489173213,0.21947732944068934,-1.0956790408776709,-0.8495492053183203,-0.8531886746546474,1.476067805319362,-0.7486634465251639,-1.062052998408561,0.7789744784458936,0.05292790142553784,0.7029069457339087,-0.6376848254209844,-0.5583297859257323,-1.097290057513227,2.758771519322712,-0.3398626012788024,1.9131586334771349,-0.8251632482814563,0.4972730464893773,-0.7832196399569065,-0.9068970465795312,0.3014806925283013,0.07483850865771219,-0.6453688105148025,-0.470491376000241,1.0162903869738191,-0.04864253363876203,1.0,1
0.002099203379375819,0.4252973362660096,0.9979653692379232,0.3663334688468867,0.4738271008394407,-0.8641071976798075,0.3477751838278344,-1.2281647478485984,-0.9482357311013918,-0.9579660877634899,-0.2828876190991807,0.223426462458322,1.4348799881987442,-0.07955799030201305,-0.3695282946850855,0.6869199315985052,-0.4293864649037246,0.3395978488698319,0.43349339706320855,0.3990403372583309,-2.0526692867826184,0.2755503393382839,-0.6256395868020753,-1.6063731637275902,-0.6327431024386124,-0.010717810368539684,0.07531496815638013,-0.02942431955519997,-1.034426666285955,0.6313518065791697,0.8944329314499108,0.9448432605737082,0.008857807780977603,0.060957195061015934,0.7079729121418393,1.0282079774730055,-0.10210601403354908,0.0780381733833502,0.6534243247567685,1.8978278599687848,0.13442976902501874,0.6780183414474719,1.4935564264400838,1.2544075212810821,0.06226108882587157,-0.8083808883587146,0.5130943000989313,-1.7391550632256307,-0.13560276674644411,-2.008398084561965,0.0,1
0.17664357019288776,0.04597279027700951,0.13598406757506745,-1.55932725355014,0.19941956548120454,-0.5210364042771665,-0.8476308264397999,-1.3974146151407796,-0.8501048874333,-0.4030407054177438,1.2415534544923312,-0.6658119167533604,-1.2770478668918397,-0.5170595093597781,0.5135814479562744,-0.5672828416828847,-1.5629245187798346,0.6929514866195849,-0.5942294010587174,1.1641131078342462,0.6590804066937679,0.6571457559777032,-0.5441277431680389,0.4117666151998388,-0.79790543090938,1.4557816788384952,-0.2524609780612483,-0.5786514581884407,0.8045695353659863,-0.24243989841580005,0.8684756904195602,0.6370463246550176,1.243648721395997,0.30598235849176725,0.4212931899406739,-0.6412671420337442,-1.3642799861457218,1.2791175564760884,-0.9130198784783152,1.1509429269190683,-0.5392025694676108,1.3026238417217182,-0.31589192047306963,0.8714459873963066,0.33459807258434754,0.8814866504839741,-1.4953239502546998,-0.7581466729295278,-0.19807443940800454,-0.8235076532443503,0.0,0
1.2481572513355976,0.3745301111347224,-0.9335842815061526,-0.7472503724123036,0.673637993060462,1.7593112930804964,1.7950716258184367,-0.6553208214177262,0.4739931156476604,0.096567756266621,-0.016876363648081476,-1.884106366450124,-0.4017181611485337,2.541194626570169,-0.7210979991006226,-0.6217263424957681,2.8652333632506513,0.8570527531804082,0.4791591374426751,-0.7879363550804007,0.4387861098259807,-0.7117295969705151,0.024667718311519874,-1.1427442605716245,-0.03397714994019763,-1.804175993353445,1.9330458772723773,-1.3151319633595566,-0.3798221812427086,-0.06480571450073967,-0.6761457257215562,0.7969135837113125,-0.2542128747455711,-0.5418020717795508,-1.7692859731520427,0.2722181303441239,0.4018730091893728,0.9517539516736364,1.1691216455695967,-0.07984346941776108,0.3556070521932213,0.292423606985248,0.5337331562954521,-0.3840472265124593,0.10188303501166268,-2.369172568724724,-0.9766658111671144,0.2644684804082913,0.09552087578247707,-0.5565133726467232,0.0,1
-0.5372735750597933,2.4337334032781333,0.2847779697560239,-0.6962309683431486,-1.0056957479618345,0.6115411278712638,0.6208068430546849,-0.7023527500835861,-1.828158167801705,1.0775143425964966,-0.1332501012074361,1.171283011576956,1.2367340880019455,-1.8005214468681712,0.7827846532413013,0.5106286294499878,0.9524751667413862,0.9237684159355748,1.9382909247412217,0.36489306777815456,0.5803204534348979,0.16071645174497878,0.6491046611948887,-2.269675146569289,-0.7082648159278521,0.3209386965793338,1.6212068328956395,-0.4966969133697344,-0.4584590020282455,0.4836054287265588,-0.1820071163548968,0.7086856392100584,-0.32156767192370783,0.12630880160183394,1.0870534707319304,1.4702923732090172,-0.9516537991560434,0.7996538817919051,1.4915478902914447,0.7972012839565544,-0.20936245866724848,0.4883241687523559,-1.0936252339273955,0.5993824797539528,0.6342884076291992,-1.5948961626183786,-0.06553506856710074,1.1335986650356054,1.5120289794003083,-0.955581033853153,0.0,1
0.7581857428798943,-1.0004440853080032,-1.3213376530042538,-0.5462139005461153,-0.29330880451414354,-1.0380213052114782,-0.8059338060381909,-0.29408741740977234,0.7625975853162523,-0.4376852606032938,-0.14061454737867335,-1.0884455434579765,0.6081962441879001,-0.4567068268240832,-0.5543768208946085,0.7152066201718474,-0.5343405632269846,0.06040223376923939,-0.06358929812171857,0.8933031567747197,2.3682430264418914,-0.7643823731856488,-0.23139205356769801,-1.8144235258304484,0.4659331522179104,-0.6119815243321913,-1.6863977410082,-2.363353089064942,-0.8506007521562425,0.9952733366283728,-0.8283264681890049,0.1315244227481142,-1.5844866636929131,0.6834642312191249,1.0224560439234176,-0.14559170799795285,0.4130408247390475,0.0006107523728044907,-1.0900359097988137,-1.077976064597468,0.4246574933888774,0.8148480673962758,-0.3792190083051897,-1.0670656968986036,0.049429783465366695,-1.0170562863161383,0.4664018084186746,0.2616099528042555,0.4584001773543512,0.7770996011943407,0.0,0
-0.3834956823489619,-0.3101151294526353,0.5035012929300963,-0.3460605798411567,0.4082502154702579,0.05766029404914244,0.16382859143775072,-0.37312174328588177,0.7250957475341101,0.4785038464846491,0.6160515167078712,-1.6827548316963408,0.8368185272345227,-1.171207449977658,0.02232787817475789,-1.18444125218446,1.5439612213539986,-0.5406523426049984,0.9974731353737192,0.257535606514767,-1.0959252294853437,-0.11328700450298015,0.16955868070925378,-0.6950371553541909,0.6513230925314136,0.134308714318935,-2.0935757531473693,-0.8314550348178417,-0.7768212225766166,-0.0534314001608444,0.7257847270757805,-1.2687399844345948,-0.7307908373112556,1.0259965847643144,-0.11817370807087088,-0.4747282432926917,-1.4859589138678446,-0.3618413022061346,0.07249309601000657,-0.10835290877644099,0.5243508548789071,-0.41362239914731264,0.9916377808104512,0.451857929075176,0.596911794352406,0.38370588020219787,-1.0609762183074585,-0.3032716464618179,-1.0189291089604635,-1.320595359585177,0.0,1
1.236620272049278,0.9659503832240798,0.2374953106427869,0.14420968717303298,-1.0228229343770945,0.7711769030958293,0.8394635646696217,-0.34198947926618056,-1.6617426508970905,-0.2367550640052121,-1.7333716993699664,1.5327962407232367,0.5253663197114391,-2.398456689025545,-0.3141080460540193,2.3926368662681647,0.5348311757403396,1.3920748538273915,-1.4706820023798353,-2.209415848061138,0.8387775603814478,1.1237322369243838,0.8781532837968341,0.00021222279346865921,-0.8456064076558777,-2.2557817361081964,-1.1466835656218974,-0.2575331126735531,-0.7925653425891479,-2.2761667006451924,-0.39033510166099616,-0.2690032171387462,1.7191471881380007,-1.2577654660617763,1.066802029604048,-0.20915388316519384,-1.3435669919384805,-2.533105862047308,-0.15823574482000896,0.38915068376547146,-2.0688984356111324,0.13194352683718832,2.291062838811276,1.2840517362156576,0.09001332753464471,1.5895317857662388,0.12848277465043342,-0.05397988029533166,2.1371246045130627,-1.0037890511717202,1.0,1
-0.3073081444624773,0.4564747909688375,-0.3467354502590099,-1.3829066918450703,1.5023200974934598,-1.0301835271766544,1.2325337225029631,0.38187776781521743,0.042924951312649326,0.3672420789506105,0.6498300859966288,2.0119194343798994,-0.2687482060041512,0.5355699565859652,0.5030811012139872,0.19866834816216025,-1.098701183966392,-1.528180760582225,-0.7010912484614176,1.6082971401775126,-0.4780514312642704,0.8406412997232824,-0.04791915990684913,-0.3621203674117167,0.8758890305565059,-1.0342132508725304,-0.29849968201834304,-0.4300635362264681,-0.2601864426295009,-0.983661839572355,-1.2200771341143342,1.5567836244952908,-0.683798848379658,-0.29134825567752604,-0.12007883306442366,-0.7144966957600254,0.6175369875009488,-1.3474257028148615,0.7691231205231815,-2.328653885864328,1.2523454214961256,0.2624974147337482,2.036200333383901,0.3000562016790816,1.1392163668345028,-0.850427919686162,0.7152964850184858,-0.4441354866533667,0.8827554712202691,1.1775292118205516,0.0,1
0.5529092733612815,1.6896074899924989,-1.5360666289816614,0.28516315171503503,1.4752114347259735,-1.0282777984839306,0.9169380930781891,-0.5380932077629911,1.4597638929643464,-0.033159278070049696,0.7290968543576569,0.6509016665347469,0.7120040622795784,-0.12706950481915694,0.7380481919930194,-0.24577870440681185,0.11490885971658513,1.2322281374296815,1.567871871657164,-2.2447575005701723,1.0905261209376385,-1.3443289600941588,-0.6406609943913301,-0.06047793196401941,-0.29665737909186657,1.3518871047086811,-0.4419321301631141,-0.1841597582921138,-1.350094925685188,0.3101335557348213,1.1800698208913931,1.6570210571113384,1.2431841732076871,0.2523937137870556,1.0574635949213884,0.5891760900324693,1.5262550086502458,0.6928141888447178,1.2659488569492614,-0.05501302669440755,0.6305125612723315,-0.9783967416970694,0.859639441391494,-0.06386739016774325,-0.1632118130640149,-1.4466325725339837,-0.5703949404767037,1.083360646983512,-1.230113932741918,-1.1483430997483195,0.0,1
0.7788369872634734,-0.39148167234115977,0.6109145444957342,-2.681545720362709,1.3261399507837028,0.3823797689142481,0.4302937422775653,-0.9482824380392876,0.4645296935463328,-0.4045763228427705,-1.691583316342064,-0.3826831560185265,-1.3384845002232475,2.2596367904657244,0.024008846891912333,-0.5467860762283545,0.4582201248954826,-0.4898251313789258,0.6834131644305171,0.69105157546786,-0.2265382572614783,0.892232274602948,0.7948726980591391,-0.6870540249625992,-0.7648739202493043,-0.9184713676144382,1.4814565587902258,-1.1248769558413123,-1.6602605177609326,0.645702049505948,0.08518365942251163,-0.6340114799687638,-0.9716824662689644,0.2424970075456321,-1.4300755146863002,0.6821908128964757,0.8326432541168212,-0.0857606688927353,-1.337025870900476,1.7469300375000243,-1.0396914257847918,-0.5041897775680115,0.038439976145166,-1.9689571232085283,-0.6456796639276134,1.545448986022553,-0.15894979428121878,-0.19954200019846705,-1.8758371709550543,-1.0238143837377147,0.0,0
-0.4861698740202087,0.5489719496075952,-1.1510904968577598,-0.9678950291193674,1.4952008527031613,-0.15761900219065955,-1.9110385337856544,1.1236466826087288,0.4923667052663777,-2.125918493465265,-0.6416520144975185,-1.6129691207426702,-0.6785062673709176,1.0168622739732809,0.8163422519926206,0.00769597521405785,-0.03366379229000613,-0.056779776628127575,1.195896342471409,0.5274376831793642,0.4427557232979809,0.5417383536729418,-0.8812846664014982,0.2474167622806773,1.4201041809707873,-1.7145689460403062,-0.6350380101062904,-0.2494804169466335,-0.2367103194270526,-1.0094594437410531,0.3298553290782792,0.047535866925010536,0.7686872168019262,1.3962647932703487,0.3165240477159685,2.30847486081405,0.38132765178502187,-0.8239234875538785,0.8098253653474841,-0.037282609884710015,-0.5599280731406504,-1.9485224236610976,0.13894649026542344,1.6558807365388617,-0.7400311934190551,1.8554804712452635,0.5007392984462501,1.1659207113958352,1.6793703021782982,-0.1542890600798509,0.0,1
-0.8278283626587795,1.1250999893467557,-1.6108344712689409,-1.4593799958591942,0.7713130824160332,-0.4324823502371292,-0.08706857902076122,-0.0608711913975554,0.4291918697985068,-0.3019749958246434,-0.3031674528559199,0.04423127986125753,-0.9956201124680424,-1.5929692176846273,-0.8092800368861762,1.0532585175957976,0.680068170584094,1.315081014855302,0.33521140587586606,-0.2624764759661197,-1.3260021788936065,0.04732744297937479,0.15720052962306094,-1.010670813066265,1.254712192195917,-1.7097389987047649,1.5552907570079832,2.210391837049396,-0.4506765885723082,-1.0401379833370104,0.2695839864101852,-0.15788852749874535,0.1620959907808845,-0.2628291749327853,0.407741963121558,1.1461591857808782,0.6281914187466213,-1.2528295041867574,0.3750198470697597,-0.10527352170078644,0.5426869132816752,0.518734629315928,-0.1717026291418214,0.8479095416891937,0.3458955398616867,0.5279932917069393,0.710568650437913,-0.20600172274467146,1.8819889508235872,-0.992554891487244,0.0,0
1.6242862040388135,-0.23662303788779124,-0.27792153072195397,0.3666208854071063,0.5673680750091044,-0.08180751158012865,-0.4807289651181623,-0.3049961857929437,1.2446167444601162,0.37844986006526027,0.084488869736317,0.17151099185351806,1.127658282816436,-1.2168136156043263,-1.2567676496994702,0.8197665350954825,0.2518926878631369,0.2590979335636677,0.9233682583919836,-1.4670234798915758,0.3168664578925358,0.3162960048863592,-0.529252822773114,0.9389164139184092,-0.9314714765163722,0.9254578061334391,-0.3695120683599505,-0.9644135184942336,0.1576246660751581,0.42842975070846573,-1.6904266064219011,-2.1976507916085524,-1.6814734059399612,0.5128156369032855,1.5010028023546296,-0.2867467253964461,0.7479612027724006,-0.6198344199828766,-0.6284811665770854,-0.6709094945973404,-0.13562218768739573,0.7304044942001392,1.8233409546268715,-1.923922452901011,-0.6977951554952465,-0.9075316545468064,0.5843186923673922,1.2111550753952316,-1.2299025452108243,1.8437802806408128,0.0,0
-1.2986946076668302,0.4633140466050147,0.3329089786831178,0.2966097142402163,-0.3968788548953483,-0.1499637179556411,-2.769910595858636,1.126620573666615,0.026886229513151,0.7183612545834123,-1.469891671436368,1.919329897582474,-0.2809690547666183,-0.7640173184122339,0.3355901310065357,-0.10131284555208404,0.13222463783710486,0.7978321876573511,0.5699653273968545,2.314370793958589,-0.3739898152352376,-0.264652638164059,-0.12529244917791146,1.6529412384286053,1.025349919819916,1.1923022283017997,0.07892590183535994,1.102838354976121,1.21946269224662,1.59317816770083,-1.0170185069722586,-1.8464730711317183,0.7518421157303095,-0.5029352521520318,-0.09646422342209872,-0.3461130077672091,0.21349308556322394,-0.4735558331294271,-0.4502957789020214,-0.04161484420426717,-0.7741108754593672,-0.3943257035269289,1.152599961807839,0.09891208212213168,0.060399475062984015,-0.2882581899794349,2.7087999222333825,0.9168703313162968,1.3283800630319709,0.6134828683263129,0.0,1
-0.4030285118295196,-0.1082543546551753,0.8982419960923839,-1.1772645455874924,-0.794418553523987,-0.9123666865643474,1.2560528162813949,0.19018654500029916,0.8117380767750286,-0.16391706596536387,0.4690206918238678,-0.03340974425011807,-1.9660738544380687,-2.0586776809965173,1.3329715666735276,-0.33353215267700803,0.20456648436783595,0.4402687992514416,1.3717643975133378,0.03993479080377604,-0.7712087273862498,-0.4666636562135149,-0.725323638737292,0.8238868106851744,0.20737819615503714,0.5283471440927049,-0.64440469408737,-0.6682243290584061,-1.2548150850890598,0.92407237922672,0.5905090871392692,1.2038569603470075,1.9406502098403964,-0.7058563729459084,-0.26118247854641824,-0.7792798821831882,-0.8731948631048321,-0.7191088490999257,0.7432396229160001,0.023466931149985125,-0.2348281527528815,0.5951469884292079,-0.5068768514422435,2.394651311494884,-0.08513915885078896,-1.2902759092690028,3.284868854756554,-1.7904740270315824,-0.7022561736908537,-0.06891878767963558,0.0,1
0.1824575745360436,-0.4569222538126241,2.007791215931243,1.440380640688805,-1.9571803018422929,0.4499130433164453,1.360163252133224,0.5146202214776854,1.3490193072207697,-0.5572788904557795,-0.3192629544320835,-0.8907112527926675,-0.9926390617728148,0.920459801977388,0.2702953858111226,0.9352407135100872,-0.2738535876305279,-0.5187025913293486,0.4388014272589964,0.4514413919287487,0.32962472191590964,-1.2977693182746834,-0.16494020609983004,0.8774191096547244,0.2776347078128489,-1.3812224577374108,0.4739717916301931,-0.2052456026963909,-0.33184571659280315,1.0518181362454266,0.4427904814288928,-0.6764523418764253,-0.4413177630885005,0.3672546181299835,2.1133138743932034,0.8943395896335666,-1.1377206056868496,1.6153511596038534,0.4190047240908292,0.08178316482637263,1.3196054601421403,-0.4722087933698472,-1.850530600404194,-0.6132788484265147,0.2887581114916226,1.1419865933828388,-0.8516037679604175,2.5327165498801594,0.2243322922270053,0.3988557153120285,0.0,0
0.4925831032030941,-0.7277162739079455,-0.8226891247608242,0.9778093165391719,1.4516265284357026,-1.0158764871685777,1.0402655043494022,-0.04659137492835769,-0.5800183038724882,1.9005606100975925,-1.988856754515664,-0.20820720437116655,0.3756517364879666,1.4466952103539996,-0.12592492335259742,-1.5331351729837197,1.78861651283095,-1.4870439504120323,2.271280469323026,-0.8666477570119179,0.3086002706383951,0.02777009134412842,-2.323961476751482,-1.6501465110591107,0.20643572465160528,0.3766681983854736,-1.20843180438341,-0.3098042861919679,-0.7234137882440671,0.5485048459582916,-0.0797185492327688,1.7269391696943162,0.16898707354643644,0.6439484086344688,0.08195833929077691,-0.046414498519452105,-0.8444243674795817,0.4149222393623762,-2.098053421421328,0.6610253513985171,0.8487489984765354,1.1188734550619517,-1.2683512804467238,0.3033978587215569,-2.164121264893702,2.2636116941388806,1.9287546140094285,-0.3026035845838857,2.1548710644267453,-0.6501529765614452,1.0,1
-1.104034174906667,-0.12140110880316088,-0.8435481764078837,-0.2071613899828123,1.3381068334369564,-2.8958658855609,0.91800740249396,-0.6147842927745839,1.1768671991470359,0.9050733931571304,0.5358220555768047,-1.2750036383317802,-1.028542596246007,1.4760779456421067,0.21602100497675908,-0.1837313650029208,0.8933281120740824,-2.0324504880869254,-0.026564262793586157,1.335004635778024,0.1286030658245835,0.7862645868754661,-0.7345255129775822,-1.1904054329870142,-1.3076186574945978,-0.6492272610236776,0.004055426321456544,0.8828714702828604,-0.8453155212769573,1.2936287535270805,-0.6181822455730273,1.2133492345350059,0.4819451474202534,-0.7365033163097294,0.2288304407831865,-0.7535018212931177,0.25670492348519963,1.0872000705255431,0.048989646002559804,0.5944145209260056,0.7304226369524498,-0.319753415332342,-0.2860580557614141,0.8468223829776266,-1.1045749770234623,-0.9338596946129376,-0.5147130305840482,-0.6280908102388748,-0.07554934929289682,0.8405658804233712,0.0,0
-0.028145119811739158,0.15595410056894982,-1.2015841739894415,-0.8297827148100227,-0.6618882050416359,2.0518730217535652,-0.599281931246489,-0.4264063126609461,-1.175425705279714,-0.9189944331625576,-1.6798772208421064,-0.03441868395692823,-2.0747736266003023,0.9904125067604788,-1.1200166870268484,-0.32532040933529444,0.4335433714593149,-1.2113970956129487,-1.0882005549530345,0.06974023515043154,0.7061219125699321,-0.2317057684071328,-0.4729088269322861,0.9812074251241516,-0.906615572401558,-0.2709702875911397,-1.3620464637740022,-0.2443060200470148,0.26125592996658703,0.7838897352848456,1.811073718620708,-0.3164222129791067,-0.6843947143081553,0.33505103497992833,1.371325919902458,-0.8912829040066639,0.1382605007304082,0.003556681828318503,0.34338334704672485,-1.0066152217597977,-0.535566061704993,-0.13853452885309125,0.7197188685005743,2.7532571525502383,1.8047166001011437,-1.0750539536773982,-0.2766172381967796,2.3601399966028707,1.2335621784720376,0.8255207058862684,0.0,0
1.819588896284428,-0.07376106539304497,-0.10137424464882697,0.7221592432152639,0.5941028275967744,0.623513091549079,0.3242788279621885,-0.15973802718803698,-1.8971178283290533,-1.7822549928957807,-0.4605451431944024,-0.023017492581798416,-0.5370152645607028,1.4765145340824462,-1.1207908743593746,0.17159442202987946,-1.1554370694220129,-0.9468293478845332,-1.6480451625886083,0.39448150658630105,-1.6212785046625946,1.3701087057162236,0.01243743639837133,-0.0054457580149667355,1.95301261938762,1.054881988982351,0.8306659755187321,-0.4352154583318711,0.02159333797395271,1.523011215495075,1.186244074550005,0.11367608631097685,-0.8949855088377142,-0.20764981650687755,-0.4420870332242847,-1.0613116792310588,-1.3269166348159636,-0.4708435888607946,-1.3178068103810632,-0.3280835090108698,0.5515875372047859,0.5897367577234577,-0.1786183656866654,0.5013617807250578,-0.8718165252798356,1.2815669550402509,-0.3992657691583066,-1.282198262803977,-2.032249883497728,-0.12635834104241522,0.0,1
3.031171943732002,-0.5760740117451689,0.8179505014817751,1.5846030020960102,-0.7646522959693335,-1.450476971051336,0.6623022346689628,-0.25886861564686786,-0.2162606872707337,-1.065356993394768,0.3726320709671353,-0.95521455038096,0.8413835356254903,-1.3707923632660894,0.5534814040064939,0.7137992966224584,1.1569165845757987,0.034077255313296466,-1.4181911791748822,0.9512217177312018,-0.5571945621961657,0.1320613491351697,-1.7410901178876823,-0.020396029368723347,-1.6718197599721345,-0.3907011183436237,0.2363499020569152,-0.9284982334215482,1.4166289906140628,-0.2895081754735131,1.4794952806954942,1.2368596909661715,-0.27376117900529084,-1.632495389171885,-1.2189115643384112,-2.1497319350564186,-0.014764154637440062,0.7162170179598921,-1.062219572569202,1.0959732353902398,0.5865272867727424,1.3290611256167641,-2.0336650656572397,1.2768242962758345,-0.3279591000051641,-1.2344684281282046,1.4782388443351389,1.9366525336703904,-0.4177223058217765,-0.8244272292450219,0.0,0
-0.8733144328150181,-0.4657035752990176,1.5151636694548467,0.5333183018584168,0.7948080928586975,0.7906267354930522,-0.3328036379415976,-1.072768618649098,0.08436333028267344,0.6825039633236156,0.8622911400567052,-0.4092525432865336,0.5500862885265068,-0.29743316230497874,-0.4745428672367386,0.11189361822078674,-0.2350179111905905,-1.516873430440028,0.01949360210724546,-0.5622768013948709,1.088726090656574,-1.2181651342250674,1.4287285106037566,1.690226279564559,-1.4251489598388147,-0.4656963187099957,-0.0105038456885562,-0.8316451218242478,1.3347103544634815,0.2214227476536363,0.9263821462487706,-0.3242266597886471,-0.02439939114599105,-0.5927222522775533,-0.4652384423484928,-0.5118772294625346,3.160957560646791,-2.090925645332994,0.09895359062473508,-0.8847827019982055,-1.0850350631722816,0.5573593262881367,0.9848361851150182,-0.11478182199977785,0.5390543344745888,-0.7510580237633773,0.5014336108814242,-0.8111162308258529,-0.025519749703652943,0.5782452840160602,0.0,1
0.007964586265219491,0.702135460535506,1.0373748974145884,-0.9955834673417979,1.0040580731794948,-0.5452745383984196,0.5896236654384209,1.4279378347660932,-0.9265851610924952,-2.1870335018416824,-2.0048849483914517,-0.4077982053479306,-0.0027148216660365693,-0.9598598931755832,0.308497555147242,0.7381290353792849,0.9603297656255456,-0.6950344714360698,0.2609633299921679,-0.1911295980343887,1.2502555025152662,2.383821048975855,-1.783030097916004,0.486584242625712,-0.16346261286486674,0.8609897344159531,0.03474938376755348,-0.6338841264741227,-1.5626030828919122,0.03180437473687081,-0.9046188102786632,0.1662745593234805,-0.7353269486947998,1.4129017028883162,0.4839065164759641,-1.120815940720224,-1.366030339179631,-0.3938581993456191,1.3113034554635792,-2.0708627958656884,1.0964300544958776,-1.9354558062901444,1.21972880444135,2.142826712193371,0.7291203692093973,1.338848220450967,0.5226051591612941,-1.3416676468469786,-0.9180115432906384,0.6484580445058974,0.0,1
-0.4730293414634113,-0.7408907225290475,-0.28905562591294404,-0.7045348309950704,-0.9624075739053164,-1.671345044520561,-0.7437935378449457,0.5306472432307598,0.9114066551018132,-0.9317102162327858,0.4672432077299734,0.5530315146554026,0.12079610038975595,-0.04783170870271418,0.17890127119820007,0.2891836189172748,1.3757766232374369,0.8970841453601233,-0.5908062681301034,0.477343455594786,-1.0488978444082515,1.0784378631066829,-1.6627161599837337,-0.9355963775012934,0.4033758278387139,0.011059988621757732,-1.2568128091471489,-1.157153992664271,-0.6223777405785781,0.6746458863431487,-0.7601983460733927,0.976362577191926,0.8852521323133694,-0.6580090004976494,0.3781119351169757,-0.21428032777153755,1.3158377149676537,-0.09411411659587687,1.3094774279955674,-0.2637359949779554,1.674296578433115,-1.078286908383835,0.6371352168809263,-0.1820394606944784,1.1293866935002257,-0.5791523380394692,0.9151824464027444,0.2754882664408314,-0.6765301123777349,1.1341900562605998,0.0,1
1.211572638321769,0.538947869158303,0.3898996891165867,0.5118013024806555,-1.5875077148498016,0.2984685686151696,1.3380382492855356,-0.22540694323640975,-0.2149327530532868,0.5453577693770728,-0.7657372413583914,-0.20358775262514772,-0.3186020010842533,0.8639086123901019,-0.6241299588255007,-0.017140353239079642,-0.07441864243278776,-0.5798636214942617,-0.4470341058113163,0.9134965377479266,1.7463317455295388,0.521165487615337,0.6358160101720486,0.5804483995079478,1.0682041182794966,-0.7182579661899435,-1.222859795956512,0.8774063293853273,1.552009171118231,-0.11805533159909612,1.3276108092628347,-1.2576415085928827,0.1439891924801891,0.03947012331347293,1.6597228696342448,1.1940763637494158,-0.3434146571729525,-1.0053596427213891,-0.3166895949128424,-0.11098694619284023,0.6330097759483001,-0.4279598919557999,0.195351538815542,0.2827714167484222,1.179864288387138,1.6783889751969865,-1.5547441704797356,0.5983272088427162,-0.4840843150805608,-0.5495392887847097,0.0,0
-1.882779402689165,-0.9737030400318414,0.2978802748090651,-0.5509882495444002,-1.5120942974404856,-1.480147738136688,0.4438848594962565,-0.3703721527552563,-0.572629535716011,-0.9417651522124308,-2.0901958685868087,0.014424670339736016,-0.33640523810576833,2.2799514345090017,0.5713468032977339,-0.15156047274638956,-1.1286034765953474,0.2990590568028417,0.5564698801962225,0.8225632158872207,0.26104862393119993,0.8170227643818632,0.28773926180167075,0.279122300610236,-1.526363094185535,0.582332653216964,-1.1458682664540478,-0.6498494654767047,0.1468596733336891,-0.2245505564481166,1.29518830275383,-0.5419795934070277,-0.7114286362264131,1.487593450880779,0.1498152477056321,-0.3600485314303913,-1.6650588242597633,0.37474860218336176,-0.2952347241349492,-0.451181549132227,0.2625422695896804,-0.16704580986083667,-1.3324577097358477,-1.8704574712287576,-1.4788322909750848,0.2447258533877679,-0.05443200673276969,-0.5955966457541719,0.6690242698296301,0.7315892214287782,0.0,0
0.2463546936347822,-0.728315220878086,-0.8461286753723177,0.08527328758021034,0.7108664825319532,1.0340515336054603,1.0248615811610025,-0.32474707923362944,-0.5624069643340706,1.1334667631183477,-1.4818019872756545,-0.010723271058387359,0.08609550118552776,-0.8478724385383364,1.6001413861449765,0.32504228494253234,-0.8584258186113101,0.007863297588250497,-0.18398592948078168,-1.6397341641587244,0.4088884334559841,-0.4961031902564845,1.91406738419006,0.7425868625597912,1.3444266373330995,-0.2539078287803288,-2.342858808323736,0.15052770425474046,-0.5812447981022025,-1.2314810748563314,-0.10857747307066624,-0.37289342561852623,-1.2439166129451928,0.2434906721054741,0.1692257454090271,-1.2525042293034636,1.1259027018463754,1.4361815845801682,-0.9520617829901162,-0.6939663509118636,1.1341185731667849,2.25552906378321,0.5844473188065922,0.5369930964407535,1.0913244704976806,-1.7481531171768676,-0.15280363710278774,-1.5016756427372222,2.7365545305097045,0.3336655772075821,0.0,1
-0.2324299765807022,0.3964449801455459,-0.16250498161526294,0.7973380062237948,-1.6839267157967144,1.6924602805496964,-0.9567352673115884,-0.7056052482526067,-0.5026004417389373,-0.668222177772708,-0.6762320548588723,0.8529859219680578,-0.7899850490543878,0.972678086819544,-0.5368757178442506,0.9178840744693244,-0.9670286370376971,0.06710728041408767,-1.427504762793943,-0.6009591672396662,-0.2977600575565197,1.047794968984979,1.7859516209912438,-1.5732061355416804,2.780514856486352,-0.3023079526345413,-0.5278221669115593,0.6001162540416208,-0.3006899781993344,0.5039223169452091,1.0933933004540428,0.19193939451549247,-0.7360636682889828,2.0271134902014305,-1.2184077972892648,0.5785951987422905,0.7610986828545477,-1.6587239238584306,-1.8898350705413212,-0.33328122281561245,0.15940818598735693,0.5012299084819325,-0.8153575348080634,-1.9426054278964144,-0.8450062963707848,0.515695179060887,-0.8986398106156898,0.5804419117303103,-0.25569201130782265,1.564165276079798,0.0,1
0.5482070657107773,0.36302787438813616,-1.4009784276412471,1.2242081001597611,0.8780697398421425,0.9969549287160079,-0.1442567594811472,1.5534570112432082,-0.4798260897443354,-0.5893127309682687,1.1273983419237057,-0.5010842311600264,0.7805423761633213,-1.851744128694876,2.27266908026646,-0.23063793465899785,-1.0812851371392622,-0.5663818489512501,0.6782517195289166,-0.8733791527044008,-0.552781341559121,0.5269248672329521,0.22521021186153345,0.3519458913628339,0.9769950026012474,0.3781668387837217,-0.029141596577503776,2.33122154686686,-0.8134095440882011,0.6630831082668517,1.779978472140883,1.420078548087781,1.5259897079720937,-1.1052192583596183,0.6683447005634813,0.2766516667925639,1.144437650931874,-0.42232584407454665,0.6581142568711394,0.25031186314266435,0.6023348394376599,-0.9478899757956544,-1.1993590371999452,0.3684673512298249,-0.14321778605532476,1.0109199364892023,-2.3774266124708667,1.0615574487480377,-1.5185846857930587,0.3472581061914844,0.0,1
0.03234906830625038,0.6776257878491866,-0.9250613228427168,0.3132250335317358,0.8047414935538126,0.7291600423945571,0.723450878995859,0.8671885950957037,-0.6960824581323249,0.209712595378032,-0.0006690570511796787,0.4044871896602036,1.3962238840542076,-0.14001977312006322,0.3506677775965515,-0.9590093499992168,-1.1600787015980392,0.49831226603634604,1.3756029606431133,-0.0914674671511344,1.0747321941766528,0.052718899689296654,-0.9854944603872998,1.4458133942816185,0.1274404631092362,-0.4256647624608126,1.5416547896342758,0.39387671947506736,-0.9949497348359212,-0.6243206486703967,-0.08971308817731373,3.16193864780765,0.7560225731057706,2.4186607151716366,0.5767650903283192,-0.3104961872465008,0.9661837963327242,-0.6960993913813346,1.316162486294851,-0.3003627420179689,0.6887764660327762,0.4691131485965294,1.799538754759754,0.2868859590249923,-0.09397112852056194,0.9109929295579547,-0.2357115156173044,1.5829566894643758,-0.12306546469356598,-0.14750993894737527,1.0,0
1.7252418276786483,-0.8902618374178091,-0.012475037939878312,-0.6497206557438535,-0.476649146219536,-1.1603675712385924,-0.8200316909400327,0.5702865946595516,-1.6658336968034857,-0.11135283679893697,0.2287998781678465,-0.5011237445333755,0.6535046542629596,-0.6706377851143529,0.9382336552523292,0.19010393080624047,0.6293375151045956,0.4255064839330531,-0.9087260883165632,-0.21341343508454316,0.003141044772320373,0.7092309650022142,0.8878028100564881,0.14377137598453313,-0.3415639543446453,-0.8040380446788431,0.4915472460597989,0.4258220939363023,-0.1821617058188908,-0.7404901695020224,0.7487884798849019,-0.6899000759549446,-1.36176096836579,0.9246236259401202,0.1531612526702831,-1.2336252241055836,0.3588615917379622,0.9613413581469136,1.3192127827970228,0.5196905719330669,-0.1241067846519793,0.6387907818406059,0.2321750454418584,-0.3462113185862487,-1.0967270305009191,0.7515282537180202,0.6661360061035475,-0.1128562356931552,-0.5815817869306538,-1.0119335606098252,0.0,1
-1.5531148217140545,0.9294271017828944,0.17508287017533514,-0.34939780663517,-0.5068794903747745,-0.8939362997547016,0.5272418384566088,0.5264103911856304,1.124846407335174,0.8057899702937457,1.6507885826237476,0.4822317405499599,-1.3756402091176851,0.23382687329789756,-0.5539798576442674,0.6998367006786763,0.37657368235991256,-0.701886751616252,1.3220393065303715,0.603581744201159,-0.6216912052861151,0.4426372544207314,0.6279157901991582,0.8508070674180718,-0.05981257611717919,0.7142086117155375,1.33984404449839,1.0053712810047617,2.290412661069753,-0.27700852197578496,-0.8609114409991494,-0.6544210818555422,2.1793188590020023,-0.28077512108016994,0.6857830618312368,1.4843607035609927,-0.9305961745314288,-1.3598450035200125,0.4672114096728278,1.0055003240359872,-0.8123042967584568,0.3859742785598204,-0.9561916451399232,0.44942858627738014,-1.2580775480566921,1.3413000755252849,-0.686129319944598,0.07036047228003711,0.5018797130172242,-0.8827083034597741,0.0,1
-0.2627990551557941,1.143863103756955,-2.056145520777757,-0.2608890008143704,-0.4971085996219659,-0.19639114536011448,-0.4321917928387246,-1.766322107366025,0.5298980413604804,3.1133395238768204,0.05670701937924464,0.30890027005581017,-0.3302584420654852,-1.1033729324604489,-1.355250446223213,0.4593471762616173,-1.2077615366259629,0.27635975090035125,0.07225821216218226,0.8574742849309702,0.4512488520986076,-1.3211086782456751,2.755167620330801,0.02822819640544035,-0.8120540985654269,-0.5630421142833919,0.8028437508191351,-0.6360063563905736,1.102080531594247,-0.2722763436450398,1.2873744517549681,-0.16218116413369546,-1.5174934943625857,-0.9893008169245342,0.13921990939322326,0.5915774563439303,0.7269059613012085,-1.2135785256279024,-0.04173147095564917,-0.4410173493921767,-2.2756861413707883,0.08385217459036473,0.7518795792620823,1.0503441854279094,-0.42941008097965744,-0.2845662347860108,0.183055680612881,0.8615977546137938,2.3557971328315332,0.6575948666905735,0.0,0
1.989397986184947,-1.7266442720517832,-1.2584901768417942,0.6116447976728275,0.7221689486034976,-1.2977480958943075,0.129335731153502,-0.7097409248470989,0.09764602218254564,0.30268612671782946,-2.2962113261666803,1.2001560900153234,0.6805029128657223,0.1538325849484596,-0.4561319193623519,-1.333327120903549,-0.8326365578434953,-1.3160375165777485,-0.04166431179692112,-1.1557817061614388,1.655651798678951,0.7300738981102979,0.9526926438962308,-0.844580192170251,1.3269391851043777,-0.9456641480614112,0.14160347313492486,-1.2061472120058048,0.15305645608224985,-1.6067820409137163,-1.4822698595452035,-0.9334907787143952,0.1193237020115544,-0.4854454454414041,0.08246182487544328,-1.529798729862054,0.5223056016640827,0.13172295433144482,0.8470298931755567,0.32481662500719066,-0.7481715451534641,0.11988273977571065,0.13244708223722848,1.2381562627742588,-0.7924031101058581,0.5208114119723551,-0.2742934250472573,-0.2473851849701501,0.6386685951595883,1.277674893398378,0.0,1
-0.35400342228585524,0.9416110368764921,1.5759988829559588,0.6094004814368422,-0.3590093236929875,0.1385562076033521,-0.06814622062689568,0.9767915356063904,0.6632583954665879,-2.1054017966581258,0.13176126296815466,0.826475452090254,1.0509399988203432,0.07169476823123982,0.08357815997532171,1.264460724331656,0.22831701870788626,-1.2038842610139509,2.147752667068992,0.12639340217133013,-0.32526665707665914,0.043049085384648064,0.6155458899143819,0.8278162658248561,-0.8745995581049613,0.3097715315436447,-1.0735979850759614,-0.02452884930799896,1.9588472682556148,-0.9262242570497662,-1.5175589388379556,1.3908340830492243,-1.276728869419174,0.4370446268958416,-0.8528952796646673,-1.3653546278123243,1.2810965503319764,-0.35752493723614986,-0.1916664288613319,-0.2831584920902783,0.3643905398129719,-0.6310707685856,-0.08432181482156187,-0.05325707742861836,0.4634156609525469,-0.028486021813661718,0.34938731370215925,-0.34825669935050885,0.24157530781575134,-0.5141916217307976,0.0,1
-0.24384333494399746,-0.4115024495425186,1.230072458581174,0.3778888928880028,0.4329734250472019,-0.4329325265182759,1.6516583559334483,-1.1873388741683784,-0.043650170543741616,-0.7947300217350834,1.0602688169446377,-0.09455695308097764,-0.6381182115203258,-0.7209099400562496,1.7307633532549305,0.5629159806338937,0.3661114717432785,0.3408842726747484,-0.6341339924006625,-0.6963166322053382,-0.6865896602975501,1.0983205061333323,-0.2366161119987228,-0.37907522140419736,1.2071927638891276,0.04592589206997416,1.0741389320154937,-0.2968805949189434,-1.888403782700943,0.395132364491236,-0.2835840033460419,-1.4414084805378515,-0.4237650228536971,-0.5450467820712206,0.9818261298924776,0.5879617685413979,-0.016844682032858837,1.6538697218950338,1.86337592331244,2.2016868335744717,-0.33040319469835355,0.15730904493286998,-0.7033339148441242,0.21020776875896005,0.2948405500481942,-0.4057724346042818,0.9405102678406873,-1.3217557778724545,0.5851385761111402,-1.4136562774948125,0.0,0
-0.984708025805388,0.38326502264950135,0.5733532392961962,0.9028633720084028,1.1738523518328998,-0.8289562098877139,-1.6210336224813786,-0.1760514322695481,-0.2686500765227636,-0.2724041514223219,-2.0853753915765068,-0.3554187540104772,-0.905206331221166,-0.8887623153825773,1.083794353716713,2.0671123825545688,-0.6148102857292391,0.14502159840244402,-0.9273591496586996,0.323058105935632,-0.5083948420061092,0.8038990897571607,-0.8981776582787319,1.9485732650729688,-0.001999201210935764,-0.2164636676938832,0.4416923549556229,1.298431228399238,0.5208606754936767,-0.4911267974900949,-0.6686224891161174,-0.7114038287528802,1.8522708020283127,-1.5069386766327801,-0.3959467928609555,-0.10962535394380107,-0.009560097899593986,-0.04567712077162541,0.03710183818210604,1.386305352587594,0.5393824962387495,1.8314123142362275,0.002612893185858132,0.22678245985148845,0.14549116289080172,0.38160906136164535,-1.3267526375630447,-0.761922158037405,0.3957629934345524,-0.612373395895342,0.0,0
0.7244862567061702,1.1590979636029035,-0.20021539018700296,-1.1928460579866988,0.4588603053808766,-0.4208670670044979,2.0522722800403894,-0.0020079534847024226,-0.20398975697757435,-1.9636939033068592,3.0239629745009835,1.4069537881947798,-0.4534695769785658,0.3807556707075405,0.005505167708747975,-0.7542164814933875,0.4140736869967633,-0.2194587834606141,1.3852898948287375,0.9276828036542012,-1.1687660402699045,-1.4033023510809317,0.6525380368721709,1.9948916231288656,-1.0736943584371683,1.0743133664217748,-1.3837987080387724,-0.3418254385328046,-0.05215891257024935,-0.3579800126001048,-0.05163310796631944,0.7683783333262959,-0.18369199017191104,-0.8745582780180752,0.4559643981979896,-1.0903664647419478,1.800612559352366,-0.06948346321916693,1.297435739177134,0.8715700925531891,1.1499937273280891,-1.6480128231307245,-0.20114572783602733,-0.7525192587049734,0.034889207144752084,-0.9455551521454304,-0.25081697660434865,-0.8718630697953066,1.0600776931388691,0.6537951368722937,0.0,1
-0.34381642078748953,0.7981008881834074,0.514784528028107,1.1068404463927428,0.591752528426616,0.13512097280794852,-1.2604200167498405,-1.3356989784437434,-1.3259276425750746,-0.9390709235552118,1.3238388969113084,0.37701795750359457,0.3654584636817999,-0.3226497814853074,-0.376335980484848,-0.6465164371217252,1.6923039775555364,1.0568542305909248,0.3799651099204807,-1.3261614151904544,-0.5386883424767369,-0.3298313609496649,0.8478816286711869,-0.0713856829866868,-0.20497499627232785,-0.9818233516205924,-0.4186651341225254,-0.13353312526949954,0.7544327748224914,0.21852294714761766,0.15236040808604814,1.029378846125347,-0.5714797821684299,1.1542529505359655,-0.08625629354414538,-0.7371398679746931,0.7044522425131391,-1.2140121372154489,-0.3283575503631617,-0.1608039196161657,1.259759055167571,0.3776489340384426,-1.1523148732269346,1.1503571051553452,-0.07572703561684763,0.1329885007852153,0.16757595278045553,-0.5320835475833406,2.4758893624414795,-0.7165390159108871,0.0,1
-0.4546685451980938,-0.7993076754865294,-0.14452102281265558,-0.0669255567546685,0.7974974655706558,0.0588967549150647,0.6188920971321962,0.4643799111329429,0.7329276395586647,-0.09621079368151716,-1.309385242560036,0.05788694971362589,-0.5693351115485529,-0.8168601586984346,-1.4192720361779834,1.068062591793801,-0.6234964971966659,-0.3768514967897855,0.8211206806205147,-1.2872507024120847,1.0069959803681003,-0.4993055161955814,0.3582618671551569,1.1132298839925396,-1.4951170226214177,0.7956057590002725,-0.4635699860558082,-0.10912320182699152,1.4732325163967959,1.464212164978185,-0.9489582578899014,1.9421016535498388,1.1670886550360615,-0.3372756970432825,-1.395182922702915,-0.7211430189922934,-0.3328713589022164,-0.0554468433286369,-0.6637084840614493,2.526130474088878,0.141185235196754,1.07028166581384,-0.018270773213419043,2.0453923444131816,-0.6164673171985758,-0.19667175415103294,0.028466673144967043,-2.3694349482641583,-0.8703080149083408,0.6686938300340901,0.0,0
-1.1380816942969278,-0.5449240594332515,1.4168461171128912,-0.3845758792340788,-0.8739089768701424,-0.4685079693713607,2.0372582197506883,1.1629851602995969,0.9670251332929656,-0.2919577544158651,1.3207424276298558,-0.13873192175474858,-0.5754629188813564,1.567268872031186,0.19078685105827048,0.4790646166356276,-0.2385914146705695,0.5001067070892102,0.5699477424153054,-0.239337938031532,0.48900474676087297,-1.1408165953308005,0.5457335791635951,-0.1485970235127593,-0.04945192349589032,0.2150724727300682,-0.8026995219088287,-1.962259591244312,-0.2989768412101168,-0.32394065279038603,0.006673511394530689,-0.10408333921025203,-0.3655767917676998,-0.931039086945212,-0.4969584374746836,-0.24855956888703604,-0.6088504464003371,1.9148561849317045,0.6691250784865014,-1.5480373014055582,-0.7966776228154658,0.2631036694625305,0.8838394563485293,0.3974126394718852,-1.6020626038188488,1.0689570395290369,-0.3479370247874637,-0.5279477152687783,0.20925022519956246,0.459690017469082,0.0,1
-1.716429797823666,-0.09396645474873568,1.0370501062988844,0.9802385284209996,-1.1977235319395805,-0.22158293994672054,0.6326487099544664,-1.487887010804665,1.4709731866998028,-1.4392218560285928,-0.7131046778216369,-0.020284941114147303,-0.2295125402865853,-0.0684965877745891,-1.6504818796468783,0.49739530669278004,0.9598603112626972,-0.044459199957937866,-1.2206597297062467,-0.6977376230876277,-0.4649465832129398,-0.3664229782467544,1.5121289867802068,-0.001970221859451214,-0.1351501037137171,-0.8561142510061527,1.7262204636359355,-1.2023689193850338,-2.6153424665679115,1.0406308919686458,-0.8416753967159191,0.044683988884987265,-0.8698659669366481,1.0065914636878708,0.4997056304706037,1.0451190676033932,0.7054662017121343,0.021317978134835533,-0.05464788034242759,-0.3861678364794437,-0.831322312423274,0.3999092924793554,-0.4311650442680589,-0.8079289994525893,-0.06476821828556216,0.5000302529705958,-0.6283988242967393,0.9738343365557852,-1.7393631971051768,-2.084466026225392,0.0,1
1.4211353054892393,-0.798360300874532,0.7174338297322126,0.8086140790968999,-1.309025166164439,0.7558179514742882,2.7010086755320177,-0.5179245647646383,0.7834770665609586,-0.0835533013006394,-1.0316674381102195,0.4758944112674897,-1.4934979431120536,-0.3934246740023876,0.26311875278133123,-0.3351143174885807,0.9438495900350216,0.8427281574356471,0.3395407191383733,1.2126712958752015,-1.11890577868577,-0.21145315407649465,-1.1061617264908132,-1.1138145931869199,1.2236919150793495,-0.008363471803589937,-1.1812054017631848,-1.0097825730202243,-0.5639270885268692,0.5229651358588545,1.2515284281389856,-0.11645038109971514,-1.0016999485840026,0.21180393254366012,2.4987446024183377,-0.6995492916431599,0.5052150912447613,0.11992275265106173,-1.0869691360349951,0.09242280186677132,1.2962221132320075,0.8315530426652337,0.19326599117090595,-0.4084410065550033,-1.3471935967687567,0.3276696865140412,0.21672481947007732,1.3497780335692682,1.0326264988044478,0.8370584099479049,0.0,1
-0.9774591158868636,-1.3716656118078974,0.3330531992969164,-0.493614049972413,-0.47464155806805497,1.4992169523174788,0.3209045993015015,1.0598890116177655,-0.18067805232478149,-1.188241762833478,-0.10381613236557212,0.8829777879989157,-0.6898861610172351,-0.6174258585366692,1.9536210892130883,0.4173607005414053,0.10271801085030734,-0.11269907245501876,-1.5865704791409367,-0.6364694226108273,-0.5172920852729445,-0.7402287933395195,-1.6891666860930048,-1.2383079645552506,-0.976727927157705,0.3701770370379212,0.7238914167211878,-0.42583237503450294,0.3815548279101224,1.626445478567965,1.4792217513337809,-0.8946061936454399,-1.1754623284089898,-0.5715849418061953,0.3811180284555338,0.9732652073992736,-0.9005464123019467,1.4432326213520863,-0.2704006859117428,1.911275133906282,0.16314708805655473,0.6459725165133557,1.3940289513371926,-0.5087439353771692,0.031676154706033334,2.1710747986668637,-2.2348435794750294,-1.3203178246521046,1.7999256710096283,0.1473871082281516,0.0,1
2.2208805575918618,-0.06162012581890405,-0.6033033729790405,-0.20119813874394826,-1.3032620738207237,0.5671314436759911,0.4572038659813601,0.8149016972135097,-0.1675619321522705,0.10235683533610752,0.5183213115784654,1.4022764347195482,0.09839981632277163,-1.3267312182148836,0.5577132686586397,-0.8761139864782947,2.1600871498327066,1.363049696501914,1.189991365856479,-0.2546812179201621,0.4757862095764728,0.7370927627942909,-0.17622538343318,-0.5381151677974694,2.7308153974824307,-0.4058063048646464,-0.18813635752920072,-0.129879204212111,-0.30987252722503306,0.17599681035157103,-0.6313544112631719,-1.9612670902436244,0.09532085214236884,1.592201402421503,-0.8998829478786619,-1.2827429135734811,1.916824368690528,-0.7740233302435258,0.5819666106724779,-0.8443531845733855,-1.5078824604377592,2.2617585498963977,1.0151514166608429,-0.9080871364512556,-0.06735296161757742,0.5517600536705867,0.2617969257460072,0.13116633999788266,0.12508482890274214,0.6748948356005686,0.0,0
0.4084329372129963,1.1906310458548313,-0.870155163343251,-0.0018708578734600296,-1.397474165423435,-0.06713600000053832,-0.02368804442680169,-0.10193109306906284,-0.4171407861936458,-0.2542343144674741,-0.9073481457767484,0.7688991888426214,-0.28176856658871124,0.928433643705011,-0.5716766014237346,2.7038033405425725,-0.3837273340393312,-0.09161446440737757,-2.1669765503030907,0.8728780934254278,1.9298525725514348,0.2665745617637262,-0.0029172658296468057,-0.3183179113786895,-1.7103591390522763,0.2842889188128026,0.603314554789627,0.3477094959802533,1.026955593314974,-0.4002322874891045,-0.6212625057548574,0.4058274615946553,-1.7438456631603072,-1.7093704745476983,-0.7481919144207888,-0.2942688067719512,-0.007865300224088649,-2.0322949008712548,-1.7693241604412457,-1.3627726886899298,0.2315498742282183,0.698172679124241,0.044087559886625764,-0.470444699757605,0.2527395078933248,-0.332804083265084,-1.6160224773428375,-0.011721328039812596,-0.4010756261325923,-0.03824464610793693,0.0,0
0.02759385655399944,-0.8384696226258226,-1.9092039766041191,1.8565151492596088,-0.6968603659457705,-0.07069203335128328,0.05977744585926693,-0.488111508628113,0.3382596993724385,-0.32162238383502595,0.2078833129969169,-0.3807970020544309,-0.4439366471358358,0.3321214501521628,0.038502338887638286,1.1866665217743808,-0.3201752966198801,0.6257630484122836,0.6049816022059712,-1.754485871269694,0.11918131914929148,-0.2438137034697543,-1.2283184999149461,0.7212567607341331,2.0744763433532736,0.4092634461170515,-2.217009890411255,0.4278258217392251,-0.37143055472341796,-0.4273033263413307,-0.118055032206634,-0.4172933517806928,-0.4632683473218571,1.2956175990948997,-0.35423427841084565,1.9308158790122945,-0.11886144839619177,-0.41216553660500216,0.5252664957758173,-0.3840487189131184,-0.8950540726016264,-2.6586323490974437,0.3404064615986331,-1.108698425599305,-0.5059830172402325,-0.8144796573622202,0.4413712361516003,1.2363142241097351,0.12810982240491933,-1.1802032524403565,0.0,0
-1.3699073910256023,-2.4009917679075916,-1.7952949279668775,0.610729507266056,-0.08110041954766085,-1.1637296379544388,-0.6164854834439897,-0.2673803735558267,1.0844557349018606,1.7084263302370115,-0.7379914064267529,-1.491096625263956,-0.10423272071195057,-2.282310169763442,-0.4271656133549736,1.6281439179265567,-0.07086451445995746,-0.8730951032260301,0.9373451470741802,-0.5929547766554029,0.7530715645049757,-1.4006120433914977,-0.5840035611375016,1.167749580136767,-0.8761714211501059,-1.6929349146621733,1.0048387327054396,-1.5916216762995534,0.4791831488903429,-0.4756598454247256,0.9667427503831002,0.4670958501694076,-0.8112946673254857,0.27860976942042354,0.12591817433392002,0.5162870867606574,-1.8966176172011369,-0.27602600586843257,-0.04863344259015169,-0.3173695561818348,1.0304776254940955,-0.6424395411162732,1.0893250936018528,-0.7566267776970159,0.10847121342075516,0.05949778053508984,-0.9928816928854414,0.10446230156411104,0.7807857256255519,-0.17096086059726812,0.0,1
0.7970603046924811,0.09335343687044947,0.9569437993192312,1.6749019492707453,-0.7261658744842838,-0.5541249658362238,-0.25134964057609505,-0.30235360934389705,0.016246368463896925,-1.5173005205549703,0.6933454729385918,-1.322307745111441,1.0931549450166431,0.4159444968169029,-0.3983465651028866,-1.5469038516883968,1.112047946020472,-0.6557817555886993,-0.4924357238589758,-0.2561060968177582,-0.3809963086584451,1.4869013621735034,-2.199833641260289,-0.25459490988299105,-0.2189812027821627,-0.22455121516926246,1.8210892604534537,-0.21480358682642067,0.4311638459843204,0.5590998558504405,-0.6774361041817069,1.5663477606269018,1.7160207655869704,0.6877663509384011,1.0093717123550572,-0.4654273745940782,1.4764524908870158,-0.3566027806861511,-0.5284233828896088,0.619144426879104,0.6328347976972335,0.9890027211782504,-0.5940832246983976,-0.19662272929516056,-1.465123691180725,-1.40387087432049,2.908554101770316,0.2247070389266854,-1.0556795199537414,0.2103267410892149,0.0,1
2.5255430504944023,0.6117899128681441,0.5495927728205589,-0.9504691631386138,-0.9338379155113916,-0.5388928254730783,-0.3918945426845402,0.7406516123157564,-0.6771585749748007,0.2444282130679901,-0.03652446676436306,-1.0523474523654721,1.8385934861469897,-0.9337015245192478,2.302609070317182,0.10969579274870196,-0.3512983612205972,-0.3067916501933657,-0.4918512347046511,-1.6797979985839362,0.2321193388885656,-0.4303210480922564,-0.6837127725995493,-0.5750587735581713,3.5325893024562207,0.15775509880922473,0.5203533141101772,0.9628115077935888,0.3560143917035883,0.002502949713993209,0.034597256734835866,0.645755859793022,-0.3734815408331599,0.9795290796783378,-0.6877185799141833,0.9958124234397776,0.4243405290188222,0.4459857084820296,0.4078201844967657,-0.04433117075410365,-1.3895242938203372,-1.2521657417798786,-1.2634003266513725,1.1970297876289613,-0.6614202015284825,0.05076254727118703,-0.17149630532123508,1.0899065711325533,0.4354932580592389,0.08118073276417065,0.0,0
-0.4712953490256655,-1.0316799364375104,-0.5482382109779005,-0.7351357392071821,-0.8108518359519991,0.19463963361090708,-0.5074706613576383,-0.0652207871950507,0.28754638206762684,-0.8144946143632273,0.7483651218602774,0.6079843041539316,0.30916633971782,-1.6302903887746418,1.2902542917193431,-1.1007058689508007,0.1166360241511866,-1.6842729145334825,-0.11083699033798007,0.7129273568916578,0.7544446575865931,0.408854281673294,-0.7959635949415753,0.5252020617699035,-0.43113750003327006,1.2345825094401488,0.4875007804213125,-0.7170541209449852,-1.5932804439041557,0.2593562275072952,0.14428185474340618,0.6750879681932168,0.00046597629173794717,2.302643713724964,-1.081803924882953,1.179020568007242,0.6920195067044895,0.3271474106132549,0.2331310455483648,-0.5119767959258686,-0.9239076251112278,1.0825200030912565,0.9937699730183592,0.9025264826483852,0.20739686156427226,-0.5625785771850875,1.0170144735247202,-0.5335673456917842,-0.32697230784155873,0.4138575861758521,0.0,0
2.139573978795172,-0.108195333461226,0.17517952800699227,-2.140354074492937,-0.010513158318188751,-0.6894894211171175,1.029401755407493,-0.6030565426273579,0.7487348446339744,3.6721438262578388,0.43344869498098404,0.859165704465961,0.3831859662751596,-0.8822226990277248,0.7069080738827107,0.9378106577798004,0.2326236669122831,-0.6471023317203993,-1.0327764260619146,0.9423202724571684,1.0659643562366847,0.4055349136650453,0.08067551265965069,0.6827258634345229,0.5810318651243237,0.5431947442481362,1.1258612090711593,-0.1310928405255268,1.1142518280505538,0.6462610665042746,1.322870506492588,-1.4742776187116238,1.7355353145854369,-0.17512678375416918,-0.2718490227466314,0.06622754759250264,0.2672718347794494,0.6364152954167746,1.6516983482601673,-0.5519718404553152,1.2223113552884641,1.0230652252021917,1.2010348389122134,0.5654845844714874,0.5787442348742725,-0.8806361199578641,-0.2320211099571377,-1.5855142124611374,-0.3941181207990018,-0.08066104722716001,1.0,1
1.081079730870086,-0.6738514960771005,-1.208373022458128,-0.4688106440834794,-0.4842113119910383,-0.005072507664542468,-1.2947951391329278,-0.5377011490024936,-2.510951901870672,-0.10291076717065398,-0.44073113994614666,-0.3023870966779749,1.114135579255739,0.4551422159904792,-0.4331280241015344,1.0804328837025954,-0.015008035436796819,-1.5725702720246364,0.9908150638131292,0.05918909930684555,0.10761685521591234,-1.3352953416241178,-0.19132259243073368,0.4911186298665166,-0.5469089699833675,-0.29601676725341763,-3.071847911195424,-0.7264459541521067,-1.0469255561375457,1.2759884120365537,-0.6272217540739277,-1.0560681303110842,0.795050654399318,-0.1811624665523836,1.9855228880655802,-0.3429441433342333,-0.3458717712769659,-0.1813924224356736,1.5859409085290117,-1.4665950726422927,-0.6960397944788485,0.5022438294290139,-0.18391161874462347,-0.5701889987123443,0.6080472530518373,-1.17453961748159,-0.9527860615095191,-0.6140565901581538,-0.9952628755067644,-0.8815093924091767,0.0,0
1.3155912314198732,2.192760621480468,0.05827411265722265,0.9507082784714019,1.4489679887456095,-0.2527002673369269,-0.5028090188309998,-0.28690570940055937,-0.17681331817271267,-0.44683787370666733,0.3844797274536024,0.6292700789151269,-0.3447150189728275,-0.06004750564017481,-1.0267921872521475,0.3275803749669011,0.33692540976192425,0.6233521124871062,0.4746573110568168,0.2465206418353461,0.8171047110487707,1.5323348274983564,-0.015122068439328385,0.3241459921439683,-1.3705197392265194,-1.786361337307126,-0.3965304730288168,0.3093626162780256,-2.4775695053104965,-1.6195639899433043,-0.11305895655275965,-0.645450148344962,-1.117053129465652,2.070798288764162,1.2806909482360775,0.6734925062116233,-0.000293726862308185,0.8568972215285623,0.25673850768068296,0.8811422475862867,0.7021571828704998,-1.3062492339063665,0.8140607302765754,-0.8210587100778048,-0.14320739694329224,0.4669977658288754,0.5237002145856725,-0.7322298571997542,-1.2484734228140897,-0.6982728723605413,0.0,0
1.3006214796346045,1.5940768150185047,-1.0029492595441734,0.5229684603659409,-1.8061089830826789,0.8502806502956624,-0.8590452092166321,0.6261846701435568,0.1727062866627816,-1.5472586940235715,0.3295593822718395,-0.578389530807401,1.3151177184963152,1.3766816144698308,0.7738199911849841,-1.0737748151771525,0.18187027838415776,-1.1793380362572587,-1.670920057514627,-1.0465783369507886,1.184408515449107,-0.13816592589423055,-0.7227655577463743,-1.9610894195831403,0.24829005069093202,0.43176245280533015,-0.446838009127521,0.23390625928933315,0.5372211146226723,1.237208132221577,1.2728333097719469,0.05428215352610335,0.6629454424507732,1.4826633429352625,-0.6725058365425872,-0.6501101191108576,0.19801520536671624,0.05218658581800769,0.9052118633790552,-0.4547745897118438,0.04350129547297429,0.9731635967404342,0.598256231962126,-0.4932844412246576,0.4495040405872963,0.10579432151203264,-0.1494004012609129,-0.5761199691736424,0.1457789862547913,1.4115746027298042,0.0,0
1.7108336816655625,-0.0460979431959469,-0.3266566275128623,2.804879038894296,-0.3995604771208952,-0.4288026686208547,0.9828976818414252,-1.2041025174115407,-0.7758001885863053,-0.585371954868805,0.4429945405232481,-1.859348847644604,-1.7398010130493602,-1.7757888814253031,1.9592910845790756,-0.5512983279038403,-0.7567371573111642,0.3132696365584433,-1.1378540782857247,-0.8138278763601746,-0.2668902047567378,1.6548226687950744,-0.3138241108224312,-1.103680851962257,-0.5945656608435833,0.07593228701909313,0.7172470409929276,-0.07657603588087636,0.966304684996382,-0.05165845150094877,1.5693127745794615,-0.7888443380225878,-0.3080915122894953,-0.3069277729863349,0.5748272658833541,1.2627664252777862,-1.4943603611016365,-0.7115767351021781,-0.003323654630100262,-1.1504017797190342,-0.4064665634538725,1.4488277112464014,1.5611423038538657,1.588105514647813,-0.21044901092338175,-0.10548511464047372,-1.2466477962207043,-0.6566281938726395,1.1475552286566688,-0.30318642646364824,0.0,0
-0.07087048416463068,1.4020825788460043,0.33107081340147804,-0.3674115538111229,0.010879246939297009,0.5086215455035892,-1.4303843938738832,-0.4364466036016501,-0.24723409412267286,-0.4538768875982533,-0.5159271511417557,-0.3507640040804175,0.13805397917335274,1.4247350610715632,1.1479381636105033,-0.22980947557626435,0.5080114433433637,-0.07905016793504445,0.5693544312449664,0.6088507694301055,0.06619080270316398,1.493307730096992,0.9954228220034771,2.1595749412321914,1.266456725877844,1.3431724599235029,-2.1526570370704765,-0.4770823864507408,1.7083737860407242,-1.6545328703207098,-0.32310899443514385,0.021226608172249403,-1.2187877999979209,2.4780359171511583,-0.2203444666278255,1.3532736195414976,-2.075051223102242,-1.0295288831597045,0.12583799720453862,-2.8330264208029865,1.244489362181546,-0.2627117863177832,-1.0376360828229432,-0.5681335082101586,-0.1482427478758387,-1.776450310716893,-2.112996364505608,0.4073339837576409,2.1545660784963037,0.6621467501359538,0.0,0
-0.14629577801871907,0.3078594209689077,-0.6704078270354531,2.085892718666424,1.065341970292888,-1.078398912048545,-0.8848076319840421,1.926979876242184,-0.7624846358015438,-0.7539243124981959,1.7898498129696971,2.676627982337412,-1.0088278007708165,-0.045986290828500725,0.6997502420131884,0.2476591549150588,0.5599553820336551,2.022030867088737,1.0476748832018947,-0.7165144106394583,-1.4403712478092072,0.4107403582609788,-0.7755581185737686,-0.5455238994420805,0.13497698065473204,-0.015445256486006703,-2.8437954352794392,-0.7054955757616789,-1.6634967247287842,-1.2880984819679788,0.9377926018875059,0.7599660101691948,-0.6565944741003802,-0.050685026276869584,-0.7027111763608879,0.11312991911131033,1.0572448189877337,1.1109668955205974,-0.3290933971744255,-0.2348927884682395,-1.6720418090584306,-0.3665616392181119,0.9699016701433064,-1.151050553420505,-0.2415907432231524,1.6537634081064831,-0.13083440676708544,-1.6788682255290253,-1.6960526439383516,-1.4842762211976324,1.0,1
1.847073613127285,-0.7407143888266753,0.9044947529340774,-2.816333449767248,1.7702037575776588,-0.8871867079392246,-1.1051101324303678,-0.3016523169391232,0.005427091750063029,0.2417795395316453,0.8167712999222653,1.450490688697123,0.009322911613557243,0.29464622597688106,0.0009653811573766153,0.8270637963248798,-0.3272863566568742,0.5121652315765356,0.527275726570668,-0.8942709809401805,-0.0013218037739550221,0.21807087331385275,-0.13564964812168656,-1.6356308433014142,-0.9777065683785741,-0.859148936267772,0.5038646969278143,0.7793023478318174,-0.0012242668332431534,-0.2354411482331823,1.9880967860377492,-0.6706490893690228,-0.5576445192177424,-0.6951996104540342,1.519496583649738,1.4445326531494158,0.6057075097794405,-1.1729343914425066,-0.239431854996912,0.9394140070542376,0.7783165996192123,-0.4983394423074084,1.0016654325486225,0.12093675706588684,-1.22185394494968,0.2855480616746148,0.18119591034798,1.280340561509009,0.3538089503667779,0.7044734457591063,0.0,1
-1.170908879957018,-0.011600049845180906,-0.07995801106829606,0.3555561799093897,-1.76807839601943,0.1792831804631949,-0.3464932584491398,0.8304601045540985,-0.3002179421104728,-0.27828152209605145,-0.4695166366474309,-0.22418810724276086,-0.8972797611979046,1.501471806490837,1.383346313924774,0.5729241516739544,0.5731567990795317,0.06852942968693652,-0.8174418689802797,0.3742786686195953,-0.7563415018923116,1.3502397279608067,0.012252973828088556,0.020343215574032757,-0.18110548980232813,0.5331646609388129,1.1249396833284322,0.8297119031943895,-1.3376502038508478,0.7822529928895017,-1.3277265474777085,-0.8971967436417865,0.28780025958288696,-0.14888396501133214,-0.6881239031646857,1.0054183514567847,0.16825115280140585,1.2477677464320296,-1.0461916031160194,0.019347136251455163,1.741341790120697,0.8741385854639206,0.5259588115570122,-0.8867161317000618,2.0797773316098582,0.9007503572135418,0.3797663052552805,1.6284104432014506,-0.8334489472793668,-0.4571567693626584,0.0,0
1.5400436576852008,-0.13257895187366014,-0.9209300982778972,0.3170444166407543,-0.10200113221530388,-0.30324568874704605,-0.2255208052795069,-1.893741721191516,0.8396374481363016,-0.34674307895633844,-1.4616518829503982,-1.2107749094116451,0.9680908027751172,0.05951623598285645,-1.2762280786580869,1.8001088095363478,-1.3690525189432194,0.2814218322703275,0.4199382009027308,-0.9082547099856552,-1.350451887640422,0.6713941360215763,-0.4377226996017299,0.09619192243118414,0.281907882182824,-1.3668087609110329,1.071169770297579,-0.3468421175651544,0.7644148652612693,-0.8279532827077061,-0.5462633988759192,-0.5934552194321808,-0.7867527103858396,0.19721415451388014,0.5918347577478617,-0.6489077445427391,0.8740878133513534,-0.6626325397599212,0.03171655924022553,-1.0842096273526929,0.9111944894103576,-0.2959244975630553,-0.5267634739880972,-0.8715794171819603,0.5418848751825021,-1.7738242172644398,-0.5419053331364262,1.7890002113428038,-0.23006342025226795,0.6200897354580206,0.0,1
0.4395907212409608,1.3565112722995392,0.5493078535282129,0.8045976234450724,-1.3219799632548708,0.4961922044448562,-0.7663641024395356,1.4259980165972794,-0.9365612200036784,-0.12829781492069894,-2.647977872085901,-0.6956592839866105,-1.0593030166331256,-0.08964608903315352,1.3394599707895072,1.2355482220060992,0.9944597062142936,0.17329821444998375,-0.4368278041097767,1.53528697912943,-1.1311005470644575,-1.4796337989246862,1.6582563724212716,-0.6382218633175571,-0.60328198729291,-0.9591251243792988,1.2241521805509954,-0.5495435723906955,-1.5740283841322436,-0.8987047516676465,-0.4868926641059244,-1.943720962816185,1.3236234871409742,0.8436200453492073,-1.8010304816111862,-1.8618748115791883,-0.11379529682426433,0.7249560325798102,0.5614740308143353,0.7098617639960874,-0.1429766246786828,1.3770007943619762,-0.9197027819700758,0.19107302357800626,-1.5252875282471767,0.4839597084682344,0.7504956304263024,-1.168965097848579,0.799369173016831,-0.1493820964191229,0.0,0
0.8681690056402507,0.3733674141340276,0.8079573416345036,0.6193616468637037,0.24264104565333194,0.2404625349397484,0.6093221260063489,-0.5350587755824366,0.25676931180292817,0.3333842393551449,0.8663754843020041,-0.1664432192518316,1.1013068876911811,0.4278293849628616,-0.19934354009112185,0.5656451210657466,1.3640537004131201,2.2554218911906285,0.27348418419821857,2.2720691037271816,-0.8811718426798506,0.7817369425991012,-0.022467452608604385,1.2993261871602129,-0.17439397036420815,-0.970290284159795,0.3398764821461541,0.7593563013972487,-0.1948596373208616,0.8736027903829598,-0.8629410763384522,0.551978803434124,1.3157165684845529,-0.30313911014894424,0.2413180877099481,-1.1628057623691108,-0.30787308884793674,1.1710320911724448,0.4732179308091973,-0.5519463811138944,-0.511327148927224,-0.24283454137577276,0.3350375742056629,-1.0015027583429903,2.1154428448920735,-0.3774353227477814,0.2346603573222979,0.9933769905918972,0.8227997701341448,-0.8936417182606159,0.0,0
-0.9918836360506916,-0.8361535174532244,-0.5930559104424674,-0.6095269055610789,-0.2469854437641209,0.2644160539840672,-0.7240105385482102,-1.5402479846888657,-0.4175938258698733,-0.21423703668162475,-1.47686991398481,1.1509565968976538,0.9083539342466168,1.3953863549427117,-1.2623324881106657,0.8106895985113561,-0.7869040590691888,-1.0744089874171183,-2.3923258227157493,-1.9048245001847004,0.079926066804612,2.0972315415657765,0.7141678115498191,-0.2728956141809956,2.052651147644071,-0.7086564134976003,-0.5166763523010446,-0.5915568458186335,-0.274898658560003,1.4095342492351572,1.399455678018955,1.061511677751476,-0.23132284080456456,-1.1489205967850311,0.13171485309935674,0.5793111008858572,0.28984492234078674,-0.02722175589785934,-2.8873183805663976,-0.8208562576512397,-0.5291230592276702,1.2197903948085502,-1.6473550598590727,-1.78015821630701,0.13873458753790285,0.6206183913550848,0.15552014994358,0.0404535874070526,-0.5508664734477139,0.4281264893319224,0.0,0
0.866309913583926,-0.7769494830461757,-0.8240728871162114,-0.32752492270433564,-2.023355269092648,-1.3481267021209342,1.3230478421520937,0.908359324751943,-0.21913537352860668,1.1430438806773304,-0.9027022385418508,-0.7118033161244228,0.08034111874774821,0.21624260155062394,0.3127352769575538,-1.0494694118408106,1.890966025573912,1.0336262801485174,1.4411155161015274,0.6279638635837032,-2.4868202917052558,-0.5898462435996442,-0.04292168260089061,0.10638937021958046,-1.3080997797731002,-0.4059941357310733,-0.2698677244283249,1.7475944749884955,0.9238096045580818,-0.5978791067483624,0.8409355618565705,-1.8071941794137985,1.5491175632945355,-0.10994357812588718,1.2406755153722653,-0.11719303494993186,1.7590113224881252,0.30837572285330106,0.15978863504846982,-1.4522144169248388,-0.5400021577177142,0.8139218212145349,-1.195442895646858,-0.7608820634932262,-1.4628319197414619,-0.7849757435483427,-0.8152868231726662,-0.4328625245438818,-0.6402829939044392,0.3199659230293868,0.0,0
-1.5667917964205142,-0.35413482369592786,0.8963981762646765,-0.34267132807750106,1.1437107971785818,-0.9074933033313428,-0.06667829423426007,1.283522294419786,0.3733003712480241,0.5070744762207408,0.901537725250158,-0.2764042615475096,-0.6057276868154726,-0.8543020317231367,1.670424560251546,-0.2428654991136405,-0.055618953678217266,-0.5503120431366976,0.5720121745060807,-0.024362180618190555,-0.2053236278420904,-1.461879111123304,0.1441477955168416,0.29987227272557515,0.0478515751862118,-0.021497522186780714,0.5645514134980772,-0.9420612197791072,0.6266770922156478,-0.1821087152531953,1.046311608009987,0.6376166820766723,0.010402694317107013,-0.27781395631535905,-1.408909488945029,0.4695845287666942,0.15598855526818928,-2.7319025636343146,1.4624364745022287,-0.4547777279165779,0.5218784134373068,-2.29392987297408,-0.43583614185593816,0.19785232785374726,0.8089555364934717,0.9179625937654124,0.8558440633064477,1.7377068572854162,-0.5851785840965377,-0.7203544415261405,0.0,1
0.9875923172521702,-0.4857520222205043,-0.2399720322529345,-0.9664368456616326,-0.7991138993471937,1.312176964351104,-1.6667856653702515,-1.185993006397917,-0.09899030847103513,-1.4856180688372254,0.18652674017786824,0.4119128311686135,-0.02095661589753691,1.3677539174787954,0.7515930832725449,-1.5767756436175242,-1.5499715412985668,0.5769369046868217,-0.4368449956343866,0.3433133123016077,-1.3880727394612709,-0.8505764428206148,0.4885661604447285,-1.413932938881892,-1.3940872043892545,-0.2958000085414356,0.7192536449055422,0.11018692704680423,0.19431063813519556,-0.6285380589708626,0.4457063120501272,-1.7582529210436737,-0.7713704478528005,-1.3316404790147038,1.1189706739097462,-3.1049932595570557,-0.24592769727672625,-0.548914722030679,0.11060839199730564,-1.234755838204214,1.1334519140078572,-1.4046524685843926,-0.43895432500780396,-1.05999279150752,-0.1047241154040647,0.04007433096213056,-0.20229179202995032,0.9321013183968088,-0.009582469142429105,0.2729122260888811,0.0,1
-1.1785015352936652,1.1180428622209029,-0.2252151631930379,1.9623710210116223,-1.4762356172293385,0.4667613900093973,0.7362916725925925,-1.1246912246035117,-0.315547040769719,-1.381752998685924,0.9813250797278256,-0.374839596288035,-0.7943292703204761,-1.855973140073809,0.3481094419174438,-2.6204787311062496,-0.5615025110831791,1.0501303724247175,2.9104616502358414,-0.3285821904473809,0.9092574761300092,-0.00911303394901211,-0.1451621029749168,0.3189861370205331,0.8537067178661517,-0.16514526564163493,-0.8533855375783671,1.6078714004202872,-0.6736927115152548,0.38711115255509976,0.8794110260082911,0.9209852535557332,-1.8170854116618296,0.5910155475722492,1.1650085022439924,-0.19671480229722496,0.9765859291790504,-0.491924069010898,1.0103462255475877,0.5079422979075018,1.2007787706019288,1.1726179369982348,-1.6387853536345798,-1.3553201199285458,0.019895936549500157,0.823013010038317,-1.897801356444976,0.00462113172424992,1.011638319035376,0.2751483801032145,0.0,1
1.191935678123766,-0.4252896145090607,1.6389454916992514,1.1458972579034772,-1.9870249326406493,-1.174696949201233,-1.9312689475929852,0.31664632373017754,1.9311480227074704,0.9154824324717948,0.15290649926219324,0.5291182877619814,0.007978813876426256,-0.9684125250511086,-0.02703977601345181,-0.3660973109822472,0.09504579410267423,0.3319314581251366,2.3161481930061227,0.9721027887735648,-0.6530560421512787,0.6746356693922338,0.3754510506482961,-0.9927652596711136,-0.3818526435837831,0.8789042470415926,0.87615441188731,1.8064355540122097,-0.40939885040686186,-1.2392744687886954,1.1369369246621035,-0.2043296467552917,0.9185947183226544,2.0884332406425816,-0.13925652256149668,-0.7284933865723219,0.4963609042214937,-0.21574002201679054,0.13214184974759574,0.44323232368284654,-1.4282679851070106,-0.8155248634801183,0.4082003655165949,0.15432022619112562,-1.2195002310622292,0.8891498898491282,-0.3065112681367802,-0.3856962364602344,-1.0575553134277438,-0.7277296192871655,0.0,1
-1.8728648884560128,-0.166019659096962,-0.2188906614684556,0.3456690679232555,1.2712160623479227,0.7265275976593468,-1.4863994643158336,-1.7922461567873709,-0.8033973975785605,0.4091537940687789,0.8988138152279496,-1.5597715465549886,-0.9944175748917032,1.028580659442431,-0.2774865593407239,-1.668119937049285,1.7458743391997862,0.7017746685835363,0.8919525168262984,-1.4806025219677863,0.7108123896099111,1.1648779547000716,0.02601874718528694,-1.5765271035033117,1.8989529075585838,-0.26944689422315604,0.2834988402959536,-0.2395219476086975,-1.6063149605217752,0.3038085738416077,-1.2954188471155281,0.9381299608087084,-2.001237648649658,0.5800273379114249,-0.9777419282723526,-2.123344663942476,1.68831670017693,0.38833353988061625,-0.09668758357927414,1.2315498454829163,0.7256734496089089,0.11871755903671065,-0.13571748931556374,-0.6995816056595385,-0.8062364981959202,-0.4127181838189475,0.9358708021388512,1.0094122224038546,-0.5676946955287693,-0.0670824977656229,0.0,1
0.18313737037113706,0.2473193867992248,-0.9253058446123008,-0.5470937702103589,-0.6043905937250668,0.2891819353315996,-0.12536293188985245,0.7435556968243069,0.20650462487355128,0.6571664947358291,0.6047663560673548,-0.3529000605576979,-0.25042876565305705,-0.01739928440459341,-0.5620534208454745,-0.10251164108814463,-0.20931893845759236,-1.2589723930825611,0.26850237121388226,-1.270560455708993,-0.3835645827135552,0.3320147957414009,-0.1123932502374764,-0.2225323633417228,0.14825438338059688,-0.2939200826599353,0.3525285782423345,-0.6838965089564677,-0.30869747548528736,-0.6584759869362523,-0.0811567699202937,-0.2407723922090752,-0.2986193020112959,2.152521525027322,-0.5634473576936179,0.4878192731299101,-0.5978189962079251,0.8061664633207007,0.8448473358100118,-0.6387153079079644,0.5016462261847796,-0.36946303682047255,0.036260345231796484,-0.9236158847731164,0.3792501907222292,-0.11649554457083998,-0.19753478258533186,-1.4516266567152696,0.4560876985317452,1.1240480979443284,0.0,1
-0.3946291297749229,1.85815035203097,-0.19180069441524594,0.07815418540523156,0.2546492689194842,-0.7053324645547814,1.080935278121359,0.3250329662025848,1.1414487889056055,-0.04025966747261789,-0.2775988509235602,-0.09095608510591356,0.02919608310274576,-0.10012584847629163,1.92212739429766,-0.4823702850745318,0.6245317770788369,0.12583071632821044,0.3089037411645573,-3.055402791357791,-0.7188988475330562,-1.529646221347746,-0.7485687063396951,0.8403683150158928,0.4911839451120844,-0.4067769558470383,-1.333429166920041,0.8450603933193982,0.53250775852447,-0.8224021239646724,0.6969724822586009,-0.15635513088660735,-1.7770900888203875,-1.9882978720217543,-1.1295284525172429,0.09672002124863684,0.9071299288842152,0.15443938987177644,-0.08744748229618768,0.5190487750478443,1.367145501729479,-0.2552449644503169,-0.2695608416140033,1.1863398325985135,-1.3044093119429416,0.6025072121446948,1.050257529488091,1.6641871374497106,0.8750866663543235,-1.1849374300198745,0.0,0
1.402803758821905,0.4142030162197648,-0.01691830480201499,1.0654731246230995,-0.16869811016598926,1.0480288930086707,0.2146185366434639,0.8387358380735866,0.6453132537274113,-0.18429610556317566,-0.6676168631267191,-2.187594093083996,-0.3983666788099199,0.22060808270255208,-0.7548557187051144,1.3236288278230557,-0.6058183566589155,0.6238466117615638,1.0482782751677675,0.5203683825443337,-0.5017249785510111,-0.163758075982502,-1.7881213694469718,0.8863572515598016,-0.7916477028377157,0.13822837239493754,-1.1059906913004616,-0.4617058725410038,-0.7386656327826897,0.2872871462755216,1.080499894473787,-0.14808971276780467,-1.214394827142918,-0.645012515240115,-0.9044715083934228,0.9875972259999268,0.7251621451698393,0.16566735978971936,-0.7407021558611154,-1.389381788530378,-1.4972379485558571,1.0546540876684771,-0.4999199169108238,0.13077832954467786,0.2816328813160501,-2.0695919485055496,0.5004520190364934,0.8437967588982294,-0.8236143075999057,-0.8980276875197961,0.0,1
0.4468813724425153,1.680229827635356,-1.8958330981280729,0.1809144928931838,0.7693529441156187,-0.7891122318351694,0.3681818842579584,-0.08499723360642376,1.3317548514254645,0.636481171915509,-0.97935092591992,-0.16447346449877573,-0.4530383274805685,1.0198085083816997,-0.2077587785631828,-0.7131156593928525,0.07220705996862932,-0.11596592867738377,2.2091645566967766,-1.0170868960282662,-0.5840685809065999,-0.4296944337338284,0.3145065481378327,-1.5692906890987426,-0.398614995199517,-1.0515014407175935,-0.2797800826778679,0.5861082960294123,-0.013519888383664743,1.3286033238920896,-0.014907313281998662,0.6115360664865359,-0.23041004757452785,-0.7813978323685379,1.879912299477423,0.5387261275367808,-0.16102935155527842,-1.2313941711129317,-0.3665585994753113,-1.145833059366372,-0.8689124418495161,-0.04869248406268231,0.7673740950657807,0.3952033922949101,0.963209239166005,2.035609901929265,-1.115200670668734,0.08845367231333726,0.6952841354697294,0.7455772752913948,0.0,0
0.4649657140594332,0.7104135229731116,1.246177412452188,-1.6605954774372886,-1.0751510004608176,0.21257372420293885,-0.7036211147768814,0.7818887260898297,1.2391714519777297,-0.3829699245002219,-0.4655612234783143,0.047084244841333014,0.6762057516283195,1.0937236280486735,-0.7876850393312734,1.3469074549636029,0.2350680715767048,-2.1166464217667977,-0.2787257934300857,-0.3344226778836478,0.1216180704683122,-0.5642843715929109,-2.0731950136438466,1.2314051521691154,1.207853263538842,-0.4774519011131151,-0.14179256858930428,1.4751531134754357,0.010146854866788306,-0.9199174984962258,-0.9373657262759276,2.08570334354399,-0.6547416075220193,-1.2020566442274432,-0.4235024018543761,-1.0100857255291396,0.09521832483458406,0.006324426382623203,-0.33071705457423445,-0.26180580258487623,0.7002298856704847,1.3300315162796,1.0176979330128049,1.9665352156579945,-0.30694056533493297,-0.14301141957596228,-0.6781222076290737,-0.8662208669717509,2.0748868974344488,0.01234739212683878,1.0,0
-0.3100717297296152,1.2579430020418032,-1.2004969507550856,0.4654289752960766,-0.4589363466489519,-1.1536342641786033,-1.4541960806616527,-2.1712534240448886,0.35811907637154194,-0.44516018911786603,-0.8403029280343989,-0.05443317103341792,0.7009722019635558,-0.033191935441171334,0.20883666535494969,-1.325698415918393,0.8956816466880603,-1.5540791530004456,-0.9596952953418934,1.4014217191478011,0.056762158435460175,1.663675937033018,-1.477268142915651,-0.3680591251392686,1.1305311398397475,-1.7983696175359665,-0.12514034348640166,-0.5075556207728936,-0.7881255817440045,0.2712998974200657,1.51118379585189,1.4347397725781896,0.6967812976793607,0.33715018008817565,-0.5161468150755519,-0.3782283156164709,0.1734443790137501,0.9484727448806012,-0.06679810953178897,1.5049702749940317,0.8576137958372766,-1.9584414570942659,-1.0025485579700226,0.18031334405348093,0.13224404202398835,-0.7603293037277646,-0.13462337533974045,-1.100514523362717,0.7911694131640286,-0.6865794959012933,0.0,1
3.230627242255344,-0.1500857152610529,-0.34058818066844826,0.3147278002596913,0.7713691177874756,1.5367729646994988,-1.368026264860159,-0.9516533676951524,0.18872585081673665,0.4081552718199785,-0.5753853068441879,0.3405069398007722,-0.3510891802383116,2.079762732354033,0.5426966679652182,-1.3209390899857263,1.4983584774832768,-0.9088932445102418,-0.6842159603841641,0.455699286905103,0.15092212468527946,0.23493519651421205,0.6306955604710668,-0.408594128875846,0.3731081296111695,1.06262346952523,0.7980704160316864,0.25906135965454125,-1.1972297950119926,-0.5496510226341654,-0.04573327987671917,-0.3765722584962397,1.4408357477905374,-0.7851927387909204,1.3545122283111701,-0.7749521203784843,-0.06714732442774213,-0.29085961683547024,0.04797975374406694,-1.2771906223372456,-0.773514023290671,-1.0265992417597327,-0.5478142199152145,1.1088275643364651,-0.6814605094634602,-0.942448627177814,-0.1427245041991617,-2.2296648205006213,0.17245588524771785,-0.8601833929515329,0.0,1
0.5469011011032336,0.2575484523329211,-0.3590541697399933,1.8736375163898324,1.5709091960317911,-0.6690016063383688,-0.4732255495068367,-0.9123402739805044,-0.9892049462291318,1.2493043682976386,-0.7618415139098237,1.2160497149951408,-1.2118544029947602,-1.2827278666424402,0.9235086251240852,0.9551764209476982,0.9425976968420204,0.1331915253347374,0.1701152544099515,0.05545040567902512,-0.04485961758831169,-0.7477122585729202,-0.7397972067773918,-0.9112045417249116,0.6000426651670853,-0.731955175024975,0.5744748132081727,1.060848337172641,0.2361757019028448,-0.2585566710277842,0.026284454188299076,-2.0278012875146745,-0.26694197789696816,1.0371109558788372,0.2276707985430558,2.0189475331530065,0.858021892953215,-1.7257986702807784,0.8406230665975041,-0.8358611303131404,-0.7225301870396592,0.15877237195748914,-0.6694533068000704,0.3786929912422228,0.4697962183722395,0.5256017272797294,-1.4113063121776364,-0.9622165508656532,1.3695256730421477,2.0544548010356203,0.0,1
0.18211585767321808,0.21658248396802907,-1.4307528902303726,1.1953805593371725,1.7079606903481537,-0.4897900946247716,-0.992784331340896,1.0028167664327745,0.4208637242475777,2.015902324882941,-0.23944815068082204,1.1160059281688544,0.7714333689491512,0.6573736171790903,0.1335157417920566,-0.5247519268004498,-0.005189031942047464,-1.5699528018306388,-0.09078736094403483,0.10333236302361072,1.1826767725800431,0.8734866268492094,-0.4907512484407845,-0.8881077748009741,0.014578479229713703,-1.6228231907225812,-0.14676666052411308,-1.2909537837682303,-1.0926226841653532,-0.9559199968012032,-0.6754424928564611,0.6881243020805138,1.0329813599231183,1.211253141652282,0.003659816081259248,-0.7364695041141122,0.4965720638446928,-0.890418429413228,-0.6352591808928545,-0.4992663294693915,1.68261539953724,-0.3000028035630869,-0.12824984153265906,-1.3775415684547387,0.7991938324207915,-1.958821164748628,0.41970265199368,-0.4456117259239719,-0.3267845695407781,0.8865436297012328,0.0,0
-0.09458866539990557,0.7622226900501141,-0.3007799120225878,-0.0635562079913156,-0.11320015044796952,0.1132219039386704,-0.3607294425494668,0.37351915082659504,-1.0321239880477748,0.28196455967130224,0.8559238966353079,0.9279468125426966,-1.518036567070442,0.43376025048178346,0.5813247346947688,-0.8673171195152317,-1.1899090346336898,-2.085616200193233,0.18954636374007505,-1.2546198851386208,0.5554918451155341,0.008358736194938704,0.18806475658167895,-0.2820582173242656,1.1562322829800946,-2.0714713130647664,-1.0077165070128993,0.2555611717946918,-1.2732773966356652,-0.4379645369523232,0.6343390233951575,0.7564174312861809,0.3407821780021988,0.2889815310295683,1.199956972517709,2.6912893355762404,0.7920941909377902,-2.082904909157315,-0.11345830134366985,-1.3645612662330786,2.2727254501920955,0.384305717737276,0.10815144148502064,1.0361945202984093,-1.1216901104383559,-0.8486663525314816,0.07640088617580333,-0.9687041801260156,-0.2526227817079135,-0.6214041193388126,0.0,0
0.15341003397191866,-0.14007526762499686,-0.10507114654624156,0.9773142397833372,0.7022868537497703,-0.3164436804171917,1.0029112760979415,-0.4158739043199881,-0.3682656317517676,0.9780913519078543,0.6734469164377268,-0.8486500752587125,1.292991711125063,0.04590531300320293,0.8681955721487788,1.8922603103022693,0.8580186791538439,-0.05825019384004367,-0.40852872768275456,-0.5258048040627489,0.5859802061804135,-1.0292442162100468,-0.41115240920169743,0.9838892034755721,0.04141330560544917,-0.8404736925430354,-0.4167853853184469,-0.15433988921766476,0.5275390783415376,-0.6111458898764618,0.9706502968476388,0.10365253302792768,0.15400922747037932,1.8534526931109585,-0.7622015666666209,0.5661829757517898,-0.4362681887764892,2.5329512199462463,1.171944815400997,0.5104302100947538,0.5741429894869915,1.0311349444836526,-1.0333859621221957,-0.7876616509650587,-0.6713397808574599,0.4770071670852395,0.5252302328046523,-1.7290604325390149,-1.0731774383379051,-0.9882821937391059,1.0,1
-0.9885082383519538,-0.37756551071758254,0.5251672977776316,-0.8445031114387319,-1.9317430512928704,0.2490590108431681,-0.2788518610512541,0.1925237543727432,-1.127046799653599,-1.8374639906894776,-0.8942065114119828,0.544939672177714,-0.08284713566017429,-0.017225411073322632,0.2918832646217329,-1.4543534932071822,-0.24783829693428,-1.6741378702306708,-0.28549841948611165,-1.0974858891408934,0.6052288299984309,0.4225915651090434,-0.016618941894801672,0.2521748479653761,-0.4289234217530765,-1.4755607225229441,-0.15370594952567482,-1.20771561239091,-1.6934901760060257,-0.4351849974995264,-0.17811758118810125,-0.3047031596142488,1.0088066352197165,0.01211812686191728,0.8153108743513126,-0.4670529930378878,0.2690223513371754,-0.5933287951942864,-0.5021076640019867,-0.25871505527116706,-0.25012446159765944,-1.2241051502589853,-0.8002771652011949,0.6037837355551143,-1.0199596843234648,0.6791266138950783,-0.6598553370595125,-0.22747422407231835,1.1814234219139186,-0.6152172526787127,0.0,1
-1.5048781106496383,-1.3019669706784465,-0.8367366699138208,-1.8799016113497955,-0.5265345872978869,-0.21964433269424527,0.17873829984251755,0.6782493633893234,0.8588157398094313,0.3857257308647123,1.2240819517157324,0.3533573096190231,0.3547455228144122,-2.427616053842628,1.0442466029352688,0.9208765433623552,1.2761295746553871,-0.008831977740374608,0.14399721344696265,-0.8572869623521102,0.8735400072539098,2.3706890771543883,-0.4286896818138732,0.9465310034808292,0.20771704431481255,-0.6501208192205614,-1.3352767639705507,0.19296616488296311,-0.7374031576725248,0.013239258260289648,1.4840854916539037,-0.01776229153088785,0.4323102920278451,0.3638227201124518,0.36864239287691547,0.5209533437313254,-1.247437329272049,-1.3062149647309096,0.2077031873611818,0.16473706512997194,0.7037602190367553,1.2304034344567023,-2.456361508875958,0.004395428564896854,0.28212055521619445,-1.115144801662951,0.9318534894548413,0.8297782879931904,-0.6086710598494931,0.06762879004229977,0.0,1
0.25122875412231244,0.2285831821927295,1.00134838733257,0.6986052417552072,-0.05467335431017751,-0.40630888613263627,0.2431669183998584,2.8673460689245465,1.7109395256685462,0.7226508246466338,1.431494050297074,-0.9967069977015132,0.631129382603766,0.8971009524177205,-0.11984200725416005,1.4999331445697013,0.7898366844169256,1.2430355019777088,-1.8550720901323228,-0.29234065382596136,1.497261764596144,-1.0959807299956934,-0.8900435035583267,-0.07814999634472737,0.4756257778486051,0.047238260072007696,0.8291615186458933,-1.087365959666003,1.7313748113227918,-2.487879355165909,0.6748173995627199,0.12210851128063127,0.13038597778697464,0.13007390391597418,0.6863401980846028,-0.8075278465089574,-0.5415180382233955,0.3948751228705766,0.3645072943768541,-1.7430940697676705,-0.6675769277392407,0.3925066602913884,-0.4909207505961938,1.0541215133723871,-0.7206062182639823,1.466114916361334,-0.569984890520897,-1.1709826154639909,-1.317752231625588,-1.2799427811565711,1.0,1
-0.8737961381394677,-1.2915917074406702,2.004828069204827,-0.35117613498835154,-0.5376515826188518,0.027463187225280843,-0.3923213673070803,-0.05486230225085769,-2.4633251368803943,-1.5196097052845936,0.4855438260339677,-1.0572936185949795,0.4008842499597302,0.10368937928695646,-0.3840705520132103,0.03827229961773148,0.8122153324428335,0.6392730107718145,0.8097615529536174,0.5553057147469933,-0.9711977485324008,1.3757085467390628,-1.1984688695779724,0.7429078275883392,0.5590837265504198,0.25465735640387216,0.9773734707483098,-0.3776341491956221,-0.07235563022603116,0.6369801439202095,0.6685383922569953,0.09435681086972568,-2.893568120812944,1.1734134720001843,0.6060085793611509,0.15888957143966587,-1.2959420916831692,-0.5701766376242623,-0.9311943878762264,0.06920755078350181,0.9815482361382281,1.5763475061607637,0.4886583469633334,0.19516309331825954,-0.023173360416268902,0.6030382372728962,0.5571771562182317,-1.117703859431543,0.939523207486526,-0.025651930655269783,0.0,0
-0.5603742256319325,1.158190789154443,1.254339193911504,-0.6061270052194602,-0.9345145280010124,0.05188919666474863,-0.24397474041634856,0.5750500298761746,0.4213946437454336,-0.9055597174686152,0.4020289001338397,1.379417887470229,0.38353445328026425,-0.6851773543750417,-0.042627269175359424,0.14706209187347924,-0.4924734438535674,1.3082542489807043,0.3386655419801932,-1.1050300546046423,-0.09749370280449553,0.7155881271551597,0.5542650218033055,0.28716856227189685,0.6630160859605757,-0.996702249085824,0.2843385205046802,-0.15002458414902176,0.1196520065564414,1.9225036906068609,1.4787211793856847,-0.05870930953300246,0.038745499829749966,-0.9277342190116676,-0.6669543049504985,-0.7821342172863914,-0.8214643811602071,-0.6899180623321819,0.657898970746425,-0.18122820202412585,1.681023351445839,0.815249355699289,-1.0256152782724908,1.0062314937483945,-0.2094100328836439,-1.2797457930814229,-0.20415923084349424,0.4183184463994717,0.5133683861130576,0.0203846336189385,0.0,0
0.3958290234523888,1.0093408048627903,1.3762902223223932,-1.0630819532926103,2.1535546380196493,-0.4515515885562797,-0.23935174565651146,0.2772561637422267,-1.0446082835878292,1.32338334552667,1.331068033450209,-0.5952913080270255,-1.6644057942120822,0.733403369078539,1.1099906157500727,-0.3670967439283508,-0.9159752649695432,-1.2002922304408497,-1.9796133798196598,-1.616747442663565,-0.592276169495534,-0.07718416090250184,-0.6347945655187461,0.04187340087370295,0.40044181347812136,0.6811218808272715,0.947444110511408,-0.5891856024104579,1.4399564201197272,-0.9546764587964982,-0.09135981143247733,0.38719955224093855,0.38697191061006697,-0.22040667830269814,-0.7542296295983263,-0.04351913352871648,-0.5948141122468975,-0.1380639445731983,0.19758067134088614,-0.3731415616432654,1.4537346412335237,2.419105031099272,1.127426701276628,0.7615616826085313,-1.5080357159246485,0.3283127094807918,1.1595873434946071,0.5009350446313986,0.7156987887694385,0.7375122707178732,0.0,0
0.8338469373065831,0.02602577696788591,0.12535930577976645,1.0544219005834556,-0.22009226352787803,-0.4672872520419232,-0.5009336410266858,0.8911236363881485,0.6299110018824028,-0.252047011556338,-1.3076353230232292,-0.5425157009100701,1.2148523536314475,0.9983009879911386,1.4672709119970024,-0.28697435270399824,0.07893086160902955,1.8568149665514813,-0.09637277671345193,-0.3447899358516113,-0.7852565282792998,2.2895567088095343,-2.0825853308558475,0.2284520136841033,0.6865823766056272,0.2496552909652384,0.822191572805669,-1.3722283952595271,0.5306626914057251,0.19510435743892585,1.0066930740131117,-0.3872321909676952,-0.22958563071855834,-0.9952439938080068,1.465040471633876,0.4229561124785327,1.127224240523718,-0.8568803627329377,-1.1602300562992534,-0.6963750887828268,-0.2850694964481497,0.4368316416971537,1.3201558308682209,1.5632643967119444,-1.7224556583467456,-0.252044201474612,0.22485529639315632,-0.5126746350370427,-0.6502115690468858,-1.8453367468367559,0.0,1
0.040830959663044585,-0.4794144291973677,-0.2425539266640902,-0.9930330360278108,1.95572039395942,0.9257877340365994,-0.633324540723045,-0.3769943977916447,0.28647316405503304,1.027673200969606,-1.8723909670460728,1.2967552142162506,-0.753131728599004,-1.7493780791364193,0.029696310751636507,0.6435449305573749,0.9364495748883768,-0.6398029051710558,0.5032413063608058,0.4046639490925037,0.7282337633413095,-0.8869509557154414,-0.2586966906106526,-0.13049314499500295,-1.382231828530553,0.6671452453136976,0.6631790357499359,0.35893454366555183,0.966337849676826,0.9289154956043773,-1.796834364038438,-0.1934830364137171,0.3501338854763787,-0.8760632298244279,0.3402823025564645,0.27472138634505794,0.03405795768449875,-0.37688454207730654,-0.6679630358028085,0.2649019515474978,-1.4100264022895663,1.219071784169648,-1.6151829948677252,0.6160597579427517,-0.9879313172487708,1.0252396116375984,0.5305518233632259,-0.11210585233981482,0.5504384703995842,0.04339716130103035,0.0,0
-2.4450166588578144,0.22126717067677354,-1.4057155261457093,0.491392065785384,0.5410860936013032,0.6512096614647475,-0.4511268629502661,0.0157723695183803,-0.6288906979322261,2.6024087647985716,-0.7930822500807541,-0.8228793986881042,-0.10660209931052564,-0.5117490548275527,0.28957178821718565,0.6865844723315638,-0.5178624938057085,-1.2773628065535148,1.5672611179008349,-0.7754561812085241,-0.5997743005107367,1.828224563683168,-0.2617683320183899,-2.5418931203164417,-1.0181971290423406,-0.06353113665386154,-0.7556324457325304,1.1940978194300442,-0.42901094536703055,0.19767950618828734,1.1080491033384887,1.324302113466114,0.2216213398370267,0.8703149679022903,0.0129928454894265,1.12912915369445,2.7907125863996307,1.4220216519165894,0.03355142033301295,2.607666882290915,0.8517353777025054,0.5155178067714359,0.034396600306291665,0.6840687593379917,-1.2733619503418991,-1.0092664254264485,0.23735318316731885,0.4265384715343039,-0.7919342286526949,-0.6148323036000951,0.0,0
-0.7318889840069362,0.12627902302712424,-0.2803837290208453,0.8022538288911861,0.2078158960796777,-1.0245358110855356,-0.8298842227868191,0.16824536172483492,-0.8523494885438677,-0.2318301558544186,1.0031353309146471,-0.5806843685630513,-0.2090070350007412,-1.4534489398057997,-1.033406944207647,-0.939916941586618,0.6366123414002925,-0.8256595749783464,-1.0002143514560011,-0.3497395158276556,-0.4677859324112918,-0.8822410715463185,-1.8580439913339664,-0.2821714422538324,-0.29008460436918165,-0.1783776644080404,1.3903331838664046,-0.9179192675738204,-0.6001374429030023,0.35618088590703434,1.2297762816968452,-0.9669733753786256,-0.4221089102903752,0.6635401076145704,-1.3358797606518316,-0.7260315306203539,-0.08677051872992181,1.1233330810086417,0.2995526048590718,1.2528779660415164,-0.3589123817885517,-0.6812119345768773,1.9527694593662184,0.8750927788721437,2.799983078151089,-0.7503307168405431,1.142401638159393,2.4104168914978685,-0.15198181519390574,1.8407309149231053,0.0,1
-1.4941071010890812,-1.3910863573780738,-0.135694361745122,-0.3683163530024579,1.5879196663568695,0.9516706478207604,-0.6116215374221562,0.28922813111979084,1.497226843085815,-0.5344197300728385,-1.8611062245545915,-1.0548069249839178,-1.775229931867791,-0.9454246447898146,0.3823406677087042,-1.0228957780109076,0.3834149977709801,-1.1675311736547092,-0.5876006128245919,1.2931861028220801,-1.549592631035012,-0.04751946284237426,-0.221190208569615,-0.1542366637572479,-0.06661128231212304,-0.6486077736941998,-0.6686097270160849,-0.03375079431041461,-0.6671667096874803,-1.6662704549151457,0.2835342253034822,-0.4734124247379873,0.1806298498121991,1.2976464962589471,0.000651323395589621,-0.8444118028893411,-0.22168311287764011,1.2825423770359858,0.6260588395313714,1.1091550458118096,2.3816720398793496,-1.5615725798337938,-0.04411229299738996,-1.039503737811193,0.4321080239039862,0.03746003729902347,0.5630439492676939,-0.3304220184974486,0.6879435821519007,-0.2789427403525939,0.0,1
0.3608046101647252,0.8632066264248068,0.7076349722527504,0.3005416052385177,-0.6529482038330051,0.9870291726345262,-0.03625001897617194,0.7819868625246369,-0.07262823774169075,0.42717136144196494,0.030979861511929795,-0.3810656755628451,0.6665821067959967,0.4054931730583736,0.5655855120214462,-0.5317741060078569,1.109594800359608,2.6038341207558715,0.5508020782860337,-0.12908726747830765,-0.4523433211980827,-0.29116190391592445,0.8193487590771307,0.04969722795664594,2.2188986514446936,0.033429033054453404,0.817896252675218,0.40843958434387057,-0.8249160674241706,1.68125845004193,1.2271628272411872,0.6041293519260351,-0.05800105717918647,1.756026972948412,1.6342986618434423,-1.4333090657877978,-1.170211728850764,1.073484132758366,-0.3829401509053521,0.4297481216409407,0.7615718275741711,0.7294668013310637,0.7908899077040296,-0.17171620172400942,0.9631030183066872,0.5890739853360041,-0.5104056068288846,-1.136210100774658,-0.5930954732348308,1.014386305076933,1.0,0
-0.9740079648061779,-0.451490185161117,-0.6461414045119053,0.9153248657425872,0.04731851019768188,-0.8924358211664679,0.3058924664694489,-0.2506150717477664,-0.815111354238899,-0.07518645582679992,1.178098901523279,-1.7733299456029388,-0.9980473338033852,-0.7575880618010724,0.8971484344728495,2.0705426491699424,0.09946001693293956,-0.045471484818952766,0.3863146610274215,0.0959226940713872,0.9257433279679312,-1.6023054873908817,-1.5022243219814246,-1.1736203772995901,-0.9296672483859364,0.32416229880482866,-0.5032925219260743,2.359972769328381,0.3227039187457625,-0.029741926207037923,0.2997484529136909,0.20328686455280867,0.2703448350637485,-0.4146669286216725,0.7724173409452464,1.5097267042433216,1.0940178728422945,-1.4116306240699261,0.02294930861250104,-0.6453653580193917,1.0961935578072417,-0.2404369030129763,0.25359072654345616,-1.6757469003206105,0.6766237526449117,0.23904521767721545,-0.23410993612349115,1.3332992570413502,0.6938153285803579,-1.4077847263763803,0.0,0
0.2784378415126492,0.6773857954295743,0.6629587900608339,0.1331974195478628,0.8080725905417182,-0.28450744528580296,-1.2724719520310204,-1.6626988510087006,-0.5937116247862176,2.11903799867347,-0.5404430995937075,0.3323085258217005,-0.014748420585773444,0.11351395530036988,0.9076472517282717,0.4684420151584259,0.10676141782074516,0.06752637615976044,-0.39563623459276737,-1.183557057172943,-0.5755071340215292,0.8610363925702401,-0.5882337516972219,-1.1594356620480226,-0.07266671445961748,1.3497494330853437,2.023660895809212,-0.8679516768306916,-0.19733086295778854,-0.2507468242700373,1.1833036404716386,-0.2940772380406891,0.9111604589793744,0.13891093023529352,1.0549396373379791,1.3458350223285476,-0.8607356789891394,-1.6730186293253948,-0.16677295311027207,0.7384205136171896,-0.2482791737080095,-0.5688512376106246,0.4921051655829285,-0.7439637539119087,-0.8689577547812384,-0.32042786342114843,1.5237900115505667,0.7440163834530326,0.7757809800516179,1.077127944527648,0.0,1
-0.2570721484989436,2.0788374296184964,-1.5139252922404534,-0.8175923396047751,0.543835134568852,1.8328376647725249,-1.018542827057901,-0.9144096834205744,2.5384996807465083,0.4642416086539531,1.5417108971430449,1.5822533012730426,-0.4135787434899396,-1.5394463837285244,-0.7821866915598158,0.7476880726656073,-1.0811883309486183,1.237151094271158,-0.5483838862990805,-1.1762551230688176,0.4653602401226921,1.884208962951548,-0.016305676583551726,0.14260861981095152,1.0362807573289703,0.07037928287363082,-0.2735212333728423,-0.7713231922438185,0.05675724488116906,1.4029645066771963,0.4050301295936138,-0.6909046752252094,1.086596397189176,1.044108348023947,-0.08598983390879791,0.6946643155824743,-1.9612270606307176,0.5642094416967132,-1.5982370580030174,-0.7099600448047394,-1.022599129042173,0.5697333917498304,-0.1860067267111672,1.2799625036058009,-0.3354233803159145,0.023032466956675792,0.5819606877558552,0.07997662116481394,-0.1930809397163599,-1.538680779813839,0.0,0
-0.5311187654501958,0.7422873055047036,2.8258165987489128,0.6617511262730941,-0.4931626367450814,0.5939579935593038,0.6231708706998424,-0.29818511846090845,-1.5535940886583188,-0.6201513015156052,-1.2853631189489512,-0.42637587446931696,-0.6004888568350927,-1.4759902677767816,-0.9088105974870629,0.5994476471614744,-0.8721902812487157,0.6415926215178459,-1.4369912061528662,0.04545140728030783,-0.25112138643702825,0.3029043139480093,1.7200631981865249,-0.8419003430661974,-1.924093773259796,-0.5109243607006556,1.4788370374934736,-1.2571726123630376,-0.10424353045803304,0.23584876102499436,0.20642200802561714,1.7270495420555143,-1.1045348377572881,-1.88351850882994,-0.6169930608569049,0.16335423797630408,-0.4384363896853609,0.10728413155063364,0.7499137478472783,-0.8867940932664197,-1.0360917278455797,-0.995733683195448,0.42307594031739704,0.23803505204851125,0.3938894306997228,1.1874853510894012,0.3874775356838267,0.4720451936068131,-0.43669313598968573,0.9111735776161168,0.0,1
-0.5533638439043385,-0.8183967323913588,2.2597015328164383,-2.498486639079754,1.1324605543905917,1.2398229230330844,0.482896084603974,0.4977984696436914,0.4167631507063031,1.4151153705041657,-0.5370812893820984,1.2773726529366398,1.1305732987661528,0.3294051804104227,0.2567433479779844,0.929922001248792,-0.14493915263302412,-0.9459763097219528,1.8908726293601243,-0.2619874668419997,-0.3649144563580071,1.0448350508283404,-0.4750199863948407,-0.6481593611485502,0.6231177039536954,-1.5107284616333052,0.6686414068151354,0.9881337624477706,1.4691510316137584,0.8854140066540149,-2.052983384288689,1.899356787733553,-1.6596751610544835,-0.3124112646834678,-0.03670804142580253,0.22452749617328896,0.8857177124382665,0.6391589286019312,-1.9153085339691418,0.5906226187503976,-0.23106098622639445,0.7644719975088212,-0.8067550089823854,-0.5043593221062781,0.4300723886829597,0.30848761570790784,0.3732287219643601,-1.0127505090799225,1.0428314588407004,-0.17849562901242688,0.0,0
0.7150099041074633,-0.5536161530699805,-0.08373195571104246,0.6523936739044983,0.9511066916109676,-0.4622483385947732,0.9347798406790448,-0.12094775479833653,-0.6027235929483189,0.6512471396427925,1.8003071778874769,1.6295387868092637,-0.23024519742266486,-1.7448715707092848,-0.2412419988520533,1.0712033993671028,0.9904959094545512,2.081096717570897,-0.3355204456117096,0.4567767823358464,0.3865121816376112,0.004458529969094958,1.2830896675401569,-1.1540741680301798,0.2759245508774732,0.012600904475457348,-0.01922454192153825,0.15972596037837286,-0.6375118431890118,-1.046628722149986,0.513475835108278,0.8393735046352718,-1.2473833897844728,1.9667782563930982,0.11152397382023713,-0.006636837230370628,0.11942774076118068,1.303975821479128,-0.5044088128682226,0.2779157683370139,-0.8683450208533625,-0.2972322533000457,-1.0203761646155518,-0.4270781599153203,-2.056292583510504,0.17110938246029084,-1.044417606882335,0.4811705885376518,0.10746680168356457,1.2978557354391838,1.0,1
0.927393193305615,-1.3259207407851312,0.7945782896249146,0.2587243594470197,-0.2510112435869945,0.4536353229582452,2.324579367569558,1.97554414743219,0.16033579145821028,-0.1762388970637003,-0.04065251215932465,0.3011027222810425,0.24692765209591336,-2.304432493091217,1.6577948782275989,0.2218476626034128,-0.7312929462020654,1.708914173491805,-0.4667770200711799,0.7411581038254681,2.5898050242479624,-1.272917915310656,-0.9247047785018732,-0.2885266266540922,-1.812906300260244,-0.7516906726889787,-1.2967604132057082,0.5154375952311372,-0.17984951552414571,-0.3967710580911382,-1.4829267047762884,1.8806194258692317,-0.5596664806142444,-0.15953787329890246,0.20106836720593166,-0.20097283704509325,-1.0924243470432975,0.2821610397738092,1.4010174470889118,-0.015688579392980802,-0.28876810696675226,-0.0672422080330455,-0.5806852655208861,0.07877312834826103,-0.9335740874984612,-0.5954122440505878,-0.7318451846480281,0.2064342455906039,-0.8915826170079932,-0.19561260538262149,0.0,1
0.14821369500083992,1.1692985189090288,1.1111618992201608,-1.2747349472824008,1.4548536565379488,0.10980259824052643,0.16891613424216942,0.6560035171267249,0.4543112753739776,1.1079533694757129,-0.09656781091116028,0.2506349270958222,-0.26033102570546424,0.3047935606395737,-0.9099332202568908,1.7782245623399973,-0.32801470667125776,0.11730146325545905,0.3633010548659532,-1.35931915137465,0.19394522183521135,-1.0087816865858694,-0.17000593012235046,0.4628381432542525,0.8537557900143806,0.8976281983282516,1.4137170186111343,-0.30073714804569995,-1.3095522666087387,-1.5535814303792876,1.3819039648547649,0.000668097698160004,0.6740989978717479,-0.7500238692328253,2.328968282722053,0.28298995181510433,1.77468542105371,0.3732861789972515,-0.33784499987186245,-0.6768698268331895,0.2850796912333303,-0.717229840355583,1.3387785432034227,-0.013364920245424364,0.3007226054716493,1.295780906511112,0.4565070284708256,-0.10470932355691318,-0.8744054604788812,2.0591415442808585,0.0,1
1.457052404298195,0.4581370737440083,0.407731717487563,-1.5345315133767534,0.5001763316281097,-2.6321035409426607,1.1211965918240094,0.2978581779810953,-0.3086937068470104,-0.4627670936114594,-1.1594081366424382,-0.14979588673761052,1.7602258303781717,1.139476919415376,1.21221127793355,2.0989734868237067,-0.08006041258548609,-1.2679965029711435,1.867710653158525,-0.052462535841288994,-0.5264975927629868,-0.15507340895328287,-0.6021368326026478,-0.4559925336452376,-2.4197641315342406,-0.30506276648638875,0.1093972077532871,-0.3536989089466118,-0.6884204590197945,-0.3788797727294232,1.393544179883652,-0.6342464591013803,1.2596088223404098,-0.5524398364150819,-0.8223217891405098,0.7707112849243639,0.8420766063313937,0.37209361994510665,1.329353957594671,-1.1190035716051965,0.8338919278014895,0.479663671456692,-0.1836262038348995,-2.610412159480251,-0.21636730948875407,-0.37707642936839736,0.96919157629249,0.9547442961389097,0.6885189941406533,-0.42216799341994815,0.0,0
-0.31473052176309274,1.102621120601872,0.026922729240596337,-0.8017852675233347,0.19083572069927987,0.040880104210588165,0.7724320000736258,0.2130272802177452,0.7567146595045618,-0.8028083627707915,-0.5955459931055058,0.9066310931195134,-0.8282578164406532,-1.0210749103892285,-1.5692828086245667,0.3014488588648758,1.7489230247759515,1.6483875078595436,-0.956366005591684,-0.114984830776904,0.8823396392044798,-0.5416582828727012,-1.469911796815738,-1.3931502426468043,1.0247836844272282,0.29066319602658314,0.9037369284422191,0.6172067585405718,0.36466938161191104,-0.2926762942196175,0.5969864376110623,-0.7388947358323862,-2.9803415296238436,0.5638762106045416,-0.7819292964406848,0.3071143224798933,-0.9393057919587564,1.1069192429461923,0.905105283714948,0.10206744809572588,-0.10746475307009838,0.1719895051975004,0.702341716367115,2.1177697302239418,-0.9537808159141792,-0.6080403463655517,1.458895887364523,-1.302413233076286,0.30820039143859823,-1.6200803333816771,0.0,1
-0.7606421944963435,-1.1039801777061549,-1.0910747254058006,0.5272939464132226,-0.2498740916079157,0.4842082172782345,1.4844337035089474,-0.4718001350668114,0.7754624845528255,0.7690276382088173,0.1098849891154468,0.27576002737035404,2.0533400065717893,-0.1270769228051166,-0.034882488815357764,-0.5564596570653426,-0.3677957511170191,1.9774744487869336,0.023761535930302655,-0.26705834077736595,0.9469323440994512,0.2862863651249397,-0.34081803235692976,-2.173956800746143,0.3776484839147477,0.3211101288416545,-0.2813661514632079,1.4185336665703128,-1.3737735190273717,0.4123750556079357,0.3739151682823579,-0.6594255930483026,-0.4223751800978209,0.6003214899949626,0.8555222271292001,0.7640327364835795,0.30613732173385155,0.15092853079064394,0.8451966977795252,-0.9932995644271688,-1.707835775182616,-0.11684668003527685,-0.5573243421104667,3.1325151799598445,0.8182886077316035,-0.5178085922883429,-0.3060091435510589,0.8730126911116218,-0.2285792203203366,-0.07947242952182887,0.0,0
2.1607739735281,-0.4192669809091968,0.4597477444850432,-0.8381246292070643,0.7851795640086972,-0.7586970718718872,-1.0773266588606063,3.045656483783856,0.45409607444589206,-1.227290081631568,-0.17184384209867198,0.10828563322864378,-0.056308530479838526,-0.1311697514923373,0.17795476048127576,-0.9159164064461685,-0.2719883106958421,-0.15287989636684174,0.1448073359130474,0.9932402188542282,-0.5906536680825527,1.2945385589295668,0.5059068630749074,0.5933948915928421,-0.3442508572217609,0.2968329915241632,1.2633796133309487,-0.3911686678138312,1.1426330794428288,-1.6677874703660478,0.10303884147344716,-0.9469619290265012,-0.12992128012221474,1.3552427581339623,1.0065755626738568,-0.6599716474969058,0.7336752595785032,-0.7784828120695535,-0.1935272235844417,-0.13328955981639393,0.4992772464269195,-0.09302095964838164,1.0986157077211285,-0.9654977093791176,0.011744149225434904,0.3953789992770877,-1.8484139744760857,-1.5194009411778642,-0.09864725274782464,0.7252285017431728,1.0,1
0.2435980215077694,0.7872419578469438,-1.026760839257194,2.163064912865361,-0.2641728592628185,0.0004378514771570078,0.4906833873995344,0.5421056011277547,-0.8594187708707877,0.8577284445444678,-1.615150666692348,-1.3266493980143552,-0.7134158838392491,0.7425334326540897,-0.7369884340860025,2.0015633508118547,1.0286101584187886,0.7855740207921614,-1.7576854915339244,-2.204927367227087,1.0059011742193087,0.11261324415175746,-0.9372902798263778,0.4624208014717399,1.8367430827456035,0.18903310785289013,-0.5146526224429382,-0.22481672108064055,0.2052204331821592,-0.56566410409534,-0.7869203687649042,-0.8637920501490939,0.06597222556653906,1.32912005656219,0.3195744249091188,-1.1293377649825678,-0.12338948440396975,0.12655380382735354,-0.6587837975813469,1.5196260562215709,-0.5131253063405169,0.905866488415626,0.1301613708778278,1.280822946235061,-0.29802929934073463,0.6154855839888294,0.5500888891086942,1.8292395019807557,-0.7785850372465444,-1.8746172737407407,1.0,1
1.2618193215571163,-1.4444496265759081,0.5314569454750373,-0.15772399006592194,-0.11269111859601726,0.5274141060747454,1.0575639927925653,-0.6975382763226267,0.6309357750832382,-0.31136436225244285,0.9311900239784348,0.22731082267811026,-0.16064350492352295,-0.1471509477558789,0.10012894337906914,-1.06448388359694,-0.5238578120283013,0.7761507210184988,0.978741628108394,-1.0493125734317783,1.1144580321294095,-1.4020691377133092,0.4957063368637492,2.4114166177383423,1.199345713773562,-0.3774177033298776,-1.430751504182584,-0.4947433078191322,-0.8934605067985609,-1.0973967297525355,0.03609488050865342,0.7319082759830033,0.04202099054807544,-0.13506447024372234,-0.2891840078639229,-1.260235045716721,1.0889876989586358,0.2480876230688925,0.3608435919119674,0.8649538410089539,-0.7771614892719265,-0.4032122348806373,0.20001666490033254,-0.5774077584243331,-0.3182368651448965,0.7843107888228401,0.34069029081445296,0.9941407849499544,0.5180547606258896,-0.4197884092565786,0.0,1
-0.9692138274632032,1.3771794473041998,0.25684552365273017,1.0383245435474944,0.7176271563772565,0.5807208382094502,0.20728299281628476,-0.8566950220334201,0.8198035545541756,0.476339940779939,-0.6093919828486279,0.11060055284553703,-0.01575254030372726,0.61306654208032,1.4511547873758397,0.4939253047450955,-0.7887690970077755,0.7735844500844309,-0.7671241388780019,-1.1519106127034036,-1.3278671315804234,0.11501414550984547,0.2512798404762593,0.2705677595691809,-1.3638276517998162,0.8502855392957177,0.0935952904990789,-0.14624619665017746,0.3621059550730061,0.9983122071762032,1.0928818237766749,-0.2874933617764683,-0.015091334994390759,0.18497843646037204,-0.5466976857092409,-2.015820995203345,0.769163211618843,-0.20240570131519714,-1.3781468569282636,1.0340684566557379,1.5530246558391665,0.050830244945190416,-0.09852628685871634,-0.1621727347507067,0.5708506848599755,-0.7838318488566322,0.14141844154508054,1.4033296701448807,3.1358055821139126,-0.4204909898417896,0.0,1
1.7263148698882675,0.5397962536802751,1.19780190112796,1.5412198811318891,-1.2909664427705014,-0.2240063929680612,-0.4798649089805582,-2.9325230061054404,0.13533777091137958,1.6999672562234376,-2.576950812929374,1.9258608437765508,-1.2776779207052396,-1.5912598878097188,1.01501567476794,-0.9310531060194112,-0.1569979998676895,-0.4327985526949156,-0.9637203499180214,0.8272185569666182,0.5285816872288984,-0.4860884247711221,-0.41254270302080703,1.8677013031988208,-0.4651005607908816,-0.08639918948488999,-1.6370333350576332,-0.2557849481919449,0.8901092505569524,-0.5138302868734707,1.3471471282824703,-0.2603716361006961,-0.10211053867139404,1.1130196447540477,1.3495422538565671,0.3766208678160906,-3.716359660069976,-0.08747804704887102,-0.6761547545847794,0.06992241132446693,-1.5778650869457296,-0.2459784286861289,-0.3840070562130611,-1.7729387675603774,0.2299824491730852,0.6778528009466679,-0.6616505621007843,-0.6021871547832294,-1.1518243238144046,-1.874279336773002,1.0,1
1.198450945288833,-0.4899100402612332,0.7649274647038554,0.7724537124331576,-1.2559192632878513,1.5346857516482977,-0.02871848667057372,1.5196834746066308,-0.031047193158848706,-0.3767524548881013,-0.42924438484781424,0.17518401664440073,0.08035439029235122,-0.3768107634568524,1.3604201198642871,0.6243391264817142,-0.062429692344344936,1.0876051774013265,-0.044947266468542,0.09292349784947992,2.82508482424124,-0.7149436796950335,1.9568183772504288,0.2775167995371345,1.763133004842086,3.1004226448452754,-0.9721284864951832,-0.2826393634905061,1.7210598838253293,0.9600542380295491,0.6863392585464287,-0.473999285915216,1.7590614621606624,1.5270947879250565,1.1325722478898812,-0.361859064015432,-0.1026275662714882,-2.593794053087501,-0.0980120777925353,-2.1094031681675793,0.2898827210716353,-0.37276579407030414,0.6241642615241836,-1.0684709543329602,-0.7843688523079303,0.5404930855671305,0.19253241623734646,0.5781674961582657,0.8123012983312883,-1.431886888114298,0.0,1
-0.07571294265370371,-0.3188484311436781,-0.12854710528173274,0.23569629604761685,-0.3132630005473991,0.7879959493284173,-2.2725650431672477,-0.9340641505287148,-0.6542524376050562,-0.7942275420159371,1.86688922580756,-0.13000325004807092,1.0150230232937478,0.4404841763732687,0.655459617531911,0.5588551565422409,0.41972355578757103,1.6125499630483071,0.4017865476812108,0.18323679381846866,0.8959869980090341,-0.0708487922167421,-0.24010070530808714,-0.11366553701890282,-0.7758708649473378,-0.34063917100746954,-1.080751424491843,-0.011896220531592576,0.09891612420400496,0.4544065886456354,2.3872701775204637,0.9160971057074322,0.25912422499560944,-1.326824421391052,-1.122327267767609,-1.4973322092747858,0.38044486914515135,-2.0439703977274006,-0.11777583663642545,1.5202320235626878,0.1510235450425846,0.4730820421770712,-1.185487654429905,1.2956889686409432,-0.4124733573635997,0.12308839791619305,0.4375601519796621,-1.7971993761214586,0.4603531540369872,1.7650951665194918,0.0,1
-0.10478499014788613,-0.8680224691460956,1.0580906549749165,0.2499725492443909,-0.9037763709906448,2.0040422628864056,0.8394028679624362,-0.01886102924985648,-0.6339111609516949,-1.2520302944043804,0.8258024807163463,0.4887582460404421,0.3807897224095879,-0.21367681964873889,0.6877808815940023,-1.2202779395367258,0.1704586036894119,0.6260238022862945,-1.137115497360427,0.986755794143996,0.2243832424825716,-0.7701167088492706,-2.5397971530375085,-0.3299698592228868,1.104792091709741,0.0956361552347568,0.3440437051982917,1.0803785415465894,-1.4207623283362811,0.5678290275393322,1.0745477075923977,-0.3145436277643255,1.03146915288112,1.163617059411336,-0.5127003131434968,-0.3463394736134349,0.7009607096647155,1.1508600768361128,1.7433958994066798,-2.0843299493026883,-0.17959882056727178,0.5873423274575063,0.7020865865638272,-0.7050176332730824,-1.2822745543526928,1.5278310350805986,-1.8137334099477824,0.8554826052420119,1.199500071900882,-0.3865922698838187,0.0,1
0.6705696774805977,0.868580820149955,0.41439805718033856,1.1132886141886835,0.6983662082622281,-1.6973157865558963,0.33658216927903506,-1.27337145276228,-0.586522173815205,-1.9379512520358044,0.5016466624211465,-0.9116676550544554,-0.22196631764320404,0.8736889770158216,-0.1871612320965803,0.2673424884863709,0.6856616287099216,0.687383968688367,-1.1828923286248,-0.5986581577533162,0.13653586925937578,-0.030565021482843676,-1.2864336148187714,-1.6734591658856257,0.7911647483844709,0.2146158883457611,-1.0403456080073985,0.4520693490086961,0.22432506429569826,-0.07733311379021313,-0.3185829454322036,-0.00786713825532126,0.6564084742101436,-0.7460640620409533,-0.17759743127189534,-0.9229182749078056,0.2004940744075992,-0.36686764068733857,-0.9958205050385684,1.1302893596818604,-0.8490906488698695,-0.4444471500048737,-0.6050038988318411,-0.8230531623309414,-1.3933398553060206,-0.3257828250384712,0.5664766041347756,0.5651094130536595,-0.17537416744672832,-1.0648705239695362,0.0,1
1.0446503117541943,-0.667643484717474,0.7193239848979278,0.2731090213320141,2.283479449791961,0.6490074728231089,0.5275405796377404,1.2905584485252437,-0.9209844613591406,-0.11560684414009074,-1.7303295252184272,-0.4086424903247465,-0.6797315642378318,-0.35625574519819075,-0.7333928243442284,0.9813658438965104,1.977624538015464,-0.14377432777463214,0.7461992229942241,0.4987097192558858,0.5842893319312951,2.1938595428026675,0.4120918218563296,-1.4060719189691342,-0.013495467289305068,-0.062292756658392026,0.7503876914277913,-0.9915030911418122,0.012081603623620388,-1.2918674518555702,-0.13426859409741668,0.15744778954846947,-1.717731236512598,0.9862347497799197,-0.7402651821087145,-0.9070243992813506,0.7906311308103474,-0.9733909031192842,-0.2225741737869436,0.6833305352266443,0.00501083923164557,-1.1031987587535022,-0.235900860661579,-0.4391730083578364,0.8513196438455499,-2.354807333692232,0.2748993374930469,1.5923936746811262,-0.3435294902295736,-0.30271429618990064,0.0,0
1.2604845499603348,-0.15977953328405384,-2.422946667209566,-1.5995635375341728,-0.3424394172444773,-0.18841737727723398,-1.3167991816084377,-1.2694028021993515,0.09913770862697326,0.09038296733842116,-0.030410549571287943,0.5494870665372812,-2.1902207781723693,-2.0774648016298807,-0.5788839875889512,-2.2508660203841995,0.009036331443476842,-0.634039174948526,0.5314668524796222,0.4416749963211141,0.2711424523819048,0.5281041489115285,1.2700932176863324,-2.1515546249648567,1.2362516526404317,0.773066069749526,0.8323187565215068,-1.6667649338530104,1.4362266820264895,-0.1512258119694838,2.8945805241084304,-1.0514007140930726,-1.4771861001108877,-0.4898072948498666,1.2290720357538023,-0.5556133649282181,0.576235641989179,-0.2718239067446711,-0.2306221670775241,-0.7781940356150919,0.2270472341945949,-0.1256276342235398,-0.2503255191367911,0.10965649374338694,0.6847388567081469,-1.7603652850743714,1.491686170660672,-1.0832401972208872,0.09892943226061544,-0.8717356021998196,0.0,1
-0.0780734440686517,-0.2088652697427455,0.26101804290606445,-0.2581270342949684,1.1351337571532372,0.7333596191995078,-0.1684676052440399,-0.8737200255668158,0.3305236601544865,0.05793152300513001,2.004367573820535,0.19566878923724992,0.539601638267179,-0.3397035442044602,0.3678321573695558,0.1621888639420847,1.2066406810772692,0.6145856105807183,-0.7789056371826315,1.401370670449425,-1.3896360305272972,0.6779255297687115,0.34654298380091303,0.2552326009128521,2.7075300163845273,-0.6883822743361051,-0.15196987753654664,1.0942070390606038,-1.7460183854486846,-0.5819270082280802,-0.4580570805998345,0.0040550649201690145,1.7330759674105052,-0.549389848288239,-0.8833500891349639,0.8681117680043757,-0.9338959691875036,0.00623775941667452,1.0382975183747918,-1.32795540304572,-1.2688740634895652,-0.4429215795333051,0.3323507119804692,0.9679158618811071,0.3903134357529337,0.94319306718786,0.5309791256937425,0.3775557269608109,1.3566518613177136,0.4307715263115375,0.0,1
0.6141161952222294,-1.4668582329378033,-0.7027852180389288,-0.3110570026382323,0.25424946837036005,1.3508267826102434,0.11082891274140376,-0.2636448452482784,-0.6153819661174711,1.0025762536660767,0.41785941560925655,0.40511427856871096,-0.8874870021330233,1.0673495444302488,0.733812244406818,-1.0000257457308317,-0.6083106652771001,1.0556111205016043,-0.3918386664534732,1.0928016750413172,-0.9889572776623468,-0.5828897177802328,0.013416588539243744,1.0979079676838042,-0.6749963199026491,-0.08880559177086861,0.27076395498841044,0.4914802687976038,0.2899787951332809,0.8355373140946941,1.0914245425562064,0.05813708083412655,-0.043358748422333386,1.3795457595981429,-0.2797212236962783,-0.03221256165859149,-0.4077983085184434,0.3868207537442951,-0.08517513504720049,-0.826963214325016,-0.050077289072610186,1.7504919152586358,-0.6347741489411338,0.2868206028798316,1.0993686811590504,-1.051688054240693,0.3054627709186719,1.9960196779965669,0.8214691557349458,-1.4787640110193998,0.0,0
0.5391943348802719,-0.682290359783168,-2.9374205954054693,-0.22253033036811656,-0.8227708935238098,1.2923881690957306,-0.7627567927835432,0.6373017158924664,0.3900860143838225,-0.27542331557418337,-0.24716887942743074,2.4059503078509,1.3336303389531312,1.5012764990216017,-0.5493959674802704,1.249213092837449,0.1513933164721987,-1.6390129674882659,-0.28099129787034305,0.30925404790208755,-1.6121703086349262,-0.370327463299158,-1.1897274865678873,-1.6858350007081209,-0.7634968238917761,-0.566851962083951,-2.1070570304250134,2.0441863664042166,1.9934091010204809,-1.6496787373125783,-1.3911572837908166,0.6221847359276851,0.6117481988799932,0.013771515133331231,-1.6792012862906984,0.3643719940363301,-0.5251122792100699,-0.30743739076456683,-0.06628942192005276,-2.1387972424354724,-0.2536751348084675,0.6210344555846455,0.6157495401228366,-1.17000818685803,-0.4084391367852048,-2.6745391351319765,-0.1355752427409384,0.8280215874783717,-0.5719317018193227,0.468479429828565,0.0,0
0.19041615464115946,-0.8266552139081434,0.5310814373758866,1.2421673235769242,-3.126538041954304,1.7412008681097624,-0.008793220867870205,1.1804809672528722,0.2490640843632319,-0.6255928440270592,-1.3978869223968584,-0.6318236118528577,0.24729956530416314,1.5023890185681734,-0.4101826357266842,1.418104534384512,1.0420948201598579,0.4386721352633974,-1.4254042020653757,0.06094525633629965,0.3870317258298744,0.37223976828427335,1.1465889578019628,-1.6385054345241366,-1.078745596908127,0.590958206606216,-0.4582678446069636,0.3283751426205546,0.010907680529209587,-1.5607049652937324,-0.16446366726882422,-0.2749132490277945,0.06369240374684987,0.8125615123034583,-1.0911317685156878,0.9377826587272252,0.4419767216679603,-0.2945920182691718,0.6979081163511603,0.28621017878170363,0.4762474827843871,0.6329686159638347,0.22556134836539535,-0.20658516165929508,0.925928481636308,0.8927877082802803,-0.041585788572090575,-0.04303248172250667,1.168349209298757,0.31016031305540265,0.0,0
-0.4913332574847991,-0.30128255470622944,-0.0962840333490598,1.6966102540751242,0.1479982880596397,0.6068910934769771,-0.047400710024618896,1.5402814895696042,0.3859296732306827,-0.8605375693678442,-0.5812272712654338,0.3422178885543123,-1.3441452808818066,1.0145477904578926,-0.0031036093318594603,1.5602277856360185,-2.0603980634297985,0.8012033316510705,0.027593933278660828,0.4635126815238408,-0.5656369015055199,-0.5900677067676414,1.4287866902010251,-0.32972602840929,-0.8688593614616187,-0.16318920692916705,-0.6573031409703552,-0.8460327335124127,0.5706953113273228,1.3956530211810936,0.7437788787576946,-0.1578785578659374,-0.04868880744927098,0.4259195288763938,0.1439654596559562,-1.1264271985830188,-0.5425044110037535,0.8489179956484405,0.6005920868959841,-1.4214105504592511,1.0669823843454571,-0.4573636208117127,1.2808646058981914,-0.2443027927836722,-0.15206623513985484,-1.4957074312638436,-1.1317837973026168,-0.9929426859147032,0.9932189605262389,-0.07893625893271525,0.0,1
0.5460574244521962,-0.9284290533927212,-0.5800010658237621,-1.0312816327546843,1.0954288732706978,0.5017064240184194,-1.0475234359551464,-0.4495379364216629,-1.5129784040992578,0.9669698189543364,-1.135062775715619,-0.494217807435589,0.2887885398490151,0.4831246108427685,-0.7856343679722461,-0.9018637235234596,-1.299746580193213,1.2348925125355945,0.2768396966068488,0.4491711965013154,-0.9248358452148996,-0.13544729074852827,-0.8866000775477401,1.1484930222427134,0.47325674438815796,0.2320477392328605,2.2335807166864283,-0.9953291656602196,-0.49418007519093105,-0.6251866590201433,-0.4148001078472679,0.9454587969472664,-0.7610352010435434,2.7974662907369305,-1.3239172377835418,0.16012886539852658,0.09485610671508307,0.5425753212940873,0.9806900763676956,0.7734809221681007,0.2105850847843096,-0.5770865196286908,-0.4288988271572756,0.04798194730137965,-1.0508123886141378,-0.5496865735694175,-0.3248102215562409,-0.21902920348637167,2.039885910290338,0.4198725116848857,0.0,0
1.137461898682918,-0.14348651857161118,0.3750932913721352,0.2811917003816566,-0.2271315818508266,0.0741515712943173,0.19352134414997266,0.1826499314901359,-1.4809680187441183,-1.1869939839521204,1.9386730846538809,2.8031797553248894,-0.15964607417657742,1.612083875305942,1.0609922690506832,-1.6867480021592096,-1.529374667140068,-0.6634720928666499,1.065236792296328,0.21304537103006194,-0.1133068053716774,0.4630579492192979,-0.4403801030093496,1.4751044911950453,-1.7789067831967504,0.5857174829325293,-0.4852415668283119,0.5238977914590462,-0.6739746758920095,-1.4280341721720824,-0.7454532466770243,0.8354475378638178,0.2920580773363637,-0.7967211438765635,0.3408622740508458,-0.4137929048069609,0.9955998141851794,-0.3634222389566144,0.7038619182573707,-1.1202983232098251,-0.2647694910099544,0.6756401107730782,-2.057372979351534,2.0166836746389105,2.385349249270051,1.0094969528430902,-1.1851489316845392,0.13532740752681008,-0.014896862458540132,-0.5196492698904113,0.0,0
-1.8567518772220932,0.6181218113154812,-2.085502368871311,-1.1035125786575977,-1.4513522828751246,-1.168604921941925,-0.058544048318812526,-0.4878406500797458,-0.8611601089169618,0.15394690915408338,0.8167188227722577,-0.93088608254424,0.5996088876223289,-0.028257394741752713,-0.4938311079432071,0.9522827267387082,0.14551576813539352,-0.17687002868248367,0.6067867731623463,0.7440473995533547,1.9150096208247056,0.6643496242976694,0.12410696275059635,-0.7761731566955241,-0.4998203757316854,1.2759719654546355,0.6534202675842224,0.13620283236104472,0.6967804448597698,0.047690806528823806,-0.21287108405326613,1.1602449662308552,-1.0106656149987223,0.9981409013062592,-0.7482462793098361,-1.0140731954672222,-0.5863627004140601,0.15854473651068804,-0.41995701271475694,-1.1768914225780571,0.05268321098019551,-0.2066530910674645,0.4610606597379131,-0.02752426011978461,-0.1444447516815458,0.11874320654391682,-0.7730648582076574,-0.5966886592507158,-0.10415902957115858,-0.596203481199914,0.0,1
-0.4941292528830666,1.2241513629967284,1.1627406759855532,-0.9115038035148756,-0.4499585891520978,-0.9203580019169658,1.248798789308016,0.4493428576888147,-1.0000375599444635,0.4820352470696444,0.39054774877423104,1.9928866707773711,-0.8828515081357673,-1.029781388121503,-0.395487513377746,-0.37432955832687137,1.9193320328417052,0.7430064092224372,1.3890510739047512,-3.0118137493822834,-0.6231779917010093,0.31205485632239005,-1.4068388987116258,0.16443833116877693,-1.5808713848017586,1.1046150611010783,1.634508601939176,0.25376185635626664,0.4258227267289412,-1.1473497573443543,0.14400253486645292,2.0340273187098075,-0.04173713872610862,-0.04523033514413409,0.8005843563207685,-0.11986204865874897,-0.32948600319502397,-1.451321218465632,0.9790203262103644,-0.590439768012773,-0.10549440928682877,-0.06045669296856403,-0.619747282384839,0.5862761495477795,-0.5929248600007834,-1.5386630774145775,0.10715409099463838,0.3964142988682092,1.0273018167958552,0.4294349755732633,0.0,0
-0.06797079743030733,-0.915547692471068,0.5178935134992328,-1.5251893424587006,-0.4225076978998994,1.4357996663197778,-1.528322394559838,0.02507698790145717,1.0305467655825933,0.3844244793593792,0.6612684060567708,-0.04077172135159898,1.1454714429664323,0.3788922196667576,1.0115480207457102,1.9471050883946652,2.4759298071501883,-0.456032372998943,1.4620434075839157,-1.2853281880201461,1.6312250141378577,0.417972057765313,-0.4021107108321604,-0.18014735656151865,0.1900591426151189,0.0259845778657749,1.0748086349540145,1.5401701074304637,-1.5354232964517185,-1.4156236447468291,-1.8825084046294451,0.24862280272481846,-0.6505818784146606,1.9745796729664973,-1.954077586592034,0.22298407014102475,-0.9943412924721348,0.423477375051498,0.4674844150295972,0.8077518245757935,-1.8216506707314997,-0.874528605858105,-0.8282429288710346,-0.6235638530016672,0.09004963273648743,0.2371080760092103,-0.2959944049391288,0.3032979110870827,-0.17276836372694626,-1.124936131469236,0.0,0
0.08387287104043817,-0.8057175280223648,0.1408174847906965,-0.5190755596305664,0.18577460287516184,-0.3563454831063089,0.8470526766857943,-0.15533063622735455,0.4246392287035652,-0.3823744061055008,1.2989750311264596,0.3760200269235404,1.7880906437753952,-1.0648103390154848,-1.1079726261596716,0.07185029821345887,-1.5113499290843817,-2.8709184635732234,-0.2986738431195415,-0.1477254823387723,1.1327535311194703,-0.2129307877017256,-0.7691365216380849,-1.3902490463967472,-0.3439899705842694,-0.20727021001153886,0.9767290958820608,0.7928069276855014,-0.35264184570676177,-0.2622295730075088,-0.4828652283908512,-1.3935154049762537,1.5446936193219867,1.5752287453380178,-1.9093645063971345,-0.7612905438456942,0.4180175660237769,-0.4438223094566686,0.3641023444616719,-0.13916150586827156,-1.1028133438825956,-0.7286190023488693,1.199120409370624,-1.1435972280410445,-0.07230857410112095,0.9567819713825396,0.1726000775171703,-0.3763939380561908,0.4766681111055142,-1.1070142532402258,0.0,1
1.5305976254045446,-1.1353366596819308,-0.4421866398686194,-0.2337047123510204,-0.8833137106191263,-1.2070989524501974,0.6091156497451371,-0.17927622148528094,-0.14099674501457088,0.40467927911471424,1.9833601652124992,-1.129249094354546,0.14477397880289733,1.136930345722795,-0.6268228829990637,0.8146290211061956,-1.4600410490613769,0.2432651933535653,0.3959267664238295,0.4076578116350028,-0.39800255818187386,0.08721021755593322,1.2150434838643325,0.9119057129973044,0.5231508808902058,1.8712494557002088,0.2936028904353548,-0.2586025023053057,0.7046457532843082,-1.0964045068842465,-0.43280178789736784,-0.7803536620869258,-1.0176538742701309,0.3709121997486741,-2.095838736145828,0.496511823699807,-1.0053496026508484,1.2728170864467825,-1.6095775426141432,0.09847433104557428,1.4813478745504325,-1.135375206555585,-0.8358159195325434,-0.7908916931219733,0.3525304543900452,-1.1562762654527616,0.8876000946608337,-2.3339440192077414,0.7509069540471855,1.152924726567614,0.0,0
1.2439154438033075,-1.6231100879402691,1.426437174330249,0.6545644311158966,-0.17483887782842875,0.7901445608816491,0.10545358392335967,-1.2639166525943355,-0.9444693378152608,0.5158989033713076,-0.24499805872021674,1.6330721499222065,1.072634436307197,-1.3584262966838765,-0.9953664714894798,-0.05982224701544785,1.0810596516625106,2.362441927630996,-0.2535158888860575,1.0188033572141846,-0.09443008131102378,-0.9401819724185456,0.12754116294218626,0.9023653455643188,-1.3551144464862277,-1.7547920855989847,0.3462118975617424,0.5664201303657866,0.05502805201520939,-0.9277592535749176,-0.7304498625577203,-0.7641948257093331,0.7726198081563983,1.9827173330747645,-1.6918970238971645,0.2430106890265775,1.0508700319137876,0.3221671249529631,0.3594529716479564,2.3508058095120323,-0.4304241378410578,-0.001281674701000336,0.2323682648814188,-0.27727954760518025,1.1336957386886202,0.5425660452181184,0.23736792359357856,1.357669740124516,0.9763124327223514,0.11400430014554976,0.0,1
-0.11507519874682492,-0.4187035147299631,-0.14738129304450245,-0.9562941468018124,-0.4873943305348284,-0.3561890342669494,-0.015966423692632896,0.6075015252734316,-1.9946322560093588,0.2478115729817988,2.222482777837961,-0.5931160060475488,1.3736203101676978,-0.06764099902862092,1.8827925827876344,0.4400580006321471,-0.34255221189119345,0.6893858130099499,-0.7935232516543402,-0.15485337391706186,0.8098516235609416,0.21246672716585427,0.6899671468782901,-0.4099740782941067,-2.3152940227422065,-0.5875068954957492,-0.16011983391590587,-0.5717308353127852,1.1957727083462053,0.5345591484251201,-1.5130069377852988,-0.16508145512211253,1.1013491414175165,0.200598615420764,0.9330483589847476,-1.0109782230808988,0.43186400514472223,0.4875691641432292,-0.7173672425144333,-0.6366369695063403,-0.022634913694955117,0.3474292142007689,-0.33847940770098034,-0.8071960731116079,1.9385223859322145,-0.3229134239880974,-0.7175008524000661,-0.07059358386598938,0.6055298788249913,-0.8806547459155651,0.0,0
0.2696290968745935,-1.1923078730770236,-0.5441884685462233,0.9095442543608608,0.7952337094435291,1.0109858433676435,-0.040596954262900484,0.11334372912436295,0.030049758141186787,-2.5473200680162016,-0.8290178015990862,0.6802840167596637,1.1113866885700616,0.4170839325342684,1.608908419220987,0.6630402625633806,-0.6351525469202478,-0.11423207785060202,1.6106747991676562,-1.5589594062666288,0.35883212839266776,0.788196691897729,0.021471153059168968,0.316240414211045,0.3280421675150255,-1.668367052820095,1.6151707377529751,-0.38616357168847865,0.7275383041001288,0.2469446214288026,0.4890144779375224,-0.2652339444556117,-0.8888784283588214,0.516579070644683,-1.9734073671306007,0.3047396616922905,-0.834086882241479,-0.4921613318288086,-1.054518894217083,-0.7873683151483892,1.158669036400804,-1.45491226386555,-0.2399584286386413,-1.1826950764181428,-0.0988219644411681,-0.5872031020956946,-0.34929198494883096,0.4875369267347353,2.3034242518243806,-0.26801783835901616,0.0,1
1.647477897380769,0.1456190858389203,0.08208410915907814,-0.44217853875520297,1.153634041506393,0.2895046157080541,-0.11269220350940395,-0.9588321407728304,-0.980594285892622,-1.697151603611958,0.5573293122435617,-0.297202939245902,0.5635102002732012,-0.11461907101750188,-0.3265548564663603,0.08465684862050818,-0.07058423254328465,-0.0816680749740679,0.8300134690139688,-0.9755066508032684,-0.13713585968358696,-0.4091316383793087,1.1856912870331326,1.2719416745731886,-1.06402857699609,0.28752526006656165,-1.1087836741621346,0.5726464716664229,-0.4053910775804823,1.1412608030736326,1.1086435512260924,-1.3655072445425176,0.0008092810152726876,-1.5435993083759736,1.6045983294632131,-2.331983756179063,-0.7595468461686132,-0.794616103131847,-0.4895544677656598,-0.6524673640628226,1.3002736014162302,1.3282179146247288,1.5691544728517404,1.0690553002035057,-0.1412965344999868,-0.6687231182058692,-0.6826913503125489,-1.8446638313452968,0.28430664520888616,-0.4722928203221498,0.0,1
0.8509332630556848,0.03340362459436202,1.9929425481941336,2.75391945511289,-0.508427099801595,0.8252932127399762,0.22253064386721974,0.1299793691036855,0.3584857489592388,-0.356837752388901,3.0554085969753237,-0.04940404584844668,0.22082164536074306,-0.7171399151693811,-0.2767947831126165,0.07360663055154575,-0.6584809562751432,0.22186136267360052,-0.17852063689149472,0.31903718207388104,0.24721634034994455,0.3956679049668341,0.2081193778411808,1.6515992681478242,-0.6196369868238759,-0.6139280720880281,-0.9855565645566886,-0.5915214578256697,-0.7843964768782442,0.9830886039777429,0.8234516545867184,-1.1456687557849323,-0.18268522589745453,-1.2705104235337052,-1.40426781536414,-0.06907090706046617,0.5492156088593529,0.11343226368633468,-0.8547462966452948,-0.4021123151563779,0.4816527700015652,0.6296176403399573,-0.0053749041843941785,-1.2981835476594872,-1.8510417012342455,2.0776112038381624,0.3648981307158825,-0.4358790412915785,1.2206111471663152,0.4932647911267535,0.0,0
-0.1459019846332593,0.6365843537158957,1.1631884217596609,-0.4508476371197436,-0.2869226061163694,-0.3188910986205104,-0.5245781313207449,1.4456183638286335,0.7926165749537208,-0.7839201708013337,0.1332188158127195,-1.2262282741832229,-1.9469038544986503,0.7380455111062031,-0.9577049511671832,0.2018850349231927,-0.34728828299954057,0.6268682996116579,-0.6211912178848125,-0.548379222152906,0.003747106538891896,1.054500185069218,-1.0694716084025164,2.7451961172487493,-0.5736361266099402,-0.517937845093631,0.6210761521894019,0.10012272649039798,-0.7062383319606006,-0.4727385469767061,-1.2887686307998172,0.11625860682850166,-0.2762252170625917,-0.7671450067323272,1.3742754064646916,1.4103771494230863,-1.1239301224177554,-0.4767907760521325,0.6367124142830415,0.3681800564818093,0.3425512889223679,-0.10575660501901284,-0.4135646631423345,-1.243398939275499,-0.6168094688554745,0.9212333794997106,-1.057710372412865,-1.1959526669830418,0.4834291193837198,-0.6116249448628089,0.0,0
0.2739993622084453,-0.8631215398866336,-0.194821632110448,0.22062964511516847,0.3993744954444384,-0.6491751441564221,-1.7527731022274142,0.2313806425451169,0.5118671293434155,1.1830463146600319,0.5297501085909251,-0.32885537329040154,-1.5355118671338277,1.1298660771920943,0.9119277866835916,-0.15687380993605846,-0.27569824129893583,0.16003393005248445,-0.3309504077161117,0.90417392508244,-0.8539718356200785,-1.9138712904729995,0.1637170683595894,0.9031246566795412,-0.7632701934843967,-0.3872175584512567,-0.5173503130847332,-0.633409243567509,0.9624481976167198,0.3509718644905877,1.3108543597313942,0.7849378828941926,0.31608256729834083,-1.0075931375276344,0.8423122098193601,0.31302799330061465,0.09846546672530593,-2.219375370608032,0.024938594500470344,0.05667249096379784,-0.8646327562665234,0.2585967650393433,1.1560987783930758,-1.418733160341329,0.06896289279790438,-0.3088976265488469,-0.9277426453893216,-0.7546623272132811,1.0935184890983305,-0.4964882352941949,0.0,1
0.8964935650519649,0.09435738059383647,0.8436370030933568,-1.5579658401940126,2.0319474825779458,0.8678187346902035,-0.9084395745760244,1.0581962761124135,1.1749452120077364,0.6936996151008255,1.649021462134282,1.429772260739539,0.3478450999430314,-1.3754274806777909,-0.08263386670345634,-0.6847080904212602,0.7180365344531416,-1.1458736792920796,0.056232632194293294,1.996609499290648,0.5023851701906681,0.8477814160095044,2.251357522166153,0.8909148951564893,1.3392526174655883,-2.2616196234343167,0.9551563384452814,1.2840333776743806,-0.4249693774367267,0.15758491847455072,0.9618327345645259,-3.0198819688313687,-0.3279455682735504,0.08306171796245483,0.334169133311944,-0.0852835628020538,-0.11330469921283852,0.3288935993075162,-0.5542394155039114,-0.1312424200338505,1.207246456230231,0.9355944329008694,-0.5481097426384868,-1.768065999103,0.4685652396344183,0.263990504956186,-0.0027671761569924864,1.2838232808906622,1.1413516743912238,-1.3419849437564149,1.0,1
-0.3967434297335013,-0.4400189028089478,0.7482440298440549,0.5998362735971177,-0.05480455652039863,-0.2589251849010921,0.9118371805077016,-1.958160670927732,1.6311933425255067,0.05417249859849682,0.8359070787418087,-0.8441282123578565,1.1179038042547171,-0.7382982598793654,-0.0701079086776696,0.06452398839414743,-1.0018567632264437,-1.4794756856169182,0.4903840395219293,-1.1983629552360926,-0.3601073704448643,-0.9534848778299416,-0.008377785333078303,0.8066225123454992,0.3896136534295421,1.7510363976752743,1.4211546493237357,1.1859897320972892,2.646145412496561,0.4092628728609872,-0.6737430559130729,0.03501999567134221,0.024622473284367032,1.0074011693603029,1.2391237138264386,-2.5640716790073594,2.444363896803322,-0.8061421261772866,2.216313948978365,0.7593972894793433,-0.5867720715116111,-1.1025003224098435,-0.90582324610809,-0.4790570674034957,-0.07982595349611825,-0.3541490543515055,0.09051637242817964,0.03150812413560818,-2.7844610138324977,-0.4951816075508642,1.0,1
-1.6577030776785142,-0.5335495658823012,1.311854880551041,0.6603016986402259,-0.0037035579496218656,-0.4642602693083458,-1.0021630043833951,-2.469739972587121,-1.1082113019379571,-0.2465470896756199,-1.4620510215602767,-0.8017132985059203,0.5179641103062341,-0.3547366817240521,1.2868406428304835,-0.6482481602450194,0.4564319638779124,0.5034506785672362,-0.340158165268362,0.5316046453350446,1.6728727606397773,-0.600028672100048,-0.426543503134706,-1.4277767186754784,-0.2322074761076761,-1.2388157942800604,1.013880205626396,-1.2551049653784008,0.9908835230677696,-1.2369814913419972,-1.016741817778664,-0.8261235540406966,-0.2020123992789876,0.5328931878064281,-0.4254622708124507,-0.0940051189635582,-0.3756478490040385,0.7194592866436927,0.317320985012461,-0.6369032058888957,0.7264153341038687,0.08613095612827003,-1.875711673663328,-0.9659541060615392,0.32201349752995795,-0.5155477779460741,0.5158865606786107,0.8209275262540747,-0.6105954242606154,0.8772825551844214,1.0,0
2.0660292502241764,-0.1502845486544916,0.6061403435449568,1.2618841927101978,1.05115779178517,1.31272854859181,0.5586521146524268,0.8009672680723979,-0.8303932929812652,1.1730822335024154,1.5228073321084574,1.2819156531122842,-0.3164028204152953,-1.1419420067508894,1.4744764532499564,1.2267137493059186,0.12490936485987494,0.5527751198372989,0.6810723091958165,-1.4047444050224884,0.555183442636891,-2.1745407423446386,2.1328090709394565,-0.9535595553363144,0.7217856349481542,0.3396900345995719,0.6361311857652939,0.6728706285918042,-0.29933750823258026,0.9229415476207472,0.2144476762975189,-1.1479267964590505,-0.637152330761584,0.2662901506277364,-2.252195023151067,-1.2974663827786783,0.4627606344787533,1.0158103282029307,-0.3392263227631709,0.6147321414147853,-0.14104112843432054,-1.0048466690503215,0.1170544089473234,-0.7742532750162019,-0.25071676133108184,-0.6606574952936553,0.6546563239394703,0.6547897331658951,1.3143272069540757,1.5925493725245548,0.0,0
-0.461068911480731,0.5349757509838772,0.669942216516533,0.26361090813722804,0.9883304207772396,-0.04590056308880716,-1.4171760110916616,-1.1963912102871024,-0.4776735861881393,0.5582682957403994,0.9830208264687648,0.4945463027157746,0.19928913218325095,1.067264415316483,1.5475923289514408,-0.8739785736817862,1.1655282970643743,0.6367962377100488,0.018189173263730887,0.497583216309286,-0.18520141533921905,0.3984048764869262,-0.8251368518848105,-1.3253179184422228,-0.4892988645602902,2.0760129707849435,0.9322286967986052,-0.27170427181809725,-0.7169241320045465,-0.1938292616489717,-0.15654039431547445,1.966729620795884,0.27396113485520274,0.3219853218015586,-0.7091854391252989,-2.6118362111295044,1.2578643520570938,-0.08288938498462428,-1.6934437679149126,1.8059548332609008,-0.2564759533766409,-1.843102340305505,-1.4040747136800849,-0.4075598953832814,-1.1761478587687235,-0.1281743330573933,2.233862086670176,-0.3390044394642334,-0.6270776058386637,0.5347550513067765,0.0,0
-0.6032354765869119,2.129141242768786,-0.2880430140994508,-1.147315637479638,0.4301623157743277,-0.2455761915479037,-0.06671452605592995,-1.0093159205983364,-0.11680066673612767,0.4508922268451456,-0.7159013297702468,1.1934885842336245,-0.05627441311217652,-0.4147397264261709,0.2593149949212351,-1.0355116699300722,-0.2719656729738716,-0.2923002397733324,0.4865078267217409,-0.18490105199985074,-0.052751713792873724,-1.0684741633667507,0.6514663307033965,1.436055478421022,-0.5438511851108019,-0.3461634709317913,-1.6727163426645333,-0.8944138499478921,-0.05886908348060237,0.5474345338552168,-0.532826890020244,1.4027169602018168,0.08806037975612534,0.3649014684547829,-0.4379670164159659,0.8117066912171853,0.9740464399398924,-0.7447065274198452,-1.0760005154365266,1.398103535700897,1.4124599598920144,-0.2967319150321471,-0.463555354376674,-1.6611255630345758,0.8057669674194673,-2.6844160413394977,-1.2676413911810909,0.2315490176250244,-0.17628066419498076,0.09177585777454622,0.0,0
-0.034030604883454815,-0.9462766935313572,-0.2253195464586652,0.21406838053442895,0.2420702270383913,-0.2348181217643261,0.4825355155050649,-1.0446430860292275,0.2855778904469929,-1.2253737950933328,-1.0688690114944226,-1.2187255147409959,0.5872022973110222,-0.7347488961741964,0.6118730474406439,0.16562294020180446,0.7248210743529288,1.3301485457851376,0.1836326255346208,-0.3186076859203157,0.28732458790656873,1.1869065253950015,0.18503772160194332,-0.09644540090311368,0.4353482769635069,1.1465934458716665,0.5484659928843028,-0.4352368316871904,-1.1667795073756542,1.303242123236126,0.1764354318784115,0.4816034253341396,0.4278387610814348,1.4784886556425652,0.2373910892248457,0.7552684437667232,2.492670201322676,-0.2078488065224456,-0.8734388743277265,-1.0889976381975128,0.7243044066012158,0.9491005844206664,1.03927074797931,-0.5614532495163087,-0.9426884997651868,-0.017483100524370392,0.3405097307865077,0.4372730676312688,1.4721358717512358,1.2649204567103716,0.0,1
-0.8027439953711873,0.3151554781911524,0.6015304279422746,0.5718620745604075,-1.2396836050706557,1.8072195374641968,-1.2111123097296117,-0.4668096569117769,0.2486407214308572,1.324678494980322,1.1631184291638017,0.3943258676005632,0.2619308382248369,0.7159554482025816,-1.2026615912135672,-0.686129734375861,1.4974360116701375,-1.1039599898224115,-0.8442371276826905,0.8116188566319876,-1.8215282668077668,-1.0586242443067309,-1.4326355519243852,-1.0351946609624592,0.6878942772690871,0.3287918013974252,-1.1598247115924925,1.4863775905716237,0.8851914320773855,-0.4881732194788836,0.15453401956414708,-0.2665708088812783,0.28595361114494605,-0.3667147427503159,-0.10296644854337324,-1.6918281588391497,-0.18570242904487708,-1.6263102217662635,-1.2247470442094242,-1.4200319710565406,-0.6648095688132359,0.2212582635702164,-0.4008244771400915,0.319175086757313,0.8854606077231058,-0.08792754450509054,-0.3160913664802189,-0.048346457120535716,0.19781820071850212,-0.018247584626192314,0.0,1
0.9754589776446556,0.9363165816952336,0.5965624679834922,1.481931977541616,-0.8142306557360791,-0.7439065295139036,-1.0228998299613692,-0.1788169819329773,-0.4618695316946375,-0.3715392994496489,0.3103366786906006,-0.1743709754487595,-0.607559380432249,1.613945384873425,0.010038409201411731,1.4233303776054318,0.7782244929805671,-0.08423727231424047,0.019656701036665246,-3.071651590424741,-1.6714689223887569,-0.6473679505639254,-0.9158972537708042,0.11661156085991067,-0.08904319789096914,-1.0853065331928833,0.3150862374926179,-0.8076703181518204,0.505867889258097,0.6151005152082007,0.007267715781006686,-0.051334480075304466,2.7452867972258925,-0.31445812973999404,-0.8012462175523568,-1.1917166656445168,-0.4737509891143697,0.4465211599578791,1.4689750154561103,-0.8542855723763099,-2.40143892303833,-0.8771235999800504,0.6211963276004876,0.9738107032842339,0.2499664329824406,-1.6242084755391386,0.7652817879569036,0.6004111886073425,0.2760593564567326,1.2556105111598364,1.0,1
1.5337594581702343,0.6703377480125952,0.7121838781028738,0.7253837440694014,0.16156733649456853,0.5361468373693477,-0.25108133964857304,-1.4143945929033481,-0.4830261929411575,-0.1673567650276548,-0.5539658627823858,0.6863412776397407,0.009085780513082882,0.3549604711322064,0.2496605678042565,-0.7907269467315472,-0.6768425945612936,2.0112565417777533,-0.0017932884825760211,-0.12850990119465958,-1.3320649027980391,1.628791033738364,-1.0760567032519954,0.01935222604087557,-0.556104557721896,1.8507053038254413,0.7312827985942629,0.6479323465038586,0.16785903604839014,0.5533957793839074,-0.7029477219185024,1.216584743325028,1.5288764590492026,-0.2449374359305142,1.7825174071614178,0.5362456787098377,1.1968431426269794,0.5749943000615595,-0.265190970894862,0.2333466151152448,-0.2105101489718394,-0.0991828063878802,-1.195233368988763,-1.3007214069129251,-1.392032651503061,1.0584223798044978,1.6861875633879355,1.2624196574832964,0.23805601127628154,0.15492743997365685,0.0,0
-1.4662110762070617,-0.1083664137877805,-0.8010295774185926,-0.1941196904483508,-0.2414308276755247,0.616054572031738,0.004800139691143886,0.7334905690795599,-0.8029201959123732,1.4674946395916006,0.9913143047730252,-0.1880502690249059,-0.8102785663822278,0.4513449650678136,-0.3671290489529805,0.5561264280801935,1.1020181070762638,0.738638294817049,-0.2606798155722733,0.1283705630502858,-1.0656279656209742,-0.2378133185044517,-0.3743861495804815,1.223546191295389,-1.0750302312730995,-1.4416510795831552,1.3326440305762728,-0.4350246054290914,-0.2762130339979416,-1.945248039452911,0.34578542234014586,0.2893594002479656,-1.179082933475743,-0.18938516117164428,1.0490962679440718,0.3153496511988729,0.6353549366188432,0.7020730337256575,-0.32283177303705635,0.480219053647914,0.7831875567039069,-0.7008790378875126,0.6494045464114581,0.8308514940660123,0.3009154056578367,1.2153784515780506,0.9682019912569192,0.7876831613418673,0.7446233185132363,-0.8942767353591259,0.0,1
-0.3612603953670168,1.3218621150652432,0.5869802588745743,-0.34126136572174504,2.124682507826328,1.0490158617642416,-2.369863537005296,0.4443980834815565,0.8041339845988735,-0.647168209886449,-0.3597871051202806,0.9856553192905791,-2.0854551000021218,-0.1564031601985406,-1.2416168744780445,-1.0851594769524626,0.3252012020804186,0.340063992699698,-0.6257524054063932,0.5406372147127633,-0.10586823126476712,-1.1786689886470252,-0.2927780805634217,0.7689366505969064,0.8059548271560446,0.9601099453479393,0.054538316826422295,-1.0901836986042774,-0.029415550986313307,0.2450663975841113,-0.29810271916678266,1.1418088592869908,1.129330374229612,0.4442707152125793,-0.21019271195199468,0.4151223749209681,-0.3295351409969272,0.07628581231511733,-0.5670099422416379,0.8677140117180927,0.3261289596203777,2.4075545334603996,-0.6796593448301179,-0.4258151358561975,-0.0507348139402183,-1.3289462886880774,-0.6137644645160871,0.6504483424817099,0.3175438663158817,-0.18342011169668046,0.0,1
0.2572529057092756,2.102352939642486,1.2829202382340772,-0.8431442499599533,-0.5794187548995187,0.9675670457583468,1.0632630135473171,0.9336919260765709,0.9597827870705036,-1.67132717161657,0.4501684321936508,1.1054766972781147,0.5137611128902568,-1.3815868059016412,-0.4917782068571461,1.3904030196144683,-0.7312933169310936,-0.14234329849385466,0.6462341629587596,-0.3755149541727693,-1.4537306028246606,0.34177295632386,-1.0806949682604472,-0.5456129230180456,-0.3890891022668366,0.8893028274012085,0.22309164037961968,0.2472792370776267,-0.8562121902982706,1.4302487405624709,-0.5365336306735777,1.0123124884855943,-0.3302679760055792,-2.280559627527957,-0.8153079078902177,-0.6128708605113738,0.9126071247152132,0.2671703283969962,1.0179572437157405,0.1848860757830752,-0.17296307294123256,0.012534141343141462,1.1180837265484829,-2.003443496538147,-0.6177579365014257,0.6960507871585772,-0.16343479645922754,1.1899619714443492,1.1424892773103676,1.4764819297345195,1.0,1
2.138371552341261,0.0533502393355215,0.945453858007752,1.4247566149071234,-1.8064389597909745,1.1176324876945447,0.15202547108370873,0.6356966466081406,-0.9469894389736606,0.39221283410913105,2.1090408934958718,1.538434716284471,-0.5083523352144894,0.06732454863010795,1.017042848093317,0.4408209343774596,1.2058610264603231,1.289572487031934,0.7688732219131463,-0.5506593350758913,0.5486858686617451,-0.8077389655706425,-0.11060380575189203,0.22086149581033185,0.4415518668371734,-0.6369381301713464,-1.06790322372847,0.013832528607837829,-0.19775086903094172,0.19298964390317785,1.5464161900233604,-2.142697588825419,-0.11236489126153712,-0.4276234056819216,-0.017349104373407358,0.1024188290897657,-1.9776680572481964,-0.6830800196787821,3.1417706441148816,-0.5820371574108695,-0.4408076983772289,-1.7700182328178549,-0.8875540482115455,-1.6386365970935928,-0.6205375378200442,0.4783160336593007,0.7401715244324506,-1.6571843475533383,0.010191671769009949,0.5006612918239836,0.0,0
1.3992836850778891,1.4134699120910614,1.4634865629424,1.2016706406191793,1.449793837381626,1.2987999513803197,-1.5130041915667507,1.7461871687636157,-1.2391997742457164,1.3452560025633995,-1.3912022690492414,-1.4374228523829025,0.11132591235701288,-0.5727201832005548,-0.9363844154286172,1.6649498999011103,-0.5588163942352671,2.2338679097457206,0.2787570912407314,-0.4139968153857622,-0.19367293326202611,-1.0942622088187015,-0.9913571866449896,-1.9208683212787023,-0.5470700306406023,-0.4135092733811551,-1.387428905025526,-1.0154634509455354,0.3098092897975083,0.6233502795046406,0.2779940644233333,-0.2250602946882968,-0.676199007056946,-0.4667168474030359,0.5366513598432792,-0.4143717024067888,1.2561334859069906,-2.7797527308095806,0.36974724772802137,0.008628431138495042,-0.17296502124464352,-1.0046066810965384,-1.4214719024998397,0.6729814460994767,0.24938954827429996,1.0780317369562322,0.3860291556215317,0.5983097718306623,0.3647526086581323,-0.1795695865952565,0.0,0
0.10990100248271584,0.07344281374187905,0.8300524336206168,0.1860291306007254,0.5989843938053249,-1.0688433758189997,1.2620255426773448,1.714627641284313,-0.6039249867452076,1.7021436023174166,-0.06254389359568639,-0.7712818012412036,0.8729302920889621,0.3425671555537882,0.9131050447086542,-0.5481458433641829,0.4190843939451232,-3.2342374120657413,-0.40645500822052216,0.2135344805140672,0.6692201546295017,1.0152441387761646,-0.02839423305470537,-1.2312497841384806,-0.2699839860222457,2.388909842711405,0.913606570212996,0.529398198577823,1.3102927020720945,-0.3471858652777222,-0.4658171357424584,-0.8000360780415067,1.4743721714763225,1.2667050027236693,-0.08713141326240792,-0.14806941091668127,0.5269408666920719,0.7279130478697347,0.6827527571629587,1.4464474522028408,1.0048352342163993,-0.07798194235407603,-2.0597067299888208,-0.1602867322408252,-0.8766471212575734,-0.07806491566527989,-0.4993991253983309,-1.4739526663736735,-0.33050181670449114,-1.7586840023935992,0.0,0
1.371996572031809,0.1979625328121895,0.6818026183253683,2.4331673044703908,1.396979449087704,0.18484907851345087,1.0368089870990314,-0.587170401549678,-0.01518419674956083,-0.20669012284595226,0.5330537540816189,-0.06691305664075861,-0.22364340602443192,0.09425043842179504,1.9510261476977044,0.35745517928582404,1.0307477445888724,0.5551056292787699,-0.24116910300088865,0.4976915160927395,1.9352010250019585,-0.32553463767598023,0.2489832310272464,0.3098056435902719,1.6295932836311198,-1.5044998418619209,-0.11145602996775447,2.06379656233754,-0.2932221252996201,1.5153796818565843,-1.7412333383287693,-1.4913659288420045,0.2638022441078579,0.6777953069940539,1.8103784402823435,-0.3379881934883946,0.0887666526196487,2.0290484583757453,-1.5033410284828084,-0.08080249446964044,-1.2776342786042756,0.30354539879074205,-0.0970814029326362,-0.0682453395728128,-0.1391157487890096,-0.8597740208742297,-0.5786502248679943,0.4574687012241743,-0.14991392690766067,-1.0197907276402045,0.0,0
-1.1290602887890064,0.12787986547649005,0.10220705413923103,-0.6389526581652194,-1.1960494045005745,-0.3428913341045948,0.1420613706153098,-0.04503800359866062,0.3777927367920628,0.515808235924447,-0.06276061245422718,-2.710399885276684,-0.6417894308302939,-0.9562929939289944,-1.1341334121875517,1.5380665403609242,0.33811997388489323,0.23332092149389336,0.7714610869621947,-0.02490247823274992,0.23295952513547874,-1.3605360841945513,0.04065355129660316,-1.807186620574762,-2.4325037584189046,-1.7316048863078028,-0.5820431321228008,0.3824762961900503,-0.578861595658443,-0.4392487775911792,-0.686216127667875,0.2970868351411668,-0.30558385603897714,1.3535963268082805,-0.5487738485625439,1.3710410286612198,2.041594088886508,-0.7589396194983197,-0.5375296488260078,0.3559531957847454,0.3428137410143017,0.1448067265340277,1.1455837587606303,1.2386958337049891,-0.14774397228311625,-0.8130615869397465,0.2958843117420839,0.2221824067278189,0.854357544005454,-0.7174954535059621,0.0,0
0.1174957669108353,1.2253302705388018,1.961690564536421,0.2045782895942772,0.8926360368451274,1.2025733606763946,0.18923208626564725,-0.19362409621205107,-0.4074120808987318,0.8537049517444241,0.15436247933238198,-0.04860717490131977,-1.3359076134999288,2.2190930139788123,-1.8008899475382256,0.7405242207357317,0.11334682066675683,0.2865728587541509,-0.02793730810967432,1.98606247955863,-0.8098766949201158,-0.7013588575288929,-1.0844251647931529,-0.3122722987040966,0.1347116566448251,-1.1518548011512733,1.1366804357009883,1.7775864948358417,0.6438202078560669,1.6668075860865617,-0.8479254680422209,-1.767210996747056,-0.025948137957272552,-0.2070945791496446,0.0011667870674207676,0.7144912580493343,0.3066233802210545,-0.2896555992582248,0.1820966991955812,0.5215814043369155,-0.7342520138891965,-1.4448929440596665,0.07132786399446937,0.22426956709195364,0.2710494885693212,0.08342866742406105,-0.9861262392024079,-0.115230050958015,2.8247020684177406,-0.12932524429977812,0.0,0
0.7838673079893809,1.046991612450766,0.1815241739761376,-0.4544710528492909,0.6487254788866085,0.12488393566276206,1.161924895041743,0.03737726494789942,1.7664968316643601,-0.8981134436995991,-0.6718377925979322,0.7673306718599142,-0.2471734147586548,0.06720483197117708,-1.5217342991314415,0.4307510904388221,0.3348433843007575,-0.576413019779852,0.5405895776099238,0.15315520371705235,-1.2864786676630793,-0.7625878789277605,0.6156448033423745,-0.04857714034968976,-0.9850434320623322,-1.065643880417186,1.5876748831140846,-0.631507578236314,0.7587570589612037,1.050348993989822,0.4038569830755141,0.0436735237799921,-0.3201639283098786,1.2712901227637572,2.4169272764355165,0.6945882895653039,1.1103715090847417,0.9217299321517196,-0.2879271769094042,-1.2108141317828631,-1.25581193263141,0.35791481865779595,0.18141808157027564,0.7399435730414367,-0.2163598937670384,-0.5460401210638306,0.10083158098328904,-0.8236949993623692,0.2425347205262973,1.3414459852158271,0.0,0
0.9138386438145552,0.25484619808181497,-0.2261466111094043,0.04091029791399637,0.9117202082809872,-0.6812746410200359,1.591327358481386,1.0649160122427055,1.147465994060699,0.07263807253841971,-1.1855003502770844,0.15437308193350213,1.9510695522213608,-0.4813602972705341,-1.0115108599832212,-0.635982064382547,0.1072690470204126,-0.13784923988690892,-0.3886789676019896,0.0277627553223546,-1.1641016275101397,-0.7921167956088407,0.082767202680859,0.9323839628752404,0.8454659365557742,-1.3524691055561178,0.2611251734388705,0.8985221162064599,-0.17322798997237146,-0.7395680184879705,0.4422500509995739,-1.5502988732401544,-0.02296000161319403,0.4801950456081496,-1.5590456816552567,-1.7601910137287824,-1.0574631317281211,-1.5349114708028364,2.0654494933715823,2.0429751446229023,-0.831205459023309,0.8180871474255954,0.949604810786843,0.3636888587047462,-1.3212862317138598,0.14757082133410515,-0.056134862723454235,-0.19606061918321666,-0.7097591053783666,0.7732664043468251,0.0,0
-1.543733204571209,1.966085316178773,1.2717723003114836,0.5964719629193316,0.019851111399147785,1.1316871327160802,0.8924344099501869,0.3932382558083293,-0.8607974571343108,0.26667226707036523,0.1638169691589948,0.06728810395406445,0.9990165299044076,0.4467888681785053,0.9770826195849934,-0.4002577191414831,0.15537455968349548,-0.8225908500436041,0.3861050524030175,1.587533574415136,1.5560779628221442,-0.4996791526674463,-1.0651680102040602,1.1874482094667391,0.08289194152581324,-0.19896533010019976,0.5605819978026123,0.22328495971468465,1.7965835048286534,1.5433956329378717,-0.7996232436477316,0.5284113853149757,0.7280334628230436,0.36148978535450144,-0.6776635687770242,0.4938384157011959,1.426051871752432,2.0428739452875573,0.15979632345996495,0.7629075161067749,1.1614379330326454,0.2596914068950676,0.2246219757277348,-0.4133123627569972,0.5250821080012958,-1.2000553159631415,0.5055883668309628,-0.5705100002324169,-0.18845361457035928,-0.1517911488861291,0.0,0
-0.6748311719401969,0.5817028325189432,-0.8653206349510071,-0.09070373500577,0.5925710329299522,0.1461632889102883,0.511565408389589,-1.0548301169934424,-0.4502098795757393,0.9003038086472788,0.6464899468830754,0.5845365592204262,1.3713168508279951,1.7704674492673669,0.09079047642477753,0.0770953540685415,-0.7183016102011738,0.11069691411006916,1.1893369909746114,-1.836657298005126,-1.335830714897703,-0.16346464611253644,0.17761308943287524,1.1672086348174135,-0.5363787610856323,-0.3427999153541977,0.4834117990397126,-0.6963040080174235,-0.8167356523107454,1.748248567729504,-2.083047406952907,-0.036746654552450166,-0.13601118154035646,1.1911401124310077,-0.2875242882168588,0.697040951983781,0.7073452643504845,0.7212488438554908,-0.23485028362823102,1.3481407125636895,0.27252270428432795,0.525864392063299,0.16305180004613729,0.014826438122360385,-1.6848088932799832,1.882424470580124,0.453980556632634,1.0094423283235991,0.7910823871885383,0.648454035532684,0.0,0
0.6486491846259671,-0.3396837842738206,-0.02027661220947697,-0.27476322322895125,2.0499066956314804,-0.5235040804407172,0.6498200227590082,0.6777690325372967,-0.6424832023671676,-0.8893713184413026,-0.2881237772403872,-0.3690319011964424,0.0520424724279687,0.6347026396687476,-0.40785892191181056,-0.28849416736521605,1.8170573474497225,0.6021218746347855,1.3210932363384609,-0.6428055764726122,0.21685371446786267,0.04787832732624902,-0.4004851920867091,0.5701643144924184,-1.1366054263205578,-1.481398258239632,0.19131560391199867,0.0033118093690332213,-1.8367607383633469,0.06909866705551097,-0.05759195662009532,-1.1200377037063292,0.43692369343157306,1.3729563423445157,0.7674025555709597,-0.489521731315101,-1.2609549567502685,0.6903059571274077,0.6051355322239957,1.1774495633758384,0.6195949373763093,-1.1060170052160403,-0.9734775525344008,-1.2378863717328086,0.8707499757663298,0.8439979123940917,0.7979325038003848,0.5532804823644738,-0.8272459444866821,0.22267280584154767,0.0,1
0.6430120655890393,-1.1454888480737606,0.16690628748298522,1.15111344592637,0.6214119195951031,0.09122870863097672,-0.4194605240123351,-0.6366508039343558,1.2481758020455476,-0.7053258065527303,-0.4836809499030093,1.6063280270980471,2.5875862298787293,0.4898080736508804,0.04282625101257213,-0.09051748985108547,-0.8947605330042351,0.7212390072167121,0.8207814912656727,0.056923669063235885,-0.855750261137965,-0.9298907485836444,1.170317622287553,1.050367167624512,2.6417779400471533,0.8255015395494371,0.9447599692698478,-0.07832713915343187,-0.22334574576125685,-0.2640773157018467,1.0416674798918837,2.558643857816751,0.2926103765918402,-2.3931782660035887,-1.000103555861801,-1.5215743416769187,0.09371099317339948,-0.5184087989112903,0.039783653627033656,-0.6641096291078183,-1.305220596332268,0.4444796929987425,0.9072906277145252,0.8109491775835741,-0.1584484487326699,-0.05091137329029122,-0.4615943821977213,-2.3540130538263178,1.0920859080343897,0.003067747514940393,0.0,1
-0.600479866080477,-0.4249161705168212,-0.7695539588698702,-2.44506143767097,-1.660025484918331,-2.2989175967291864,1.926456881632864,1.218888151635911,-0.8135140201885871,-0.24273226948043825,0.21677844720794034,2.486874219451747,0.21563803535496665,0.5596223847195454,0.3214564560185068,0.024783520002966224,0.5891167530275401,-1.1792722627043566,0.26002768359700384,-0.031049243505605107,-1.0930282460456229,1.1391636562461045,0.2264764271417755,0.2734403322613153,-1.3993439498929587,0.6383732366987929,-1.2202068099932946,-0.35991476631737346,0.4073386513897354,-0.08282173898099579,-0.4766086377530239,-0.7282554050744675,-0.6086829894485282,0.023449179009769262,-0.652579757287739,-1.590928249901031,1.046745428367892,0.037408791158003385,-0.6964960186479084,-0.5891238659888066,0.8982311412508196,-0.32170754252450096,-0.5979604755304991,-0.4915186635186871,-1.0607928867209129,0.5278097983395964,-1.5716689466135492,0.6326708864452161,-0.7098877904991467,-0.3234102202668958,0.0,0
-1.3075569634665658,-1.064968955891377,0.5548533440613924,-0.6981536109284747,2.004831045154775,-0.8343988738886541,-0.8678117911362236,0.3231459344177435,0.19229775793822385,-1.250849694820803,1.6917481667023468,-0.04482753642950316,-0.19377996815338006,1.2127901207287872,0.7482969827550974,0.9358474663524864,-1.3494883297545577,0.8992056871262405,0.4780304869189931,-1.4364447671196174,1.2056004638728552,-0.11029356254690148,0.1542878231029203,-0.6904078482560316,0.6326817621020964,0.025334493048605845,0.4026772909148912,-1.5070759328293772,0.4173560373046388,-0.22087733514542374,-0.07225086065681563,-0.9587842216035809,0.4921476739314862,-0.4445806125919042,-1.8736911330076975,0.4890001913538171,-0.5691052441987565,-0.7659136253110999,1.4518573861996031,0.2811163161756567,-0.16118566241820467,-0.024064211854276003,-1.0179955251265222,0.9810383661220232,-0.5945815625326414,0.0939067083649471,-0.6975434885870863,1.0943678924422804,-0.4711635771847658,-0.34898126757701753,0.0,0
0.7358730427423139,-0.781554476537908,-0.07302427787571908,0.9304510333412404,0.25851285194988266,0.7110342180331323,-0.027417917446102568,-0.1524158984160226,-1.1053508278127773,-0.19886517203863474,-0.21913869506309872,1.3656739983332895,0.8637044865903022,-1.7413322509925555,-0.2091136216404917,-0.40596223265072495,0.4960776848220904,0.5262269277861629,1.7893999358526151,-0.15427166484421967,0.3756473864633584,1.0378774417908885,-1.1630691627847098,0.3806295610891977,1.1719627555106291,0.7282274222718172,-0.7194425433503868,0.2825134772858907,-1.942048108832564,-1.1042140443817523,-0.4128627153834693,-1.4219492844762582,-0.6605533167786869,0.5979759326842605,0.5037709543575521,-0.7529789896820991,1.0031813478044338,-0.2713007669991155,-1.3175378855659476,0.3635684841643885,0.6019048458750003,0.928632588580468,-0.7634627250689137,-0.8213903813370301,1.3663954451595093,0.5945563461510379,-0.5161098561361079,-1.3867273225289491,-1.0592250248779864,-0.9238290323984522,0.0,0
0.2842305890058047,0.20018472379555904,0.6078499217610945,0.5270228464419294,-0.33906056032798365,1.0047891001462708,-1.0292664249680863,-1.236918642962621,0.2044259590244612,1.3581962119285993,-1.010048363064508,0.972284448023222,1.2944041533923942,0.041978381916890635,0.2766804070036688,1.2040045467364642,-0.8254454462894838,-0.1515242542723183,-0.16164942752720696,1.5643060982627326,-0.17069633580914362,-0.2271590119484665,1.042365147379061,0.7905212001826327,-1.7539461281806097,0.1016898751773785,0.7441273876108724,-0.1638893671439896,-3.0053048799879054,1.5496370920686835,-1.2967376344907646,-0.4450097753579964,0.3743017831932186,0.20086155346812276,1.0900687494455736,0.7673716423746669,0.3414298951493138,-0.9529386563053636,-1.9601678526958304,-1.3931823441893108,-0.033079192949323634,-0.02793468220536736,0.3938717367529451,-0.9318699643770616,1.3483735042980798,-0.7604294253443374,-0.1654390005252994,0.7604864611905965,0.5690170860599371,0.6195133575623271,0.0,0
0.3629708436427635,1.420201248567272,-1.5732303596058277,-0.24135783828087104,-1.0468062908214717,2.4004656468430654,0.9216810812779904,-1.7461633029047052,-1.1988111485752193,1.4169897707202668,-0.2593181992355875,-0.8044825460780427,0.24805694908089715,1.9111501939502902,-0.44033268125703867,0.7815680923348226,0.016475639239772674,0.4103185764635153,-0.2001416264272586,-0.6753578662429406,2.0402010014814174,-1.5739482978317814,0.4268258284949677,0.4946547336774858,-0.3351361969640775,2.2396139348162496,1.1498552387234482,0.9711305957442736,1.8451306091266908,0.22256307328139674,-0.07155924575960122,-1.0745407334382304,0.6310291187361974,-0.5963640382973715,2.3344120982468217,-1.2750332010150005,-0.6950739986074671,1.9368262638647291,1.6922778365342075,0.4954110378595332,-0.4494816128152497,0.9356902542075124,-0.09369889784336466,-1.4282403050908037,0.7188312222977792,-0.8341550093084907,0.05899129646289269,1.2139614743581648,-0.10317857719549556,-0.5912151538153118,0.0,1
0.3710006057749449,-0.6836316710181778,-1.0984384069227004,-0.6265529240440232,-0.08897538900020313,-0.4016097082851353,0.6041148588278892,-0.9976215435202048,0.8410219856937251,-1.0767210327284569,0.07808518210008128,1.004331046434486,-0.6475477170092887,0.716006722082275,0.28364231671556484,1.6445224914656638,-0.3779805989779517,-2.1906874834781607,1.5779487524653764,-0.6645324437767905,1.7261779477205337,0.8205262586756966,-0.6365443274184225,1.0081533322738467,-0.19000258109914264,1.4642722580386,-0.6075919432432059,0.20715538049508367,0.3509498674437861,0.4440923822287837,-1.4843114570780818,-0.8847661355945187,-0.3400142195465333,0.26636413709308704,-0.7004793512278594,-0.009510269024475774,1.0944745293906777,-1.023385828396654,0.2347641546729125,0.3374072960618262,-0.11914152312705073,-0.3674340030758181,-0.07970738090480085,2.167191989874244,-1.627820697583505,-0.056874152924156124,-1.7692038325024344,-2.401633851106003,0.3806883815442667,0.705589611085784,0.0,0
-0.2822248150643901,-0.20606077360831174,-0.4227298261050133,1.1645519254578791,1.822652765544453,-0.2260032108458969,-1.0839618838396718,-0.5252827324901544,0.7551749394088544,-0.09853089356232568,-0.5814907782444176,-1.5452370981651704,-2.4028927835909117,0.6277658567155221,-0.1139202028031179,-1.3840136225491522,0.6433017172035392,1.9407713506534443,2.282120781962535,0.12714167132308613,-0.8783039954039191,-1.1432720901414262,-0.6970211529762986,1.0625757165955017,0.5243514470484656,1.2400948743679934,0.1647464087624003,1.0757565219793153,-2.1057227458513483,-1.3176129202777167,0.4407376509460231,-1.018616061497223,0.9087307564934828,-1.0480264154531036,-1.1832662457839809,0.6764559799649876,-0.3007044687968243,0.009039812721852277,-0.22303392093348845,0.522731710356978,1.636723726877155,0.6058811356608542,0.17244004409392671,-0.5755054885075387,-0.11794896722697497,-0.37310330203381903,-0.2446486644661884,-0.4164505699491433,-0.16414652679100894,1.02768589901076,0.0,1
-0.6371529125459685,0.9729070906315,0.4782980642487984,1.0721344020708747,0.30752539038865195,-0.5145226227267381,-1.2774027969774342,-1.7655550919909349,1.5139113513642752,1.4282054215123496,-0.7320621422657028,-1.1876707417246648,-1.4780886203104882,-0.933835379768242,1.7551879664981398,-0.6447134633413589,-0.4121108537022283,-0.6047184718130945,0.19318041593478855,-0.549968537427177,-0.3497907231364525,0.037178862522336785,0.6106932551596772,-1.1673956666759502,0.5267599611175249,2.263838505939647,0.7140727313782448,-1.192849596170498,-0.4449245772974172,0.2448216533669946,0.019705122768096595,0.7334074586417128,-0.22273867758529275,0.5565659448667114,1.3727251496682298,-0.1731999925384579,-0.4001118635181782,-0.11886518737262025,-0.5692288866403832,-0.3630057546068425,0.2289920636538913,-0.0853148992717016,1.073346041936568,0.5233498152123357,0.399539684034625,0.536884135941738,-0.5740809340338136,0.6196065953785228,-0.5111233027993939,-0.4411246467997846,0.0,0
-0.6236060363994973,-0.030405219945878137,-0.7750419939038502,0.8387432926230199,1.3667561968510764,0.7066598886109365,0.2806380165759794,-1.0464924042534196,0.07048195345805805,0.38590510151498736,1.8917617344544455,2.052786130035176,0.9230695236797326,-0.463578567619323,-1.0784733459419629,-2.9224380755997457,-0.09382385822211883,1.9019500423829576,-1.0433276065782495,-1.1691225686000095,0.32071638221458004,1.9728059188639344,0.08066191880755888,-0.8582510954138728,1.535466169450554,0.29907192322765336,-0.5683310622219475,-1.3364275522141946,-1.7157935225076886,-0.016034212470426468,0.10022983006180852,0.5429179314971867,-1.3931853378313737,0.9060419931626696,2.1468349381629444,-0.8742478381050831,0.3643414544226379,-1.4840103354349217,0.2971753462965186,-0.5827515085465909,0.4029634685864511,-0.16178937899986173,-0.32059499950472514,1.4983325468847857,-1.0131163918790629,0.22800609949535056,1.137697530364959,-1.6688386641784771,0.8058434532650491,0.4189244291553865,0.0,1
-0.13359834856612746,0.14117314617938326,-0.959445175388698,-0.8915563297194844,-1.9519152605244852,-1.2102013625827543,0.17602485860887349,-0.6225597601122183,0.8256352925003403,-0.6758487752681555,-0.8033209270480409,0.7774464345403393,0.8431274967564601,-0.042123543785291866,0.2960798001203946,0.017741800711393516,-0.8598817292235191,0.15612381339552742,-1.3927330501681432,-1.1995043100549605,0.6501317753015886,1.7113046987608267,1.2771398083424308,2.116638027648724,-0.5393398177607632,0.4797399400677832,0.08909179117101293,-0.5405307012249477,0.3569815144335541,-0.4691077224994789,-1.6234989948406977,-0.2797008398645123,1.026810659333029,0.9783873062444648,-0.2521994301811276,0.11668148021839055,-0.7170986071223279,0.12446183056750078,0.8228731457201528,0.6681213705371899,0.7557259220197771,0.14128949465253046,0.962997702352978,0.4983642092883418,-0.7630021971510251,-1.0014519964751871,-1.8324130435475403,-1.1851562105342353,-0.6655655177578418,-0.9225327007606292,0.0,1
1.1405535457470992,-1.3488518366825957,-1.1019709974303669,-1.2482443325076684,-0.5759857708883805,0.3945914565092161,1.4373542039128204,0.14278179649343647,0.4855542298302832,-1.3427951224026369,0.4960379575031753,0.4039561039358829,-0.06733142708984302,0.4827397504270825,0.1685740933768509,0.7732271832543175,-0.5930639991346525,0.2824587406873917,-0.8285401759414949,-0.9860677231902548,0.9808694713895076,0.7767492662443269,0.4510936122392663,-0.6267526071736627,1.8078951063612767,1.4935346453352458,-1.1557868626882934,0.5658884836252028,0.5894378554437343,-0.6460926268916539,0.906845164321362,0.4496799666258256,-0.2780318629092515,-0.21620075790384474,0.2962366614071084,-0.5247364613954459,0.3392206417579675,1.092715477985728,-0.8540849720272305,-0.14337468878192186,-1.7051244881464331,0.6147593536362084,0.9868070129903692,-0.37410842414145595,0.28395837721856776,0.2573323238594876,0.4045007019321068,-1.1244978074049594,0.7571383299121273,0.7458661187890999,0.0,1
0.8038670445836369,1.2414073496048152,-0.4922990520943692,0.10593409761477547,-0.15675922704975995,-2.3337455290586293,0.06410245866566527,0.04321890030138428,0.11663067855482433,0.6248800059640536,-1.7622426727705658,0.05610504383535681,1.6143063584066908,0.08931432326191592,0.4862306919057725,-0.18435970544442776,-1.7233674707221056,1.4617932341357267,1.458979122254015,0.6277598522361821,0.7506044219901187,-1.0386341784587287,-0.840936752570311,-0.5742885793807382,-1.013485385708909,0.27353010441405146,-1.2195791320404834,1.9200791100828225,0.9306351443603356,0.2699749753758404,-0.9462551042549978,0.02841379126438245,-0.4213720557057165,-1.916548664091538,-0.5712511161196266,-0.02293098104214491,-1.09124119286933,-0.30071292294435764,-0.5170460864932831,0.1502446393655026,-0.9719272037961664,0.4798391918503425,2.542563399812697,-0.6617065988955139,-0.06241175393801057,1.912054071077392,-2.4610591288631816,-0.07995941953200858,-0.3615779502331965,-2.317278476898471,0.0,1
1.5308835833179133,0.4814946521025998,0.6487676120676362,-0.26018375420802364,-2.003893932779384,0.014354478233999813,-0.6393060830787606,0.5200397458150116,-0.5205049770765903,0.524130565159,-0.5131673756929538,0.05789355375374644,0.09607730894842524,0.2461080032241528,-0.03585195615877693,2.227682486354144,-1.1438186940931971,-0.2941895452098267,1.045120671845972,-0.4389501232968189,-0.9709276304184856,-0.241933864063401,-0.7369719164862822,0.9477487978020372,-0.17391864329737813,-0.8298384324846543,0.015335630738401128,-0.16151870668019944,-1.3659034283793214,0.02629780009423925,-1.1385099329562114,0.5979090876922483,0.30549523839476994,-0.6901257976463634,-1.6047178332449363,1.1637685461954013,-0.2684849462791029,0.4594576776683639,0.6104886004923241,-0.11695217672538355,1.6178673899199114,-0.3645178789034267,0.20118127683649567,1.4534402799423365,1.8619596703888703,-0.6070091200406221,0.7076507101999377,1.5899827209694686,0.4652661895219716,-0.7387410898086924,0.0,0
0.04663645993077591,0.3653674627353208,0.02897320241468682,0.16439988020774496,-0.3624121943282935,0.4330071799628501,-0.1489614423830001,2.01485089240174,0.5284805257485828,0.1908552994358895,-0.028350545672867038,-2.4527312829180845,1.2911980710980768,0.9162750087031328,-0.5034780146029001,0.363896925392531,-1.3204911213186132,1.550103882773129,0.5940241625934526,0.32665823511167563,-0.8191409935000458,0.6481490445253171,-1.5023717914003334,-0.03592275093377386,0.34550754146389884,-0.05621304109495908,-1.3237049610788008,0.3577174931255336,-1.035306457439397,0.6260227993018612,-0.3107198862859227,-0.1400361613114475,2.499511827681768,0.4632106509305087,0.3414430548076249,-0.20432697634432084,-0.5973767756085849,-1.6297893871811862,-1.0798483487175985,-1.786618448139196,-0.4061251004077883,-0.8188185090954929,1.6099086048085762,0.3683744899058987,-0.363183905538793,-0.4436754948959736,0.3440701360655396,0.7502554160403305,0.4617442274777378,0.3541080465604457,0.0,0
1.077869549102097,1.2966886595980176,-0.6677073691299781,1.3525148463965633,-0.4327845720684103,-0.3673483536654733,0.10595651411272032,0.4831732808672456,1.8879026087995905,-1.0979253266937106,-0.2596959494052327,0.05298892682056194,-0.8766508430351101,-0.6092080469657705,0.3609206022944752,-2.016739781359476,0.6207593881670614,-1.6521668736103483,0.6267220395156412,-0.7683888682702879,-0.0415052696078872,0.3563675138261351,-1.1086768485632978,-0.3129608353602795,-0.20500795495990545,-0.6059826110738427,1.8065156872878687,0.12389804330181632,-0.5796704662780365,-0.2122949368643659,-1.607208631067699,-1.6694723913065663,-0.12722794236279855,-0.30841109361717506,-0.3149211358125356,0.4273977033676608,-0.4342731900680998,-0.2454636816401351,0.7335956282700179,1.0745221078020155,-0.21768635329721855,-0.15107394888801062,-1.0463108062512376,-0.6659253995220078,0.8790321240764694,0.9821245347540062,-0.6794485372737618,-0.6366358921147195,-1.2711520086236232,-0.6438143084221281,0.0,0
0.24266689474924266,-0.7444115814892691,-0.5631353720915231,-0.7480864873471934,-0.9488703476531752,-0.2785157430960252,-1.1198861304403558,-1.008527221408928,1.0923299264503017,0.3607238406826829,-2.156615237989429,0.020204004758966658,0.8568170115687014,-0.11521228290364323,-0.7931449528712465,-1.580872761259421,-1.3571922861186043,0.8223384909768501,-0.7374070323231042,0.5700042146909161,-0.8396488918132036,1.1109668325206477,1.5419662695282867,0.2799595321336605,0.4891834441488821,-0.1119748467934899,-0.04605902622943815,-0.5419280426360731,-0.40531399449695066,2.3925345135034513,1.6055220688715803,0.017337640594728025,-0.732081398009508,-1.650596630831524,-0.9553188169018821,-0.5863302129167749,0.6010104420040161,0.04822941544318817,1.6052510234184505,0.5476063036733606,-0.8149744126641825,-0.9408064389129198,0.27807193065919,-0.6518765651051182,1.8117410939344096,-1.3017738161174437,1.3159034781525243,0.23815402170898464,1.1461862673554497,-1.9545819466120782,0.0,1
-0.4945678950854274,0.4230855270309702,-0.8224414778403617,0.5069381374697705,-0.17993733620209929,0.3703894846367082,0.027271117715030185,-0.1685157136450902,-0.21712276148334167,0.4645258708339634,0.1661557024991625,0.926783043753488,0.13769698741969724,1.3036430133596246,-0.27115321443067714,0.4843239203469637,1.165694334887231,-1.2412297140984758,0.8056509170732681,0.09336449105559284,1.3540266123006182,-0.17022158893947026,0.443447633463466,-2.8546537084118033,-0.06338059241152078,-0.10158435146238448,-1.1028534221302435,1.7063635344067074,0.1652983786649687,-0.31424241165239164,-0.05349060033596965,-0.0005263490528794848,0.03731163907004112,0.27072832322211765,-1.4913814359282511,-1.0784710850634929,1.0309634779343284,-0.023011721221999053,0.5808694327385729,1.1914490624694936,-1.2834509494214894,0.6930896400186938,1.567433052976979,1.3654068565283306,0.3255668802948218,-0.38501308887759533,0.8848635802838185,-0.8639781708150424,1.393996100895651,-0.6558825720572932,0.0,1
0.023759304557203854,0.8062057402588356,1.1589979814130351,-0.8011856325242429,0.2574404384011543,-0.4541810122686026,-1.190087697198153,0.15038648567397828,-0.09152152231726347,-2.9302361598240227,-0.05584741076996005,0.541509036643123,0.61539870098019,-0.1875318152443524,0.3616023226969383,0.6989490924013785,0.03133063452862616,-0.2735147976858037,0.983980389139418,-0.6169709615989593,1.0434981629513178,0.8603505022036034,-1.3793985815933645,-0.6851926586624566,-0.9875578976138596,-0.6686794968506934,1.7979820067367287,1.9375716824718558,-0.2811946083556984,-1.1541742672787558,0.4684184158734962,-0.1752864202882993,0.7977976274534139,-1.0861585988665512,-0.5805054762920736,-1.2806857083663221,0.11629776107543395,-0.5953421523499866,0.20029813759006676,-1.4888049988524383,0.9805881371125094,-0.3945123947502471,-0.5185766245761867,0.7609977439773502,0.40167299498548587,-0.14509287666424026,0.7624581619198362,-1.3319300518318986,0.5793280312825783,0.2736083501666541,0.0,1
-0.7439244297202644,-0.6573063830890126,1.7451542140706795,-0.3625504776549092,1.6625510169137798,1.0995910178042858,0.4520811305097207,0.572799780568133,-1.341392113666828,1.6667129268273126,-1.5483401097350884,-1.428653843829938,0.24249934757305625,0.6987519200768202,-0.1324407300438225,-0.5613392484746064,-1.3554011875113323,-0.042244153615528135,0.5241587455490561,-0.6213408780516406,0.6472747367314653,0.7578064578707393,0.7987496464488624,-0.7157359184456213,0.1260643359612778,-0.1986438392571896,0.011335100317753869,0.6365814663869322,-0.17136540702035336,0.7661184006622265,1.455712722802188,1.6358590984178194,-0.3601783302556009,-0.9636571547247644,0.7578658995919623,-0.44683275905597575,1.0349777606367678,0.7015568750479464,-0.6993364770249829,-1.5188232125901766,-1.0737164832944528,-0.4751414963314693,-0.8835371828349327,-1.6687034631654911,-0.5225974965044876,0.41498032891967385,-1.0764272824245742,1.189078642080051,-0.8565096146585774,0.23815200435407305,0.0,0
0.14973908417269424,0.8279210679238527,-0.2624760958495038,1.5944605410258028,0.5046206104543701,0.11132440809667556,-1.4267032791007488,-0.8527083547526813,0.01910970895385231,0.9502948025567663,-0.13443846977976698,2.0927077753822534,1.340320479655225,-0.12094147160106465,0.8768340982535221,-1.728718445932757,0.9631676090616826,0.20555428128200695,1.0520928491349288,-1.724627471668012,1.2634445040612703,2.392840456136537,-1.569056749559118,0.8189129168524482,0.5105079162033453,1.0880283345121264,1.0429368229376883,-0.886378165397962,-1.3579059672734812,1.215238986502126,1.581565868929896,-0.6544872639513233,0.1750119786854638,1.0430309939682092,0.5354797093598292,1.6197371892007617,1.0010894179272536,-2.454456296291881,0.13732903466615054,-0.3991326114932249,0.07128292367531917,-2.037217752440511,0.4021638766211987,-0.6562891128815412,-0.6240246601001728,0.18335201785879715,-0.10868537946144936,-0.2225694313736696,-1.1218452355139237,0.6468449329985191,0.0,0
-0.3974217444101073,-0.4463034577464597,0.06966681223551073,0.2571430809031723,0.8561460863899765,-0.3000151456293431,1.703157824981166,1.1725062081921822,-1.3179934312222126,0.6858395854118498,0.4221589930192541,-0.4495809485377984,0.9580128130133672,1.212444007258096,-1.668903289680305,0.4088149468729821,-0.5546759218631783,-0.2873713379173837,0.6524385994450967,-0.14704541015221145,1.9627725737121569,-1.203433841858417,1.32358897188246,1.038037673665395,0.2956949012847138,-1.9546150561049007,-1.1863756021423764,0.8253648952826005,-0.3116972668422241,-0.619086052272784,0.6771529816431727,0.4719175724048744,-0.5989787427767822,-0.2203685476357352,0.9792331501289959,-1.598992761386101,0.5650743471804937,0.056740559050146834,0.08511882916294478,1.198981623268498,1.25474006383792,0.48586820299209005,-1.2744499256380388,0.08886954242593452,0.5855332658647291,1.7187099327962003,0.011470718128613921,1.0797503198956564,-0.8443002292187041,-0.3749080050124602,0.0,0
0.5845484778734971,-0.6219520825655379,0.4665876177932549,0.3984372291446569,1.191812035034647,-1.705725371254238,0.2332614925768966,0.042953923575611605,-0.6605199829894721,-0.3079817980135786,0.051231969913319284,1.6658545322084657,-0.9040451428932044,1.5822683444294292,-1.3776004933727466,1.080695747358255,-0.1851659262902896,1.2057617927202675,0.5400054276794696,-1.389932857388086,-1.1333528154873997,0.7018750524496953,0.8201291442404571,-1.1121052841372774,-1.6246091643743268,0.014577836413722022,-0.08353416785595821,-0.4677080907761561,2.3375734165492568,-1.4187383250320131,0.4224794910852431,2.3424517262569355,0.5876611940358104,-1.2721214811492918,1.901427308194937,-0.3255400321660056,-0.9652988507603708,1.105404016158965,0.0073132018899477545,-0.1648493736302614,-0.9976594315157342,-2.4623109606587867,0.4065095121118349,0.7120985876350406,-1.3237335944666186,-1.8494754070506592,0.6740829925692678,-0.13528194998358245,-0.5083812304245542,0.4366786295136979,0.0,0
1.7645078084996204,0.5127497225738205,0.7614876231578634,-0.3783559448909101,-0.6478053062301239,-0.79534822104459,-2.4886836337339355,0.4577397080119104,1.1157072127560994,-0.4853159165770644,0.8613363517204525,-0.515770408933434,-0.6208863242742158,0.7390781122036486,1.316145791730582,-1.904219207343946,1.096756270867899,0.8426642023140357,0.6806513634711034,2.4191154401547914,0.8128488283467048,0.10047186447482416,1.3981155640272043,-0.4401499948716669,1.393369405803353,0.31976782769706746,0.753802352933959,1.646061344728296,-0.3210672039781466,0.2852642347176909,-2.6236162995896506,-0.4120329709143097,-0.4797191598298578,0.9565118140407568,-0.3711448640697487,-1.9614336365140053,-1.1249205282357229,1.522277657476146,2.086213719729498,0.8225602634930785,0.96969583024715,0.040699308135281685,-0.7351471456970967,0.11063667422798902,1.1065734291223572,0.4017600414335655,2.259744330053427,-0.27263500245572875,1.2458238230125134,-0.5660850979808062,0.0,1
0.5366081674740146,1.038449077947583,-0.7328584113791776,0.8612038519491191,0.4773742404590641,-0.26915809903798554,-0.7455571664350401,-0.6869827491803873,-0.16447925778966693,1.328254804396981,1.080154927350598,0.7011871816831541,-1.602937685690147,-0.7934649707343158,-0.3062702257630784,1.5963358144087918,1.2167174157104572,0.12096074196332662,-1.753445842109667,0.9270815959177454,-0.5744895211515023,0.3393376391977593,0.014168042421028688,-0.23859599594164996,0.5284497245819788,0.7740260125344437,1.336563245627038,-0.12591041084710544,-1.1265189649683152,-1.4200253048260492,-1.090512260955922,0.07347145868115615,1.4803579186535945,-1.2295433553317174,-0.7103313516830938,0.7715416601128019,1.3443098875136077,-0.10256519525264407,1.1686783294277672,-0.7983920216111002,0.5657645420997516,-1.2751183124822396,1.5777044978712265,1.7019888383964599,0.8174655980556277,-0.9123870249693254,-0.05409222267517099,-0.020283209084540416,1.0368725205316562,-0.13331145997695562,0.0,0
0.19959073975099065,-1.2411829643835894,-0.05155528078681745,-0.497994750867956,-0.8904901881013191,0.05279215697577818,1.210711327011921,1.123676213528299,0.882115076798069,0.8718359858827743,-0.9344053537784196,-0.2364423305838372,1.5800584003164273,0.8722022896273921,1.3733548622985459,0.428709599475428,-0.9169891671646432,1.4924444702675448,0.18403639341254635,-0.2553268631565081,-0.3331435576152973,0.6198290569090449,-1.704977574894854,0.4791689819261258,0.006307042534428057,-0.9496886431871288,-0.42238509893370974,-0.3808504998355925,0.43664500498199893,-0.5159314123142326,0.5669439351781018,-1.4608945041340895,-1.1585537503911267,-0.17590896214918653,1.4748024654716776,-0.7556635854148253,1.0433459858195722,-0.5142108592026507,-0.06362266914549451,2.220877068094122,1.0948130948006791,-0.019033300815770652,-0.07288160077245752,-0.3062588004737952,-0.7488473256398983,-0.5978846867511168,0.4727790876568122,2.0113573846906982,-0.9007992819179728,3.1310360699844644,0.0,1
-2.078214814622789,1.0050992537796946,0.6371117834468663,0.035458160849556206,0.29994039256082444,-0.9163906247394884,0.0820677882392602,-1.2740934900093357,0.6728469083522031,0.7511949978377234,-0.4832891696201144,0.7947733048575893,-0.9854553268553138,-1.4882011673819409,-0.8589355586326812,0.5137098336967282,-0.3343874854077356,-0.4585974690595195,0.5273597437229802,-1.9891103222512896,-0.4557529562469148,0.5458743831267349,0.5066079072213238,-1.016620253601448,-0.6710647136830872,-0.5977882522503662,-0.4861245395354509,0.2902791126774662,0.48576931570176796,0.3050279488644309,1.1553784495398756,1.8158100668306292,0.9114525418998732,1.8091055457027732,-0.5207565272418806,-1.7545074506732483,-0.6133693697795315,1.62950031306278,0.21676132277643284,-1.5746118982982706,1.0397499906714402,0.7783554708143552,0.053277236034063084,-0.0957065299079744,-0.17465217626373492,2.3430490773298778,-0.015235374011482462,1.5043325477767229,-1.2133939403448053,0.5313529076447134,0.0,0
1.4834195822558545,0.7836590317428934,-1.8713295337307267,-3.1894106955810515,-0.03707663827976882,-0.513485373544262,0.6123241759425821,0.34830998148571807,-0.4594072643537048,2.3047504346581014,-1.5737798521524515,-0.5669868581856519,-0.4774367101362066,-0.8497830866006776,0.9670434460793084,-0.21079770034379366,0.8782318169365995,-1.6580936599341016,0.938666018722332,1.7593625005227829,0.3324818312295297,1.0545633037083748,0.5383739183868366,-0.3831768103813317,-0.11244052732903706,-0.6877481748408373,1.2908070783938927,0.33047509028854577,0.7565420327939265,-0.4564785760809921,1.5119616064449666,-0.6111749068422773,-0.6084910292787886,-0.5385492644758265,0.627780410543822,-1.0620644316251198,0.23807731059746315,0.4421198188491274,-1.0506480772537925,0.4592358658374248,0.6015475249915803,0.4618600126569368,0.8737078095946482,1.1438655643954023,-0.6734955497825013,0.9857387155042892,-0.905463283869916,0.32671377944099395,-0.6956556947492848,-2.680438965925191,1.0,1
0.3545209093810152,-0.4860020912872608,2.0956170097482363,0.33759846024826945,0.9838851309986151,-0.39319326526700704,-1.1643192289129096,0.8889624427830711,0.9062435867335474,-0.374032285667366,-0.09225112207488682,1.5377546044950048,1.000738717772647,-1.2740027807896988,-0.4386566617390754,-0.2523345621322415,0.035747459394801485,0.3011165784474745,-1.0770890503569062,-1.3645336363005476,-1.1669196976396259,-0.4074441244818929,-0.4605870242746328,0.030890658925325536,-1.2198386221117357,0.2548237666764427,-1.8555052278023896,0.3618120726829928,0.07657960966094456,0.20405494638346824,0.7535314351108864,-0.3735176757029319,-1.9118314335919429,0.8102659698043533,-0.4795038857775517,1.1474096186499263,-0.3535664528953216,0.32190889353333585,1.2278698848723186,0.5939971934772847,0.12992822917650382,1.6511107570491794,0.4530220181809646,1.1519436567038708,-1.7261036789938238,-0.6751250454737928,-0.62883057265574,1.8376691732864203,1.9461330248576385,-0.9454714306924474,0.0,0
0.3366342444719208,-0.937681297020279,0.2383519558703828,-1.7884337471841087,-0.036939072973233934,-1.2484724330080008,-0.3684779740703501,-0.9049286220007148,0.5639611647151102,1.828674719597756,0.6229018767532845,-0.973244585556538,1.4834063162519515,0.26938814664467897,0.8304757158902845,-0.10487725370323718,-0.09430609592939856,0.7315085170141424,-0.7009338839659387,-1.7263148884531183,-1.4431113730530831,-2.5155974217149946,-0.09066845770595827,0.4454955421294451,-0.3538897928134712,0.2946522053380837,-0.9271979009707983,-1.9586368382971937,-0.6192585557718137,-1.533310585658763,-0.16289348372788395,-0.6218960418355682,-0.16389170537217307,0.3021823891516574,-0.28531982960327434,-0.2688191025681585,-0.989608214976308,1.4465571860508235,-1.1954592011419138,0.517165348562879,-0.3043915322482125,-0.9884530372349772,-1.1954301403597194,0.13709631344714304,1.5886059501642948,-0.3148353985555968,1.4743640573552388,-0.6570150868115805,-1.1400790836324337,-0.8126606912377741,0.0,0
-0.1379651658307372,1.4089864513688068,1.6048061904782138,0.8030004344714844,0.402957609675466,0.8364364744418513,0.3071301628386384,-0.18808344598980367,-0.7031104332145544,0.6192162397511034,-0.5881419083894079,-0.11549931083159345,0.452453448661529,-1.3543168266480792,0.4293077535459072,0.3825881941151292,-1.2017025016201293,-0.212979855756334,-2.3414803014067225,2.0078552592637857,-0.6729391334284165,1.0557823458929023,0.4034477859003052,-1.1867838032397264,1.5268207662757192,-0.1645584924670392,1.7314818824908602,0.2274696566336929,1.1039925846119423,0.2278750484871673,-0.7239868268193845,0.1970418974326849,1.3454787539278743,-0.6189172778507369,0.5047356586975794,0.5434512629996925,0.4809837726899176,0.7156183784160807,1.3306146933275644,0.8130679631103035,0.018560073551312402,0.9372412897910859,-0.2249138146127976,0.10629262035117043,-0.6172070336749509,0.7545461797127063,-0.09144151180634748,-0.015693781213789466,0.8011883032746879,1.7288543576294215,0.0,0
1.7991770141841277,-2.6879016641723634,0.06982906781708023,2.8168050873802826,-0.6495402844604785,-1.3857223734272155,0.7922573804046651,-0.8574511003468496,-0.27965843069511764,-0.08359867065976584,-0.7439308388600686,-1.0138337150108925,0.4430894679317423,-1.7574406252396095,0.20075176217910112,-0.04766604994868778,-0.9184461285521559,-0.2099174756719002,-0.4177393949612935,1.5793519824692517,0.5149017534445435,-0.8095371784775446,-0.3742097523525905,0.7060958030608553,-1.2857324631262768,-0.3480461887315979,0.5443813783970693,1.3648054235162377,-0.8623100418482452,-0.2908533819919891,-0.09530887972085277,-0.9982313995386718,0.060022408745689274,-0.6849720983995667,0.3703644577737853,2.1206891897183766,-0.7681847554059122,-1.7413695066498518,0.1654608182001994,0.9279331556645742,0.8103011931554329,0.7324193096481819,0.3319050241500972,0.8358260602060116,-0.0047509991468692,-1.2119686822378035,-1.287777401795135,0.07231352971590102,0.349900662641067,2.399929446019253,0.0,0
2.10256976433251,-0.9865815102787022,1.2210015344256002,-1.4771603328400722,-0.06911508447411642,0.5798115196320179,-0.2486700053166589,-1.1202946982678508,-1.8289479919717115,0.5410770186532279,-1.1314515779936578,0.0931357699617449,-0.791531273570237,0.5982403652905638,0.11022554382099407,0.11051639134300756,-0.2872449619104386,2.6087668504345567,0.2106585545319089,0.6168819896758002,-1.6695541164945626,-1.9089740402317623,-0.3374600152316942,0.09890617204788783,0.4235972005387552,1.5963575767543563,1.7227749158618777,1.5054591529085453,0.2942182008748776,-0.7039668117950818,-0.08583782588795201,-0.6616599263275891,0.8421665542812559,0.3654041139441958,1.0022621961306093,0.8281691692540059,-0.14399722704055665,0.20327787778262574,-1.2025294694436643,0.10850431814691504,-1.2512415178210954,0.20397370684781196,-0.42473848592558144,-0.16721480411368514,0.06976842935438239,1.3042834018934546,-0.08460877453844312,-0.17772769954709292,-0.40551797607609,-0.02250557169937733,0.0,0
-0.9744269632117412,1.3473062628479175,0.0533471157121888,0.4818728157160401,-0.29161721584791755,-0.12750501049248408,-0.21114407157024104,-0.5757005022880481,-0.510911002300909,-0.2571213910725718,-1.0116109319586963,-0.4821543704570664,-0.7711231527838966,0.3005855858213286,-1.0109665078494343,-0.4600524551775814,-0.03946953091841515,1.1164432975466492,0.18288299839098,-0.034336427873774965,-2.2298892059219124,-2.9181673663631966,-0.1299731558830459,0.9967173970456056,-0.05475489421902901,-1.032207636386348,-1.7026811937070274,-0.8181714128047655,-1.990617758786288,0.462925108283911,0.9302251587291386,-0.3910498236280215,1.097107579062785,0.903048946684204,-0.9992483655854864,0.6534357856503863,0.1665520180776477,0.7512617506269373,1.4227377071203715,0.8652841432627028,1.5623572366241374,-1.2501421019979224,-2.0549747924184927,-0.8353169511032421,0.1948340308224281,0.03296849565543036,1.2456029437005307,-1.317733718864882,-0.8140584891150626,2.8372607527110665,0.0,0
-1.1279144793304938,0.5353613949587689,-0.38319923242397613,-0.6141032417333198,-1.0419298420084788,0.4590844944778197,0.1203098509078356,0.3421374801271261,1.2067445813485884,-0.19386252922852468,1.2680837098217106,0.6859308941504475,0.16531931441848774,1.59446896509361,-0.33651065480870035,-0.03441300470959016,-1.4165893349949092,-1.40552963086532,-0.0398601039221255,-1.4982231686608851,-0.5388907372335653,-1.4771704049129222,-1.322445121532987,-0.2234305415068477,-0.2545609854546197,-0.8208503007927405,0.3749935934999165,1.1519266682582807,-0.4273442341804379,-0.16843445352878916,0.5177075742227829,3.0104167725453514,1.929879212929844,-0.6534949353500176,0.501952769716781,1.0116564416827438,0.8614751185888628,-0.3643613723237779,0.21964210766669512,1.105804353582181,0.7710642178276047,0.7741591316690198,0.6218424106988204,0.3758657822697987,-0.1756134507182685,0.7526880730489618,0.6615632595437304,-0.6613186887002394,0.5806955157610356,1.641603962315043,0.0,1
1.9197293306172665,0.26916841766412875,-0.06555347420922951,0.4288237633728721,-0.5871369986524194,1.579726759742602,0.028038630554957984,-0.18001962147913966,-1.2184222978058843,-0.39611413688903613,1.8498637960922788,1.7497020582588392,0.2672225565824422,0.6173580809437256,0.2411367596544892,-1.1686187915523172,-1.6674434542089418,0.9482036802903592,0.6628736077566039,-0.7420583382201202,0.2851156432135819,0.2789161951838956,-0.5292824347207578,1.007986864025774,0.5932558670920841,-0.0626116241283304,0.3261369524348763,0.9077726484438678,-0.8783434999628098,1.1314012743559356,0.6924309377094191,0.07272070726632422,-0.06106267706463137,-0.7098624799783397,0.973124855228722,-0.8019162459049709,0.9865323985082112,0.9009078321675762,-0.4047359751918068,-1.8127356712927396,-1.522037945862462,-1.3805998480614474,0.5004946686942481,-1.2677814807717505,-0.07341140362689197,-0.3653631411168754,0.8593644811682309,-0.4636161195847988,1.2272422633543931,-0.3749835753066475,0.0,0
-0.715618019019992,0.2622426723070498,-0.5101436195102315,-1.3569906672548178,-0.131998447381007,0.903848514428252,-1.7158990561798604,-0.20947787171279114,-1.326795475738218,-0.23232069010568734,0.20068949824157645,0.6912021815308508,1.657737730090029,0.3849504664375574,0.5544925439444923,0.5076682493624071,-1.2405370409107674,0.05734112610877674,0.6423041364540385,0.19200685928011887,-0.94052023580203,1.0905247607494928,1.52893816914833,-1.0501465272416737,0.9997543616886576,-0.17053701212814018,2.074460622938404,-0.06853438863621021,-0.015927405624260378,-1.8677076059708408,0.3102264231256615,-1.1272606673367196,-0.3712983113869188,0.11395775860522035,0.5324509884125112,0.015655049995569183,-1.100646193492968,-0.2367041185890824,-0.4889646347211544,0.6373717593834699,-0.7442403126280365,1.7134754567518482,-1.5199605960189315,-0.9148446167933906,-0.17424072314459926,0.3916638963817644,-0.5503419142281379,1.5759408114746558,-0.2479798766519269,0.4920770210130851,0.0,1
-0.7180975847608971,-0.07982729399433316,-0.16518764269352096,-1.3450546100897387,0.05572058464497374,0.9439327710061856,-1.3054609925843246,0.22105940927328765,-0.2397091327397716,-0.9323047767008518,-1.3900813834655292,-0.4996111835445973,-0.4671536594401177,0.3975507906105747,-0.21372058519611892,-0.7169884477032991,0.8033838916631127,-2.06735086870676,0.7978717070510355,-0.7354589794385927,-0.1037024305662334,0.5679626425280547,1.2161183491465466,-0.444602604297795,-1.2273789337143175,0.7950571287289097,-1.1967819919260687,-0.8248611842124185,0.0876950881606698,0.1689870562715536,1.067992137738223,-0.3675427062931358,-0.8477909694645851,1.1478846751398697,-0.05005388336860272,-1.5480864950020972,0.0650707228124487,-0.11434217405723453,-0.4216026838430989,-1.0686620288158029,0.7524226098474757,-0.15376066131343466,0.31590414891478785,-1.2366666662406172,1.3913933075844207,0.9167768731824548,0.25308591504818245,0.2834824988854908,0.6747508713537196,1.4551187158069472,0.0,1
0.13164980299727586,0.0260879813634245,0.16351392638761622,1.2031150791529996,-2.2881718116368037,0.3263183957460586,0.9324545503312324,-1.5428076849376775,0.5321663386328271,0.3016814869442293,-1.6738479535587003,-0.42577427731309614,0.034892216348769885,-0.074420690184563,-0.20444380407058546,-1.3059032188996778,-0.4051928934442359,-0.9951406516532136,-1.3020888383037994,0.369549299226581,0.20173037848298572,-0.6040151266569392,-2.029826823838532,0.3582912403460463,1.3853974833054823,1.1603962344070862,-0.9925480740453342,0.3364398518650484,1.1325957875578634,0.945478205716244,-0.3403916326710912,-1.0272516616730123,0.027893614452784144,1.3861799999292737,-1.8449402069552983,-1.6006884306227815,0.6004792610695434,0.01087159238798882,-1.5249964641582847,0.6940480498542348,0.5528777000344557,-2.30753706526602,-0.038046433531327285,0.855189533074348,0.02200670870616621,-0.006775294723870977,-0.42327190942463255,-0.3012226253255953,0.016712228197204058,0.4812357860770276,0.0,1
-1.9847656842880923,0.5758710576393591,1.0075626133704851,0.5722161107061282,2.9135226718308376,0.1002860656264671,-0.28893754895810664,0.1043453247602608,-2.089693005418685,0.5129534373110781,-0.6522043816060981,-1.9154105152602812,0.6270412816687749,-0.3144162601467478,-0.004574037715928846,-0.5400108728243541,-0.2041197482245763,1.50311664774474,0.4847060212334893,-0.8794489880822758,1.1616162690154104,-0.3988326186817727,-1.6492884989563914,0.2816148471846439,-0.5440329134199041,-0.4642237973097478,-0.04133918656400583,0.05935706524280757,-0.14734594025826467,-0.5726446392374754,-0.5099012339192107,-0.9200408075693444,-0.3421913620841872,-0.2412559918952711,0.10802360851536752,0.05568013541390274,-0.2991759391228142,-0.01137834005777173,-0.002617739660885549,0.4179784879592423,1.5332510214043256,0.39491407074838303,2.403855801188337,0.09450362015134396,0.7071693215690049,0.4640675321153828,0.9017628265009529,-1.8801772749159704,-0.9776688950246636,0.8209573354518764,0.0,0
-0.39836270985380096,-1.930918004029586,0.2445826619878673,2.2224074222601202,-0.3243547057030026,-0.6178768442756198,-0.6654398466919641,0.18253263971748346,2.121912239801479,-0.6024074251161496,-0.769345239295344,0.3899594089052063,-1.6210511649338926,0.13318227408713662,-0.6200989512013586,-0.4667396236964329,-0.32888640638738315,-0.7004035803947456,-0.8735464434444751,0.07598464704827282,-0.4145715894158734,-0.010500037971197872,-0.7704980292643382,0.8325472047100615,-1.6597798032910709,-1.522623570285866,0.7051877549768064,-1.0318914948740447,1.7591664661442348,-0.4887855798731255,1.5994144908413792,-0.7377188591386202,0.3093153302007192,-0.7820856795628199,0.3188683807417303,-0.823770517369552,0.004372913867598761,-1.1657506637386117,0.16067275552125995,0.019545593169544614,0.9876945263009644,-1.1288656749145145,-0.40062604659542056,1.2652734372538987,-0.1173219904999656,0.9920606946494206,0.3102452909778145,-1.9984011397732329,0.9548179116870495,-0.8203406238350928,1.0,0
-0.5695801833680065,1.170655445235189,-2.3692108090988104,0.4894027439988916,-0.6070287771574224,-0.4301463413299013,-0.7737835917152279,1.061566869959526,0.4704560011191074,-0.774664045120592,-0.07997410819286455,0.7119712417270914,1.6485031858855226,-0.3803863117192825,0.4058939159590244,-0.2283972864514165,-0.2266773259482821,-0.03880816406565864,0.543017062950524,1.688478447403034,1.3778456995560142,-1.7407609759750886,-0.7030036816319852,1.0536175830135892,-0.5762923208164987,0.7188116139987988,0.3521916553908717,0.13347496076273274,0.7920186607773976,1.4879510090850687,-1.5571891217967662,-0.7037536111016233,0.10545731897811797,-0.4338159061489976,-0.24867156137859084,-0.14172727052305345,-0.4880198438525966,-1.5770871536663933,1.806489291195176,1.0786958081641038,0.1039821829392176,0.4574721597039236,0.8148082638616289,0.13729335279128,0.0648777768719648,0.6295645683582185,-0.4237691584987853,1.8776938888779695,-1.0194323597073605,-0.9767570935732252,0.0,0
0.2653915289607453,1.9149116430357327,-0.1933685157086208,0.356312694743308,-1.0487511432128105,-1.0594562203703703,1.3308304218751097,-1.0195043338632288,0.3524322305826219,-0.9018159633657002,-0.6327013683008658,-0.35952668114815434,0.6374081664217502,-1.6094296123284917,1.3876626381450248,1.5375527217507483,-0.9825691121063741,-1.3736363597950003,-2.0684934995945583,1.3335425330753503,0.19305745131040544,-0.8448337348620389,1.304838223230259,0.649228173125619,0.9424295040385698,0.8798225360378422,0.11923003401838438,-0.9446115413102956,-0.9774655314098104,0.9217363638755028,-0.8754999434433722,-1.3424564039596512,-1.3405773396645249,-0.3112558411602437,-0.014779034621355281,1.1264461060836972,-1.4171894505781544,1.0004732025595129,-0.1848012697956936,2.192341133000062,0.15582362262659008,0.5556113996055615,0.015368639894608457,-0.0006442826601729482,-0.06675959570625042,-0.9339718350066836,0.4709211082520362,1.647485071908067,-0.4068579123707171,-1.2312132780358729,0.0,0
-0.286005513837692,-0.5574532997435042,0.6224471578843129,-1.6620357048380645,0.993519425269256,1.7661449352073508,-0.04206273169296303,-0.8375589884851591,0.0026268984360230552,-0.050624726813628736,-1.3660759926567891,-0.878353405943308,0.8999322492016708,-1.534533565172847,0.2896735184134718,0.2865715557603464,0.6685662593516587,-0.1088821541724385,-0.09362140951614062,-0.6129948254081302,1.423474508290299,0.24936811134132444,-0.5790799821323438,-0.8506366453953405,-0.23650472251781665,0.1075370220457182,-0.9861034342792422,2.5310636742717656,1.2074552187007468,1.2961016722618262,0.19772477923789064,0.9555922963842544,-0.7164085700006256,0.5133998592765469,-1.3832711179858408,0.5471260688661782,-0.18708520750690733,-0.11804231599653285,2.3128661567398066,-0.13014774555263275,-1.4727844650392994,0.2502371052535412,1.0440271763610451,0.4653728706875525,-0.3250860029210793,0.8666291173660139,-0.2600116379748076,-1.5470429052728036,1.1187086462707017,-1.0865491791449426,0.0,0
2.394449904318733,-0.3417243869151346,-0.18094450147374236,-1.702656377265858,-0.19517760913956927,1.1899367342307954,1.5922947827762266,-0.9557662217080716,1.3014087440737296,0.8951420180027744,0.8194196797067302,-0.0023156874831570013,-1.2427410426272292,0.5006007536121575,-1.0680552865425894,-0.7549484763019472,1.821791401902688,-0.8970799561559064,-0.6511301210605395,-0.9636822220338014,0.5754434364623242,1.0053358669641042,-0.4450393786296536,0.24831584825613265,0.21265779931698656,-0.07218208035240715,-0.2281549170369033,1.0680170709026895,-0.007691185646025928,-0.13523938452889425,-1.1982354281509389,0.7031468046860186,-0.0194433801690869,0.35482380921158224,-0.22801925952114646,1.2918266987107154,0.28871744804542004,-0.9032735621950532,-0.3401634191841289,0.4766646604054392,0.8553989666015539,-1.7152447593007232,1.5406909465210048,1.4872051432776967,0.4043049116279844,0.7592119133117292,0.2421353415096941,0.9027388725415264,-0.9121237819889934,0.21134093302317944,0.0,0
-0.6963746131138607,-0.8369024042846139,1.0084173747890437,-2.6415290827808318,2.148812850243618,0.7515350479275433,1.370595823762453,0.019601861142804503,-0.17928164543939454,1.0945356390656586,0.02765345359024466,0.4176651466611861,-0.1791556887829328,0.1529523740202134,-0.102539037000659,0.6821903169024981,1.6887379342334845,-0.4917889714393775,0.21595681998271388,1.2363860566700513,1.4737987965034958,-0.6153560056393916,-0.9385492102115166,0.7743582355750674,-0.5590355880050483,-0.5449713341272272,0.044878640385058385,-0.09008200867962617,-1.3170396643058349,-0.2739414909456634,-0.22312287933845384,-1.3147787541968818,1.1766343534144093,-0.6217243086368167,1.768482687499486,0.2706024600298239,0.1916019013122404,0.09778398848407792,0.3742224497943272,-0.042451435397812834,-0.6970612577699993,-0.061749367364739585,-0.0668183038495612,-0.9106383151150368,-0.7942529704640803,-1.2634645198502796,-0.7697831327665455,0.32436318767776723,-1.9182656091817192,0.15858873015179553,0.0,1
1.078627991217245,0.3717712334300368,2.9487230652019867,-0.14715395902636386,-0.20591645576383236,0.37164254459443935,0.2846176750006633,-0.4910932294517483,0.010968429063968086,0.12372506549139912,-0.6846991343772734,1.6541517895839797,0.7698333708524193,0.4244296685188779,1.2409354669956747,0.8483723036875614,0.8035290911296253,0.193407051170358,-0.465893501160087,0.030713042998289343,-1.94395243601718,-1.3455154055088012,1.17101719588564,1.3574209871589882,-0.2280922650379676,2.3417074598505008,0.455022394814779,0.1874693316800093,-0.008566832781042184,0.060160669181492835,-2.4095247717027415,-0.7429387058626741,-0.3326917630547583,-0.5952871290741705,-0.04856957840261015,0.4134243652106817,0.2758251000787436,0.8251542870067746,-0.049942962606452285,-1.5256739410972675,0.027798415985973275,1.0848994725909251,-0.13480413242150385,1.8940352052518503,-0.5638367893108515,-1.0271181309093,0.5654465039147989,0.7660744337663368,-0.10361065353019516,1.0871480866460457,0.0,1
1.08620496088149,-1.3781730334197912,1.3661017275866412,0.1246887678853462,0.07639713849866614,1.5813518955018793,0.4981847343859028,-0.0664943950323198,-1.5123651508129563,0.6482250743774919,-0.6079760209407017,0.7372583800803524,0.2143997163176343,0.9519819317652448,0.7763560965075188,-1.330764413191593,-0.1318020529431581,-0.6460309448756091,-0.2700283705031446,-0.3056553170485619,-0.7636248246931755,-0.25293526335431404,0.29269324958925136,-0.09531149661612304,0.6241884554569981,0.5662044650975999,0.2739958882433381,-0.13896957500793775,0.3180863772525196,-1.3501000868367674,-1.6156282330480982,0.15220771687287052,-0.4861272980749917,0.2871102979003047,0.2308948960094709,0.7682413672448334,0.8549474937939928,-0.8463120023423855,-0.5703618276108879,0.0977351629698108,-0.15754855183781508,0.4592686364698895,0.12588557501486206,0.7737789522284402,0.3636818291636093,1.4904828952586886,-0.12544558197024175,-0.7646252466884236,-1.0820748965155595,0.8589857279932387,0.0,1
0.937681396475903,-0.5635228216599585,-0.7057497162951211,0.7710030175558767,-1.3537829303913451,1.7047618746097557,-1.3788202498982802,0.5515300572367041,-2.030645944213147,-0.7050302749358519,-1.8985555858662435,0.7558649441767777,0.5050850566754747,1.3964888995799842,-0.3830805615666941,-2.1144345525365837,0.33515615900095075,0.2703289209568809,-0.28549526410118004,0.01920477976582095,-1.0550682739801174,-0.9590279997625668,1.100268724710083,-0.5863473456124771,0.17018055269639693,0.4689662521155649,-0.04545448385043449,-0.6565712734290795,-0.4999824279650842,0.760077181808266,-0.8305912998072492,-0.7214519370129743,-0.4334112404880516,-0.6819034573291101,1.5712270485663518,-0.3669323749620549,2.1015455814719592,1.8010093543909875,-0.15065992928952288,1.6828823019805268,-1.8093206688777703,-1.7925804321213257,-0.8781838631091559,-1.1594733526993446,1.0392067120128217,0.606964700440644,1.9537230219421284,1.3102484474158034,-0.7170016011730634,0.4052656683224686,0.0,1
0.22265503965103572,-0.3308077751859209,-0.5086653133736857,0.4496597515203045,0.08053532240584531,0.3162127836224002,0.643374895825349,0.48576362166000703,-1.1397521833474495,0.5556888260458878,-0.030604980482475532,1.0652705220645011,1.2896891922328746,0.2817826099282805,0.005753864229165571,0.7101471998822378,0.5625733926515983,0.17240115651563426,0.15508917151470722,0.22545383254603876,0.8265369294172396,-0.22725088066398336,0.2564393440007717,-0.8357285114731954,-0.4327849325827144,1.246488692215192,1.1390866192065676,-0.25136605339310936,1.2594965953788857,-1.611938309785241,-0.3051535694193994,-0.6039268282506038,0.6848749376442028,0.8111453794103605,0.4406570373315465,0.6526533235988301,-0.5943573198411698,0.8694775503866435,0.7054538139789494,-0.22168019989100468,-0.4226013110060811,0.451832250817921,0.06302480385264764,-0.8524678230997851,1.410763176062766,-0.4458295982106993,0.6924756709012713,-2.526224738872312,-0.6446827030372682,1.8823877249198817,0.0,1
-0.9120225334205412,-0.7596866959171419,0.8114059687983343,2.1236643383502765,0.048660644909722786,0.7385368102883839,1.3707497535060011,1.4218620716945511,-0.8264822315114313,-0.4596338039451628,0.4549543244816215,-0.5935051199506133,-0.7085220214856293,-0.006612918525476172,-1.8505600796270567,-1.0343692162887808,0.12824191410439342,-0.5446225740839,-1.9139569775070264,-1.6525381560630832,0.128000657409379,2.389772755433794,0.18070394354885808,-1.3561323885478898,-1.6070541644331802,1.282627042281956,-0.19154391888228706,1.7156085585592915,0.1191989094666869,-0.5135949378571601,0.771910358945895,-0.4957612508023029,0.9598311551300172,1.5559025022969166,0.009554223841945186,-0.19275825276076186,-3.4900327457521314,0.9167335662543906,-0.7808655917526579,-0.9943916324363878,-1.4080411390283945,0.6772740482807831,-1.3455743708422858,-1.3113574345404335,-0.025499837151572027,1.1121534487008318,0.5668107984472985,2.4186015634552303,1.4261464504353292,0.28220920807392313,0.0,1
0.33123462196256553,1.2040145087656722,-1.0698634000637115,-0.921059163754238,-2.1308050995998773,-0.17445052608106051,-1.3702699061028651,-0.7255556362605842,0.7770217341789399,0.011119817846318924,-0.901485422709009,1.1788608156754494,1.3093763657179238,-0.4909924945657581,-0.9579209530337393,-0.0646096259413517,-0.16101767155087754,2.519657214589667,1.7804962662998318,-1.011986486333579,0.34823089391030704,-1.123119734195028,-0.9798257287843892,-0.0010933787020506274,1.0268250602991158,0.5333903908173779,0.15287360416637308,-0.37807366203559295,0.6753639757856785,-2.0136384699257723,-1.1323288097489166,-0.5113392304826306,0.8019330314650245,0.8719026922193555,0.8961898917827248,-0.2312832002248657,-1.1156491872631995,1.2441470822202123,-1.204775953881502,-1.3147301404150435,2.0723401094885547,0.4360716235298453,1.0560631765147357,0.5232423051452677,-1.0567864271946128,-0.05038267465063707,1.0913395260389571,-0.33475740531166337,0.032900262979585634,-1.1443243664880038,0.0,1
-0.6695007176679969,-1.5806062038469926,-1.5032624305866689,-0.8736565210703425,0.4527010802741001,0.5709133448028308,0.9615325981115802,-1.4043756182712612,-0.04102465009370496,-1.163828593626624,-0.6467865841497755,-0.2056553343433841,-0.363422708761228,-1.0580000751856886,0.6105391722984104,-2.400972667135437,2.3944531365025905,-0.1238306107494442,-0.4527875127438708,-2.116155764729041,0.1184341828423254,0.004168170075506432,-0.25971976511017525,-0.1955838335059691,-1.6590427182455318,-0.3555423294676968,0.20509637533842606,-0.5596444600520981,-0.030027570896990107,1.948533917651736,-0.028301547201286782,-0.8833229369310625,-0.2468085885202015,-1.9099094737040665,-1.8294126446748955,-0.7376020289227093,-0.37757863620444,-0.8019778571159466,1.3002403541825196,-1.49409997898764,0.2613188286067181,-0.4802405113622136,-0.020974869175941147,-0.10115549273699932,-0.4043568517718801,0.24674271224046826,-0.18710975073767336,-0.510722041169834,-1.4294771561382418,-1.1540135669886753,1.0,1
1.2366735118492929,-1.8524604591922995,-0.9273043339045921,0.696960431744729,1.1623956350894389,1.2986410404394508,1.0196374214405306,0.2979128287351963,0.7074975233084211,-0.6864006288800268,1.9187725506654507,0.08714211429675567,0.2426460485198985,2.6503813494499693,0.20271734769088184,-1.3217725845252484,1.5030385720938684,0.2470074782824573,0.3988352839725992,-0.5708351130425673,-1.1358574194342759,-0.36830595345384826,-0.04700843544669283,0.08710022277011291,0.4631996753540375,0.5441605094335039,-1.6379303338444968,-1.6696781416395756,2.4854352594111813,-0.16100722039743368,-0.5732138726566953,0.6027799881364263,-0.05674624078471663,-0.09903884419846046,0.37616226641194783,0.16740188760794325,-1.3927093765342555,0.3860179990180781,0.2252580104306305,1.2947083324884834,0.9421770557695532,-1.3366481242229995,2.183094667927916,-2.3110461542231384,-1.3039212414690935,-0.004151874538630418,-1.0454746060234297,0.4372783480718375,0.6795965279093455,-0.10625840075551443,0.0,1
0.4199286664341079,-0.2768518236531759,-0.20881708251216585,-2.9441966411418163,1.8393018637725709,0.5157932556075409,-0.43585058798470666,-0.5826425258378077,-0.4785633224450824,1.0918324744797931,-2.0354329207446806,0.8876095562084203,-1.0713894062027092,0.8731966463213412,0.8835981580630857,2.2709958244663007,0.07176306239952872,0.283354170296575,-0.5266322780186395,-0.30890577536043223,2.185782021171353,-0.23933438883375505,-1.0819520106441924,-0.6023703349564603,-1.1728015021729186,0.4393131646417989,-0.6609424838391398,1.226141304290821,0.620768662507839,0.9766460528671572,1.1219608662362877,0.42319459601662734,-0.6752039059956021,-0.7204438588861161,1.135362396938571,1.4221099765205456,1.0672106673160044,-0.39240967750801264,-0.01666172733705642,0.3558210302086425,0.7042629863502919,-0.2011224761168482,0.3937973014979748,-1.5056854718262531,0.10862971560237998,-2.1180326281073447,1.794691406995899,0.4542307785610776,-0.2620816355522119,1.1801059610192115,0.0,1
-1.0125953152582363,0.33850632841426204,-1.4739526957501072,-0.9444043051545138,0.8693398417894965,-0.5361395143432011,1.1014428388567787,1.1407799470295237,-1.5000384237654354,0.7245632229418142,-0.5016489047438852,1.0343823564106824,-1.3721253409179217,1.433068275179154,-0.0738444163930013,-0.3357722838706777,-1.3992488797836578,0.1615516590737828,-0.2693810113754744,1.958406243865884,-0.4081645706980472,-0.08602483013512788,-0.9041118252569876,0.2506204612488201,0.9535235115453052,0.1307360117979086,-0.12603780297726402,-0.20600157466545768,1.4196745268241469,0.7373720570541293,0.0996897408270547,-0.4811342636293042,-0.121354348518192,-0.05884662550750496,-0.3662375903666795,0.3707836068578945,0.14496274023299507,0.6629240779102427,0.5833921290962757,0.1042186820741103,-1.299430704564594,-0.8335871506199016,-0.7704379305731429,3.651503194430802,-1.7385308836828768,0.3057592136227932,-0.7765553439422295,-0.34051837845953564,-0.2326465760652587,0.516666135378605,0.0,0
0.1269103248930025,-0.45836031796519,-1.25721712714445,2.4876955044131583,-0.3416163545117556,-0.409798385435582,0.5232621406827195,0.046014803121266885,0.2556632147414528,0.9577826208570482,-2.3637929994232256,-1.3896000563072723,-0.015006362541507147,1.5104860789688852,-0.31821320586222834,1.3985415846692415,0.4124022896516039,-1.7033141112773216,0.4189715297851311,-0.754538020967779,1.3734052242400991,0.7361381931115528,-0.3608855517914634,-1.9483494734795368,-1.2308439686531834,1.1903254903962508,-1.5288876345560545,-0.23329290633759,-0.23070178259800095,0.101005646215724,1.1949962568877293,0.17108766289012062,0.061747764713547676,0.250474428013021,-0.5011942325643379,-0.1170525212529568,-0.0007957214709871822,-0.14359893574236687,0.8667680573280591,1.17421323626864,1.3577245765559922,-1.7371576639281878,-0.26324151062559603,0.5240535423164704,0.6592532994589356,-0.13695252987027434,-0.33875067865321284,-0.9649797890693173,-1.8805127921354925,0.25804194904824923,1.0,1
0.6620656687667239,-0.4052648704145229,0.2763851560507657,-1.9253600801125104,-1.6043627867867234,0.22849675548200946,0.8308181801271426,1.86071510120994,1.8991538055764041,0.8335835052030526,0.059836739136856686,-1.219879225268811,0.2426887756162276,2.029758890902289,0.26681771189520737,-0.6355359023830071,0.2921591726686004,-1.000662992848666,-0.9248184247727832,0.15107598370463807,1.5126352868327315,-0.9957461060803388,0.8221580045130457,0.439780317039196,0.9522492007604668,2.6422130439104317,0.8851615753253307,0.7451587470958091,-0.14187918385639411,-1.2239280518113622,-0.4903052155238061,1.761344167816444,-0.4885956958366374,0.4667401308453417,-0.11952945430021912,-0.2716251098964976,0.8291490561976298,0.2343965909798632,0.3652213890371736,1.4464035113579257,0.2902193318721975,1.445889986911445,0.7038718425785477,-0.8753198884657334,0.1170946288275392,-0.36341480217159794,1.621611840022939,-0.1663724916720584,0.12855150107744387,-0.12529829650944854,1.0,1
0.3954776733391774,0.7920212661079439,-0.8841287374925098,1.1392405955077531,0.9391426122951676,-0.1558028985702773,0.2452751400224105,-0.1428806700418855,-0.5619577901874131,1.2967794757708602,-1.8631940789503083,0.21733005551233267,-1.6673914226579072,-0.6311987343405082,-0.15219569843440856,1.1446372599366623,0.9959425098871212,-0.7462667974281535,0.4149478511069793,1.6618541334335266,1.3880502696125816,1.0719276890270029,0.6503923313596122,0.7881944703368922,1.572977835428451,-0.1407031696473773,0.2671935369675083,0.3406996073278383,-0.3374960437944781,0.4055540374547917,0.9484783160936606,-0.7245192452914541,-0.6308275487466076,-1.2423064753768327,0.5599009443478348,1.1458163972251123,0.6583404621282534,-0.5981345631379047,1.4361087098915868,-0.0901084998825166,0.12274596612717603,0.24813500318377665,-1.088870564858915,0.14553995666283268,-0.6186540068768254,-1.023419623762661,1.444279022780262,-0.9074429023990797,1.886536288995636,1.076515661480274,0.0,0
-2.5117782320679387,-0.6039961743735357,1.2675553060437943,0.33516929207951196,0.4476177889059105,0.3231287291670942,0.8262898313621401,-1.4373495782263337,-1.6994615860341955,1.2483888692833949,0.8099769827840669,0.9508450242897803,0.3447242505295414,0.5045231840594074,0.9866510762716401,-0.9721254366686384,-0.4770052148624969,0.07604854090659413,0.6756213682153545,-0.755749150519114,-2.124002210709329,-0.6117622339746693,-1.1416344394134563,-1.5566771800806076,1.1900162264245298,-1.03740991515071,-0.697968148021435,-0.4551563973359062,-0.4190183990222429,0.6675817406099706,1.0448465671837115,-0.4282466155662236,-1.8507970384423729,-0.6388912955293624,-0.38962628030169744,-1.2339595793064109,0.06095047997015876,1.0833480223154914,-0.08684754538527455,0.4627690828176021,1.5362860261790623,-0.007746127508062125,-0.0747825294215839,-0.5017221677260525,-2.29396129097068,-0.4205378629487952,-0.1470373648723315,0.3847368292627614,-0.5208942193011699,-0.4906763225794982,0.0,0
1.029839537388333,0.7370260023468196,1.2552048281476662,0.2613099603476135,-0.042053386105371404,1.3960969913080374,-0.047291832627066384,1.2604508959013376,-0.3352686159014961,-2.0584456181320854,-0.21552918858068132,-0.22494978980633332,0.21111964060705452,-0.553375902658383,-0.3628427901550576,0.5645245180388632,-1.227772356383437,-1.9595442037328288,1.6473344838773742,1.549275853751505,-0.6544992591615114,-1.4757636967499477,0.12616552161315814,-1.1095414697576933,-0.9051961979825066,-2.096270436631222,0.6753011439100963,1.3183969786559648,-0.020265038140973243,0.010390986224987792,-2.2005805780725014,0.3859124496375682,-0.21874930530372044,1.1814105446102876,1.1674640744509712,-0.8074522554234508,-0.2654109506159407,1.829552846119168,0.5431690579068102,1.6704353693912863,-0.24958728713475506,1.8448099102291105,1.5115850974576652,-0.7768604288778872,-0.10455392082187487,0.7030478356595647,-0.34321182984377385,1.0713170583489071,1.044281941266886,-0.6051852448801885,1.0,1
-0.10112520092053832,-0.2576734802363952,0.6912425481972176,2.090014438659044,-0.8705576929238062,0.7806121944010878,0.6196787777652556,1.4293764887102975,1.2327705700243583,0.052999580492802865,-1.2094850153215508,-0.7175629031516285,-2.254044349962172,0.6225082521763564,0.3781808260666954,0.2463796448478026,0.8943972912303165,-0.6561163973435106,0.2644429838377811,-0.7005980022378753,-0.3330382543932449,-0.4948803884423589,0.11179681181110032,0.16997463393875026,-1.7202937421386892,1.8708928626858916,0.6603400517439855,0.3461060139400197,0.3987870970044726,-2.1188948278496897,-1.8746897042007244,1.5089517118512692,0.12236983216526524,0.9925042781584098,-0.09521775586930904,0.6950801391552259,-0.8025761517846335,0.19246538011019884,1.3589628406852952,0.15402211863807833,-0.950796515893378,1.3990125372441553,-1.1488420864997442,-0.48896117660382105,-2.111077900033272,-0.8323732982212959,1.2639706836737044,-0.045088014145537585,-0.36255489812720015,-1.749026313511292,0.0,1
-1.6538441244015545,-0.2049050291610311,-1.3751810109796458,-0.8987784817278767,-0.5697288706229267,-0.33602627094781296,-0.9338280817059093,-0.9765550948935304,-0.08429376942720743,0.09180260952027874,0.7606460255398535,-1.2543198350376947,0.038212993224059515,-0.14632469949047908,-2.328964782430896,-0.14723343053602087,-1.0074116405821247,0.1876790387894975,0.9659623624023236,-0.8153430057082237,1.5803501003105065,1.0620523935533883,-0.4898730061587339,0.8108734012717853,0.8305340347607034,0.1513450406802098,-0.9365555979171838,1.1942473896281989,-0.4727819624385843,-0.11086281819956102,0.2883492492809506,0.9734224395017104,-0.2616443623581457,1.3869157443759024,0.7744904055235687,-1.3567098820795702,-0.29902942871799953,3.3417497721421663,-0.6101666866679661,-0.6874106495026197,-0.7019310408244539,0.6635274738889312,0.3462988780150819,0.3139158262407256,-0.28592498277028483,-0.1489948267155202,-0.41683918924505575,0.4834653356393762,0.33102253232835804,-1.1431585257071155,1.0,1
2.351446436606814,1.418742014434519,0.09510644696955704,-0.486518678353952,-0.8472399740934008,-0.3974819729017638,-0.3854481259595736,0.6892698900060054,1.244070990173609,-0.31195878763337953,-0.07401605722900098,-0.3423674647969679,1.17755802816997,0.3000837419779505,1.4897474892775662,0.5226251309838024,-0.145533957978327,-1.6468549925848524,-1.014645762214052,-0.29715826468037165,0.11034426568942247,0.9796363858874694,-3.2488416384430843,-0.4856343146945626,-1.3166740183746872,-0.9529960260504357,0.02009732820153281,1.1959179023588342,-0.17197492781990878,0.7444700963210705,-0.616001054692213,0.4888046763476984,-0.7667911396367029,3.0570207211264835,-1.9177525999507128,0.3990235489776011,-0.5229223392473323,-0.7332718587703125,-1.6344731326095316,-0.5118630276132257,1.6365017530737278,0.7353363832907839,-1.7477502601583337,0.9714745192622068,0.5487749657370445,0.7755379051870966,-0.7856737544705665,-0.6389510588400836,1.119661661653919,-0.6813304275605062,0.0,1
-1.0206062816224342,1.1515183851594069,-0.07099333319409411,0.3231040286216537,-1.4808038998143318,0.7214118699321321,2.4535693835662444,-0.12516614942821358,-0.04974549968026444,-1.1278430649934,-0.11696015911302787,-0.20652195473938495,0.14383825063665864,0.8061213198864973,-0.5900670523245931,-1.169136417371816,1.6941554886275945,0.5347921103316139,-1.4676576828230563,0.07290846808583194,1.0541882496067436,0.15788515360649485,-1.4955204537956248,-0.6978479379229626,-0.40219289586057394,-0.0005642450382469138,-1.171136814467213,-0.13545647902638125,-1.3343360505782764,0.4164706665064624,0.1420379082159046,-0.5072643953051288,0.2544360737040858,1.3671760004792723,0.29116636845433536,-0.5502719549566321,0.3034938445016939,-1.6235446510722662,0.2426875381343393,-1.056180590637227,0.13544593345583267,1.0085402697890709,2.524816190071854,0.8572520672226519,0.810509739072045,0.5322996216139221,1.0481074016334242,-0.4804967957019485,-1.4042214430566744,0.7581939326872653,0.0,0
0.7365147455905691,0.06806578081620966,1.9757593562534128,-0.3288966722885323,0.3254046069698901,0.044635900003376514,0.8989775472082465,3.0739653387222314,-0.9660111208820232,0.6691911070553223,-0.4681694770201637,0.6805329875603348,-1.1005379501240844,0.13010676332064205,0.6462764701204059,1.1079972334141548,-1.037898615089537,-0.5626978816925076,-0.7292301177692408,0.2400342749421613,1.1416778749960164,1.6900064715200032,-0.07263819295254592,0.20359826352931445,-0.2469284715101191,0.5583035346964268,-2.2058684566465856,-1.3829002840154643,-0.2444469676234087,0.7728122068660015,-0.4607405266225241,-2.19709976950451,-1.0235731488487962,1.6202851679149857,-0.08268754553577158,0.44730869929708733,0.26955494953536874,0.13047466032951907,1.632175097762613,0.4022657819635309,-0.1312953601124687,1.4905222477945173,-0.2061494870490264,1.0147302402400415,1.0840658921459672,1.5360708125560396,0.5628813069582783,-0.23232584738348602,-1.4450863783262438,-0.6116720930577348,0.0,1
-1.0402803948382873,1.6366873725192157,-0.2287723900853928,-1.324968697337992,-0.8663046807322093,1.8375673199267613,-0.7581761241688456,-1.0789771554417404,-0.30183966645819754,-0.4763283792407559,0.2740553890871197,0.2597340309118891,-0.2437928496437799,-0.4160607014703304,-1.2951184200569936,-0.6628567810388009,-0.5129969143752898,-0.20962741818740374,-0.9275482680405752,1.0689760058532594,-2.3728042987845623,-0.5335613164913297,0.20117661699959816,-1.6531638568729017,0.09038726945926584,-1.6407476375576815,-1.9204266619478512,-0.7724459179186863,1.4992804496528978,0.044880809359507084,1.1224058992938513,1.2726178192898812,0.556807605625163,-1.4869981156327106,1.7239454181771778,0.6719523647237327,-0.035797091837832896,0.4154728892386168,-0.6105816970288896,0.7740461433385907,-0.19458870544958,-0.2877856675803903,0.12672486744405476,-0.0186516261637288,0.16986328603857498,-0.8043798903341559,-0.0007429573997076809,0.489009056471145,-1.7084316961840451,0.4465890831690588,0.0,0
-0.3020320656917009,0.6889198872756744,0.8168751474540258,-0.9996655955980656,-1.3386595049164791,0.1698491224203787,-1.7475687021896817,1.461394693956935,-0.06869340399994332,1.8600077156198704,-0.1899440219935148,0.6125157917283345,-0.4582854290995862,-1.4812777833097404,-0.19545997607402654,1.2604149412401535,-0.7943710243225872,0.2976344329345091,0.7816574754433115,-0.3883766680213055,-0.7865508401794854,0.2983294322630429,-0.4885306390568587,0.92743474860342,0.9576112818745808,0.6329482836986426,0.7614040528964825,-0.08173049126338745,1.2226820982852415,-0.3824854856710987,-0.5728175611502898,0.7264208400371285,-0.7357133585081377,0.4394024497623502,-0.8276586613376136,1.976845521416536,1.208886134703984,0.2356009510851761,0.4495991005217675,-1.0590895712626447,-1.9558840633336247,-0.560647982522514,-0.10656272394734263,-0.9605615103522848,0.9448514538021516,-1.2195758335048612,-1.7871961519578798,-0.4380785835821463,0.8291335628136923,1.3171211944631849,1.0,1
0.0325248403071897,-1.1506959402050585,-2.3578172670235364,-0.02435691684505303,1.480522458662879,-0.41434281087995456,-0.8622436537704664,-0.5368725930933069,0.20048838820283046,-1.1004250183559308,0.4676862383091425,-0.5831326170404292,0.4449298121674113,0.7697591943039176,-0.4928377061999277,-0.06603748754715971,1.0571551251086746,-0.006622891858817068,-0.9639343159814788,-0.08494846845468151,0.31193314513373777,1.5320781282016982,-1.7389541252923562,-1.168929354181614,0.5098226531613778,-0.5081515702324321,-0.50336373025875,-0.23396338355225366,2.120650867540196,-0.042143080610698304,-1.254517216956802,-0.8751354005030539,-0.21800584179249344,1.0315945443421035,-0.5978227165236,1.1497800432125471,1.4686756393229117,-0.7794670830570972,1.2553666991178514,0.2993555947774463,-0.523530816049287,-0.2566254493892665,-0.005409918006152356,-0.9735753100397672,0.20294653597363047,-0.2951190427478585,1.4768835845853567,-0.10090153704798356,2.342663581037783,0.16580387538123226,0.0,1
0.333126760987942,-0.5890543389704859,0.4170251258134704,0.4781447830117346,0.8984210026069372,1.8736456351527544,1.169817485452508,0.05299338615098002,0.3575264571397653,1.5998599559961508,0.04597989019585138,1.2042601480804644,-0.4677719007762082,-0.21734213362720006,1.0980968560186923,-0.8222765320944145,1.5240592781408715,-0.17204868816490912,-0.8199938884034493,1.250058244438994,0.08126948979074394,-0.7092354949819568,0.3340450357616846,-0.9127888051798676,-0.3455916703809398,0.3709873788073465,-0.6265761445912397,-0.4244674826432954,-1.0845747680253102,-1.4207374620207505,-0.5073789226124777,-2.3763000291310528,0.2022275795295789,1.749151134584144,-1.1356800499661592,0.7597391331959112,-0.3921738529549014,1.5021882597034768,-0.7659630633615636,0.10137252149983923,-0.01066110531942305,-1.2673685303505315,-0.7424144055628574,0.7300331059753878,-1.3058101306210497,-1.2821113535277846,0.8457922368396862,0.6745026895968576,-0.759060115276684,0.059042088930430864,0.0,0
-1.2822329595534938,-0.8494031036271819,0.5815496839125293,0.5469093875194779,0.7402672998975821,-1.6306583786609332,0.3966368159691263,-1.1813147076897628,2.221252045944156,-0.4671913592544055,-0.7046154946213571,-0.18980791320243698,0.5350006829360376,0.36113767910628336,-1.4846913778516078,0.09613735730777773,0.2374486723724832,-1.8399575778300352,-0.5709679415732981,-0.3905379389331104,-0.18188211313181213,-0.15525960264954533,-1.2736115434428084,1.1026407480219067,1.046523755903448,-1.0129015717538812,2.8094502758340107,1.030599471134545,0.04011001531016278,-1.5485339232559745,1.2536002173529175,-1.9723260159043343,-1.1366344821973928,1.1290706367889591,-0.1968578921239861,0.16727147446403262,-1.5203969873660257,-0.15098412694354002,1.5822413589277846,1.133200534127268,1.018882480907676,1.168394984867004,1.0369704606682881,1.3949251176754298,1.142367185225375,1.2607978609339396,-0.2725696997692995,-1.8404448493430208,0.5233908909088865,-0.8012893408698318,1.0,0
-0.33286828185050865,1.236276918538623,-1.7339484500250597,-1.4043735997001654,-0.23030488257975004,-0.3066881846247433,0.4598706093736942,0.2701639670954763,-0.7275839877162836,0.9375835502416148,0.5698839354688889,-0.5598217656791227,0.7231436600622142,-0.6508081879047731,-0.013977845377897048,-0.9936166756300062,0.12816210455582286,0.6025719139020072,1.6400502411930225,-0.15429429038843975,-1.3046948452502891,1.4673566706150418,0.9610957893335981,1.2719724871159273,-0.20141253065767,0.9292137027697728,0.4074525983763603,0.942700144605178,-2.871340983074887,-0.3843916140968141,1.2635175609828486,-0.2353974705242121,1.5328121386322615,1.4504277659297249,-0.16757486943672958,0.3970449871753431,-0.4270298919312194,0.06984218538907344,1.0988051847594686,0.30059952211107005,0.09983009248415256,-1.1056889747771723,-0.05933484136246631,-0.11934652677992727,1.2806271057375318,-0.7277553908118719,-0.8725939568466862,-2.5349391102908263,1.9621268323868344,-0.19957211110905435,0.0,0
-0.9739982158482248,2.2483256296525966,-1.8247559069525685,-0.9930693059740932,0.4489195419738903,-0.04556788404152468,1.0414425563632759,1.3658117209675904,1.5549263744640909,1.0560796670346717,1.2788060519947342,0.6698968747156917,-2.187184925080557,1.0931621388219757,-0.04606160801539829,2.224857714686609,-0.6971457170214052,-0.8524601108474955,0.5327097461594698,0.4449075788613541,0.2431978488944091,0.16636183135120042,-0.4568408938902602,2.467441436902674,1.2492791208511396,0.6425773144229739,0.11077918046833468,0.379665195477718,0.1530344375894208,1.3911804010021425,-0.02974977645706562,0.5065329088554444,0.08686580116210063,0.5464594583055951,-1.5443246429861641,1.4955175208426308,-1.0207119703443028,1.1823693603627523,1.6234823279092108,-0.3221864558443189,0.949159147136198,0.10117219199470526,-0.3114795910180613,1.974003733267882,-0.4137958481627893,-1.4372934976781917,-0.3954544300331865,-0.017006951175626558,-0.027434345601460543,-0.6108214060320948,1.0,1
-1.5039778238561403,1.313967830857757,-0.03012610576957469,0.6350130762254161,0.5024352306304589,1.1619659136208502,-0.30574829012047444,1.7122827669227452,1.1694369957089614,-0.2758148731607233,-2.5117807077003387,-0.4172718149199468,0.5415724540299603,-0.14510730175217484,-1.0215827316575077,0.472277970673325,-0.7081235031603792,1.4141394799499578,-0.4905331589716589,1.1811708688102756,-0.04692511385216678,-1.4601061755714524,-0.5081914987468069,-0.4952157620012345,0.7617860957213675,-1.6468437457664888,0.8539263560084511,-0.007959929156210802,-0.8894751801852641,0.3535076337539149,-0.5394307626406479,0.5911327453164446,-0.11829349164730665,-0.3604729716559968,-1.068632116564072,0.8907173875904303,0.2352515996854383,-0.0925597906394988,-0.5110631825259574,0.59382267559677,-0.7740748327638539,-1.0709224027307107,-0.6269373373395746,-1.077363136459632,1.2769798386772069,0.3464613307889435,-0.12231593990183501,0.21916957008996207,0.14346707728625135,1.4348447621997378,0.0,1
-0.282831101788641,-0.3872547530734708,0.9941927767082662,-0.19915987187922585,-0.6900388380942307,0.443025523731217,0.4920901412615488,-0.06695645364375705,0.6819271885210451,-0.024323636908828456,-0.7640041686138836,-0.6659950752464269,0.12620598517943402,-0.2803998270922198,-0.7580626541998946,1.5827320691159832,1.1027644922462017,-1.0586873704766389,1.1581938454117326,-0.3121436734085933,-1.6285202238265255,-0.869629952655064,0.14039731385162274,0.21816877300542376,-0.951578170546096,0.5250309734225909,0.06505371528128806,-0.6837154562800589,0.8934661003233322,-1.8590832418641996,-0.2829424320278334,1.5278402467422183,0.7943247374476926,-0.3047668254420002,0.5729560266478625,-1.3402818936976897,-1.070105866874887,-0.5684946582297384,1.585051116954233,-1.6294809508373702,0.5165313362765878,1.1331065937660636,-0.4539635791302711,-0.0058717096948411925,-0.361470124577815,-0.5302020806824033,-0.4843828341567209,0.6237218021057105,-1.6078796958763155,-1.239173675452907,0.0,0
-1.6780506103816404,0.1050478311440241,-1.2174737850870658,1.019400903047646,0.5300203669406531,-0.2021976900507655,0.9007326561236816,0.353715679213177,-0.20420164749225653,0.9906765268484454,-0.2256936308111911,0.7935542208203838,-0.4778814335507053,-0.10676450079917432,-0.4930225518451015,0.687695716598397,0.5247554182665258,0.5815660697154313,0.5534061257533356,0.5287093275445576,0.2724822843595143,0.31803654531229497,0.38515824943888505,-0.4509145183452682,-0.2465439166231339,2.0561865040782807,0.3448357579110623,1.86267334760902,-0.3929876047071072,-1.438400314139673,0.6978858326049007,-0.29517969004463923,-0.06042180049956986,-0.3026720546031744,1.1767756606147601,-0.586191834022109,0.7689453716523621,-1.5530100447919717,-0.19558119633892504,0.17974822414060485,0.6215354765700348,0.8415572562548225,0.8603665926166969,-0.5942321840684741,1.297422940974141,0.23320427361536705,-0.5053582070639371,0.2558558944546163,0.7080288130409765,-0.20315607542703792,0.0,0
-1.2285856657003285,-1.2548706991358771,-0.5770202423143925,1.6770573851783124,-0.12555653376504125,-1.8621517630734847,1.2101518288935464,-0.06473397890722392,1.2260345320177302,-1.940717397186445,-0.5726544526906393,-0.7281734117432921,0.9560102176791628,-1.3497128254949091,-0.04346349420729358,-0.12536731078876265,0.4310809340378392,0.4091217943108944,-0.5671085392955061,0.814579635328992,-0.2689812239992405,-0.6551815233734697,-1.012888582346227,1.5138165623054478,-0.5435885643811921,0.09388084497708747,0.3551733996528164,1.537252513268384,-0.28188203052384986,0.3955908409717366,-1.528415912908471,0.5912999051302115,-0.5036149660805558,-1.1370614900692326,0.26767430962504424,-1.0573210844703766,-1.5380873121381269,0.9649344308623986,-1.8645100689112424,1.1006654381839314,0.7190889248677667,-1.8188857373475265,-1.9074802414807577,1.020724624035262,-0.5383713321839129,2.0183073955055573,0.9421526835633249,-0.4329096150427643,-1.0725470832861503,-0.3005055193691634,0.0,1
-1.1790080767980755,-2.4879026152698387,1.1392359060096269,-1.1509845983996598,0.2544860799428732,-1.1681763659338609,-1.6395744115879116,-1.5441037620847402,-0.3367306578168392,-1.3337425741322944,0.5455355920242201,-0.049502946539003015,0.26705575310163115,-0.5010393560097754,-0.6521847751449844,0.30102034342976225,-0.13682468545001794,-0.25235191482292946,0.2185067566582743,-2.15611985765941,0.1919548832565522,0.8250630409868577,1.099641597964366,-0.023805486122852056,-1.2976048634646609,1.4310652887187707,0.9378762649522748,-0.2888132005185963,-0.05323809872057792,0.13580497383057105,1.2790125071413894,-1.993365561720704,-0.893255181017412,0.151462637285043,-0.6864694535721633,2.059099967982999,0.9559119748691411,-3.5105351772261786,0.684439292501225,0.6229601719059541,-1.9838143566873008,0.04829827743138389,1.2411716589149409,-1.982022459628092,0.09821660738837652,-0.225935574258812,-0.5016604380714426,0.5293936795933357,-0.7749255094256314,0.12161485392793472,0.0,1
-0.41589141056286666,0.7899581196557779,-0.2373664382550591,0.25860906833773656,-0.0405795424257679,-2.723711752997158,-0.17862103006193752,1.2434664909849729,-1.0340122310994182,-1.4554127535103438,0.14599185359451272,0.12560099525444818,-0.2871367873748079,-1.4459752955384937,-0.04045382397380595,1.8774873713264515,-1.1475739814816457,-0.30635197624755284,1.206942413501045,-0.10410115450059956,1.9523054393367063,-0.038325348501781965,1.2766921161201434,-0.5291156386104914,1.006079694200439,0.6625195048476076,-2.100626613181714,0.11087058608553443,2.2434609875651703,-0.5486100683112698,0.10305921691597444,0.4447301636428407,-0.5666122088321701,0.35398273082348075,1.075258976031265,-0.8046803837542645,0.045326851944792274,-0.3910900687677117,1.1071283934501877,-1.050184666243486,-0.5529893580531928,0.19590642420454946,-0.9247934920172208,0.2406542617985278,-0.3824503843958072,1.866826989196421,-1.2816346369284466,0.05508718249422688,0.7469324979306046,1.8188655486951184,0.0,0
0.3454197182247266,0.3533992974991935,0.16052224695334302,1.0762602925673257,-3.049821314395703,-0.2285816724049841,-0.8853279368166872,-0.14864877100757987,-0.17737841974616614,1.3941894269085666,-0.7616779442165436,-0.4420728954178119,-0.08508593968634748,-0.4546380133126406,0.7236796866859914,-0.05932018180093579,0.459720186309403,-0.7836632786164125,-1.9401353269152788,-0.6305231600293311,0.2801162449527404,0.7174171738471203,0.2259330237017615,2.295878933649267,-0.4096259855251952,-0.9979500204981274,0.39788324675370335,-2.0198674430434145,1.0509246966746753,0.8911048175941906,0.39877742687031226,-1.068454563629702,0.9242245458509564,-0.7873193946609486,0.1262240871735088,0.4048572282596372,0.3197588897550543,-0.15317514543204658,0.4247428169177405,-1.7388757951547489,-1.8986024274891609,1.0790345494327644,1.2018542045117773,-1.0264366279882315,-1.5796814572003064,0.4869302774408208,-0.9381326272345144,-2.441146826685872,-0.4423448604328592,-0.5642622324742548,0.0,0
0.40131135768910303,-0.5905857246328273,0.3015022600822028,-0.8863812755189305,-0.526753792593512,0.2791723884667976,1.4068557236053802,-0.6986344652795486,-0.0016300032300424322,-0.29897590968939386,0.4904637607231587,1.5674118727292523,1.6694904350071218,-1.1664202020592742,-1.3982698052051228,2.0248137561147184,1.764409247355763,1.2124783621944295,-0.6903715206974435,-0.4034786243760024,-1.307979663018504,0.4600034097828072,0.13172558031095716,0.3739183235574635,-1.936930507123108,-1.081031271107183,1.1143686841648754,-0.9563151188134144,-0.6816756077121663,-0.0063059537606785536,-0.7767929629766461,-0.9280912939333928,-0.8275814813676685,0.031142427558231937,-0.6847123016542823,-0.08943362324266882,0.731125642665871,-0.2466114787773469,-0.18507404742660946,0.6871005037791207,0.12058088892263336,0.5662235638994144,0.42147858929967297,-0.2298343447344909,-0.4293030951852152,-0.3614552677091227,-1.8688203401490264,0.7007694135622836,0.6251028362942848,1.049247954253822,0.0,1
0.4373640120675741,-0.8776551200213786,-1.1200585668207583,-1.6852507825499448,-0.5446687940226418,-0.9697851846633001,0.4376009953668766,-0.049075675926784815,-1.2888792752787328,0.09061151371752997,-1.0344272175192022,0.18809644938185074,-0.10185473112835716,-0.8137819040976034,-0.12772810889029465,-0.5663088313917041,-0.14130475767115275,-0.5115026529004646,0.3659677205024149,0.8569248730700475,-0.7414872099716682,2.516936190219917,-0.5527727998619432,-1.3175043094685537,-0.17186233569886636,-0.6496372021615582,1.2106862493121453,0.02364307261404322,-0.5175704593273877,0.060847510505510835,0.2358893795101733,-1.1023285371840528,-0.8189368614503828,1.9175023553573427,-0.09490778482464028,0.6880282601145914,0.05366105407884402,0.20445807750210188,-0.2232995266956952,0.11936143634140932,-1.0500147499328925,-0.12620146913089608,-0.11955548973486822,-0.5168513172427268,1.0558598630903202,-0.21949671133883955,0.08554791715575888,1.9821188674051784,-1.3455794757928974,-0.664757223496807,0.0,0
0.2551848826374947,0.1460794551268363,-0.2235404272496149,1.3312884158611429,-1.4071201216587248,-0.3522857203610721,0.7246514668158033,-0.752403961718486,-1.2887721225458515,2.1250059664160847,-0.20137495243040024,1.7442644338026865,0.004283965763715095,1.718790071303557,-0.02648539731896759,0.7730251522291962,-0.2565359032008352,-0.92228700707141,-1.6243978555747998,1.9085774482424835,-1.5145106849427508,-0.411169733387852,0.017751492592104588,1.8410927292914003,0.6618597831143797,1.4964201763543856,1.0839111895248383,-0.46558351961628797,0.1523821879207002,0.10893058741824108,0.28511751604342866,0.2109966412833858,0.0807154487033876,0.8623327137831434,0.2845112440173036,-0.9255111020377002,1.1212286089865735,0.07387455094125021,0.3896496904324854,0.7866523126444912,0.4252431441196212,0.6981928492191317,-2.7838131549860825,2.9175306319113283,-0.8005016784843912,0.8231798011823604,-0.8068681537441118,1.8249874436163904,-0.10144853733720227,0.8991692832624617,0.0,0
0.02215589076203294,-0.19093648432844354,-0.027173034762409603,0.036252611474789566,-1.0327615457109114,1.1696449226459458,-0.9192055978086312,-0.7163700774703016,-1.9636489986658976,-0.7949772565890035,0.6296529357518275,2.287789939436596,-1.3302288656018109,-1.2202897745211865,-1.4327443119762422,0.3971630745906181,-0.6976970308937092,0.6044825819276425,0.7900843072159741,-0.3092936007978658,1.4072854340305527,-0.17081261518973534,-0.2565491270512861,-2.0950482854403494,0.02182303686203796,1.2763174153760393,1.249533384707039,0.16767819480432658,0.4233714430850613,-0.09319459075543793,-0.3092095280791377,0.1562055296910638,-0.8746070404294537,-0.6352339749824918,0.2690138574335719,1.1758509795796794,-2.6376007048699783,-1.03044078796234,-0.6374133714382253,1.5596570242562635,-0.4235432796850426,0.4039498448058579,0.036160209310144714,-0.007472940395742068,-0.11783608015913173,0.5087389342398879,0.9911220020295292,1.1949605484850112,-0.22002060199900586,0.07172217362405363,0.0,0
1.7092997954759672,-0.06640228304306774,-0.22085003292449013,-1.2475536092405113,0.30052295769575765,-0.20370848605912864,-2.2064883930920267,-0.2836857407363572,0.616104262258986,-0.7612517875672218,0.08666034111145683,0.3663144154152418,0.21842154346317666,1.2672781490757548,-0.06252562391911122,1.8815115252732904,-0.3131108106405676,1.2580611890169433,0.2984293266783212,0.5880382276462589,-1.455693240344848,0.39312565855229736,-0.04848886544437548,0.8726070961488768,1.3618320579931449,1.1853990475247629,0.8662458538287793,-0.6497455512466593,-0.15099756832852554,0.7883470667869245,-0.049151432856570136,-2.4967822919146863,-1.0206871867563323,-1.752760347429423,-0.4055878120179364,0.11347960869348722,0.2566040405706474,-1.386032720814711,0.2143486273517448,-2.0797663707749545,0.3807802195779129,-0.16772839845907705,0.13696892134266106,-0.7633823803852975,0.35595486730208953,0.952684913900308,-1.2262370127475637,0.24587000714131074,-0.4810975252853798,-0.02613670258552446,0.0,0
0.1463736982481913,-2.2444675630244704,0.8989123778976562,-1.1674240153681938,-1.595357749883887,-0.1664500061170264,0.9172838135155906,0.4339185261394174,-0.9716635142026973,-0.8806296636947671,-1.5154868664850762,0.5909220051939525,0.058187476399241586,0.8797692721013883,0.4654183047031281,-0.17229085840297312,-0.4016459028374079,-0.3460032393653245,-0.3454072921546301,-0.06905810812692345,-1.4595906557870382,-1.1494169234493332,0.7916135697423761,-2.3482714238581157,1.4849718143851156,0.2652509605012858,0.3656103857914038,0.7744846798567177,-0.3619739484627025,0.4799964118642457,1.0286400727290248,0.7659151466468264,-0.5173505422759055,0.4801463411999722,1.8543420058795823,-0.5400440358534918,0.6840009898788678,0.07964502502113427,2.028242837888377,-0.16935670237986702,-0.5581611287973521,0.08242933529294255,-0.4243136937732636,0.7146390580544679,0.3638215159785813,0.3870975393465762,0.4448703035455524,-0.7805524721711947,-0.6366896852084226,-0.6360466452988406,0.0,0
-0.7300168264434128,-1.7783296159932032,1.2290359127889499,0.9857305728996424,0.0914922864795391,0.4434716110693161,0.6367428793542673,1.1104196342521069,-1.2950987926057875,0.6451368226113221,-0.314995106516489,-0.977527005909842,-1.407507240464762,0.02867297955643373,0.18888907719640255,0.15535060955032276,0.5483468275432412,0.780696825192208,-0.037494254349879866,0.5181559213099676,-0.5180488928498396,0.09095688213477404,-1.1376644488282657,0.2580659407059632,-0.4073212713107866,-0.02962889805047887,-0.684543912139903,-1.0498139820251966,1.1581150697891751,-0.6342943653914798,1.2200001040813993,0.10278713887558116,-1.0724917559751517,1.3005512633517642,0.18357095254470515,1.059297903561799,-0.6549169151371516,1.055037948201244,0.5212352800688707,-1.4986719351722253,0.3137386501169099,1.824151769781084,0.923571715143891,-1.1966985074325127,2.2471437888940002,-1.9353563801418583,-1.0635450178214343,0.5522001537454155,-1.301912353938352,-1.7317179826825009,0.0,0
1.2773504017237576,-2.0514465328621903,1.5590653569170876,-1.1681902857139608,0.15028771116004208,-0.7600915921776787,0.8709624638935876,-1.7917500560140058,-0.2412873420405988,-3.0973800014098614,0.5212901580305532,1.392433510930276,0.3808446643396165,1.958629468652276,0.7958521930916873,0.9842610288846698,-0.7131039764162277,-0.9600241671488144,1.1449794956119783,0.6061824785972529,-0.5121157894933601,1.7109944036153923,-0.4935318324889724,0.8317906532172648,0.27996279448928857,1.0847512534646724,0.4455659030319645,-0.34563040027082825,-0.4974933203228117,-1.5312993659921896,0.2674843515486067,-0.8499981829189223,-2.259107315000699,0.014970439653970866,-0.7435788139923067,-0.13097268729009987,-0.30258724270730136,1.0855239619846946,0.1246696045893423,0.9363695291232008,1.3060670248456787,-1.6356097194373993,0.2177794734057288,0.26228819665409325,0.7297774395774035,-0.12164280701698102,-0.08014818141899101,0.2492411919557913,0.4615657332067237,0.7816691649705224,0.0,1
-1.8943028809842628,1.4959300033799643,-1.7172950545412946,0.4927003963594192,-0.95059759773579,-1.013203777552104,0.8040656003878792,1.5564305465286044,0.38508894113057135,-0.5087242761676952,-1.6936534623857735,-0.14687090245620596,0.8662788451885922,-1.6543912201549165,0.3662470375777255,1.1014713490246122,1.1332087081406907,-0.004422175890259852,0.6896621418877531,-0.21295297871765112,-0.2398319889684167,-1.3559817361286486,2.3198792779813653,-0.8516637711579851,1.2378891856181669,1.728822055763376,-0.2098314059938402,1.305760799551811,3.550356784041805,-0.5946698757618601,-1.1148447414953775,0.3138978765589505,0.8181065003940733,1.3915798696181314,-1.1863545796652553,0.13492548433036974,1.7962746431020948,-1.0108879488498634,-0.5919473724288209,-0.6395482049195141,-0.06325576289031447,1.2761647280100046,0.4967638352080388,-0.3499528054548248,-0.21138543394804946,0.17007931876296845,0.6397109956474697,0.5062457000340077,-0.8720226052124063,0.1371059869439741,0.0,1
-0.1675908058297309,-0.2803285084318219,0.938945387051376,-1.8673520129769976,-0.16408416401934345,0.057997895304622016,0.616975684450631,-0.6027839873609234,-0.16622789405468644,-0.3234294778391427,-0.7272832746067516,-1.0087337282653466,1.121446489159554,0.1762867076805984,1.1886196223359595,0.3990471224465712,-1.0986692967956604,0.2926093337551954,0.06848260985240258,-0.6888138804816578,-1.2142133729428997,2.394166898440501,-1.857422786943695,0.2320917393594273,-1.2675597418936313,-1.2046217917624995,-1.8215972342867488,1.8647718860542168,0.1581738044037304,-0.5411880505508412,0.38369361972902,-0.32422431014079195,0.6329483996969694,-0.2824673213428724,1.5441223536436517,-0.4360473156954026,-0.8390770471605974,1.5700395728182774,-0.4647530852045089,0.4228624816997646,-1.1373547573669167,-0.495887733077054,-0.01494905879082979,-2.2762196907819083,-1.2265142205737023,-0.4886176857090521,-0.4503551004535055,-0.587180734206844,1.6422192043697812,0.7691558097398519,0.0,0
0.7420072234603328,-0.8917011537399806,-0.6823608148194084,0.3223248428980411,-2.1458095067839884,-0.22934656048619145,-0.23084610356512936,-1.1463864673673927,0.6036428644582835,1.5854025292282306,0.3813766381510473,1.2509180927480643,0.17268415412780988,-0.7138698002008413,-0.011004683437434104,0.19616597558725976,0.8145229528145826,-0.953353379285272,0.6215539837694143,-0.5217216216233305,-0.1577710516459586,-0.8851869830883632,-0.32906482293102496,-0.3010246906303213,0.9637948828973864,-0.9052156319913298,-1.4286674914972122,0.5709402511708102,0.5039423206281347,0.12127608968853,-0.23484932959301905,0.9032429481467924,-1.982074212162152,-1.0868791837995069,-0.1021200804302231,0.7522821027810661,-0.6213244025337309,2.309022372742572,2.0750090964171384,2.341281346551757,-0.8193142468025606,0.017770440458374767,0.5307145179465116,-0.9506498644514176,-0.11469943834653545,0.2430282607649684,0.6617244508110494,-0.7229340295146414,0.4546651413211178,-0.08579126443514275,0.0,0
0.035224038782134266,0.8404279863689341,1.6998021450348704,-0.6363681551040603,1.7761274065599435,0.474513926854057,1.343554504938401,0.7937300762085887,0.6453532195449051,1.1562918300177512,-0.7045908537908167,0.06250143791760493,0.7235932137190689,-0.442367018145337,-0.17636481056352554,0.4890614769402701,-0.5159222298532692,0.5553030984090348,-0.8207329454903041,-0.11006089595108356,2.25354459433985,0.17701076061262766,1.2596942452781283,0.4258621880322059,-1.1651181896225975,-0.4771456578085402,-0.029542641043080006,-0.7429367602875319,-0.8786656269249955,0.2496128819350261,1.6723062553297323,0.4630337803286082,-1.277220777187674,1.7806643262760855,0.4810470225281718,-0.12418039345863995,-0.9168628172098808,1.593265701810849,0.034349621524778155,-0.33643811293784764,1.1345105856311781,-0.4450140984126557,-0.40003485160968855,-0.3283743729173377,-0.346459962458786,0.2108265460950288,1.3844572241082618,0.4551395985743621,-0.11119461543795804,-1.1247622565836253,1.0,1
2.4907065596167914,-0.1085216679292094,1.2681329953224625,-1.4721976518064859,-1.1179667169962313,0.6198398708527494,0.2067120695404624,-0.5820675470385017,0.09949084631028886,-1.57030188642425,0.6944634040799864,1.5336437091294988,1.8289194981630756,2.4477708163014245,0.8237394301818263,0.11020907957576123,-0.003366230566929364,-0.762812568633326,0.20902542636868696,-0.6033844081934421,0.7274339366755782,-0.16033673539357948,1.128806551593084,-2.530581238266095,0.0908626671276629,0.5202242305075654,-0.3252055032531957,2.2201530193512977,1.1274265647657469,-0.9995511650909336,-1.0462047816533606,1.4548457116652858,-0.9963499740008646,-0.4901572297902046,-0.18458344030270732,-0.883996226931912,-0.24140139715682696,0.3812816431008776,-0.15583335380542676,-1.2376661706751435,0.5967576737877738,0.9607473759145964,0.5823153145909167,1.4413634310109655,1.1162694387377543,-0.135515127233561,0.5481135101972271,-0.3646931710433401,0.1962330188750132,0.8315845411424662,0.0,0
0.692657148336187,-1.1123788533343062,0.07938797041582495,-0.8596764317464979,0.6956362098016388,-0.959789379064475,1.690423097515405,-1.1005335264053553,-1.2652843346753735,0.22031127703006384,-0.890166095905256,0.9648051745791542,-1.436933131637702,-1.8186119775504528,-0.8203100798767522,-0.07729813442785381,1.8936035802348967,-0.842503326490872,0.7792281345399751,-0.040835700206557565,-1.2494072019752065,0.9943079978726294,0.6232247535308869,0.8815920169819679,2.5808907246965846,1.114470403532851,0.15085913851427513,0.07441130430334356,0.8961487823781354,-0.7956980063819434,-1.7561962061653569,0.7026300935798386,1.4557738899708887,-3.2375525471832116,0.9060993945014812,-0.5361497252114898,-0.7028831879912065,-1.8653760723885784,0.9260084574924724,-0.5661967834389242,0.3623741349033704,0.6587888860911995,-0.4136521645621189,-1.3079430366080436,0.3684861977107083,-1.0357648472258545,0.3327289509258847,1.0342730973393657,-0.5790034570279775,0.1988304178246699,0.0,0
0.24694377881722696,-1.081112892032081,0.4013042192863967,1.749094929478438,1.5675243045564722,-1.7610079218224206,-1.2016258278528802,0.1557715823891552,1.0276099937363958,0.4147256803197553,-0.7652240692127108,2.0303325003599006,-1.2929788358609164,-0.7271320741966746,-1.2546220939288493,-0.2648958125684497,1.8624626497030408,0.5109794773121182,0.1626948562652749,-1.0881812129821862,0.1940798174097141,0.6206967968351321,0.007059310689164837,0.4773820386327767,-0.4881587182287063,-0.8644800755832373,-1.0916317441423216,-0.5296918202622424,0.5696454131784684,-3.2763240439027363,0.5485414832398275,-0.2988959050015865,0.4870057341999564,0.6229419500290825,-1.4699197314933243,1.3192663197058272,-0.8591273454452008,-0.11877027394870288,0.3208655623838967,1.108675528234739,0.4103728594615965,1.226392445604906,-0.166409965803445,0.35940892179286704,-0.615431595780375,-0.883766202138971,-0.9625590500999748,-0.8986732206330068,0.6800580326670238,0.1831863557708208,1.0,1
1.6037603786983277,0.6820805581167492,-0.6801683890377489,-1.0195797674781462,1.3392924317725476,2.1691625124764062,0.3072690334357441,0.05971415992684225,0.16487118348105995,-0.354828357892937,-1.0841092960100878,0.2666904883501727,-0.2652684081979551,-1.0828647941663547,1.807747106054565,1.1571677586171123,0.19876662997009206,0.35471385609063844,0.2817298055102657,0.5724785725030086,-2.5906118598159744,0.3975487893829287,0.8080678488152039,1.555170768655818,0.8553448622603971,-0.5265059023507079,-0.38317993489156976,0.2799479555631305,0.10656613807635423,-0.7527914094691431,-2.00393889768922,0.4260967266117236,0.18254819789840615,0.3557162201819278,-0.5249063227062473,0.4686968669307434,-0.7341339492746117,-1.5870785260307119,-0.605951459912266,-2.601985694896063,-0.8715705377355683,1.6137928458917932,-1.177775221189833,-0.18734116986180469,1.2931960148611488,-1.2424243790749956,0.4478827851009624,-0.43548554645673776,-0.6488906378259791,0.6997907527965703,0.0,1
1.0333135720929936,-1.685377468781751,1.4194586891899452,-1.5993720877207094,0.3940850781644917,0.29379928882232426,0.027348297697179263,1.3676153259545534,-0.4361826424532965,0.7336531693773436,-0.6260688914358666,-1.1560606265350095,1.3972111506501592,-0.8668225563416949,-0.7721279371839814,-0.4221090732019899,0.8185041304343192,1.3491897962466388,-0.7037139740875449,0.04288922789037762,0.15762164453881253,1.5137592320484368,0.10236307837159854,0.14078654988491293,0.06785584000747456,0.07337623721495536,-0.8329696402270156,-0.6530466705951912,0.2781426963174919,1.9021235333753927,1.7000267545197911,1.0950010709360236,-0.1639058793363345,0.5065839649063879,0.31969332373308146,1.0800744666718682,-0.8231852638987361,1.3368406334088931,1.0360082728523936,-1.7249081632547516,0.2978056385586922,-0.7300646431471486,-0.2007031355327187,0.2777241746846266,1.0065249819098472,0.5631495214474693,-1.265307771177263,0.5355685672639243,-1.2718510219617298,-1.686504385887747,0.0,1
1.3894127333856177,-1.2090190995861032,-0.5028817766647959,-0.7892855663794648,0.6134506131729184,-1.0370776984357777,0.5735073517868688,-0.8600660275402453,0.5158439209616861,0.23956303491869366,0.08987523293095694,0.4111165009213159,-1.6343235796199385,-1.0304827503494152,-1.6557178015396514,0.3321504529636421,0.3128074382963198,-0.6458890737644782,0.4114330273138116,-0.02170249070899509,-0.3685324741227923,-0.2367456377821604,0.4906039336211759,0.948979265054338,0.18350714145598299,-0.21874837448574053,1.0252468575933058,1.0379615886441558,-0.10908698895160764,-0.23934596913597836,0.24276183530514914,0.11251058406150584,0.03582235600365611,0.006221570217499631,-0.18301442363650836,0.018317537363351368,0.315977081018313,2.5863621997738564,-0.20299336879957489,0.7459503362944384,0.7192610326126085,-0.6174833208198662,-0.10396008151804627,-0.6870744371463107,1.108052847717797,1.0737292315729308,1.3371529582804462,0.543493708916559,-0.5450833654981254,-2.980290181161541,0.0,1
0.950014709056903,0.3733519236336996,-0.5039369614108067,-1.6036996104631618,-0.18284134259984108,-0.46765229995322793,-1.1534243868709328,-1.1131033597902087,0.7546063398538704,-0.3123179884706001,-0.7384268113445487,-0.062384147371360776,-0.4719876890318375,-0.5851729643997218,-0.2922086968598728,0.5605348163774589,-1.7555623648436849,1.5872437235178154,1.352299195650853,-0.1268374141931685,-0.35007064546723005,-0.2972449553906789,-0.27760260000786285,0.4077932376678081,-2.013376564941681,1.4986675660951547,-0.00629201548169891,0.3717369582725592,0.4338357704237011,0.748192621342655,0.17976360808216965,-1.6588758556022274,-1.4802340653834298,0.6165602384008178,0.4320038927553807,0.267685123381318,-0.4581764487749153,0.5655386172928909,0.38528481595660935,-0.6440111152159944,-0.241947072400862,-0.3877831250864477,0.9298892647186302,-0.9382576580727712,0.019042295659740333,0.3487484834230325,0.697033365216607,0.41754742542067896,-1.839935520760981,-1.1713353192391451,0.0,0
-0.14062114457855526,1.0705839395576606,-0.3393550877556237,-1.028091114956921,-0.4649105305156236,-1.056328368481418,-0.9677401712351492,1.045693091442302,-0.5245500231847179,0.5241695489416457,-0.2631492780815536,0.7876147585428439,-1.2150317138868236,-0.09878138734027256,2.063759224137855,-0.8664131557468054,1.3877697508030304,0.20529317455620147,-0.9343741781795882,0.8480746495914179,-0.3008278367899277,0.6392438699842459,-0.17679756786054185,-0.3824184507954178,1.1971768901968889,-0.6845263322629545,1.67672341528079,0.3613054688391471,-0.1998126780977888,-0.13476305317809986,-0.07390660442799891,-1.7406807623494356,1.6155929962554203,1.1765546243899765,-0.6082006550246662,1.396677973011357,0.5365061392715202,-0.28504677831507563,1.9146137398067928,0.21128668926078448,0.42927694079433004,-0.8324052891730054,-0.6642062388403908,0.398703183316843,-0.555317897278646,1.1337381217676763,-0.07661479992359185,-0.6656302425281637,-2.2932682618018574,0.9279332314238472,0.0,0
-0.7560918396944041,-0.3378773211868254,-1.1024534967218984,0.3285860989253649,-0.5934496488587632,-0.6890045595812871,-0.4769082919087875,-1.0207269828264816,-0.2499319359615433,-2.1158601340327654,0.5712353690112854,-0.7675654786726783,-1.5324077956400202,-1.4913056299644118,-0.05573223386829323,0.4951642092456263,0.6347238601455973,-1.0603865853277266,-0.05376979257085896,-0.09193747075101748,-1.2333744589165314,0.2368604025116981,-1.641046904057858,2.158076291026508,0.9663802421034168,0.28818211300557484,0.2204337688398272,1.8727388138002528,-2.5944491060150416,-0.226025596920245,2.2072584441749066,-0.2624539705545588,-0.4957729524961135,-0.36752602144781976,-0.26023217862234216,0.2695322964800177,0.2238740749474909,-0.8861676085159004,-0.4605143165465915,-0.46111865527429796,-0.5218665700974726,1.5712150458858274,0.9836788956474258,-0.0563653709416211,-1.0233655893108051,-1.4924523037365958,1.6755269868527491,0.04985263233680341,0.3576023171282744,0.5438768394566156,1.0,0
0.1257331292184869,-0.16134136132696905,-0.3272847226467621,0.8138257269571475,1.0396924125167573,-1.6413783556388477,0.5280412174679596,-0.4277724019315358,1.25990276848669,-0.0030132812564675573,-1.140110903875049,-0.4032241980128902,-1.2506477551766408,-0.9442429459189032,-1.2160977751882642,0.4891692717584535,-0.5043586310888133,-0.2303099142102292,0.4806802592600997,-0.5843375183244812,-2.194997733133037,2.0245031765177117,-1.3037310384190208,-1.4381682087541636,-1.1201058228622989,-1.5425090932197092,0.08725700496033822,0.40127358500629146,1.0099067899318468,-0.21686502841680488,0.6295554527802666,-2.5063180402245258,0.8323169576976766,0.2450167684721127,2.270774142765583,0.9922191438851536,0.8184521265999046,1.247327845910122,-1.1349998369497023,0.7296349026191076,-1.3295237902642183,0.9402769600515856,0.5757377220880611,0.7420477506023879,1.2304078300354322,-0.6693132734900357,1.0352602695086517,0.3661562508724503,0.8438922760075048,-0.33948530896790197,0.0,0
-0.5606320120197187,-0.5025012975435668,-0.4376566344686987,0.07692182811894817,-0.9144971796546506,0.9487668441913466,-0.5592098187804981,0.06295666371738169,0.19440214926500649,-0.7440251492056377,-1.1644136335210034,-1.267165522349042,0.4261244856629659,-0.4588799311389525,-0.031224373176328736,1.7405149365717658,1.6987100878858865,-1.9354141873231885,0.5459478687201349,-0.051236935951360335,-0.6336857336853798,0.5563379610721302,-0.6886533909865614,-0.3508234368186392,0.3304637537591337,0.2556601775244593,0.6321087339288627,0.7240646047714691,1.4401122928125971,-0.2039750623546529,0.5400574043007688,0.9706668488985306,-1.4131905608169006,-0.2974672876756015,1.8732043221542232,-0.31602785616808554,1.116365918588017,0.2688537078297631,-0.6944564984317216,2.7492993936033536,0.19205361490129247,-1.0264856879151043,2.621462072969582,-0.8319672579820259,1.1359815779169844,0.44066618692242704,-0.03848615537633153,0.5757482109244008,0.1983368023817213,-0.8795360736676996,0.0,0
-2.0264839938225427,1.1385335719764431,-0.988497784516556,0.4230002573084144,0.4874432955505074,-1.136588080890064,-3.1955128612963977,-0.2627030104183179,-0.13762920846276047,0.2671107079665185,-0.9572346003800768,-1.0403678484029713,0.2194964786222008,0.4641135741535299,0.6891874442352204,0.8628516973729977,0.026026470493936468,-0.0780999183488573,-0.5601878343953345,1.363065683043622,0.15872185282342116,-0.7479801513274207,0.965500660844582,1.8382371539319284,0.2698861752344667,2.455010658216427,-0.1309667619108327,0.6953277528779697,-1.2314201933084,0.8701974130066173,-1.3183930696392947,0.14192963987541304,-0.9751452812177146,1.7027106350460317,-0.617774717332181,0.37925062478937227,1.1870072818564619,1.1951744453588486,1.5272414153409453,-1.0550072910189403,0.025177476309897612,0.06926818053858838,-1.8725676909027675,-0.23778698177628185,0.5689276099101851,-0.542994577219589,-1.0138864415492244,-1.3370149175647956,0.8042457823058312,0.4145529751264157,0.0,1
-0.6848577931067578,-1.1924276326858072,-2.193272278430943,0.2479289188231363,-1.6429555672600895,-1.966869554684633,0.681192446971561,0.406611863655976,2.0454461383521467,1.2336307940113849,0.028975522081390263,-1.1050893981647931,1.0475610962966568,-1.2346057588704131,-0.4592924927852385,-0.4862784081050321,-0.9519899376210276,0.4022062646228465,-0.3685070810639745,0.6074587716416332,-0.03446627460380052,-1.126065224871154,1.0803869232317256,1.3738213673038098,1.1193520147315077,-0.3526892240943504,1.0849612965378683,0.09384585953571413,0.2599283084798341,0.6798236386109444,0.058733018863375425,-0.8917082821578219,0.37759988279039897,0.3633812672500675,0.412819321493022,-0.9617883257622264,-0.10076901700800284,-0.7949292419323001,0.34194644480324893,-0.2934372574163357,-0.7976929236682508,-1.3562830441591696,0.5965966051794347,-0.7095813502935011,-2.3160184065632965,0.5430008683230662,1.0628916131039476,2.065502909899714,-0.03742083826260005,-1.546628554617666,0.0,1
0.7947704870794801,-0.8816017957287379,1.5597877974022665,0.10220673775418852,-0.4613384281682346,-1.3975858279983222,-0.8750396801287196,0.20259273772017894,0.7010153242663064,-0.5980230738190502,-1.0709662555560029,-1.0004234826519638,1.8608451188072697,-0.3487520430150272,0.8600821551679125,1.5175038622866426,-1.2161750807201297,-1.063776977069253,1.059875366499734,-0.5526477955696222,-0.35743279116518445,-0.7847781369959284,-1.3234521534389387,-0.015883751445571248,-0.8621391119421759,-1.0897244961835986,-1.7324982296782017,-0.6498855545633644,1.1625781125122336,0.2786708296143104,-0.6203944183515381,-0.3079267607472716,0.21914137395291505,0.17708602148464606,-0.5115436831756148,0.30859128926287144,0.3764678452114101,0.19008702573353206,-0.7377629560266442,0.9727988237208772,0.0933648095901614,-0.10557985493544596,0.9625653118580504,-0.5737720949750598,1.2630416120569108,-1.432558724978545,-0.0766261367444979,0.988860620319182,0.5297611696087644,0.6354098003086651,0.0,1
-0.9447809645065882,3.063573561310541,-0.1436315521495317,-0.8786592324484093,0.8561086580205899,-0.34352195898101084,-1.1082502154960163,-0.1955494285386952,0.7367461686127877,1.5770143112605854,-0.18491327834123192,-0.2658187535700623,-0.6761842802261949,-2.185885022357203,-0.15689175356028753,0.3578900117126955,-0.9758138112347604,1.048300722633015,0.02567963951820581,-0.4913293737386744,-1.8162037859720312,0.1979656768474388,-0.1128307260167516,-0.9191903229054392,-0.6341588315599715,-1.0052015139865498,-0.030512615204122562,1.7916288430891392,-0.16215868040552228,1.5800150739291086,1.2778700176251672,0.1433135216861032,0.472055086512485,-0.4640217482228438,-1.8564994081494808,0.028107215105119848,0.5803872749076991,0.9292655256925184,-2.3268126603746735,0.22117914790120174,-2.3745410421044317,0.5862742528503372,0.9422127425906858,-0.3144098634462453,1.0779541176471128,0.5546805604586132,0.5469294097960323,0.4559119088378316,-2.026028952200377,0.10556378497021293,0.0,0
0.500452211933355,0.12786898756613124,0.5533295489148236,0.08274281948911097,-0.4122319600375144,-0.11543500233829368,1.015911973413011,-0.4340848032387028,1.1258517249090148,-0.2021213781637762,-0.4670553158266628,0.17821283638837582,-1.1110503019282292,0.034902867009388674,0.4411927564953995,-9.618100677698196e-05,0.9245868062261604,0.09719397407237207,1.951867014955991,-0.5987379540839723,0.20943327821428664,-0.07663255309062647,-0.2603686873837982,0.9765521724024412,-0.6913708993725024,-0.6577339633228785,-0.041078798582096135,2.0289975231731887,0.2559124609968291,-0.12084094496564735,0.25785364987957404,-0.7856436531750176,-0.9660885348280512,0.3582589631083171,-1.5684050535425718,-0.4244174140791561,0.7822083408528779,1.9542461042042132,-0.7286145276621662,-0.19185138726511788,1.4217276939897001,-0.02229875898166336,0.42835511729539577,-1.552632071087762,1.0486196585539276,-0.14213801617087907,-0.35775703885835364,-0.6547741842071532,-0.6527326700654348,1.5296034631737612,0.0,0
-1.1849406225259376,-2.145626097971732,-0.5538151772680971,0.7257253621449282,-1.0201844560115636,1.5845985372100433,0.041292377162604685,1.4980477968276968,-0.6085343215890485,1.1162915112382457,-1.2715584802394384,-0.38767327780783467,0.9639093342963436,-0.5351840707614636,0.3603955941499625,0.5126900770867636,2.2888899508566536,-0.022053504061321186,-2.3174721021594094,-0.4514447635335746,0.4294414857137784,0.9770757737761248,0.7353869562750519,1.5650900192371957,0.07913741260315002,0.4608993546232256,0.8569356153171181,0.0591423335336745,0.5305333521418487,0.1738191930552238,-0.6703400524642773,-1.9016024596181167,-0.3092521855847891,-0.09529795134553956,0.6166759782682053,-0.8715923994229764,0.6107658161563047,-0.06760426437943566,0.8120991663033033,0.5396988299536902,-1.080429905555921,-2.755127609003728,0.5709924373506942,-1.0101517127197777,0.6811074323126216,-0.5176386231647425,0.03809147117032258,1.7850204478775722,-0.5928060244931324,-1.6326203798924577,1.0,1
-0.2932930407516374,0.520529890216172,0.2560509848447502,0.2810353778189449,-1.8243222663635659,0.1592595592762109,0.6107734171988206,0.4438694337316047,-0.1979706786339743,1.3438579448533507,-0.9433972926110884,-1.2574206796328982,-0.5705153457778411,-0.8975263525340252,-0.725245276451137,0.9543700235356144,-0.0022337580443177103,0.8893126960094496,-0.832132147172552,-0.5902818872701168,0.4252230674624107,0.3714897321542053,-1.3719084988884798,1.4814731834018653,0.7166394149623716,-1.1926029635967834,-1.5845977208286932,-0.6817649738731228,-1.6105686719207797,-0.17903572819883395,-0.19332307061603532,0.5173898767335071,1.3513033622883794,-1.52341863145606,0.7645830864974259,-2.035683012629241,-1.6979082320827537,0.37920646481052017,0.8001480196042215,1.6503498948173236,-0.9497362932697888,0.019944523988758667,-0.3234218627651107,0.04103253479376946,1.9629592041645278,0.4207453341687881,2.732491397369916,0.29257833055140303,1.0009033916490986,-0.5380019689348233,0.0,1
-0.4162604484406063,-1.2725467998841713,-0.8685756222821892,0.1901940835391108,-1.8497356606426627,-0.4393371654471356,0.5195650262707447,0.8677472831272396,0.0802422130427237,-1.4320267251568783,-0.1757309295024023,-0.2600294740866456,0.18319076501827705,-0.8045721224468816,-1.3927779913580298,0.5094307451619706,1.7787735326243954,-1.4670887444485712,1.5776103189787145,-0.4166185161766151,-1.510158217086128,0.03311774554581663,-0.04494818030695536,0.9998977502473808,-0.6077950455452769,0.567648394848486,-1.0763947763273083,3.211637904735164,0.12398196102285515,1.0606765888122396,0.41311691626644703,-0.5890881412261915,0.23502178481011665,2.1803950552885683,-1.2798405028541922,-1.2553901183701888,-1.176879239382397,-0.3666369999603789,-0.10658241551300507,0.6711965150537296,0.5519211504352036,0.6733799164906609,1.2811922435630718,1.2077029405836048,-0.15928545384800666,0.7008032736172151,0.8192856233378116,-0.9486267245237257,1.1470295177976002,0.4853095125506538,0.0,0
-1.0030840793170068,-0.4276677624380956,0.19370335804286729,-0.0027445413253842288,0.3484201447123683,-0.15435649278984628,0.6180417391344748,-1.2684841235467654,-0.16325760590856978,0.5574474910910152,0.16795925748783222,0.7163395466219765,-0.3000711140627942,-1.7776691977901933,-0.7424621614252689,1.113785905104505,-0.09573406406886667,-0.24544854400297506,2.3611267033414296,1.067779574813265,-0.6440277828447128,-1.0702196999502096,-0.2612436532278874,-0.8546936318405522,-0.5357744278243189,-0.3931027057170846,-0.4670541388822481,1.7798270267070533,-1.3805574316892906,-0.2029233820911275,-0.2423820288252747,-0.4639921617127614,-0.5336972529547397,0.3601516927163188,0.25690024996040506,1.088813929399815,-0.5444760685683714,-0.12687101744092416,1.0212381806267006,0.47774408893276,-1.8013855400540408,0.8966306445027422,-0.2374330328083852,-1.2321386212320424,-0.9659989758009304,-0.7986242134085892,1.0062072539764086,-1.6287678587636902,-0.5472417521706454,1.7574893134323482,0.0,0
-1.3729658816106372,0.2549169132523682,0.20504088587885064,-0.2723431723582577,-1.0896928831792343,-0.6894990297040703,0.16140584743901354,0.9641084704725748,0.4663759804213939,0.7383035666563607,0.5003349992973065,1.5740999526393444,1.4310151485599731,0.15157426815937558,-0.296991523857692,0.8352098601233607,-0.4023989528250324,-0.15621787686062238,0.3244079101154354,0.003929678232413262,-0.6792778038245088,-2.338629031722257,0.4796733623234442,-0.17885281409476916,1.7041057093205252,-2.027317177886534,1.9610968362905272,-0.1621165660826919,-0.046702394337391616,-0.34122940482041564,0.2725871087396705,-0.9875902518395296,-0.11408746356758373,-0.8722175239879707,-0.9490671812513366,-0.6302063175939655,-0.5408767222265585,0.8526526622057516,-0.3966609462012022,0.4908169655764845,2.0168566089350444,-0.19098344325820893,1.4675789275540867,-2.639889733919472,-0.6550689605232908,-1.2686796555721656,0.7211611987707722,0.5459809441249297,0.1716344379871289,-2.010857079296879,0.0,1
0.3143854931387385,-2.8652981218238938,-0.8330519307668901,1.2600522695884329,-1.3757208067732742,-0.3631213762406683,1.391127245442943,0.5854776124529427,0.19730684741735394,0.38744207824547056,0.446721952235394,0.7383133086997218,1.6854234903445606,-0.6551860277121612,-1.6845825263771192,0.15454693222452176,1.318732366809123,-1.2023426939337971,-1.3584446498382374,0.7556420078002775,-0.5758624138454344,2.1245160339990425,0.5937841206723468,-0.6728247944419158,-1.7524103808223266,0.1121431722342391,-2.6173791437447744,-1.3516189105858385,0.7430210747813665,-1.1531580236777048,1.7453818864061317,-0.6358604922038633,1.8175904629704995,-0.3200750081387721,0.4575026377960473,1.327831506001829,0.4165820803411868,1.8863868718938823,-0.4903811969634788,1.4922202163730949,0.4096473009614826,1.4388122703320947,0.7124467883991565,-0.04280359063648705,0.2379383691225423,-0.3862975899399985,1.6871142353134885,0.8683464547004577,1.3492036026061929,0.12677998021430775,0.0,0
-0.7128386302195955,-0.3566019371254962,-1.3753991108416028,2.9634926183215917,0.759214888594327,-0.6364505139841,1.1652880597682287,-1.2122693627560537,0.1315774967738201,-0.7224616968157195,-1.2824712200781512,0.4210934121952784,-0.019551714478566632,-0.5804793370357237,0.4894297301774017,-0.10563589917245833,-1.079507459397426,-0.6467328547143946,0.9196594410950156,-0.985415465292899,0.19455243193148547,-1.2529231236305058,0.8608911429203144,0.8046191231965477,-0.41386710814364536,0.1656889665993393,-0.5018347201375041,-0.5879767943928379,-0.2390581068831366,2.2724455743390717,-0.6216168570144985,0.4791673004874405,-0.4176138985607792,1.4671567126712892,-0.29226301505146124,-0.7294190205507871,-1.5069076527886944,0.6601338083569964,-0.46300437797499,-0.2958952923930124,-0.03390838291004144,-0.08966901361434719,-0.40207163946275615,-0.4221887498590284,-1.4684876186587943,0.6602007677020824,-1.7225308013368588,-0.13251700227512184,-0.3105816570516276,0.7520880763300923,1.0,0
-0.2876218399611256,-0.7222088245612296,0.033857120395769685,1.4737337415831164,1.2605534725068201,1.1329073759544932,0.7831851098021096,-0.22517090061424733,-1.2530644592526214,0.11482580232692448,0.5891629324198797,0.4279239148383665,0.02968454534365741,-1.4580577322276371,0.6797173365366227,0.889688541857795,1.0568907464417818,-0.8141298882248891,-1.3418957659810016,-1.4330304390925477,-1.2472167239357843,-0.4491921636525623,-1.7645912051108377,0.7761804718431979,0.5352684961127031,0.609166342637972,0.07125961310969438,0.04599266929845169,-0.9132948144826376,1.4693304792357478,0.12952848616833348,0.03450655547551739,0.8731735445662941,-0.7342730729879787,1.116884279687956,-0.6436208726486,-0.6216208936728028,-1.0642148366180686,-1.4629020843965477,1.6008143005150988,-1.122528330891526,0.6106077872029724,0.6257175347878398,-0.029347997805431018,-0.4722997461831562,0.7533075699815356,0.12933895423071365,-1.1983305823187185,0.1503796459897263,-0.0477389670358515,0.0,1
-0.3771176068722264,-0.13037026302726112,-0.32062106473621066,-0.2127748836278813,-0.44546510894809865,0.126166154384239,-0.10117813601512676,-0.8120681790118969,-0.03852393103651202,0.2980701837579662,-1.733880688362143,0.9854917812531956,0.33187144461495555,-1.1113513506881607,0.3454348129338051,1.2113228549400912,0.7919864662179388,-0.0664428009605431,0.293903896910644,0.7396675077672242,-1.0189158788169117,-0.5088657050329399,-1.1118729393554756,-1.8155609516691948,0.5498870905168985,0.8729896160591359,1.037284596053859,-0.8485488250047345,-1.2213235025621771,-0.6875067396018903,-1.387776491343654,-1.641381594194318,-0.06167160275661088,0.08796860722131686,-0.3613898714080667,1.737404047310567,-2.3275764245484467,2.5094883818498466,-0.38092701359118575,1.1161313919215583,0.13695219411355586,-1.2728669511080983,0.8866586592188229,-1.100119407749797,0.3516720480010856,0.3850590958868021,-1.1252722837781646,0.15947063626854965,0.12443976354877093,0.5204544862031054,0.0,1
-0.9236337634589588,-0.8597432798107357,0.08399379695797646,1.0533614854994264,0.22030056046621746,-0.03300185530159115,0.15289456593364326,0.9199833969566366,-0.9358228728625018,-1.3220004862539678,1.0298261090389131,-0.5189741517238912,1.2039660053206718,1.2479221767621775,-0.5274993185128997,-0.6402463448861041,-0.9403057209120316,-0.2502719372962638,0.36930202218830893,-0.877384844681237,2.4068625489283337,1.001922707105366,-0.6006388761996356,1.3743021572940928,-1.1378349900264233,0.6504399461468376,1.4584112811858594,0.4967590982772169,-0.5676476307903533,-0.6888058653894511,-1.0764729199649679,-0.33409926054598404,-0.3037577272808001,-0.1834334317009804,0.5577774975877968,-0.2261328019403593,1.5671767022438317,-0.024970176391542174,-1.993165867431224,0.6091702696059031,0.3833102247564794,0.11323516688980685,-0.9226872675951796,1.1768586467333209,0.3739676414236827,-0.006093801531923421,0.38947032990273933,-0.657507622521303,-0.5071959394004153,0.1696069181171161,0.0,1
-1.6913011628249508,0.17478524808105786,-0.5216064129967629,0.5664298858328985,-0.9702338185775438,-0.01814765526671333,-1.7153803627698518,-1.0957590749252724,-1.107947261246964,0.4189422244338102,-1.344398105116581,-0.7161216865009441,-0.05604335848218783,-0.6740792859525606,-0.13683740321352306,1.12258702445374,0.2249000043964413,0.8342141081432062,-0.15527178245956028,0.4537504527931262,-0.777377421902619,-1.003920171818483,-0.024529640175661442,1.2329207599163068,-0.20093153926781268,-0.6035552867054613,0.015662529242885775,-0.415186872695866,-0.4459035823969672,-0.043004419384286764,0.2596427501814101,0.36639804420896027,0.9535119795745814,0.5410166533870621,-0.7755641741051166,-0.7434870529655297,0.1504196441831099,-1.3020875740747535,0.5976887542379385,0.5701151425883659,0.1092318080698538,0.6043976437927339,1.9302654440098763,0.3899978975860738,0.4457272255490839,-0.9579590490496204,-2.3024267376200824,0.20771917913520108,0.5774342745729748,-0.1885130278436153,0.0,1
0.932033950631822,1.127318517105311,0.8362714833576232,-0.2696623524199861,0.8368103439391947,-1.3118038892549333,-0.3014669577157417,0.7127167990138487,1.3282574926204784,1.6952365156408529,-0.3323725636087653,0.7401238496944609,-0.4919652313599995,-0.5564494211966655,-1.1399980142641852,0.28278696830433003,0.7026315734132152,-1.1561879245894546,0.0974860073784636,-0.8210542346244241,1.4698941189558374,1.0266787490903784,-0.05725496840470931,-0.12114930954657467,1.1009952650669823,0.057899027062165376,-0.2789339814744208,0.6989488774234742,1.1998380989994628,0.3627353306097946,0.8705399915856123,0.005715714516118835,0.4446488590021317,-1.6391079330283769,-0.4205098383831717,0.05480171767254493,-0.035792349839807766,-1.391138135633453,0.08613329817055691,1.3317027427652943,-0.34782254574245913,-0.03415783585632642,-2.330498700957788,-2.2464259069656087,-1.0062024717989029,-0.15241743763134566,-0.9928052806227502,-0.6213315038161853,2.5259369515290326,0.12010682929985965,0.0,1
-2.3949158280273863,-0.8742034652840258,0.6815565790696756,-0.8748646426737855,1.056692150856015,0.04337525037767944,0.09539712655798377,-0.5339420798214944,-0.6165564306951639,-0.9399164628352716,-0.6145469790154432,-0.14525412820236253,-0.1172905553643881,-1.5441145481936045,0.25632043016220546,0.2675031523437834,-0.22163289447729026,0.6748645978706203,-1.0495401024402171,1.62878443048978,-0.460244487664909,0.7332291024187125,-1.6492557699249164,-1.078105283628265,2.6958272855430456,-0.007766111193268392,-0.367183426447574,0.6091699483912253,-0.9884858426069888,2.4218271725395413,-0.2044366338944956,0.1690663198412834,-0.5320143080314647,-0.219210926641959,-1.431037585900068,0.690576738431294,-0.04962244998571953,0.5408722169773178,1.4577849803514404,-1.1964162465326336,0.8743093175266727,-0.6819005314913373,0.8049797634078222,0.5584366391247816,-0.00907964261081858,1.0328378176342543,0.32094472231674137,-0.6872678420908873,-1.3724091538692114,1.4047671196178204,0.0,1
-0.0669989315144523,1.5800096116565665,2.5763690946442184,-0.4458587930124179,0.34704553120303244,-0.4017591469563228,0.5661678838282614,-0.7399613606736313,-0.5097852514683447,0.3681721110806389,0.10232876927081866,-0.3229633708630042,-1.153078303866324,-0.3881835984979086,0.6088149552902191,0.6402325489736144,-0.05237171508552476,0.14407144380238146,1.4911322175916906,-2.128243533451682,0.4553330185302816,0.6124387048988483,-0.5064345213003922,1.399883739545749,0.04110551870616029,-0.05540064572978035,-1.541210078586433,-0.37012209025428494,0.16992577544257054,-0.3612809433576843,-0.42783943656585305,-0.5659776911582873,1.0219559698263416,-1.0060602005451047,0.4398467554062617,-0.8071914040353858,1.8009359723584153,0.5388281431667422,-1.710217393231257,0.8241145772384229,1.1686686002484046,-0.8902004082478673,0.3414309203274166,-0.6592881395800424,1.7776645574455736,-0.3029026589936459,-0.16106595522250672,0.3166114659065825,-0.6318161044751953,0.477448035306655,0.0,0
-0.7641628146308302,0.09054998645958634,-0.8889661881765408,0.2288986107459935,1.5231295971666798,0.5178982532369202,0.8128362390133839,2.0906890100317908,0.04394637971561058,-1.2744946413038092,-1.3310857468858144,-1.0426139837496784,-0.5353572707372075,0.8462042260518711,-0.5363857945358383,-1.5510788351711142,-2.8328327032738834,-0.2959738208657564,0.3069650728717753,0.6662569998467943,0.757149042503203,-0.7562715205433634,-0.1713778556951909,1.2267580848957294,0.9788146684142112,-0.3406882688493037,0.590767041035077,-2.158891965723992,0.487337444838577,0.6918228542519059,-0.3748680054449319,-1.034477454292851,-0.9338007042048696,1.416875095975919,0.06643607800998258,-1.5129118972280355,-1.6685514818572191,-0.5882113588705732,-1.4938712588210281,0.9566583224472204,0.026091476175162318,-0.9167952916073618,0.7537444367084475,0.7150801233893378,-1.874282900906317,-0.7235221257748757,0.5428032554340503,0.7369515767731903,0.9043135429621206,-1.2631716778663815,0.0,1
-0.1821061256055508,0.8698553486136719,0.23595213171743984,-1.1027010006199167,0.4930780567861162,2.2424040296949483,-0.345051461164924,-1.043271081190352,1.0811252232538162,-0.2497241542751576,-1.1221893820580326,-0.5854735343656142,1.2702916042282988,-0.8101820260617528,1.7831167286560523,-0.7973423217946493,0.1147633377166556,0.7129776394237498,-0.040323873005952346,0.6461209066933522,0.866783838481202,-0.1366038761716343,-1.2225068992586474,0.9493996118640156,0.6353475290538521,-0.4136506850180124,0.3369081146387755,-0.2161532534488685,-0.350508118862684,-0.05104334083144207,-1.0146982178356254,-0.8310006093341988,0.31789498718199594,-0.7911991237333158,1.3090075793684235,-0.024355474981876728,1.0687567642297755,0.02188849034543652,-0.038828569849431,1.2233292804237117,-0.009947763727865459,0.7204778510940221,0.15678072299683135,-0.2206329487569434,-0.246835566563412,0.4229415416516862,0.14240608327833326,0.6226048479918311,0.19430585966545091,-1.062932492463257,0.0,1
0.18601651661432853,-0.02695279673480304,-0.7075646615910188,0.5950707814686895,-1.3878980360376574,-0.6254554569211784,-0.6628741590642985,1.050025207312942,-1.8535536567749025,-1.233727753525974,1.884618349406155,-1.1117947360438547,-0.2694312149564099,2.6696862846878213,0.5796524890140268,-0.31173884957994674,-0.4873306783388036,-1.2602151414663227,0.973690553173119,1.2489103653318303,-0.3904028968369382,0.2032974256141792,0.7192711982357629,0.6379494766316667,-0.7223343883352852,1.0236074252680325,0.2661908703459089,-2.8006280525208807,0.918360603786974,-0.03027490387080262,1.2837272111280995,0.4129676932120053,0.41994633495787415,-0.17770618483359502,0.7754917501373234,0.08401362432234538,-0.09950419292990097,-0.7779234015253161,1.1482973148701712,0.4845051790990571,0.06427747849755168,0.1566221886628922,-0.30835393504359954,0.6100581695681907,0.08879536343728199,0.1020072966981559,0.08111175512724016,0.4883160026862283,-1.986030352776561,0.08298089445431832,0.0,0
0.5857184091595303,-0.3673948821588253,0.27784496278234183,0.07222392964019357,0.11862605959268732,-1.6408991883300252,1.006730118337835,0.0958572156472077,0.9673119826921956,-0.01973453245162564,0.12805523459339724,0.8154438327105259,0.5312097689862079,-1.8325905155781816,0.6948628185779744,0.7959531156104166,0.4959878451835573,1.205449804819155,0.9016465281836542,1.5198507773943002,-0.4926528070883209,1.8425182232298936,0.14593733822389654,0.7788069484280806,0.051462862335576585,1.0921208060089154,1.1858446438823222,-0.7342760120486237,0.4876555448041509,0.2767171275316184,0.5149408689539678,-2.3265075349287536,-1.4788854351619414,0.9301076024349024,-0.9862214192344252,-0.934014039903753,-0.9590719704087104,0.5353025628129661,1.3666962773972813,0.321270927994666,1.745180861600374,0.7645928922469399,-1.5245607317963912,-0.940382431857244,-1.545880876954302,-0.03618450490260371,0.7744173368145969,-0.6637749655008296,-0.28788249903334284,0.8769460020618698,0.0,1
0.04349928527565855,-2.0089297717436607,-0.8953250612565443,1.8507776700654743,-1.0692117903402645,-1.0849013928018243,-1.5590391690259902,-0.2960554714742842,-0.9989991673959971,0.5042485216128113,-0.6450958141900672,1.1363458753891529,1.9810577434341583,0.4524435390666119,-0.6413192445218733,1.2836773611170076,0.7597774345709939,-1.6137053833095798,1.422228070486413,-0.2444569810807978,1.674366317123977,-0.9772121935465704,0.7517252484827369,-0.2544265930844576,-0.1917156184688996,-1.5209446832898013,0.8562539159625467,0.06598852248183877,1.6010187202359003,-0.21437832012973485,-1.7792404928706596,1.1730107259361089,0.8345094748177656,-1.5192783793379652,-0.3099927448242464,-2.030011473080912,0.5009602065814198,-2.1725020139876245,-1.2256046430426106,0.3693886118292068,-0.17218149554791634,0.8948854234603415,0.263657263754373,0.012111762320902641,0.5640138916154581,0.3899918422489616,-0.7888461112232371,0.9627504728339442,0.6739584646427783,0.8607289323382543,0.0,0
0.3524988147601415,0.6515094145178031,1.2319217739754451,1.5336735480979231,0.7011503514165418,0.1950002935080792,-0.08109586536965566,-1.325680652814743,0.37723992180009736,-1.2552638389267938,-0.03641891437798997,-0.6839701485505251,0.7367375078796891,1.0790937038535389,-1.4504346829838766,-0.5293663349020862,0.8446788494483604,0.6269406951912231,-0.9475456852426904,-1.86400092810242,-0.6617414171986454,-0.9331823044775224,-0.32943777421960024,-0.09518564435440036,-1.2370354760071602,0.38090172001192457,-1.0807264843481712,-0.4201577082649968,-0.42261250574953946,1.0862894620555994,-1.1454313227852997,-1.1486022407289915,0.8271304810476314,-0.6433502690998383,-0.3613764275047704,0.5218854149389559,0.4798168989976274,-1.7574693300682538,-0.6022546182597545,-0.33814378583639976,0.4582132139951603,-0.34776016676405225,1.979780663205973,0.07369633504513427,0.5618950175007058,-0.7839926100558585,-2.649496626608803,0.3383931531583139,-1.7731555860428942,-0.2879296769560856,0.0,0
-0.8046703305099043,-0.9011069435227133,-1.6693006436222035,-0.5991547129300554,-0.5494623494266134,-0.9899434179941068,-0.7833353170579128,1.1842442758270686,0.34318886103878105,0.8796564901822295,0.24000426458532434,0.33460852376114514,-2.0319672761167125,-2.9778543958920607,0.052534464801636205,1.309179789676708,-1.1205254870669108,0.7805224001111865,-2.692187286470393,-2.2065111645099007,0.043809919239564885,0.9145148782419308,-2.053133623530534,-0.4005370298604244,0.5939766498977936,-0.9967880923227508,0.7296818872599656,0.2261014391326304,0.5641700941772473,0.6586517006442072,0.5058022018913686,1.727967391280685,-0.7788862053196277,-0.6109220608985712,0.7528567207222924,0.7383480290326576,0.2949717695740716,0.701904678656685,-1.178247534337323,-0.5505265899767914,-1.8950325759095639,1.1586001187579025,0.8082738876022452,-0.4502599578650999,0.5349513704841966,2.6632984702724527,2.6550043884304872,-1.9431058668303125,-2.4916478115712346,0.6634169034571734,1.0,0
0.7122278131736729,0.6349473128011217,-0.7217801507799967,1.6500220942879236,0.9162997683627546,-0.6138481904182029,-0.970227632584529,-1.0311270636314962,0.07902299420860684,-0.9866773509015782,-2.104192575068677,1.0571030091136369,-0.4513907362918887,0.2926177543124463,-0.020210486592063752,1.2498268477524492,1.7343411078639237,-1.3721424381479592,0.2656324086888202,1.3381630740907842,1.5689848761050444,1.5530847966483978,-0.8137740213769056,-0.17385617210340265,-0.6858275661789893,0.7272688545276567,-0.27699478285885704,-1.9478500918004336,0.9588575725976918,0.944818195542312,1.3266164303483303,-0.43976607390833533,-0.649240525824727,-0.8060451374971666,-3.476678549661206,0.3184622321154286,-0.5337349921366458,0.08271793286321892,0.6417331709344138,0.8834900925838494,1.4113241957686808,1.2675738558510532,1.7588162028657983,-1.3061152139908558,-0.5154933806628794,-0.04785600334186376,0.16710081824096712,-1.8332584523253017,-1.153596605480678,0.26150488484970497,1.0,0
0.9707553682424224,0.6959107184022599,-0.7291561102444953,-0.7935477095642767,0.036285643089920015,1.0246586313381307,0.5389894767778497,-1.3066956345699303,0.3087398869232545,-1.1792435139424002,-0.2617012530808711,-1.1546289242336871,0.3337832591532434,-0.7330766342986815,1.5208371219317225,-0.22164515488811615,-0.8257242121179366,-1.5728885158896373,0.5572609686742335,-0.2945461265876357,0.49429651996897994,0.6276894812909478,-0.06641493920697468,0.5758494430004575,-1.9565582396557928,-0.08635718395310994,1.327877579290075,-1.65280251612396,-0.8766424047803759,-0.8140135857572458,-1.2936474615666227,-0.34527362113835103,1.6232243927796917,-0.7859261925425739,-0.047672422036192964,-0.19391715257365927,-1.4545774134160474,-0.2994503169421796,2.403718197353939,2.5352366987628723,-0.8088271791173166,-0.09367291434019087,-0.9157344284538164,-0.4351154098974873,0.6367539608663794,-0.4579354323922698,1.1597070639174991,-0.2907967254336177,0.2663890384857441,0.5628592891462909,0.0,1
0.4524665432293816,-0.6646422552741337,-0.8043225329240378,-0.8787456309683334,0.7116971923767962,1.5021436215385613,-0.43066684190478777,-0.5180003498423401,1.9485268338850072,-0.9695757141097984,1.0177510250566184,0.7396285743172306,-0.3593489857533618,0.0013875179834916315,1.591697427901495,-0.4626367260545236,0.3563864257645133,1.815899694500876,0.6822681939541236,1.1846423711142453,-0.4607213210430441,-0.711883485255519,-0.8289518099587866,-0.7510970934266883,-0.9662587773321618,1.0348866270384092,-1.0383393741314677,-0.3048590629496307,1.141748744923765,0.003890907839959872,0.4140072452255734,0.4849553611841913,0.048533156890523656,0.3331860205928465,-1.175230216095098,-0.4796850027038788,-0.5731886779850794,-0.15225119966604628,-1.747543752171948,-0.09368268314862534,-0.747942173699674,0.3391205865552469,0.6539907716049345,1.095163627904343,-0.2070774530394188,-0.6422043950321498,-0.42491274933977097,0.7211772234632872,0.9099144558035152,-1.73177570234629,0.0,0
1.4759081189574468,0.04133150742107779,0.21414490233817687,-0.4935570797490842,0.584344809775989,-2.0335632159710584,-0.14627651358750102,-1.2091458426606183,0.4791692646454418,-0.5317793419521946,-1.0690752509185664,-0.025883201840909267,-0.9485901525884928,0.33643666116262183,-1.93910654075028,0.5463021276353079,0.93318425342254,-0.017146668448355683,-0.4383280408236553,-0.12627204026580666,-0.3202210553138037,-1.1712614451374026,-0.7368589416830547,-0.41241643357120056,0.35313530427461265,1.3644387630675658,0.0843418794047666,0.6533453783574782,-0.7684393265621182,0.0004176918229489345,1.498722031808735,1.0203748901321923,-0.9813902258415842,0.15060514185616247,-0.3736939679201591,2.6608826496975246,0.9630087918652658,1.9051235608154036,0.046264729448465984,-0.13019747628196854,-0.5074470793038921,-0.8898147771499709,-0.20823615049114655,-1.2325522405582183,-0.5902752100847674,-0.5587029874296796,0.08602947957696241,-0.23365130273003784,0.7075166798201259,0.4345558066210031,0.0,0
1.8135737732468709,-0.09656706437606392,1.8258239239767,1.2260138035392203,-0.3986836633786138,-0.7850463177391076,-0.6240626503727813,0.9539883868892172,-0.31246398881899284,1.2768383463600177,1.1516060696241637,0.4089767220444131,0.10360569878854556,-0.8417132439536009,-0.08563309048360758,-0.26706615767188435,0.9043747272759426,-0.05591319699991788,1.8601395391994744,-0.1438543188726169,-0.7666610134051656,0.5175195671829692,0.2674230333967475,0.15405122688504158,0.7781232425718898,-1.2861908389729586,-0.7604664717085131,0.6924140037385864,-0.8971452291836198,-0.28621677206671314,0.6942595029911044,-2.5283450274000354,-0.6692043611673378,-0.974563913410074,0.9412710536940101,1.2390769227114422,-0.3002777342309285,-1.2001462861370171,0.9695794712264244,-0.8072014347889311,-0.8953396205607693,-0.3114304594226709,-0.2928655935894965,0.8930936193026705,0.4974615456775231,1.025399321277473,0.011556380782888773,-0.7098159886435474,-2.2516266577003408,-0.2342586412667733,0.0,0
-0.9152213644947702,1.0331455120226436,-2.0145099253781127,0.2726405645177601,-0.8195020977219004,0.3550531671532219,0.34976090521528386,-0.4568213243265124,-1.7012888400700927,1.2132270530664229,-0.06926878718514562,1.6740893837416275,0.08635714370743866,-0.8779474814005833,-2.201495902043193,1.2368779265687535,-0.465068146034606,-0.6707660612895054,0.6561641018675299,-1.4293696193115497,0.6552562548321499,-0.30483179621585743,-0.010796566080440691,0.7638486451333388,0.14451539639915953,-0.4535921241541315,1.44885855054517,1.646503844705531,0.5427099432193518,1.1914870097237582,-1.990113477458712,0.5238648304247865,-0.8277936665761914,1.3175720204359689,0.6957593550919813,-1.056881938884805,0.4208814269331572,-1.8105393838367487,1.792022131591309,-0.9432347129693921,-2.1512331740196733,-0.8533893647510957,-0.52306280475943,-0.4941935619537845,-1.719535290259405,0.3796938477870536,0.2056111654260576,-0.008725155720285144,0.5329221358835871,1.5873015022397938,0.0,0
-1.7862152396033215,0.5277291003944556,-1.9272497726421105,0.9991935493454328,0.40133493859391617,2.0241537997017467,0.8446096074781421,-0.4108053736764853,-1.7560100494196194,-0.9536451398076172,0.8669131604396279,-0.9458419721425896,0.2748509459159693,1.0496277235440958,-0.7053783982474279,-1.9790322309589243,-0.6134913126207239,0.0985832454259513,-0.4863719593445676,-1.8360504157189148,-0.06998422694517048,0.7177300342704506,-0.4566513050169373,1.5081048274920512,-0.1843711585913426,0.059996835977628886,-0.5345905565717719,1.5340323309698056,-0.4135718313831695,-0.7050588893978329,-0.6076932428665034,0.5265229103890007,-2.7342430154273583,0.7516088697393826,-0.2851495230495027,-1.1197862808175307,-1.281070840014666,-0.0018374935875881552,0.9962282033115492,0.21417207541883554,-0.4356753200967309,1.9682827407374528,0.12939889888611222,-0.1079922340400609,1.6385494166245504,0.5391514551593414,0.6961231536601419,-0.8665206580992709,-1.4095954564176492,1.2776325244663318,0.0,1
-0.5188255783218191,1.2148010777179832,0.056428625876912414,-0.16002945451032827,-0.7130203726703533,-0.26539849161169954,-0.4108601723207018,-1.4968849163620581,-0.4456632358087255,0.4500975515237535,-0.5387494755191967,1.4029829525064286,0.2755168521317777,0.262914134210316,-0.6352039399608127,1.3888457675207455,-0.9932067656082588,0.6886170473739043,0.7020249412265887,-0.3253214886488466,0.26594436369721564,-1.0671714706130833,0.8787841549194336,-0.4433331355411448,1.0257430473618865,-1.7440731432153609,-1.632918077612186,-0.5345960242096719,-0.8185543872826586,-1.88544464194214,-0.290840282601415,0.2400931076496592,0.09016631157529206,-0.40608582254136616,2.0171223657956263,-0.5753037379340129,1.3437879165399005,-0.17644444800201992,-0.8699733264122715,0.6261030358723316,0.0792981571701269,0.007883667665703484,0.2382603513004513,-0.3303362741604776,0.4688937227810544,-1.6482903556754136,0.3606401202373893,0.5744881552223607,-0.6363621675136159,-1.3502003772556366,0.0,0
-1.2265396429514588,-0.6033990501936011,-0.2391159824500161,0.055077676132726704,-0.0015608458916812735,-0.7929000057139944,0.5976699027939164,0.2940342080957313,0.3785685597843227,-0.3187364712924426,-1.2439057389304171,1.574965292794591,0.3473534130020896,-0.18194882142602656,-0.14991538549151145,-0.4060581182149899,1.2667486496860012,-0.9664363440712926,-0.08213203358489833,0.727318312386027,0.358376652054656,-0.8993262526427368,0.3352149339633029,-2.4926775625438937,0.2823707373589073,1.0512763299318415,1.0065685211829636,1.466099862041079,0.6066366440877843,0.23458250522192306,-1.5335116511024485,1.458619169984975,-0.5703854695431546,-0.8894687885177844,0.5951089903262626,1.277585844232047,-1.1867323632967584,-1.0948306242303083,-0.026010147977689902,-1.2006503077534851,0.8811251648539614,-0.6230847688732136,0.01236725256927428,-0.5802488228157483,-0.7894902463725987,0.5893426231975782,0.3818216368857046,-1.3879843719941491,0.005411937564067879,-1.1407829600683044,0.0,1
-0.3526874660622282,-1.6750565186662982,0.19385788164871853,0.4468542274928721,-1.0126230431886478,-0.3440576866532697,0.6141473796007293,-0.13458992094481742,-0.07332542949487654,-0.2499202281114957,0.9427609401271204,-0.4748579319931017,0.23642391796210305,-2.1693242187837862,1.5778452132130434,0.005878319264437722,-1.5416049643596286,0.7165725299755963,0.5554805943018292,0.276230810460154,-0.5871512437903873,-0.5281655071793538,-0.27803363937208325,-0.8184128799299064,1.0826971778170609,0.5002130495598694,-0.4271451624992707,-0.04663175384268815,-0.37223177828774223,0.7791030896713278,-0.3526732761973497,-0.5445655070419381,-1.565702499771774,0.8434002888554722,-1.7309709214302376,0.4530935579998013,-0.20611781871496046,1.093679111709173,1.1582419714084562,0.8883323977543391,-1.432281705626319,0.460415832509094,-0.42520465967318777,-1.376957500189488,1.6763907487644736,-0.4923955670505878,-0.38889723597637016,-0.4887105816377532,0.3378227100425378,1.0829510025305251,0.0,0
-0.17093086991164536,0.6908914076208668,1.0536999509279446,1.5407551950166236,2.4853287205469345,-0.2421250762484836,0.2996442762889389,0.20373125962833602,1.1727172754506456,-1.201959755656803,-0.01804333340503393,-0.5056217767240454,1.0394865595354383,-1.7819141627729906,1.460051252921554,0.7567649274126491,-0.19084292671752132,-2.491416047483648,-0.6000552286266669,-0.5972254669889868,0.011863419916298627,0.578428835991867,0.5590968636007074,-0.3637644068444105,-1.315358844902677,0.8174877532908197,-0.2533947067123083,0.2697795048643143,0.2967082889800329,1.314455358249272,-0.4442704612053733,-1.4195453976143375,0.3580766202481296,0.7388298738119811,0.24409668859182,-0.2959825950177999,-0.12683955665563398,0.5715439255643517,-1.2146589479220649,-0.5781625017317564,0.04118758572393163,2.1190228240032307,0.12605945587259046,-1.9859441263487243,-0.07808384006945096,1.6836932630682688,0.039937197083817766,1.533760846045892,-0.5888821757565547,0.3185867430128047,0.0,0
-1.0461047529238443,1.3220990084320396,0.6233452872029523,1.13379161548966,-0.07605308288241977,1.1438790579614744,1.1157493803871108,-0.035983438791918614,-1.0037042121042257,-1.6123234466849057,0.5055903520244177,-0.09640081073119863,0.6410259446640911,0.5624667939752424,0.3814069014495479,-0.9139840401507672,-1.207593744290952,-2.3159547533476883,0.7438198457304123,0.059816456191262926,-0.6563001104043306,0.9689850332806011,-0.20457556163702414,-0.4121691584710554,-2.6591228857162656,1.6786127159170483,-0.5088036764486779,-0.6463928598351969,-0.990600716439788,0.2676377030693986,0.4050083170774345,1.702207836827584,0.1991973206670161,0.8382028500383123,-0.7674596329195726,-0.22311238190033694,1.6413708805886422,0.7448191154008973,2.585576810393784,0.0336667682523179,-0.8342069157471029,-0.3254650373977413,-0.5704157533957199,-0.2677801186482405,1.1310644888445869,-0.7642899004111917,-0.4913041813981856,1.6809059907463997,-0.20378886980944,-0.5773417254774424,0.0,1
0.009758043834516651,-0.6887034819917558,1.1211243951084882,-0.8414092741320521,-1.6858447761938042,1.3824530998046545,0.059650798144701776,1.0512103916204925,-0.8040410631197913,2.517043580816745,-0.496532682494997,-0.7204087313879081,-1.8928285129098001,-0.14534862889461708,-0.036154956128839,1.0208447538105867,2.16142577221404,-1.4411125883693046,0.21660358594736595,-0.003427298485099285,-0.05797019769259008,-0.4989760005129262,-0.9348725350260508,0.8207121568675522,0.6911797994773337,-1.5580312130439635,0.5136288113636988,0.19815826165532385,-0.6020512710872508,0.7683232437360219,1.2393712443150802,0.7682730550220979,1.6086379422121997,0.12273028243350545,-0.9300408937124292,0.4129138452501053,-0.974001553808932,-2.165806229193636,0.0481865395822066,1.27591422038923,-0.3718424654994773,2.8914238054784995,-1.019111198605868,-0.3737773654533131,0.6725756925497953,-0.9731777644159024,0.6627843734542046,-0.4565430475997759,-1.205571396651913,-1.165744776524428,0.0,1
1.789894758313636,1.3889961939635296,0.2009324174025831,-0.03094812864958792,-0.3670214407005521,-1.3191735127826505,0.9332808705299576,-0.013140735444761888,1.942840780114228,0.3394545043466187,-0.96502257314365,-0.37339480038730505,-0.5914229661893073,2.3621968504025483,0.91900329851659,0.2164023675864352,0.4142118058337312,-1.7529929539307354,-1.8107319557548849,-1.7050398673234746,0.8534220912753527,-0.022424676685740268,-0.6332104391800428,-0.7680335516619238,0.2837136018484289,-0.21072713243032606,-1.5204913293641171,-0.21698458693638548,-0.07577803582294489,-0.038044933879559886,0.23208818942158765,-0.3541400716580787,-0.2374367378793674,0.254452779925503,1.169436652732858,-0.4989127385824136,0.13147632099053894,-0.3836331128329893,0.5222915236985521,-0.17712686280157064,0.418327729329247,0.3607304586868979,-0.2605135530152701,1.6202725112866692,-1.5906661336153145,-0.6824768851412186,1.7067153613041786,0.17706115500414446,1.6058167864499833,1.2432980648216367,0.0,1
-0.5240630411341985,-1.8799710070776883,0.3513241238088113,-0.7345438350880471,-0.6019333930982214,1.8583240596351147,0.924933111817504,0.15502990100809244,0.02699856152008821,1.4292035185147836,0.4908948370219437,1.3213545558535622,-1.873242015094088,-0.04587945860205104,-0.4780801956905885,0.40663481859654943,0.597678025957578,0.6284394869120266,-1.3120866003855909,-0.7820791422299529,-0.39652969112192105,-0.63769176453098,1.9933476328284403,0.03974845388016728,0.15032165564419542,-0.17166055557247195,0.2817920380022788,-0.7232012370170805,0.0595432660069827,1.241553687641915,-1.1005783738692023,2.216848323105661,0.3369527920969535,-0.3381314827619287,1.0761986768397078,-1.2872989486620423,-1.2932381304085594,0.0745888160439504,0.6346559976739188,-0.6221718205902906,2.0032931594052825,-0.07076926282983417,0.2433863138589572,-0.7525836420257794,0.9287358981695027,0.8893703985168807,-0.15053062392335667,-1.598923180774335,-1.7489526388605834,-0.7182716280342473,0.0,0
-1.2541348826876275,-0.5221543637696234,-1.6720838745334845,0.8372592656590946,-0.2507075735169888,1.0839170836101242,-0.40378269493860425,-0.7775966623712941,1.467192353026636,0.15272942804684744,-1.3656740274981722,-1.2483448271324755,0.316983964525642,0.4733002792804616,0.43807613420928576,1.2054891477756118,1.7500466535069659,-1.073971019356985,0.5065447130817465,0.6282468635991959,-0.94090777563319,1.2210305267270705,-0.3049185560593132,-0.19747442339582025,1.5737202256933378,-0.4378319952594268,1.365871774175415,-0.1614433151943649,-1.1623393373782782,-0.13686816531003346,-0.2761088734383829,0.7840537137788554,0.8367344515094423,2.0562441269637626,-0.4141591253866471,0.4704336340335614,0.7072896154016374,-0.13716329913523087,-0.8906892027969883,-0.7944178726161032,-0.09245566524381556,1.1521899059755023,2.1832784494622715,0.2668810143270212,0.8330322008965321,0.8945446343466233,0.7869992214260952,-0.5206595828143711,-1.1925118871685092,0.7851825481781007,0.0,1
-0.3118785063586279,0.3638281606405393,0.4091303809969849,0.6632983931574116,0.20412458222111915,-0.03985358422978194,1.7874089043444508,-1.0239348593592779,0.8004268932666176,-0.8132608307456979,-0.09607512320997696,-0.8575826569223182,-0.4151701094488669,-0.2506321995498749,0.5932621459938763,1.6586791193281771,-0.7729239420026157,-1.6609169486193311,-0.7726209384688458,-1.286030291126774,0.2372801577267591,-0.1314251228831166,0.7893561602612983,-0.2593291211228763,0.3127895223923533,-2.3415239201480844,-0.9462068983811902,-0.8705153506997964,-0.23252382785340986,0.19306521321445727,-0.5524621786576583,-0.9197717307041908,-0.16796726389368954,-1.6432987511809711,-0.4151732425418736,-0.03195339912368135,-1.0365993425900817,0.5195687844423919,1.1793270840403138,0.2696302440547753,0.5652083739498774,-0.14394415570464986,-0.40453591617524703,-0.6802878166937697,0.48874313660634205,0.05594867779904497,-1.5051638008531578,0.43999110739486064,-1.8810712207970717,-0.6859159484487471,0.0,1
1.285108080641464,0.043006908536277616,0.6611952360473621,1.4327022865165946,-1.6069900295454083,-0.3606810150926971,-2.1143713257700885,0.3686547577681771,1.7422940948682877,0.3260578665285386,0.17686235446537174,1.5152568964250208,0.0021809358425044557,0.6258502230828543,-1.1240359422562218,2.2402233602682697,1.3345704053935132,-0.40699157224885424,-0.5221428049425136,1.9685342585110672,-0.1828853833695088,0.6594460357219405,-1.0503001868567272,-0.27443170675859263,-1.0312723635825538,-0.042381203580207485,-0.2604068992657265,0.9114299556144932,-0.37214066267973,0.7276788916106415,-0.4018560362016252,0.4600291929954292,-0.7999082206931295,1.8581778338984676,0.24882347744239824,2.2560523097779157,1.0945055432566146,0.5134211337348908,-1.90608786674588,-1.4496506026460492,0.9347502490932929,0.2578141918960581,-0.9402211899326732,1.1589667990867865,0.7215112859225428,0.5509691848022322,1.2899179175041846,-1.0832767504561356,-1.0340133455625782,-0.9486867666420732,0.0,0
-0.5642985429347139,0.1897777574922778,0.0012845284703688615,-0.17076032961786042,0.7942478175672535,-1.1256956337704451,-1.0344879367539277,-1.553920578870714,-0.8180695118047479,-0.2040916692302354,1.1722301006863034,-0.08737552943234275,0.8007190970624226,0.7934544562826349,1.2875390947274294,0.24183982471998464,-0.5169532310748008,0.3984981587073237,-0.07764454717964779,-0.9682758510173676,2.492184966377744,-1.457646958064334,1.5264509454470394,1.381941134387727,0.4244649337118698,-0.1636245224853536,-0.10974637950228804,-0.8020430680817653,0.2378043396187787,1.1019348695079423,-1.6903566929088794,-1.1535475149995569,0.2836369144680807,0.5499044776225948,1.4740226709903603,0.3944104290652412,-0.14707730477489364,0.6878302216430977,1.4930913540933557,0.5657143770800662,0.4716497263321397,-0.9400900934283584,-1.6716017511479762,0.8799385936849419,-0.6461070159624067,-2.0347630889445507,1.5462367506103984,-0.3934199286240233,-1.842390143822804,-0.65457606266831,0.0,0
1.7011015125539204,-1.7881619301212541,-1.284193411897555,-0.5963202945301338,-1.5914838716471102,0.213149753702156,-0.5490654688853651,-0.7492873838401035,0.0938955419148334,2.008023055831344,-0.1981417117681467,-0.5025487811884832,-2.0483509118112844,-1.222378741556884,-0.9049660138573592,-0.03204621859505614,-0.2818100269123809,-0.2380534283591816,0.045705156239838236,0.15688170465473322,0.04271735921998627,-0.6890502984029887,-0.9807122475073168,-0.9203572334497744,-0.13583054935284525,1.10413332542792,0.7170595427300631,-1.7121224954281091,-0.6928608175232484,0.4412222078122897,-0.6382641012164788,0.09487708173356588,-0.35302837185497804,-0.1233598248151099,-0.646178355369299,0.2778589431711548,0.3272814659136578,0.343918338367761,-0.14404390163333106,-0.20328109935664834,1.7248856665224999,1.039639071564028,0.21343706512889754,0.21710324839515333,1.8445680069843864,1.317062949930846,1.850770546031666,0.8409929344931363,-1.4118160483436923,-0.1292288295304808,0.0,0
3.274603490401318,-0.20304081459417847,0.32183132375109164,0.8745685007644327,-0.9743016988992071,0.3405215248851077,0.6526601501629896,-0.4535746344232622,-1.0768699718116064,0.499048199986851,0.59622792417353,-1.8440870030889995,-0.6207711241006004,0.7541307313093063,-0.8573762032413046,-1.1520156056510962,0.1021524187122948,-1.8831894181874032,-1.08967599079351,-1.3250534270752294,0.8476532323890859,-1.2897416384361615,-0.4596900379782262,0.4167890790731117,0.5309975418004089,-1.2791140332464142,-2.001682808341192,-0.30228719253080616,0.011702838099598184,1.0262939774798274,-0.1952002733557486,-0.9094476521039012,-0.4740660142276284,-1.83913727708788,0.6659383326868621,-0.8705063609569347,0.020330796124844785,-0.6333916074401764,0.6501543666166442,0.9850133926151596,-0.9223842108919262,-0.11986169927144495,0.42357854627879377,0.8080507280925915,1.2439273480365554,0.08839758560860761,-0.7900494088224363,-0.023683924688097976,1.1595572962995235,-1.0450666095173924,0.0,0
-0.9350753693146796,0.2207573682215156,-1.1704331093721174,-0.2385391277449941,0.5433335650889815,-0.2440984555168677,-0.30300900474218295,-0.3686725247253875,-1.4367024287692811,2.8878198632753,-0.9449025851818988,-0.6952728080419496,-1.4524223710844404,1.0853357548692757,0.4227876942375318,0.5175420202199041,-0.8089682130436541,1.031434457113636,0.5298050113283103,1.4760668483892003,-0.22355430609415167,-0.9004790971659937,0.5157635620515597,-1.6256220067624754,0.7474300955455246,-1.0210833955068233,0.6081694792261432,1.7437828001463709,-1.9565026890265993,-0.6080016596790213,-1.8082530887119104,-0.8806878223357334,-1.553351645251398,-0.8658526828953959,-0.6723517076552893,-0.2305757681546197,0.8910279087965369,0.5788000901502823,-0.706968285272678,-1.4283778073873281,-0.14608364962014286,0.922384604808989,0.19251669254908213,0.187030489656032,-1.1401845985988972,0.11084929061991773,-0.7542621763801308,-0.38496232315794576,-0.4700648128435981,0.047452867076501946,0.0,0
0.661468585960418,1.8399594752934485,1.7846957517030735,0.2642883617730564,0.8932149759378112,-0.8120386381420255,-0.3721707447600385,-1.432501506687131,-0.7245314034748723,0.953754589043467,1.5045229822614317,-0.25874949010191833,-0.2568809739375571,-1.105735686814633,-0.7401676423071324,1.5683536924535306,-1.5723589480125315,0.6092206724705816,0.9017407160471504,0.8870421142662539,-1.0790448845587424,-0.3662029478383894,-1.6667116628138197,1.1507945624316274,1.0786540191659828,-3.123583461974595,0.37145401171836745,0.3180711433486937,0.2355750162179079,0.08661366075020724,-0.213311036233732,-0.3785423338284848,-0.8000455107508874,-0.8708093364592261,0.3073994355577072,-0.8645412418478517,2.983930264386629,0.4413957601920964,0.27299542334299604,-0.7322276016503961,-1.6517990234278257,-0.7933914259172288,0.723813566072736,-0.2603869249534689,-0.02229341471121561,0.06434263066912915,-0.4902333734395746,-1.7379281854322293,-0.3166196752094006,0.02399889070402652,0.0,0
-0.07865607667017754,0.165103977097334,-0.8998897479765914,-0.7154821540669041,-0.17600086587162547,-0.9934084911476088,2.151034163304917,-0.011289640984845304,-0.041881742799033186,1.2691777739538923,0.6449618737431059,0.15120104826168454,-0.16106145049707862,-3.6490583664402854,-1.1166168239647405,0.4147077089149575,0.5588753746061074,-0.048183767629862505,-1.307869177643851,0.28133268444090953,0.7573255254820733,0.1931555126887725,1.3866680807884906,0.6134404248705345,-0.3050154659285047,-2.7801391007959904,-0.9758921815147016,0.988149263292026,1.4417574096732295,-1.3901470720614362,-0.811085992628838,-0.8514634310926252,1.0873634643830752,-0.7612415412537556,1.0810693365366366,0.3625509482952893,1.794399650065935,-0.17038466065511668,0.2169578779360294,0.2783176664638044,1.147090553753582,0.3005794742486653,2.0351805729363748,-0.4080309658716159,0.96330430985601,-0.8192429723583095,-0.14465763971262827,-0.11514707486937613,0.6458243640201596,0.7016821767571769,0.0,0
-0.4112233594554185,-0.5166121666439877,2.0256130553943685,0.22951706720009074,-0.8578232068182998,1.5946753312620559,0.654689435505265,-1.1330695347257649,0.10132568430585888,0.6153795177065283,-0.03947344449220827,-0.00893586578245035,-0.09391220183571307,0.25475815691209364,0.5942035846484772,-2.3182394389104046,-0.5886914450339377,-1.8711559925901653,-0.4445221522542212,0.4475326868509997,-0.5421527418063075,0.8082549417072119,0.951345177258817,-0.7086608356249391,1.7781750771148803,1.26088261167295,2.453976991522887,-1.7550067716990372,-0.4618151952547268,0.047810038696873225,0.8299341526796444,-0.061420937225614,-0.13755677637841107,0.9503089650346398,1.2828045946872748,0.4451740813307187,-0.9319124634340376,-0.8471740774805187,-0.7264121398330505,0.20777344737410028,0.410256147539308,-1.6708200969361888,1.4485183892620377,-0.35611464318003355,1.4449408153605394,-0.10202244582750768,0.8463783207572905,1.2642848978833137,1.5520617801663181,0.21700789097410414,0.0,0
-2.091255134521294,1.7258374702086632,0.09766480318795792,-1.380046813649216,-0.21496034894059604,0.648328507087536,0.11186765331186332,-0.07103550583422659,0.05998671562207575,0.5020091141360365,-0.5077704031800554,-1.6769724917680893,1.1329671768879113,0.483514996477301,1.0431416377273126,1.010009453543032,0.6236979885541479,0.4249580638561684,-0.7042690622094449,-0.4117238381844212,-1.4982776220910592,0.8399707447234824,-1.0814634676269201,0.7322039634039144,-1.2755722946533739,-0.35990159984848,0.06790134212615143,0.30034148521859944,0.573521356971832,-0.4147506370279406,0.6991197492169238,0.08005346077376863,0.5717255433740084,1.5219906648555792,-0.7645372206477672,-0.5029115953077782,-1.098391644451962,-0.2897383946661829,-1.020890934309622,2.2751897015563056,-0.0512279664996653,2.327459141736126,-0.5818652157612377,3.021534035397429,1.5366396231244008,-1.3316983225367125,0.7901787746813623,0.7549565864690068,0.44237643132950855,0.3331875956852589,0.0,1
-1.2590807302154872,0.2896667497741669,0.5577483348655725,0.43040552728705816,0.6117413550303114,-0.6041719225477327,-0.3906213410736206,1.2952508852750046,-0.9448928535859072,0.2458578437976761,-0.2160412194485023,1.4035352371437746,-0.7258071264408246,-0.7224828176610171,0.7790196051586418,0.2587270397656701,0.040620976797660815,0.4796557628319815,-1.649132502565554,1.6432347488530326,-1.3869658829007652,-0.7091746767993298,-1.0193801980429034,0.2682339465842761,-0.18886973341166,0.4862845170334995,0.7283068851191153,-0.7195092242665111,0.8521070150500257,1.2168484999464082,0.2690502032851401,0.6029529202495797,1.294921742220836,0.4109293236740553,-1.2585875391766848,0.8941264843221312,-1.114664669319243,-0.4643091626426109,0.8730182551834138,-1.4202645523085615,0.058242127220487286,-1.1764596647982952,-1.80627157460341,1.197688691526249,0.21974602581844332,-0.06263216832031915,0.3051922687209293,-0.08914324761020427,-1.2740114055920444,1.4273151389139667,0.0,1
-0.17101060986420755,1.0293106625131128,0.762752092765702,-1.2416098014149808,-0.2882914581662721,-0.2566186698691552,1.7086699115925612,-0.60664468723868,-1.864633439262851,0.6469965726942637,0.3024449937213976,0.0801474455683711,-0.5506388371079421,1.0802388732931472,-0.16330107583957065,0.7692606259521414,1.1393101801002885,-1.601872910337813,0.2200060516784965,-0.2580134759581743,2.5735486487060526,-0.1951701714321624,-0.17576271566872886,1.688003049839794,0.2821087595226699,-1.3705509193327092,0.41102766138488855,-0.9369658811060028,1.306816953909243,-2.698017111728267,0.6042735910746133,-1.1044764379875036,-1.2330771509416798,0.030480380995119963,-0.16096849065467922,1.122551248015562,-0.14404472316275846,0.949012035240575,-1.1295260057696113,-0.20484924390547432,-0.1090775541770342,1.5613703854544847,1.370537792465042,1.4292118704456844,0.7260541455006726,0.5684941560922742,0.8010724468909229,-0.7440233825664087,-1.186939762886718,0.7044767221581006,1.0,1
-0.3280325483199375,0.4894009026752546,-0.7623615321029611,-0.5626808720212266,1.0178776072593057,-1.1755442064826669,0.7060697379460215,-0.6363541278736571,-0.3910964368202947,0.21193433132104086,-0.8685055039373014,0.3625250696586119,-1.1831949107293367,1.089972524189306,-0.040591200875836564,-1.5018681024743892,0.0465176047015637,0.4712638248695407,0.04971933210825707,-1.0565087714007964,0.34698421712813793,-1.2840516816837195,-1.3181653550200276,0.02370036763757335,-0.7600725824855565,0.1096789108521916,-1.342968389118793,-0.4375208879080429,1.7213096710218,0.4409650968665976,-0.2748288124669158,0.5086516847487393,1.5470291893066561,-1.358435893871936,0.3641179494982305,-1.161532919203648,0.9994286572177634,1.0298133591992051,-0.717724230928856,0.8811611255969686,-0.024623739935409804,0.8704045854947555,0.25369754648654674,-0.2364253690967897,0.490319394968768,-0.1191645888371628,-0.9322658316563696,1.1897913114818892,2.027686343149051,0.03497160615720695,0.0,1
1.1504934693905513,0.11985854478373595,-0.2371474217050425,0.43485911601266736,-1.3590738776524955,-0.6034873706331931,0.4012948209654966,0.23052423572478145,1.112628603839919,0.2294534872671784,0.19648239492264946,1.9992529711119151,0.06889431280563624,1.9970046023639825,0.3982210864895052,-0.3617363382407247,1.5880628789656674,-0.06496596854956152,0.8799364346435726,-0.20106936640761275,2.266065894631337,0.1827743540971384,0.12948359601523418,-0.3704792563356177,0.6356718537513238,-0.10199665767635804,-0.7663749681792271,-0.33830717863485504,1.8102775446783288,0.05733707794198705,-0.0423154297419488,-0.05373980624249505,1.1988549016481622,-1.742919336042137,0.7852979877266851,1.2603328592547232,1.8966600753886729,-0.5248259206763712,-0.4065401209408913,0.08940846542395256,0.2899102528701216,0.3777371056110364,-1.4564450714179875,-0.4999953904398302,-0.1830583595898037,-0.7012779610836145,-0.5384990804157236,-1.979582171623352,0.4973995087091866,0.6354195742474874,0.0,0
-1.3357667858353055,0.525170492431871,-0.005339182241038937,-0.058604700715108975,-0.24749320671580466,0.2623785088242317,-0.4538545550978417,1.090611931150791,-0.4447501086528276,0.4062238489429411,0.7427670327746575,0.09400053165726864,0.2709575115336565,-0.7954372371388444,-0.3996434497771065,0.5989718306758609,-0.7234182156670942,2.357899117793594,-2.211540492438579,0.5907334850915579,0.2720222272244779,1.0240318105389614,2.592752854219956,0.2470321012995029,0.4335638112494157,0.4858927250173309,0.21206268525388866,-0.8203539844987289,-2.141513336545468,-0.7306918537896103,-0.3759724292960391,1.0152048229364499,-1.1671923924722345,0.8921419514826672,0.13904791406211026,0.10813032474424196,0.9793380270439423,0.5131839965566196,-0.6806642772753642,-1.1930625241807324,0.2393872981025351,0.9154652850381958,0.7899408975820058,-0.8266642661113129,0.006327134304536862,-1.7362227208221177,0.4907730437092453,0.04064753073922616,1.5375415300503643,0.673728903864629,1.0,1
-1.285240256190963,-0.9469938318656048,-1.3526076057304657,-1.5878877551307389,0.8231578193739509,0.5710385019546632,0.8704114123066715,1.099337234204416,1.9275775973085147,-0.7824628313261643,-0.6610906141547717,0.6113799684171385,0.8145909032957053,-0.8351125987724527,0.14189991847285005,-1.3484324977534097,-0.2983356246205715,-2.8506807437023105,2.600446107699689,0.2167017130446852,-1.797456436601533,-0.7551016185525853,0.4946955071435516,-1.9983990714928128,0.7804500233353486,1.2268716582873584,0.8017381689981029,-1.2728119922339585,0.9152487667312972,-0.4101598903779515,1.6746958219378383,1.1296498491613949,-0.26770922086062043,0.0168915302227833,0.9686164886414644,-0.8550522221089089,-0.4786665054067851,-0.3073979037186542,-0.5354669612658725,1.392182138119538,0.623227295453714,0.22795203297951425,0.01993269939380116,0.4001753867455717,0.10605910445701322,0.4973548046452559,1.250551670255292,0.5047269485876512,1.6265863418080548,1.1095613713649204,1.0,1
0.6319631872174529,1.0820552025990495,0.7091625619395656,0.2786761560050593,-0.9031004481612072,-0.3217772082370045,0.1352596795370876,0.010392928223498991,-0.5088992467217546,0.1945581023616374,-1.2313934870987306,-0.816452854897942,-2.8435656879196514,0.3653249163796313,0.023882428068417418,0.38904754026264576,1.5528104438708992,1.3342165864543631,1.959516541881816,-1.5177940015265283,-0.6202172592009652,0.23050529105808865,1.7557247278770087,-0.9021320218440192,0.2881583294720601,-0.4015551237159553,-1.3479254292557623,0.1697902611258532,1.6274554929319809,-0.1540400772904927,-0.8146366978424787,-0.5507061818222764,1.2191051300451137,-0.7164598518339541,0.42860619100512864,-0.4085390871314241,-0.9257263252914734,0.31033380603171995,0.5304299449841263,-0.7434212047749613,-1.81340345889234,0.2601813895955631,-0.09714049540976903,0.07139745313004406,-0.6563288855935008,-1.1412096539022043,1.0624214343027565,1.6950914565301012,1.8528429389303407,0.5008603397493805,0.0,1
-0.9805117647524292,-0.5663559031150616,0.7243688478293726,1.4695333223299327,-0.12830676043806266,1.6654322089886349,0.4934463300554821,0.1896294986331228,0.3626653724704091,0.06369209748668565,1.2558845051014442,-0.057368858621002876,0.20258391757414093,0.11678187974538773,1.338826358070151,-0.4695180269855877,0.6703387754841647,-0.6258074895548811,-0.8930643851147191,-0.4800554421520483,-0.05177409256768454,2.0215087312868723,-0.44715123326644585,-1.2586186165593332,-2.1896654632101,-0.025905126039096355,0.2401705369602466,-0.44240570203658136,-1.8129302074126503,0.6196149801045461,0.5565086352260881,0.8374508493180728,-1.3352799421865968,0.08023362252853185,-0.2973433960893065,0.9735363531121476,1.4806379895901038,0.19199757248595486,-1.0452285931316283,-0.1312965333212464,-1.1747959597904538,0.1875291690416677,1.0954522344694864,-0.3638933994953414,-1.794863378587704,-0.7803900414981985,0.0934582147639295,-1.2504391627757108,-0.05943258628095361,0.5172488200520001,0.0,0
-0.12616466748741872,-1.1948943385547135,-0.024147019355142088,-2.1191135051018706,-0.6111664850824919,-0.5902934502142654,0.5579149239619607,0.3006028859043302,0.09167259584471622,-0.7296916328793034,0.13963069549635973,0.9179872170620144,-0.2674117912825763,-1.2187589006476016,0.40706548665029213,-1.5745841643882683,-0.21891698904691295,0.5349791850054504,-1.0554125428272518,1.8007612583940726,-1.1437709524159885,-0.1883554691334078,-1.44561392664551,0.9249687691670768,0.5602465890012023,0.44629222306809296,-0.470152368466009,0.2407837386113337,1.1136785965057765,-1.88077994882406,2.4618359618275374,-0.9501117630577679,-0.8936727520233546,-0.5016566910241063,-0.21457794944301492,0.5509550049420938,0.3204053823095569,-0.4501638697260541,-0.0103306978554486,0.4998619515377817,1.3551705280183763,-0.18541673912143566,0.27427519275150897,-1.461708705868258,-1.109406245325189,0.3916940442007443,0.030384287564058438,-0.927533282487792,0.8029966291110453,0.30324597649780544,1.0,0
-0.987881502630101,0.5169701007406879,-0.6700487954910863,-1.5149557914936598,0.6638665568879983,0.06663782242801744,-2.3971311696237168,-2.0710641232398057,0.34913725317214905,1.4386176862645048,-1.4531380658820097,-0.3619091245104619,-0.2591366564622597,0.3917329882793564,-0.9012418987690164,-1.0307055651617658,1.1135775446104643,1.3252548275800422,0.37819440348767663,1.364577389711405,-0.4744034582886255,1.250986954342793,0.7770211143316991,-1.349005500739873,-1.2194216455349411,0.7239674317259635,0.16021220057047275,1.1409308077271652,-0.9425359337835642,-2.048785721135574,0.37509572690983656,-0.5179713972631118,0.4880926285602825,-1.4571450107174757,-0.4672643173456122,1.2937061935591023,0.7687897309124053,-1.5589743784955168,0.2012906475825242,-1.633398805305359,0.4949210601036089,-0.1640164178439707,0.12892391745673526,-1.5092123479467057,0.5492826809465988,0.05660790673639344,0.20275791992967973,-1.7868669473840202,1.4251262108030418,-0.1647232238336671,0.0,1
0.207437276858939,1.1405560782209587,-1.9800259122935455,-1.0689076586337458,1.1406493714898522,0.24553787617348274,-0.9877615655799671,-0.2494387333624913,1.3161277125395534,-0.5421345032555991,0.6420291829589143,0.02412295380263419,-0.7526972768209649,2.4205203256337526,-0.5282759818359908,0.17453653037946573,1.4663834663561262,-0.41791626545881744,0.6290722009684682,-0.6970046743232144,1.2377328784067017,-1.2447560811850678,-0.3869490890580404,-0.06923311100010243,-0.9614979487860582,-1.379079414875492,-2.0046804232277373,-0.20889070597902964,-0.9541212825418032,-0.8781941415609361,-0.6113438706446652,-1.9788731154930408,1.5462180687210962,-0.010620215743598123,-0.6086198206301316,0.26516292098454325,-1.2146775951252955,-0.3424628698410846,-1.80946017060212,-1.048571047051082,-0.7853123682380444,0.4030614272534356,0.4351858580144393,0.8820623380870044,0.6832636524969897,0.20809702624403192,-0.5107563039767076,0.3575117928733647,-1.0530310599830646,-0.17978551896860456,0.0,1
0.18445082385709627,-0.4850993300048319,0.44261787929643787,0.2655568456930863,0.22031713963172428,-0.11447352718893353,-0.2711055509983108,0.7424764579760444,0.1602714825339249,0.5358410080151703,1.878414536728072,0.2798777969635892,-0.6032376563459357,0.9796551386350896,0.4054633779683823,0.21714203403662868,0.4086587571088203,1.843761177761364,1.6070416090538309,0.8801791931952619,-0.2424215258611028,1.2396341337822696,-0.8747836655589489,-0.3440969668390224,0.9502306985092496,0.3413702756738301,-0.6062107330685305,0.07033962750150548,-1.2134805062392924,0.5898125556872144,-0.006180427456647202,1.2373061347960914,-0.9760497487383604,0.44635846669400897,-0.980432340061708,-0.5770932161597578,0.781524990499634,-1.1949806666745744,0.3514937686146377,-0.6316228118461091,-0.7663118776533956,-0.3035638784188337,0.8456023736175121,0.0078043818372000575,0.10066655426188316,0.21670310298369896,0.6610777395143083,-0.8985265825467464,-0.9635858030414683,-1.9970254458940828,0.0,0
-1.1735137509664622,-1.906857105990672,0.698004649659667,-0.6469647113565203,1.4274759432942905,-0.4761056393596168,-0.5329121706254918,0.6028261849786852,-1.9933159176714748,-0.8790007143610247,1.3507419193935273,0.13216402958448029,-0.3817346809887692,0.8012875952744455,-0.4987645514901661,-0.4012774262628647,0.9829247565606414,-2.277296839915825,0.7014449747887163,-0.4796012146426912,0.8305048871087933,-0.0545828535389532,-0.3523552919731289,-0.13977843354258318,-1.5374853617294082,-0.10694321787675777,0.11887198428591148,-0.988282787549936,1.6815739526973361,1.0069406259858031,0.5107374103785797,1.0354241816374157,1.311167852527246,0.654638810706166,0.06355661905931648,-0.3509386883507009,0.3787192888556709,-0.25227546321541044,-0.33859943932288683,-1.105495101202241,-2.187767621201992,0.23396910166817864,-0.593240692521466,1.7956465314569263,-0.545243457162688,0.18771319790986907,0.16540315215546614,1.2259441038562695,1.2955145126262275,0.43273186442630107,0.0,1
0.6688071945032553,-1.415305292031901,0.8980160073043768,1.1200276873949753,1.1641612588042072,1.2753463854597342,0.38585236601267175,-0.8398305485937484,1.0964321895124671,1.237136563445482,0.7379340460832627,-0.056793417031788876,-1.5617955602574003,-0.033610492370821414,-0.7074673214697372,0.5504005258562539,1.1032287584661,0.9122174915401332,-0.004516697500175771,0.4198823252648138,-1.1347305880133485,-0.08734590956515417,0.1735619713864354,-0.9233321942835948,0.6077434049463871,0.34307206152049124,-1.3893294019170892,0.09039028587810498,1.4091194111441707,0.17885985364231938,-0.4138581288451074,-1.866345138640484,0.29388480810235296,-1.5311326514982797,0.5754510677119319,-0.07629398046963573,0.7264844717334078,-0.6150365389133678,1.5800069610062486,0.7002433576067058,0.3509318355019126,0.6671102919496111,-0.9267657868055498,-0.41515976127313137,0.4970702344001238,-0.4950409721926563,1.2818757247095045,1.4037455202010822,0.37326980406110255,0.3050683888049663,0.0,0
-0.3580556986004585,0.01602205523265889,-0.3119941757115933,0.7156302471403397,0.1581465585258508,0.8782082691650931,-1.8669854505445882,1.5159699218081,0.3125586380368824,0.4388999233397352,0.7199938693006848,0.6738468111857256,2.436468324859879,1.3946818200736988,-0.056207311043629936,-1.2068489283410877,-2.485181316536802,1.4824476582297008,-0.7441791438116707,-0.4640857430263903,-1.8666414251032288,0.2507997569769041,-1.0996085040528805,-1.5488139964377379,-0.6136379262582151,-0.8529584627269753,0.2049699328906974,-1.0149232811927065,-1.4257634734425126,0.837307050891813,-0.2874690400646807,-0.2618833069337752,0.8381279649247445,0.2675600299591188,-1.1182074686253054,0.027892757883048826,-0.017581842690124437,-0.09179155419290606,-0.01652372217133031,-0.00863719236987948,-1.658538601294768,0.5868587205785643,-0.3155220160371753,-0.4221046942377684,-0.4190839594345085,-0.29020818980593,0.6851149883427089,1.2755612709741535,-0.13173115039141933,-1.2476066240844346,0.0,1
0.11151537091240796,-1.7028566727317824,-0.6215541601812655,0.06477909880809282,0.6593468103600648,-0.7305932334337437,-3.2506423882309816,0.6038030023121131,-1.2614093560289117,1.3559721494353392,-2.9821931493918226,0.8425144744412411,-1.5676158690732502,0.588714913559241,-1.2186623710277251,1.1762566683005755,-1.6111913161149736,-0.7265903678943817,0.6542949585941195,-0.4065330496952623,1.4878506472235338,-0.042194022963718165,-1.1236455076158256,-0.6935337804595606,0.8053479470191062,0.08088040073373744,-0.9429520540436854,-1.2441625543532993,-0.6772337193142636,-0.4296040781700242,0.38124060419850203,0.5969577130482662,-0.6676755218830409,-0.057875248125722936,-0.2392977257621381,-0.14003567506499248,0.09658691872990707,0.15377200770882468,1.2404992391329184,-1.6188551187619002,2.188010625540897,-0.2920716777846547,-0.2439857757784219,0.8209574977437825,-1.3296557714819277,-0.3174238807663405,0.1708973104645872,-1.8330172650704275,0.3427588158023231,0.10892330608502196,0.0,0
0.3713881097944622,1.8005321155706702,0.6333783219342818,-0.16593744317336692,1.521430746958569,3.128733880523562,0.8372764031490624,0.09119485582705583,0.5250285375351342,-2.005465484138292,0.3690032661953778,0.4769794369842694,-1.4163776439242912,0.04630872937660392,-0.2390588035545967,-0.5270942731016476,0.3052854335604633,0.8416666613926852,1.894263785426228,-0.16775650111647325,0.4557242410471955,-0.38657558334385816,0.8777966454994051,0.7006989162377748,0.3736117162667369,-0.1105958677011878,-0.5669730911800697,1.0988895961799947,1.7914886146419509,0.3141101756453889,-2.006874366144233,1.147436388424279,-0.37894288686733857,1.3956143587798775,0.8297750545290585,0.5122698371971685,-0.23332204952824395,0.8145184785204392,0.4277661234870195,0.33779798555787816,0.5157633330160413,-1.0326243497264542,-0.4673092771478686,-0.343025404451818,-0.3323848761248947,0.8112474159276266,0.7607751772893308,-0.2540690017458762,-0.31369720495630643,-0.7294489630292521,0.0,0
-1.3363475275712458,1.2718670938128371,1.1485025841725,-0.2644111760043051,1.2000556307292574,0.4608120182353007,-1.5522287610319283,-0.03978018632510325,-1.2961294335761695,-1.1299127204034956,-0.5273096943893821,-0.3552582722239264,-0.337911802058427,-0.5010753786285701,0.5575643348033921,-1.4807510650106774,1.481935999198516,0.5690327081233769,0.8057324877551171,0.21922281983609695,0.17015299043172674,-0.09336904110149126,0.5961162499423664,-1.062129941479456,-1.181397226632044,-0.12416746151911286,-0.18231575257448265,0.6442040825227214,-0.5166592602870684,1.1835217538063032,-0.4007697624617525,0.4139452383108513,0.3840745982334042,1.1271966853098272,0.2552480899523765,-0.3790596392058152,1.4593945253400589,-1.2650986778545066,-0.07489975935821405,-0.28635747192749395,0.17876609272385802,-0.049233508450060574,-0.8110962701823142,0.4930431390165622,0.13898077472459425,1.1391568732498727,0.028091236036430454,0.08141404978918901,-0.707497678439067,1.1234633257529123,0.0,1
-0.9593174379773032,1.0311337789221393,-1.3389007832615347,0.19168271120512093,1.969409240442338,-0.16152126554972887,1.2180334830270985,-0.09073418603085008,-0.6708921929181358,-0.1139882490413658,-0.5616616326419192,-0.518402421816034,-0.25600021636004633,0.04588103702747745,2.228738324006354,0.6073728250267029,-0.09704437745059173,0.5266020474886559,-2.074768868586979,0.10937734211046664,0.8423046210209505,-1.5776099394029337,-0.0370503814239472,-0.729879745274055,0.5903944864296433,0.8839232096412166,1.3032950457003596,0.9427053553690316,-1.259304682947832,-0.7252485187354185,0.07528560569477244,-0.08920923686286844,-0.7959500467739179,-2.3128701290901112,-0.25625786546232737,-1.018036856687092,-0.994147685068372,-0.9167950757242108,1.8437370338936618,-0.706363736611359,-0.17860502587115312,-1.3766842972373186,-0.5718396710655155,0.8375361301712795,0.6321990763832629,-0.6950363353978879,-0.7169776263900037,-1.7843806922581802,0.2496802146690061,-0.6459170407405562,0.0,0
0.5566761882569313,0.6629292089160339,2.4314213523462445,0.15538676015034766,-0.6731617744918297,0.3723215817129302,-0.7605761882303792,0.2688426548093025,-1.4011323423832571,0.5438004921496017,-0.506989779607971,0.2455979635216404,1.7262692289985124,-1.4290002894536935,2.029166042188949,0.18472156753286864,1.2322843358151443,0.15046566063739908,0.992875138290782,-0.315243445036033,-0.022223810077642445,-2.0786442184342624,-0.08350977382769112,0.26995468643779263,-1.1880840725004551,0.8507022695959022,-1.7632504925590164,1.3083349167035854,-0.34979500481764103,-0.7036178447545246,0.164709912371358,-0.1700015366917126,-1.84262679054595,-1.1873627270143858,-0.940527792269146,0.04984274734861234,0.07296870009734673,1.0272802409998043,1.0113889254941868,-3.483624325249897,-1.3259237799567458,-1.8020623661037611,-1.5500645790918912,-0.1082907726209128,0.9044567595704898,-0.4817517668232893,-1.442374018959645,0.9757230726421504,-0.2514038608087405,0.2128591675038496,0.0,0
-0.734855860585729,1.834800845722932,-0.8892626157145338,-0.6303323257093222,-1.4918404522289466,-1.5700996314557742,1.4084873163036022,0.44700911889834777,-1.1676271092716872,-1.0392946725902856,1.3241302731625084,0.9958355723187476,0.1653057836132266,-0.19986846523840507,0.4118180394081701,-1.38084671172356,0.3252102450446172,-0.6815673849583777,-0.053009208044216084,-0.6114393688387258,-0.7371130638231459,-0.6191230021233936,-0.539330677003236,-0.9575675756157628,-1.7313979823158645,0.1323015385248405,1.5831857324484728,-0.5957053866902426,1.4976009407381818,-1.9690476726398136,1.4699675531109615,-1.1575798346111001,0.6325132636036032,-0.4639173545839059,0.3841689602483432,-1.2109041127899909,0.4221987889148096,0.0917139415787667,0.8413635988800583,-1.863772507234892,-0.5032733358587603,0.11170916747004496,1.9642892951438,-0.4927295583840909,-0.8549605445581961,-0.0963936067416651,-0.2726006894834511,1.017137532931801,0.011885199685675502,-0.6597539495395268,0.0,0
-1.279985535204541,-1.2111431760064024,-0.8057871493330092,-0.11094629905984464,2.12462081651622,-0.15625824593479362,-0.1404938041794891,-0.050113340421298766,-1.2158182593414597,-1.079003652884205,-1.2839039966398085,-0.38132225586789575,1.317535626427864,0.5175454625989082,-1.038964729224735,0.6691646765249667,0.18407258460115888,1.1398330964774073,2.8999509508772103,0.2828997423545919,2.4428556321770087,-0.09904382204236248,-0.7110073380669836,1.579169854702389,0.6351344862532582,-2.388149626712834,1.418886203141576,-0.11675668066126366,-1.4862869680259498,-1.1338169406802772,0.6856273279482596,0.7653265197431823,-0.2400050746160635,0.035851336197237633,0.7811884464154251,-0.2941853736653556,1.1604106591669625,-0.6725425027148157,0.6389004831830275,-0.9815382094570976,1.1545357135519587,-0.9661985544306684,0.4900766201174446,-0.9464542475719996,-0.9046270142651618,0.6197182378425035,0.18510664087699508,-1.0170007651731237,0.9963997691372312,-0.7334576453452052,0.0,0
1.2380673588189208,0.4013185865499553,1.3895804282770468,1.4526799144650324,1.7366564521092782,1.1778737325048998,-0.6508017961591182,-0.635416278737638,1.3230178904583412,1.7975898669117298,1.1387217356520265,0.007774475622681663,-0.5552763185614525,-1.1555030655302905,0.7254772484895549,1.1471378531366974,-0.7536841967525367,-0.8865128760747364,-1.0944102752478606,-0.5264204398430864,-1.526891686905995,-0.964524119593417,-0.6641564522279491,0.388255353049616,0.8374022702438867,-0.9965591552902401,0.8115673997103257,1.8574935421374172,-0.08061008257342757,0.7879480329814648,-0.5523386081576339,0.12391092511551045,-0.09429181597797977,-0.8020518245213439,0.7623874991282859,-1.2762887958174225,-0.92499725605836,-0.0911898862644166,0.17529808853789666,1.5750388098919779,1.2356049544944696,0.38889443566652376,0.2821592136585316,0.8852815476782904,-0.3636332021623834,-1.115379532171722,-0.7687620137618228,-0.5866649131262553,-1.7188995472619768,1.6356763855751746,0.0,0
0.6119522799908967,1.0875111564499544,0.17366173607492366,-0.2470881444930682,0.34907227332036683,0.557351910156228,-0.2216017054291033,-2.4609938744904434,-0.6475818888488116,-0.2805987017559081,1.7779707666066065,1.313990583009235,-0.31901664018342085,0.29995695535384753,1.114864519917463,1.0867670826608,-0.20885782483035956,-0.3970282599551871,-1.366875998733078,-0.14864580739134084,0.08489853773232617,0.5889428787341235,0.19737691195484236,-1.859836315664932,-0.0014192804734121025,1.6107265137181244,0.3028697574820109,0.8231686266952789,-0.0072577296417488,0.5667249550624217,0.8693862428681435,0.4038358299775564,-0.4843691835220583,-0.4690399232734685,-0.5886739066439287,0.3328120502734464,0.8153657415912141,2.251602226267845,1.5818020949401626,0.6673000756725187,-0.5892263600830643,0.37594654577500697,2.956812818031919,0.13219147807993695,-0.18487309086268855,-0.34869857536861304,0.03433802980618545,1.786117204612352,0.17290473862381858,0.013657899758697823,0.0,0
1.0458223731183771,-0.21501297430471356,0.13768025148750945,-0.9228976270550748,0.08724667751805143,1.2874451402654423,-0.6542866799662985,0.0746674831326733,1.4334267839747104,-0.01262657706162028,1.9779232471795225,-1.199632383630315,0.3561636760801985,-1.0182112267259529,0.182101622894522,0.2124245822468619,2.108046456895185,-0.2697603581554813,-0.25530428157745405,0.8535322748601176,-0.9963191838506398,2.0451566882561205,-0.7732050667945227,-0.5922192724791745,0.8812541234936153,-0.05530054577932908,-1.2011695077545137,-0.3089773234015723,-0.0690813836809035,0.4353750874248064,-2.053996167905043,-1.2840143514576388,-1.7724052073075869,-1.42517927312688,0.6741559915573947,1.0040115736183837,-1.2673845574215663,1.431981397054085,-1.7567714866323765,-0.5399140126570683,0.8867673356709793,-0.9662190100788832,0.034885241318371916,0.3615394533410216,-2.0239273617449207,0.7827448547742998,1.3288915393694845,1.247128891166292,-0.29386113123354,-0.5132896612536895,0.0,1
-0.7055726576075166,-0.36622823612357264,-0.41057119223625865,-0.289399553558616,-0.3803142113622973,-1.4644599182412357,1.4528552586494998,-1.020916047987412,-0.6528577518230978,-0.5094547557749723,0.3039902750639657,0.8827226942940751,-0.7179730384894276,0.02348819808725273,-0.2082821257302588,-0.8340955629507839,0.09378485512786326,-0.2764813938659848,-1.2461974108008156,1.7160212387637288,2.4392866951122083,-1.9667426454250712,-0.5686255846758106,-1.3144408016163696,-0.3298148896858086,-1.5146392037287335,0.26214826762765914,1.4099902851650703,-1.0152775685680644,0.6238908184984655,-0.5981424137234922,-0.26539306704696103,0.9821037808500551,0.3156484450663902,-0.6980824909897981,-0.6307946911280317,-0.039468330717741404,0.7655591284073417,0.3063478408513466,0.16967831287856022,0.3566990368678875,-1.6230480991331193,1.459530497286404,0.3983651718500124,-0.07094070480043319,-1.6319095061224895,-0.3142736025124585,-0.20870062455974606,-0.0863582640103583,-1.0543124295438302,0.0,1
1.6673357950743164,0.6918256835532438,-0.5330634515937018,-0.3376174629589841,0.3558168181577077,1.4777213060351502,-0.03585269352613887,-0.9012082668004064,2.1480372494938234,-0.4256590352529828,1.252739219049551,2.8567489625919267,1.1682864960334975,-0.20784482330136386,-0.9912018960688268,-0.026700091736848345,-0.627335329285849,-2.5379919358119025,-0.5355559515758361,-0.4467296940535388,-1.9831479903955067,-1.775295075399374,0.6144099951144865,1.1786896497899528,0.7352774326882254,0.3216350668931072,1.2690111098592307,1.6612333494093474,-0.5627302609805985,-1.8695116650138728,-1.3097480522754683,-1.649810167608617,-0.6861533283068806,-1.7211685589839882,1.3733390107226615,-1.192457253075406,0.3046466673500401,-0.8890192606632729,-1.4093050864754086,0.11716307827252227,0.9998347518858438,-0.44696900980464943,-1.025309721858634,0.15490258077132493,-1.84911512473963,0.7133518148353177,-0.2420928240341014,0.4991887590923616,-1.5601270881821416,1.184219677723866,0.0,1
0.7283419016511973,-0.8591985848332163,0.4139643495312965,-0.009272060637658229,-0.7612392372220813,0.7581087565383275,-0.4451587117263071,-0.12971966306068394,-0.0004709917951160213,-1.8491090293616348,0.02234908708813124,-0.4533411328870713,-0.5651769333097891,-0.30086488565154024,0.6852980299512519,-0.7911603187474692,-2.873809156181688,-0.5020778845692817,0.2883367311607906,0.03428164061253003,-1.964635283947441,0.030669329877629086,0.141088415110678,0.3290576650861907,-0.8888424541313179,-0.5726099354376668,0.3631425998692453,-0.5419246212029227,-1.8825512376255857,-0.9937439932230536,1.9707000546547864,0.7012311159632949,-0.6926486794810573,0.4020470372594591,2.9329316391611884,-1.571013222759091,-0.4874023085088056,-0.9488617428779216,-1.3225402784427098,0.2618204446881083,1.1303996444038105,-0.4435919130213911,0.935064969663374,-0.031631184600696825,1.232024024148874,2.3506533682471367,-0.36731475142562864,0.06924414722088766,-1.3999366632801131,0.21446612507860285,0.0,0
0.9014426193180816,0.9365863320557792,-0.9399550427449812,0.2631102067311516,0.08167482098619556,-1.1839804029341732,-1.3746435408717048,1.0145426735069731,-0.4048801853549471,0.4369148400631385,0.8486851772963964,-0.287616640025886,-0.5128052237462173,0.21244339679985724,-0.5823110120357491,-1.2605892584362497,0.0668758860764969,-1.3443267575409512,0.1982444793957663,-0.12053876396649793,-1.0676278720910886,-1.3731858945678252,1.1012585789912634,0.5874008024838779,-0.031943031657874085,0.054416098415301525,0.8134791591846011,0.9133815873062237,-0.7558137988419555,-0.7059361342029418,-1.4182148999549145,1.6499065670428077,-0.35612109656721924,-0.5464815780553048,2.6110724460391204,-1.3891548958503084,0.4021787200264597,0.25626619748628715,-0.7675785560539233,-2.079603866189345,-0.9386483455118378,0.7019669539668439,0.5766978035869265,-2.5813433549892544,1.1124698736410132,0.8528193912146635,-0.6007710017446517,0.6818636064106693,1.0409788286576045,0.9055574844534248,0.0,1
0.11981020919150524,1.7894885740799644,0.3988334244008653,-0.5236253815286762,-0.5828777558802634,0.6580995056379189,-0.7488095755010618,1.7509816386684078,0.05033087910253578,1.4671992826197182,1.0561401595707909,-0.02717170972588047,1.1239912290276504,-0.9465286226442556,1.1187631106496745,0.5050041974647694,1.0373627738249045,-0.5431954369355392,0.5940740399195671,0.3868250035538264,2.0582171627453203,0.3150897821171994,0.29528872294097164,-1.2484498958842525,-0.465595448486994,0.2686138775387233,0.21826279196356435,0.474925072092941,0.9962202849507288,0.9926839155844216,0.9856589017503152,-0.23759416540819214,-0.1946646428552597,-0.4214625084896353,-1.0447307247263338,-1.096571895655727,0.40990968161144736,-0.6108254072336768,2.066853954069765,2.2280303103596566,-1.0027909571877158,0.3438787779989672,0.2514313902971875,0.4770925910287295,0.2977337100219323,0.9094083323716208,-0.9370415856877092,1.3161186738621569,-0.5496655473285317,-0.057257982852040784,0.0,0
-1.3751655182024014,1.6470820168858775,-0.7467482989090334,-0.5650085375582526,0.4920192904586128,-0.6571748153446962,0.4605441404829082,-1.0203029151116094,0.19621200816804998,-1.205774447796045,-0.2377426685476431,-0.8804373864200451,-0.04825174467764299,0.4260100247653011,-2.0043123066970567,-0.09059856381140327,-0.7547539991069995,0.06740760088941132,1.5294243815661213,-0.10826085648146287,-1.742850645550185,1.768080907235268,-1.5087465758343768,-0.43853375111888615,0.16403714462003785,-1.6290022436609548,0.019563699403211232,0.2381015243019904,0.6081126919445432,0.4103811072935669,1.3020033343269346,0.17669289167952107,-0.3004082053949365,0.38037898665823466,0.004352715896028579,-0.8741244494476932,-1.3137100708088452,-0.3195648675405681,0.8519565732021969,-0.004505133691441864,-0.4170114859221876,-1.1634658685988013,-0.3738428703286853,-0.2987435263134074,-0.2973353079857614,1.6455564914773608,0.6068151987592386,-1.300872777151539,1.54841691520675,1.1306426264189358,0.0,1
-0.8586925215156718,1.3446821644322142,-0.9461462352569922,-0.3115087779703621,-1.2234166224736611,1.4918044324288005,-0.5782894040450102,0.2361335023663186,-1.6009255385086778,0.5673135496180465,-0.6398793110512324,1.2879945919316522,-0.4223847056359864,0.5925797938636549,-1.8477068426821008,0.940145547574712,-1.662975471239463,-1.8004877532343584,0.011470413469079949,1.195250850269268,0.3698242011148587,-0.1842005944876957,-0.15875931025367085,1.2790534847575188,-0.40101380661998703,0.22203366967212407,-0.0537018829146221,-1.3353160114108271,0.7832019651695428,-0.3187295509420523,-0.7808490406642503,0.82656362453795,-0.6776564069522478,1.9170327587589744,-0.7977428688341472,0.4907256652719302,-0.3573269416744145,-0.4022435459918176,-0.5621358000998838,0.7720904919362256,-0.8143711329626258,-0.6833329379405401,-0.3363147399128861,0.2911930292702663,0.994786083026448,-0.12811684033903487,1.316611627186573,0.198138943772646,0.41235167105680254,1.1656343517678505,0.0,1
-0.265792226534955,-0.2139322582981829,-1.4186566569868055,0.09475897445537924,1.0646239219985174,0.24971196794262315,1.3879617909052364,-0.4525957330621298,1.0629291669823109,-0.8740865289102026,0.3805862381996271,1.4773662551558149,-0.315196307462163,1.3248503408357382,1.3065736236857215,0.06486268646220784,-1.6050125872628862,-0.8299197301101979,-0.0797444838532755,0.4482586383514034,-0.4889946907371982,-1.6022196700816465,-0.5017181618280139,-0.8897785163523505,-1.7846242376322436,0.406398703242062,1.498250995628588,-0.28635872070192303,1.6984349437892858,-0.2358522953923855,-1.0132375437071794,0.4635650080190971,0.6538182516688483,0.7922214896455102,0.4409522907812345,-0.5821282687719735,1.4307116239384443,-0.8196825122960051,-0.9025839654523152,2.3669581452304183,0.2601406789762303,0.36361847822516585,-2.4312443635624863,1.2109587399169968,1.1530175673621041,0.2257008631538985,-1.2731750477949566,-0.1755818228152347,0.30730553277992795,1.3341609300137507,0.0,0
1.1849639002087582,2.150213573431054,-0.08216992107859697,-0.5840278709943058,0.24424473525709425,-1.5079908951827958,0.8108263707800248,-1.6872593199045445,0.904824193953499,0.4093476815915588,0.20607778999031945,-1.0621757532107383,-0.34994781322102325,0.253417280262403,-0.4031606384802542,1.0162629350873773,-0.2649246767893235,1.0215827840960867,-1.0590581528478606,-0.4568065253884317,1.1111563854174349,0.20929177124397574,1.9717071556027592,-0.4047528564010507,1.7862466217224509,0.6060747243662626,0.921812353622143,-0.5815021962271295,0.1889186896222832,-0.1774165957352664,-0.7040382326002409,0.07223453565872696,1.195386513698314,0.9440851421823908,0.9731273770683876,0.5887985778292011,-0.6266286849146441,1.293332238775012,0.4538649666400558,1.2787221454316526,-1.2677232802037897,-0.5504711955806099,-0.013325589030249349,2.7987467516405995,-0.4087407969701555,-0.4042202224223321,1.3407658403922236,0.8151568616868269,-0.6189935651405016,0.565393208422484,0.0,1
-2.3544390995281788,-0.6424424879527673,1.591748818568702,-0.4748383051840392,0.95516179466781,1.0767359751191128,0.18959713946972775,-0.6414509008623643,1.738453261123451,-1.6666671112738638,-0.7344856134642589,-0.5624654812199504,-0.8318834375440102,-0.7637130302390217,0.440432804900951,0.7839031331149242,1.6197718844018338,1.4653003330307546,-2.4297560414219617,-1.2091182509316012,-0.08918902088105883,-0.5376826662022629,-0.12821812802670146,1.279535604679455,-0.4934760017894214,0.2661803116239649,-1.7062760808569732,-0.4412175705332424,0.08762971906210079,1.2905096804260472,0.9960495288724548,0.9253312857206084,0.279250118740116,0.6101182514900537,-0.4255934400121979,-1.102778025505604,-1.151333449554999,2.9074260816377016,-0.34004542110392416,0.7530574159766087,-0.09598141904032148,0.6552197251590813,-0.16420632467842575,-0.4080871063007291,1.4107751885126671,-0.2051485511492265,1.9912733668690543,-0.5265028327043237,-2.277606805886852,0.8847920719703647,0.0,0
1.9417573517087825,-0.7092722993914345,-0.10727663154338192,-2.1573312979264645,-0.7169620057406001,-0.5427978202220306,0.8157211953163886,-0.6036601594398808,-0.16996481138315594,0.21102701286154354,-0.12640660811738133,-0.8058176895845088,0.5875419704801211,0.33325853081446644,0.4180217126267377,-2.1526298330486893,0.21931065565591312,0.03779718321981186,0.15865839900481052,-0.9911207355774284,-0.4061459330504534,2.2213493104628927,-0.26968116800727265,-0.5984134626340335,0.3235855526238684,0.8514106169275514,0.10562352411359184,2.0068158526253894,0.6651316851653496,-2.515300267329688,0.4656508016092371,1.8988530132253645,0.1507510749708515,-1.01165592796198,-2.4907924292110084,-2.8496445684786833,1.8378294864472835,-1.3836699260856364,0.6422942189212443,-0.7071250391659106,0.6675558815462026,0.4006304986515661,-0.09996625415175342,1.2621178725320177,0.015925593735297255,0.5802681697283893,0.7175346953409891,-0.4017993782743069,1.5085959243772442,-1.782282670789331,1.0,1
