X0,X1,X2,X3,X4,X5,X6,X7,X8,X9,X10,X11,X12,X13,X14,X15,X16,X17,X18,X19,F,Y
-1.683525120405072,-0.4305109750162484,0.5433620140503456,1.9303654515330329,0.5649551002741179,-1.1322050138140434,1.0491289373433879,0.6056019365943367,0.6235151889115044,-2.198107483434125,-0.3992596019357904,-0.009625617544337007,0.4238528661462483,0.4909842025395828,-0.9275040345564424,-0.20330343170847948,0.029804063766895414,-1.5120189229869958,1.60424245432904,0.8088372887164833,0.0,1
-0.3679865456584319,0.2842436770375691,-0.10470138365427807,0.9987591665209352,-1.1723371950659962,0.19871984064851933,-1.2104023333958571,-0.7271707846982469,1.810875497549568,1.0300144481602271,1.4724742194858258,1.7403554136518005,0.4026843185741356,0.3626901405312148,0.5732911138713543,-0.5344698466627513,-1.208256586520029,0.3300058316298192,1.6626346279735371,-0.5953742170773366,0.0,0
-0.5427871289629982,-0.3353560607174725,-0.7529726480772441,-0.6292560031756118,-1.7156455869461305,1.1899262652033336,0.5981335650676336,-0.14628849785823497,0.3292976519848957,0.14023151016011506,-1.1392634218353832,0.018932117763649118,-0.055921575393402666,-2.571603582830676,-0.3139867445832751,1.1078076663024412,0.09765903103423164,0.9264871878801688,0.5199731099818793,-0.2971776250525229,0.0,0
-0.6595055717316725,-1.582993561123847,0.5315640212057491,0.5672895101841973,-1.6692192182853045,-1.392536624337943,-0.2488795078780475,-0.3271705013482809,-0.2701264470046564,0.1619877914399794,2.522451947196305,-1.595752289784491,-0.7060662014554576,-1.2227715022373715,-0.7620885036587803,0.3293918503951562,0.038911121468772916,-0.7333092593652608,0.8505832717533537,-0.5015606494630737,0.0,0
1.29518830275383,-0.5419795934070277,-0.7114286362264131,1.487593450880779,0.1498152477056321,-0.3600485314303913,-1.6650588242597633,0.37474860218336176,-0.2952347241349492,-0.451181549132227,0.2625422695896804,-0.16704580986083667,-1.3324577097358477,-1.8704574712287576,-1.4788322909750848,0.2447258533877679,-0.05443200673276969,-0.5955966457541719,0.6690242698296301,0.7315892214287782,0.0,1
0.7372994181359805,-1.2929978543520064,0.8756817878476133,0.7929183659678244,0.5785134837661311,-0.6570502726947784,0.12265233490635633,-1.6956106002551534,-0.8966247540928708,0.4732420453288098,-0.376977767914764,0.7781544325402637,1.3357523423784523,-1.3951970942818812,0.8456129448925659,-0.09662269466305548,0.3910788010100064,0.03685061448846129,-1.3489089826564922,0.7029224967098503,0.0,0
-0.11696015911302787,-0.20652195473938495,0.14383825063665864,0.8061213198864973,-0.5900670523245931,-1.169136417371816,1.6941554886275945,0.5347921103316139,-1.4676576828230563,0.07290846808583194,1.0541882496067436,0.15788515360649485,-1.4955204537956248,-0.6978479379229626,-0.40219289586057394,-0.0005642450382469138,-1.171136814467213,-0.13545647902638125,-1.3343360505782764,0.4164706665064624,0.0,1
1.5002183049511115,-0.2701236413221084,1.913934913693988,-0.3822964372774932,-0.14807045397877386,0.9989351942072194,1.0911732001268002,0.5707315723635857,0.011261592212381105,1.016283837025965,0.3081556219733015,-0.6697017709526605,0.6238224729955242,0.4489886697793346,1.0945136406293374,-0.3798078070461585,2.079718461636776,1.061805917238592,-0.419795418588032,1.019052649141507,0.0,1
-1.226220674875974,-0.5345762319802628,-0.7438941240197711,1.1245511952773861,-0.4236727048560278,0.7642993328449301,-1.2615265680967311,0.4497295442366558,-0.6867635002192309,0.9772798358097491,0.035224038782134266,0.8404279863689341,1.6998021450348704,-0.6363681551040603,1.7761274065599435,0.474513926854057,1.343554504938401,0.7937300762085887,0.6453532195449051,1.1562918300177512,0.0,0
-0.20000554383413133,0.15093967594929633,-0.4910120552079909,-1.1039123765774772,1.0336468384253241,1.2553247198512292,0.3060517249733984,-0.08595081360595212,-1.2232457824464056,0.8868370323956716,2.1526066977066125,1.1444507877424812,0.2504008193372493,0.036153540357015235,-1.606800146362844,0.7371549298994369,-0.4564861700926747,-0.7789117443996778,-1.2494486836617285,0.4518525441319654,0.0,1
-0.6249398648948692,-0.2979238313712806,0.4243319142717688,1.7570595350387996,-1.1772047358921267,-0.7382606931409279,1.5716462936773368,-1.0930119162656375,2.0433793657852304,0.06411605766120536,-0.2064191898742651,-0.9158931230708146,-0.4356702316224866,1.2075446927981677,-0.6002503452478473,3.3732323086999494,-0.6879441902479642,-0.28685751137601484,-0.4640312880280612,-1.1225327360239403,0.0,1
0.16202226082040327,-2.998335297114469,-0.16818618314706904,-0.9838237561960894,-0.2826646615081895,-0.6892384380663826,1.7597319798911937,-1.5259856220904342,1.1180818171215667,0.3020783696863727,1.1543489273739735,-1.3729776424157103,-0.7716580525947054,-1.1288636680028716,-1.5340752019109658,0.19451005535922608,0.5070586503718824,-1.4593728142510032,1.2657550392055812,0.4400804302775693,0.0,0
0.17859359039139408,2.0320587617824546,-0.01552970414676317,0.5576184325633022,-0.901658690500657,0.3159617183809571,-0.10013013779150656,0.06705075101458248,1.5470935592491115,0.5211685821985428,0.8088699041124401,1.2132075221807703,-0.002531981163339537,0.4028444263542452,-0.7016625811798876,-0.5652798271132837,-0.9113296726958684,-0.012000533127931309,-0.2240026474753393,-0.5130026093452831,0.0,1
1.261409802730851,-0.8209763448566925,-0.7011247141214111,0.4937833787686904,-0.8838890910771612,-0.1530036207017184,0.7958575493245534,-1.1896692375190103,-0.6336197329818345,1.0959087969127173,-0.27394700386785953,-1.2337500847118812,1.828740510564926,0.06589150054858288,-1.4002546359349313,-0.3167657171033833,1.5954685430381503,0.20989747798546096,-0.6554869273662354,0.12344296174900235,0.0,0
0.4229610806002158,7.950520382507697e-05,-0.236222722811874,1.1012860704440082,-0.5811104439426582,-0.5800245716539906,0.9738069384315122,0.08909734371669971,0.9028441533907532,-1.7484607812005388,-0.5916119099448404,1.6092506842028282,-0.3696589158141309,0.14071942928509462,0.5938082479583092,0.842554855821362,-0.2828722216597165,0.3153043454562642,1.2671507363035168,-0.7388287126928265,0.0,1
0.692766234777932,-0.3754742682010049,1.2476823286890433,1.3989622382291629,1.0223666172161825,-1.148665445721945,0.8652869720611976,0.475869030827104,1.0254677196320596,-1.2683987316324663,0.3380157822585367,-1.613950427937184,-0.4743644182877565,-1.817314661137268,0.16225104832624312,-1.8416655448363808,0.7747315455092666,-2.389724935381014,0.48096355068785795,-1.183456514877549,1.0,1
-0.6917141407272925,0.2093877404169204,-2.87733912516227,0.31014426261638617,1.12266387748678,0.279489922349913,-1.8223557271737576,1.54145875318005,0.4052674111053221,0.018674674576641608,-0.17742546131840387,0.760287847993846,-0.3825769096446592,0.4038424191853477,-0.1483056828907532,0.3884661322788507,-0.6993152179039464,0.5040738918863982,0.9376874046616638,-1.4255257469518845,0.0,1
0.258214098695413,0.6400112021082656,0.0915781492905033,0.33802355780211474,-1.279264960444468,-0.9805279649491792,0.2823326621940989,0.4143290696780336,1.4399944968197544,0.28840762493485217,0.5008912842014712,0.4762162683899888,0.8920329648647787,0.7113129682201261,1.7767879460422538,0.7425630423223579,0.3973027367585456,0.3436922235178283,-1.1586407471920772,0.4344162482710385,0.0,1
-1.23590714736677,1.2217513722473412,0.4772794388323451,-1.3415617423435269,-1.6358243816303308,-0.3379393588724982,-1.205902926275894,-1.2011880430203912,1.4600042743988797,0.6916393855460287,0.6805687071055583,0.5570271288346552,-1.1569261283240977,2.218126182536111,0.9862664455573932,-1.127781749984418,-0.17829937973109325,-0.5422584314364978,0.3778350195621185,0.1910976302927632,0.0,1
0.10833320060379872,-0.6875302513222362,1.0296581223458774,-1.419075658930515,1.575953590624554,1.1683209387685176,0.1792346874879044,-0.4209195173290906,1.882000158174111,-1.5114956609329897,-0.6833355140594747,-0.9241596788941984,-1.2132202498465765,0.6069683220728751,0.09285060019684538,-2.009268425198578,-1.7169401760887997,-0.19076433032954654,0.019364770919594432,-0.2593213070327604,0.0,0
-0.831322312423274,0.3999092924793554,-0.4311650442680589,-0.8079289994525893,-0.06476821828556216,0.5000302529705958,-0.6283988242967393,0.9738343365557852,-1.7393631971051768,-2.084466026225392,0.7924727891347649,-0.13928739939264706,1.2147294235124495,0.11733543967547108,-0.5099435937837974,-1.5761804527289085,0.4193602060145882,0.11284862777144793,-1.6787585620103782,0.2842673895985706,0.0,0
0.07965372046052721,-0.3468456913054376,-2.112800580079422,0.532815245706267,-2.1349857596352866,1.3435630072506108,-0.6997289022800248,-0.4238907427626432,-0.15003760749417375,-1.974093352301974,-0.15890813293383038,0.09749016090117056,-2.2191197209146583,-1.5556260422382548,0.007784024837267923,-1.7892551875934453,-0.8087251297769547,1.2065746754311018,0.16602963051326314,0.3522115662508241,1.0,1
0.040873466364679895,0.6139444847582345,-0.26702568109514524,1.7226906080415416,-0.4143978982707724,-1.091969203706069,-0.11469173945958162,-0.1874392932881468,-1.3420700933173484,-1.441914292574856,-0.39568952639353605,-0.0728211637166787,0.44221667856219893,0.6596532573845427,0.6067056215473519,-0.9652584628695656,-1.0400222681058888,-1.4945258181796628,0.08796980396713226,-1.1723847164386856,0.0,0
-0.11994032911202974,-2.142226457213112,-0.25606384205317506,-2.370675489072484,-1.086389555304606,-0.09946123836024462,-0.9421645889892792,2.383346818318824,-0.07857340700444516,-1.5315594017673826,-0.17958520786164667,-0.15882766758144667,0.2640007237497403,-1.5449549943576788,-0.563079835120236,0.3254710326196909,0.9280652554740212,-0.8350395555407426,0.2188662191130251,0.5428894519015719,0.0,0
1.3917193890016828,-0.0022087134788199127,-2.6597928141984832,1.478589282108029,-1.6991785937004704,2.0695297925189937,1.3545044372695485,1.11251656347303,-0.8662360818795904,0.5605570125428591,-0.8848579704632443,-1.176515101934332,-0.2577681307645193,0.1553321925211992,0.12962048412755006,-0.5292553471865282,0.5254892326040485,1.0647281163457043,-0.7037363918799042,0.9005026840318275,0.0,1
1.9522972657389188,-0.5041229107679485,0.4893136440639235,-0.5879789325698793,-1.6401697301840514,-0.09647324031518026,-0.9048768139642128,-0.019419648495130483,-0.47320047774507895,0.22266463493198554,-0.8733144328150181,-0.4657035752990176,1.5151636694548467,0.5333183018584168,0.7948080928586975,0.7906267354930522,-0.3328036379415976,-1.072768618649098,0.08436333028267344,0.6825039633236156,0.0,1
-0.19235241249628132,0.1966119436257081,-0.2552363202835014,-1.9604008016956767,0.24253495924145085,-1.0833745911912276,-0.8212883667163366,0.43999513912050014,1.0608469856464189,-0.7509254778795612,-0.7469279010241509,-0.768198001557138,0.8779363270855582,0.11575609566254988,-0.38229779715242784,-1.6235579679068517,-1.4478239849269139,-2.3987652049200685,-0.10868845154846787,-0.4889530913823616,0.0,0
0.5636242485975649,-0.2036043817811077,1.8500974865249589,1.0211701336938461,-1.8286021074288807,0.5431253795722862,0.2918395912696462,0.4338388670636392,0.7514119455637641,-1.2646687020279481,0.02371053640938355,-1.0634979399400717,0.5348449198248831,-0.6707054514472633,-1.6865552622644402,-0.043274765716689714,-1.0018268152255865,-0.7626432969947573,-0.1997195859278033,1.1958064011929233,0.0,1
-0.6077922587668455,-0.4662243189056954,1.5924613853746192,2.747161889468705,-0.4645381818408393,-0.07166937941785542,-0.1433212002690208,-0.5881279948128711,2.136814234754969,0.2062851223112822,-2.3923401409546976,-0.059456750262908926,-0.4252311267706773,-0.8279040577000074,-0.3927981585829928,-0.06308805117698492,0.2152080733928147,-0.4647728640677545,-0.1342628089719689,0.9759009403195166,0.0,0
0.9263821462487706,-0.3242266597886471,-0.02439939114599105,-0.5927222522775533,-0.4652384423484928,-0.5118772294625346,3.160957560646791,-2.090925645332994,0.09895359062473508,-0.8847827019982055,-1.0850350631722816,0.5573593262881367,0.9848361851150182,-0.11478182199977785,0.5390543344745888,-0.7510580237633773,0.5014336108814242,-0.8111162308258529,-0.025519749703652943,0.5782452840160602,0.0,1
-0.0415052696078872,0.3563675138261351,-1.1086768485632978,-0.3129608353602795,-0.20500795495990545,-0.6059826110738427,1.8065156872878687,0.12389804330181632,-0.5796704662780365,-0.2122949368643659,-1.607208631067699,-1.6694723913065663,-0.12722794236279855,-0.30841109361717506,-0.3149211358125356,0.4273977033676608,-0.4342731900680998,-0.2454636816401351,0.7335956282700179,1.0745221078020155,0.0,0
-0.5153844997601774,-0.4656245368083309,0.08361913661576774,-0.9273525662253232,-0.3916055057079647,2.5788373211065934,-1.6246691424506532,0.08702248039943948,0.5970002942575712,1.9376626391437157,-0.15943979567383773,-0.4121562979727668,0.5049412099864546,-0.7513100799063929,0.2880279852061729,0.14307512348137758,-0.9843379433098168,-0.5661301939229045,0.4078320975136562,0.8503388325188508,1.0,1
1.344326445459855,0.9876819831181046,0.3665135728081187,-0.41127758682122106,0.261486162760947,-0.11516444790035485,0.3254512355701116,1.5245453119822665,-0.31886559882126025,0.22324903786163086,0.4469057046875377,-0.7561494429714565,-1.4537176061574184,-0.7298818736703404,-1.3067328674849392,-0.20296493989177836,-1.3954895924369546,0.9980948294581672,1.0994743285259194,-0.4077849262826352,0.0,1
-0.5062233709730748,0.5940051203027844,-1.169321195780764,-0.8114814541179902,0.7951117635774746,-0.2051027768295688,-0.1501861126891357,-0.18049291918121552,-0.003099773117990265,-1.520147494458887,-1.0428786740798366,1.9764398876618028,-0.646841252354255,0.08346856380455983,0.4367872376487841,-0.026036630531952158,-1.3814598279021078,-0.3289170946654529,-0.33505856555563074,-0.9799244876581082,0.0,1
0.1765622692296772,-1.256682962012446,1.3558812033442549,1.3203456465479186,0.07840677401568276,-1.0426179306395211,-2.1020327394125133,0.03594859156070799,0.34821399188070123,-0.7475370741678556,-0.3928170493336697,-0.4422481741556708,-1.4123525909172625,0.7962277845559954,1.3051803443380048,-0.11572702120921048,1.4563216745943015,0.7776691015421928,0.05157548229623511,-0.3885410445900232,1.0,1
0.8397219289764551,-1.1304766833313074,0.08218608723093263,-0.16328459352982538,2.7266690420102946,-2.459318234627463,-1.5439126380384385,0.11552963746048643,0.4660140022925974,-0.27549866616438184,-2.293851141981572,-0.1503536478292989,-0.2173890704951238,-0.4399929365951166,0.7208567638250705,0.2603051965297771,0.6758064095326065,-1.6392296025404391,-0.49824473826279403,-0.00960707429680822,0.0,1
-0.18838489142797155,0.7251729619402777,-0.6667447763942994,-0.12677987331463314,1.002540248353071,0.6243685744746638,-1.4656230791400948,-0.04008378959500916,-0.8143983740651883,-1.184501676603325,-0.3314656243387721,0.4781936688167137,0.4251163870214087,-0.5579180641471216,0.5221430791509017,-1.1953908155314896,-0.33869725809218193,-0.018780467301946453,1.7041843345182612,1.3990890625377377,0.0,1
-0.5981424137234922,-0.26539306704696103,0.9821037808500551,0.3156484450663902,-0.6980824909897981,-0.6307946911280317,-0.039468330717741404,0.7655591284073417,0.3063478408513466,0.16967831287856022,0.3566990368678875,-1.6230480991331193,1.459530497286404,0.3983651718500124,-0.07094070480043319,-1.6319095061224895,-0.3142736025124585,-0.20870062455974606,-0.0863582640103583,-1.0543124295438302,0.0,0
0.25588062251189503,0.4599456795999411,1.2339524350057158,-1.1564651951200104,0.7334054682881438,0.0011301627127144347,-0.5956706046029673,-0.3510266616804448,-0.16186562528280118,-0.7819708032507491,0.09800752642571872,-1.979991370424689,1.3493214572038659,0.06238618643032012,2.7636082520280603,-0.2766140139817285,-1.1351871424645965,0.302138541715737,-1.0012879851971863,-1.1088302209587182,0.0,1
0.3843541902857912,-0.9193228799928528,0.882520074775612,0.0025058289202802672,1.0996526140125369,-0.7494488901615854,-0.08566047525756441,-0.3664211594269197,-0.14970568282141095,-1.6300200849178896,1.2162240118171443,-1.1065584656784169,-1.0939642067766515,2.4613585487267904,0.5657059037595628,2.292802864717681,-1.1640598740109451,0.8733083005479244,-1.135334904237013,3.0113258914267385,1.0,1
0.6534455565088011,0.02478547967221749,0.5878605250064424,1.559282780633264,0.8429940646977514,-0.5383822658144574,-0.40443965365481305,0.9541341653374956,0.8205513989813531,0.3051557986923959,-1.235898181446489,0.8322165369671238,0.3821715309027744,-0.7329782789169657,0.5060597119402284,-0.26025985033982585,0.7042722073288928,-0.8209742936536496,-0.17555505803176846,1.109713406811062,0.0,0
-1.4620510215602767,-0.8017132985059203,0.5179641103062341,-0.3547366817240521,1.2868406428304835,-0.6482481602450194,0.4564319638779124,0.5034506785672362,-0.340158165268362,0.5316046453350446,1.6728727606397773,-0.600028672100048,-0.426543503134706,-1.4277767186754784,-0.2322074761076761,-1.2388157942800604,1.013880205626396,-1.2551049653784008,0.9908835230677696,-1.2369814913419972,0.0,1
0.8203586740375169,0.5733834159215117,0.4194412950676464,1.886119517144426,0.6237995909634373,-0.294579484824616,-1.1274669739726475,-0.43832861991175176,0.5641928002766969,-0.014133948043990891,0.2133273219395835,-0.8601883576004897,-0.8652249480269206,-1.8821117890616057,-0.8113842838098441,-1.2186267468219945,-0.5272999773354213,0.9427055764252844,-0.571370445413082,-1.2109925207501802,1.0,1
1.9474602287340939,0.19325548173011645,0.5219723571701207,-0.8635907924198856,2.04386273259516,0.6380570986259512,-0.6624421673790034,0.34677111121591075,-0.5354723141003481,-0.8597015141388671,-1.3094265846367021,-1.8285643732614345,-0.8625065289211655,1.4222201521050617,0.9940644992180064,-0.24999319931276384,-0.6958497364154816,-0.4482249344457888,0.8645113013481365,0.331905417361699,0.0,0
0.4406408671347191,0.2809229375273499,-0.7221862296008864,-0.3710378803910238,-0.2309483840361821,-0.9900311442363444,0.6227657175621275,-1.6809409573524712,0.3725500567783206,1.030778972273802,-1.248018662338235,0.3048346201129597,-0.7879584767241005,0.8618230467070447,0.6106842601026429,0.06750250932670207,-0.401763742015524,1.0607187046392832,0.3268124719052087,1.4216597751122415,0.0,1
0.44312836575208797,0.5586591455247478,-1.7781016203587372,0.9940358969775336,-3.009706242822052,0.24080539748738405,-0.9531106219353584,0.3386430332445917,1.0344344831614418,0.5980464076424971,1.8430838871135011,-0.6317832783847412,1.98165640411296,-0.2757870596803474,0.28159511182621505,0.4465830629311926,0.4401039398334944,0.5926840665889963,0.34435472481760143,-0.7650473052813234,0.0,1
-0.016665039038962874,0.6548107130228841,-0.5297218921841134,0.7016455558068949,-0.8029394396519545,-0.0255303505352174,-1.164835350410265,-1.9074005327962704,0.4103098567305441,1.1395412722539262,0.6477347350258242,-0.6679517416811699,-0.28887014512996845,0.6850596844332864,-0.8560104802562785,0.05675939746985365,0.2626743815124533,0.5356050055800851,-0.10407063620642583,-1.658347676564593,0.0,0
-0.5263729667176678,0.10936388837530947,-0.2538427835641395,-1.3798966657892755,0.8660278505119584,-1.3723431298179645,-0.2882802582448868,0.5252899963984247,0.008766842826577897,0.14905131078987696,0.8052001778682185,0.7539580043162265,-0.7447837560788668,0.7428961971571979,0.7356255959566613,2.565119536767616,-2.4421822749626214,1.7235851864792058,0.9264400763967564,-1.190089201028442,0.0,0
-0.1379651658307372,1.4089864513688068,1.6048061904782138,0.8030004344714844,0.402957609675466,0.8364364744418513,0.3071301628386384,-0.18808344598980367,-0.7031104332145544,0.6192162397511034,-0.5881419083894079,-0.11549931083159345,0.452453448661529,-1.3543168266480792,0.4293077535459072,0.3825881941151292,-1.2017025016201293,-0.212979855756334,-2.3414803014067225,2.0078552592637857,0.0,0
0.1638227990394138,-0.8665104521854149,-0.6359873742490505,-1.1555268614690586,0.7824131442718629,0.13525880043357486,-1.3023257931679912,0.8340146138612186,1.0982242720696629,-0.19099979457998226,0.5177381624468641,0.8790151562259064,1.299456146612138,-0.03327044342700708,-1.405113195881826,0.5882110993590336,0.8234901639039209,0.2764994111641038,-1.8382348608761108,-0.7800947132434678,0.0,1
0.7954553655937755,-0.8539766045537621,0.6766997031291431,-1.0597492116534408,0.43035037593130987,-0.03710177892627207,0.8480583956580862,0.1819498836707432,-0.9000238631440315,-0.6973512485543245,0.5274144564347615,1.1488906932828304,-0.1612665040252041,-1.1061060254123678,0.5917134710290938,-1.3713202259563717,-1.043714449697425,0.4321411960274776,-0.4294226360083714,-0.4586791827820829,0.0,0
-0.7348631902397338,-1.940594479694924,1.1761329718715403,-0.9724540443442624,-0.44653367749322265,-1.984160162043767,-0.6468189189431657,-0.21173219911909685,0.0710025182157749,0.2847436253086675,-0.3871690673769006,-1.063747273423874,1.9551724946271485,0.33046486117868024,-1.8990564992851895,-0.5887866167901177,0.313857580866274,-1.2094723808323955,0.0666923183550919,-0.4044376947420037,0.0,0
0.7749549514160828,0.8902307860952858,1.5229978230277117,-1.2616593494056645,-1.1837955788789352,0.17816844396676446,0.341756589173002,0.3692389243062458,-0.93289779294153,-1.210427375908259,0.2232995820551021,0.8726467602697616,0.12918769215655254,-0.10294402562289018,-0.7084460091885665,0.2755541022088428,1.032547169075298,-0.5717877136714257,1.1357524669024828,-0.2456881126038983,0.0,1
-1.1615496032882946,1.0386435709937063,-0.13440686868229096,1.6779122594176945,-0.838257974339749,0.6708515460576919,0.7030078446744166,-0.8124165709219597,-0.0067427693623478896,0.021397399715068082,-0.3462984447127577,0.26423797135276555,-1.4129092211107248,2.1644549977937504,-1.381465181266328,-1.3652778771189105,1.0183835728588546,-0.5405044071267725,-0.4840544525534547,-1.7267311197431503,0.0,1
0.4887627539146201,-0.4220191536741963,1.1644726049235703,0.6216629452942576,-0.20567616062139096,-0.3953370144092385,-1.47589984776189,-1.7231029285187067,-0.5163559842319104,0.7356009789950659,-1.9467627772519125,-1.7200604782773394,-0.4647844277051531,2.183311692768682,-0.1456987706233541,-0.6013259867586328,-0.3870018617316519,0.6562236199279536,-0.3824242012154537,0.3461382485973221,0.0,1
-1.0249186764710565,2.259332421575317,1.057905564302153,-0.2499886411895834,1.7661625871955902,0.40471388472324704,-0.927918155941736,0.07858442449716943,1.175407558713411,-1.450162278871726,-0.24412286645581135,-0.8315828455644305,0.9835323382102328,0.43452512532624016,0.43787275244510204,0.3344837531639451,0.06612585662925208,-0.21433088461303634,-0.396167848077174,-0.8721320734362895,0.0,1
-1.0634903297659364,0.5705852557883196,-1.4336125652625955,0.3514342999027718,0.6348566870671504,-0.3278337358015781,1.0890637364959368,-0.3812573546563258,-0.2532961296174268,-0.8554700657795509,1.4272934474411698,0.8582193008629275,0.8508898132516693,0.5330907553440329,-0.11530878920869644,0.2969089627086183,1.754106502074259,-1.2816934902440065,0.5169218833875285,-0.28385995479501824,0.0,1
1.2748653321785917,-0.22818756456669356,0.9003653182144528,1.206024058775778,-0.6027979563384864,-1.7811768737703852,-1.114007663849217,0.3345226999103676,0.03701137156853322,2.5382973505263977,0.8910218780255528,-0.5655161875732151,-0.4728822089260152,-1.0289583628805403,-1.7380298384140318,0.3795326492416371,0.21205655820503225,0.00942801156274298,-0.047475625670130285,0.9579921796661608,0.0,1
0.39471375722961344,0.5711999246681592,0.7028754549940606,1.0035731616113328,-0.9517829519422826,-0.18722110446078447,-0.0022193277414200643,1.6588459892231306,1.253871051853243,1.0012346287508431,-0.7157216905767745,1.1929933048436423,-0.6093480172344855,-0.7828265891043334,-0.039797075978540535,-0.07055488540321693,-0.961498879486028,-2.1688084912754624,0.7522494984028817,-0.11271610994785786,0.0,0
0.2649503247907988,-0.5948375027836837,0.0912655371789782,0.6195904184852669,0.4843764840685445,-0.032290347453126686,1.3791781968454941,-0.4521670617568934,0.9004614641398568,0.867720173830425,0.7599564462182856,-0.9149094314361592,0.05398031421326816,0.5223617395156178,-0.4311165569203354,0.8654912260512315,1.0356160561004604,2.7470186734625828,-0.9834855327563856,-0.8929447719690641,0.0,0
1.86724523924701,-0.18325282580808575,0.056744774266479066,-2.407000469963449,-1.0294919737803687,2.000567772781839,0.4619518294372071,-0.26485766887333345,-0.9685101932697336,-0.5911796153790607,-0.9018918090652044,0.009275361308244159,-0.2891365489770095,0.3435122198046814,-1.7187129237279082,-0.5460716562737078,2.1508381064949207,-1.304447450889028,-0.4120970490044025,0.34056477894888104,0.0,0
-0.11267540416416855,-0.4123398916477818,-3.0407818283468253,1.5691557933595792,-0.2764946788550087,0.6439402438756464,0.1563136428135011,0.5969379283581124,-0.9481656553372372,-0.253713491366351,-0.7439244297202644,-0.6573063830890126,1.7451542140706795,-0.3625504776549092,1.6625510169137798,1.0995910178042858,0.4520811305097207,0.572799780568133,-1.341392113666828,1.6667129268273126,1.0,1
0.1605882309870147,1.9730101561583029,0.3366095344920337,-0.4613601600432738,1.067498426978964,1.212090256865293,-0.61796038932523,1.313979688763152,-0.8414602167276646,0.14826330293368095,-0.4876689057225271,-2.265169691899148,-0.673593228874329,-1.0771807438479637,0.7641613154647273,1.8172386831437248,-0.5622356529269706,-0.009332011560524458,1.358571975943661,0.06274203991482302,0.0,0
0.6716268391028652,-0.493165469687101,-0.25445751227243124,-0.3464161594477041,0.2833291281689708,1.134841153322856,0.8640040228322026,0.29108417893264626,-0.5957853704463562,-1.9973562972417804,0.34722415139557017,-0.4005953173075333,2.0832452453293957,0.19123786611543547,0.9567695299228969,-1.0858983296132867,-2.2521860722253466,-1.2860768030438283,-1.6869135678495149,1.3527343262629916,0.0,0
-0.4589657062728367,0.977656756423206,-1.0643623720712414,-0.2440111311764101,-0.2689198662360342,-0.19477246215683666,-0.2440054460788721,-0.9605292051465484,0.4573870575832574,0.2849419009583709,-0.16134113847147513,0.5603374473740244,-0.6409967401317894,-0.26262000313388945,-0.5586139636785191,1.9213254470010208,1.3426971310539306,-1.5453343863090567,-0.6420673563922856,1.953623628836984,0.0,0
-1.0814431260604185,-0.3598312668535324,0.8698534831961271,-1.3455788594308855,1.6301018586009193,0.24024903703541134,-0.7979241040498257,1.5379017054226425,-0.8029353621328683,1.9453072896765309,-0.6349758593457191,-0.18760400691552614,1.7247867556669119,-0.5125033860372764,0.2087844545134068,0.051084923330800135,0.4034424396867925,2.2022934521708435,-2.1312260601717496,-1.2430303041569404,0.0,0
0.8467831509246501,-0.5994256029962232,-0.97591490337846,0.15387526381326538,1.35469256356799,1.440373992361351,1.4475674144941006,-0.19361027137828749,0.4048155696785864,-0.26164499771990263,1.8055375346003235,0.7538980430681489,-0.7881853550269251,1.3261045211163784,-0.8758288944567509,-0.7012608204483989,-1.3570202890716134,-1.761067670388126,0.13212257682540446,2.016173910586861,0.0,1
0.36536034257464334,-1.4037395914211166,-0.7845879478788261,2.1597424040337367,-1.547979803337804,-0.05055372594904768,1.0808807394624234,-1.1686555074117129,-0.4479604998704571,-0.4535956164430539,-0.5869468133760853,-0.16060687292248954,-0.39545145951337896,-0.9702931362459062,1.043900509353799,-1.0501031154944878,0.6815173535595294,0.02465450980050401,0.054550339727483854,1.3444020568277208,0.0,0
-0.05584741076996005,0.541509036643123,0.61539870098019,-0.1875318152443524,0.3616023226969383,0.6989490924013785,0.03133063452862616,-0.2735147976858037,0.983980389139418,-0.6169709615989593,1.0434981629513178,0.8603505022036034,-1.3793985815933645,-0.6851926586624566,-0.9875578976138596,-0.6686794968506934,1.7979820067367287,1.9375716824718558,-0.2811946083556984,-1.1541742672787558,0.0,0
-1.2496865571491156,-0.1488270494784317,-0.9098057477703678,-1.8516395209582488,0.930855352748525,0.4791416287102954,-1.6566510528719345,-2.211337964603872,-0.501821887624184,0.3024036070856371,-1.1708689411824578,0.28471320864118554,0.4215236531367633,0.44230787630635343,0.5661601843491337,1.2796654051623928,-1.3542267191747142,-0.8731153329768664,0.035000011045320585,-0.7857448722244336,0.0,1
-0.7135622872776111,0.22722304255479894,1.5115430167532298,-0.1907370036568392,0.6842662189367655,-1.1714441718348725,1.3558380198112758,-0.08968252492666473,0.7272234698314226,-0.3458213258845926,0.4711853919782766,1.6261070607200794,-1.024122826496851,-0.9376897372711964,0.12742979096025486,-1.010913328996346,-1.7423775292951795,-0.8543513812548343,0.8386796684886929,-0.5556399908927084,0.0,1
0.7473006145957443,1.3002093762927724,0.6562399784902571,1.6058574540541333,-0.4739874405857296,-1.7570225458924256,-1.7827716063232215,-0.5796440255411377,-2.6436226286692137,-1.600271754405176,-1.3430306222970234,-1.9358946396859744,0.6566128426852421,0.4030873398511485,-1.0553692621044723,-0.6861600066432937,1.0148821424978371,0.2416044930001355,0.35212132517961203,1.31082956550884,1.0,1
1.5960066238384298,0.9478881061731368,-0.9174179076679654,-1.1504166976513703,0.04747156627902393,0.9326269100471508,0.6407691408331446,-0.20728007955361025,-0.10679533565788857,0.6072466387715201,0.3357028147996517,-0.37224530300812103,-1.0463857728944996,-0.15769102084366102,-0.1508260239455505,-1.0693341657565136,0.952892132871463,-1.6313306533754452,-1.2819595784520457,-0.14691494657495985,0.0,1
-0.12553161167360705,1.0259165726714978,-0.08457180791682085,0.06220643424064446,-2.48644969177698,0.05384031346062701,-1.4149049242662484,-0.3720045471868201,-0.5506876126092596,0.002409104172771077,-2.358357490762644,-1.5780560079451298,-1.263198812319735,1.492538326612004,0.3390079437543777,1.628309774494974,-1.538329063054105,1.1935370582635154,0.20853594237724235,-0.5336366102867376,0.0,1
-1.1627208090106491,1.1796496221098274,0.26923868450412863,0.5417838402163587,1.9906493156357248,-0.2350739462365753,0.8865000337163976,0.09348228981599813,2.561042004616199,-0.5249620822868132,0.9293807916728916,-1.9534396169097965,0.25458528795141344,0.7117454558915532,0.3089623014205138,-0.7209412250191737,0.8202905213879098,-0.8065494351201465,-0.2635489671547199,1.6934815570952917,0.0,0
-0.8803322360551659,0.4799430336977157,-1.7310379444339519,0.08436439324521929,1.5356544340523313,-0.4191757912862544,1.0358045578210475,0.2190554704299906,2.1076325454444675,1.7335902002959669,0.4516844606595003,1.1041114525861178,-0.5171777055715736,-1.4874928203967512,0.8202539485774673,-1.0487161203309738,-0.7344431348911167,-0.26811078281192297,-1.1782634152459934,-0.20847778823806135,1.0,1
0.08344491551361942,1.3196590830403112,-0.7896897588853744,-0.2881500579359291,-2.355523853679303,-0.8343134504846111,-0.03473286501610394,-1.0385316300712537,0.08947483655520487,-0.40936518662525545,-0.3664665692304642,1.377641674740808,-1.0424706845943474,0.5809471855986215,2.167950555431644,-0.5174345613624711,-0.2028690517712026,0.5491710921645236,0.5103454983202598,0.8347187209497021,0.0,0
0.19827466938224705,0.3627958260006638,0.150651327501334,-0.11909367966090965,-0.7921724992281641,0.239644157960616,0.8454247606180206,0.2563726532759545,-0.06704932324931395,-0.158318199880079,-0.6136102067223261,-1.6024598894911384,0.4575495028870143,-0.49891797827751705,0.32695330879193113,-0.8610758443398006,-0.5115386643878626,0.39546257581360794,1.0952441487642726,-0.04993184263011554,0.0,1
-0.16864610124128446,-3.1897027892252625,1.1201322592365401,1.3327782081335766,-0.2433387661163021,-0.13003071130989,-0.10901737133730473,1.556186439264636,0.12877835273019408,-2.0669487226553147,-0.885493154616703,-1.1045794834534275,0.9328663466100909,2.0598380015281683,-0.934937958080932,-1.6129902180842572,0.5270697180962234,-1.5511007353068422,0.3296133392119777,-1.1365265400974658,0.0,1
0.15178479707150944,-1.1534985382616538,-2.163601536646495,1.8059387523451016,0.12134773560156988,1.468323597648429,0.36708621449940493,0.5858890806642251,0.8593178856721553,-0.4737181704516923,1.0301551053010745,1.4287554726951333,-0.5834943528329721,0.11714762230092482,-1.7599821109550058,-0.2859221247084197,0.42983476437471896,1.1862639955668492,0.9155860356769902,-0.6113285130821811,0.0,1
-0.5105687659091317,-2.1152647987565003,-0.2710046424680318,0.9601973029448244,0.9974924740396732,0.053425368231961486,0.9801893819743552,-0.4523948708178532,-0.6822499336331453,0.3792062670155597,2.2890380409899307,-0.6720729614283768,-1.734323447679082,-0.1870843113678392,0.28814702267403325,0.20439935098073314,0.1358021034258416,-0.8840659763313999,-0.3820144883682273,0.7945918651158592,0.0,1
-0.7923461054364994,1.0106943708212648,0.6183462874808227,1.4585886647721775,1.0301485925431388,0.7126468311286034,1.8735121767872118,-0.3508995343118419,-1.0164846345606584,0.2729520880723563,0.9022445990534216,0.00176773708492812,-0.17645757663063066,-1.1186776415412223,1.40187477135441,1.0007890581701089,-1.0154298845390552,-1.7848655798208029,-1.182707541659269,0.18990289586441966,0.0,0
1.047869271065058,0.8555922179215004,-0.12964025279771346,0.12728905274883026,0.42957263634804427,-0.00537525752161775,0.09461148914266562,-1.3424994238497072,0.2181111708142252,0.7607895003508144,1.300523110297274,-0.14707321733124845,-2.277067124731563,-0.04873985800935343,1.4507164254297635,0.4053492521552437,-0.9637283414943696,0.9469447585904912,0.34584395796385786,0.8349993702399617,0.0,1
-1.4460095609672714,0.10396318561101382,1.1006038476133668,-0.5846982199375585,1.5744563021059104,1.0357924973522918,-1.8085974353873457,1.2632806311520717,-0.9066164656501741,0.4664286192844449,-0.9716044620932288,1.4049904215731446,1.0574517956192937,0.07793976613711465,-0.7554326829724362,0.4047919221764753,-2.1482109899807758,-0.6165764672200995,1.588243036749551,0.7356427914265032,0.0,0
-1.4610303901335515,-1.694432364725472,0.6338243800437298,-1.0411680252332074,-1.7968014423834795,1.351251157694259,-0.8330865500815599,-0.4051458487582924,-0.6197190347987163,-1.4866281578006373,1.0658582642945211,-0.029486799489226532,-0.3717056951611211,-0.15138472529646127,-0.5774585995072687,-0.041945106801071434,0.7310452456536403,0.6303954331010702,-1.0998849941570057,0.9928521447901648,0.0,1
0.6133870895309755,-0.1542766609476078,-2.0696475966708117,-1.2348867741055607,1.2911123661131387,-0.2754789726547312,-0.4782878760089197,-1.3715028493663424,-0.350649997051402,1.1951042593237948,-0.2424245517344823,-0.4901226744747122,-0.03824262956147356,-0.8471728350933515,-0.3522155362214801,0.5187119378022195,1.6562228853007708,-0.5713572171583486,1.3083853186987005,1.271229592728073,0.0,0
0.9831860692492128,-1.4631531122731471,-0.3696383098867125,1.3290497813869775,0.4300544262498821,-0.6928377850361899,-0.2383378271066061,1.4450073510736536,1.3063137590054092,1.7262490496273708,0.14167281057052875,-0.9216466448916348,-1.4936340178531744,-0.13201588673172593,2.189672912400079,1.374683813553023,0.7234171901950729,0.21850234064822416,0.9938995072620352,0.7126893175866622,1.0,1
-2.183616760394232,-1.360652798547162,0.22256312178704493,0.4710838749256625,-0.358713712611596,0.7315464563464241,-1.4898835969932471,-0.3241680437338505,-0.16513673766273873,1.3327307082178934,0.4386428603149187,-0.4788795149812661,-0.7540479728625403,-0.03941319044828073,-0.058462551359342176,0.3917012891932484,-0.755554536429754,0.1654150097271941,0.6079952941370939,-1.2597480694467689,0.0,1
0.5243508548789071,-0.41362239914731264,0.9916377808104512,0.451857929075176,0.596911794352406,0.38370588020219787,-1.0609762183074585,-0.3032716464618179,-1.0189291089604635,-1.320595359585177,-1.3555853796651454,-0.4781455548603472,0.39030092810771816,-0.9012178679146224,-0.17319580033808027,-0.32695631941026504,0.3086608824768564,-0.2561446928799043,-0.006226237148982956,0.8464525255070096,0.0,0
-2.324606405312236,-1.3010653495796705,-0.030578155474172933,0.50934137774249,2.0912881132770167,-0.5087209937518011,0.23179953036682704,1.698601915577188,1.3288466219762616,-0.5959036925365511,-2.1277737506919774,0.3708286524833461,-0.9458803056243102,-0.8042764473427835,-0.5920828398633282,-0.2701421440680773,0.19258704559403084,-0.15664167654605934,1.2102897377298465,-0.6457420752113583,0.0,1
-1.1625039666177728,0.0366598143427675,0.6172773856767778,-1.382807771058089,-1.923296643134425,-2.0690118168724743,1.3585352873784942,-1.6832997012640862,0.8054715333896612,-0.2790272063553286,0.24561007037227214,-1.5411683310936024,0.5907342614157057,0.04767134533014558,0.3403087462112364,0.13397591951189364,1.2238977339581298,2.9187402752632146,1.224576285110365,-1.9309449088857331,0.0,1
1.0403858860247166,0.4343185302991614,0.6803651099850403,-0.3300255033699497,-0.20312429205345472,-0.8175835954180708,0.7182174277841247,1.2379340905672696,0.4845327014820083,-1.0312893668202157,0.4795399327908852,2.626389566185364,1.2045094264616336,0.6601417299326118,0.14902377004099931,0.3822844964616257,-0.3302865800468804,-0.13345504549742335,2.1414318517156317,-0.6327157593909294,1.0,1
1.179534361677491,1.2763972288755705,-1.434482385354637,0.9743446398656764,-0.8688792462472308,-0.2886483780902479,-0.5941203934232485,-1.1311778750528034,0.33311487454669125,0.6160105505176046,-0.561529709976544,-1.2439216362002037,0.4643064499698549,-0.4708749048286278,0.8406778141318918,-0.3554210098276617,-0.6329566559238233,1.474896417037432,1.0717852488355766,-0.9409400916014616,0.0,1
-0.09598141904032148,0.6552197251590813,-0.16420632467842575,-0.4080871063007291,1.4107751885126671,-0.2051485511492265,1.9912733668690543,-0.5265028327043237,-2.277606805886852,0.8847920719703647,-0.4175284966679264,-1.90047454185884,-2.5075060476636364,1.6757163082109616,1.1984368462798132,-0.05742659241317029,-0.5697358387101179,-1.3031887907459372,1.3284433111647314,-0.5757949697058562,0.0,0
0.7627870254034531,1.6779492748759164,-0.2391067110256621,-1.1392085694962804,0.4561414548053779,0.8824467565593699,1.2916225661287486,-1.1925459597596708,-0.2001023909594264,-2.086900600013566,-0.7282797788742711,-0.3224413674173369,-0.02191175497644088,1.0690421213826555,0.5060188286427212,-0.9338731173519904,-0.054909883085966164,-0.8694148751444489,-0.4618934802895964,-0.059596236613700775,0.0,1
1.455712722802188,1.6358590984178194,-0.3601783302556009,-0.9636571547247644,0.7578658995919623,-0.44683275905597575,1.0349777606367678,0.7015568750479464,-0.6993364770249829,-1.5188232125901766,-1.0737164832944528,-0.4751414963314693,-0.8835371828349327,-1.6687034631654911,-0.5225974965044876,0.41498032891967385,-1.0764272824245742,1.189078642080051,-0.8565096146585774,0.23815200435407305,0.0,1
-1.4974816405370122,-0.7363955014198672,-1.6602129244692856,-1.7671356757807062,0.5729964225722906,0.2266855758387422,-0.3240202061451518,-1.2890276087879051,-0.8124978241877476,0.1671538018188605,-0.3772619363487913,0.34633358243765283,0.1462386865028758,0.13869784092158893,-1.0417115962625496,-0.8546608793682005,-2.035874771205212,0.6727086495049244,0.9407407397440648,-0.2061504466129178,1.0,1
-2.055758619582537,-1.5815882529584964,-0.03984913383311072,-0.9576608359242844,0.9297011988973874,-0.3760795692313391,-0.2670737389506489,1.5765320686752704,0.325232917457464,0.20423958008638612,-0.6003768447928938,0.14075347462002671,-0.4085691037153163,0.7967989085324123,-0.2730877815285457,-0.9110676927311656,-1.2126401023085578,0.6527667639365726,-1.6106985896976314,1.0861596864394758,0.0,0
-0.19461591472120005,-1.8119738596301764,-0.10283900029930966,-0.8681867873353412,-1.2163794552984444,0.004080707292634031,0.3342966518726168,-0.6011063379669629,-2.0605294450241174,0.40736261959317216,-0.4877390365649855,0.4056200638960948,-1.7759238103977493,0.3772998764755783,1.210156446486918,0.9009474194498808,-1.0509648144579915,-0.4698171611630771,-0.6662435816821305,0.4731138532782469,0.0,1
-1.281218240575542,-1.336277500471312,-0.6845386023176547,1.1669242653845806,-1.6101396297348451,-1.6635336264770182,1.260948678614647,2.432685439587912,-0.03899851672428808,1.0018454354807702,0.041688887922508265,0.7990494597849527,-2.4265058873892227,-1.651294192125779,0.3093698507001512,-0.29643274910484496,-0.8728620052887329,1.2927692054685131,-0.5410213361178451,0.8871665092106717,0.0,1
1.056187285597226,1.9600139397918632,-0.5817173451125859,0.8227743572537237,-0.6270619162705514,-0.7405900831084671,0.9081204726365294,0.7347183515085555,2.5727655447583513,-0.2917477597653864,-1.386369563395386,-0.9238322693416344,-1.3553797202634414,-0.8984702668449236,-0.7867042812993762,-0.4293390584597363,0.9438148603461204,-0.09214250405628728,-2.1965282085629227,-1.2812900244084966,0.0,0
-0.4291201628838953,-1.418066393798166,1.0614250321455714,0.4704385142701698,0.7642534647703138,-0.2367997905640476,-0.7996746395208925,0.4015592221517937,0.4999322364493577,0.7391175156368509,-0.739670395602853,-0.40782478510519066,-0.4826187834459941,-1.5666994303985717,-0.3339349058834412,-0.3589157558472027,1.63855868990606,0.007892835888764405,-0.5894231709416639,1.012389367047989,0.0,0
-0.4921178788172309,-1.1887032640682682,-2.2822868376837904,0.5083462971357334,0.05360634777509821,2.420972752717661,-0.06219278119260479,0.7976785255368091,-0.6212694223032209,-0.6590117297798281,-1.1216708671082158,-0.6421754053642993,-1.6204961053615192,-1.1908286120061709,-0.7571700559877513,-0.7029585666926748,1.0097787938492988,-0.7663749017247294,0.35550316034291257,0.010434898070893836,0.0,0
0.00199155093097642,-0.14816388662937838,0.25109992055226105,0.8978326191055986,1.8349561056318024,-0.9251021235221952,0.6573260472320973,-0.1691621629899868,0.509873970048704,0.5380485816342271,-1.350200693332355,2.2556198840078614,0.05171224594451284,0.5881056384989944,-0.30133901558997794,-0.1937681095870408,1.1335251437242706,1.4714296665943665,2.263837505502184,0.7785892071058111,1.0,1
1.9208520417493056,0.03738217597262869,-0.8630308301809037,0.8661498269756597,-1.2990265893202309,-0.7655741195590051,-0.1990240931463183,-0.8687185619824375,-2.064411833472145,0.023336479033072625,1.4795373917614083,-0.387951050641082,0.4281546421685219,-0.7572755498798956,0.5408197375475525,-0.35089729188288754,-1.3910527528450858,-0.5494093580396999,-0.6402552899281753,-1.7405204931176856,0.0,1
-0.8731317393325353,-0.8891676924939886,-0.7766244923232051,-0.1927759649482018,0.9145955204251299,-0.6064027013208355,-1.0031145750672108,1.049026658050128,-0.8014056536663045,-0.35489497447643586,-1.6419021284834892,0.2304969251589177,-0.4251304709822892,0.7836514624892545,0.7527550822321535,-0.946181634795068,0.6062911490074826,-0.3675817576980524,0.3657527235516563,-1.9307005589585893,0.0,0
0.3324818312295297,1.0545633037083748,0.5383739183868366,-0.3831768103813317,-0.11244052732903706,-0.6877481748408373,1.2908070783938927,0.33047509028854577,0.7565420327939265,-0.4564785760809921,1.5119616064449666,-0.6111749068422773,-0.6084910292787886,-0.5385492644758265,0.627780410543822,-1.0620644316251198,0.23807731059746315,0.4421198188491274,-1.0506480772537925,0.4592358658374248,0.0,1
0.989561681931576,0.559141947282498,0.8448907528546352,0.4005402523427675,0.2355828731684929,1.5404967385200996,-0.34828837028242066,1.257460329895542,-1.7782084225655783,-1.0449536418006566,0.11981020919150524,1.7894885740799644,0.3988334244008653,-0.5236253815286762,-0.5828777558802634,0.6580995056379189,-0.7488095755010618,1.7509816386684078,0.05033087910253578,1.4671992826197182,0.0,1
0.3039902750639657,0.8827226942940751,-0.7179730384894276,0.02348819808725273,-0.2082821257302588,-0.8340955629507839,0.09378485512786326,-0.2764813938659848,-1.2461974108008156,1.7160212387637288,2.4392866951122083,-1.9667426454250712,-0.5686255846758106,-1.3144408016163696,-0.3298148896858086,-1.5146392037287335,0.26214826762765914,1.4099902851650703,-1.0152775685680644,0.6238908184984655,0.0,1
-1.1594081366424382,-0.14979588673761052,1.7602258303781717,1.139476919415376,1.21221127793355,2.0989734868237067,-0.08006041258548609,-1.2679965029711435,1.867710653158525,-0.052462535841288994,-0.5264975927629868,-0.15507340895328287,-0.6021368326026478,-0.4559925336452376,-2.4197641315342406,-0.30506276648638875,0.1093972077532871,-0.3536989089466118,-0.6884204590197945,-0.3788797727294232,0.0,1
-1.2606030746461507,-0.10451322489266276,-1.5168266630917735,0.9641549903362172,1.1320977862213308,0.6958624287556521,-0.9137012956324256,0.6358726179146736,0.6735705470131426,2.0870311899765555,0.1753912562654108,0.3850813062973524,0.8992483734568328,-0.2091744821432458,-1.3433707335662597,-0.5236672752744775,0.04154181673677693,-0.5325325443628187,-0.7584946576945292,0.0465342252510205,1.0,1
1.2065230111002427,-0.07414852708754117,-0.5851413128440061,0.4937369788126226,-1.5999043494566545,0.6923871671492122,-1.1050938252744238,-1.1035510704511589,-1.0856275772320694,-1.6862291066894612,0.7793708304123409,-0.6245384923545211,-0.29114636546277844,-0.597054860614203,-0.987877349654562,0.215208687298904,-0.4210686077368143,0.2943956973756344,-1.0632216556619545,-0.3524875496171485,0.0,1
-0.18108590708043296,-0.1532408514476845,-2.3020892749071566,-1.2246437126018737,-0.7722138840155365,-0.6544913362651652,0.3421958152108471,1.1598042446454326,-0.6086986180596721,1.2992001280045575,0.2938966753753101,-0.5095051776314918,-0.5196933852859191,-0.05816536823314946,0.4575572290268078,-2.374764485059184,0.1823873152506163,0.2537073288974528,0.048412383004182165,-0.34344995014909563,0.0,1
1.3870903688025835,-1.0160017641306616,-0.4859281558100377,0.1084771143128295,0.35810444834399235,0.5144197592921828,1.0629774053482224,-1.670767867437416,-0.334885034635235,0.5002698975615832,-0.989830334246342,0.6689947396152781,-0.12877396247021494,-1.012898994607306,-0.3997971150455574,-1.512337535435657,0.4034313536899236,-0.2346332544682001,1.3982863392143854,-2.244949005044453,0.0,1
0.31633952754522005,0.12244889741112715,1.7745822591103293,-0.6501714768939806,-0.04895441572164561,-0.6715333956909012,-0.12280920381300665,0.6835447698644234,-0.36938055713764,0.7239162785748394,-0.5581164983782395,-1.0027321702746994,-0.14993884981964098,1.8740938174939707,0.4121670499836969,-0.05716488511221698,2.2375742488553723,-0.5469834599701366,-0.8354378629990201,0.11661291605497025,0.0,1
2.093166529934204,-0.019892697580643676,-0.33338517450690064,-0.8348526441512866,0.8028486642804402,-1.0553571238221404,0.3538783490677861,3.0723746274060155,-0.1919375696157392,-1.7105840905151002,-0.5877656827567347,2.3072162965846164,-0.036492087940952316,-1.214661957848599,-0.5914254622570905,-1.5898088592346662,0.4842155270722545,0.6192794335209331,0.4088163277368516,2.3974799862860348,1.0,1
-2.076300331691129,-0.22704714036719356,1.0814132612290621,0.3182997661948616,0.8511226685766458,0.8692097090575128,-0.4287020514507013,0.8631273523631746,-0.05755764103392647,1.4547440490412205,-0.5972209202319092,-1.5505288849062069,-1.2121886044263115,1.408111917007785,-0.4313024004488953,-3.4130164132570435,-1.4797759208292398,0.10404651562948852,1.6008997856342102,0.14740607144439075,0.0,0
0.20421625413591404,-0.8834221513918515,0.5306960022498967,0.1348196931790602,2.944070050552328,-0.2658798255445982,-0.680679447152262,0.8204879577641709,0.09206943111504437,1.023323350459244,-0.7166597935706129,1.4706139068059347,-1.4909699959463776,-1.1434020860926997,2.026669357306903,0.32559001785566233,0.8052244775406652,-0.5469635782784215,-0.3613122822741478,0.3556917518471881,0.0,0
-1.0402803948382873,1.6366873725192157,-0.2287723900853928,-1.324968697337992,-0.8663046807322093,1.8375673199267613,-0.7581761241688456,-1.0789771554417404,-0.30183966645819754,-0.4763283792407559,0.2740553890871197,0.2597340309118891,-0.2437928496437799,-0.4160607014703304,-1.2951184200569936,-0.6628567810388009,-0.5129969143752898,-0.20962741818740374,-0.9275482680405752,1.0689760058532594,1.0,1
-0.5933722212391022,0.3404666224463087,-1.0957886222138284,1.5733126422814845,-1.2464287456173178,-0.5831909062042475,0.5470902243229486,0.24338609317952284,-0.7443477815963568,0.7905813024525645,0.3179576708003914,0.1599544616305289,-0.5130015651523423,0.9688138266720671,1.0513610718975102,-0.5437748801015853,0.10313592966722457,1.6775269874949057,0.7758509612838578,0.9564162351863646,0.0,0
-0.4972337020660523,-0.8167305306673484,-0.1551079835222325,-0.04363557819521842,-1.93204224486967,0.6843318224771243,-0.5217257475573229,1.0078681054860417,0.010416553498027321,-0.37376416188200456,-1.9359342471866392,-0.9486118399945204,0.021029694508383903,0.5669397789738047,-0.9890806418443748,-0.1799119849883713,-0.16293162354874116,0.14127662930138465,0.0687877903157058,-0.06426421869947772,0.0,1
0.6852314284013071,0.8674044901782734,-0.6274969057777605,-0.98863272840225,0.6924861187427782,-0.2348137407527713,-1.2845669613479602,2.951098514872471,0.6635373642565521,-0.19229606339680025,-0.16015679978391598,-0.928604129553906,-1.1544688636675329,-1.5429608934335757,0.3395183759226395,0.21861055993650716,-0.17719554452624367,1.1592029082069686,1.4741364566098056,0.2755463575373595,0.0,1
0.5220558748225447,-1.5174590909173464,-0.5112927260181767,0.5829331134353435,-1.7096218348641925,0.3613614208184476,-1.3400186194224857,-0.7164607806036546,-0.0038303530501112492,-0.5357462185778192,0.2710604302487089,0.6198810402348535,1.1398777247844132,0.32519225106062266,0.9134728033416442,-0.6464248453168709,-2.382772112229169,1.315549745638544,-1.466069128484196,-0.5695240260203183,0.0,1
-0.7015774306105101,0.031704848408613436,0.32657150294180004,0.497258226742079,2.120083504066274,2.168562328110549,0.17070078008224635,-0.5199181914977874,-0.4676661600943297,0.6425140824754804,-1.286169365449045,-0.5991748353712592,-1.5629849316237518,-0.4685568244819628,0.02713902926458851,-0.4886012360000637,-1.0164531498863092,-0.7130970372164399,0.6224890897619662,0.7604532758705264,0.0,1
-0.06254389359568639,-0.7712818012412036,0.8729302920889621,0.3425671555537882,0.9131050447086542,-0.5481458433641829,0.4190843939451232,-3.2342374120657413,-0.40645500822052216,0.2135344805140672,0.6692201546295017,1.0152441387761646,-0.02839423305470537,-1.2312497841384806,-0.2699839860222457,2.388909842711405,0.913606570212996,0.529398198577823,1.3102927020720945,-0.3471858652777222,0.0,0
-0.4030285118295196,-0.1082543546551753,0.8982419960923839,-1.1772645455874924,-0.794418553523987,-0.9123666865643474,1.2560528162813949,0.19018654500029916,0.8117380767750286,-0.16391706596536387,0.4690206918238678,-0.03340974425011807,-1.9660738544380687,-2.0586776809965173,1.3329715666735276,-0.33353215267700803,0.20456648436783595,0.4402687992514416,1.3717643975133378,0.03993479080377604,0.0,0
-1.0638533511885242,-1.2164337947698465,0.6325203653531469,-0.34873851481224755,-0.024112228084365382,-0.14280057275949082,0.2322729995840285,0.9396361894056396,-0.8344279217264319,-0.1128067060118203,-0.18582723184871536,0.6993015802097731,0.22471561635273776,-0.4484006861949813,0.6191093375501469,1.3982163920520356,-0.7957980019238101,-1.4765151143463504,2.3573716565005163,0.5141625701191902,0.0,0
-0.4121254235986976,-1.4028451861533242,-0.6689314872215267,1.1913443244490596,2.4667793949531682,-0.775668989148124,0.7492698120300111,0.8476666389048951,-0.04733816366355868,-0.7117910238160959,-1.5089421675033925,-0.10552496470823212,-1.5225062967228582,-0.27308325480079604,-1.059951960296955,0.9759916380234164,0.003643571872579408,1.8002054802043719,-1.1129928368860726,0.02274942607953903,0.0,1
-0.5199631878977754,-0.7377234565978471,-0.14647483254274826,-1.372443121760294,-0.3948286580846415,-2.0406831838690254,0.21245081357912995,-0.8630582239671704,2.6324461534010495,0.1416002201359761,1.0733758954810546,-1.0274125631949518,-0.4424139038468892,2.0690118320363493,-0.3855641248604944,-2.2337515441600275,0.167518852132875,0.783921157872751,0.985836826254623,-0.4319824864325951,0.0,0
-0.7743419458262362,-0.7991135125724064,-1.395268099960684,-1.5419567862241823,1.0353532992440613,-1.044396171096766,-0.5343123348417962,-0.8010567832487028,0.2274465827774849,0.22034468020650333,0.5170528349288072,-0.4017009236004423,1.6183324445556018,0.4279006815915236,0.6573085490531756,-0.7232549386185936,-0.8704744425583999,1.502803308745406,2.387163585720516,-1.7141950443376477,0.0,0
-1.015278166175719,-0.09122739488410923,1.8418074992104312,-0.2566565683283755,0.6056557947123884,0.3735780327630101,-1.1284460856619478,-2.34247810706618,1.2393463017636397,0.4740676053207196,0.7145736004223451,-0.9731166806746656,0.0006664865118190495,-0.3926522185836602,-1.737785271917389,-0.5145291945706927,-0.4603124695547867,-0.8028998511488206,0.1305631443908259,1.3548795629298165,0.0,0
0.9493005153433726,0.2775853731117137,-0.4024816473603733,-0.7377021001115643,0.5032169251639718,1.4762088918841731,1.2936186985800664,1.8485620165178869,-0.4700838239072749,-0.5064137945364497,0.5028016534134883,0.1755668695986698,-0.9095006475682812,0.4386740511987861,-1.609789969166146,0.5598367905093704,-1.1088033483107635,1.5675852089741205,-0.003252084244855813,-0.9323130153586096,0.0,1
1.963694520186838,-0.6478655917173737,-1.224514446192627,-0.1932036070207189,1.646538285430189,0.4066570549654687,0.11494391843769268,-0.7838479795458628,0.4896537555570572,0.4548228797584859,-0.6877628738265793,-0.3995580731283485,0.6565305378583989,0.1647670106878259,-1.7630249102189064,-1.2263591776657488,2.329666899859655,-0.2691283182102848,-1.8553672319064718,0.04498181869625263,0.0,0
-0.052671528172982096,1.9042338085232744,-0.2574089871789913,-0.43225773631374004,-0.8694311964818444,-1.6105521160834866,-1.002584869362395,0.24969095719269765,-0.5186673630600156,-2.243607481341765,-0.7129198178502538,0.8706752039924274,-0.5935355899674111,0.16124773049900787,0.5931409430691763,0.1467335473099797,0.3094323057172313,-0.4694431297319182,0.6356218094331119,-1.4824960518426382,0.0,1
-0.5674145184096726,1.190386747357852,0.2196997015177922,2.185795536107164,-1.1626063022457989,-0.6372025305634431,0.5816348623691644,-1.4936473854150918,-1.8093891634549688,0.2463657589846749,0.7869400378542003,-0.5863839837720456,-0.1727025364374379,-0.07002168379378879,1.5663254071870707,0.6408807752089499,0.5612677246081978,0.6307167278682007,-1.5908805911609305,0.9543356341407092,0.0,1
-0.5228327982170599,-1.3861131468599623,0.1493964099183348,-1.428941637778156,-0.466414076209718,-0.1607690640023948,-2.236178973257428,-0.4093955717085669,0.698835364786331,2.2413102005811387,-0.4149451824301243,1.5295602617307302,-0.06439018153960473,0.0068247821634324106,-0.9894374675566684,-0.03982223970877954,0.4982773435729061,1.5077547188706473,-1.6250304576072052,-0.4309748142649289,0.0,0
-0.9393154902998944,0.1461927384894336,1.6225537002880817,-0.6890508336738982,-0.4875853027537584,-0.30357480479937143,1.2301503266458076,-0.7119194177321134,0.4000184706364401,-1.1303471629585513,-0.8225362541304281,-0.5776120340879355,0.19088991232802305,0.6841339048484213,-0.8337213532501443,-0.1595670758961013,-1.4637413791280989,-1.3611133624295295,0.3605649265942936,0.5810453126762221,0.0,0
-0.8795710983199306,1.103655897790065,-0.34398667934692395,0.8990869541877242,0.0965246238159809,-0.4121193430633224,1.9730127905765231,-3.0391127788588284,-0.2915208247477142,0.3195275611182641,-0.3646370663520028,-0.757191644793432,-0.8370762642375178,1.1469231427871276,0.11842733384864425,-0.8033182868078984,0.5624962212087573,1.5832020079596896,-0.9148066835983042,-0.5555223049291277,0.0,0
1.6788329091520713,1.1762487966234996,0.2106379670186768,0.5827135005510888,0.8374710043763999,-0.09383819509094052,-1.0827964771363452,0.6297901959158536,1.3090051932810252,-0.10486525656492857,-0.36576317510771533,0.12367946366269456,0.5049364770091179,-0.4346840561815747,-2.387035581479926,0.180440443065782,0.01349651009257046,-0.18543014658823592,0.9638828089885161,0.5998411571476947,0.0,1
0.6141161952222294,-1.4668582329378033,-0.7027852180389288,-0.3110570026382323,0.25424946837036005,1.3508267826102434,0.11082891274140376,-0.2636448452482784,-0.6153819661174711,1.0025762536660767,0.41785941560925655,0.40511427856871096,-0.8874870021330233,1.0673495444302488,0.733812244406818,-1.0000257457308317,-0.6083106652771001,1.0556111205016043,-0.3918386664534732,1.0928016750413172,0.0,0
-0.6778650660254216,1.4068983650495253,0.7965126685771691,-0.19622115211694915,1.0053104537327016,-0.4543003197143625,1.2855492645491395,-0.7860078076645797,-0.7090480335528652,0.5969530895585772,1.74912874471025,-0.29639497056592656,-1.539217242766456,-0.8490407208604173,-0.0003445233647260721,0.721741931730957,-1.833973207270688,-1.722920886157786,0.4323084986780669,-1.0730496966808407,0.0,1
-0.8555314754057254,1.366012483799059,0.6507291979363621,0.9448231164135787,0.2418431245521621,0.9321267097375008,-1.3772914914996366,0.3535290137701435,1.1648497722039786,-1.4321901712916,-0.35190752196858915,0.05022233812041995,0.5957844486793329,-1.0922785188836226,-0.017614994728344213,0.10724819262556104,0.3246385663710458,-0.7332222093830448,1.0957186772482477,0.03310244854826095,0.0,0
-0.03244400897448324,-1.5350853222983878,0.11739685658236752,-0.14861910203161185,0.9058939709407378,-0.9887211182665504,2.0158793351762747,-1.2721961574937952,0.9665724889045892,-2.152771967364526,0.9706264546380214,1.239025653708001,-2.0977262128923253,-0.5424610673115522,-0.01126066381846834,-1.8137454262311028,0.7363887162045044,-0.4950483020047623,0.7435818733726818,-1.0175682990226005,0.0,1
0.30683886084660306,-0.6818503378145279,0.34227730769069353,0.6998019947161737,0.2866770289429291,0.19569255101419603,-0.12255907155509252,-1.6285690797745476,-0.7773305902456601,0.6954837282851568,1.236202789309869,-0.3635820738260209,1.245464401408365,-1.117190578060133,-0.3623723052029137,-0.40857709491691097,1.2593620931155405,0.1513911566069565,-0.2934592089739617,-1.2821330073398556,0.0,1
1.079072911076168,1.5096000308384503,-0.3761350366645144,0.8085825686031798,0.6830656102873688,0.59077234018789,0.5132132575122061,-0.6932330017250029,0.18517876695843302,0.7665290839469743,-0.5652665288373198,0.4396079619324385,-1.5926038901233162,-0.9871374205228168,-1.0339518580155704,0.8203288499373053,-0.11458051795224213,-0.33330305230769103,0.07541988935984835,-1.4174613038725434,0.0,0
0.2303125922266297,-0.007439711651618532,0.2263003658768239,-1.0847147751905997,-0.8163867981124817,-1.9669796997147584,0.6394651588564936,-0.710661649564384,1.2478849842811943,0.7358956192630829,1.455561909344257,0.2032371513708721,-0.1948568762281604,-0.5509464056116707,0.3117815139646868,-0.33479039553472245,-0.7423001618200411,0.1328141824659909,-0.7290706924597643,-0.1893129224193256,0.0,0
-0.2334553033988151,-0.001990616537367589,-0.3982287789689449,-0.5312336127997179,0.6949532361831471,1.0847659170796602,0.3666937075440895,0.2578935551654011,0.21707247991466294,-1.4933570921736177,0.6210427071072055,0.17381154872526616,0.7138904853398126,-0.4898840434825649,-2.0338313786864863,0.4000421113688552,1.3902984029250416,-0.9663983190059862,-0.3810449561547698,-0.9022530983006746,0.0,1
2.179627926277961,0.6154074183980895,1.1532925019377438,0.7414622745200613,0.792723325572856,-1.1084673567577377,0.2751287161950822,-1.371228607196418,-1.2719014516062763,2.3058243749564804,0.06517490741669331,-0.6226220436750405,-0.15983306580573314,0.03789729606741652,2.360579312912332,0.4360542686892389,0.6290571659499334,-0.5552255184917307,1.1417891736928032,0.2395556998458917,0.0,1
1.2518846774473351,1.168321586915408,1.8310632443433463,-0.9286854895790696,0.8167175499364885,-0.3440911058483028,-1.1808855128909632,-0.530224374053479,0.3802711119841294,1.240489209693326,-0.3787833554071317,1.7768359865209913,1.58612827292988,0.3030485925477157,-0.9988100107085374,1.7982621445331533,0.6236813197802358,1.3843546708526937,-0.2274248282924574,0.4515578550552449,0.0,0
-1.1615714014699228,1.0324874403809798,-0.6804245743150366,0.1482705287665768,-1.2049003157211466,1.1852551957054909,0.7502637908696089,-0.30699037354393904,-1.6713129913318372,-0.07313836134173524,-0.8293112022289117,-2.2175569569476554,-0.4566824823211878,0.44951495087263577,1.0615933374009503,0.837862679926816,1.721101988612296,2.569562391527395,-0.7162116951420261,1.8662682554214756,1.0,1
0.9046148813288784,-1.4526843942420604,0.4007838492343175,1.1525287403004885,-0.4606711562958231,-0.8121042887422474,-0.09237291260839478,-0.5283774020239425,0.8673385769659778,0.11977560291726165,0.6244649233738511,-1.1064020204010134,-0.09489321455898354,0.4367898145277278,-0.4898784525545283,-0.7728297647685225,0.1111251642725644,-0.5371876812002323,-2.278014486889992,-1.007172424655812,0.0,0
1.1080491033384887,1.324302113466114,0.2216213398370267,0.8703149679022903,0.0129928454894265,1.12912915369445,2.7907125863996307,1.4220216519165894,0.03355142033301295,2.607666882290915,0.8517353777025054,0.5155178067714359,0.034396600306291665,0.6840687593379917,-1.2733619503418991,-1.0092664254264485,0.23735318316731885,0.4265384715343039,-0.7919342286526949,-0.6148323036000951,0.0,1
-0.5397184417805979,-0.394847621760948,-0.3970557448140425,-2.248202628303225,-1.7244962985102583,0.3348176305613659,-0.07225667526151461,1.3505170520950214,-1.156167614274846,0.7408409133104303,-0.3675565745340211,0.8367539623382335,-0.31422655132613986,0.2756036723162257,0.9105290469671552,2.070014010571457,-0.7165385886048965,-0.9889527485291776,-0.6201767400024315,0.6653888468520585,1.0,1
-1.3524063901143717,2.5888452432443376,-0.955599220881078,-0.4969172082328214,0.314895733148489,-1.3149138128075455,-1.021520901580946,1.9871036051465332,-1.186258770156343,0.6043487798774971,0.9014426193180816,0.9365863320557792,-0.9399550427449812,0.2631102067311516,0.08167482098619556,-1.1839804029341732,-1.3746435408717048,1.0145426735069731,-0.4048801853549471,0.4369148400631385,0.0,1
1.2200001040813993,0.10278713887558116,-1.0724917559751517,1.3005512633517642,0.18357095254470515,1.059297903561799,-0.6549169151371516,1.055037948201244,0.5212352800688707,-1.4986719351722253,0.3137386501169099,1.824151769781084,0.923571715143891,-1.1966985074325127,2.2471437888940002,-1.9353563801418583,-1.0635450178214343,0.5522001537454155,-1.301912353938352,-1.7317179826825009,0.0,1
-0.4128745587416432,0.2750785342539699,0.7366739742145808,0.7334813573659531,0.546363369679672,0.7699046893508398,0.055726787452465565,0.2997502004223761,0.5560797330266225,0.5366108217891412,0.15954778760803429,-0.4084251104930449,-0.34136912958407056,0.6049011891847196,-0.7637528719729647,-0.9301131677824404,0.3797393028293774,-0.5920295998677264,1.7564304120983136,-1.128626609123729,0.0,1
-0.3439327291912944,-0.9211813778365459,0.4978695783366706,-0.009915554263439659,-0.949218482512912,-0.3102052898962437,2.2575359385488607,-0.15197503020234912,-0.2656880600722775,1.3088409461436397,0.18537873105468872,0.1604316659711019,0.9546861379769096,-0.2654410442537917,-0.2497280275955185,0.6011730341909339,-1.8319124681764984,-0.4059598481164505,0.4948816810453268,-2.0449561875726316,0.0,0
-0.5753608783097149,-1.0769537371745097,-1.0952432347629175,-1.4419364808585238,-1.065747174599402,1.5788420483515748,0.31795062920085143,0.7958270704846705,0.5896777959007861,0.7631458243983864,-0.5485906484997256,-1.435394160537219,0.934209745024036,0.5804260355954873,0.7385543533710959,-1.1248399087450505,2.5569365473558454,-0.14028315110654505,0.30441986651018244,-0.5027142407333928,0.0,1
0.24051555009964865,0.055112741419699234,1.0660999689583168,0.2932906651565331,-0.11966609964197347,1.1390090830590007,-2.262139041393486,0.9150762626116854,-0.3230010618569213,0.35751124754935804,0.7007398369278249,0.4013575114884636,1.0921566316902158,0.3825635627711105,0.544735336659262,-1.0355725977021706,0.7333475678063874,-1.2016639731870973,-0.22686154659787894,0.8331127190134906,0.0,0
-1.9626339612921724,-1.6229545858303338,-0.3806146202516169,-0.5443405222717931,-1.5594909017659853,-1.551858127368426,0.7607235074985081,0.8504383053533381,2.395305477241338,-0.4282999850258256,-1.4750389018911614,-1.017901211049778,0.9411162380610464,0.7514212456424586,0.20228968133160927,0.2587525847370374,1.0376377752185677,-0.1283361868764734,0.2872107051307504,-1.1628260621368998,0.0,1
-1.308260419334237,0.7319155513773299,-1.6149896701699753,1.139863985948471,0.5816610585741769,0.4655196524448985,-0.8644917350606159,1.3441348735406564,0.8098318866603171,-1.7375087402369829,-0.7412235051575384,-0.07794494315511664,-0.5858027363370946,-0.5192207826103956,-0.4327206410861644,-0.26582588121717426,-1.1423185922471364,1.3419119088857654,0.43980895134829534,0.35487869131336675,1.0,1
1.0610122963421675,-0.1124714969271775,0.0215299147507454,-1.8327186639642885,1.10233581166191,1.711863762076644,-1.6995420554532912,-1.4289568628057208,-0.019664412443052826,-0.1804227512525589,0.6976351193109213,0.1403993670520123,0.8787174370340326,-1.0099826298856511,-0.9626861527228064,-1.3026507523570705,-0.32640896569529565,-0.4390240480957121,0.5459264905201076,1.6713011080627824,0.0,0
2.373243235569608,1.1004825933430578,2.2090281209048603,3.8863009710051055,0.22615588428664135,-0.3260111656807317,0.6106854060398135,0.8942250303753826,-1.0882073161212582,-0.8637597803676192,-0.715618019019992,0.2622426723070498,-0.5101436195102315,-1.3569906672548178,-0.131998447381007,0.903848514428252,-1.7158990561798604,-0.20947787171279114,-1.326795475738218,-0.23232069010568734,0.0,0
-1.5401268674299349,-0.16145927097380547,-1.0285782486281914,-0.2499774165771929,-0.0763512668231647,0.6380975901864244,0.3837863398035202,-0.2341819137125807,-1.7152408042960623,-0.38137343415976216,-0.7145504529129829,-0.3184074815720838,0.3622346982272384,0.004412891856815228,1.2115369433619132,0.13672798877222545,-0.30626496240082823,-0.38993280885604337,-1.693250005844024,-1.4436936908559743,0.0,1
-0.13080538300969466,-0.5266599344198865,1.1063296866808094,0.30419405645841663,-0.13787818391856554,-0.21199282398617086,-1.847244265622718,-1.3408966658021753,-0.9211364723285808,0.02932127585141225,-1.1308970624812484,1.4874812755251816,0.05787814770555622,-0.6606357947615178,0.013756689116681264,-0.9109542827618108,-0.2783180385942373,0.9003508515711753,0.4912521286326675,0.034258840590409075,0.0,0
-1.2803760568745544,1.4064286380881286,1.4454767033106228,-0.8304510720802991,0.20513378883508626,-0.9060883158693472,-0.19302101286596068,1.162474826665501,-1.3983236191799522,-0.7827461011226107,0.9172072841319702,0.1136368908351268,1.0920207920555318,-1.2758015724132137,0.017413616687453046,-3.2540548359364467,0.9482462587746682,-0.2175464972883448,1.1329925413384114,-0.006331749897952364,1.0,1
0.3191765896374375,1.5433110564439525,-0.08581572304965399,0.7224193842842764,-0.6805956230720447,-1.329924228390302,0.356664856213094,-1.8005186563781457,-1.18969747938471,1.2180506499449075,-1.6704178228627204,0.5674237092213794,-0.9968149011490278,-0.8792405065576602,-1.315543287733337,-1.6453759987134289,0.18336428040759456,0.08616719588765326,1.504178543822849,-0.12024405090510515,1.0,1
0.548158908493133,-0.3173486554176169,-0.2974457697010366,0.15409328174692313,0.2685829753256077,-0.43901469857166464,1.169598036674719,1.6513917684883386,0.6258386207063172,-0.9777296473917828,0.5097835271104267,0.11150048490816876,-2.6713578481790448,-1.187592545545216,-0.4660653698431674,-1.03307198083336,-0.2037457775758449,-0.041761782935230515,-1.1265837205505502,-0.3766898101107528,0.0,1
-0.6185977358194602,0.4663394081701876,-1.1400586165396152,-0.6354186168896684,-0.3964299277931229,0.8539968250752475,-0.7203969697342804,0.2359786795869816,-1.037677674099855,-1.046309911844593,1.1405535457470992,-1.3488518366825957,-1.1019709974303669,-1.2482443325076684,-0.5759857708883805,0.3945914565092161,1.4373542039128204,0.14278179649343647,0.4855542298302832,-1.3427951224026369,0.0,0
-0.2248837932320696,-0.209548111127316,-1.8939144998400181,0.6138476138850272,-0.2183919976643312,0.8107465747726855,0.5585805886953761,-0.8953279803898956,-0.005133262067466541,-0.8826040396586102,-0.2558021603333929,-1.0887017116884077,0.8657340399139701,-1.5814514209353463,0.18286275243286212,0.05612723738099672,1.4043558780951642,1.4969548778532302,-0.7971254214551547,0.08312612209167866,0.0,0
-0.15720957973290886,-0.7457241685215401,-0.17262010475369333,1.5862883229033475,1.5787914293403091,-0.12185808584856547,-1.954458417942793,0.6290377927160573,1.1457765547752816,0.783992749781292,0.0252331879621837,-0.6208100493040203,-0.2049403479205176,2.561576770106288,0.8995744930857656,0.2985930725770744,-1.571393847304443,-0.717288843709127,0.8945101841699085,0.0768383862956764,1.0,1
-0.32247048607733525,-1.4232555840094492,0.8268673636616396,0.33277021165689763,-0.9912174416886504,-0.33437616913372264,1.5343626419729095,-0.5467451242956168,-1.3438171685238485,-0.381734760547052,-1.4567451937085119,0.2757408984353745,-0.9663325205525204,-0.02412937734826597,-0.3645932684971869,0.2826964396708803,0.42723043163982505,0.7699645390384088,-0.8909887835818517,1.1624835153798567,0.0,0
0.9752625719061908,-0.8063231603983401,-0.43658217729434107,1.230450322047094,0.16055451592980846,-0.4709753322664915,-0.9935467324908884,-0.4855267830097009,1.2969905025371775,1.1930476349369403,0.6981280228953521,0.9265256230182968,-0.8649634294173453,0.00838417448292907,0.049510684305344936,0.6933425928423971,-0.5707614300600806,0.4027530761101604,-0.6587870726931618,-0.4062119990339475,0.0,0
0.6459352309878826,-0.17524479461362116,0.7161930476222998,-1.0614055118377206,0.24747017291141696,-0.8238562129756813,-0.0688043658359619,-0.8321608914491515,1.6516534645736147,1.419425798400162,-0.6096447074925444,-1.2475449397317144,-0.5999208114495055,0.06980758518553942,-0.3415032440190369,-1.324612526497145,-2.287562613483821,0.2848483633714401,1.0209980712872804,0.423420614273133,0.0,1
-0.6522043816060981,-1.9154105152602812,0.6270412816687749,-0.3144162601467478,-0.004574037715928846,-0.5400108728243541,-0.2041197482245763,1.50311664774474,0.4847060212334893,-0.8794489880822758,1.1616162690154104,-0.3988326186817727,-1.6492884989563914,0.2816148471846439,-0.5440329134199041,-0.4642237973097478,-0.04133918656400583,0.05935706524280757,-0.14734594025826467,-0.5726446392374754,0.0,1
0.1390812823611691,0.6657030730577459,0.8179401347022883,-0.25109199583973274,0.9706600444561942,-0.023924843043359574,-2.350343997851503,0.09744756105930667,-0.1828339038948467,1.5440128764908971,-0.3481090604399823,1.7975860999964481,0.08949916374349665,1.2324127751155265,-0.9154422602882712,-0.6304422689269152,-0.16046699636673226,-1.7690294831158222,-0.14606693584440927,0.4751191339347419,0.0,1
3.274603490401318,-0.20304081459417847,0.32183132375109164,0.8745685007644327,-0.9743016988992071,0.3405215248851077,0.6526601501629896,-0.4535746344232622,-1.0768699718116064,0.499048199986851,0.59622792417353,-1.8440870030889995,-0.6207711241006004,0.7541307313093063,-0.8573762032413046,-1.1520156056510962,0.1021524187122948,-1.8831894181874032,-1.08967599079351,-1.3250534270752294,0.0,0
-1.213076340853218,-0.05986058167817975,0.32261012523797256,-1.1554968675380484,0.2810823368576649,-0.3997037117057041,-0.6643532920772677,-0.6183093606915216,-0.15113217101937307,-1.259687356106176,0.6197549397048981,1.1823043319026227,-0.916701528920906,2.2957068223033152,-1.0009998975170946,-1.8814626392263558,0.9248350184950616,1.5631000276503777,-0.8094127079328013,-0.2290070772456484,0.0,1
0.15436247933238198,-0.04860717490131977,-1.3359076134999288,2.2190930139788123,-1.8008899475382256,0.7405242207357317,0.11334682066675683,0.2865728587541509,-0.02793730810967432,1.98606247955863,-0.8098766949201158,-0.7013588575288929,-1.0844251647931529,-0.3122722987040966,0.1347116566448251,-1.1518548011512733,1.1366804357009883,1.7775864948358417,0.6438202078560669,1.6668075860865617,0.0,1
1.7252418276786483,-0.8902618374178091,-0.012475037939878312,-0.6497206557438535,-0.476649146219536,-1.1603675712385924,-0.8200316909400327,0.5702865946595516,-1.6658336968034857,-0.11135283679893697,0.2287998781678465,-0.5011237445333755,0.6535046542629596,-0.6706377851143529,0.9382336552523292,0.19010393080624047,0.6293375151045956,0.4255064839330531,-0.9087260883165632,-0.21341343508454316,0.0,1
0.2998617829546216,0.9664779409236396,0.9588485062927448,0.3321292346194757,-0.5484455025099468,0.4019849044763185,0.3487211690012678,-1.3498723127845804,-0.1479448716224223,-0.2798754657587593,0.17584273524487545,-0.7406035462424978,0.3953489638792384,0.09597275221778613,1.5967724803089351,-1.0741846865364093,0.6468899879094084,-1.07824605592178,1.558157860024854,2.090008376269349,0.0,1
1.1982303671638976,0.04641619262130866,1.4147152611047586,-0.5747922487413715,0.4588664695585826,-0.5345573776081131,-0.5975712302915579,-0.7836216990390463,-0.5402284055385674,-1.780247481760007,0.7574248267638839,-0.14012276884940386,0.730454288476164,1.040278766104656,-1.788372690608509,-0.5999593639035928,-2.845055047491007,1.2367994043406842,1.0044454886093903,1.508968312206532,0.0,0
-0.7346481543913854,-0.6762574150933093,2.2484747909282583,1.4490518235738623,-0.4576375752345294,0.23768596406656198,-1.1397517669547663,0.08407631613124555,-0.06706854718581391,-0.9292491330217576,1.6114052307320224,-1.1652895202315856,-0.6928172464374598,-0.1922470444905718,-0.5876190978151886,2.5794109335801445,-2.9891004452957506,1.8318695110255467,0.4162144581081689,-0.5275355747731193,0.0,1
0.7508951271747765,0.28055348433705496,-1.7230338411195505,-0.17463787151143753,-0.8767654729783458,0.8034038792987717,-1.7946277642287007,-1.1188250299511502,0.07631277810607462,2.1689242491050043,0.36396008119795054,-0.27197775831061743,-1.0378319129497466,-0.3047349731418832,0.6525157728243721,0.2882467296223604,-1.0560352198705003,-0.13163026203971448,0.5095531889748454,-0.1964264181352552,1.0,1
0.4438359961704116,1.075947407982311,-1.320169552186927,0.7926205511359432,0.07271223577385749,-1.4210255763778223,0.20811551350795326,-0.945754783655754,0.9936771730562998,0.06718424846776609,0.7415266444696704,-0.4436520434879854,0.36421806623647945,-0.23044706784862376,-1.219100394176353,-0.1038969846707343,2.969709927534097,-0.12666722237484185,-0.1799401065924003,-1.4958347476847405,0.0,0
0.7107775294036079,0.8775105472552704,-0.5151873999960888,1.367037400929722,0.3845026396189439,1.1389259198954662,-0.2710890713123017,0.6649939071730533,-0.8710946793796173,0.300952897229172,-0.41415866482311137,0.9992187360043752,0.7656522703586258,-0.8026672408915766,0.8997909899701082,-0.7153047216024834,1.4633056865630547,-0.6900344657591657,-0.1878794391673545,-0.9474480889287298,0.0,0
-0.041360363544580836,0.041242479368756864,-0.7228571259860768,-0.6386526883575118,1.0479878374889282,1.7079863890287421,-1.0269765996173084,-1.5213711695200005,-1.8886812754559,-0.9255610767722572,-0.35400342228585524,0.9416110368764921,1.5759988829559588,0.6094004814368422,-0.3590093236929875,0.1385562076033521,-0.06814622062689568,0.9767915356063904,0.6632583954665879,-2.1054017966581258,0.0,0
-0.409209609021077,0.8155314931200799,0.6995125477529649,-0.4412604034770174,0.34383740270960045,1.8232028813304533,1.2903150436423432,-0.40715381661885497,0.16673816552032786,0.13889955897245046,-0.4740921888517013,1.3336923682339619,0.9921929427489836,1.2813412642767263,1.5448388927599943,0.645643015952041,0.8775467499406121,0.5122190763685627,1.136926934953312,1.234458310960737,0.0,1
-0.5291438178716175,-0.3637725281939336,0.4763356925463292,0.4452588001743184,-1.3560284297540708,-1.4485273050319192,-0.2422087169318217,-0.7023657178835324,-1.6495705774402187,2.871737083855622,0.3974006989963991,-2.101764622096613,2.2330429416104667,1.272352263091879,0.08564417930277955,-1.6231975631346394,0.6038754845354265,1.2327535077697458,-0.3184720558183812,-1.0538323294493748,0.0,0
-1.4273413762933158,0.043040951489659834,0.9174549030478998,-1.0379013685131633,1.1923048166979155,1.1381457434124131,0.7073433428055464,-1.5638869437522969,0.25377829106562866,0.5466186021262809,-0.2122706771504188,0.4835312885772818,0.8057812402371681,-1.2999545085220507,1.1709078238886603,-0.2934534656905033,0.9019415984040562,2.175067034017032,0.7890656454432758,-0.8505961848237044,0.0,0
-0.8950540726016264,-2.6586323490974437,0.3404064615986331,-1.108698425599305,-0.5059830172402325,-0.8144796573622202,0.4413712361516003,1.2363142241097351,0.12810982240491933,-1.1802032524403565,-1.4029274095256363,0.14021381461158502,0.9714802069029044,0.194609259280656,-1.0178368657389087,-2.6419740565421286,-0.8692645178524067,3.2897144858735707,-2.1613699080238464,-1.5044208971373003,0.0,0
0.6230037529484964,-0.9430122025587268,0.5482508645021237,-1.5514324822828218,-0.2518422179315717,-0.4475820624683468,0.7747778473347937,-0.3343993614683366,0.06720918509884849,-1.7432568007416378,-0.29763541594278603,-1.8304683456076287,0.6055567041705904,1.3541001705443585,-0.3871697884910917,0.83806902383313,-0.8657150894020105,0.4859879397928996,0.18437421465656426,-1.131629435379958,0.0,0
-0.2564759533766409,-1.843102340305505,-1.4040747136800849,-0.4075598953832814,-1.1761478587687235,-0.1281743330573933,2.233862086670176,-0.3390044394642334,-0.6270776058386637,0.5347550513067765,1.3698160033224305,0.7561223474890064,-0.6688847425889077,0.4154152192627112,0.8641975338541277,0.1907272545369836,0.2320618183427599,0.6483831051471249,0.04994208032581137,-0.2620441085392548,0.0,1
0.757149042503203,-0.7562715205433634,-0.1713778556951909,1.2267580848957294,0.9788146684142112,-0.3406882688493037,0.590767041035077,-2.158891965723992,0.487337444838577,0.6918228542519059,-0.3748680054449319,-1.034477454292851,-0.9338007042048696,1.416875095975919,0.06643607800998258,-1.5129118972280355,-1.6685514818572191,-0.5882113588705732,-1.4938712588210281,0.9566583224472204,0.0,1
0.6099130795051274,0.317615700313923,-0.3324384894820933,0.5934858896120173,1.391677125808645,0.9238723887494168,-0.7792089027509741,0.27326302701053623,-0.603826650620064,0.5042594808320584,-0.4319312704107408,0.6214808548171453,-1.5208147676263992,-0.8167384700430187,0.21191314882520654,-0.9264722007140476,-2.1002388803679195,1.3796577611555023,-0.9467835639731474,0.9022647190425848,0.0,1
0.5399100230156432,-0.7874334665058291,-1.643880274152682,0.09685645210971904,1.0612234164300782,-1.5856960944246736,0.10254657678150962,1.1316893438616418,-0.5338665719632368,0.7149042575349155,1.1954312369224716,-0.261251301633786,-2.0317056911442397,1.3286789250002469,1.7025686486747509,0.5541572422812365,-1.680603003984311,-0.4545531319048344,-0.8590034976135065,0.3889052129560024,1.0,1
-1.2690378732031926,-1.0923616442452415,1.7632414791103332,-0.7163725045792794,-0.39802772371567546,0.3283523036170479,0.5965909562260483,0.4250156369435008,-0.2636618090167842,0.12497326219186992,-0.574257729315418,-1.326688847676944,1.8272770203235185,-0.3075930208339197,1.6488463571141807,1.5148868246375953,0.2901668143818272,-0.15383138190979964,0.4251381077150603,-1.0907906075005829,0.0,1
-0.7073422276642921,1.0474179666912906,2.5648413193058865,0.17277150365768473,0.915684496295688,-2.7282410750830564,1.0838739436100546,0.4968360305120922,0.15019388895181082,-2.6873602775361727,-0.2085538858656981,3.046007572838409,0.8693983861013139,0.8977427875626292,-0.06369774630600862,0.8763132955323655,1.3938032033309984,-0.5318218858222886,0.9787349679400436,-0.04253142636017967,1.0,1
-0.28813262913373383,-0.2656110416509326,-0.8713895095999977,-0.3990791439471902,0.012399209029749286,-0.4130447211751791,0.7525288661875885,-1.284031716489069,0.5172076032910313,0.2751033441065581,-1.1239246899492072,-1.126240348661795,0.6551601842864191,-0.7397763092457879,1.342428583160409,-0.6740159230383362,-0.7417826950247587,-0.02216549440926598,-0.19177131487121152,-0.6372434920337005,0.0,1
-1.4127042919649646,-0.6085456235360748,-0.7130762359199124,1.388583805540145,-1.1653712625277015,-0.029964492669081338,-1.2155179309024091,-0.6835360918428145,-1.8958823546742145,0.4830071264422551,-0.2070421225365585,0.450881192240485,0.7862721644150233,0.07685364397970068,0.03140188300375587,-0.015521433881487282,-0.9161881530198408,-0.12085652132130535,-0.8086771214597109,-0.8485428588251751,0.0,1
0.5818233795787562,-1.031961409446582,0.17138287524336254,-0.28321532991590986,1.2029345984043585,1.1241865683955752,2.2305624584426504,-1.0104948167046963,0.3391266507955648,-0.009182312287390188,0.948458423446634,-1.014478776141371,1.6863194348032218,0.7301387961147104,-0.5761376111417441,-1.954504827571077,-0.4826433338416718,0.9580883215457352,-0.3057599097985456,-0.6015988191888854,0.0,0
0.5044090612565836,1.011262680156622,-0.02706917733888341,-0.10291019819970057,0.494303610930801,-0.4122994717687156,0.8069763374576696,2.3836462951838144,-0.4924173350853938,-0.4749012009784518,0.09543457908341407,0.3760981329391441,0.2638869070698009,-0.03737710956268718,1.9170975602818239,-0.030433254744017355,1.7492132260868685,0.30534018427137705,-0.3677951605312715,-1.2550409868697754,0.0,1
0.9496008797600678,1.0426005765008663,-1.5049729596174934,-0.6145856446105786,-0.8244585876451624,-0.13905854535770867,-0.34620910344338524,0.9349052925068914,-0.2122008915427524,0.21640180831029926,0.4040291833564574,-0.8264083557011974,0.7934387378999214,1.1594173373689702,-0.7138276094286985,-0.628483461161347,-0.12461277689612885,1.7580366211608405,-1.6220039722931718,0.5925271910841471,0.0,0
-0.04241086081951488,0.2218718972952154,1.2951000222703717,1.196153031248579,-0.2139643841099499,-0.7807684344452855,1.2657747720819623,0.24070900601271156,1.3588026286530013,-1.074544264886202,0.20247588939525488,-1.0561863294455955,-0.8245566525743522,2.008254213426881,0.6188839262104854,-0.5240882328814425,0.8893080559861244,0.4298387623907709,0.8571076329011165,-1.3183532480666391,0.0,1
0.7543088130956163,0.979853962605514,-0.2583489029005161,0.1387684706623257,3.160463811321577,-0.958352112749893,-0.7637389517248964,-0.7451113757913022,-0.9212738828588956,-0.5387090473471687,1.386111639567908,-0.07165702083906561,0.5617841702706989,2.5550806484884343,-0.5637499657580084,1.3989322893352598,0.4743550048160941,0.3707070588977273,-0.3256766172637397,-0.4393050042139844,0.0,1
-0.7856873893866619,-0.08806613067320447,1.7749291873145332,0.027568270777436742,0.12665643986739045,0.017531203000186426,-0.7826229552751349,-0.966384293175728,-0.4572650827686965,-0.6447944160959851,0.2904821695578536,0.30945762628338824,0.01181215608061411,0.6049294830896887,-1.1426985111074948,0.2827770847290601,-1.6052950126830132,0.1898619206840932,0.4361411547907305,0.8667864776648543,0.0,0
0.4246574933888774,0.8148480673962758,-0.3792190083051897,-1.0670656968986036,0.049429783465366695,-1.0170562863161383,0.4664018084186746,0.2616099528042555,0.4584001773543512,0.7770996011943407,1.1490794386352328,-0.9624223418280524,-0.569267382939976,-0.8541860409731818,2.6356181799972034,0.4200459204954217,-1.2853460974587227,0.8398073447456768,-1.1661475630934974,-1.4848543236755396,0.0,1
0.10709659347203164,0.9839729825374609,1.9893208259826003,-0.26110744125218543,-0.9317534069425668,0.5831146977963018,0.6965687341854533,0.6965220085677776,0.2586572577721738,1.333575116327406,0.4395907212409608,1.3565112722995392,0.5493078535282129,0.8045976234450724,-1.3219799632548708,0.4961922044448562,-0.7663641024395356,1.4259980165972794,-0.9365612200036784,-0.12829781492069894,0.0,1
0.7367467925468992,0.9960513042665078,-0.018647550267792846,0.3386007925759281,-0.7657429713333889,-0.052335710301727234,0.8234746030930091,-2.0929337372611103,-0.7526024408888754,-1.3713788993041605,-0.5030854917416083,0.9096109935630734,0.15606119396541004,0.31730422862256163,-0.32211235281966594,-0.02569269302056841,-1.0534510491357352,-1.2472672242724407,-0.03244810133727951,-0.6172698728499285,0.0,0
-1.7551462505317226,0.4835188464742849,-1.1456652893217143,0.2641403502968884,0.7390180249310728,0.5934912861435995,1.5600427408605981,0.7763210664731379,0.1625951371457633,0.26344658980961444,0.7660317283275238,0.07144333760638462,-0.5729592382010548,0.6751899279445978,0.0982214745842157,-0.14952609025376848,0.7747209992905509,0.2688218766526589,-1.1399487884889992,-0.29824418039057016,0.0,0
2.085052144517193,0.29292236438212593,1.6255927070019554,0.4550135517385965,0.5330478025285162,-1.2939149715742844,-0.627658891327499,-0.2605464265783236,0.5187515037105636,-0.3432664815167156,1.2100024618106036,-0.24466294472029584,1.1388670187583123,-0.2730774916402229,0.08902670580011618,0.4572808088748456,-0.3242620209375214,-0.8962691159570181,-0.2301157857711717,0.5065291486122049,0.0,0
0.7498621426409123,-0.2266723270323817,-1.3507892053833768,0.3456157009402567,1.178513155303419,-2.1895939855760225,-1.3153298783579046,-0.7919538196199492,-0.21367197306229893,-0.5741185682913639,-0.25608973537152513,0.7557538745043807,0.6860661565808119,1.4717164838449834,0.8023432110289298,0.8481448592763763,-0.5846387682397027,0.035525512264204015,0.0833259364487878,-1.595355207183718,1.0,1
0.9105303419332116,0.5687904566657692,-0.8994651852825911,-0.09057224145571943,-1.0769358545312429,-1.147402187794286,0.6922267248115849,0.5306821814264692,-1.1776479799808814,1.0630260997303818,-0.8675711936187382,-0.23495516150982626,-0.04904392449468011,-0.2766327431053319,-0.2438242786940746,0.8684089604600036,-1.9055427713221011,2.206219848436918,0.32381253494099943,-1.5091538950740189,0.0,0
-0.8537285514333695,-1.085206316599364,-0.5090429705208555,-0.1050193766537814,-0.5782261850364216,-0.2797469320552468,-0.13917953241774125,0.6907713171852794,-2.21407445731802,0.7301576374504769,-1.543733204571209,1.966085316178773,1.2717723003114836,0.5964719629193316,0.019851111399147785,1.1316871327160802,0.8924344099501869,0.3932382558083293,-0.8607974571343108,0.26667226707036523,0.0,1
-1.010188035155426,-0.25095253170499765,-0.14434969311027773,-0.10973436596932898,0.392271510478632,1.1480329173575994,-0.3547715179607188,0.6788581916680504,0.2390176316721355,-0.8684513296502415,0.9179864831061236,-0.4148956305326221,0.07190713368185937,0.8398931318663101,-0.3193537976547622,-1.267503494071625,0.35852116020570085,0.6878472497797434,1.3225489063439593,0.451151077165399,0.0,0
-1.40519389305076,-0.3118736888441697,0.7397078285659048,1.4458068112832212,-1.0550566163755568,0.3770837441010214,-0.2895987472379041,-1.2833911567961795,-0.4723560089471726,-0.8556003292128828,0.9082498004989916,0.6780763915459959,0.16401923273091604,0.2518418367464605,-2.1494179024083486,0.44836511630466347,1.5402737345374202,0.4005653726997105,0.29350970729869225,0.7414202739644277,0.0,1
-0.3419342427154177,1.286845717617252,-0.09712087002109793,-0.1367647549856208,1.1311470963251151,-0.2203580577782276,1.5843751190656266,0.6411846550378839,-0.2285796376978839,1.926523204437832,-0.8370882540908946,0.19978051558019547,0.8708681981145103,1.36006501601491,-0.6668234924867517,0.2947412887085969,-0.3772395215270419,0.3633883669274303,-1.1879146728098906,-0.27369020646326075,0.0,0
0.6902259113395597,0.02937124659523249,-0.9668930928198436,-3.6979590057874856,0.8685546325967486,0.4495741467013556,-1.436028927004924,-0.2415006179980332,0.3910344016119184,0.13693541586463087,-1.882779402689165,-0.9737030400318414,0.2978802748090651,-0.5509882495444002,-1.5120942974404856,-1.480147738136688,0.4438848594962565,-0.3703721527552563,-0.572629535716011,-0.9417651522124308,0.0,1
1.756952609769614,0.9467351810639448,1.7522427234934523,-2.1327417450333392,-1.248394200897306,-1.0091704868995293,0.38010772618960426,0.25438128379767844,1.1364713067090582,1.266142348062331,-0.27571519260124,0.5357101275396207,-1.4180771466949944,-0.9093826117503512,-0.31974615692422576,1.6565131516590592,0.4971318411482018,0.08650993013354266,-0.42451360752515216,0.2200892166650766,0.0,0
2.2934204461258805,-0.5749708327891928,-0.03820744603577205,-1.768155381747215,1.0991694075048843,0.1288270053691337,-0.8684986624775641,-0.5058599441819631,0.2956008834400982,0.9514261373086268,1.6787108783741305,-0.7711028555304562,-1.4484161043672847,3.3904704870537308,1.1712907392010254,0.42640290880856624,0.4486951456696444,-0.5751995532449015,0.6349467043871849,0.38245869195484417,0.0,0
-1.990113477458712,0.5238648304247865,-0.8277936665761914,1.3175720204359689,0.6957593550919813,-1.056881938884805,0.4208814269331572,-1.8105393838367487,1.792022131591309,-0.9432347129693921,-2.1512331740196733,-0.8533893647510957,-0.52306280475943,-0.4941935619537845,-1.719535290259405,0.3796938477870536,0.2056111654260576,-0.008725155720285144,0.5329221358835871,1.5873015022397938,0.0,0
0.5500034310097888,-0.5561062559642365,1.0217457979127391,0.9194563697741948,-0.09451338673582932,-0.8819883652828799,0.4249694673813377,-0.2867290491509631,-1.6807140381615535,0.7654396366680372,-0.08398761568346562,-1.242642286430604,-0.253190904998056,0.7714398308548607,-0.1214395377842837,0.13700537356403314,-0.04853404353323761,-0.294247116859449,0.2680324670691298,0.15331926058161865,0.0,0
0.3749380783446701,0.046481528319800194,0.04614472185663912,0.6464357203713477,1.5434239968243075,0.8334036067841478,-0.11231119292134308,-0.28233040222232186,-1.6871607628176697,0.7966125875767661,-0.01186546133865988,-1.7432216287928606,1.2145165829864208,-0.9121631138255356,0.5124240718400257,-0.10136842538048044,-0.6945216399113727,1.1633258881901192,-1.0665581236498776,-1.4957541873250546,0.0,0
0.8551634442793713,1.5055379061902117,0.5562151958419357,0.3698148813083126,-0.0705670898648052,0.052407509392647406,0.6254993950873656,0.4292444922256883,1.14642704453622,1.1705227105698872,0.6217716809986915,0.4285445802015378,0.5258153188801828,0.03530001908819777,-0.3732196430597871,-0.4716531024453101,4.035028904870507,-0.4878184350811324,1.260786247765564,-1.3182051727116864,0.0,1
-2.326048923536673,1.0091325763578876,0.3205265978360201,-0.39962672782523945,0.5803839693852172,-0.4278766382763184,-1.1457787491612517,0.21822623976771324,-1.0671734438389813,0.22051095115839298,-1.7525680805681711,0.3635365447565674,-0.9405888784018211,1.3521486656592123,0.8538380521577664,-0.3348605137419148,0.6324397858298729,1.1350806488674994,0.2070200138229001,-0.05576370987984981,0.0,1
-0.3834956823489619,-0.3101151294526353,0.5035012929300963,-0.3460605798411567,0.4082502154702579,0.05766029404914244,0.16382859143775072,-0.37312174328588177,0.7250957475341101,0.4785038464846491,0.6160515167078712,-1.6827548316963408,0.8368185272345227,-1.171207449977658,0.02232787817475789,-1.18444125218446,1.5439612213539986,-0.5406523426049984,0.9974731353737192,0.257535606514767,0.0,1
-0.2563464685081032,0.8563068096283298,-0.6292864154869652,-1.1389284406657387,-0.5932097924945382,0.7030547043166873,-0.4755069363383557,-0.13599762709010935,-0.6667291272752606,0.2690673821950791,0.40315230351076586,-0.2245936126555449,1.194683122438485,0.7755785047633853,0.18460001050335276,1.0854563886789388,-0.23226805570463385,-1.1741330186074233,2.1906412390375216,-0.8107528034195809,0.0,1
-1.2590807302154872,0.2896667497741669,0.5577483348655725,0.43040552728705816,0.6117413550303114,-0.6041719225477327,-0.3906213410736206,1.2952508852750046,-0.9448928535859072,0.2458578437976761,-0.2160412194485023,1.4035352371437746,-0.7258071264408246,-0.7224828176610171,0.7790196051586418,0.2587270397656701,0.040620976797660815,0.4796557628319815,-1.649132502565554,1.6432347488530326,0.0,0
-0.15767079532691974,-1.5292601220311768,0.9278609414107298,-0.907004792261938,1.442883997411138,1.9451939631648132,1.417272061006439,1.487831329602041,0.6419291736581866,-0.9677902048347106,0.316846250194431,-0.6753154199881402,-1.1754481177215519,0.3575960806331262,-1.0572616248008508,-0.8739568197044169,0.5470050267890546,-0.0733512207001947,-0.3041933963431109,0.565090033171824,0.0,1
-0.30667621591050365,1.3007272241034045,-0.3760255950763588,-0.7476340513183407,-0.09365504585006368,-0.4863243105575839,1.5170884954639527,0.37471073967236185,-0.8159115784069657,0.16334235486480805,0.4404032174902868,1.0585375928707703,-2.59697290904202,0.3748107749820204,-0.4231421796111176,-0.10698349331894354,-0.10279969186436104,-0.1279845433085139,-0.7540444171128483,2.3839235603677382,0.0,1
-1.570603809407327,-0.30896487991591703,0.6722671446812971,-0.3992219258537619,-0.8539773805044706,-0.17525313926489133,-0.4451021976771451,-1.4031418796158264,0.030104178863948908,-0.2933529371758294,-0.9198453452718888,0.8673416489987966,-0.22830491377187495,0.4939444835741302,1.0952314202322573,0.4053831361973401,3.0728156499632036,-0.06589918716625799,-0.8777958577987295,-0.8277082377418922,1.0,1
1.6887417668739937,-1.4091031734517832,0.5844143748786129,-1.558558347777712,-0.8788207426983367,1.892391907963096,1.386955623517074,-0.6620462323859609,-0.6980016441093926,0.4448213598705732,-0.9551775983398726,0.6368951454701244,-0.40182999915128814,1.877621971526164,0.19015737871729807,0.2846537652128211,1.2644687633222689,0.42083134555374974,1.2559687166252058,-0.3229566748397905,0.0,1
0.2089738856056036,0.7269807581219884,1.4020003205688203,-1.9110333822530128,1.0133009699823212,-1.1631109641614492,-0.022779284686989483,-0.5003856232183678,-1.8665108801527877,1.1615382981150448,-1.8545251800140021,0.08524500222126619,1.5411789174075932,0.11697963477737325,-0.5350939255020406,-0.11093484127962856,-0.8484849752551434,0.11580285528039737,-0.5331299854897342,1.7380645106091268,0.0,0
0.18598923759537567,-0.5923175322826935,-0.8780495291433832,0.2593381379913973,0.3186222801012694,-0.3296012614029009,-1.2191857998802174,0.05743082752921661,0.8320913890573264,-2.831303568805944,-0.5084666882609146,1.095708864057677,-0.264077261997965,-0.3162294858816623,-0.5623907895635083,-1.7552699588798937,-1.1457756926825835,0.9049422931211916,-0.0957223895859184,-2.150364455292189,0.0,1
-0.3770635600630042,-0.6287200791877784,0.03202243443320296,0.1194290350227276,1.0937400437463172,1.1728066478754264,-0.395396056924306,-0.2801673947955288,-1.4839223206879906,-1.4209838218071678,1.4348697273212314,0.1437728246626175,-0.1778919587147291,1.2722383429504929,-1.0073963548169451,1.4807917629674692,-1.7855804851595936,2.7258515998626733,-0.4507046330918447,0.22495027589352248,0.0,1
1.0398904496854793,-0.2622765232459212,-0.7495784364349504,2.2541067440141167,-1.0989114777077271,-1.6847415627463194,-0.7202893307782919,1.1704664098624993,-1.2895346257190683,-0.6649199303538531,1.3205318366083414,0.4946513071768183,-1.457403514089613,-1.095984981331486,-0.4694910966524264,0.09087168932859466,0.3982865668803968,-1.578697866521186,-1.2094177807455584,-0.3997521086108829,0.0,1
-0.4485591846325753,0.1222726240442945,-0.2017646196888089,-0.3214213634825119,0.41377010659917796,-0.17895236505216008,-0.16509676796009834,1.1158899932885094,0.4309687512286159,0.15977945152312506,-1.50135850742565,-0.1553291871909603,-0.9129929433798836,1.9274791161564198,2.351637675179897,1.0566701540097276,-0.6166158619509454,0.7260073382038962,1.5548485395057543,-0.5224060648103999,1.0,1
0.7113152868286783,0.7317865432651626,2.4665070771886937,-0.21842689057309025,-0.06079432902282495,0.24512467733213916,-0.7794198633980858,-1.785236049358736,0.2081576305697362,0.16624095143588466,1.3452208949317213,-0.7993053553536605,0.1178155462824974,-0.023750957706764362,-1.7480085949474926,0.481880699813361,-1.6431696260163944,-0.7442679040927647,2.135972686955744,-0.5817422108576576,0.0,0
0.3696960743596967,0.4671919670453787,1.6548024718041925,-0.9009467349124064,-1.2478466442827196,-0.4032719914796994,-0.2884138081982415,-0.1873322198707252,-0.3127455897850518,1.0948829745089073,-0.19189058220654814,0.7143139056514803,-0.600265446710489,-1.2227454068694057,0.9909689671869429,0.8529120002085491,-0.2662312527345278,0.6134957746656701,-0.6199778421860155,0.3789387766919472,0.0,0
-0.21768635329721855,-0.15107394888801062,-1.0463108062512376,-0.6659253995220078,0.8790321240764694,0.9821245347540062,-0.6794485372737618,-0.6366358921147195,-1.2711520086236232,-0.6438143084221281,0.25122875412231244,0.2285831821927295,1.00134838733257,0.6986052417552072,-0.05467335431017751,-0.40630888613263627,0.2431669183998584,2.8673460689245465,1.7109395256685462,0.7226508246466338,0.0,0
-0.7569550409823999,-0.8551033907323947,-0.10405745168296564,0.1258165981474253,-0.200798557017396,-0.5344903196609171,-0.7682518832153911,1.8447845526781832,-1.1770281748000802,-0.4635458311990106,0.02480595353158847,0.4666511453790511,0.35357155132727863,0.7887072321921669,-0.6600866156584213,0.009020258951327556,-1.6258532818324654,0.21159254186563412,-0.6493009709899229,1.1990647562475154,0.0,1
0.2792632044643641,0.3547312371656772,-0.1632706105795312,1.9842225196295984,1.411773419222054,-0.30767875835585096,0.08324555966157249,-0.21381158346593707,-0.8753039922580741,0.6499200925124756,-0.7814083237323566,-0.7434885703645006,1.8376545237696824,0.03861196215958066,0.5604727037242068,1.8777764484780053,0.1578587745648635,0.935206879290576,0.3133524484448255,-1.2556504768380086,0.0,1
0.3122264344036124,-0.2627031016971064,0.5453986688212131,-0.491471698435239,0.2272424922293132,-0.3306012358804581,0.3872028806085655,2.3607491663868307,0.6481157077302274,-0.7612821485864392,-0.6707407922026761,0.07254163675487367,0.0468416393916388,-0.5767440718373747,-0.03313857780807538,0.9645170548069429,-0.11479723005027888,0.9050539614182058,2.1029699566523914,0.4034996750930713,0.0,1
1.4636575875917728,1.088718785505871,-0.059766133210296814,0.3199974919712391,-0.4096056954300308,-1.5433602153772847,0.18105752544247414,1.1704779602563853,1.8684332757718116,0.9135225386609304,-0.11795580896069728,-0.4971706457338608,-2.0404788071842503,-0.34100790194346736,-1.4036748825597216,-0.15518090219110775,0.4501806438916554,-0.5775197137829071,1.1412404449677584,0.42087777967754825,0.0,1
0.13492177997838325,-0.7025590625301595,-0.3758749956215325,2.079593255302266,0.4861824336605985,-0.3962248418193195,-0.09202527506762444,-0.18742594316549704,-0.02219206567506902,0.3071750709806387,-0.22760392047916986,-0.014389627614920616,2.1185526269840325,-1.696028248948465,-0.37343865645903385,0.4073556792274043,-1.3473924718181178,-1.1082260045405106,0.6476125701502462,0.6644094528877482,0.0,1
1.179956370341667,0.2934948271947919,-0.231221319031444,1.1681200605198956,-0.1425721958008808,-0.2696611184307894,0.7116095813088628,0.2867260598015552,-1.2814275125124184,0.7933257542647262,-1.2433313838080124,0.5447464862418949,0.8017376614737469,-0.6621357682127826,-0.6204889737414224,0.3695095178863175,-0.35471145121529873,-0.4553291302618776,-0.2299484315587335,0.15267560176150072,0.0,0
1.6851310475360382,-1.3182031263529657,-0.9922269025011601,-1.3767520602385597,0.8923602603602141,-0.4873286850190938,1.2050397614965958,0.35686873006733755,0.005974293449470154,0.5107295096510561,-0.03481658324113141,2.6480234365457083,-0.463288700312101,-1.6134058094693786,0.3488877027920666,-0.093980323794828,-0.7643020459887839,-0.01895664116527685,-0.027156540622983776,-1.76624169100467,1.0,1
-0.6446675110313707,0.7870380346627883,-1.0133282347842996,-0.22065047914274585,-0.8020587635886727,-0.7884210471230809,0.4323493932905289,-1.4030781063612168,1.3218227978150563,2.0612859105769896,1.7104617230937902,-1.07147836386394,0.4850571992768763,-1.75087247452171,0.3410318999911551,-0.2585293629819216,-1.1849776492227844,-1.2751106368512606,0.33727851372760026,-0.2914985924582273,0.0,1
0.9104398227386288,-1.9606097042589024,0.5715491658213111,-1.386142896895934,-0.3214033703649143,0.6869802813625687,1.7965374543197743,0.1748602558746159,-0.024013385564013726,-0.7529739671155329,0.06474186551343189,1.3258684541569656,0.8551656688590393,-0.2456225364284425,1.7316429138705158,0.2353688875859209,0.1722790529106174,-0.822638730398527,0.5883931653791735,0.4270516992786294,0.0,1
0.8090824945044843,-0.5399737296319814,0.01765821573187569,-0.08072328621945347,-1.5459881712216914,-1.6636798417629188,1.4874277983432398,0.2577985647877603,-0.8257816243283684,-1.0378840824436628,-0.1773006702118784,0.2630764214541392,0.3977827159735973,-1.3747582854466691,0.7828978339926389,1.0482961079431246,0.3227871655995575,0.5628388398188912,0.2562131432997121,0.1098996877910106,0.0,1
0.4794558032462492,-0.15961782493867313,0.485783730085441,-0.16072630097675808,-1.291444226959846,0.2589476458871396,0.40597582870355897,0.5118443183179766,1.6789677503050304,0.8284131557606271,0.40799109161406,-0.9064330752753874,-0.8376414203341879,-0.13518510475239592,0.952697431172482,-0.7998642092144441,0.7362686348168559,0.4839222604123099,1.4342690015854722,-0.2958944008315531,0.0,1
1.0496411622065334,0.8490402822073146,-0.7927408917511151,-0.10768007733103084,-1.2751090727273005,0.4367557101497411,-1.5183192786005888,2.5262072142466816,0.7668664772251901,-1.4824419964752893,-0.06089667746726572,-1.082420248418523,0.3703213846659949,0.7618899876245306,1.0235869007070837,0.3864133622142255,0.15833285351703127,-1.031432953757167,-0.4736665412198508,1.6776898458314242,0.0,0
-1.097530268689942,0.8647640893554985,0.3031801855036008,-1.9430864613392724,-0.9715130749659916,-1.1125049643771678,1.4776638420285682,-0.6415061214311019,0.11348766580615685,2.0269833927252305,0.3205018318824983,0.9601169848338532,0.9760663679624312,0.21649771053810574,-0.6514872295604347,0.1528856221971424,-0.25338151950397064,-0.7518454839626308,-1.0004315378066306,-0.5794978273909538,0.0,1
0.8838931126173458,0.1958650220376449,0.3575365158852867,-2.3432619056402118,-1.0848325873173328,0.5596962894039177,0.9394693498560776,-0.9784810421186954,0.5030968401091914,0.4064144688948009,0.3234610099156434,-0.4934108819088803,-0.7920167907771816,-0.842367934138484,-1.2795026616706042,0.2457151695112331,-0.04419480068361748,1.5676325528903083,1.0511086796131768,0.4063684256317144,0.0,1
-0.4567553007854848,-0.19714675651013705,-0.1917932474109851,-1.0029551707696889,-1.2337181881352155,-0.15191315458682395,-3.21225563417534,0.4698024998591233,-2.2913423688770016,-0.35013098135585885,0.17779005406075607,1.0442706958691657,1.817879195269728,-0.5718734228129205,0.3746407445471899,1.2884463937708608,-0.523663561763744,0.7878286578474053,0.9729719788402812,1.6793157057097958,0.0,1
-1.5204405850295153,-1.4609946860865377,-1.2315230317374275,-0.9128075663941452,-0.08772267489913743,-0.4412509965234806,-0.41580578041527216,-0.7195146696117752,-0.34715286619400404,0.9624310277915016,1.65812499111596,0.18712770251912195,0.4879042839250476,-0.17985121368794668,-2.3232274971225717,1.5346434243133094,-0.7563686141903687,-0.35612484180930165,-0.6862411021595639,0.19274106356171436,1.0,1
-0.37992092454478,-0.8266775978640045,1.9590326718637825,0.024079098953717515,1.8031939945788742,1.2403324057465284,-0.2590519867783909,1.316286938657718,-0.4610663339714362,-0.16415347219278786,1.453536350180156,2.2479031209713582,0.8307444783297392,-0.03225590896949343,-0.2548507770081408,0.5330017546545031,1.9239004275982692,-1.370046342783883,1.0359931324442584,0.930006921074084,0.0,1
-0.2773960639667464,0.04559577402028437,1.8130564653623464,-0.22161880877993867,-0.17787546178808486,1.2253543401501017,0.08471309821193501,-1.331792895001335,-0.2517876030001562,1.4704672125561784,-0.43363013588615534,-0.8344768726239736,0.8903527278801112,-0.06997424770267527,-0.9106600548468264,-0.13601256455811972,1.8141250468838408,0.3230652188362733,-1.7071155343088702,0.1376936934807481,1.0,1
-0.8480051570115134,-0.10508540112442633,1.1902359725171112,-0.6470749548366219,-0.3976404348341971,1.3212311060477526,-1.4417339592090923,0.3490678134472628,-1.4694397291300971,-0.8731355969604735,-1.1787156804228336,0.30643906781067765,-0.22913158132635675,-0.942785023759634,-0.1918133461327975,-0.6874613549904417,1.8382897427470009,-0.15008738274424693,0.8099563963350883,-1.451259523404153,0.0,1
-0.460244487664909,0.7332291024187125,-1.6492557699249164,-1.078105283628265,2.6958272855430456,-0.007766111193268392,-0.367183426447574,0.6091699483912253,-0.9884858426069888,2.4218271725395413,-0.2044366338944956,0.1690663198412834,-0.5320143080314647,-0.219210926641959,-1.431037585900068,0.690576738431294,-0.04962244998571953,0.5408722169773178,1.4577849803514404,-1.1964162465326336,0.0,1
-0.7454532466770243,0.8354475378638178,0.2920580773363637,-0.7967211438765635,0.3408622740508458,-0.4137929048069609,0.9955998141851794,-0.3634222389566144,0.7038619182573707,-1.1202983232098251,-0.2647694910099544,0.6756401107730782,-2.057372979351534,2.0166836746389105,2.385349249270051,1.0094969528430902,-1.1851489316845392,0.13532740752681008,-0.014896862458540132,-0.5196492698904113,1.0,1
-0.7045908537908167,0.06250143791760493,0.7235932137190689,-0.442367018145337,-0.17636481056352554,0.4890614769402701,-0.5159222298532692,0.5553030984090348,-0.8207329454903041,-0.11006089595108356,2.25354459433985,0.17701076061262766,1.2596942452781283,0.4258621880322059,-1.1651181896225975,-0.4771456578085402,-0.029542641043080006,-0.7429367602875319,-0.8786656269249955,0.2496128819350261,0.0,0
-0.6729391334284165,1.0557823458929023,0.4034477859003052,-1.1867838032397264,1.5268207662757192,-0.1645584924670392,1.7314818824908602,0.2274696566336929,1.1039925846119423,0.2278750484871673,-0.7239868268193845,0.1970418974326849,1.3454787539278743,-0.6189172778507369,0.5047356586975794,0.5434512629996925,0.4809837726899176,0.7156183784160807,1.3306146933275644,0.8130679631103035,0.0,1
0.5125527555446802,-1.0308614023434306,0.8692736992339106,0.05745810554556696,-0.2360543265943873,0.5343438844051407,0.9047930309687808,-1.7574807152679526,-0.742383939879393,-0.5177258703918176,-0.1711688330793983,0.2557948244189896,1.1510022859944644,0.38128978430159344,-0.5066668230330318,-2.4614188013761003,0.4590734390261776,1.2417205476648498,0.1158636586382964,-0.6542937466431654,0.0,0
-0.3384906045519245,0.32097078441973265,-0.6023080180595345,1.5447283608763946,0.6470340836498365,0.5932172125782157,0.4380244970191475,1.3577890150479748,1.204511275020844,1.3517961871393611,0.4934372360278101,-2.7043652475259967,-0.5551857968857017,0.0015085602585323296,0.8570938168891852,1.4811436466626788,-0.21966112236298194,1.5033981564928736,-1.4823850501349751,-0.8561642180677683,0.0,1
0.5969864376110623,-0.7388947358323862,-2.9803415296238436,0.5638762106045416,-0.7819292964406848,0.3071143224798933,-0.9393057919587564,1.1069192429461923,0.905105283714948,0.10206744809572588,-0.10746475307009838,0.1719895051975004,0.702341716367115,2.1177697302239418,-0.9537808159141792,-0.6080403463655517,1.458895887364523,-1.302413233076286,0.30820039143859823,-1.6200803333816771,0.0,0
0.7578558381829601,0.6642373392893225,0.8634521001694063,1.1877234550342533,1.9149129588840383,0.3385350105784213,1.4027769010108595,-0.8610953987145737,0.8017318129052625,-1.9167063619823148,0.2904345639053763,-0.7737231228200409,1.4184551098128426,0.3543115806711759,1.0654043895710927,0.5491599022799017,-0.18245992973242373,-0.3588117460046214,-2.5712846234118882,0.3915812855214623,0.0,0
-0.3092095280791377,0.1562055296910638,-0.8746070404294537,-0.6352339749824918,0.2690138574335719,1.1758509795796794,-2.6376007048699783,-1.03044078796234,-0.6374133714382253,1.5596570242562635,-0.4235432796850426,0.4039498448058579,0.036160209310144714,-0.007472940395742068,-0.11783608015913173,0.5087389342398879,0.9911220020295292,1.1949605484850112,-0.22002060199900586,0.07172217362405363,0.0,0
0.007066712558923281,1.1803602526439156,-0.10133226785044304,-0.4961717400962065,-1.2324295729331445,0.13221382678369828,0.7512977831400337,-1.250980559085444,1.921709314237397,0.7240401843327458,2.525822089860696,0.2121562132220729,1.1013073947636804,-0.2119468419625667,-1.5120964198173703,-0.8299194960495084,-0.02406214171925412,1.9304283971822258,-0.17031284297988247,2.4053814003709104,0.0,1
-1.7615809723043074,1.0267675948312378,-0.6711750335937575,0.045080347860502135,-0.5913686304502419,0.4819491750800645,0.2636986123997859,-0.4425046617853042,-0.5692005195694093,-1.496718483479316,-0.2713144686208569,-1.278917993344643,0.13007456421542202,-0.3691748467661262,-0.3327800492257061,1.3723820111321592,0.20965997196369607,-0.6847032473975283,-0.6663079607777361,-0.5747281703739103,0.0,1
-0.7896436702901081,-0.2536538812091867,-0.06800303046355241,0.011907155652622892,0.6213960090537692,-0.9776805842998652,-0.0178236113006959,-0.35569027608929066,-0.4997389471118074,1.5711161597094632,-0.3971990874957345,-0.08770405682463359,0.5052631986106744,-0.6187673452357014,0.13034972144543172,-0.15771832321730778,-0.2010674257685984,0.4192224725918399,0.3589224982020365,-2.0290341036005084,0.0,0
-1.4594462986056096,0.14748185029944114,-0.3925262953689614,-0.5639980629772581,0.4288082760862838,-0.026175638565596272,-1.1400276671704117,2.208966271525425,-0.20571173765993148,-0.2256932072512386,0.4240734204673795,0.15012619976161948,0.6182519582040861,0.6376277903678731,-1.5613184281542185,-0.7764155569787239,1.9082530788466563,0.024957647883629315,1.3613879876490336,1.9199380566133764,0.0,1
-0.5869239320408465,-1.06020377145734,-1.4307054219040796,-0.18568000137210589,0.8870352072334219,-0.6828136725860341,2.4903960526528444,-0.8457328849309214,-0.736938810040642,0.08222050097065504,1.4471013134845876,-1.0826640907414535,-0.226083682966775,2.38000402853736,2.6545243221394053,-0.2631803080647756,-0.5473748963773009,0.07734503233000962,-0.8743703925312379,-2.6962294571504133,0.0,0
0.4093891628774727,-0.10027638118576936,-2.8131564653875887,0.5032646522984784,-0.5763119616725392,0.8292330945722832,-0.08499829758665851,0.1379551300454242,-0.2745514292141279,-0.3984454232406676,-0.4565485319523393,-2.149558509739592,-0.7370553247683339,0.04785830617580969,-0.9444678511042724,1.2929072102651478,-0.21794555657065987,0.9836237088129096,0.3909225777417158,-0.8583094249564516,0.0,1
-1.6295850387886899,-1.0040864385761379,0.3160853468986891,-0.02029289006931075,0.5995008680935175,0.4447803719532864,-0.7597608092172037,0.8602612664868112,0.4780922897401798,-1.3125824796769672,0.9623795385654434,-1.3381384160379377,-0.06661230070631195,1.2419091558358617,-0.9479084678783204,0.6062007986739217,0.05052328213870877,-0.2520471755015484,-0.2995601336059828,-1.7463462348354142,0.0,1
0.08678527672367893,-0.4664531423545565,-0.7263083670839731,-2.4436582856541778,0.7825199618931791,0.34780573525359304,-0.5518795738482876,-0.8322640449357802,0.16145317344970178,-1.5195522296900066,0.6467313617634814,-0.4094220957404756,1.5643498202123651,0.7447364041102388,1.0977459796496465,0.12919300707483247,0.11654476598293488,0.6617143297570383,1.0506046202225967,2.4996063001609232,0.0,1
1.2294282113706592,-0.7278861013439,-0.8609865120257538,0.8203522723056507,-0.025640794617121838,-0.6758674942134255,-2.0662582847883426,0.1846115441787048,0.4648984325742511,-0.9847176925708658,0.006415995413150067,-2.787322957226313,-0.8420239754674587,1.1085914758057154,0.25114001835747835,1.205901384298358,-1.404704818249486,0.13291702558632165,-0.8239242057006282,2.4221353921869437,1.0,1
0.34578542234014586,0.2893594002479656,-1.179082933475743,-0.18938516117164428,1.0490962679440718,0.3153496511988729,0.6353549366188432,0.7020730337256575,-0.32283177303705635,0.480219053647914,0.7831875567039069,-0.7008790378875126,0.6494045464114581,0.8308514940660123,0.3009154056578367,1.2153784515780506,0.9682019912569192,0.7876831613418673,0.7446233185132363,-0.8942767353591259,0.0,1
0.537325510019129,1.9175888035377853,1.0123652563940224,0.3749800744213985,0.5062751274569981,-0.6727005579385595,0.3984762964069249,-1.247615257945624,0.5307021745358302,0.2155659335786872,-0.34109329906989994,-1.4140049124694836,0.7605749834398418,1.4230390126514014,-1.0723158646558708,-1.9996405236008143,-0.8390486694526832,-0.0030961487948759536,1.1388134574651976,0.29505820938525923,0.0,1
1.3952777010656583,-0.29122433133153625,0.10366372223089307,-0.0025117220894904767,2.0348471026637243,0.25493046075624803,-1.0384744008154363,-0.38607669665111416,0.1353443195552796,0.6974064318853269,-0.2511812430877641,-0.3181855909284314,0.3808444407313235,-0.6510742486696589,-0.3720654129961313,0.5044970498487702,-0.7424665948089999,-1.2631529318470291,1.7746033331580575,0.11904562905741728,0.0,1
-0.4145715894158734,-0.010500037971197872,-0.7704980292643382,0.8325472047100615,-1.6597798032910709,-1.522623570285866,0.7051877549768064,-1.0318914948740447,1.7591664661442348,-0.4887855798731255,1.5994144908413792,-0.7377188591386202,0.3093153302007192,-0.7820856795628199,0.3188683807417303,-0.823770517369552,0.004372913867598761,-1.1657506637386117,0.16067275552125995,0.019545593169544614,0.0,0
-0.9680739554461524,-0.7688888852918607,-1.3152503305763639,-1.4923491132379532,1.6317716716786843,0.2335484421083901,-0.15272230575633533,1.191411539034415,-0.3970158999481339,0.9418532639276652,-0.10244726925063652,0.5425855612672699,1.3123473177046616,-1.7647862130642955,-0.5407756786518509,-1.7580124255323388,-1.0377724177976746,-2.7678233122972102,-0.7516609131208845,-0.03466867796514528,1.0,1
1.6318332552834591,0.39186359456329867,1.4456384341407649,2.5611526835428062,0.2802278050328189,-0.2824063275946105,0.5208471504473535,-0.0925497887789712,0.1076923973945328,-0.9168598601621708,-0.7479424831357675,0.3790125756538991,-0.2125007285811342,-0.8180350748882103,0.4760370879342724,0.02641745779950948,1.0667658229469703,0.3895538624721077,0.8334861162868928,-0.8272292550567141,0.0,1
0.3503271414447225,-0.1804800474443952,0.5879865149694739,-1.2069672692451179,-1.923323625248756,-0.2314862364918309,-1.0171237285438737,-0.4999292804932373,1.2522872173706077,0.7583552575082644,1.6108321344072332,-1.144772987920318,-0.8176358982120363,0.9731418384109398,-0.3279409017624217,0.3681855734238209,-1.072239260056329,-0.918336636823616,-0.15231069466808106,-1.0175759641217499,0.0,0
-0.15362087421436488,-1.6792708381536146,1.6777118899832812,-0.35369134890493786,-0.8803971738832463,0.8310719281848363,-0.06742783220841546,-0.33645010632788064,-0.905529010979672,-0.1099993914741425,0.2873461052111201,0.5046937839772371,1.2653095616304884,1.459011113438955,-1.1759608915689883,0.4938989368046897,0.6052015277687688,-1.0144050104517597,-0.09045021009446906,0.4854784612041082,1.0,1
0.4426032583485623,-0.061031116504978576,-0.9423181780975076,-0.243283798914524,1.3506356944413778,-1.6501675624176513,-1.0865146628147435,0.2824173920820623,-2.16015629182831,-0.31223365719288626,-0.555001663682024,2.2147275791187204,-1.1783112153461726,1.7176347587458105,0.7403250975902016,0.1300198163319202,-1.6848064394490472,0.6073155082362509,0.1334270059745371,-2.569111070364156,0.0,0
-0.2265382572614783,0.892232274602948,0.7948726980591391,-0.6870540249625992,-0.7648739202493043,-0.9184713676144382,1.4814565587902258,-1.1248769558413123,-1.6602605177609326,0.645702049505948,0.08518365942251163,-0.6340114799687638,-0.9716824662689644,0.2424970075456321,-1.4300755146863002,0.6821908128964757,0.8326432541168212,-0.0857606688927353,-1.337025870900476,1.7469300375000243,0.0,1
-0.1028389194008296,1.7846718446935437,-0.04340918766668385,-0.7545926901317507,-0.8312514618686143,-0.3409947684159001,-1.2747253072265257,0.2391517513272467,0.5083210909994729,0.74719721327968,0.4990526215577518,-0.01502838502292545,2.18448102565357,-1.891218107260646,0.2490252937526737,0.7578463120392464,1.623690870599913,0.6738444935189584,0.19123804508265196,1.978390174918384,0.0,0
-0.9156998007738776,-0.9798803978537264,-0.39745441151387984,0.5752820608282514,-0.4178106734544914,-0.3810601717976183,0.4664866126800503,1.4464757432705342,-0.1158475593435149,-0.6333303142844061,1.8158996304208717,0.3239787815230709,-0.08041967698362963,0.9403850214100142,0.08452842182766647,-0.15405568426082114,-0.5267522935880472,-0.8783869087056445,-1.0488357003096032,0.5059301286572799,0.0,0
-1.7202286094771224,2.064518744161433,-0.3935901763245301,1.2977891827840085,1.3558028526103865,-0.9688999069374484,-1.4361565103134297,0.0010884107553146762,-0.2496268191226862,2.430706994109291,-1.0432590276206963,0.517253843191028,0.7999066474449826,-0.5407454390885456,0.7862016577099579,-0.25104114578933184,0.3371543865281294,0.5521140581360121,1.2298662687233504,0.21587282239728567,0.0,1
-0.39836270985380096,-1.930918004029586,0.2445826619878673,2.2224074222601202,-0.3243547057030026,-0.6178768442756198,-0.6654398466919641,0.18253263971748346,2.121912239801479,-0.6024074251161496,-0.769345239295344,0.3899594089052063,-1.6210511649338926,0.13318227408713662,-0.6200989512013586,-0.4667396236964329,-0.32888640638738315,-0.7004035803947456,-0.8735464434444751,0.07598464704827282,0.0,1
0.1528241368873577,-0.3857640678355879,-1.4389044802016808,-0.7113572137427921,1.126860651796484,-1.0857195892816909,-1.9535022391082064,0.2316079928223537,1.449203661931029,-0.2910363924780381,0.31894065399211663,0.9597993972452408,-0.5249541311589966,-0.1173199559312092,0.3257467837013218,-0.9129707911887288,1.3476338449448964,-0.22011770000165853,-0.22870726009980302,-0.35764703651840224,0.0,1
-0.10100908202009687,0.954794046951692,-0.8069274304871992,0.5464664197122542,0.4440665538906948,-0.6609336628357415,-0.4191226764783523,0.5475374747239271,0.8479942629659253,0.1047575932538846,-0.2526189682078753,-2.0275461968051736,0.26001835234366344,2.0273112063403134,-0.4319254190103781,-0.01716778980973415,-0.6412316809905826,0.3784955941489489,-0.1776252052104355,0.9004832428055751,0.0,1
0.5366081674740146,1.038449077947583,-0.7328584113791776,0.8612038519491191,0.4773742404590641,-0.26915809903798554,-0.7455571664350401,-0.6869827491803873,-0.16447925778966693,1.328254804396981,1.080154927350598,0.7011871816831541,-1.602937685690147,-0.7934649707343158,-0.3062702257630784,1.5963358144087918,1.2167174157104572,0.12096074196332662,-1.753445842109667,0.9270815959177454,0.0,1
-0.12206039516821345,-1.6661888186546492,-1.2956567685190952,-0.3428053149707165,0.6229575060862358,-1.0336177183030717,-1.0090952842082337,0.7197499927165535,0.015205295043657497,-0.3731532518494944,-1.0329344007175203,-0.1829385823312369,1.9656522730967123,-1.0439289275124766,1.047225225551867,-0.2434438696390795,-0.4320080635332739,-0.2470214261040327,1.1014462122877289,-0.03226923514922177,0.0,1
1.4537346412335237,2.419105031099272,1.127426701276628,0.7615616826085313,-1.5080357159246485,0.3283127094807918,1.1595873434946071,0.5009350446313986,0.7156987887694385,0.7375122707178732,0.2288815430426893,1.246903368072218,-0.5524473788538621,-2.64432909070403,1.0835642726007415,-0.5889653221560289,0.9437375865682128,0.30678951044979946,-1.2531302281218049,0.04391840329969774,1.0,1
-0.6270050733438539,0.03603087135105432,2.945133608300883,-1.8109164033773881,-1.9987821188995103,-0.09307744344532587,0.023978298832522504,-1.5275403395104343,-0.1640417905304426,-2.265686230013185,1.2001751969402958,1.220735339050812,3.3241407857734058,-0.6781906204659169,-0.20226065604619645,-0.503607487332315,2.4439560395740227,-1.5502841174086557,0.7139188647805441,-1.8336249217927307,1.0,1
-1.517949689490785,-0.4934705265822932,0.5176767335995969,0.8823203462008421,0.1709177696677648,0.8522395513504512,0.05263961723132909,-0.18582596471476995,0.10944756692389596,-0.4439737720101297,-0.004283761924039665,0.17661236087288254,0.2837679220501094,0.05731963943800545,-0.8789815106928776,-0.9291661341360506,0.17282761892401655,-0.32278138220710234,0.4007219309128379,0.43392558818753135,0.0,0
0.07561177395978856,-0.5918904604210037,-0.07408941700310888,0.4957203363750243,0.9529776418442564,-0.016510756078505818,-0.6676606053237947,-0.07366759556564023,0.4306925095405881,1.6993288411278051,-0.2466692631699549,1.000038644621917,-0.3886829385002705,0.012040451357965493,0.20062031043285133,-1.886593077735081,0.5103078842418142,-0.2444145525756425,0.2856697143298772,1.7101702057376633,0.0,0
0.9910073890451356,-0.8505824998795121,-0.6144470109601909,0.3888182317581905,0.2408277647345225,-1.7061105266245629,2.2097806445266537,0.8641864251385425,1.0122437238540138,0.65077718735943,-0.23203827899474624,-0.9062425522958952,-1.5229581017339284,-0.18109387825307588,-0.3960398677611325,-0.21780514441782445,-0.1933137997888948,0.1042089155693605,-0.4388225515289587,0.5571860930095768,0.0,0
1.4036846203292366,1.8924532831477312,-0.1055864407211972,-1.07392242362643,0.0707775297777307,-0.27555142765426144,-2.3653400710271524,0.2813024197760017,-1.9103425845717052,-0.5358452805582758,-0.7388663845905205,-0.6139216114339493,1.228018761189615,0.3234022983000837,1.118113790632432,-0.16252708496764476,-2.0439723641738623,0.5608403010235414,-0.9697609789485558,-1.514879870938452,0.0,0
0.52732273986183,-1.5079395131088014,-1.0292670848573733,-0.1539232297403144,-0.4959311663318574,-0.493494345797387,0.5852761826842828,-0.17757411650077246,-0.3333162744377428,-0.6459510481660178,-0.20006593153728694,-1.6626394590585607,1.5455876048331592,1.5106216361950178,0.5378255753450917,0.1249737217246135,-0.468066640392234,0.3660551491060817,0.2180174622732346,1.090088694484864,0.0,0
1.3540629252343344,-1.574528664808087,-0.2171902961463379,-1.2976643646186092,-1.1440245520219774,0.8473952425680369,0.3236576604217641,1.2601205836831246,1.2963875775996954,-0.7460699978693578,1.059641297247305,-1.6115799349022444,1.0996876350473883,0.8346440296713066,0.015554269917901781,0.2646414277363124,0.1060574177382459,-1.7522420502135272,-1.5940714615634781,-0.6793646109478785,0.0,0
-1.1559739901508888,0.4759457220698327,-0.8284194333138498,-0.7606124430893156,1.0727381447974134,-0.6788543734817098,-1.0341057273561696,-1.5190435814831558,-0.7224363894683922,-0.9169516590309088,-0.5093889019209168,-0.044521379302937945,0.2929352799072269,1.9505489316948088,0.2316176451742125,0.07775381823995797,-0.2188691838759302,0.4904819679615268,-0.4041935374341028,0.07831067306956363,0.0,1
0.7546272017855149,-1.7052298849252392,-0.4002477699463776,0.25250016319392266,0.6725858482117845,0.15352647945504688,-0.7284595038710713,0.2063747516380006,0.7547660040624219,2.3228779675540787,1.503036464943921,-0.8968206287684619,0.4623405347537869,-0.037046312098808064,1.232592270171804,-0.5458083638368404,0.9287856319475511,-1.6536792868502186,0.1936551062379402,-2.7199421638819983,0.0,1
0.9635945831017828,0.5388377167223123,3.11511611445911,1.336097100307779,0.2959040970002796,0.5573722312867109,-0.03317528676556824,0.4495259634895685,0.4494661984231452,0.4445076281556003,-0.908125132252054,-0.7948781275859684,-0.030693912779605363,-1.6845007796098956,-0.3705933216729332,0.1342164347197073,0.6361053139043313,-0.13676906872857822,-0.3907900271482009,-0.8894148256982102,0.0,1
-0.1461835398318286,-2.186574123575772,-1.47349402413273,-0.2641735041565712,1.262098954945875,-0.10331416671554668,-0.7709367050343707,1.3554046531850106,-0.5761507820046101,-0.1440389476924658,1.995320231010272,-1.0009736330509142,-0.3724282096443972,-0.04985581530298013,1.9639743134540677,-1.570030743540965,-1.8400023675669772,2.49012335235677,0.3105592828212168,-1.2483305320122904,0.0,0
-0.9242882693032504,1.0002567700038187,-0.09661325703911856,-0.2398015057220279,1.6099310965286848,-0.8597895014176702,1.441291109304639,-0.9493587668571144,-0.6143889018587362,1.8192356229952649,0.22513841920154876,0.7845296450850792,1.2726133701601523,-1.0537233130486203,-0.3214856194687442,0.4659498494542258,-0.8789219626758531,-2.350637055718776,-1.04909853267379,1.9190148138795438,0.0,1
2.290996488996881,-0.17644427247890954,-0.6142415671111948,0.6752038366512221,2.2672755890575016,-1.6244816833877256,0.4953955589038243,0.1167100870490889,-1.4515721191835058,0.9564477113968956,-1.025538639774622,-1.1143251978603514,-0.7302498618621759,-0.9119537135853673,0.37524336031803895,2.0320980759111285,0.14176013197748352,-0.7747111438739016,0.9856402926817692,0.06452105131711494,0.0,1
1.393544179883652,-0.6342464591013803,1.2596088223404098,-0.5524398364150819,-0.8223217891405098,0.7707112849243639,0.8420766063313937,0.37209361994510665,1.329353957594671,-1.1190035716051965,0.8338919278014895,0.479663671456692,-0.1836262038348995,-2.610412159480251,-0.21636730948875407,-0.37707642936839736,0.96919157629249,0.9547442961389097,0.6885189941406533,-0.42216799341994815,0.0,1
-0.8353243716170123,1.7196294904044271,0.7109342493043881,0.4268897579820837,-0.5625020425648809,-1.7158507688022973,-1.3257789625597682,-0.774331291013898,-0.036898383726987866,0.7738248317597806,-1.539475937885988,-0.17740270773285247,-0.3109443623554151,-0.034924652534186126,-0.9666207567110576,-0.15805702964152066,-0.008513544078241477,0.4910755654649944,-2.234529054231984,-1.7358662057685783,0.0,0
0.3437991936277527,0.004373811344572851,0.7817571846338461,-0.7129405058486644,-2.3064230094213727,-0.5771344614788996,1.2504815000452032,1.1881921147607233,1.1339478896981636,-1.744048528276175,-0.1168336409972081,0.011684409331348906,-0.24502937454409845,-0.1555566648299282,0.4624568929971118,-1.0311394426627187,-0.3669588237717855,-0.4502192707017448,1.75436955605976,-1.3641884912760691,0.0,1
1.2604845499603348,-0.15977953328405384,-2.422946667209566,-1.5995635375341728,-0.3424394172444773,-0.18841737727723398,-1.3167991816084377,-1.2694028021993515,0.09913770862697326,0.09038296733842116,-0.030410549571287943,0.5494870665372812,-2.1902207781723693,-2.0774648016298807,-0.5788839875889512,-2.2508660203841995,0.009036331443476842,-0.634039174948526,0.5314668524796222,0.4416749963211141,1.0,1
0.13109294355168624,-1.3109459135579111,-0.5018971104862375,0.5063352012695628,-2.215607246101924,0.4014770485544769,0.9614697728376908,-1.5446692894344505,0.41469997276467935,-0.109482947722143,0.4541607292024411,1.3998856611042791,0.34033932329848604,-0.4452252053451649,-1.194945379611044,0.6330386560256694,-0.20783071322628688,-1.0190671952279713,-2.3497254538944365,0.8568456726796344,0.0,0
-0.0044996379040962205,-0.34443270339952936,-1.0321274327786276,-0.6954257477966762,0.9247129049459234,-1.3383426671004666,-0.9847401293276564,0.33880506945917543,-0.11639426660346615,0.4651065113406691,-0.5271882009251465,2.223192234366396,-1.2506779964601644,3.3375364851345335,-0.9028131315349625,1.1542346253151865,0.5486397517115279,0.20408123816080495,-1.4454385301666688,0.29506707670051097,1.0,1
1.4686852233128866,0.1364897496523133,-0.7727087915889826,0.6250014390833258,-0.19089555205789424,0.09757823833156573,-1.285028458380005,1.3122019492136778,0.25214434847669964,0.2702539628613572,-1.9605162283407984,-1.1339749567036692,0.5026742647544954,-0.1382181116075648,0.7822101904843227,0.06697815688223756,-0.5573598957789045,-1.395000452652735,-0.10524395930859637,0.5309072388847833,0.0,1
0.1416021523135291,-0.5499474402632397,1.1342932727722328,0.7915424745955475,-0.03539082691900318,-0.19502139279623024,-1.0381882803775495,0.44388096113429387,0.9606600306324522,-0.43036345313260294,1.6967733369846894,0.5750677429830575,-0.5250033966605889,-1.731877986185952,-0.3810838715096074,-0.571725467249187,-0.7826068534484084,0.4386878617862437,0.15419257992832106,-0.33454544893633353,0.0,1
0.28255080659449106,0.9617757007622292,2.7226237410559637,-0.7205770850283305,-0.6917091232900445,-0.420025626186206,-0.4860145782192972,0.8614875738904522,0.16768955411567701,0.2555458328936487,-0.3652415561109511,0.6608534192525735,0.3702749405640874,1.9450908812779275,-0.11691690705977717,-2.027786360613089,0.5704553140134246,1.6184074801107342,-0.740481211182283,-0.44823036499590585,0.0,1
0.10578488111846862,-1.15783947968511,0.9695017453114568,2.5452144506129573,1.4738957033892797,-1.238451876070531,1.3418599618554634,-2.222033682721324,-0.03474865561465667,-0.4221908231347875,0.4829786982348565,-0.8869184186529244,0.28160000879685937,0.9059978564206538,-0.31103322939913897,1.7548078910975904,-0.7418297802332281,-0.3660980078694048,-1.4893888520335443,1.6447088885650938,0.0,1
0.17577652993199944,-0.13031350152543827,0.3322734804296896,0.3527569886666547,0.4548990488811561,0.04418744494883097,0.3972620847390329,0.19331998203088285,0.4502222762225934,1.1791721389592678,-1.4616703863634952,0.5544138505907472,0.33203469408330033,0.8570953626784815,1.0019746996391372,1.4095953973023858,1.6087335982566597,0.35779337395607,-0.8464368536325109,0.8784215670710261,0.0,1
0.32071638221458004,1.9728059188639344,0.08066191880755888,-0.8582510954138728,1.535466169450554,0.29907192322765336,-0.5683310622219475,-1.3364275522141946,-1.7157935225076886,-0.016034212470426468,0.10022983006180852,0.5429179314971867,-1.3931853378313737,0.9060419931626696,2.1468349381629444,-0.8742478381050831,0.3643414544226379,-1.4840103354349217,0.2971753462965186,-0.5827515085465909,0.0,1
-1.103688313140414,1.620042766890502,-1.1711737335737396,1.2113142037553402,0.2506618737496277,-0.04876463261631272,-1.1050496475896399,0.17430377447169373,0.2146815514172764,-0.27405206037253904,0.4145316996954418,-2.0772227832631103,-0.7963012752178203,0.30029319804472265,0.8459919509596504,1.1747525072760157,-0.7492238468964465,0.7458096456388104,-0.6202082086226209,1.7194975887740391,1.0,1
2.6198105105104594,1.5266631844340903,-0.175631262960292,-0.7296103628675606,0.6004552764855358,-0.07034039712498287,0.6235105481651848,-0.5889411601415493,-0.4721922949686954,0.7522007969364893,0.9932284382513716,-0.30790451375533795,0.003282486304815648,-0.8967618066776257,0.00665856974978735,-1.3146083996766191,1.973876493692153,-0.9007728431158308,-2.2776305486248987,0.0268493156968882,1.0,1
1.7857748290644977,-0.11293249127576703,0.0441393265722595,1.4078200403953507,0.17647588666955832,1.6841478357685211,2.200190821726693,0.16480257780748245,0.6561273676807802,-0.8298377575502334,1.8788396514396024,0.12738801296609986,-0.32120695064380994,-0.4623823759343334,1.2337352765055984,-0.7722438473450487,-0.2221629253840008,-0.00942883951050304,-0.08793425714750165,-0.8213462727978306,0.0,0
0.26183544393257896,2.1484142231704384,1.2254753133365222,2.1812207280935607,-0.648619693584374,-0.4024961516367688,0.44649631239625337,1.8623371835357647,1.3705708143284059,-0.2935841288716484,-0.8031855862836621,0.2858746575976145,-1.0475978731998412,-0.9347236783362454,-0.5082933415927868,0.06314868958503764,-0.2367434909232285,0.9853381753174688,0.2228772955104227,0.7779136917059769,0.0,0
0.2105563375809828,0.671524418705371,-0.12749844754087755,-1.3711597650092182,-0.5759515736712492,-0.2053338970439745,-0.3922160921604104,0.4667525339010073,-0.905720320687558,1.2846843266793877,-0.16514343772293075,-1.04128061827049,-1.1630480046071834,0.031534583589398216,0.2075778336716966,-1.1823653624945278,0.31538982908454904,0.4210029427448032,0.4601684891380778,0.09454744013812344,0.0,0
-1.2708001301218912,1.167936882960707,0.916549022922777,-0.8775005195431512,-0.3718502650742226,0.08069481509162106,-0.11183534717244102,2.9082555070785285,1.0889452939912398,-2.044710799866652,-0.4825730081432213,-0.9075992019416442,-1.154302593599554,0.5656679253000186,1.0669666825477104,-0.8995169154018906,-0.282805213043844,-1.542042755079836,0.014343192594819634,0.3288841292505021,0.0,0
0.8999837024452038,-0.6329311215224265,0.13695291949836824,1.5664400536344616,0.08869201096546868,-1.1272459840104865,-0.7976919107319311,-1.956560308448969,0.8257648285019997,-0.5588495610726733,0.7431653394122861,-0.7131692041927545,-1.1305169494889504,0.03579187432411258,-0.4917707167483587,-0.6362925422044907,1.5918639021499414,-0.8058150289317656,0.7994803405175718,-0.0654381467515247,0.0,1
-1.8877122840338507,2.1195024514719005,0.458588919922029,-0.21375277424706335,-1.0249038369324468,1.0795447513869951,-1.3349199883534242,-0.7170508561681798,1.84891246194466,-0.29876819547419986,1.6242862040388135,-0.23662303788779124,-0.27792153072195397,0.3666208854071063,0.5673680750091044,-0.08180751158012865,-0.4807289651181623,-0.3049961857929437,1.2446167444601162,0.37844986006526027,0.0,1
-0.031151651307611213,-1.4674667370583478,-0.6179098526823267,-0.3968787508224031,-0.21906454567846287,1.034321622217973,0.5854040899979625,1.1945415495738771,1.0001944608112758,0.2650773141422951,1.0275419480879,-1.2064503173503969,-1.584025574228238,-1.7781730009212755,0.4340776478943191,0.2070966407992372,0.923828254943978,1.6177682644011675,-0.16736621383530986,1.3913655476424551,0.0,1
-0.0382865087257296,0.8194701224290363,-1.0731894725252549,0.14411101810174412,1.7706036923790545,0.8919623937459084,-0.9406324106371196,-0.6888139516900837,0.3047936886849934,0.5199883562637665,-0.286005513837692,-0.5574532997435042,0.6224471578843129,-1.6620357048380645,0.993519425269256,1.7661449352073508,-0.04206273169296303,-0.8375589884851591,0.0026268984360230552,-0.050624726813628736,0.0,0
0.6840879834601468,0.7877580716583129,1.2872452051203989,-0.6474413685561129,0.8437698709539719,-0.1361780578404978,0.495269063682211,0.7527326491966859,-0.5794557131512171,-0.014956233246044968,1.5348749786569933,-0.2384082298240723,0.1259599121346865,-0.6841888317006621,-1.7757404633361322,-1.4775715544996628,-0.4138959044658328,0.7429568390537766,-0.13626856894471892,0.4842329022726548,0.0,1
-0.3739898152352376,-0.264652638164059,-0.12529244917791146,1.6529412384286053,1.025349919819916,1.1923022283017997,0.07892590183535994,1.102838354976121,1.21946269224662,1.59317816770083,-1.0170185069722586,-1.8464730711317183,0.7518421157303095,-0.5029352521520318,-0.09646422342209872,-0.3461130077672091,0.21349308556322394,-0.4735558331294271,-0.4502957789020214,-0.04161484420426717,1.0,1
0.6969724822586009,-0.15635513088660735,-1.7770900888203875,-1.9882978720217543,-1.1295284525172429,0.09672002124863684,0.9071299288842152,0.15443938987177644,-0.08744748229618768,0.5190487750478443,1.367145501729479,-0.2552449644503169,-0.2695608416140033,1.1863398325985135,-1.3044093119429416,0.6025072121446948,1.050257529488091,1.6641871374497106,0.8750866663543235,-1.1849374300198745,0.0,0
-0.9889572776623468,-0.5828897177802328,0.013416588539243744,1.0979079676838042,-0.6749963199026491,-0.08880559177086861,0.27076395498841044,0.4914802687976038,0.2899787951332809,0.8355373140946941,1.0914245425562064,0.05813708083412655,-0.043358748422333386,1.3795457595981429,-0.2797212236962783,-0.03221256165859149,-0.4077983085184434,0.3868207537442951,-0.08517513504720049,-0.826963214325016,0.0,0
-0.35160045095513004,0.26388847183998715,0.7013866262541603,1.019721992223536,-1.06363010688862,-0.5854647123683878,-2.064616145266736,0.942047282061799,0.4706151204296878,-1.575809318206346,-2.1035200354481227,0.1876182338569007,0.1194730682359997,-2.189993455243738,0.9814487434811991,1.0643177561004673,0.2489079758234245,-0.14455476732769215,-0.875526047370918,0.7888303333231356,0.0,1
-1.6904266064219011,-2.1976507916085524,-1.6814734059399612,0.5128156369032855,1.5010028023546296,-0.2867467253964461,0.7479612027724006,-0.6198344199828766,-0.6284811665770854,-0.6709094945973404,-0.13562218768739573,0.7304044942001392,1.8233409546268715,-1.923922452901011,-0.6977951554952465,-0.9075316545468064,0.5843186923673922,1.2111550753952316,-1.2299025452108243,1.8437802806408128,0.0,1
1.8321243117729948,-0.5894257147053936,-0.6656887060179426,-0.4741828954505945,-0.4028439689878002,1.1680547277282398,0.2718921621884873,0.24151557415130356,-1.4763320731725422,-0.25151779273218233,0.954895974537744,-1.9063698576450483,-1.7576757559489595,1.7933603289776514,-0.6009257951510083,-0.2349722213799838,-1.4166919487020322,1.6341279862084108,-0.6626379676038529,-0.5350552719768324,0.0,0
0.6474055195322501,-0.4851618242713211,-0.7137753918383959,-1.8636879650852896,0.21117915036331467,0.10359599867467184,0.13671217588301776,-0.33399545058172825,1.2955808702239076,-1.5595783983755092,-0.252406999065817,-0.15106902971843414,0.7070989508826396,0.5373901512137924,0.4247516406634255,-0.10589516945768764,0.6095920489342574,0.3161796048851552,-1.9417917856432596,1.1647089222880778,0.0,1
0.8289047948377849,1.8884334902992057,0.4611002363057167,1.1487525449145064,0.1545188576659158,-1.0793944932543518,-0.7569917493016339,-1.1864196098933395,0.5930272319106454,-0.7341984443040754,-1.1564248593254705,-0.623348128808197,0.2346498864227537,0.05964139518422783,-1.0010553237527873,0.3401446480640657,-1.10520255573169,0.5520796458327086,0.512494511098693,-0.3244202823404065,0.0,0
2.424043665856623,-0.9172118056878495,-0.14577011507137486,-1.1211654646962603,0.15023826449003005,0.3356679352167429,1.2135753754224237,-1.3707975400889305,-0.39198646590204494,0.7592152228356925,-0.7805791928219697,-0.8628183077236964,1.3883892022561226,0.4660166109712652,0.308510748039888,0.7791471849947721,-0.7684406735921416,1.4901380041945749,-1.1478417410612216,-1.2550928916005226,0.0,0
-0.5901198205012119,-0.4732644856505288,0.0070707105747761095,-0.2845856039227914,0.8701147161903293,1.1034609379141145,0.808159495930222,2.5402855301194918,-0.01113441283280516,-0.8087606503931447,-0.9180592457917108,-0.15560663963570764,-0.3996365293596502,0.08762747727552811,0.12552579238184394,0.19001086582429424,-0.3636014222428599,-0.1905387690309376,0.10095929845451793,0.387109817186197,0.0,0
0.9222458372821832,1.2796630923076506,-0.2433797907143445,1.4964856419117194,1.5138136565932314,0.2279713214117571,-0.5209832191909918,-0.6746132497379522,-0.9165197099512336,-0.6601659562724039,0.1111363235020336,0.8056321799093149,1.0658480721060737,-0.4764858559764396,-0.2307123694094805,-0.8423489174998223,-1.002187490985747,-0.778846727447573,-0.6554202523079377,1.225828393652535,0.0,1
0.15485933748654016,-1.0836152890251216,-0.5636644340134365,-0.4576003133700221,-1.5090841670183197,-0.4818018849398979,0.048632207568224034,0.7282226874156807,1.0746913865924532,0.10097171121576326,0.2666516658432639,-0.03505197332561344,0.42439264905839263,-1.0639422780000958,2.5832358913994184,-1.8244269684479213,1.8234245682562968,-0.32584170129132073,-1.9456929879750116,0.6878974504906388,0.0,1
0.6438299018663736,-0.5464801787281274,-0.5494250856175774,0.6258106990326225,-0.3516068482545149,-0.5211523532356805,1.003130697731181,-0.4818997169462427,0.17608829487383612,0.6809323301217497,0.10436805332750657,-0.5694466906285927,0.19652619256482204,0.41210749201263897,3.3258534906598785,0.8590649941412397,-1.0244861699410686,1.1544841290506902,-0.1719186072175479,1.6065653936499236,1.0,1
-0.7438380782200784,1.0269006723871612,0.25050671793272417,0.7598542517776493,-1.0216787994975391,0.13202975313615448,-0.42753006754657696,-0.6000008872111855,1.6222590706054223,-2.400752479166679,-1.1921821614364398,-1.041897440347525,-1.0176133515763846,0.6255228587951699,-1.5001088186499991,-1.0325131376630814,-0.1907770945951868,0.8633567242901051,0.7194245122036851,0.21563919207573412,0.0,1
-0.1761392261145217,-0.8977422982020752,3.3317030031500825,-0.620093161913904,-2.302980980137062,-1.824215926822868,0.4027122305167312,-0.1546724402520076,-0.4355730788642298,0.059235985827461625,1.2524571739895245,-0.09596012187178447,-0.8202436187028062,1.1450688656723649,1.0322965666115616,-0.14903268926545948,0.6623079690026769,-0.31409444085417515,-0.9535878558880952,1.0448480822013806,0.0,1
-0.3857263952793593,0.21847172124702327,-2.2419437528578543,-0.9401966623122191,0.3389632769870944,1.5008024854626958,-1.7593385669349562,-0.07027864323584182,-0.3042489798062178,0.4842222405786311,0.006671823072858696,-0.6501492867008916,0.7219638150612411,-1.289836101259607,0.5232692016296817,0.3302243062014209,-1.4266278362344815,1.3027953534814531,-0.023756672333570556,-0.2357790319960031,1.0,1
-0.6236060363994973,-0.030405219945878137,-0.7750419939038502,0.8387432926230199,1.3667561968510764,0.7066598886109365,0.2806380165759794,-1.0464924042534196,0.07048195345805805,0.38590510151498736,1.8917617344544455,2.052786130035176,0.9230695236797326,-0.463578567619323,-1.0784733459419629,-2.9224380755997457,-0.09382385822211883,1.9019500423829576,-1.0433276065782495,-1.1691225686000095,0.0,1
-0.273776445556961,-0.3457346827243377,-0.24432421618894215,0.05433560464819333,-0.2080462517384023,0.36000930142626203,1.0364958842151757,-1.2917183449726322,1.3118786203454598,-0.8763756031939838,0.3804862002888184,-1.886004467524447,0.2406870286874083,1.9934572980508427,1.3247500033551594,0.4515226590693068,1.0390336980634995,-0.902112451539046,-0.5334344626395623,0.685303493177682,0.0,1
-0.5400021577177142,0.8139218212145349,-1.195442895646858,-0.7608820634932262,-1.4628319197414619,-0.7849757435483427,-0.8152868231726662,-0.4328625245438818,-0.6402829939044392,0.3199659230293868,-0.286728053381271,-1.4850856171576712,0.7496317398410216,0.2259985097205252,-0.6851835198647589,0.4262895327488762,-0.2533549440605345,0.5775184837701139,-1.218372219070507,1.6886445774911776,0.0,1
-0.15405457025937888,-2.0091286882045,0.0723952866688377,1.2016748232729106,-0.7870866274957841,-0.16180937424595498,-1.1573568139605592,-0.6763069892453176,0.4636135380493418,0.3791437560951501,0.5524797331717519,0.28863154723501155,0.3827103494722481,0.5086594954117423,-0.2488718668568838,-0.6912093711881547,-0.6472950514360877,1.2363390761955166,0.6848253058113949,0.04034634343079906,0.0,0
0.3739151682823579,-0.6594255930483026,-0.4223751800978209,0.6003214899949626,0.8555222271292001,0.7640327364835795,0.30613732173385155,0.15092853079064394,0.8451966977795252,-0.9932995644271688,-1.707835775182616,-0.11684668003527685,-0.5573243421104667,3.1325151799598445,0.8182886077316035,-0.5178085922883429,-0.3060091435510589,0.8730126911116218,-0.2285792203203366,-0.07947242952182887,0.0,0
-0.8193142468025606,0.017770440458374767,0.5307145179465116,-0.9506498644514176,-0.11469943834653545,0.2430282607649684,0.6617244508110494,-0.7229340295146414,0.4546651413211178,-0.08579126443514275,0.2572529057092756,2.102352939642486,1.2829202382340772,-0.8431442499599533,-0.5794187548995187,0.9675670457583468,1.0632630135473171,0.9336919260765709,0.9597827870705036,-1.67132717161657,0.0,0
-2.307495673694917,0.19439942053795925,1.5530537108317788,-0.0461220986512846,-0.2965554494317991,-0.8735692264494451,1.8726768679565733,0.9959327095350482,-1.0785255953427928,-1.9257610099032612,-0.28025615497508843,-0.8840575292265935,0.7866562901265818,0.7377546012600814,-1.5680396999584507,-0.7520540157845855,-0.5682096315753474,0.8199664523785891,1.0319262587181015,0.8473874866928556,0.0,1
2.351446436606814,1.418742014434519,0.09510644696955704,-0.486518678353952,-0.8472399740934008,-0.3974819729017638,-0.3854481259595736,0.6892698900060054,1.244070990173609,-0.31195878763337953,-0.07401605722900098,-0.3423674647969679,1.17755802816997,0.3000837419779505,1.4897474892775662,0.5226251309838024,-0.145533957978327,-1.6468549925848524,-1.014645762214052,-0.29715826468037165,0.0,1
1.8498637960922788,1.7497020582588392,0.2672225565824422,0.6173580809437256,0.2411367596544892,-1.1686187915523172,-1.6674434542089418,0.9482036802903592,0.6628736077566039,-0.7420583382201202,0.2851156432135819,0.2789161951838956,-0.5292824347207578,1.007986864025774,0.5932558670920841,-0.0626116241283304,0.3261369524348763,0.9077726484438678,-0.8783434999628098,1.1314012743559356,0.0,1
-0.2195770980989914,0.6744632191988412,0.5861564040533467,0.2098234163371592,-1.522305569965834,-0.6751768004925485,-2.001642722750116,-0.4025181579123629,1.6903760758829796,1.5892470417271447,-0.6697990963966785,0.8933798722824846,0.7968214962647178,0.01781323554746967,-0.4058713428629227,-0.2884133160090429,-0.25144218788917944,-0.5809699587244076,-0.11509661261647718,0.08139297666339604,0.0,0
-0.2348281527528815,0.5951469884292079,-0.5068768514422435,2.394651311494884,-0.08513915885078896,-1.2902759092690028,3.284868854756554,-1.7904740270315824,-0.7022561736908537,-0.06891878767963558,-0.4517054610081724,-0.7834007934078018,-1.2818380664172893,1.2021098804181438,-0.8535175816664478,0.6887349072114761,0.5698980512882242,0.17468703384581832,0.1233049741007982,0.3493525738513772,0.0,1
0.7044884387891509,0.9644294936508848,1.4146539086423011,0.4557978876074613,-1.4000693165300722,-1.4050826820569844,0.08067276567337557,0.5813688890387947,0.7133695870962607,1.2513649736902541,-1.2281896613693677,0.4419964615729666,-0.1410113401518933,0.7057270023203083,-1.0888737597075673,0.4706211882184378,0.2139143172703224,0.3725661701084871,1.1828961490562184,0.7603080913385748,0.0,0
-1.2977439487369542,0.12174491599234193,0.7416436184194097,0.13438795042847082,0.08706354172571375,1.6031524741057686,-0.17152513618838838,1.3755873124036913,-0.534189787348141,-1.3592712836797916,-0.263840219915191,0.13249501591417312,-2.4401695178724925,0.10621530265141804,-1.6433503260706117,1.3553161374014473,2.34241264073127,0.6839766053428931,-3.4375292666410533,0.15555759868057034,0.0,1
1.077869549102097,1.2966886595980176,-0.6677073691299781,1.3525148463965633,-0.4327845720684103,-0.3673483536654733,0.10595651411272032,0.4831732808672456,1.8879026087995905,-1.0979253266937106,-0.2596959494052327,0.05298892682056194,-0.8766508430351101,-0.6092080469657705,0.3609206022944752,-2.016739781359476,0.6207593881670614,-1.6521668736103483,0.6267220395156412,-0.7683888682702879,0.0,1
0.3128140248001289,-3.1284675591074964,0.9092552342209194,-0.5025055102967401,0.2698562419915421,-1.3523433212357825,-1.4539360072704777,0.5388629016640775,-2.15886994870456,-0.7302186166474947,0.04555369338854712,-1.57304340407129,2.0954473030837018,0.4294807707394655,0.4666350778183894,-0.18843803460110192,0.4239121114428494,0.6045050951691221,0.4799966474690848,0.4907479430537165,0.0,1
-0.7269352946893177,-0.2484038102002347,0.9044904059502892,0.7759633263050225,0.3499796261560429,0.3010904590019906,-0.6058656030835531,-0.14236938577829364,-1.2053369712289888,-0.5181986541793373,-0.20201625592538994,0.3746783488786501,-1.1490259173653927,0.037259014785182516,1.3948195663795295,-1.7005077793512822,2.02960340226811,1.6324238238332531,0.523751338259541,-0.6241557988211199,0.0,1
-0.2761088734383829,0.7840537137788554,0.8367344515094423,2.0562441269637626,-0.4141591253866471,0.4704336340335614,0.7072896154016374,-0.13716329913523087,-0.8906892027969883,-0.7944178726161032,-0.09245566524381556,1.1521899059755023,2.1832784494622715,0.2668810143270212,0.8330322008965321,0.8945446343466233,0.7869992214260952,-0.5206595828143711,-1.1925118871685092,0.7851825481781007,0.0,0
1.1236004501618821,-0.6992551308565771,-1.612464356141854,-0.026837523874031426,3.0058436728486817,0.4618236731624576,0.5267351368519884,-1.029157307615875,0.5506199213815294,-0.9731683830420286,1.4660862081716286,0.8130775586800931,0.4398707358088884,-0.6016763208861169,-1.7361997230949917,0.4764681698525432,1.7823301246189314,0.30624315670901525,1.141167932389345,-0.22542980626780604,0.0,1
0.20943327821428664,-0.07663255309062647,-0.2603686873837982,0.9765521724024412,-0.6913708993725024,-0.6577339633228785,-0.041078798582096135,2.0289975231731887,0.2559124609968291,-0.12084094496564735,0.25785364987957404,-0.7856436531750176,-0.9660885348280512,0.3582589631083171,-1.5684050535425718,-0.4244174140791561,0.7822083408528779,1.9542461042042132,-0.7286145276621662,-0.19185138726511788,0.0,1
2.141530814639137,-0.7830331671317927,-0.5597727969170279,0.44912843844664335,-0.3565631948830064,1.9717830221532657,-1.7691878582369158,-0.7449986969031612,-0.039679628727909116,-0.5068339751275449,1.3143523982746157,-0.7259476436475272,-0.00834659927309708,-0.4956058625877283,0.4907567229855294,1.2083183119413772,0.7982036891302221,-0.5325586200708927,-0.4944006256032321,-1.1409012159724663,0.0,1
0.6895153550619738,0.27615037079455423,0.14773889758189054,2.5295562110805743,1.0853995544087165,-0.2129528920218416,0.6882142411077746,0.3620511026099391,-0.16183664672382173,1.7187978683540692,1.1624841363917178,0.4146719062267761,0.03690190548991664,0.9524702005839424,0.4186078730449868,1.2045563242079138,-0.3005729357326016,1.236912833790051,-1.236607167670809,-0.21345093888899191,0.0,1
-0.2522661751891076,-0.19545785617426129,-2.006674330501558,-0.10545350743041572,0.8574361123964532,-0.049192957755219764,-0.6553480004876027,0.17509304816571988,-1.0328278810832685,0.9259821456801614,-0.2253796014309272,0.41622435984203215,0.5915225123548538,-1.516003736645129,-0.3310961342710589,0.41211619002984695,-0.6268281924450617,0.008781053544102416,-0.8460561883302533,1.9337927171985,1.0,1
0.10385073090511936,-0.17087856194285433,-0.9677179777543444,-0.1001168114814447,-0.005761408078243769,1.6247770069908527,-0.7555102542447115,-0.9374967418955444,1.6647899433505844,-1.3247010053075428,-0.4636500927609248,-0.7276719931082124,1.3721821633993916,-0.0017367136692119285,-0.4101859805281411,0.4640024276366662,2.273837242414995,-0.07466104638674656,-0.031640511177725546,-0.2837391337251469,0.0,0
-1.269783059269909,0.5130288741021941,0.3982683769151291,1.1068816278438538,0.4087359233437966,-1.4621790567077657,0.6139408845613001,-0.9299054862644444,-0.17553832090537658,0.123104873075428,1.3011226232391555,0.9545993269736099,0.4945317375671062,1.4402620209470811,-1.3485677789794468,1.0212499705896874,-1.6527658665862557,0.9071633940721092,-0.9447716023372807,-0.07202162375717136,0.0,1
-1.4076050739944457,-2.0877313632838,0.2710730961383864,-1.4567565381932952,-0.9113175777500612,-0.10418614277897936,-0.4556225964441928,1.9719043748342004,-0.7326847919295801,-0.03426378873135243,0.1236166523901618,-0.10569026629816576,0.6235957620503755,-0.6208808909002993,-0.06422668024465808,-1.2956837104444456,-0.7494702863719109,0.9009732709288522,-0.2995103127732302,1.0086875505681434,0.0,0
0.6663946623709979,-0.4337587628088101,-1.307863369695135,0.6229459364312844,-1.4101898860611792,-0.8562822979075291,-1.907669360495232,0.9632334406225468,-1.4093355103783751,0.12655458801640246,0.28527213247749983,-0.08869835518822436,0.8276757026441964,1.504377307630646,1.9408230782582017,-1.4645495681421137,-0.39212947074822746,1.3554396521126388,0.4085910894912432,-0.7845477322636998,0.0,0
-1.3550529576675991,0.9598462327505431,0.10422767817731557,0.12613464895471296,1.6397686177256838,1.4080425980128608,0.03188068098907538,-1.2548143832726641,0.6891403952705106,-1.2171777008777054,-1.1076715897379044,-0.5450825375469593,-1.1260075398100609,0.5579118952677592,-1.4590666082567851,0.0056478254043135865,-1.6066149249211106,0.6050925339238639,-0.7959666560009283,-0.5114559412647157,0.0,1
0.6316201743155173,1.050791267318062,0.005290589990863106,0.4474667440441705,-1.0415500705290692,-0.09401454528440853,-0.3804736802659192,-0.12789818964245064,0.20872096303518806,-0.6011271040108216,-1.552827759838484,-1.6888515754173126,0.8681351830774523,-0.2109251744507684,-0.9732532430356292,0.16855236952770905,-1.3137219862157998,1.3255399323489956,1.4379663115348529,0.5234489014225568,0.0,1
1.073766034329324,-1.9122386756143277,-0.03207678496273633,-0.980117938341414,0.11076622868140357,-1.3713379737050782,2.329499789632365,-0.8826834257186624,0.6209682835941949,0.22244368367324405,-0.015812960372220842,-1.2489968080439866,0.3086206523139445,0.9074780655627452,1.385612367170743,0.5098843912724516,-0.5641573074579296,0.6724350648473766,-0.1666106838506254,-0.7136192635928188,0.0,1
0.472032710931037,1.3455508029605032,1.1384579742133158,-0.5621258046685508,1.766147092264028,1.1366977956416495,-1.0062199086194992,0.6307870434763779,0.3042290736187701,-0.7588436233958139,-1.2504673630341356,-2.0029979179444406,-0.3120458267530432,0.9779938851330888,0.4053980517903215,0.3231480738935619,-0.5493000651765396,-2.7116565774882107,0.6943059737470457,-0.0214938970832206,0.0,0
-0.6658678915150904,0.8142400467969564,1.52630488100303,-2.534309336410918,1.1702277808863446,-1.0138964009688765,-0.5026410984752748,0.20493183529632564,0.8157560887761734,-0.4619262798620055,-0.7277358513981379,0.03567764124057022,1.2970063380642811,0.3128712657868479,1.2583450230332989,-1.7051425207962916,2.1040219422201885,0.2532623901221901,-0.13571979726557878,-1.9035438350263236,1.0,1
-0.9659002699260474,-0.6041152579915697,-0.7120384073103632,-0.7556612362420018,0.9693472440467136,0.5183638897075156,0.2772791819499659,0.8992530977200428,-0.20919057593127052,3.40914906333263,-0.5407461570915741,0.41497655538247996,0.41614197476964015,-1.001943836508001,-1.285463398707419,0.2494667803337788,-0.6958543011448982,1.7355878505170377,1.1929778874609216,-1.5584733386065113,0.0,0
-0.5018004470364891,0.07414090844282997,0.884218056037477,-1.2499124407069695,0.09698487188251688,-1.3686954417663726,-0.16161022156797294,-0.08393120122170497,1.014857685167991,-1.8591453539695932,-0.3241665697891791,-0.2103293920349803,-0.08278398655979738,-1.8809706968471271,-0.5746882668554664,-1.0425270681072754,-0.5410635773711566,0.7238803515852629,1.6486488084303834,0.6645276022494826,1.0,1
-0.6089848748528137,2.1215117937833896,0.5018290555388238,-0.5296081777134736,0.23539358195135,1.7684210169565469,1.6896189967437707,-0.09714596624773282,0.3542482269090909,0.2865789920135587,1.1238749015778164,-0.23607832283412575,-0.8848659167440024,0.3045205437288184,1.863729740043368,1.5771469839038457,0.8406758793752559,-1.0908676632898482,-0.5935574258047273,0.48648839261479104,0.0,0
0.06619080270316398,1.493307730096992,0.9954228220034771,2.1595749412321914,1.266456725877844,1.3431724599235029,-2.1526570370704765,-0.4770823864507408,1.7083737860407242,-1.6545328703207098,-0.32310899443514385,0.021226608172249403,-1.2187877999979209,2.4780359171511583,-0.2203444666278255,1.3532736195414976,-2.075051223102242,-1.0295288831597045,0.12583799720453862,-2.8330264208029865,0.0,1
0.11975040095447648,-0.5847903127205548,0.6383853405442236,-0.4512306074245161,1.4736537552818594,-0.5459904286142302,-0.9318565426423012,0.8345321657999019,0.6917162977446589,-0.9648635656167944,0.060516884317458025,1.1251024704094248,-0.4691016987687023,1.9434480773228708,-0.15423368331640305,-0.01525200593254631,-0.4486471798765865,0.7191993976651915,1.3778775808385726,-0.8597909769265886,0.0,1
2.2578944027754857,-2.631476041772939,-1.5397102870799508,0.02577053809563392,0.464124318379253,-0.7347531371999239,1.867315174224827,-0.16839424123869887,-0.5915564282051438,0.6143905994234937,0.9470944942891788,1.2841873668840635,-0.8739309838934551,-0.9519771388133188,-0.9816880039792036,1.6875329440260287,-0.11241899724106563,-0.5921482466027456,-0.9958870513928826,0.4794644025021466,0.0,1
-0.006180427456647202,1.2373061347960914,-0.9760497487383604,0.44635846669400897,-0.980432340061708,-0.5770932161597578,0.781524990499634,-1.1949806666745744,0.3514937686146377,-0.6316228118461091,-0.7663118776533956,-0.3035638784188337,0.8456023736175121,0.0078043818372000575,0.10066655426188316,0.21670310298369896,0.6610777395143083,-0.8985265825467464,-0.9635858030414683,-1.9970254458940828,0.0,1
1.3150850550293085,1.2805194558097803,1.3563072693222624,1.9695381442054252,-0.4828144783521263,1.6826397152419132,-1.3444063074648436,-0.6691289873080182,2.1885994000349984,-0.1881931499517808,0.8375579198079228,-0.11528018891059245,-0.7095067445684873,-1.8742534621008018,-1.8336082353037801,-1.6671905774904296,-0.6182836817283088,0.2975446717165339,0.9929247051499082,-1.155941195388117,1.0,1
-1.0055332073203664,-0.7334746589439827,-0.9659759965760628,0.11722943835901653,-0.7348633885717311,0.16852039895702395,-0.6934765822266504,0.7176580897095161,-0.1897091071388436,0.05199415730652365,-0.5583223843006497,1.0291156278709812,-0.7174312666397038,-0.020604334736713,0.4214281530959689,0.4236333157142054,-0.4133459254625572,0.14704205002737633,-0.7393310087061087,-0.7148506135879729,0.0,0
1.3850776098935855,-0.5858660169541332,-1.4512947857542935,0.42361713160806896,0.42276612397656493,0.9830118148021278,-0.44658760869790015,2.4290207211933668,-2.0930154954859064,-0.35806766127003403,-1.281853002214837,0.7159184005987025,0.32413515716550273,1.0897437715950749,0.38179945540155663,-0.290175016581642,-1.5215075321172844,0.4927175278431073,-2.5956904120398896,-0.3622251921699863,0.0,0
0.6524059304048768,1.0385982191555518,0.14022593148441426,1.878680742995712,-0.19666916445880567,1.165000936862666,-0.4666475351216874,-1.6570334890239116,0.18988218902829154,0.3821094687765284,-0.023509692692717386,1.6298374052949542,-1.7703896668127812,-0.2564735961138589,0.031240222213161136,-0.5815272964145677,-0.3132403933469637,1.0868690118189759,-0.7851590335655052,0.21406725655636816,0.0,0
-0.3959730697614274,1.1637236880674475,0.38395013670492095,1.374532635633303,-0.4354981700707535,0.6975694345656412,0.1488550020634698,0.6178280740462168,-0.7009949602443543,-0.0725330976016869,0.02991534113537111,1.48690172689944,0.5012666567681107,-1.1946815698421651,-0.4717678040626055,0.32003725463152066,1.8416741975216997,0.4319417057705879,0.8749729527593291,0.4567925533365607,0.0,1
0.4350382738045889,-1.0464321529078888,-0.1024343184283258,-0.9596742780493562,-0.29846662777761696,0.142809183290928,0.1371598572261137,1.3829705865767858,-0.18038656828512906,0.3050286437645717,1.1538923780819093,1.5438454873214618,1.4290899353518824,0.6598421060417269,-1.0034826651127695,0.5313885721344008,-0.22112786486128852,1.199775743411728,-0.5197722515004193,-0.21980879590083247,0.0,1
-1.036702234805741,-0.498113940453484,0.6868039986127595,-0.16786844028977316,0.17585177625105675,-0.2576429742380037,0.5449081923436944,0.3361738750212145,-0.2970521047422066,2.6389176491410877,1.0362293932744,-0.1433787884900369,1.3142801900300836,-1.613987402551824,0.42812857876634586,0.4261614672770835,0.9530117005065086,-1.5443143077968275,1.157466608695905,0.9242186448428183,0.0,0
-0.632242746180036,1.7341748532768984,0.33339469812109745,-0.07114150536698646,-1.0373794216667038,-0.06609611479715644,1.0506601200634502,-0.38166276818286204,-1.4235426287259132,-0.6992726691751241,-1.1948304488842971,-0.8650052732043162,0.6988360073528521,-0.6712970769351218,1.4212015483152822,1.2548073756360827,-0.7706713604876156,-1.4479254811517552,0.4439859354185852,-0.09865859855694248,0.0,1
-2.194997733133037,2.0245031765177117,-1.3037310384190208,-1.4381682087541636,-1.1201058228622989,-1.5425090932197092,0.08725700496033822,0.40127358500629146,1.0099067899318468,-0.21686502841680488,0.6295554527802666,-2.5063180402245258,0.8323169576976766,0.2450167684721127,2.270774142765583,0.9922191438851536,0.8184521265999046,1.247327845910122,-1.1349998369497023,0.7296349026191076,0.0,1
-1.5910633351708092,0.6059726000502029,0.58652634608041,1.4286353004929688,-0.8923182650487224,-0.3349431074567385,-2.1671573870494205,-0.5593992649111464,-0.9952601299642706,-0.11885770679987435,0.5717048383614293,-0.2279577287922155,-0.5553055413697929,-0.21609957777130287,2.322359820135267,0.5061091743858065,-0.2371404309545573,2.493762953397046,-1.8268482628136569,0.7387130066844162,1.0,1
-0.6327013683008658,-0.35952668114815434,0.6374081664217502,-1.6094296123284917,1.3876626381450248,1.5375527217507483,-0.9825691121063741,-1.3736363597950003,-2.0684934995945583,1.3335425330753503,0.19305745131040544,-0.8448337348620389,1.304838223230259,0.649228173125619,0.9424295040385698,0.8798225360378422,0.11923003401838438,-0.9446115413102956,-0.9774655314098104,0.9217363638755028,0.0,1
1.98701165793158,2.3343054172601496,-0.44932252707471215,-0.8263230097668129,0.1410137785946587,2.005194748445696,-1.7047157786500635,0.7147546416253235,1.9257432722686976,1.8064961124097745,0.10519351869770643,-1.4817258758129137,0.8441198084792988,0.2847711829217853,-0.19689580596804415,0.08102026262976654,-1.8473625036766688,-0.053516285570986685,0.384671169652812,-0.3747492412223353,1.0,1
1.0688004975813434,-0.20410429747674794,0.15129970104900847,2.5474360290566294,-1.4651479306353556,-0.3904618082152818,-1.3275143515839416,-1.0377061173143145,-0.6565700046728418,-0.3433259673460701,0.6393620979726379,1.0135900387758738,-0.2028459647578085,-1.0362352002733102,-0.3501316181198848,-0.4251043020891909,-0.7713355127066833,1.2529710580086941,1.7324913418971541,1.021245517846487,0.0,0
0.26101537562208416,-0.6520106754538361,0.24616926674342585,-1.7395497695823834,0.04461055656299997,-0.5780651675630099,0.9702034626126916,1.5118205909554832,-0.3520837125923386,-1.1757684803289052,0.3508052733686081,1.802552694627904,-0.6393870683569288,1.3734870312584246,0.07942228745130929,-0.3968517970269495,-0.3076630221172172,0.40651323257179656,0.25976939864493503,-0.2934378808646863,1.0,1
-0.6137111675007723,-0.7201340038186671,-0.7627656621647539,-0.2924866116805549,0.19293439806033005,2.2284707541628532,-1.0602709776155752,-1.0146992917484574,-1.4219576741136952,-0.7168796830823664,0.009205633823903044,1.073827601823027,-1.3884282153383631,1.7739892034499622,-0.6197503181762696,0.5415855184213249,-0.2873665582317673,0.21195949959528368,0.45952318411079796,-0.4849574157280022,0.0,0
-1.1941613654632683,-0.1357159014112403,0.5092688380509519,-0.3585054950941672,1.6069045342214965,0.6543831649191262,-1.5530227098657945,0.7180343825442129,-1.2935636545327522,0.2646705569003897,0.1276992105909124,0.8316765226052605,-0.2075008069456862,-0.22802584299473705,-0.3341610099465169,0.0869985165685833,0.6169367562665826,-2.6979418500116634,-1.102686973066808,0.08595656515487038,0.0,1
1.5788722075252122,-0.01968393658952584,-0.8587271853062437,1.5383185165868964,0.2151161786855396,0.22804816208035106,0.19283530783688926,-0.3212807743564197,1.4209391471412445,0.4615347199079442,-2.4439850542543042,0.1644735937855782,1.143398320796407,0.014678244231666747,-0.21795894289382348,-0.2815229987303267,-0.7154524621312539,-0.42877782930787506,0.7411166519152809,0.009660066012486071,0.0,1
-0.5188763550632303,0.1617643284615721,-0.7144716767003059,-0.2978416328506228,-1.0436064715460651,0.6470309083556967,-0.7351882399764038,-1.3447386927063691,0.3237975294412057,-0.3684030521645445,-0.2328601738881339,-0.938814984122512,-0.3947950461801111,1.0026764471587803,0.2343817342510933,0.2299725859947676,1.1334753108769566,-0.35452951794908466,0.4671546324288263,0.4028925716998318,0.0,1
-0.2865167138322727,0.11945174684851742,0.8554266267243945,0.5429900622626487,2.364397530864501,0.7500003946296463,0.45231452519538795,0.32601045130991724,0.3430752809995915,0.6248904948841205,-0.10001635415270002,1.155617238089407,-0.9789092665207848,-0.753732122746739,0.7200395410414594,-2.4293490459974905,-0.6352694365275764,-1.5124973527259618,0.2965394543922795,-1.3280147353827891,0.0,1
-1.3679642249468078,1.7228147574462067,-0.7796871218589921,0.42677219758315055,0.4877766960845909,0.5265563016483124,1.19398986384707,-0.4358096007770616,0.04298857019568327,0.4120475582042096,-0.6896713101721771,1.0053688026947372,0.09250309489639226,-0.9831830972264864,0.7195916611830766,-0.3920765436280168,-0.625852570218397,-0.9188441401694746,0.4282173597630611,-1.3395884961132047,1.0,1
0.15854946396461553,0.3996748049674652,-0.4680262558091043,-0.13699327975022346,-0.10220775850867983,-0.7392192065790902,1.1268457490337291,-1.327455624924858,-1.6577030700715714,1.7363253350944792,1.4759408634844744,0.3240423508955413,0.34478527988612084,-2.172715548029507,-0.09778376063637292,-0.5397205713235359,-1.2264074491892714,-0.4881693284498098,-0.5990084940878735,0.34665641316226226,0.0,1
-1.1373547573669167,-0.495887733077054,-0.01494905879082979,-2.2762196907819083,-1.2265142205737023,-0.4886176857090521,-0.4503551004535055,-0.587180734206844,1.6422192043697812,0.7691558097398519,0.6657158998841123,0.0438286123423036,-1.3624945931908754,-1.4794602211808086,0.8202383256361226,0.3710277324797528,-0.01366516441300756,-0.7215823626215709,0.4939331381291828,1.9652574887486205,0.0,1
-1.3752704111572605,-1.382030410420366,0.965824832996082,-1.3679960831757023,-0.7033415830272046,0.41712158987131454,-0.5225665865341367,-1.6944882229271752,0.2153663184469242,2.1474642731321283,1.3733001548702188,0.4460874625806224,0.4498780728873872,1.4622169298890502,0.03568325969347303,0.3608478298860352,-0.9052199898658508,0.050894571239015085,-0.15373579333073967,-1.0049013378523273,0.0,1
-0.8865122176341553,-1.6227191646345025,0.567362475799916,-0.36615561340405817,-0.3107995356772698,0.40598921951813977,-0.8602046409848545,2.3316505619707315,-1.7915863059212178,-0.010083911434925751,0.12825179884718604,-1.16806421282219,-0.8481755186332922,-1.157307343886759,-0.7553898565091124,-1.471219225958742,-0.12253365957964665,-0.35918310136267245,1.4777216772377906,-0.15977270477530495,0.0,0
0.3477382109724491,0.2569225832242173,0.6667799752740775,0.8003571103380082,-0.08113792714958268,-0.9022208182874056,-0.8311353250352858,1.2231047033418805,-0.8228072255307576,-1.6532886526792847,-1.3501413483793114,0.5760203972183098,-0.89547878101132,1.310129346015385,-0.26757138298518884,-1.2097543837070688,-0.4648174412608414,-0.9095840427446892,1.1173578668207056,-0.4553947585520023,0.0,0
-0.11483574625337735,2.7095928487459684,0.9797800766814376,-1.861600067395505,-2.0635264072291104,-1.4961328193851096,-0.872599374504105,-1.2883433970891114,0.8054065449853877,-0.6051323851497273,0.5326648249014269,-0.433795257836493,0.6851810333572275,0.6730427950163825,-0.3923319771177808,-0.1865066341638355,-0.003055867596013822,-0.22585418012229874,-0.2179496595033312,-1.4245347070031753,0.0,1
-0.3720037344576879,0.7101183192740509,2.3957094425056664,-0.3859473189337783,1.0997047068064565,0.6439699901572773,-0.8424339653042742,2.9997555154177644,-0.4145933366570159,2.905234456924193,-1.681848442450807,-0.41542959409156055,-0.03050977404825968,-2.063573661646673,0.057117187829567186,-1.5178726587707596,-0.5821330233432719,-0.17537525679733207,0.7268247034060846,-0.43504560928998415,1.0,1
-0.3980456479650635,-0.6775206764154497,0.1649911393960662,-0.6100901180841908,-0.2921506313373953,-0.9943970896569936,-1.0569783685214391,0.252864010613477,0.1583557988990897,-1.002363427050803,0.8126945961509628,-1.3617530166057574,0.30721833450406805,1.0756638996397574,0.22307334560359046,1.1162356247623284,2.082271968991451,-0.6588250964152368,-0.08640047133274581,-0.6636387686433785,0.0,1
1.1274551707390559,-0.676184113189165,-0.3190317251572466,1.0799890630650073,0.15072647767926795,-0.8921356449403952,-1.2531616450763672,-0.8718883122603921,-1.1865447587943487,0.01877961628845102,-0.9152213644947702,1.0331455120226436,-2.0145099253781127,0.2726405645177601,-0.8195020977219004,0.3550531671532219,0.34976090521528386,-0.4568213243265124,-1.7012888400700927,1.2132270530664229,0.0,1
-1.6780506103816404,0.1050478311440241,-1.2174737850870658,1.019400903047646,0.5300203669406531,-0.2021976900507655,0.9007326561236816,0.353715679213177,-0.20420164749225653,0.9906765268484454,-0.2256936308111911,0.7935542208203838,-0.4778814335507053,-0.10676450079917432,-0.4930225518451015,0.687695716598397,0.5247554182665258,0.5815660697154313,0.5534061257533356,0.5287093275445576,0.0,1
1.171246546027365,0.13964426504287333,-1.0304237239572236,1.204152033787704,0.7548573059047663,-0.5943180675017025,0.4008110727322696,1.872028159442056,1.1371256666994396,1.0347228096144885,-0.5813570319926733,0.6695433228756223,0.4052879671506922,-0.38637100849072187,-0.6348511746263511,-0.7850820873258342,-0.2051233432165883,1.6705904194742254,1.1791149442270563,0.1372947476381899,0.0,1
-0.6288333566811178,-0.49273309528639897,-0.016976372176445428,0.2521965321354335,-0.12072063633052385,-1.743000460323781,-2.0248963963651363,-0.4314074571389068,0.8213017717972596,1.0755313749446571,0.7581851615542422,-0.7740549401889482,0.5339104443758385,1.563834403017386,-2.539256848067562,-1.8715006170143076,-0.4034669174039329,-0.34554961475331075,1.0887868187838283,-0.2528299566067956,0.0,1
2.82508482424124,-0.7149436796950335,1.9568183772504288,0.2775167995371345,1.763133004842086,3.1004226448452754,-0.9721284864951832,-0.2826393634905061,1.7210598838253293,0.9600542380295491,0.6863392585464287,-0.473999285915216,1.7590614621606624,1.5270947879250565,1.1325722478898812,-0.361859064015432,-0.1026275662714882,-2.593794053087501,-0.0980120777925353,-2.1094031681675793,1.0,1
2.041396882687046,-0.8369576122688888,-0.5375681450400799,-0.20379258197772693,0.7498255071523946,-1.4709397867624494,-0.44043055831317535,-1.5824892739611718,1.2221713762827775,0.1397689650522856,-0.0930362334467122,0.2702689102862661,0.5166148965760371,-0.5804286119160388,-2.0579096140112183,-0.8463690618796974,0.9474259263516672,-0.9361714248698924,-1.1288173435577946,-0.3608440996286597,1.0,1
0.20600292932460768,-0.9700287324609336,1.4403130650769496,-1.6810251428138463,-0.8942097583532433,-0.3989611193057273,-0.1589322695023423,-1.6189930985670329,-0.1296118472618119,-0.4598402836225438,-1.6748993936607748,-0.2064361477456775,-0.5387903246912483,0.2487369719758821,2.0213642128767746,0.18811372545706234,-1.49620016521974,0.3469043883631065,0.7306041868063359,0.23040859111414225,0.0,1
-0.9237421400690244,-1.2704658256096153,-0.38939404061670196,-1.3743756648150458,-0.8366611224127485,-0.3474275180983026,0.13942909167218326,-0.3099254944728842,0.18805087913814736,-0.4281622193382069,0.9545525248280664,0.4038181201182872,1.2766780230036754,-0.17255073658786269,-0.6440424169039431,0.3171925036821027,1.2561974679361478,0.3863387853709422,-0.21094843892577766,0.7944167600327257,0.0,1
1.5216464615754477,-1.0558326225090042,0.3835886925067659,-0.3406708556687764,0.4249524254243893,0.9908699599448276,-1.4828148779755272,1.332758826154719,0.4466698551188361,2.3252973825650955,0.13860665603456793,-0.30594023940581433,-1.0964128258298982,0.2781926375322001,-1.304450021018657,1.2027941350642222,-0.8488631042899917,-2.9379065575455194,0.4435505460112625,0.5712494301022546,1.0,1
-1.1249472730238936,1.708519430945696,-0.3452629900356819,-2.1510512797288284,0.8040436173217465,0.2390313689209849,1.563799253817748,0.6501132588926005,-0.31415507734893783,-1.954407217729408,-0.8945483295847114,0.2820083150325889,-0.2530046413163038,-0.7272124863201217,-0.04102579207815947,-1.3207082528064216,1.7134156418800697,-0.44971049281818026,-0.43433976328308893,-0.14705410127666202,0.0,1
-0.9563103481581156,0.3831054251449781,0.9945806333292144,-0.4122810977822632,-0.4292721210647081,1.4089023996306251,-0.8092778934320503,-0.8199869558922255,-0.7396520632014892,-1.0608770581044968,0.8942778371157637,-0.6702688976054276,-1.0919136276616248,-0.6917816858721428,-0.40946762523508745,0.0003269810201843879,0.029541823759794764,-0.6552925088419422,-0.021868868485396112,0.2910556071427004,0.0,0
0.4199286664341079,-0.2768518236531759,-0.20881708251216585,-2.9441966411418163,1.8393018637725709,0.5157932556075409,-0.43585058798470666,-0.5826425258378077,-0.4785633224450824,1.0918324744797931,-2.0354329207446806,0.8876095562084203,-1.0713894062027092,0.8731966463213412,0.8835981580630857,2.2709958244663007,0.07176306239952872,0.283354170296575,-0.5266322780186395,-0.30890577536043223,0.0,1
0.50344853358214,1.1063158786278429,2.3130864658647527,0.4874162314796998,-0.10814811711464027,0.7624873342009633,0.9455690788438866,0.2882966737973654,-1.3932716434168972,1.1045956844745075,-0.028145119811739158,0.15595410056894982,-1.2015841739894415,-0.8297827148100227,-0.6618882050416359,2.0518730217535652,-0.599281931246489,-0.4264063126609461,-1.175425705279714,-0.9189944331625576,0.0,0
-0.8588890535359165,-0.7504492270890553,-0.6067843068061173,-0.3948283236892359,-1.3510411134767586,1.0126906077122884,-1.4388652988684398,0.5157036578666543,-0.9811436323104205,0.3348278078760364,-0.6706206757529896,-0.8450901842722763,-0.7931778665105895,-0.16728801983981728,0.7205113044820334,-2.0325797029785466,0.5785737885811296,0.460888772452253,0.9970757106084412,1.4379499278963932,0.0,1
-1.51662583841041,-0.3097315158228607,1.036731762495012,1.1427011858727223,0.5755163459752379,-2.559878747572168,0.055442883158537334,1.7805281023694308,0.2543852304628221,-0.3869916813951755,-0.20217362484625664,-0.6174326725367101,1.299585627128769,-1.058244556170604,-0.2585928434021341,0.11487492358323802,0.1688120908651479,0.22717494283307205,-1.3123223423196717,0.7976919187936671,0.0,1
-0.4105645686571555,1.1536078150367852,0.2709944773542384,1.990412750296078,0.8177404575127974,-0.9724350989997472,1.0055719690206786,0.09546909761261466,-1.2029309675684234,-3.5172895783227496,1.0836447173321422,-0.514840616893002,-0.9615728652082892,0.4518664882545758,0.16362209258335805,-1.8917822005350948,-0.3469449316150052,1.3425198108777574,-0.4027442261658106,0.6642973232236951,1.0,1
-0.4195063335809419,0.1825040270002588,-0.4747428925779944,-0.4080450895131966,0.6745446590852667,0.3090769401180901,-1.5858819778934574,1.755416296958363,-0.8928013764616214,1.6341170838499808,0.6976300044032224,0.35379949080919426,-1.2368042171181186,-0.9473860778719668,0.17349964780281618,-0.05512218540136789,0.046466501240081386,0.2827883983403341,0.8739270193288661,-1.4529771923180743,0.0,0
0.026091476175162318,-0.9167952916073618,0.7537444367084475,0.7150801233893378,-1.874282900906317,-0.7235221257748757,0.5428032554340503,0.7369515767731903,0.9043135429621206,-1.2631716778663815,-1.2446744546109227,0.28850110506119003,0.8941571268387356,-0.38430373062523854,-1.215460300605184,0.5163281439966116,1.6651661091900622,-1.8234571229185181,-1.2293974338484008,1.6227251637310083,0.0,0
0.9307095654619408,-1.4025763369283897,0.8126252107083758,-0.8953691860790783,-1.7610959842959304,0.4941234707485872,1.1350635572547292,-0.13462240005893994,1.0892420136549956,-0.04921100487897996,-1.944488859107072,0.8291979962438308,0.7922546265538216,0.7290695692823382,0.4231817290170175,-0.6476661584905988,0.5435467770636907,-0.4115096774921022,-0.7730312818874965,0.4104529956442748,0.0,1
1.1259900554075366,0.4040324872016661,1.3214804628769228,-0.5905677576538982,1.4857539443078038,-0.13350264617569413,0.3307378058641843,-0.2325779553169687,0.6470252817963132,1.4580887350053977,-0.9537837167550264,1.086912720229179,-0.3380417439441895,0.2987388199950239,0.5865408339705945,-2.372126213957981,-0.9126732239387688,1.232464209892826,1.0833275620336074,-1.114363733164306,0.0,0
0.4141072481162445,0.4153111797478913,-0.4407211682317282,0.2026763061232024,0.7852288442401795,0.014457613323803568,-2.377416245232578,-2.146958220856229,-1.16211474893006,0.04060558199455478,-1.303735094830463,-1.264690149065036,0.06535496907880711,-0.5366122653117165,0.3670020736820249,-0.8585578229366836,-0.15477360543295046,0.7368801444570242,-0.4852616458847286,1.4453055814597675,1.0,1
2.025798873011592,0.4430612538717749,-2.7548859027662598,0.07243889109364669,-0.22830315363953535,-0.18147433802249385,0.08562639945710213,-0.2532026113729973,-0.5204000620900637,-1.134828682767962,-0.1925657638620536,-0.2559459620804729,-0.8735888935385739,0.02536122425205051,-2.0716636589565933,-0.4432636093664002,-1.9845225711755596,-0.9031519617238976,1.9729703850883291,1.1065122003526993,1.0,1
0.9117228555864552,-1.9384726102867664,0.10428871981802057,0.023710971855068937,1.1651004930233186,2.268808398693265,-1.1537583090071872,-2.563212185897812,0.9604500638155676,0.3675034784326372,1.034579757628456,0.5643423774111198,0.5248031320855663,-0.12935412020430542,0.027181888493570328,-0.825634676005312,-1.485959019536729,-0.6032431140627414,-0.165808541469422,-1.3343747834123367,0.0,0
0.34823089391030704,-1.123119734195028,-0.9798257287843892,-0.0010933787020506274,1.0268250602991158,0.5333903908173779,0.15287360416637308,-0.37807366203559295,0.6753639757856785,-2.0136384699257723,-1.1323288097489166,-0.5113392304826306,0.8019330314650245,0.8719026922193555,0.8961898917827248,-0.2312832002248657,-1.1156491872631995,1.2441470822202123,-1.204775953881502,-1.3147301404150435,0.0,1
0.11458247735139418,-0.002764293486886763,1.4229701217958584,0.6782624549028962,-0.6754947527773477,-0.7749492778931629,-0.6615766472195067,-0.9848354210198994,-1.0843025694239483,-1.1209812039629448,0.5946014399129561,0.2566727987116195,-1.9062001276392702,0.08766863116647007,2.4356295796127805,0.05601031595474144,-0.3134953995685352,-0.6456633954225302,-0.3714069932219186,-0.3357857522482577,0.0,1
-0.022640338090818213,1.6806699553574722,-0.15828766393783186,-0.5926438252444917,0.05938869887762209,0.13244683759385226,-0.13817802549093702,-0.017594396316279456,-0.4001869775567413,0.3967820956386196,2.941226938147763,0.43136251666200537,0.22498985970680407,-1.9957206677745334,-0.11134725828095167,-0.009564604605336069,-0.3803486405122269,1.5933855944355062,-1.2029313475407195,-0.9877596777108982,0.0,0
-1.0075019190160424,-0.7909020625234102,-1.1082314279947207,0.7126856509369883,0.3611363945612879,2.130276457046805,-0.82572781230169,0.158295728105378,-0.3764779420606697,-1.7855225323043102,-0.4424743172523897,-0.8152719811134758,-1.4314755205352163,-0.5966897561514486,-1.2097824202656686,-1.7585902353625489,0.9390558465417008,-0.17986812174679248,0.25915477509442825,0.5412155187279342,0.0,0
-0.9223842108919262,-0.11986169927144495,0.42357854627879377,0.8080507280925915,1.2439273480365554,0.08839758560860761,-0.7900494088224363,-0.023683924688097976,1.1595572962995235,-1.0450666095173924,-0.3052298549426132,-2.5782183073170954,-0.6975459377578668,1.4935117450332305,-1.155310224520395,-0.5810950754856391,1.1252620648489011,-0.2707580918498978,-1.0698235311875963,0.5155311568628459,0.0,1
0.4811336992825767,-0.3281622063975248,-0.6764809331418136,-1.1916086985826655,0.8265614024479124,0.5826873446569447,0.5891386802768632,-0.7549757222860468,0.6055209230590772,-0.35669382255734744,-0.2062493995050616,-0.5162630907756482,-1.2893954385957584,-0.5346805381298401,0.2657068214765001,0.7814313501838173,-1.39277988558319,-0.8616397890365082,0.32065836266033193,0.003038827985664305,0.0,1
-1.2021840721409478,1.1418176578779864,-0.4178513845998795,-0.5727597836934307,0.1492282918900053,0.5886564700953872,-1.6326458521580514,2.2297334338305514,-0.8924905389514015,-0.9323175629140216,0.5853372607574325,-0.8646895476736677,0.5931311375054354,-0.9250093431246724,-1.3960924678038775,-0.0665586240072443,-0.5247322527600726,1.3143568962711594,1.022908888947968,1.2124265181411968,0.0,1
-1.6935869498272995,0.05877417535881432,0.3107569123169196,0.7029977815538374,-0.9116975132430956,-0.4348420920801146,1.1435966820748398,-0.5018016226589267,-0.3701800942608443,1.410098714156348,1.0519579221671342,-0.2490845136761797,0.12760668899509248,0.5100012984946083,0.26270901568406463,0.0617110495807373,2.239028564230809,0.18057516855134145,-1.1402390687037147,-0.4002919494346277,0.0,1
-0.17766918363018264,0.7958717610325619,0.8629876981553608,-0.21242425174965893,-1.0513647567915798,0.6640368163932555,0.7253507574832522,0.6079322357167889,-0.297113339478935,1.1398671349209126,1.2938840424017617,0.1349019378792958,-0.08330723059197237,0.7647285601058108,-0.496241049294253,0.6553275207425203,-0.06825467354993253,0.38376481538472695,-1.2575497038824062,-0.04095936009330341,0.0,1
1.3494746729341456,-1.1297069550958476,-0.328554310692594,1.1225687585666762,1.0007533723981936,1.028464276511519,0.9143965948490301,-1.2750096115504568,-0.8441303273171383,0.12386752504831415,-0.4085703843539943,0.12081450533628252,-0.8521632890902058,0.4373306485869928,0.4513812311462378,0.2868911907062129,1.994605992646752,0.11096589106551467,-0.8465333703361791,-0.7494817870780469,0.0,0
1.1466330670631006,1.5171294432757418,-0.2667189539496068,-0.4262231401831607,0.68419220676831,-0.2701984431269446,-0.9837095481790612,0.6755953773363456,-1.2670965622611672,0.13736805790978374,-2.0497783182623484,-0.1430465481689962,1.371608209071677,0.24202489952722164,0.306920773287461,-1.6610194963971916,0.12509784638094334,-0.2411446115877335,-0.4193017945223138,0.7150007711383091,0.0,1
-1.1048688325355176,0.7247086935144543,-0.5542543983660185,-0.2896931707996224,1.0634429312566485,0.14723936009052974,-0.4150878010178241,0.08250668286457401,-0.20721465433008526,0.13037227206826996,0.2447240465724761,-1.8143542239811776,0.3810125603049886,0.061559406106304525,-0.5639714192421899,-0.8452730222622016,0.17869261546281562,-0.005042904917586524,-0.04570072079364628,0.5419756837492457,0.0,1
-0.0465860172827591,0.8981536899636609,0.4529931946163494,0.7719396117505367,1.7871715624901665,0.06880767735758216,0.28988055165940324,1.8740794416919209,-0.5051052196797315,2.312576930794517,0.4293537220599032,-0.7674798675481898,1.094615395012818,-1.6770583244062376,-0.12154465200281173,1.157973148492211,1.0465100489459038,1.972625726584084,-0.041693647133183714,0.7991813731869404,0.0,1
-0.5804764989942506,-0.04924132255129483,0.42876052655030494,-0.4278762771059729,0.7337085367657908,-1.1417437714406202,2.4865347788497894,1.8928657822619563,0.5341968327369659,0.5242603744137992,0.16094875669320105,0.5952433998652348,-0.1579142877564267,-1.2066772514502102,-0.4359757113268479,-0.019874677185482286,1.0558888522302234,0.37043856487488863,1.253054040852664,-1.1547443460544162,0.0,1
-1.0374743317698336,0.19498593372251125,-0.11611179214941995,-1.3445064242824851,0.9499962768376058,-0.03832151958920649,-1.018951251354804,-1.0738160733207422,1.4430975496836154,0.7719147265965106,-1.6737578472060135,1.1865308590984145,-0.2647966805293241,0.8757841003077623,0.587491539502326,-0.02675466104965027,-1.1935992566461875,1.5971423645635183,0.624661331685056,0.9181194646262548,0.0,1
1.5573407388762677,-0.4513514652670974,-1.7433026515711072,-0.8105700626025272,0.4483816180525413,0.5752137133945019,-0.6479813761320325,1.0389757218645703,-0.3182098015893427,-1.9866903773186104,0.2897898305944083,0.6989285688327742,0.08039012372079407,-0.7246968319315749,0.4246740106235858,-0.1319245825609926,-1.5630968282959028,-1.2341373017103423,-1.1195924330760658,0.6167444395792508,0.0,1
-0.2895620850963881,0.15781355575444744,0.6484817585419761,-0.5070745153512114,0.6063740280893101,-0.5714536650132985,1.0894731850549209,-0.05626563468026825,-1.913055212814417,-1.4580336498742743,-0.5430225198443892,1.0231902117565508,-0.8718770144882433,1.566521381372199,-1.022176785199081,0.35795309541091913,0.6392081983957588,-2.1257375654472157,-0.2267465849799263,-1.3042496057030943,1.0,1
0.2492879893923641,-0.4915874621758735,-0.07050707128045541,-0.4902909672432314,-0.8595941279681217,-0.5558175106245951,-2.27667075259082,-0.4395439655471892,-1.3813141107935074,-1.0684121469869852,-0.17610844709990675,0.4893737671896593,0.5289658855339957,-2.197874922219889,-0.3267744591539127,1.063752433451908,0.4362779680973414,0.9845106783477506,-0.01791823773057823,0.15248492678105435,0.0,0
-0.5145751953629543,1.0325970750752915,-0.3387524289415706,-0.6890021863622414,-0.8218715259915149,1.037472801606191,-2.0381888766526437,0.26667081411441645,1.467303375319646,0.7393112365854592,0.9088044197094776,0.9141120633682333,-0.8001770238758782,-1.355359968053765,0.40779014606670616,2.1773531516368645,-0.20157620915774374,-0.4271118570247409,0.4497872768848521,-1.2162341219824668,0.0,1
-0.8877157667222656,0.16669487761051366,0.3628496604928024,1.3658762344191775,-0.8256180877283799,0.4599180170803786,0.06084842337577261,0.0856874759146798,1.0158352930385175,0.2045013275057988,-0.2545603716632408,-1.1948372883615108,-1.046333835421877,-0.035215626603242435,0.5892279736531477,-0.07945766598571079,-0.3135072933495709,0.9964238509562502,-0.2679303675754395,0.28758638719917506,0.0,1
-0.19265542630472526,-0.6717673295650294,-0.8881323476029025,0.3599770189899655,-0.8363054615289373,-1.6865498008687636,1.0953871083101716,1.23929100199332,-1.0835609440026837,0.6150461639886429,1.1504934693905513,0.11985854478373595,-0.2371474217050425,0.43485911601266736,-1.3590738776524955,-0.6034873706331931,0.4012948209654966,0.23052423572478145,1.112628603839919,0.2294534872671784,0.0,1
2.0931910796027857,0.8440842652975543,1.3212561417598314,-1.349181736754637,0.4217234006999008,-2.191203305854092,-0.05611459170815212,-1.8027038582916213,-0.29410913258323873,-0.5640149778646832,0.7392510300582881,-0.870499656263202,0.13626565529799495,1.586829314078344,1.5962162290795499,-1.991967466058124,-0.2443009795646805,0.2246989050410767,-1.188781542374158,-0.192965473263974,0.0,1
0.02190953021139015,-1.4168434732780282,-0.6477473206627941,-0.035687886928751994,-1.0994556882477933,-0.1855507541856847,1.4995155235093438,-1.6357980244331665,0.2578267973473051,0.2433779519609388,-0.38242449781461385,0.2441720960674725,-0.6368403126849076,-0.6986960892240254,-0.8071792091362436,0.07027072758691601,-0.020076503940648558,-0.1962119110049892,-2.2888877226119786,-0.1616721754657438,0.0,0
1.6178673899199114,-0.3645178789034267,0.20118127683649567,1.4534402799423365,1.8619596703888703,-0.6070091200406221,0.7076507101999377,1.5899827209694686,0.4652661895219716,-0.7387410898086924,1.5988053024858266,-1.3431625229963788,0.7967824194291633,0.7501727635236898,-0.5422058446841603,-1.087225000599835,0.5437688331272528,0.6627963352752101,-0.905192124990862,0.05351799293310188,0.0,1
-0.22878625823986184,0.18431530237412574,0.8994292281143514,2.0009339018750367,0.1269288428563522,-0.6279748293855281,1.2847157440490535,0.4821961318362688,1.7791489590474314,-0.3640009870464331,0.00912850297435612,-0.07516835210624435,-2.459539128500053,0.2759274362552928,0.7488346055891589,0.640005194370999,0.07786243985724488,-0.15269723111895395,1.0249163919553896,0.8974170401510461,0.0,1
0.13176126296815466,0.826475452090254,1.0509399988203432,0.07169476823123982,0.08357815997532171,1.264460724331656,0.22831701870788626,-1.2038842610139509,2.147752667068992,0.12639340217133013,-0.32526665707665914,0.043049085384648064,0.6155458899143819,0.8278162658248561,-0.8745995581049613,0.3097715315436447,-1.0735979850759614,-0.02452884930799896,1.9588472682556148,-0.9262242570497662,0.0,1
0.05758061958575525,1.0469901287836352,-1.4571473508226767,-1.861245736295305,0.2532894716392994,-0.3943233255726549,-0.728460906439525,0.776670853010676,-0.5055279421285157,-0.055774951288265616,-0.7174345077210748,0.8566951431051957,1.8130643688015835,1.5928606707567818,-1.8186714792022247,0.2573331368111643,-2.3451792366705098,0.546667673681422,1.5123090704936848,-1.2604667327709116,1.0,1
0.2322317931661802,-0.4753323411308698,-0.4598671055871582,-2.0709201413470466,1.1861840175366956,1.3970335693476903,-0.3726163381141169,1.7203186025731745,-0.13961446782017176,-1.8849747418843557,-1.196100310538011,-0.04418577539589162,-0.2469331339695784,-0.9762332729255088,0.2877150837408199,1.224016669712772,0.3889602349405635,-0.2788525752005831,0.0079297165341524,-0.21999613288361736,0.0,0
0.0918583352420003,-0.4485669822927321,-0.946150108360832,-1.1736774074317224,0.6139100538060616,1.5824110468930588,-2.29171793681061,-1.223721434637003,-1.6521787647180572,-1.3900928136876691,0.5992875819896302,-1.9506109809848475,0.8551326373127077,0.9924684039267306,1.1038877082852645,0.5164261785368619,0.7061882242721267,-0.7434643712826855,0.6083620371259402,0.4132031776306305,0.0,1
1.5464380848834902,-1.254332523504542,0.8005890981068549,-0.92773785145998,-0.8484089076687364,-0.5374722074829494,-0.8042130748455499,-0.4116680876971279,1.6626007819971085,-0.2976337894763268,-0.6666653097812509,-0.9128969342979478,1.239148707459864,2.450957576142177,-0.17975091936336018,-0.9118130529987076,0.6784815516352924,-0.14932333278619933,-0.5953874008530087,-0.5196933802429801,0.0,0
-0.18952577905705975,-1.280503628307694,-0.9367200345339864,0.03264884795048117,1.373676514165271,0.5760315692838526,-0.7699542987700252,-0.9875062806736488,-0.7278996873919137,-0.6431150720302163,-1.022475905725446,-0.9647747496550446,-0.6016823852565174,-1.4700396018898385,0.05465756429078178,0.7945862417451666,-0.1343979127452818,-0.8614423949736221,-1.155548489687627,0.29047993300989705,0.0,0
-1.0144244081847822,0.40102276946268,-0.24718310064823198,2.2117868564384424,-1.0667616634402548,0.8175476865456772,0.016332695425225613,-0.3722390188395459,-0.9214861978404124,-0.3293677925129034,-0.4355990872609557,2.071737813242923,0.9058920648908638,-1.0102742168140408,1.2696415988856566,0.9156499620520556,-0.7647365303773369,-1.407185770669446,1.189971458271684,-0.5247684060390577,0.0,1
-0.7225301870396592,0.15877237195748914,-0.6694533068000704,0.3786929912422228,0.4697962183722395,0.5256017272797294,-1.4113063121776364,-0.9622165508656532,1.3695256730421477,2.0544548010356203,0.40131135768910303,-0.5905857246328273,0.3015022600822028,-0.8863812755189305,-0.526753792593512,0.2791723884667976,1.4068557236053802,-0.6986344652795486,-0.0016300032300424322,-0.29897590968939386,0.0,1
2.185782021171353,-0.23933438883375505,-1.0819520106441924,-0.6023703349564603,-1.1728015021729186,0.4393131646417989,-0.6609424838391398,1.226141304290821,0.620768662507839,0.9766460528671572,1.1219608662362877,0.42319459601662734,-0.6752039059956021,-0.7204438588861161,1.135362396938571,1.4221099765205456,1.0672106673160044,-0.39240967750801264,-0.01666172733705642,0.3558210302086425,0.0,1
-1.0084726008652365,-1.4934495493116269,-0.9587029028061508,-0.548789694330541,0.213875984877685,0.5631794769179422,-0.4635906657281539,0.03442921545048063,1.1009304380302458,-1.090133575143747,0.9692469154608172,-1.009630241498521,0.07207002594301143,-1.0905746693423088,0.3199819145823471,1.0909921887817535,1.9213135647160675,-2.2433174739897974,-0.9223249373832504,1.0767667067785769,0.0,0
-0.8286927702344518,0.11404760330098948,0.5277284702696486,0.15583822209143852,1.3014293986554235,-0.9948019075832216,2.094665338082445,0.3594289939554043,0.6910021185901221,-1.4857196083622273,0.09878861473099068,-0.2283210306835901,-0.854775487342927,-0.5131451059514202,-0.9622159843780512,-0.4824509112827937,-0.2394697573128013,0.4597442269016178,0.6464301659040527,0.4874029609137859,0.0,1
0.36692813092584536,-0.1848005182948216,-0.7886676263561524,-0.9439224577196758,0.8961960158495976,-1.9548575986659589,-1.5890857128560096,0.6293125316431543,-0.47852068844543605,0.6445326096687616,0.8610820708416315,0.4342407174396392,1.2406293215817807,0.04348121328243373,1.182980925858215,-1.0251752028318128,1.082310828840272,-0.8315085860949559,-1.3933398221459128,-1.0635034790377758,0.0,1
-0.2515621019028247,1.5994923638581575,-0.0654242317926867,-0.12389339836883262,-0.7992025646888403,0.6218084118406703,1.182471646570707,0.3249497804029408,0.16108208445509956,-0.07420794720888846,0.07941831612859147,0.3288480786483372,-0.4722094291802083,0.8761569650229888,-0.3362903341161639,0.3123494361401289,-1.7411683766383907,-0.8894503053323417,0.7308418635620519,1.1375652456560974,0.0,0
-1.8945563720504173,0.10432368768837116,2.07280072220744,1.8717683576729125,0.4006190647452292,0.2178732394180225,0.848185795186429,0.5408277851927212,1.3356911170620638,2.084911214160174,-2.058833143577326,0.17820962942416796,0.6604363703199115,0.14082086718191794,-0.35322222759276845,-1.0051282056570938,-0.4431779034100364,1.0693524031205777,-0.7125510736934879,1.0075421495212449,0.0,0
-0.32332613483311784,0.94591180237326,0.3855039077358521,1.4944315975625058,-0.4733594563549557,0.8448267949855692,0.1923845300738429,-2.1456030926093206,-0.8304885636366537,-1.0042172743544324,-0.0369199295232464,-0.6081917800839431,-2.1887682573258136,0.7134344348373709,-0.3828174189761837,0.5895306345567336,-0.983252051479764,0.5089494677417605,-1.9221639011596652,0.382143207325221,0.0,1
1.0456052693341475,0.2054081076668527,-0.4898828832501166,0.4677716023880525,-0.5800434056474807,0.17968325290333595,-1.3268761240349884,1.55945524999679,-0.071761741290675,-0.6203429333519171,1.4585863736174667,-1.079387645342135,0.5216255550978306,-0.10899242966171432,-0.4875958438057937,-0.6894391344589645,-0.4949992267777577,0.6762721346698991,0.1527721076830151,0.951952277951316,0.0,1
0.598049606478865,-1.5912397538920695,-0.09637336488430756,1.5303992768287678,-1.0647971841251365,1.4083258849049014,-0.6052448900224869,-0.6055757258953752,-1.198380102367898,1.7055244985297051,0.8848639159615385,0.07765378612281314,0.1881937999098999,0.6308323656292669,-0.8825850846243234,-0.6264303139004471,-1.776861663013206,1.9959546439947708,0.054778615440498835,0.10351449219896017,0.0,0
-0.3845263959981573,0.0904906881731989,0.17913114315692671,-0.5130047955058045,0.5651089928682214,2.252840477999705,-0.9042106816775284,-0.5541746888228779,1.1975229001340513,2.058124093325251,0.03426465845427989,-1.1160049970689632,-1.7177415931556144,-0.8770373681186485,0.4839984366783637,-0.6459058170259032,-0.7846863791894165,-1.1243057904142566,-1.1655660968113128,1.1528973364114234,1.0,1
-0.3784371612124904,1.74434442006373,-1.23465199759618,1.2712408064459215,0.033603719603674836,-0.05019429243588611,0.8402820480740881,-1.1221408297224469,0.4722994541463744,0.5611346153188022,0.2017801941733922,-0.2642854910755801,0.4237534672450371,-1.015636341717835,1.8034896921984325,-1.10344039369173,1.4629708826395975,1.4259751752118603,-0.017854284369688788,-2.2892353208341643,0.0,0
-2.0257654131702645,0.6007332837040867,-0.7328752741495774,-0.18001370788866738,0.08558551339624992,-0.16607990729075595,0.6029104560886356,0.9515922597934056,0.1446238489014709,-1.8308326052436048,-0.50958361619519,0.15672667491069775,0.6926918969158603,-0.684745850982818,-1.6272845660299926,1.1674673811952259,0.7987343237376899,-1.6720711150679537,-0.25858882321853416,-0.12463006066858935,0.0,0
0.6911133562519046,-0.27319010768111623,0.8890516897087473,-0.6540233483740963,-0.9552046650683808,0.11885997067161133,-1.4576118422429556,0.05539058711585832,0.33807682954197465,0.5742868067124488,1.0494532765114155,0.5638564109603534,1.5632905015351857,2.2767024051290456,-1.4314069167515762,-0.7913538100491474,-0.07321185409623743,-1.2626813066884912,-1.2631244004973714,0.21474427617458253,0.0,1
-0.207810821423836,2.262641465572788,0.22176782872612288,-1.3143177419162486,1.08069483948725,-1.8683127330261116,0.9423852632739352,0.30427759318518954,-0.5036880504807424,-0.20801103480421373,0.9975928746631392,1.7576249789349336,0.9113481323544024,0.0400715082504968,0.13308422286451424,0.5321850598300691,-0.4497606335294995,-0.4034574055007037,-0.3131813867071038,0.8887717588503323,0.0,1
0.6749782753392624,-0.009476434203134402,-0.4294155008311996,0.9299992147241763,1.5162779128753603,-2.1715758712577644,-0.5383661797865722,0.9076618790954348,1.1185436278007703,0.5902701063444484,-0.985961812718848,0.3155001827770146,1.0872114595695928,0.29705378648544484,0.4669439442781192,-0.18198888432921687,-0.3327379223971909,1.4204301276674498,-0.2340856509695177,0.8388052216598628,0.0,1
0.4621297940632245,0.018884956376067415,0.026714482428120318,-0.10392858570202593,-0.8220986953774612,0.28254322201783644,0.10194350001302636,-0.5987074124525826,0.14588232608922014,-0.09786286860715908,-0.7559639267404659,-0.03746633307522496,1.5680214688791634,1.0610745149906262,-0.4355980685726785,-0.13481720660515925,0.4443820183491065,1.853520355449144,0.6182861374881655,-1.0080548789298491,0.0,0
0.8674600482059036,0.9111329622688499,1.4891633892903606,0.1371604126766423,0.36816620047387744,0.2661733484201739,-0.8861119388546369,-1.5536799753647077,-0.5386573982703461,-0.1303550217737461,1.6816079395656192,-0.0951546853518989,0.9526362553831456,-1.154408394461286,0.5077312903688546,-0.519107656111271,1.9591792816935945,0.5966020159944819,0.950186811265282,1.243429320099853,0.0,1
0.6996106130797882,1.7856698616292874,-1.3953698373494925,1.0011133191150905,0.6307367204732417,0.9275266152364317,0.5871889349269975,-1.1934939016735022,-1.093805807390945,-0.8742779834391204,-0.07849030698992841,0.6717866395205688,0.3538656448159888,0.9181949049346028,-0.26316262937906154,0.8703792647967294,0.2857473079653808,1.6431377098336184,-1.298892106569444,-0.3147870660871324,0.0,0
-0.12878727065300455,-0.3704873354133741,-0.08603723357006329,0.9521820001244904,0.3519585761038353,1.1131693536150515,0.15343417078759194,0.336152356796833,0.8962159525771952,1.652964419333176,0.4347805806315806,-0.4541527326735049,-1.0729937927497353,-0.9483883896757704,-0.4752348187220286,0.7280725737125725,-0.9030369207833832,0.6013805596181937,-0.6467421562187936,-0.008995911622766554,0.0,1
-0.5386883424767369,-0.3298313609496649,0.8478816286711869,-0.0713856829866868,-0.20497499627232785,-0.9818233516205924,-0.4186651341225254,-0.13353312526949954,0.7544327748224914,0.21852294714761766,0.15236040808604814,1.029378846125347,-0.5714797821684299,1.1542529505359655,-0.08625629354414538,-0.7371398679746931,0.7044522425131391,-1.2140121372154489,-0.3283575503631617,-0.1608039196161657,0.0,1
0.5426869132816752,0.518734629315928,-0.1717026291418214,0.8479095416891937,0.3458955398616867,0.5279932917069393,0.710568650437913,-0.20600172274467146,1.8819889508235872,-0.992554891487244,0.3257669568002749,0.8022883052782829,-0.2959224876675226,0.20698119024438272,-0.2396821157025049,1.145806798431858,-0.21518615701475666,-1.0364653846724416,-0.22480212889858606,-1.2593616983224245,0.0,0
-0.5853861626983997,0.168257492464286,-1.5713836519052309,1.0390227528994784,0.2399992816092869,1.2244859076186958,-0.6311852455864395,1.2824423792291983,0.7138352074860944,1.027722596162072,-0.8307152995618231,-1.923706102415012,1.6930639184635086,-0.3791824987649962,1.1528395818578712,-0.42328725654075416,-1.4586177961341935,2.3914418560930724,-0.6145289514914783,0.19801906176637266,1.0,1
-0.5744895211515023,0.3393376391977593,0.014168042421028688,-0.23859599594164996,0.5284497245819788,0.7740260125344437,1.336563245627038,-0.12591041084710544,-1.1265189649683152,-1.4200253048260492,-1.090512260955922,0.07347145868115615,1.4803579186535945,-1.2295433553317174,-0.7103313516830938,0.7715416601128019,1.3443098875136077,-0.10256519525264407,1.1686783294277672,-0.7983920216111002,0.0,0
1.222901058501424,-0.4963091572618022,-1.8290764365801069,0.12082020502767385,0.3010853234194142,2.264689546765186,-0.8048353941160639,0.7437372741050365,1.3939910710129084,-0.3248662319138693,0.7053086029196147,-0.6191751754500827,0.27839796370005504,-1.3011519364077275,-1.9058613835251803,-1.4368700629814066,-1.6652872652077662,1.0060271515175594,-0.3367134745192029,0.6546743145169478,1.0,1
1.649021462134282,1.429772260739539,0.3478450999430314,-1.3754274806777909,-0.08263386670345634,-0.6847080904212602,0.7180365344531416,-1.1458736792920796,0.056232632194293294,1.996609499290648,0.5023851701906681,0.8477814160095044,2.251357522166153,0.8909148951564893,1.3392526174655883,-2.2616196234343167,0.9551563384452814,1.2840333776743806,-0.4249693774367267,0.15758491847455072,0.0,1
-0.3330382543932449,-0.4948803884423589,0.11179681181110032,0.16997463393875026,-1.7202937421386892,1.8708928626858916,0.6603400517439855,0.3461060139400197,0.3987870970044726,-2.1188948278496897,-1.8746897042007244,1.5089517118512692,0.12236983216526524,0.9925042781584098,-0.09521775586930904,0.6950801391552259,-0.8025761517846335,0.19246538011019884,1.3589628406852952,0.15402211863807833,0.0,1
0.7355958198043071,0.4795093309679207,-0.04690258548869803,0.19339513011838816,-0.34271334924611074,-1.6502817638810066,-1.0921240792529503,0.08092583678984827,-0.18016441650115733,-0.1458074055521224,0.8960718666556985,1.5836048497624406,0.7761150588744292,2.292752168819563,0.01929467953713143,0.6961427701485553,0.5111969395768936,-0.5166178847747394,-0.2464124006171871,0.4935030781861912,0.0,1
0.2270472341945949,-0.1256276342235398,-0.2503255191367911,0.10965649374338694,0.6847388567081469,-1.7603652850743714,1.491686170660672,-1.0832401972208872,0.09892943226061544,-0.8717356021998196,0.023759304557203854,0.8062057402588356,1.1589979814130351,-0.8011856325242429,0.2574404384011543,-0.4541810122686026,-1.190087697198153,0.15038648567397828,-0.09152152231726347,-2.9302361598240227,0.0,1
-0.3446957532396601,-1.0904409212461743,0.5370555266187471,1.8044573237214845,0.6340868143343894,0.5463739237332484,0.9356405050570912,1.0634184977438936,2.3982330012502207,0.9953371692639028,-0.5569258469217898,-1.4133759443924012,-0.02336406222873896,-0.9016757404668196,1.1174154152347724,-0.5662837962843045,-1.377971918705688,-0.7973628488337414,1.1268146923417042,1.0720411810170485,1.0,1
-0.21075762683179367,-1.7316980980356145,-0.5950877890050941,-1.1961767794844258,-0.1299947655022366,-1.6592697010039958,-0.6937172114798879,-1.3605053768832345,-0.6374072106669276,-0.4515838726912115,-0.21544487862350656,0.9751706347297906,-0.5753147471385589,-0.977932692320686,-0.3646314844839162,-1.3662602761847156,1.9875201510973184,1.397576646092109,0.9837320968719616,0.9161019672136058,1.0,1
-0.0708590284099591,-0.08916995017924974,2.542942670760639,-0.5380433839839747,1.6596622172174698,0.8981837102905019,-0.04927901393761919,0.6569371601348244,0.52542659478417,2.077288171910082,-0.3866990346694753,-0.14413212533560496,-0.9551214487190416,0.5100899201679894,0.7353095335436287,0.2912450575656581,0.30236016101869395,0.006234341214818893,1.7668393661119497,1.1939383766154323,0.0,0
-0.12640660811738133,-0.8058176895845088,0.5875419704801211,0.33325853081446644,0.4180217126267377,-2.1526298330486893,0.21931065565591312,0.03779718321981186,0.15865839900481052,-0.9911207355774284,-0.4061459330504534,2.2213493104628927,-0.26968116800727265,-0.5984134626340335,0.3235855526238684,0.8514106169275514,0.10562352411359184,2.0068158526253894,0.6651316851653496,-2.515300267329688,0.0,1
-0.18456135420244615,1.551360711704873,-0.1514910126086639,-0.011447697726213886,0.5825853571137883,-0.2324095036167235,1.6429450614291556,-0.14051715682611565,0.5141046438837414,0.9130118919692274,0.21043061617061248,1.4813926393443118,0.8172889725284502,-2.421147765799057,-0.8948368988305714,1.029384029724978,-0.6515570791076362,1.0341981323987521,0.29556335965308433,-1.299420587794687,0.0,1
-1.2603791763647882,0.2201464454538926,0.4789893784202705,0.13396132312348533,-0.08572127365271387,-0.5710946808045271,1.6472754913681582,0.7332409550356959,-1.163952585130855,-2.4943410775478103,0.6335988868765107,0.7626601632044895,-0.3372129493473542,0.7543218961395763,0.7567940660697609,-0.6200051458263669,0.5351652559197531,-0.3684994515483229,0.22426456315603155,-0.8938205793602537,1.0,1
0.933469685522754,-0.42268302230806215,0.8561288133045815,2.166783023128781,0.29406603255523955,0.009884493817795844,-0.3162810658608328,1.2147165779522369,-0.2835730526931769,0.3520237715773681,-0.6828317096921421,-0.4126777924251482,-0.17037944396212584,-1.6293190311874977,0.28129159714870033,-2.0522694521754508,2.014216236981652,-1.2633685455293102,-2.141659215575734,-0.39215455897287904,1.0,1
1.631340372576149,0.6428612728985277,-0.1305671440101841,1.9678877113474256,-0.7050254426589645,2.0810309500214546,-1.2340018234538999,-0.8396279921559119,-1.383560989818424,0.6248624552830979,1.5612445916501299,0.6530405358484754,0.25110742134435765,-0.6163222167139175,0.09798139324340673,-2.270895597385372,-0.3579661599169679,-0.2267223654041801,0.2989645830865775,1.2286343862594982,0.0,0
-1.2142133729428997,2.394166898440501,-1.857422786943695,0.2320917393594273,-1.2675597418936313,-1.2046217917624995,-1.8215972342867488,1.8647718860542168,0.1581738044037304,-0.5411880505508412,0.38369361972902,-0.32422431014079195,0.6329483996969694,-0.2824673213428724,1.5441223536436517,-0.4360473156954026,-0.8390770471605974,1.5700395728182774,-0.4647530852045089,0.4228624816997646,0.0,1
1.8159085429819588,-0.2771457461128476,-0.16263238492003596,0.6007781601966502,1.6621451161610916,-0.011521611063663069,-0.7460887814462421,0.6717570887235649,3.5035396917418726,0.9547927193196885,0.3353711589325901,0.8733137231247553,0.2507659661658433,-1.6465543974054928,0.9076937809160954,1.4948389689231985,0.2471228334051281,-1.1192331110207785,0.2753632152500485,1.0630797824053664,0.0,1
0.8265369294172396,-0.22725088066398336,0.2564393440007717,-0.8357285114731954,-0.4327849325827144,1.246488692215192,1.1390866192065676,-0.25136605339310936,1.2594965953788857,-1.611938309785241,-0.3051535694193994,-0.6039268282506038,0.6848749376442028,0.8111453794103605,0.4406570373315465,0.6526533235988301,-0.5943573198411698,0.8694775503866435,0.7054538139789494,-0.22168019989100468,0.0,1
1.1232308402187487,0.3804586281151949,-1.6771769160739884,0.5095535705377061,1.4856706019256265,0.3656019693364391,0.1063191741047897,-0.2421244583992294,-0.5857435885374482,0.7835363635842372,0.789602637354282,-0.003185610505025571,0.6215359879985548,1.5183008213868971,-0.7426858202793245,0.8867299614919576,-2.0545721948007927,-0.2200305931738403,1.3034077445172942,-0.2795473596077905,0.0,1
0.26071546208143154,1.067457080199127,-0.03835947815967724,0.41188901832470304,-0.2066654678669311,0.3820755069082896,-1.4126082800537665,0.026182501836234856,-1.0312898836682958,-1.7241587054337817,0.4038636004623388,0.3749606347819278,0.5682596894134966,0.2570659162574864,1.795766027673992,0.5030679080647797,0.5339894795216195,0.33925578275472906,1.2080612485310778,2.5994230565553478,0.0,1
-0.1732790135412574,-0.2582999180765574,-0.6186440873157724,0.0309968576820438,-0.6373300624446495,0.5765110204786331,1.0856132441500732,-0.10883590607739474,2.9596580691466703,-0.22385619385494165,-0.5539261676539483,0.5071813090764579,0.7950380006020733,-0.8815420196738047,-0.7889226299650353,0.11058034021502314,0.4209938752416976,-2.13037078301494,-0.34653303942788244,1.2855824362959531,0.0,0
-0.2661714423297773,1.0631167375957011,-0.1998262073960544,-0.2195645578357076,1.3570070094743731,-0.8101040607158893,-1.1945914008708574,-0.4797325539376194,2.0298041932069637,0.9504214825840296,0.2533676402762449,0.8422269796922782,-0.5007483614039191,-0.05027577991125117,0.8546168877358287,0.1593800115543431,0.06366150904444799,-0.13336564218633934,1.1230915162534314,0.5409173530283281,0.0,1
-0.9701635193417932,0.6688549153641601,1.9910381258325336,-0.5103265153466146,0.2632408620078702,-1.6470120129669037,-0.3498936821759243,-0.21343014140531175,-1.0773790865902544,-1.8915054987546316,-2.2063493931977862,1.9494645196575149,0.2975940566263597,0.8272946777155354,1.4437266830152795,0.37893199795349397,-0.7518443250757827,-2.432932453957616,-0.4338230331448255,1.6362912978701458,0.0,1
0.30184014327371617,-1.6089429286459995,-0.7686555581977186,-0.5481914181772403,0.3821024775491392,1.583776851811057,-1.4157761538295768,-0.474626635172467,0.6816028570525435,-0.13128157513202382,-0.5927630539986862,1.5226946726633723,-0.2775035913205544,-1.4283966299941606,-1.4654676576948282,-0.3862465387001935,-0.5134722389134694,1.7488355438029204,0.2056603950824147,0.6321711189547936,0.0,1
0.7420072234603328,-0.8917011537399806,-0.6823608148194084,0.3223248428980411,-2.1458095067839884,-0.22934656048619145,-0.23084610356512936,-1.1463864673673927,0.6036428644582835,1.5854025292282306,0.3813766381510473,1.2509180927480643,0.17268415412780988,-0.7138698002008413,-0.011004683437434104,0.19616597558725976,0.8145229528145826,-0.953353379285272,0.6215539837694143,-0.5217216216233305,0.0,1
-1.5039778238561403,1.313967830857757,-0.03012610576957469,0.6350130762254161,0.5024352306304589,1.1619659136208502,-0.30574829012047444,1.7122827669227452,1.1694369957089614,-0.2758148731607233,-2.5117807077003387,-0.4172718149199468,0.5415724540299603,-0.14510730175217484,-1.0215827316575077,0.472277970673325,-0.7081235031603792,1.4141394799499578,-0.4905331589716589,1.1811708688102756,0.0,1
0.6981398766531709,-0.5546514145364003,-0.2865257351700011,-1.2149647451699654,1.3597750106254227,-0.0047095673955405105,-1.0265950409413391,-0.33045419361532435,-1.3636119971649303,-0.13361973792433715,-2.5293085617790405,0.8327079106454628,0.4090526627949274,0.3216291570612516,0.7627039096488591,2.111284267029632,-0.15226210304843985,-0.977544143449974,-1.6872065813710302,1.5809635306328962,0.0,0
-0.461068911480731,0.5349757509838772,0.669942216516533,0.26361090813722804,0.9883304207772396,-0.04590056308880716,-1.4171760110916616,-1.1963912102871024,-0.4776735861881393,0.5582682957403994,0.9830208264687648,0.4945463027157746,0.19928913218325095,1.067264415316483,1.5475923289514408,-0.8739785736817862,1.1655282970643743,0.6367962377100488,0.018189173263730887,0.497583216309286,0.0,0
0.24400704879922636,-0.2524838944175861,0.7280742845323797,-0.8444799157458093,-0.5247693315266225,-1.3592579011938568,-0.723071300350645,0.4570821155569283,-1.432523476082452,-1.8885781309092853,1.912824958419744,1.72724802828769,-0.7994124058501381,-0.6721363304636887,0.13792094373434027,-0.07903424251063884,1.9786156422527192,-0.12744103610616772,-0.596273201924806,-0.29006044917592066,1.0,1
-0.31456898902475794,0.022672198670397804,-2.2335372269626395,-0.4534725998830738,-1.8867569294004467,-0.0992007665701241,-0.9176910844658076,1.6621364617276784,0.5203988186491105,0.5947364692507359,-2.56129808586254,1.9242046609894992,-0.029681593189575813,0.2101855777194276,0.2299890928024067,-0.9974564759692844,-0.07706238908027492,-0.9017318838469928,0.3248382436277966,-0.9059428320885816,0.0,0
-0.8251632482814563,0.4972730464893773,-0.7832196399569065,-0.9068970465795312,0.3014806925283013,0.07483850865771219,-0.6453688105148025,-0.470491376000241,1.0162903869738191,-0.04864253363876203,2.462555458818797,0.5458226905313793,0.9992043272275164,0.35141137643102266,0.4760940720319272,0.19667985411627045,-0.4634044957403221,-1.498819697913771,2.1511764107903404,-1.5089989834341546,0.0,0
0.18233585705379465,1.1963778482770833,0.7491330056087842,1.2423979368211109,0.5065767685124944,-0.6684606521539151,0.9574534445596684,0.7824088146315179,-0.987943156592843,0.972142034944882,-1.1013191765956714,-0.897851458878953,-0.8169585013766941,0.804576792056687,0.4153432742185758,-2.0219405097000993,-0.9800766648974848,0.12901542764874185,1.1313496961806084,-1.673991744586785,0.0,0
0.3216387691542195,0.3659294300125606,1.431826372165758,1.758825187942871,1.5481893244001186,-1.0440755689707841,0.23047608898913424,0.059255932406692025,-0.14544019282774612,0.1900518349719588,0.1884035671130868,1.3850607879720969,-0.0040961731350729075,0.9035057632304828,-0.8320580988169419,1.051377289149677,0.2403720583638985,-1.0371930709795678,-0.2549105847189611,0.6064019074865432,0.0,1
-0.050077289072610186,1.7504919152586358,-0.6347741489411338,0.2868206028798316,1.0993686811590504,-1.051688054240693,0.3054627709186719,1.9960196779965669,0.8214691557349458,-1.4787640110193998,-0.3300705972791562,-0.8614290871057353,-0.8166912603285832,-0.16534679989098472,0.019485220299821814,-0.37367705320354655,-1.2867577758581044,-1.654455448257373,-0.3759436402812257,-0.07491501820741084,0.0,1
0.1838436187663302,0.8075763504545442,-0.3955815581682936,-0.03613812643145415,1.3223751558584746,0.3160071691126697,1.4501030331451374,-1.9016823260055244,2.152331389398088,0.6863339768207473,-0.8222702561441031,0.6110287511595051,1.1699625070435582,-0.1965524971703562,-0.4325949318005495,-0.43931606910977533,-0.9171535363293172,-0.5564025889401837,0.18439503389358106,0.6941964803363547,1.0,1
0.3067753171889817,0.16912674006905426,-0.04475118347227023,1.2727254508120311,0.6132421642709247,0.1385003068232584,1.7895227845375257,0.6510057834954214,0.5511855208978486,0.07463580521830067,1.0904183351920331,-0.7473840346535892,-0.2660757507996046,0.02595125576047759,-0.3649079918535072,0.7448365218869315,-0.9833037129527048,-1.02288247792039,-0.4008576783054634,-0.002928153124929977,0.0,1
0.33123462196256553,1.2040145087656722,-1.0698634000637115,-0.921059163754238,-2.1308050995998773,-0.17445052608106051,-1.3702699061028651,-0.7255556362605842,0.7770217341789399,0.011119817846318924,-0.901485422709009,1.1788608156754494,1.3093763657179238,-0.4909924945657581,-0.9579209530337393,-0.0646096259413517,-0.16101767155087754,2.519657214589667,1.7804962662998318,-1.011986486333579,0.0,1
-0.7388152282921511,0.5851572428387286,-1.6399441001682329,-0.032415176353395546,-0.3000073640420013,1.2128144743713372,2.1322507138784,-0.4753575911054107,0.15812053520095495,0.2759818597472645,0.09356041932818726,0.5357786086663979,1.5701058986870997,2.334710977205157,0.7115958322118957,-0.15343819413272572,-0.5491206752108667,-1.3522113847962538,0.3279731329421112,1.4585902971942613,0.0,1
0.9417624891315728,0.3837624601028015,-0.5670458739108208,-0.14194526006168656,1.3747635901958721,1.8627839308151088,-1.291638420367474,-0.4022486577067196,-2.0327808300308123,-0.4140544922867833,-0.4746380437605934,0.8873469491768623,1.6168802018281958,0.884652313900643,-0.6580633276463829,2.0756242875717543,-1.7760880806569688,-1.1497105717964302,0.4072714442485339,0.8899554507409432,0.0,0
-0.7063344280094283,1.0793204660117597,0.32857661900459645,-0.3809951291710933,-0.9406884649216624,-0.8422375273008751,-1.0834233320081266,-0.4941677496070409,-0.3329028050221061,0.2142715203445816,-0.13141721015917196,-0.1274889460208713,1.2443974968463205,1.7753217612568877,-2.575291810201194,0.09366868400901593,0.4035451364210215,0.6555912183892758,-0.3817775840373123,1.0933352915801966,0.0,1
-0.97935092591992,-0.16447346449877573,-0.4530383274805685,1.0198085083816997,-0.2077587785631828,-0.7131156593928525,0.07220705996862932,-0.11596592867738377,2.2091645566967766,-1.0170868960282662,-0.5840685809065999,-0.4296944337338284,0.3145065481378327,-1.5692906890987426,-0.398614995199517,-1.0515014407175935,-0.2797800826778679,0.5861082960294123,-0.013519888383664743,1.3286033238920896,0.0,1
0.4761814387171994,-0.4138322087196447,-1.0718922233953987,0.7576983973420537,-1.3699523066186137,0.5859017215389323,-1.1223741285620472,0.361349516501621,-0.3057984995082325,-2.3342703369929647,0.33614901075888115,-0.9895307846147904,1.058181222512509,0.9522646469436996,0.4129246908942224,1.0417864412591358,1.1349872896276108,-1.1073421331735838,0.7695885762862918,0.15242646843410687,0.0,0
0.9618327345645259,-3.0198819688313687,-0.3279455682735504,0.08306171796245483,0.334169133311944,-0.0852835628020538,-0.11330469921283852,0.3288935993075162,-0.5542394155039114,-0.1312424200338505,1.207246456230231,0.9355944329008694,-0.5481097426384868,-1.768065999103,0.4685652396344183,0.263990504956186,-0.0027671761569924864,1.2838232808906622,1.1413516743912238,-1.3419849437564149,0.0,0
-0.1675908058297309,-0.2803285084318219,0.938945387051376,-1.8673520129769976,-0.16408416401934345,0.057997895304622016,0.616975684450631,-0.6027839873609234,-0.16622789405468644,-0.3234294778391427,-0.7272832746067516,-1.0087337282653466,1.121446489159554,0.1762867076805984,1.1886196223359595,0.3990471224465712,-1.0986692967956604,0.2926093337551954,0.06848260985240258,-0.6888138804816578,0.0,1
-1.5210705484290032,-1.2302813168386877,0.014802775280732669,-0.8596425807574313,1.101420324478615,-0.5288549894585349,-1.711552584027074,1.2747647986645638,-0.09927401603847856,-1.5110581467942998,0.8929745299483305,-1.4749692701175838,0.5882004397917701,0.7148338745004035,-0.5872719591916695,1.29901655637042,-1.8124644084493615,-0.3053269155152114,1.5198191067066529,0.8618401656550381,0.0,1
-0.7018638675513115,-0.13506964520342746,0.4607512250139956,-0.6694025202324166,0.5891124515016205,-0.896791990807021,-0.11377983819240567,1.7687495688193773,-0.2809860353501917,2.1778978503710773,-0.1832828677709247,-0.2041405167410802,0.49696062508239003,-0.18986255384688586,-0.6642535164997813,0.8823848526432229,-1.579690502889875,1.1528658815727744,-0.5615762932275002,-1.058836748986173,0.0,0
1.1774330661565477,0.4768770699846203,-0.8960614085306485,0.16251064582969468,-0.1537294672554972,0.1025294158743916,-1.355099586359922,0.8789483212841646,0.269577365035438,-0.07143589617067783,0.3171555281738513,-1.1094361108844195,-0.7601271110427558,-1.7349825619850274,0.951214335405659,-0.3286227398422482,-1.3307051202531066,0.7716371607978731,-0.17726604640179214,0.3745528973844819,1.0,1
0.6064169188474898,-0.01792098901569381,-0.577394613197653,-0.5458383078571367,-0.3065268017155336,-0.5465662634778347,-1.316981981707946,0.43061488924755614,-0.7403318392394158,0.09456765387105226,-0.9350753693146796,0.2207573682215156,-1.1704331093721174,-0.2385391277449941,0.5433335650889815,-0.2440984555168677,-0.30300900474218295,-0.3686725247253875,-1.4367024287692811,2.8878198632753,0.0,0
-0.2747450102866104,2.2452021407160934,1.7874169940878997,-1.4161852939707342,0.2754924336861721,0.8511338686664022,0.999264906683088,-0.15832687938179274,-0.9398360090600542,1.0194154055403744,-0.18511448142666706,0.7436818302245162,0.17473367408716028,0.4064988631491402,-0.31903718974677825,-0.3521190225420601,-0.395801631499452,0.989755781431271,-0.7945849703819289,-0.4374794055302051,0.0,0
-0.6021174687529975,-2.576871656395121,-0.1969439803702256,0.7551960855124059,0.4650549711543495,0.4941289183599114,0.2246036310272491,0.5747114917509987,-0.010766048758245146,-0.9306866490720376,1.7091198312303868,-0.6904504055100114,1.186502852843775,0.3851590338445543,0.3223767637754167,-2.2876943938105927,-1.3529287071009948,0.8238552391838652,0.4818496311833213,-0.2957515078143852,0.0,0
-0.7601983460733927,0.976362577191926,0.8852521323133694,-0.6580090004976494,0.3781119351169757,-0.21428032777153755,1.3158377149676537,-0.09411411659587687,1.3094774279955674,-0.2637359949779554,1.674296578433115,-1.078286908383835,0.6371352168809263,-0.1820394606944784,1.1293866935002257,-0.5791523380394692,0.9151824464027444,0.2754882664408314,-0.6765301123777349,1.1341900562605998,0.0,0
-1.8567518772220932,0.6181218113154812,-2.085502368871311,-1.1035125786575977,-1.4513522828751246,-1.168604921941925,-0.058544048318812526,-0.4878406500797458,-0.8611601089169618,0.15394690915408338,0.8167188227722577,-0.93088608254424,0.5996088876223289,-0.028257394741752713,-0.4938311079432071,0.9522827267387082,0.14551576813539352,-0.17687002868248367,0.6067867731623463,0.7440473995533547,0.0,0
0.7244862567061702,1.1590979636029035,-0.20021539018700296,-1.1928460579866988,0.4588603053808766,-0.4208670670044979,2.0522722800403894,-0.0020079534847024226,-0.20398975697757435,-1.9636939033068592,3.0239629745009835,1.4069537881947798,-0.4534695769785658,0.3807556707075405,0.005505167708747975,-0.7542164814933875,0.4140736869967633,-0.2194587834606141,1.3852898948287375,0.9276828036542012,0.0,0
-0.7775458739614927,-1.5274993086560116,-1.2248719524686047,0.5229233401604778,-0.5710365481368765,-0.2399950159083788,-0.1157272126979635,0.11421879128651395,-0.4570949506688465,-0.3290871698625367,0.23349468686732924,-0.14968695038957885,-1.3026398899505358,-0.08921751297779015,-1.7369970322625354,0.26515873358846115,2.3543820041491768,0.28328981010808746,-0.4506417514162322,0.4305874112851165,0.0,1
-0.4605451431944024,-0.023017492581798416,-0.5370152645607028,1.4765145340824462,-1.1207908743593746,0.17159442202987946,-1.1554370694220129,-0.9468293478845332,-1.6480451625886083,0.39448150658630105,-1.6212785046625946,1.3701087057162236,0.01243743639837133,-0.0054457580149667355,1.95301261938762,1.054881988982351,0.8306659755187321,-0.4352154583318711,0.02159333797395271,1.523011215495075,0.0,1
0.24004566285348916,0.7794436968309678,-2.2678541992128003,-0.15802084149946732,0.0008680911565068358,-0.576523331144064,-0.17602835229221525,0.4235750532664842,-0.4816952288091237,1.020298648130254,1.3004214733437192,0.5956103391106651,0.9107003325087196,0.8159286037958899,1.1723362445663037,0.7901226965305982,-0.7026597867082327,0.14556119417540211,-1.7549601328696878,-0.08946580331168871,0.0,1
1.6055220688715803,0.017337640594728025,-0.732081398009508,-1.650596630831524,-0.9553188169018821,-0.5863302129167749,0.6010104420040161,0.04822941544318817,1.6052510234184505,0.5476063036733606,-0.8149744126641825,-0.9408064389129198,0.27807193065919,-0.6518765651051182,1.8117410939344096,-1.3017738161174437,1.3159034781525243,0.23815402170898464,1.1461862673554497,-1.9545819466120782,0.0,1
-0.7132350035448933,-2.0588158158486842,-0.969153798984092,-0.384050490898357,-0.5968283446723119,-0.3410061408743679,-0.1431922835584433,0.40771431484363385,1.5178778172588818,-0.8049003625020493,0.4010104174071663,-1.8951480847415545,1.5402241807123258,-0.8206682171542348,0.6627392221629445,-0.4780955965280145,-1.3187266098323414,-0.8968975837767447,-0.30508641608015696,0.456207591152323,0.0,0
1.878414536728072,0.2798777969635892,-0.6032376563459357,0.9796551386350896,0.4054633779683823,0.21714203403662868,0.4086587571088203,1.843761177761364,1.6070416090538309,0.8801791931952619,-0.2424215258611028,1.2396341337822696,-0.8747836655589489,-0.3440969668390224,0.9502306985092496,0.3413702756738301,-0.6062107330685305,0.07033962750150548,-1.2134805062392924,0.5898125556872144,0.0,1
0.5429119107308801,1.9505311654071904,-0.8837863416092683,-0.4716786690451253,0.9774311562290796,-0.5579172651867199,-0.5850202440707195,0.1865896798240312,-1.26135460956502,-1.5702935199481909,-0.7368529100714107,-1.7094636641146237,1.2882590577168962,-0.09514191531291352,0.4585719883709347,-1.1874928570226904,0.3802930608092767,-0.8502382471394632,-0.8599687004693378,0.9054128041890102,0.0,1
1.2732270662437568,0.06431487032058933,1.4673489414911889,1.0883252188075505,-0.0861688444158291,0.4035859251504309,-0.5229074428324323,1.76614024431102,-1.1962200009634292,1.3023393685154032,-0.2781019661917389,1.4400686660391009,-0.9759705814638148,-0.510927322377835,-0.0982207944599732,-0.5480704380733471,-0.4276199354122423,1.0890392033415877,0.00778571578456113,0.129511215304763,0.0,0
0.6646118288763218,-1.7260200582238674,-0.7092205692508822,-0.31302308045361305,0.060565745431176064,-0.12541724505818333,-0.8130768494580504,-0.5120640583056497,-0.12214055509809495,-1.0877333289877975,0.9372368043200406,-0.3393759696906311,-0.011791479071046178,-0.6130499519985859,2.047291007943179,-0.2675847663385639,0.9797172155597236,0.8404811387575487,0.2369724222448336,-0.07595066688306411,0.0,1
-1.2622786617672903,0.1871143061164902,0.8255968713024763,0.8261754295306329,-0.6222847344704735,0.8830241460378853,0.2720896173539483,-0.13968368374574025,0.0647265098187472,-2.1427688470266166,0.22963398451483044,-0.542404163112049,0.8562493757432225,0.8702026921052433,-2.003656119637684,-2.3013138011027308,0.36948261238166136,0.030980577606169294,0.7897123481362828,-0.4244950383715909,0.0,1
1.2083067317654823,-1.4974899451808064,0.7647697598605532,0.2873374141385373,-0.3314695638375593,0.20926059072599595,-1.9962877535719,-1.6521211936354658,0.689513350296155,-0.15219556133613973,-0.5655802381404036,0.054524088094385116,1.9790643665424188,-0.7224817005156758,-0.12170161870737856,0.3791221815366056,0.9975040328425481,1.028458433030775,0.9862676131926204,-0.8650767094522039,0.0,0
-1.0886831821879992,0.4698043822091809,-0.3384783382449121,0.8151887083137194,0.07540469421861684,-1.0201032982730938,0.022438918088484517,0.4857262575361661,-2.0147315915773345,-1.258914485200486,0.586000188963712,0.6202301284640442,-0.3903800090385644,0.6420795202556395,-1.3615234924819863,2.7998560438220594,-0.21648581721064086,-0.5135388682758599,-0.32687989726815314,0.3903250070645705,0.0,1
-0.04497089278906795,0.2607359009590312,-0.193328988286644,0.9738002650502896,0.5485805133863161,0.026389946480200897,0.284336280677795,0.7174937405630611,-0.22555041884250346,1.1397998737637611,0.981541406856099,0.12039765684828226,-1.2749660233131253,1.9610045358512471,-1.7923903523138325,-0.8300562059460368,-0.9886977740428904,-0.34202603108246143,1.0025855621728674,-1.76976449769403,0.0,1
-1.0887730029687868,-0.8559048790405535,0.9607128185066156,0.1575190605240532,-0.6386265299011766,-0.7104767162751315,0.09899975560936047,0.5278355178501296,0.5484893301405424,-0.2222294433643227,0.4231119027824878,0.7757971826467471,0.6850168274560544,0.4012504203296856,1.1041001864289688,0.2421896038189082,-1.6552903666498888,1.1831723002661865,-0.9343376021595194,0.24638517433206394,0.0,0
-0.014907313281998662,0.6115360664865359,-0.23041004757452785,-0.7813978323685379,1.879912299477423,0.5387261275367808,-0.16102935155527842,-1.2313941711129317,-0.3665585994753113,-1.145833059366372,-0.8689124418495161,-0.04869248406268231,0.7673740950657807,0.3952033922949101,0.963209239166005,2.035609901929265,-1.115200670668734,0.08845367231333726,0.6952841354697294,0.7455772752913948,0.0,0
-0.4394988760441659,-0.3494346658461644,-0.16976342346530074,-0.3656303444397796,0.34799297790292594,-0.5520446567837044,-0.07288746984864691,-0.5794139147891989,0.8995760969071241,-0.4821197744535765,-0.2283297982474852,-0.4869513728016096,-1.957576106944592,-1.4332231176660732,-3.0200566670689017,1.530645482355384,0.93067014374362,1.3949369181367464,-0.7147265270099387,-0.5461236401515547,0.0,1
1.2505901225517535,0.6545248343631117,0.7703869734978058,-0.4454392471493709,0.9189936530968992,-0.8196505582674778,-0.4965051597812105,-0.3086306035567765,0.7840460515613001,1.2380914845411377,0.7402459855469858,0.4505036248629017,-0.2462898041533857,1.6967889244172945,-0.040432441984488726,0.4547674269507348,1.0213338443832012,-1.3140380258038549,0.06982183029371125,-1.025049751508601,1.0,1
0.019705122768096595,0.7334074586417128,-0.22273867758529275,0.5565659448667114,1.3727251496682298,-0.1731999925384579,-0.4001118635181782,-0.11886518737262025,-0.5692288866403832,-0.3630057546068425,0.2289920636538913,-0.0853148992717016,1.073346041936568,0.5233498152123357,0.399539684034625,0.536884135941738,-0.5740809340338136,0.6196065953785228,-0.5111233027993939,-0.4411246467997846,0.0,1
1.3212113886071952,-1.4557638912684183,0.2873324962461992,1.4488262552423892,-0.14424084280299335,0.512248269560744,0.4770606357631766,-1.236310472496001,0.5986418371642767,0.3150095145204517,-2.1491002675118605,0.14248990047279625,1.3226105169667062,-1.1873314308307346,-1.755661553882656,0.003149395882047474,1.9009929986648744,-1.5862042357734178,-1.2752829749902324,-0.24078302928999146,0.0,0
0.866309913583926,-0.7769494830461757,-0.8240728871162114,-0.32752492270433564,-2.023355269092648,-1.3481267021209342,1.3230478421520937,0.908359324751943,-0.21913537352860668,1.1430438806773304,-0.9027022385418508,-0.7118033161244228,0.08034111874774821,0.21624260155062394,0.3127352769575538,-1.0494694118408106,1.890966025573912,1.0336262801485174,1.4411155161015274,0.6279638635837032,0.0,1
-0.5214075596284291,3.652180581320372,1.2175611048834698,-0.4694887178179849,0.8314458191818647,1.9478864874646193,0.6050790917452897,-0.377637111092182,1.2000827142202826,1.6948299664686346,1.6187221750773055,-0.4124836576161248,-0.3575327941086377,0.6223458469602317,-0.7320286906679254,-1.2963126889267018,0.4866655713619269,0.5071476823800057,0.8936834121550029,0.7451521672150061,0.0,1
0.6569330838565091,-1.112417095893949,0.22180202062423796,0.23982586528858285,-1.4051591942055026,0.3082202019519077,-1.9837497835816944,1.041783570089681,-1.7234635383097694,-0.7934998625248824,0.042347507301681436,-1.3367114590207658,-0.1453614191249838,0.14838837613095002,1.5542451259885357,1.1144343111102653,-1.3882399124816551,0.31302659830187296,-0.7269787474073685,-1.353024442259022,1.0,1
0.29111481051165605,-0.6053016736815909,-1.187589077048991,-1.1784782513705916,1.0038956921986346,0.5410797513297742,0.3014490762706016,0.2625459749791373,1.509874059183976,-0.2119818886194692,-0.0841659141235483,-0.02050881598747016,0.5013697222582918,-0.7823740979635309,-0.9085095601177888,0.24123951170724595,-1.0998414887228432,-0.13159692806687415,0.06398302719888825,-0.7339270209342086,1.0,1
-1.3332253326921908,-0.2159110512571786,-0.4597688033425381,-0.11155500645903643,0.19685076101338225,-0.5744482090588177,-0.7499723128323681,-0.8329035698212854,0.6533890624222511,1.5913648724473992,1.1903985039091591,0.10127239855130496,0.9286712023222159,0.1570695274193112,0.8135480743486738,0.16509106984552727,3.5428552031689735,1.3670130659325754,-0.8866608549940487,-0.5539265652207204,0.0,0
-0.3540654053173096,-0.3107897053876818,0.6156938718760598,0.5022945259506909,0.14684341009059107,-1.0860929155573864,1.2937462670096922,-0.6349326872101837,-0.9927448691299016,-1.0322065037861266,-0.12200194109346894,0.2363585662888069,-0.7322099774633379,0.054687630432292564,-0.2604521158054026,-0.3938931288381439,-1.0289858870453754,-0.7324240452914887,0.03447212001861594,-0.5506558655829045,0.0,0
1.131036247150281,0.20254139264633456,0.743017266407371,-0.0619763663350063,0.08168659925904131,0.7239433965602937,-1.4725588310609814,0.4845333718966695,0.5774940549244728,-1.163691360996001,0.9260913049445504,1.1478047375243208,-1.050487294539758,-2.7877619928445525,0.30793238943699663,-0.27227494052820284,-2.207921766750732,0.8142666845915808,0.2817913419700533,1.887214233911968,0.0,0
-1.0907641722450971,-0.4197285787826907,0.4261524315724729,0.274363364024018,0.5980824940300903,-0.17706140229774742,1.8805048677165972,-0.6508477722530907,1.2415287716399896,-1.107372190928502,0.9314311666780314,0.6061740288598177,1.0454016746997012,0.5430924804686275,0.18287938165891546,0.3610536280551358,1.1731406283974437,-1.0160724911007701,-0.7429834444544762,1.4121368214365215,0.0,0
0.9350053712866312,-0.7701319559145581,-1.3068035289688738,1.292783733180353,-1.0637805425993072,-1.7211940658910745,0.2489657894965734,0.2838214699161558,-0.8913750722070075,-0.508867605870284,-0.13367188614513772,2.238574018162097,-0.0009339025004131568,-0.04582262818056052,0.12416126528842256,0.522535545714202,-1.3219543980444546,-1.4106346570142574,0.3721113401743147,-0.9803383870331184,0.0,0
-0.7912526749200252,0.7590843829723285,0.0792124736886943,-0.7899451401247757,0.7567326723433777,0.8235695562533795,2.233788701650965,-0.6896335349591589,1.129854500804,1.6316224694474126,0.8756536924007392,-0.19978558070426147,1.169774107728541,-0.6436030323602093,-0.6920473152484011,1.6423069751715758,-0.6952359164076387,-0.4647858921733736,-0.8741618322646723,0.1746016428662221,0.0,0
-0.031911897015764766,-0.2156794018636697,-0.007981944177771759,-0.8141986620761531,0.5393571641453561,0.8098981041948796,-1.3960275795944048,0.7068318019256712,1.082464868468743,-0.04104916881045119,-1.0615547664228735,-0.5788549718682714,-0.9702523713077592,-0.20331464859914447,0.5811968912202372,1.217145939469274,-0.4687243995485021,0.4116254099128575,-0.5161412207863824,-1.1066202362301376,0.0,0
-0.5761709515361363,0.4034488047381162,-0.0495314951194459,0.2790803178242967,-1.4398870620805335,0.4637233627744568,1.2487398111818078,1.35125024705197,0.1461790895501238,-0.3276189539459554,-0.6561464103036825,-2.1919962818578616,-1.1029155034950269,-2.111970782582595,-0.10384616526334403,0.011480977002209729,0.4295437537265068,0.901672955127793,-1.7988039194269123,0.7628728093575007,0.0,1
-0.1241067846519793,0.6387907818406059,0.2321750454418584,-0.3462113185862487,-1.0967270305009191,0.7515282537180202,0.6661360061035475,-0.1128562356931552,-0.5815817869306538,-1.0119335606098252,0.8094919266684913,-1.7833838666815316,0.4923159484624929,0.4526558289835974,0.0027924021298096195,0.4709262323166351,-0.14774818323746342,0.09176958923937853,-1.0131729090968815,-0.5230359726829912,0.0,0
0.1919282816692882,-1.5783428326681352,0.4075929557956232,-1.1729751719140762,1.0824843395644552,-0.46046667265502,-0.2552461523869007,0.5798561752621357,-1.1067397822998604,0.4699904004370538,-0.3450474686283369,-0.016470492401380717,-0.2212457779283717,-0.3557461818756661,2.6583261495074977,0.3713666867240262,-0.6285642101227686,-0.06799089444647895,0.9771675325466652,1.007018509743368,0.0,1
-0.6767694444157607,0.4363248005300381,-2.9822634558207817,-0.8393612185786602,-0.6340792906550405,-0.6755886458789785,1.1179295090299486,-1.0597700465744484,0.3007843116478013,1.054948720313061,0.3732537815910847,0.2662961336429774,0.156130165608135,0.5050557179244741,2.9451107300713764,-1.1442423029394222,-0.8062391355285543,-0.14453738919445366,-0.40376082385538603,-0.45011056451250464,0.0,1
0.31247484789831353,0.3139962037762288,0.9353225943348424,0.6858457275759201,0.5717954938462655,0.7416322791456388,0.5153999766730257,-0.9299442457504824,-0.1106073546788172,-0.601964767407566,0.8411357403454638,-0.01558644721831174,-0.5456775885214702,0.3904648776761835,1.6020345516582934,1.2119915112271438,0.7767001564420242,1.5798230529788038,1.5114569811275276,1.4928617374285305,0.0,1
-0.3950386071152942,0.29322248759511865,-0.6398617142048122,-1.086330148002688,-0.05916704609903635,-1.5523894773304383,0.7056287978392529,-0.7076166346718236,0.6527475546861693,0.472040247885599,-0.5838501747772206,-2.7100053686740546,0.9535157576201132,-0.8832081156087049,-0.00975808340546683,-1.75624705527542,-0.08768481562302355,0.4519817836462941,1.2316764206553923,1.6008820175622567,0.0,0
-0.6779399950923515,0.06477879537735212,0.9981617936226834,0.8332942043585829,0.4923126144685651,-1.2910101083891312,0.914251912344455,0.4482413966997241,0.13888465987705034,1.3696906796239705,0.22544746564703225,-0.12281815202021427,-1.1801923517886117,-1.5339342779014524,-0.4777005784077286,1.0736263030854971,0.22376502688918828,-1.96170575567026,-0.7391863058934381,0.1794863527830654,0.0,1
0.5686472020760656,0.06735397907915205,-0.6190829096538406,-0.5412435643740238,0.3629574835848133,-0.3671468187597809,-0.9772714260979798,0.6654850473734929,-0.6263000992349186,0.03350014405585371,0.0292343657288976,-1.4110186862175018,-1.4967315102253302,0.9462750699942266,-0.7872043574598362,0.2044216790685493,0.4388922001474373,0.3402212229284345,-0.8861171150154209,1.0737141050828916,0.0,1
-0.3993956112942911,0.910255117746246,0.3529446144465831,1.0422161405664276,0.04077731879253435,-1.207753798473606,-0.07004491915676375,0.126072798389752,-0.8057000949215747,0.22976892767672025,1.0701707969073784,0.07770412031325359,-0.5844510674289939,1.136198748942729,2.5731784505017443,1.639010630416458,-0.6182830857940218,-1.215197539403179,-0.6588882042229122,-0.994331328765054,1.0,1
-0.6780798347150397,-1.2624025213050836,0.3297110714906282,-1.7286917336679304,0.7345940484808593,1.232986369257874,-0.5505786407676465,0.9336401818801328,0.02127459327095664,1.613712128997983,0.17580774680121414,0.27405727890972603,1.3823957386381391,-1.949603977001986,-0.7250623105221055,0.09310774201211026,-0.6655157596573292,0.2782049492031405,-0.691946711781487,0.7753026196947451,0.0,1
0.4960379575031753,0.4039561039358829,-0.06733142708984302,0.4827397504270825,0.1685740933768509,0.7732271832543175,-0.5930639991346525,0.2824587406873917,-0.8285401759414949,-0.9860677231902548,0.9808694713895076,0.7767492662443269,0.4510936122392663,-0.6267526071736627,1.8078951063612767,1.4935346453352458,-1.1557868626882934,0.5658884836252028,0.5894378554437343,-0.6460926268916539,0.0,0
0.4541685559339544,-0.20676522338319095,-2.2370133120383966,-0.9282974892143746,0.481158642404417,-0.4595178174431456,1.134409674084343,0.4072756610230841,0.061111409280882774,2.2000667616794787,-0.6267736581234646,-0.28748842545601233,2.87038650382434,-1.1227574178700082,-0.09998243710979512,-0.2668229212579433,0.4458763312280785,1.2043008083470692,0.37542575864034944,1.891330531029482,0.0,1
-0.2521979353967905,-1.9990181058241137,1.0265101789264697,0.3120803490495118,0.11134819516731613,0.13425391361113526,-0.7187081531413962,-1.1630345510093183,-0.8277272287679062,-0.9027521309696448,-0.2578136345605172,-0.313880498734552,1.0620437089490138,-0.21324466514208584,-0.5987182127086749,-0.41390917417372897,-0.4628629419663048,0.1535826977414746,1.1472758621209238,-0.2713169189982582,0.0,0
-0.6519637757180362,1.3329341570105309,-0.4210404931838291,-0.5661920291821775,-0.9958434571316664,-0.489132348553048,1.7712618215792968,0.5989756664918241,1.4044214231482164,-2.0555020590885342,-0.7609545675861704,-0.5984888032444928,0.8105380525821569,2.2571570717246447,-0.3467694584233515,0.30414414687763003,0.4267821738708272,-1.1259922195024503,0.1352963592507602,-1.119745702581157,0.0,0
2.344198740830126,0.4587140769470133,-2.76633448600408,0.205854379037,1.17136415193063,-1.175699894414186,-0.1283041186746317,-0.024339442224466427,0.2876466179122786,1.6356914987736704,0.11494969421517078,0.1766758962916238,-0.27133817575397245,-0.7483321216359717,-0.8120467281548392,0.7597768890690438,1.0261454244876846,-0.330697759927302,-1.61040677325884,-1.3791231563208974,0.0,1
0.8457482085571321,-0.3690062133370207,-0.9279350057529444,0.9330743562898374,0.5426708144528775,0.3711671688529165,-0.3850599766737252,2.2512060382983528,-0.03527915547660837,-0.5675315277968271,0.009885527243525044,0.9213193399476504,-0.9054513666734294,0.19114543668883424,-0.08967130766859098,1.3555353729503852,0.5292816897269841,-0.6070864679143788,-0.4710956187533977,0.8735233527848497,0.0,1
-0.3873657657052084,-0.5090935183477149,0.6570197978320135,-1.1420374150936137,-0.7806747585434436,0.03528734590469783,-0.4826299578285286,0.08129518177291342,1.0439100591921977,-1.0878135123776986,0.30322895263075306,-0.5464307018117296,1.0220559476766773,-0.9714633214478424,-1.003592024354923,0.11651241403785045,-0.7059877683893084,0.3119050903904794,0.8530130450663485,1.3061535648811264,0.0,0
0.11918131914929148,-0.2438137034697543,-1.2283184999149461,0.7212567607341331,2.0744763433532736,0.4092634461170515,-2.217009890411255,0.4278258217392251,-0.37143055472341796,-0.4273033263413307,-0.118055032206634,-0.4172933517806928,-0.4632683473218571,1.2956175990948997,-0.35423427841084565,1.9308158790122945,-0.11886144839619177,-0.41216553660500216,0.5252664957758173,-0.3840487189131184,0.0,1
1.5337594581702343,0.6703377480125952,0.7121838781028738,0.7253837440694014,0.16156733649456853,0.5361468373693477,-0.25108133964857304,-1.4143945929033481,-0.4830261929411575,-0.1673567650276548,-0.5539658627823858,0.6863412776397407,0.009085780513082882,0.3549604711322064,0.2496605678042565,-0.7907269467315472,-0.6768425945612936,2.0112565417777533,-0.0017932884825760211,-0.12850990119465958,0.0,0
0.7260638410205246,2.07205079798194,-0.6124895630630067,-0.03693036057241168,-1.058878110731497,0.14062842580290594,1.055220648041263,-0.13395862944197914,-0.07695990260880826,0.74777855159352,0.5977011864209171,-0.3941680562980122,0.3734746852058948,2.465914547245156,0.3491328951902021,-1.2674969162455019,0.9142154657216436,0.4901653636212803,-0.3659763476446943,1.1661448868863449,0.0,0
1.2214174790774877,-0.1811012019805439,0.6320419195815892,-0.08696478407989308,0.9080786545859152,0.6297325901128725,-0.21472190293745705,0.8389040440325279,0.15615708620304056,0.12610234710851684,0.8607310976149742,1.3571272946273925,0.4818333385210238,0.6139621590919029,0.7082963346395598,-0.3970082075519679,0.7899574378849066,-1.5495093326264244,2.155757845365014,-0.3997825617626258,0.0,0
-0.7422921318058969,-1.0501816077640882,0.38478574326902004,-1.066437575585932,0.062054548514853265,1.183586218714708,-0.6447218213231246,-0.2004462638847132,-1.1180946551340245,-0.7630637681905218,1.0976918798881734,1.0684953366742982,-0.5878015988056466,1.3904740519002856,-0.6457479482832793,-0.8665572657823274,1.1350686641339869,-1.8911630788567964,-0.5191823588482639,-3.5442343587860634,1.0,1
-1.9545985009675717,-0.4578346849304465,-1.485689248895917,0.2474555981172768,0.15529713047973467,0.5449617307196282,1.738172686318905,0.5728840271753984,-1.5721209616069485,-1.5162282644226277,-0.5805459789714525,-0.8883931549565495,0.9523348075720292,-0.6977174137893487,-0.737708045188813,-1.1543775966781034,-1.3348730964538087,-1.3407572642952863,0.4628872162241677,1.9692280995908096,0.0,0
-0.5076509026705156,-0.11845548052768574,-1.7449797272181118,-0.41771126822606497,-1.029933294616882,1.3471364052242936,1.1286261259399375,-0.5924809223488868,0.8831747226450717,0.5860638110266031,0.9191204247103426,1.183448963178096,-0.6944501335493816,-1.5166539465596145,1.490424550111487,0.9448416213357552,0.06541250963143816,1.1089463919988094,-0.957899699774244,0.3989107754050955,0.0,1
0.1338372336960792,0.4659285393318197,-0.1861259800213196,0.44443865805864413,-1.2762127839238104,-1.034584645041258,-0.002145216218277721,0.3765215562308363,0.3010743809147641,0.18686039021046436,0.3736854932233081,0.6637739535182512,0.6903931687983418,0.8792640512485709,-0.6925324709304106,-1.0801659745001757,-0.6289725536473277,1.5785711803312017,-0.14989825606252632,-0.6271886415192368,0.0,0
-0.06678580185358382,-0.22134462877713945,0.33139153641010993,0.31273823784519705,-1.077584099873692,-0.25836293455127834,-1.0999383254263173,-0.06924658043282167,-0.42638189565023066,1.0397676650759122,-1.4021027192059328,-1.5837759818057433,-0.2619353950074066,1.3710073504469815,0.7387826917022421,0.4290324800627301,-0.06266622233360035,0.9539962474926216,1.4991957459166818,-0.4522725779739373,0.0,1
