X0,X1,X2,X3,X4,X5,X6,X7,X8,X9,X10,X11,X12,X13,X14,X15,X16,X17,X18,X19,X20,X21,X22,X23,X24,X25,X26,X27,X28,X29,X30,X31,X32,X33,X34,X35,X36,X37,X38,X39,X40,X41,X42,X43,X44,X45,X46,X47,X48,X49,F,Y,Improvement,TREATMENT_NAME,MinTreatment,FollowRec,GroupId,ABS_Improvement,Total_Nbr_Follow_Rec,Total_Y_Follow_Rec,Total_Nbr_Not_Follow_Rec,Total_Y_Not_Follow_Rec,UPLIFT
32.0,26.0,56.0,34.0,28.0,8.0,71.0,79.0,66.0,71.0,77.0,84.0,63.0,66.0,21.0,30.0,30.0,18.0,12.0,82.0,21.0,17.0,35.0,95.0,71.0,7.0,67.0,47.0,72.0,68.0,24.0,34.0,24.0,29.0,54.0,1.0,81.0,45.0,49.0,18.0,22.0,73.0,34.0,44.0,23.0,64.0,9.0,77.0,74.0,77.0,1.0,1,0.5745279295659579,F,2.5,0.0,5,0.5745279295659579,0.0,0.0,1.0,1.0,0.0
79.0,87.0,37.0,70.0,39.0,75.0,34.0,49.0,72.0,79.0,22.0,21.0,18.0,27.0,67.0,44.0,30.0,36.0,50.0,8.0,1.0,67.0,34.0,46.0,39.0,84.0,1.0,67.0,44.0,20.0,34.0,79.0,30.0,73.0,46.0,28.0,71.0,46.0,11.0,74.0,52.0,72.0,10.0,11.0,23.0,82.0,43.0,75.0,54.0,1.0,2.0,1,0.5745279295659579,F,2.5,0.0,5,0.5745279295659579,0.0,0.0,2.0,2.0,0.0
25.0,54.0,57.0,2.0,18.0,2.0,92.0,9.0,12.0,74.0,43.0,84.0,76.0,46.0,18.0,54.0,65.0,82.0,4.0,1.0,18.0,52.0,67.0,7.0,18.0,41.0,33.0,1.0,14.0,17.0,49.0,11.0,52.0,3.0,57.0,46.0,48.0,46.0,39.0,31.0,68.0,34.0,43.0,20.0,57.0,56.0,48.0,75.0,45.0,68.0,1.0,0,0.5745279295659579,F,2.5,0.0,5,0.5745279295659579,0.0,0.0,3.0,2.0,0.0
84.0,36.0,99.0,82.0,24.0,21.0,19.0,83.0,38.0,79.0,75.0,65.0,46.0,20.0,34.0,41.0,67.0,53.0,71.0,47.0,25.0,62.0,55.0,65.0,73.0,7.0,13.0,53.0,17.0,34.0,61.0,2.0,19.0,12.0,63.0,85.0,27.0,10.0,56.0,20.0,8.0,34.0,28.0,63.0,62.0,81.0,36.0,33.0,1.0,28.0,5.0,1,0.5745279295659579,F,2.5,1.0,5,0.5745279295659579,1.0,1.0,3.0,2.0,0.33333333333333337
47.0,36.0,34.0,64.0,61.0,75.0,70.0,32.0,41.0,79.0,56.0,35.0,71.0,52.0,54.0,24.0,36.0,48.0,1.0,54.0,1.0,62.0,65.0,5.0,63.0,91.0,12.0,19.0,1.0,5.0,72.0,79.0,52.0,66.0,7.0,20.0,71.0,76.0,48.0,19.0,5.0,39.0,4.0,43.0,23.0,46.0,9.0,85.0,67.0,13.0,1.0,1,0.5745279295659579,F,2.5,0.0,5,0.5745279295659579,1.0,1.0,4.0,3.0,0.25
59.0,60.0,99.0,27.0,52.0,62.0,29.0,73.0,58.0,87.0,15.0,84.0,51.0,46.0,80.0,73.0,53.0,84.0,13.0,40.0,11.0,21.0,30.0,90.0,18.0,22.0,33.0,48.0,47.0,57.0,71.0,86.0,59.0,51.0,45.0,50.0,18.0,82.0,32.0,4.0,56.0,29.0,57.0,81.0,53.0,55.0,25.0,75.0,42.0,46.0,1.0,0,0.5745279295659579,F,2.5,0.0,5,0.5745279295659579,1.0,1.0,5.0,3.0,0.4
42.0,22.0,72.0,70.0,21.0,73.0,90.0,33.0,78.0,79.0,56.0,9.0,50.0,46.0,71.0,79.0,65.0,8.0,28.0,9.0,63.0,78.0,30.0,46.0,58.0,74.0,28.0,7.0,41.0,32.0,16.0,92.0,54.0,64.0,25.0,87.0,2.0,6.0,28.0,50.0,59.0,14.0,18.0,31.0,21.0,58.0,5.0,85.0,46.0,58.0,5.0,0,0.5745279295659579,F,2.5,1.0,5,0.5745279295659579,2.0,1.0,5.0,3.0,-0.09999999999999998
21.0,70.0,70.0,77.0,55.0,30.0,11.0,3.0,76.0,81.0,12.0,12.0,8.0,17.0,76.0,31.0,33.0,33.0,44.0,30.0,37.0,44.0,67.0,15.0,65.0,94.0,61.0,7.0,31.0,47.0,41.0,82.0,37.0,64.0,65.0,46.0,25.0,37.0,22.0,29.0,41.0,38.0,64.0,50.0,57.0,69.0,18.0,69.0,30.0,24.0,5.0,0,0.5745279295659579,F,2.5,1.0,5,0.5745279295659579,3.0,1.0,5.0,3.0,-0.26666666666666666
8.0,45.0,14.0,29.0,88.0,60.0,11.0,3.0,23.0,71.0,5.0,73.0,34.0,56.0,64.0,54.0,52.0,56.0,33.0,48.0,65.0,39.0,37.0,2.0,78.0,79.0,32.0,9.0,22.0,63.0,22.0,2.0,67.0,64.0,47.0,23.0,8.0,51.0,35.0,27.0,49.0,72.0,18.0,31.0,7.0,70.0,55.0,25.0,84.0,3.0,1.0,0,0.5745279295659579,F,2.5,0.0,5,0.5745279295659579,3.0,1.0,6.0,3.0,-0.16666666666666669
34.0,54.0,99.0,11.0,58.0,84.0,88.0,47.0,66.0,72.0,73.0,4.0,14.0,26.0,38.0,16.0,22.0,84.0,39.0,65.0,22.0,86.0,67.0,33.0,59.0,49.0,26.0,19.0,77.0,46.0,38.0,17.0,62.0,48.0,4.0,31.0,24.0,51.0,24.0,38.0,70.0,48.0,38.0,8.0,28.0,17.0,61.0,60.0,51.0,69.0,1.0,0,0.5745279295659579,F,2.5,0.0,5,0.5745279295659579,3.0,1.0,7.0,3.0,-0.09523809523809523
75.0,44.0,13.0,82.0,70.0,28.0,57.0,89.0,72.0,74.0,16.0,73.0,59.0,27.0,19.0,24.0,36.0,98.0,64.0,55.0,63.0,71.0,37.0,15.0,67.0,79.0,8.0,48.0,22.0,32.0,22.0,82.0,43.0,24.0,6.0,19.0,43.0,46.0,13.0,22.0,40.0,48.0,40.0,31.0,20.0,62.0,58.0,63.0,46.0,32.0,4.0,1,0.5745279295659579,F,2.5,1.0,5,0.5745279295659579,4.0,2.0,7.0,3.0,0.07142857142857145
40.0,1.0,11.0,87.0,47.0,27.0,36.0,92.0,66.0,74.0,43.0,9.0,28.0,53.0,1.0,63.0,67.0,5.0,50.0,48.0,63.0,79.0,55.0,41.0,14.0,69.0,32.0,9.0,2.0,64.0,13.0,88.0,39.0,76.0,13.0,73.0,63.0,21.0,37.0,40.0,25.0,46.0,8.0,81.0,10.0,10.0,61.0,37.0,30.0,1.0,1.0,0,0.5745279295659579,F,2.5,0.0,5,0.5745279295659579,4.0,2.0,8.0,3.0,0.125
21.0,63.0,13.0,37.0,13.0,21.0,57.0,6.0,76.0,87.0,83.0,13.0,62.0,5.0,54.0,42.0,16.0,9.0,48.0,40.0,58.0,60.0,44.0,93.0,90.0,95.0,71.0,9.0,17.0,55.0,42.0,66.0,90.0,29.0,34.0,53.0,63.0,89.0,55.0,15.0,5.0,16.0,37.0,3.0,12.0,82.0,38.0,38.0,73.0,28.0,1.0,1,0.5745279295659579,F,2.5,0.0,5,0.5745279295659579,4.0,2.0,9.0,4.0,0.05555555555555558
31.0,8.0,70.0,44.0,75.0,43.0,13.0,10.0,59.0,83.0,53.0,58.0,11.0,24.0,52.0,16.0,30.0,17.0,11.0,16.0,27.0,5.0,65.0,106.0,23.0,9.0,60.0,25.0,1.0,32.0,70.0,90.0,1.0,61.0,6.0,33.0,65.0,37.0,18.0,67.0,62.0,72.0,37.0,41.0,42.0,4.0,29.0,45.0,56.0,2.0,13.0,1,0.5745279295659579,F,2.5,1.0,5,0.5745279295659579,5.0,3.0,9.0,4.0,0.15555555555555556
14.0,54.0,47.0,7.0,82.0,20.0,92.0,91.0,47.0,84.0,11.0,86.0,48.0,49.0,52.0,20.0,65.0,69.0,24.0,67.0,37.0,32.0,5.0,84.0,28.0,69.0,32.0,9.0,23.0,69.0,13.0,66.0,81.0,64.0,1.0,24.0,24.0,49.0,6.0,48.0,27.0,39.0,38.0,8.0,12.0,25.0,32.0,87.0,30.0,28.0,5.0,1,0.5745279295659579,F,2.5,1.0,5,0.5745279295659579,6.0,4.0,9.0,4.0,0.2222222222222222
43.0,38.0,51.0,49.0,63.0,13.0,6.0,80.0,66.0,72.0,61.0,12.0,62.0,74.0,79.0,59.0,71.0,43.0,61.0,54.0,19.0,57.0,13.0,17.0,41.0,23.0,46.0,34.0,45.0,36.0,55.0,2.0,10.0,36.0,33.0,20.0,24.0,37.0,21.0,3.0,41.0,3.0,35.0,9.0,12.0,72.0,34.0,85.0,7.0,60.0,1.0,0,0.5745279295659579,F,2.5,0.0,5,0.5745279295659579,6.0,4.0,10.0,4.0,0.2666666666666666
61.0,6.0,84.0,79.0,78.0,88.0,56.0,17.0,72.0,79.0,61.0,45.0,7.0,41.0,18.0,68.0,70.0,84.0,39.0,67.0,14.0,39.0,48.0,23.0,67.0,55.0,3.0,33.0,75.0,45.0,26.0,2.0,55.0,3.0,54.0,48.0,64.0,27.0,63.0,62.0,45.0,57.0,10.0,22.0,61.0,32.0,64.0,77.0,59.0,45.0,1.0,0,0.5745279295659579,F,2.5,0.0,5,0.5745279295659579,6.0,4.0,11.0,4.0,0.303030303030303
28.0,4.0,99.0,66.0,78.0,24.0,15.0,83.0,72.0,81.0,52.0,60.0,68.0,52.0,70.0,50.0,53.0,69.0,20.0,6.0,2.0,20.0,61.0,65.0,27.0,77.0,22.0,54.0,67.0,68.0,23.0,34.0,83.0,29.0,72.0,65.0,24.0,43.0,58.0,58.0,67.0,20.0,83.0,5.0,35.0,82.0,61.0,69.0,81.0,26.0,3.0,1,0.5745279295659579,F,2.5,1.0,5,0.5745279295659579,7.0,5.0,11.0,4.0,0.35064935064935066
3.0,43.0,11.0,77.0,59.0,37.0,71.0,62.0,39.0,73.0,30.0,76.0,29.0,37.0,26.0,73.0,59.0,75.0,50.0,73.0,61.0,56.0,57.0,41.0,38.0,93.0,55.0,70.0,32.0,8.0,61.0,40.0,43.0,34.0,65.0,23.0,67.0,6.0,30.0,43.0,52.0,60.0,57.0,19.0,81.0,60.0,20.0,63.0,68.0,28.0,1.0,1,0.5745279295659579,F,2.5,0.0,5,0.5745279295659579,7.0,5.0,12.0,5.0,0.2976190476190476
51.0,42.0,43.0,76.0,10.0,90.0,54.0,41.0,40.0,86.0,73.0,86.0,16.0,67.0,56.0,16.0,35.0,88.0,28.0,48.0,42.0,72.0,67.0,87.0,87.0,79.0,1.0,6.0,35.0,68.0,71.0,82.0,22.0,45.0,28.0,1.0,47.0,28.0,22.0,68.0,5.0,17.0,4.0,64.0,79.0,82.0,15.0,52.0,84.0,54.0,1.0,0,0.5745279295659579,F,2.5,0.0,5,0.5745279295659579,7.0,5.0,13.0,5.0,0.32967032967032966
21.0,33.0,101.0,87.0,5.0,28.0,20.0,33.0,52.0,81.0,83.0,54.0,76.0,58.0,47.0,44.0,65.0,32.0,4.0,73.0,92.0,2.0,67.0,87.0,78.0,69.0,60.0,37.0,10.0,42.0,12.0,36.0,37.0,64.0,71.0,20.0,17.0,71.0,1.0,10.0,33.0,39.0,64.0,46.0,86.0,19.0,48.0,78.0,84.0,24.0,13.0,1,0.5745279295659579,F,2.5,1.0,5,0.5745279295659579,8.0,6.0,13.0,5.0,0.36538461538461536
43.0,49.0,79.0,35.0,61.0,75.0,40.0,55.0,26.0,86.0,4.0,7.0,71.0,67.0,57.0,49.0,47.0,46.0,20.0,99.0,51.0,82.0,38.0,7.0,8.0,73.0,6.0,33.0,24.0,6.0,71.0,57.0,71.0,65.0,69.0,54.0,22.0,10.0,67.0,50.0,37.0,52.0,75.0,61.0,17.0,57.0,5.0,86.0,75.0,22.0,4.0,1,0.5745279295659579,F,2.5,1.0,5,0.5745279295659579,9.0,7.0,13.0,5.0,0.39316239316239315
23.0,31.0,13.0,70.0,58.0,42.0,20.0,56.0,48.0,83.0,61.0,21.0,12.0,50.0,79.0,48.0,33.0,5.0,28.0,52.0,51.0,7.0,82.0,78.0,32.0,59.0,15.0,25.0,41.0,49.0,48.0,29.0,14.0,17.0,68.0,21.0,61.0,37.0,38.0,62.0,5.0,62.0,8.0,27.0,86.0,82.0,34.0,29.0,37.0,11.0,4.0,1,0.5745279295659579,F,2.5,1.0,5,0.5745279295659579,10.0,8.0,13.0,5.0,0.4153846153846154
35.0,81.0,63.0,33.0,26.0,96.0,92.0,29.0,10.0,81.0,47.0,54.0,68.0,41.0,18.0,35.0,18.0,48.0,4.0,40.0,61.0,71.0,1.0,95.0,34.0,51.0,74.0,20.0,41.0,49.0,82.0,34.0,41.0,3.0,48.0,46.0,24.0,81.0,41.0,36.0,62.0,62.0,17.0,30.0,30.0,42.0,56.0,61.0,38.0,24.0,8.0,1,0.5745279295659579,F,2.5,1.0,5,0.5745279295659579,11.0,9.0,13.0,5.0,0.4335664335664336
56.0,45.0,84.0,70.0,10.0,8.0,92.0,85.0,76.0,87.0,61.0,46.0,10.0,37.0,28.0,78.0,31.0,11.0,50.0,42.0,73.0,39.0,48.0,86.0,54.0,6.0,1.0,5.0,31.0,44.0,49.0,90.0,39.0,33.0,52.0,14.0,18.0,70.0,22.0,63.0,59.0,62.0,71.0,34.0,53.0,67.0,26.0,67.0,30.0,45.0,9.0,0,0.5745279295659579,F,2.5,1.0,5,0.5745279295659579,12.0,9.0,13.0,5.0,0.36538461538461536
60.0,49.0,13.0,27.0,39.0,75.0,42.0,19.0,42.0,87.0,3.0,13.0,16.0,27.0,71.0,16.0,43.0,42.0,58.0,61.0,16.0,18.0,16.0,90.0,21.0,37.0,78.0,55.0,47.0,18.0,75.0,29.0,90.0,46.0,65.0,8.0,9.0,42.0,56.0,22.0,41.0,39.0,38.0,26.0,35.0,58.0,54.0,69.0,41.0,66.0,1.0,1,0.5745279295659579,F,2.5,0.0,5,0.5745279295659579,12.0,9.0,14.0,6.0,0.32142857142857145
56.0,10.0,11.0,77.0,84.0,37.0,22.0,71.0,5.0,72.0,9.0,88.0,18.0,46.0,62.0,22.0,38.0,82.0,53.0,91.0,83.0,64.0,1.0,68.0,85.0,9.0,1.0,1.0,14.0,47.0,41.0,82.0,81.0,11.0,7.0,44.0,59.0,45.0,56.0,50.0,8.0,49.0,81.0,67.0,21.0,85.0,18.0,70.0,20.0,64.0,13.0,1,0.5745279295659579,F,2.5,1.0,5,0.5745279295659579,13.0,10.0,14.0,6.0,0.3406593406593407
43.0,65.0,46.0,37.0,10.0,87.0,63.0,19.0,1.0,81.0,22.0,83.0,53.0,74.0,66.0,20.0,67.0,59.0,8.0,1.0,79.0,22.0,20.0,77.0,51.0,3.0,28.0,67.0,32.0,57.0,25.0,79.0,77.0,22.0,1.0,28.0,61.0,43.0,44.0,43.0,31.0,47.0,15.0,41.0,71.0,68.0,14.0,75.0,1.0,5.0,9.0,1,0.5745279295659579,F,2.5,1.0,5,0.5745279295659579,14.0,11.0,14.0,6.0,0.35714285714285715
28.0,65.0,42.0,77.0,39.0,36.0,63.0,5.0,68.0,72.0,9.0,30.0,16.0,75.0,62.0,25.0,30.0,69.0,20.0,77.0,77.0,71.0,32.0,55.0,22.0,8.0,73.0,34.0,5.0,33.0,15.0,9.0,62.0,3.0,65.0,81.0,27.0,70.0,37.0,50.0,49.0,41.0,6.0,78.0,49.0,11.0,14.0,67.0,60.0,1.0,1.0,0,0.5745279295659579,F,2.5,0.0,5,0.5745279295659579,14.0,11.0,15.0,6.0,0.3857142857142857
45.0,24.0,11.0,91.0,26.0,33.0,60.0,46.0,59.0,72.0,2.0,7.0,43.0,69.0,30.0,82.0,55.0,5.0,50.0,25.0,83.0,68.0,35.0,6.0,13.0,82.0,1.0,25.0,40.0,44.0,71.0,60.0,45.0,57.0,23.0,46.0,42.0,37.0,56.0,72.0,62.0,4.0,30.0,50.0,69.0,46.0,25.0,25.0,1.0,45.0,13.0,1,0.5745279295659579,F,2.5,1.0,5,0.5745279295659579,15.0,12.0,15.0,6.0,0.4
61.0,40.0,11.0,7.0,73.0,61.0,42.0,21.0,60.0,86.0,38.0,44.0,77.0,26.0,75.0,75.0,42.0,80.0,50.0,99.0,35.0,35.0,21.0,78.0,72.0,51.0,54.0,33.0,79.0,68.0,68.0,29.0,51.0,74.0,43.0,7.0,16.0,2.0,56.0,26.0,54.0,20.0,8.0,34.0,26.0,31.0,66.0,29.0,70.0,33.0,5.0,1,0.5745279295659579,F,2.5,1.0,5,0.5745279295659579,16.0,13.0,15.0,6.0,0.4125
59.0,5.0,25.0,35.0,52.0,89.0,50.0,36.0,28.0,74.0,52.0,64.0,16.0,63.0,62.0,18.0,30.0,86.0,28.0,89.0,19.0,21.0,46.0,90.0,30.0,39.0,53.0,47.0,54.0,63.0,71.0,54.0,43.0,73.0,28.0,50.0,24.0,57.0,34.0,20.0,31.0,73.0,16.0,43.0,77.0,20.0,44.0,85.0,71.0,5.0,1.0,0,0.5745279295659579,F,2.5,0.0,5,0.5745279295659579,16.0,13.0,16.0,6.0,0.4375
61.0,45.0,87.0,47.0,61.0,31.0,29.0,43.0,28.0,79.0,9.0,81.0,10.0,46.0,51.0,86.0,71.0,62.0,56.0,42.0,13.0,18.0,21.0,8.0,41.0,61.0,17.0,45.0,77.0,32.0,81.0,33.0,3.0,64.0,32.0,87.0,1.0,37.0,61.0,33.0,6.0,58.0,28.0,8.0,69.0,42.0,42.0,85.0,67.0,62.0,1.0,0,0.5745279295659579,F,2.5,0.0,5,0.5745279295659579,16.0,13.0,17.0,6.0,0.45955882352941174
28.0,40.0,67.0,24.0,71.0,68.0,11.0,78.0,38.0,80.0,20.0,35.0,16.0,22.0,60.0,61.0,65.0,8.0,56.0,48.0,11.0,7.0,64.0,62.0,73.0,79.0,32.0,25.0,60.0,22.0,81.0,17.0,81.0,64.0,48.0,78.0,38.0,35.0,19.0,38.0,49.0,46.0,14.0,23.0,30.0,21.0,52.0,4.0,59.0,66.0,4.0,1,0.5745279295659579,F,2.5,1.0,5,0.5745279295659579,17.0,14.0,17.0,6.0,0.4705882352941176
52.0,32.0,45.0,1.0,83.0,65.0,24.0,27.0,31.0,75.0,3.0,78.0,11.0,59.0,67.0,90.0,47.0,67.0,24.0,40.0,92.0,29.0,16.0,33.0,15.0,59.0,15.0,67.0,58.0,64.0,71.0,71.0,18.0,22.0,65.0,87.0,71.0,35.0,37.0,50.0,52.0,36.0,47.0,5.0,45.0,2.0,68.0,67.0,42.0,69.0,1.0,0,0.5745279295659579,F,2.5,0.0,5,0.5745279295659579,17.0,14.0,18.0,6.0,0.49019607843137253
84.0,67.0,81.0,82.0,55.0,30.0,19.0,82.0,62.0,79.0,1.0,82.0,65.0,37.0,73.0,5.0,67.0,78.0,58.0,78.0,63.0,7.0,11.0,59.0,60.0,39.0,15.0,59.0,14.0,44.0,48.0,92.0,25.0,17.0,43.0,39.0,53.0,62.0,50.0,12.0,28.0,11.0,2.0,22.0,30.0,12.0,49.0,48.0,78.0,45.0,1.0,0,0.5745279295659579,F,2.5,0.0,5,0.5745279295659579,17.0,14.0,19.0,6.0,0.5077399380804953
14.0,27.0,81.0,27.0,82.0,8.0,34.0,84.0,39.0,72.0,30.0,1.0,53.0,69.0,34.0,12.0,67.0,80.0,1.0,30.0,62.0,38.0,2.0,80.0,18.0,79.0,78.0,23.0,47.0,10.0,49.0,11.0,4.0,32.0,14.0,1.0,67.0,82.0,59.0,62.0,14.0,11.0,47.0,11.0,86.0,21.0,18.0,64.0,75.0,22.0,9.0,0,0.5745279295659579,F,2.5,1.0,5,0.5745279295659579,18.0,14.0,19.0,6.0,0.4619883040935673
3.0,6.0,43.0,3.0,22.0,17.0,36.0,79.0,30.0,80.0,3.0,13.0,31.0,49.0,30.0,85.0,33.0,69.0,41.0,50.0,67.0,42.0,71.0,70.0,81.0,73.0,78.0,1.0,73.0,68.0,21.0,8.0,51.0,50.0,7.0,78.0,71.0,75.0,32.0,9.0,8.0,37.0,31.0,20.0,35.0,68.0,7.0,4.0,74.0,19.0,10.0,1,0.5745279295659579,F,2.5,1.0,5,0.5745279295659579,19.0,15.0,19.0,6.0,0.4736842105263158
50.0,1.0,65.0,21.0,57.0,73.0,54.0,47.0,5.0,82.0,39.0,41.0,21.0,46.0,23.0,68.0,12.0,52.0,60.0,7.0,83.0,18.0,71.0,62.0,32.0,51.0,12.0,30.0,68.0,17.0,34.0,28.0,88.0,54.0,4.0,17.0,23.0,8.0,42.0,41.0,49.0,9.0,4.0,26.0,57.0,37.0,9.0,29.0,13.0,59.0,1.0,0,0.5745279295659579,F,2.5,0.0,5,0.5745279295659579,19.0,15.0,20.0,6.0,0.48947368421052634
27.0,38.0,57.0,67.0,80.0,79.0,63.0,66.0,39.0,84.0,58.0,44.0,32.0,38.0,7.0,39.0,65.0,69.0,45.0,45.0,23.0,18.0,56.0,68.0,52.0,32.0,71.0,56.0,19.0,55.0,59.0,7.0,97.0,60.0,18.0,1.0,71.0,2.0,41.0,57.0,26.0,70.0,3.0,11.0,57.0,27.0,58.0,85.0,45.0,9.0,1.0,1,0.5745279295659579,F,2.5,0.0,5,0.5745279295659579,19.0,15.0,21.0,7.0,0.456140350877193
39.0,33.0,96.0,21.0,58.0,78.0,80.0,41.0,59.0,84.0,15.0,5.0,76.0,67.0,38.0,6.0,52.0,33.0,67.0,95.0,77.0,44.0,31.0,52.0,28.0,73.0,46.0,53.0,48.0,36.0,20.0,92.0,61.0,64.0,50.0,78.0,39.0,14.0,16.0,9.0,40.0,33.0,25.0,52.0,17.0,84.0,20.0,42.0,60.0,9.0,9.0,1,0.5745279295659579,F,2.5,1.0,5,0.5745279295659579,20.0,16.0,21.0,7.0,0.46666666666666673
26.0,33.0,64.0,47.0,31.0,8.0,18.0,79.0,74.0,79.0,38.0,42.0,6.0,46.0,52.0,75.0,53.0,82.0,60.0,48.0,28.0,68.0,82.0,68.0,3.0,90.0,58.0,47.0,2.0,64.0,34.0,29.0,19.0,29.0,11.0,62.0,14.0,84.0,44.0,40.0,49.0,23.0,4.0,3.0,52.0,65.0,59.0,43.0,50.0,52.0,2.0,1,0.5745279295659579,F,2.5,0.0,5,0.5745279295659579,20.0,16.0,22.0,8.0,0.4363636363636364
28.0,38.0,44.0,33.0,88.0,61.0,19.0,41.0,72.0,74.0,16.0,29.0,76.0,75.0,26.0,48.0,38.0,33.0,75.0,60.0,1.0,39.0,35.0,26.0,34.0,41.0,51.0,22.0,42.0,64.0,13.0,53.0,69.0,5.0,2.0,1.0,76.0,3.0,56.0,30.0,41.0,6.0,50.0,34.0,55.0,58.0,63.0,87.0,77.0,1.0,13.0,1,0.5745279295659579,F,2.5,1.0,5,0.5745279295659579,21.0,17.0,22.0,8.0,0.4458874458874459
7.0,21.0,13.0,25.0,80.0,90.0,42.0,33.0,3.0,71.0,18.0,76.0,48.0,30.0,47.0,23.0,34.0,46.0,15.0,89.0,6.0,86.0,14.0,66.0,9.0,79.0,1.0,33.0,54.0,38.0,16.0,2.0,93.0,5.0,34.0,50.0,52.0,30.0,41.0,33.0,59.0,47.0,28.0,44.0,17.0,29.0,20.0,63.0,71.0,43.0,3.0,1,0.5745279295659579,F,2.5,1.0,5,0.5745279295659579,22.0,18.0,22.0,8.0,0.4545454545454546
39.0,45.0,14.0,24.0,35.0,13.0,90.0,43.0,46.0,79.0,61.0,54.0,35.0,1.0,11.0,63.0,62.0,53.0,8.0,62.0,70.0,49.0,78.0,80.0,35.0,2.0,12.0,57.0,75.0,10.0,16.0,20.0,88.0,22.0,65.0,62.0,83.0,37.0,41.0,47.0,59.0,46.0,81.0,22.0,73.0,26.0,31.0,49.0,67.0,58.0,9.0,1,0.5745279295659579,F,2.5,1.0,5,0.5745279295659579,23.0,19.0,22.0,8.0,0.4624505928853755
35.0,26.0,49.0,5.0,59.0,78.0,70.0,84.0,6.0,84.0,11.0,87.0,10.0,46.0,52.0,75.0,53.0,69.0,75.0,14.0,44.0,15.0,57.0,28.0,35.0,39.0,78.0,70.0,25.0,63.0,1.0,90.0,53.0,5.0,33.0,56.0,9.0,37.0,8.0,43.0,20.0,69.0,49.0,25.0,6.0,86.0,46.0,37.0,48.0,5.0,5.0,1,0.5745279295659579,F,2.5,1.0,5,0.5745279295659579,24.0,20.0,22.0,8.0,0.4696969696969697
10.0,10.0,38.0,27.0,23.0,8.0,15.0,46.0,59.0,79.0,3.0,56.0,10.0,37.0,18.0,61.0,30.0,48.0,4.0,54.0,1.0,18.0,79.0,72.0,85.0,51.0,73.0,9.0,73.0,26.0,43.0,34.0,7.0,65.0,9.0,82.0,72.0,75.0,48.0,18.0,52.0,72.0,47.0,25.0,45.0,48.0,26.0,13.0,71.0,33.0,1.0,0,0.5745279295659579,F,2.5,0.0,5,0.5745279295659579,24.0,20.0,23.0,8.0,0.48550724637681164
51.0,63.0,14.0,80.0,75.0,40.0,53.0,40.0,30.0,79.0,3.0,56.0,6.0,24.0,33.0,79.0,67.0,26.0,50.0,95.0,83.0,73.0,67.0,86.0,85.0,39.0,52.0,45.0,35.0,51.0,68.0,26.0,19.0,6.0,54.0,82.0,61.0,28.0,61.0,37.0,38.0,45.0,8.0,41.0,23.0,21.0,66.0,27.0,83.0,66.0,1.0,1,0.5745279295659579,F,2.5,0.0,5,0.5745279295659579,24.0,20.0,24.0,9.0,0.45833333333333337
41.0,22.0,87.0,7.0,61.0,8.0,80.0,76.0,17.0,81.0,3.0,81.0,3.0,14.0,17.0,54.0,38.0,31.0,7.0,42.0,43.0,82.0,33.0,101.0,90.0,47.0,32.0,29.0,27.0,68.0,34.0,92.0,63.0,66.0,41.0,78.0,22.0,37.0,41.0,70.0,42.0,73.0,32.0,20.0,79.0,88.0,59.0,36.0,44.0,32.0,11.0,1,0.5745279295659579,F,2.5,1.0,5,0.5745279295659579,25.0,21.0,24.0,9.0,0.46499999999999997
7.0,79.0,16.0,3.0,44.0,44.0,11.0,58.0,25.0,71.0,53.0,72.0,13.0,11.0,56.0,68.0,50.0,65.0,30.0,9.0,1.0,1.0,81.0,86.0,83.0,9.0,1.0,65.0,37.0,28.0,16.0,71.0,54.0,68.0,65.0,21.0,52.0,36.0,9.0,27.0,2.0,4.0,3.0,41.0,30.0,18.0,61.0,33.0,39.0,46.0,1.0,0,0.5745279295659579,F,2.5,0.0,5,0.5745279295659579,25.0,21.0,25.0,9.0,0.48
50.0,8.0,36.0,75.0,67.0,75.0,61.0,36.0,78.0,84.0,87.0,35.0,37.0,46.0,54.0,22.0,67.0,43.0,60.0,76.0,65.0,49.0,16.0,87.0,56.0,19.0,60.0,8.0,79.0,57.0,43.0,84.0,17.0,32.0,50.0,57.0,37.0,52.0,24.0,60.0,9.0,36.0,30.0,3.0,5.0,77.0,56.0,25.0,81.0,24.0,4.0,1,0.5745279295659579,F,2.5,1.0,5,0.5745279295659579,26.0,22.0,25.0,9.0,0.48615384615384616
29.0,54.0,61.0,54.0,3.0,52.0,63.0,66.0,39.0,81.0,9.0,9.0,24.0,19.0,18.0,77.0,43.0,83.0,16.0,30.0,63.0,59.0,10.0,101.0,71.0,9.0,1.0,16.0,7.0,36.0,34.0,79.0,91.0,3.0,58.0,1.0,5.0,56.0,56.0,80.0,8.0,39.0,26.0,34.0,86.0,68.0,68.0,63.0,73.0,22.0,3.0,1,0.5745279295659579,F,2.5,1.0,5,0.5745279295659579,27.0,23.0,25.0,9.0,0.4918518518518519
45.0,36.0,47.0,77.0,68.0,33.0,75.0,32.0,36.0,72.0,61.0,15.0,72.0,44.0,66.0,89.0,67.0,53.0,27.0,30.0,67.0,14.0,35.0,88.0,47.0,14.0,24.0,29.0,57.0,26.0,68.0,57.0,51.0,77.0,16.0,69.0,24.0,89.0,59.0,54.0,50.0,67.0,8.0,15.0,23.0,68.0,48.0,4.0,15.0,11.0,13.0,1,0.5745279295659579,F,2.5,1.0,5,0.5745279295659579,28.0,24.0,25.0,9.0,0.4971428571428571
50.0,4.0,99.0,84.0,10.0,8.0,70.0,44.0,20.0,79.0,49.0,84.0,25.0,43.0,56.0,68.0,30.0,21.0,68.0,73.0,60.0,39.0,21.0,39.0,3.0,73.0,74.0,49.0,62.0,52.0,73.0,60.0,88.0,26.0,2.0,56.0,75.0,13.0,11.0,54.0,40.0,17.0,81.0,66.0,20.0,25.0,38.0,69.0,73.0,22.0,5.0,0,0.5745279295659579,F,2.5,1.0,5,0.5745279295659579,29.0,24.0,25.0,9.0,0.4675862068965517
28.0,54.0,72.0,70.0,13.0,25.0,58.0,73.0,21.0,72.0,77.0,13.0,10.0,29.0,12.0,35.0,43.0,85.0,50.0,48.0,65.0,79.0,55.0,51.0,30.0,28.0,10.0,9.0,29.0,8.0,65.0,79.0,22.0,60.0,63.0,65.0,50.0,76.0,22.0,31.0,31.0,38.0,20.0,44.0,30.0,68.0,36.0,18.0,14.0,81.0,3.0,0,0.5745279295659579,F,2.5,1.0,5,0.5745279295659579,30.0,24.0,25.0,9.0,0.44000000000000006
85.0,20.0,84.0,11.0,75.0,33.0,55.0,8.0,26.0,79.0,41.0,14.0,32.0,40.0,79.0,34.0,30.0,22.0,62.0,102.0,51.0,9.0,16.0,65.0,79.0,19.0,54.0,59.0,4.0,16.0,72.0,86.0,13.0,1.0,2.0,48.0,69.0,35.0,54.0,18.0,52.0,51.0,39.0,6.0,34.0,82.0,68.0,4.0,52.0,59.0,11.0,1,0.5745279295659579,F,2.5,1.0,5,0.5745279295659579,31.0,25.0,25.0,9.0,0.44645161290322577
55.0,9.0,47.0,49.0,76.0,24.0,71.0,48.0,30.0,79.0,1.0,35.0,63.0,21.0,4.0,68.0,30.0,69.0,41.0,68.0,26.0,49.0,79.0,52.0,71.0,9.0,74.0,30.0,61.0,32.0,57.0,92.0,12.0,14.0,43.0,9.0,4.0,21.0,56.0,26.0,29.0,28.0,17.0,47.0,14.0,82.0,34.0,18.0,50.0,9.0,1.0,1,0.5745279295659579,F,2.5,0.0,5,0.5745279295659579,31.0,25.0,26.0,10.0,0.4218362282878411
27.0,53.0,51.0,72.0,38.0,46.0,20.0,84.0,66.0,86.0,18.0,63.0,27.0,59.0,49.0,11.0,50.0,95.0,50.0,78.0,83.0,21.0,67.0,76.0,32.0,3.0,33.0,65.0,74.0,56.0,68.0,79.0,88.0,48.0,43.0,87.0,61.0,59.0,24.0,70.0,35.0,9.0,27.0,54.0,63.0,77.0,68.0,44.0,71.0,22.0,2.0,0,0.5745279295659579,F,2.5,0.0,5,0.5745279295659579,31.0,25.0,27.0,10.0,0.4360812425328554
21.0,54.0,70.0,82.0,39.0,11.0,72.0,66.0,74.0,79.0,87.0,29.0,71.0,65.0,35.0,78.0,65.0,98.0,42.0,16.0,11.0,82.0,39.0,106.0,9.0,88.0,20.0,29.0,10.0,57.0,71.0,51.0,85.0,3.0,17.0,56.0,27.0,32.0,42.0,67.0,31.0,76.0,47.0,34.0,60.0,59.0,55.0,69.0,30.0,43.0,13.0,1,0.5745279295659579,F,2.5,1.0,5,0.5745279295659579,32.0,26.0,27.0,10.0,0.44212962962962965
43.0,48.0,81.0,72.0,47.0,49.0,19.0,40.0,38.0,79.0,24.0,35.0,8.0,58.0,23.0,1.0,47.0,5.0,58.0,58.0,26.0,62.0,2.0,88.0,86.0,71.0,63.0,67.0,29.0,68.0,34.0,77.0,57.0,29.0,54.0,21.0,12.0,29.0,65.0,11.0,39.0,42.0,12.0,24.0,17.0,71.0,43.0,80.0,60.0,56.0,9.0,1,0.5745279295659579,F,2.5,1.0,5,0.5745279295659579,33.0,27.0,27.0,10.0,0.4478114478114479
47.0,60.0,96.0,3.0,75.0,11.0,42.0,29.0,5.0,79.0,3.0,54.0,76.0,46.0,24.0,46.0,22.0,59.0,24.0,95.0,82.0,29.0,67.0,93.0,30.0,3.0,8.0,43.0,46.0,76.0,66.0,31.0,22.0,10.0,2.0,63.0,50.0,43.0,35.0,67.0,3.0,38.0,30.0,17.0,51.0,42.0,29.0,29.0,52.0,61.0,9.0,1,0.5745279295659579,F,2.5,1.0,5,0.5745279295659579,34.0,28.0,27.0,10.0,0.4531590413943355
4.0,74.0,36.0,28.0,39.0,44.0,80.0,77.0,37.0,86.0,47.0,15.0,65.0,19.0,53.0,14.0,30.0,98.0,28.0,95.0,81.0,38.0,79.0,103.0,73.0,41.0,59.0,52.0,12.0,68.0,54.0,79.0,22.0,31.0,68.0,33.0,5.0,37.0,24.0,10.0,49.0,22.0,39.0,15.0,41.0,72.0,55.0,69.0,16.0,21.0,13.0,0,0.5745279295659579,F,2.5,1.0,5,0.5745279295659579,35.0,28.0,27.0,10.0,0.4296296296296297
23.0,3.0,101.0,35.0,26.0,8.0,24.0,47.0,9.0,84.0,30.0,84.0,55.0,27.0,62.0,54.0,35.0,76.0,56.0,61.0,13.0,61.0,1.0,7.0,48.0,82.0,76.0,57.0,22.0,8.0,13.0,9.0,1.0,66.0,58.0,68.0,71.0,37.0,49.0,12.0,15.0,52.0,83.0,31.0,69.0,25.0,40.0,69.0,75.0,4.0,9.0,0,0.5745279295659579,F,2.5,1.0,5,0.5745279295659579,36.0,28.0,27.0,10.0,0.40740740740740744
84.0,79.0,38.0,64.0,41.0,74.0,52.0,25.0,41.0,77.0,68.0,3.0,28.0,58.0,67.0,73.0,30.0,72.0,17.0,67.0,60.0,9.0,81.0,15.0,7.0,19.0,47.0,53.0,2.0,43.0,31.0,90.0,41.0,42.0,65.0,43.0,81.0,64.0,29.0,84.0,10.0,44.0,57.0,76.0,23.0,65.0,25.0,65.0,13.0,26.0,13.0,0,0.5745279295659579,F,2.5,1.0,5,0.5745279295659579,37.0,28.0,27.0,10.0,0.38638638638638645
23.0,28.0,76.0,25.0,5.0,51.0,68.0,79.0,23.0,84.0,22.0,73.0,62.0,55.0,26.0,66.0,56.0,69.0,71.0,77.0,39.0,25.0,39.0,87.0,25.0,85.0,78.0,70.0,10.0,59.0,53.0,41.0,1.0,73.0,48.0,11.0,1.0,58.0,15.0,9.0,52.0,40.0,45.0,47.0,63.0,66.0,66.0,29.0,17.0,56.0,9.0,1,0.5745279295659579,F,2.5,1.0,5,0.5745279295659579,38.0,29.0,27.0,10.0,0.3927875243664718
38.0,62.0,13.0,86.0,23.0,18.0,6.0,46.0,12.0,87.0,3.0,42.0,8.0,63.0,78.0,44.0,12.0,1.0,25.0,94.0,77.0,39.0,19.0,70.0,67.0,49.0,58.0,5.0,73.0,32.0,34.0,79.0,15.0,1.0,43.0,41.0,22.0,12.0,4.0,80.0,41.0,16.0,76.0,39.0,86.0,72.0,18.0,63.0,69.0,45.0,4.0,1,0.5745279295659579,F,2.5,1.0,5,0.5745279295659579,39.0,30.0,27.0,10.0,0.3988603988603989
79.0,77.0,13.0,27.0,63.0,38.0,11.0,88.0,59.0,84.0,41.0,82.0,41.0,29.0,29.0,61.0,13.0,3.0,11.0,20.0,60.0,19.0,35.0,33.0,54.0,1.0,15.0,27.0,12.0,10.0,14.0,92.0,9.0,73.0,18.0,50.0,85.0,23.0,50.0,43.0,60.0,23.0,31.0,10.0,42.0,5.0,55.0,6.0,75.0,13.0,3.0,0,0.5745279295659579,F,2.5,1.0,5,0.5745279295659579,40.0,30.0,27.0,10.0,0.37962962962962965
7.0,54.0,14.0,45.0,57.0,23.0,15.0,92.0,75.0,84.0,60.0,7.0,69.0,21.0,53.0,88.0,41.0,18.0,3.0,102.0,33.0,20.0,21.0,90.0,22.0,39.0,76.0,28.0,41.0,46.0,77.0,52.0,39.0,32.0,43.0,18.0,52.0,87.0,63.0,67.0,69.0,16.0,73.0,61.0,30.0,67.0,48.0,29.0,30.0,26.0,9.0,0,0.5745279295659579,F,2.5,1.0,5,0.5745279295659579,41.0,30.0,27.0,10.0,0.36133694670280037
23.0,10.0,47.0,62.0,15.0,67.0,57.0,54.0,76.0,74.0,16.0,44.0,71.0,26.0,38.0,63.0,50.0,60.0,41.0,28.0,43.0,83.0,11.0,103.0,67.0,25.0,55.0,34.0,47.0,43.0,71.0,23.0,39.0,42.0,16.0,78.0,39.0,15.0,40.0,65.0,2.0,22.0,50.0,60.0,30.0,87.0,3.0,38.0,45.0,62.0,1.0,0,0.5745279295659579,F,2.5,0.0,5,0.5745279295659579,41.0,30.0,28.0,10.0,0.37456445993031356
18.0,21.0,99.0,32.0,82.0,82.0,57.0,73.0,12.0,84.0,3.0,7.0,51.0,56.0,34.0,33.0,12.0,53.0,50.0,28.0,67.0,69.0,67.0,29.0,48.0,37.0,40.0,52.0,41.0,61.0,75.0,92.0,29.0,13.0,58.0,28.0,71.0,66.0,19.0,8.0,7.0,27.0,12.0,4.0,25.0,68.0,9.0,75.0,22.0,45.0,1.0,0,0.5745279295659579,F,2.5,0.0,5,0.5745279295659579,41.0,30.0,29.0,10.0,0.38687973086627414
30.0,45.0,38.0,75.0,18.0,65.0,11.0,33.0,65.0,84.0,22.0,68.0,65.0,75.0,17.0,6.0,16.0,48.0,71.0,29.0,1.0,17.0,65.0,46.0,6.0,91.0,56.0,63.0,29.0,71.0,15.0,84.0,26.0,32.0,23.0,42.0,20.0,51.0,49.0,87.0,54.0,52.0,39.0,41.0,62.0,2.0,25.0,85.0,73.0,47.0,11.0,1,0.5745279295659579,F,2.5,1.0,5,0.5745279295659579,42.0,31.0,29.0,10.0,0.39326765188834156
66.0,86.0,29.0,74.0,57.0,60.0,22.0,85.0,28.0,79.0,60.0,86.0,27.0,53.0,46.0,22.0,65.0,29.0,65.0,62.0,26.0,62.0,79.0,59.0,60.0,68.0,71.0,13.0,14.0,34.0,61.0,71.0,57.0,5.0,48.0,24.0,78.0,66.0,37.0,54.0,33.0,39.0,8.0,47.0,10.0,11.0,5.0,75.0,71.0,24.0,1.0,0,0.5745279295659579,F,2.5,0.0,5,0.5745279295659579,42.0,31.0,30.0,10.0,0.4047619047619048
30.0,84.0,99.0,7.0,54.0,76.0,74.0,40.0,21.0,74.0,34.0,75.0,48.0,52.0,30.0,39.0,34.0,86.0,18.0,32.0,79.0,61.0,67.0,46.0,39.0,16.0,62.0,67.0,56.0,15.0,57.0,92.0,90.0,64.0,43.0,63.0,27.0,37.0,67.0,22.0,14.0,11.0,33.0,53.0,57.0,65.0,4.0,68.0,1.0,45.0,1.0,0,0.5745279295659579,F,2.5,0.0,5,0.5745279295659579,42.0,31.0,31.0,10.0,0.4155145929339478
21.0,54.0,70.0,86.0,10.0,28.0,7.0,27.0,72.0,87.0,41.0,86.0,67.0,53.0,1.0,79.0,65.0,72.0,75.0,24.0,19.0,71.0,67.0,78.0,18.0,55.0,21.0,63.0,62.0,65.0,63.0,92.0,74.0,1.0,14.0,5.0,39.0,66.0,48.0,75.0,68.0,23.0,38.0,5.0,44.0,37.0,2.0,69.0,78.0,11.0,14.0,0,0.5745279295659579,F,2.5,1.0,5,0.5745279295659579,43.0,31.0,31.0,10.0,0.39834958739684917
14.0,32.0,56.0,2.0,64.0,52.0,24.0,43.0,46.0,85.0,12.0,88.0,32.0,58.0,71.0,2.0,71.0,36.0,58.0,44.0,47.0,20.0,21.0,35.0,79.0,13.0,67.0,20.0,27.0,26.0,42.0,31.0,99.0,36.0,16.0,50.0,71.0,63.0,44.0,45.0,63.0,73.0,47.0,60.0,55.0,50.0,25.0,69.0,72.0,11.0,13.0,0,0.5745279295659579,F,2.5,1.0,5,0.5745279295659579,44.0,31.0,31.0,10.0,0.38196480938416427
43.0,51.0,36.0,74.0,26.0,58.0,5.0,16.0,66.0,78.0,61.0,76.0,38.0,38.0,18.0,53.0,56.0,88.0,45.0,65.0,89.0,4.0,55.0,76.0,30.0,10.0,33.0,5.0,36.0,68.0,68.0,7.0,60.0,70.0,23.0,17.0,38.0,30.0,56.0,43.0,52.0,10.0,34.0,47.0,27.0,27.0,38.0,37.0,1.0,11.0,11.0,1,0.5745279295659579,F,2.5,1.0,5,0.5745279295659579,45.0,32.0,31.0,10.0,0.3885304659498208
84.0,4.0,99.0,49.0,44.0,96.0,49.0,88.0,25.0,86.0,64.0,39.0,76.0,69.0,78.0,3.0,35.0,29.0,60.0,24.0,75.0,21.0,14.0,87.0,42.0,75.0,71.0,69.0,29.0,41.0,49.0,31.0,19.0,47.0,32.0,29.0,18.0,21.0,13.0,85.0,31.0,3.0,38.0,70.0,20.0,46.0,9.0,33.0,60.0,47.0,1.0,0,0.5745279295659579,F,2.5,0.0,5,0.5745279295659579,45.0,32.0,32.0,10.0,0.39861111111111114
65.0,22.0,45.0,45.0,80.0,73.0,62.0,73.0,10.0,72.0,48.0,18.0,56.0,57.0,51.0,56.0,38.0,5.0,18.0,77.0,81.0,26.0,75.0,17.0,34.0,32.0,73.0,34.0,37.0,10.0,34.0,88.0,37.0,38.0,65.0,17.0,10.0,30.0,65.0,67.0,41.0,60.0,18.0,33.0,71.0,59.0,37.0,48.0,75.0,52.0,1.0,0,0.5745279295659579,F,2.5,0.0,5,0.5745279295659579,45.0,32.0,33.0,10.0,0.4080808080808081
54.0,38.0,101.0,3.0,51.0,75.0,86.0,76.0,57.0,86.0,66.0,86.0,63.0,51.0,34.0,52.0,65.0,69.0,63.0,89.0,67.0,61.0,65.0,60.0,34.0,28.0,78.0,21.0,73.0,10.0,13.0,79.0,61.0,28.0,54.0,50.0,19.0,2.0,56.0,72.0,31.0,23.0,45.0,11.0,30.0,86.0,18.0,33.0,58.0,24.0,13.0,0,0.5745279295659579,F,2.5,1.0,5,0.5745279295659579,46.0,32.0,33.0,10.0,0.3926218708827404
82.0,45.0,72.0,43.0,55.0,21.0,13.0,7.0,35.0,72.0,62.0,13.0,63.0,58.0,23.0,44.0,18.0,5.0,75.0,50.0,93.0,22.0,67.0,62.0,67.0,72.0,76.0,33.0,80.0,68.0,48.0,11.0,15.0,15.0,45.0,84.0,69.0,37.0,48.0,35.0,54.0,72.0,75.0,81.0,41.0,32.0,68.0,69.0,81.0,56.0,1.0,0,0.5745279295659579,F,2.5,0.0,5,0.5745279295659579,46.0,32.0,34.0,10.0,0.4015345268542199
48.0,38.0,85.0,13.0,3.0,74.0,72.0,82.0,76.0,72.0,2.0,70.0,71.0,41.0,32.0,85.0,12.0,48.0,65.0,86.0,51.0,18.0,67.0,9.0,79.0,26.0,21.0,67.0,54.0,34.0,79.0,26.0,72.0,1.0,65.0,23.0,59.0,36.0,37.0,20.0,47.0,58.0,34.0,3.0,41.0,84.0,46.0,7.0,16.0,56.0,1.0,0,0.5745279295659579,F,2.5,0.0,5,0.5745279295659579,46.0,32.0,35.0,10.0,0.40993788819875776
65.0,4.0,23.0,22.0,55.0,77.0,33.0,7.0,34.0,80.0,12.0,56.0,58.0,54.0,7.0,23.0,30.0,45.0,57.0,11.0,20.0,39.0,12.0,87.0,32.0,32.0,1.0,7.0,42.0,30.0,2.0,55.0,2.0,54.0,32.0,78.0,56.0,24.0,63.0,69.0,31.0,54.0,82.0,43.0,17.0,10.0,25.0,58.0,42.0,52.0,3.0,1,0.5745279295659579,F,2.5,1.0,5,0.5745279295659579,47.0,33.0,35.0,10.0,0.4164133738601824
84.0,36.0,58.0,3.0,41.0,26.0,76.0,26.0,66.0,87.0,53.0,77.0,58.0,19.0,62.0,76.0,51.0,30.0,12.0,83.0,79.0,60.0,47.0,84.0,67.0,63.0,71.0,29.0,72.0,57.0,72.0,7.0,97.0,41.0,28.0,50.0,52.0,64.0,64.0,26.0,61.0,67.0,71.0,50.0,65.0,25.0,28.0,5.0,34.0,33.0,11.0,1,0.5745279295659579,F,2.5,1.0,5,0.5745279295659579,48.0,34.0,35.0,10.0,0.42261904761904767
45.0,54.0,40.0,18.0,38.0,42.0,3.0,41.0,66.0,86.0,5.0,61.0,65.0,58.0,34.0,52.0,30.0,36.0,8.0,32.0,33.0,88.0,75.0,41.0,73.0,92.0,59.0,25.0,73.0,70.0,79.0,34.0,29.0,64.0,16.0,5.0,61.0,61.0,56.0,62.0,1.0,73.0,52.0,63.0,17.0,65.0,48.0,75.0,24.0,36.0,1.0,0,0.5745279295659579,F,2.5,0.0,5,0.5745279295659579,48.0,34.0,36.0,10.0,0.4305555555555556
54.0,72.0,96.0,27.0,82.0,33.0,27.0,47.0,39.0,79.0,41.0,36.0,35.0,62.0,66.0,46.0,50.0,14.0,42.0,50.0,20.0,30.0,41.0,2.0,89.0,39.0,54.0,32.0,73.0,49.0,41.0,79.0,49.0,72.0,48.0,89.0,47.0,54.0,30.0,69.0,12.0,51.0,14.0,27.0,2.0,46.0,46.0,4.0,61.0,74.0,4.0,1,0.5745279295659579,F,2.5,1.0,5,0.5745279295659579,49.0,35.0,36.0,10.0,0.4365079365079365
12.0,38.0,27.0,24.0,60.0,84.0,5.0,84.0,59.0,84.0,9.0,28.0,65.0,37.0,47.0,42.0,61.0,69.0,30.0,102.0,79.0,35.0,77.0,8.0,60.0,58.0,67.0,4.0,73.0,64.0,12.0,42.0,17.0,60.0,28.0,82.0,18.0,37.0,65.0,56.0,3.0,20.0,26.0,17.0,10.0,36.0,29.0,23.0,26.0,9.0,1.0,0,0.5745279295659579,F,2.5,0.0,5,0.5745279295659579,49.0,35.0,37.0,10.0,0.444015444015444
12.0,32.0,52.0,82.0,47.0,29.0,28.0,85.0,76.0,76.0,83.0,65.0,52.0,27.0,18.0,79.0,49.0,90.0,69.0,38.0,43.0,61.0,11.0,87.0,79.0,39.0,67.0,48.0,70.0,39.0,61.0,88.0,83.0,64.0,2.0,3.0,5.0,70.0,43.0,67.0,40.0,47.0,13.0,20.0,86.0,72.0,5.0,20.0,6.0,52.0,8.0,1,0.5745279295659579,F,2.5,1.0,5,0.5745279295659579,50.0,36.0,37.0,10.0,0.4497297297297297
65.0,74.0,13.0,39.0,2.0,75.0,92.0,88.0,74.0,83.0,24.0,44.0,35.0,14.0,18.0,44.0,59.0,92.0,50.0,41.0,81.0,54.0,67.0,106.0,52.0,9.0,51.0,2.0,42.0,17.0,21.0,18.0,35.0,26.0,13.0,52.0,7.0,21.0,64.0,38.0,34.0,28.0,7.0,41.0,76.0,87.0,68.0,42.0,50.0,56.0,13.0,1,0.5745279295659579,F,2.5,1.0,5,0.5745279295659579,51.0,37.0,37.0,10.0,0.45521992580816106
69.0,42.0,56.0,27.0,20.0,56.0,19.0,37.0,36.0,84.0,11.0,84.0,65.0,37.0,66.0,90.0,14.0,77.0,1.0,73.0,35.0,71.0,12.0,50.0,73.0,51.0,74.0,31.0,17.0,26.0,48.0,6.0,35.0,29.0,58.0,56.0,58.0,23.0,7.0,40.0,14.0,58.0,18.0,34.0,67.0,88.0,58.0,35.0,45.0,45.0,5.0,1,0.5745279295659579,F,2.5,1.0,5,0.5745279295659579,52.0,38.0,37.0,10.0,0.46049896049896044
66.0,27.0,84.0,49.0,77.0,58.0,61.0,46.0,75.0,72.0,12.0,7.0,39.0,7.0,56.0,54.0,48.0,69.0,6.0,77.0,67.0,81.0,47.0,78.0,30.0,34.0,65.0,47.0,36.0,68.0,5.0,36.0,63.0,9.0,16.0,49.0,71.0,45.0,3.0,10.0,31.0,61.0,4.0,69.0,61.0,22.0,59.0,58.0,3.0,22.0,4.0,0,0.5745279295659579,F,2.5,1.0,5,0.5745279295659579,53.0,38.0,37.0,10.0,0.44671086180520136
50.0,4.0,99.0,37.0,41.0,42.0,20.0,16.0,71.0,86.0,47.0,26.0,31.0,51.0,34.0,33.0,39.0,36.0,75.0,3.0,93.0,49.0,67.0,104.0,11.0,65.0,12.0,70.0,66.0,34.0,52.0,83.0,90.0,29.0,52.0,3.0,61.0,43.0,19.0,20.0,52.0,73.0,47.0,31.0,46.0,70.0,5.0,4.0,84.0,24.0,11.0,0,0.5745279295659579,F,2.5,1.0,5,0.5745279295659579,54.0,38.0,37.0,10.0,0.43343343343343343
54.0,36.0,24.0,27.0,88.0,31.0,14.0,77.0,57.0,81.0,73.0,65.0,12.0,67.0,1.0,24.0,39.0,96.0,37.0,85.0,43.0,1.0,55.0,106.0,39.0,58.0,68.0,24.0,51.0,60.0,16.0,2.0,19.0,5.0,23.0,11.0,18.0,75.0,8.0,26.0,23.0,26.0,17.0,34.0,86.0,59.0,29.0,78.0,78.0,4.0,9.0,1,0.5745279295659579,F,2.5,1.0,5,0.5745279295659579,55.0,39.0,37.0,10.0,0.4388206388206388
8.0,67.0,13.0,68.0,11.0,35.0,89.0,84.0,66.0,81.0,72.0,80.0,67.0,65.0,29.0,55.0,47.0,34.0,56.0,75.0,33.0,44.0,28.0,90.0,70.0,38.0,1.0,2.0,52.0,68.0,69.0,84.0,91.0,65.0,38.0,50.0,16.0,24.0,50.0,5.0,49.0,39.0,35.0,55.0,30.0,59.0,59.0,85.0,1.0,54.0,3.0,0,0.5745279295659579,F,2.5,1.0,5,0.5745279295659579,56.0,39.0,37.0,10.0,0.4261583011583011
57.0,48.0,38.0,87.0,80.0,27.0,22.0,16.0,21.0,79.0,12.0,84.0,10.0,11.0,67.0,77.0,67.0,60.0,43.0,52.0,49.0,19.0,23.0,24.0,67.0,19.0,58.0,58.0,50.0,34.0,41.0,2.0,35.0,69.0,45.0,90.0,69.0,2.0,56.0,20.0,14.0,42.0,15.0,45.0,60.0,69.0,7.0,25.0,80.0,81.0,3.0,0,0.5745279295659579,F,2.5,1.0,5,0.5745279295659579,57.0,39.0,37.0,10.0,0.4139402560455192
43.0,45.0,91.0,70.0,10.0,11.0,3.0,14.0,29.0,65.0,11.0,54.0,57.0,65.0,16.0,65.0,47.0,58.0,60.0,60.0,39.0,12.0,16.0,59.0,67.0,40.0,28.0,57.0,38.0,48.0,68.0,92.0,37.0,50.0,11.0,41.0,75.0,79.0,32.0,65.0,37.0,36.0,57.0,50.0,84.0,68.0,12.0,4.0,52.0,22.0,13.0,0,0.5226377980735529,F,2.5,1.0,4,0.5226377980735529,58.0,39.0,37.0,10.0,0.402143522833178
84.0,10.0,38.0,64.0,55.0,18.0,68.0,44.0,72.0,39.0,3.0,76.0,76.0,29.0,68.0,63.0,49.0,4.0,61.0,80.0,1.0,2.0,2.0,70.0,82.0,85.0,40.0,48.0,10.0,59.0,12.0,45.0,22.0,54.0,23.0,14.0,76.0,24.0,16.0,75.0,36.0,62.0,57.0,76.0,5.0,32.0,20.0,35.0,75.0,28.0,9.0,1,0.5226377980735529,F,2.5,1.0,4,0.5226377980735529,59.0,40.0,37.0,10.0,0.40769583142464494
19.0,26.0,11.0,92.0,70.0,27.0,80.0,9.0,54.0,17.0,3.0,65.0,43.0,26.0,56.0,47.0,18.0,30.0,58.0,23.0,58.0,10.0,67.0,87.0,32.0,49.0,22.0,19.0,40.0,76.0,19.0,76.0,25.0,73.0,28.0,19.0,6.0,65.0,23.0,30.0,33.0,38.0,23.0,21.0,8.0,72.0,5.0,48.0,41.0,59.0,13.0,1,0.5226377980735529,F,2.5,1.0,4,0.5226377980735529,60.0,41.0,37.0,10.0,0.41306306306306306
7.0,74.0,97.0,19.0,18.0,47.0,52.0,7.0,23.0,11.0,50.0,90.0,68.0,6.0,34.0,78.0,18.0,2.0,63.0,89.0,24.0,63.0,81.0,98.0,91.0,32.0,78.0,25.0,54.0,68.0,22.0,71.0,22.0,42.0,72.0,76.0,20.0,74.0,43.0,82.0,54.0,25.0,31.0,61.0,25.0,68.0,9.0,13.0,34.0,6.0,8.0,1,0.5226377980735529,F,2.5,1.0,4,0.5226377980735529,61.0,42.0,37.0,10.0,0.41825431989366413
84.0,75.0,85.0,27.0,85.0,54.0,82.0,84.0,78.0,52.0,87.0,7.0,77.0,27.0,32.0,83.0,71.0,34.0,68.0,85.0,11.0,69.0,14.0,106.0,71.0,3.0,20.0,52.0,33.0,32.0,81.0,62.0,84.0,19.0,16.0,52.0,47.0,63.0,17.0,9.0,70.0,13.0,81.0,5.0,71.0,52.0,68.0,56.0,26.0,47.0,11.0,0,0.5226377980735529,F,2.5,1.0,4,0.5226377980735529,62.0,42.0,37.0,10.0,0.40714908456843935
7.0,75.0,44.0,87.0,3.0,65.0,68.0,9.0,38.0,6.0,72.0,33.0,16.0,4.0,55.0,2.0,30.0,86.0,75.0,40.0,77.0,42.0,41.0,72.0,73.0,39.0,12.0,70.0,24.0,50.0,66.0,86.0,3.0,64.0,65.0,44.0,71.0,30.0,58.0,54.0,59.0,71.0,7.0,7.0,41.0,76.0,3.0,55.0,74.0,45.0,1.0,0,0.5226377980735529,F,2.5,0.0,4,0.5226377980735529,62.0,42.0,38.0,10.0,0.41426146010186754
23.0,45.0,70.0,74.0,59.0,65.0,84.0,25.0,20.0,11.0,70.0,65.0,31.0,63.0,38.0,43.0,67.0,17.0,66.0,44.0,77.0,71.0,31.0,13.0,28.0,66.0,51.0,70.0,60.0,10.0,6.0,90.0,52.0,65.0,68.0,22.0,10.0,39.0,6.0,50.0,18.0,44.0,76.0,26.0,1.0,72.0,55.0,25.0,73.0,56.0,8.0,0,0.5226377980735529,F,2.5,1.0,4,0.5226377980735529,63.0,42.0,38.0,10.0,0.40350877192982454
43.0,75.0,96.0,72.0,80.0,11.0,32.0,35.0,5.0,68.0,48.0,37.0,43.0,29.0,28.0,44.0,53.0,36.0,63.0,44.0,67.0,63.0,35.0,76.0,54.0,31.0,5.0,25.0,24.0,56.0,34.0,90.0,39.0,64.0,54.0,3.0,37.0,63.0,17.0,30.0,35.0,48.0,52.0,63.0,28.0,74.0,17.0,69.0,33.0,2.0,3.0,0,0.5226377980735529,F,2.5,1.0,4,0.5226377980735529,64.0,42.0,38.0,10.0,0.3930921052631579
49.0,60.0,69.0,90.0,5.0,33.0,22.0,83.0,53.0,39.0,9.0,3.0,36.0,3.0,11.0,66.0,47.0,57.0,67.0,48.0,70.0,4.0,35.0,68.0,71.0,48.0,14.0,37.0,62.0,76.0,76.0,18.0,63.0,48.0,65.0,24.0,71.0,4.0,41.0,1.0,52.0,76.0,49.0,43.0,23.0,77.0,46.0,42.0,84.0,5.0,3.0,1,0.5226377980735529,F,2.5,1.0,4,0.5226377980735529,65.0,43.0,38.0,10.0,0.39838056680161943
79.0,43.0,47.0,70.0,20.0,73.0,42.0,63.0,14.0,37.0,61.0,20.0,48.0,26.0,7.0,35.0,12.0,19.0,58.0,24.0,61.0,18.0,48.0,26.0,30.0,49.0,46.0,50.0,9.0,47.0,54.0,28.0,55.0,77.0,9.0,59.0,75.0,82.0,2.0,12.0,68.0,31.0,34.0,17.0,14.0,28.0,48.0,69.0,81.0,17.0,1.0,0,0.5226377980735529,F,2.5,0.0,4,0.5226377980735529,65.0,43.0,39.0,10.0,0.40512820512820513
7.0,11.0,11.0,7.0,73.0,69.0,70.0,84.0,78.0,15.0,15.0,73.0,67.0,21.0,44.0,10.0,35.0,1.0,75.0,60.0,5.0,19.0,64.0,6.0,73.0,82.0,64.0,7.0,67.0,30.0,79.0,88.0,35.0,49.0,63.0,16.0,24.0,37.0,22.0,74.0,52.0,45.0,37.0,45.0,45.0,68.0,63.0,69.0,83.0,66.0,14.0,0,0.5226377980735529,F,2.5,1.0,4,0.5226377980735529,66.0,43.0,39.0,10.0,0.3951048951048951
7.0,77.0,67.0,19.0,75.0,33.0,54.0,36.0,1.0,13.0,1.0,39.0,31.0,61.0,66.0,50.0,47.0,82.0,56.0,52.0,51.0,18.0,75.0,25.0,76.0,9.0,6.0,25.0,79.0,60.0,75.0,40.0,97.0,75.0,33.0,4.0,1.0,37.0,13.0,31.0,17.0,31.0,60.0,17.0,6.0,68.0,9.0,75.0,31.0,56.0,1.0,0,0.5226377980735529,F,2.5,0.0,4,0.5226377980735529,66.0,43.0,40.0,10.0,0.4015151515151515
45.0,38.0,24.0,66.0,4.0,27.0,19.0,84.0,5.0,6.0,83.0,12.0,32.0,75.0,60.0,39.0,30.0,10.0,60.0,90.0,35.0,49.0,67.0,82.0,30.0,79.0,52.0,1.0,67.0,41.0,72.0,69.0,62.0,41.0,58.0,50.0,38.0,22.0,59.0,54.0,35.0,42.0,28.0,54.0,45.0,58.0,38.0,69.0,1.0,38.0,8.0,1,0.5226377980735529,F,2.5,1.0,4,0.5226377980735529,67.0,44.0,40.0,10.0,0.40671641791044777
23.0,75.0,56.0,42.0,14.0,35.0,25.0,5.0,32.0,56.0,18.0,85.0,54.0,49.0,19.0,81.0,19.0,81.0,54.0,40.0,61.0,14.0,67.0,41.0,78.0,3.0,1.0,20.0,21.0,6.0,33.0,63.0,49.0,31.0,71.0,24.0,76.0,37.0,17.0,59.0,35.0,39.0,44.0,25.0,60.0,8.0,44.0,69.0,26.0,6.0,1.0,1,0.5226377980735529,F,2.5,0.0,4,0.5226377980735529,67.0,44.0,41.0,11.0,0.3884237349836185
11.0,22.0,43.0,2.0,42.0,79.0,52.0,3.0,69.0,29.0,61.0,84.0,71.0,33.0,26.0,66.0,47.0,27.0,62.0,92.0,83.0,59.0,80.0,103.0,47.0,34.0,29.0,7.0,75.0,31.0,71.0,25.0,59.0,61.0,13.0,3.0,52.0,38.0,14.0,41.0,2.0,39.0,45.0,81.0,85.0,40.0,20.0,56.0,1.0,62.0,6.0,1,0.5226377980735529,F,2.5,1.0,4,0.5226377980735529,68.0,45.0,41.0,11.0,0.39347202295552364
50.0,32.0,24.0,27.0,10.0,31.0,19.0,84.0,61.0,31.0,74.0,81.0,60.0,63.0,4.0,47.0,39.0,23.0,69.0,5.0,35.0,22.0,78.0,20.0,35.0,47.0,32.0,55.0,58.0,68.0,15.0,92.0,76.0,62.0,22.0,3.0,7.0,23.0,37.0,64.0,3.0,36.0,28.0,34.0,16.0,46.0,36.0,69.0,1.0,1.0,9.0,1,0.5226377980735529,F,2.5,1.0,4,0.5226377980735529,69.0,46.0,41.0,11.0,0.39837398373983735
12.0,22.0,87.0,70.0,75.0,19.0,54.0,16.0,71.0,62.0,69.0,84.0,48.0,21.0,30.0,89.0,30.0,69.0,54.0,69.0,63.0,79.0,46.0,55.0,34.0,28.0,74.0,70.0,38.0,57.0,8.0,20.0,33.0,66.0,47.0,39.0,65.0,43.0,59.0,62.0,14.0,54.0,83.0,4.0,21.0,21.0,1.0,39.0,58.0,79.0,2.0,0,0.5226377980735529,F,2.5,0.0,4,0.5226377980735529,69.0,46.0,42.0,11.0,0.4047619047619047
7.0,71.0,13.0,29.0,80.0,75.0,24.0,84.0,76.0,19.0,24.0,86.0,62.0,14.0,35.0,46.0,52.0,69.0,67.0,67.0,59.0,52.0,6.0,87.0,87.0,39.0,32.0,56.0,37.0,66.0,13.0,11.0,79.0,42.0,65.0,8.0,55.0,6.0,2.0,41.0,3.0,38.0,8.0,19.0,45.0,46.0,46.0,49.0,60.0,19.0,4.0,1,0.5226377980735529,F,2.5,1.0,4,0.5226377980735529,70.0,47.0,42.0,11.0,0.40952380952380946
58.0,26.0,56.0,81.0,10.0,67.0,65.0,49.0,39.0,64.0,28.0,75.0,8.0,63.0,78.0,58.0,65.0,69.0,71.0,24.0,68.0,3.0,2.0,78.0,45.0,6.0,33.0,5.0,54.0,74.0,26.0,13.0,43.0,31.0,65.0,28.0,5.0,24.0,41.0,30.0,14.0,70.0,56.0,36.0,37.0,53.0,37.0,66.0,60.0,24.0,13.0,0,0.5226377980735529,F,2.5,1.0,4,0.5226377980735529,71.0,47.0,42.0,11.0,0.4000670690811536
9.0,36.0,13.0,46.0,3.0,28.0,48.0,46.0,23.0,56.0,16.0,73.0,47.0,69.0,30.0,16.0,65.0,91.0,65.0,30.0,92.0,82.0,35.0,82.0,3.0,90.0,60.0,43.0,76.0,11.0,71.0,84.0,85.0,60.0,52.0,1.0,75.0,82.0,63.0,65.0,42.0,39.0,52.0,63.0,20.0,59.0,7.0,85.0,80.0,79.0,9.0,1,0.5226377980735529,F,2.5,1.0,4,0.5226377980735529,72.0,48.0,42.0,11.0,0.4047619047619047
65.0,10.0,99.0,34.0,47.0,73.0,19.0,33.0,59.0,49.0,24.0,3.0,12.0,13.0,26.0,56.0,14.0,69.0,63.0,6.0,24.0,4.0,71.0,68.0,73.0,3.0,60.0,20.0,23.0,49.0,61.0,31.0,2.0,66.0,72.0,50.0,5.0,82.0,22.0,6.0,2.0,39.0,8.0,46.0,55.0,82.0,46.0,11.0,67.0,64.0,1.0,1,0.5226377980735529,F,2.5,0.0,4,0.5226377980735529,72.0,48.0,43.0,12.0,0.38759689922480617
43.0,1.0,14.0,87.0,6.0,11.0,7.0,34.0,21.0,56.0,15.0,82.0,76.0,53.0,18.0,81.0,65.0,5.0,67.0,43.0,87.0,14.0,67.0,49.0,39.0,6.0,65.0,33.0,76.0,34.0,5.0,88.0,82.0,3.0,28.0,1.0,61.0,2.0,11.0,50.0,31.0,62.0,45.0,34.0,64.0,68.0,17.0,75.0,67.0,62.0,1.0,0,0.5226377980735529,F,2.5,0.0,4,0.5226377980735529,72.0,48.0,44.0,12.0,0.3939393939393939
61.0,42.0,79.0,24.0,39.0,83.0,84.0,9.0,66.0,70.0,56.0,86.0,35.0,73.0,71.0,68.0,31.0,48.0,72.0,89.0,86.0,71.0,25.0,26.0,9.0,40.0,58.0,34.0,33.0,58.0,72.0,65.0,33.0,5.0,2.0,66.0,61.0,76.0,37.0,69.0,6.0,34.0,2.0,42.0,70.0,24.0,32.0,33.0,64.0,17.0,1.0,0,0.5226377980735529,F,2.5,0.0,4,0.5226377980735529,72.0,48.0,45.0,12.0,0.39999999999999997
23.0,54.0,16.0,64.0,35.0,61.0,44.0,39.0,39.0,56.0,44.0,81.0,48.0,65.0,31.0,66.0,71.0,12.0,56.0,54.0,83.0,33.0,61.0,2.0,43.0,39.0,9.0,70.0,48.0,32.0,40.0,53.0,43.0,58.0,4.0,9.0,71.0,41.0,50.0,72.0,5.0,58.0,79.0,76.0,55.0,38.0,58.0,29.0,81.0,19.0,9.0,1,0.5226377980735529,F,2.5,1.0,4,0.5226377980735529,73.0,49.0,45.0,12.0,0.4045662100456621
12.0,67.0,38.0,64.0,63.0,16.0,63.0,61.0,20.0,69.0,35.0,1.0,67.0,59.0,51.0,3.0,13.0,1.0,75.0,102.0,43.0,71.0,5.0,66.0,28.0,66.0,32.0,1.0,2.0,10.0,8.0,2.0,99.0,49.0,23.0,24.0,24.0,89.0,17.0,88.0,33.0,9.0,12.0,26.0,28.0,2.0,61.0,48.0,75.0,9.0,1.0,0,0.5226377980735529,F,2.5,0.0,4,0.5226377980735529,73.0,49.0,46.0,12.0,0.4103633114949375
45.0,22.0,69.0,51.0,48.0,41.0,33.0,77.0,56.0,58.0,83.0,58.0,22.0,62.0,56.0,57.0,54.0,98.0,69.0,80.0,39.0,77.0,21.0,46.0,77.0,54.0,17.0,33.0,12.0,57.0,41.0,89.0,13.0,64.0,9.0,24.0,68.0,10.0,44.0,22.0,14.0,34.0,57.0,34.0,45.0,60.0,53.0,28.0,17.0,1.0,11.0,1,0.5226377980735529,F,2.5,1.0,4,0.5226377980735529,74.0,50.0,46.0,12.0,0.41480611045828436
27.0,54.0,99.0,24.0,3.0,13.0,53.0,38.0,62.0,4.0,61.0,56.0,62.0,43.0,34.0,77.0,65.0,74.0,75.0,94.0,58.0,5.0,30.0,27.0,79.0,85.0,24.0,61.0,10.0,34.0,49.0,61.0,19.0,1.0,52.0,1.0,67.0,76.0,13.0,70.0,14.0,38.0,25.0,5.0,21.0,84.0,7.0,58.0,35.0,1.0,5.0,0,0.5226377980735529,F,2.5,1.0,4,0.5226377980735529,75.0,50.0,46.0,12.0,0.40579710144927533
12.0,45.0,14.0,7.0,57.0,58.0,85.0,84.0,74.0,11.0,77.0,9.0,62.0,65.0,66.0,44.0,65.0,6.0,56.0,24.0,20.0,42.0,55.0,104.0,51.0,34.0,1.0,53.0,73.0,49.0,71.0,84.0,43.0,64.0,2.0,87.0,37.0,83.0,41.0,41.0,7.0,17.0,77.0,73.0,86.0,88.0,10.0,74.0,69.0,58.0,2.0,1,0.5226377980735529,F,2.5,0.0,4,0.5226377980735529,75.0,50.0,47.0,13.0,0.39007092198581556
53.0,44.0,21.0,24.0,18.0,49.0,63.0,88.0,66.0,62.0,59.0,39.0,35.0,4.0,55.0,63.0,47.0,8.0,73.0,48.0,58.0,62.0,47.0,83.0,5.0,70.0,60.0,48.0,50.0,68.0,15.0,79.0,19.0,46.0,46.0,17.0,71.0,56.0,67.0,63.0,8.0,72.0,8.0,78.0,65.0,10.0,3.0,29.0,57.0,66.0,9.0,1,0.5226377980735529,F,2.5,1.0,4,0.5226377980735529,76.0,51.0,47.0,13.0,0.39445688689809627
32.0,38.0,36.0,87.0,4.0,44.0,73.0,41.0,57.0,59.0,24.0,54.0,77.0,27.0,34.0,77.0,53.0,72.0,56.0,93.0,61.0,27.0,79.0,44.0,82.0,49.0,58.0,45.0,78.0,36.0,72.0,8.0,51.0,73.0,32.0,83.0,61.0,38.0,36.0,51.0,14.0,30.0,67.0,15.0,61.0,36.0,68.0,19.0,46.0,66.0,9.0,1,0.5226377980735529,F,2.5,1.0,4,0.5226377980735529,77.0,52.0,47.0,13.0,0.39872893064382425
81.0,33.0,43.0,61.0,61.0,42.0,22.0,33.0,74.0,53.0,41.0,55.0,71.0,11.0,7.0,73.0,52.0,64.0,58.0,11.0,61.0,55.0,30.0,88.0,22.0,77.0,26.0,9.0,48.0,52.0,6.0,2.0,4.0,64.0,67.0,39.0,65.0,27.0,21.0,22.0,31.0,58.0,81.0,3.0,21.0,24.0,49.0,75.0,13.0,79.0,1.0,0,0.5226377980735529,F,2.5,0.0,4,0.5226377980735529,77.0,52.0,48.0,13.0,0.404491341991342
79.0,54.0,67.0,7.0,58.0,1.0,78.0,59.0,38.0,29.0,5.0,39.0,76.0,63.0,71.0,90.0,39.0,10.0,72.0,48.0,32.0,34.0,28.0,41.0,1.0,34.0,46.0,25.0,24.0,32.0,73.0,29.0,90.0,29.0,14.0,75.0,69.0,55.0,61.0,16.0,54.0,52.0,31.0,1.0,30.0,38.0,60.0,75.0,67.0,24.0,1.0,0,0.5226377980735529,F,2.5,0.0,4,0.5226377980735529,77.0,52.0,49.0,13.0,0.4100185528756957
35.0,50.0,27.0,88.0,77.0,11.0,15.0,90.0,25.0,15.0,83.0,90.0,11.0,41.0,62.0,59.0,63.0,98.0,61.0,26.0,9.0,60.0,21.0,35.0,48.0,41.0,1.0,15.0,5.0,10.0,68.0,84.0,19.0,46.0,16.0,52.0,71.0,76.0,24.0,31.0,2.0,32.0,60.0,9.0,30.0,85.0,31.0,4.0,2.0,5.0,13.0,1,0.5226377980735529,F,2.5,1.0,4,0.5226377980735529,78.0,53.0,49.0,13.0,0.4141810570381999
30.0,26.0,87.0,37.0,16.0,63.0,57.0,41.0,66.0,38.0,12.0,20.0,47.0,30.0,18.0,85.0,69.0,18.0,63.0,40.0,6.0,18.0,48.0,68.0,21.0,63.0,42.0,16.0,67.0,6.0,34.0,90.0,80.0,34.0,54.0,5.0,12.0,29.0,63.0,7.0,49.0,70.0,20.0,34.0,29.0,32.0,20.0,69.0,4.0,9.0,3.0,1,0.5226377980735529,F,2.5,1.0,4,0.5226377980735529,79.0,54.0,49.0,13.0,0.4182381813484887
73.0,54.0,57.0,61.0,47.0,75.0,80.0,7.0,15.0,56.0,47.0,84.0,8.0,58.0,28.0,61.0,15.0,35.0,67.0,66.0,83.0,53.0,2.0,82.0,61.0,41.0,68.0,70.0,51.0,6.0,27.0,79.0,49.0,33.0,7.0,50.0,50.0,65.0,44.0,43.0,52.0,20.0,8.0,77.0,71.0,32.0,62.0,78.0,75.0,58.0,5.0,1,0.5226377980735529,F,2.5,1.0,4,0.5226377980735529,80.0,55.0,49.0,13.0,0.4221938775510204
25.0,17.0,11.0,82.0,11.0,74.0,62.0,49.0,54.0,51.0,58.0,44.0,32.0,37.0,68.0,70.0,65.0,5.0,75.0,28.0,11.0,41.0,41.0,90.0,78.0,41.0,33.0,9.0,41.0,64.0,8.0,36.0,1.0,77.0,18.0,21.0,12.0,21.0,6.0,50.0,31.0,68.0,10.0,78.0,82.0,52.0,18.0,73.0,64.0,2.0,13.0,0,0.5226377980735529,F,2.5,1.0,4,0.5226377980735529,81.0,55.0,49.0,13.0,0.41370622323003275
38.0,17.0,43.0,37.0,10.0,40.0,69.0,80.0,57.0,23.0,47.0,27.0,65.0,61.0,71.0,70.0,31.0,29.0,54.0,17.0,5.0,2.0,16.0,10.0,81.0,72.0,3.0,5.0,73.0,21.0,35.0,31.0,88.0,59.0,33.0,44.0,3.0,8.0,16.0,40.0,6.0,73.0,38.0,17.0,40.0,24.0,26.0,75.0,62.0,37.0,5.0,0,0.5226377980735529,F,2.5,1.0,4,0.5226377980735529,82.0,55.0,49.0,13.0,0.4054255848680936
55.0,43.0,71.0,49.0,23.0,40.0,76.0,31.0,72.0,33.0,22.0,56.0,10.0,43.0,56.0,50.0,67.0,59.0,74.0,29.0,58.0,39.0,37.0,88.0,30.0,23.0,36.0,70.0,52.0,36.0,49.0,23.0,13.0,60.0,4.0,30.0,68.0,89.0,18.0,34.0,64.0,39.0,47.0,5.0,75.0,46.0,25.0,33.0,26.0,76.0,1.0,1,0.5226377980735529,F,2.5,0.0,4,0.5226377980735529,82.0,55.0,50.0,14.0,0.3907317073170732
9.0,26.0,11.0,49.0,69.0,27.0,42.0,33.0,28.0,33.0,5.0,89.0,8.0,73.0,62.0,68.0,47.0,16.0,58.0,21.0,46.0,60.0,67.0,86.0,21.0,41.0,58.0,39.0,22.0,49.0,19.0,88.0,97.0,37.0,32.0,35.0,45.0,83.0,6.0,67.0,53.0,73.0,8.0,81.0,30.0,82.0,9.0,33.0,61.0,9.0,1.0,1,0.5226377980735529,F,2.5,0.0,4,0.5226377980735529,82.0,55.0,51.0,15.0,0.37661406025824967
84.0,75.0,39.0,24.0,39.0,59.0,72.0,60.0,58.0,29.0,53.0,13.0,77.0,10.0,62.0,61.0,67.0,64.0,64.0,31.0,61.0,58.0,40.0,105.0,84.0,34.0,44.0,27.0,19.0,57.0,16.0,26.0,97.0,49.0,54.0,88.0,47.0,70.0,43.0,11.0,53.0,8.0,58.0,61.0,65.0,31.0,39.0,4.0,22.0,49.0,9.0,1,0.5226377980735529,F,2.5,1.0,4,0.5226377980735529,83.0,56.0,51.0,15.0,0.3805811481218993
79.0,22.0,77.0,9.0,51.0,59.0,66.0,49.0,31.0,56.0,16.0,36.0,34.0,64.0,53.0,2.0,26.0,47.0,60.0,89.0,8.0,20.0,46.0,26.0,15.0,21.0,46.0,11.0,73.0,11.0,30.0,7.0,96.0,69.0,13.0,3.0,18.0,2.0,5.0,8.0,2.0,34.0,14.0,3.0,35.0,21.0,46.0,62.0,73.0,62.0,13.0,0,0.5226377980735529,F,2.5,1.0,4,0.5226377980735529,84.0,56.0,51.0,15.0,0.3725490196078431
73.0,8.0,29.0,33.0,84.0,89.0,11.0,84.0,72.0,33.0,73.0,84.0,32.0,27.0,57.0,85.0,67.0,24.0,60.0,40.0,65.0,8.0,57.0,78.0,78.0,75.0,58.0,7.0,47.0,53.0,13.0,26.0,41.0,52.0,26.0,29.0,83.0,43.0,22.0,22.0,58.0,52.0,6.0,51.0,24.0,71.0,18.0,44.0,71.0,10.0,1.0,0,0.5226377980735529,F,2.5,0.0,4,0.5226377980735529,84.0,56.0,52.0,15.0,0.3782051282051282
58.0,81.0,32.0,49.0,52.0,48.0,23.0,58.0,78.0,31.0,45.0,43.0,62.0,53.0,32.0,73.0,53.0,91.0,68.0,30.0,58.0,14.0,81.0,12.0,47.0,23.0,32.0,19.0,29.0,32.0,8.0,65.0,19.0,42.0,33.0,21.0,24.0,61.0,3.0,47.0,60.0,48.0,55.0,24.0,64.0,28.0,34.0,29.0,13.0,45.0,9.0,0,0.5226377980735529,F,2.5,1.0,4,0.5226377980735529,85.0,56.0,52.0,15.0,0.37036199095022626
42.0,35.0,51.0,49.0,9.0,86.0,14.0,21.0,5.0,15.0,60.0,88.0,8.0,11.0,7.0,63.0,29.0,77.0,56.0,40.0,83.0,33.0,37.0,5.0,47.0,84.0,73.0,35.0,54.0,38.0,32.0,58.0,15.0,26.0,47.0,83.0,1.0,14.0,20.0,79.0,23.0,51.0,37.0,34.0,35.0,68.0,60.0,75.0,42.0,38.0,1.0,1,0.5226377980735529,F,2.5,0.0,4,0.5226377980735529,85.0,56.0,53.0,16.0,0.3569367369589345
21.0,65.0,14.0,3.0,57.0,86.0,78.0,66.0,12.0,68.0,12.0,68.0,32.0,1.0,35.0,15.0,50.0,88.0,67.0,102.0,67.0,42.0,21.0,90.0,92.0,51.0,32.0,56.0,14.0,36.0,68.0,43.0,39.0,50.0,43.0,87.0,22.0,68.0,13.0,30.0,58.0,52.0,41.0,75.0,30.0,68.0,9.0,64.0,37.0,45.0,9.0,1,0.5226377980735529,F,2.5,1.0,4,0.5226377980735529,86.0,57.0,53.0,16.0,0.3609039052215884
58.0,23.0,69.0,51.0,44.0,53.0,11.0,33.0,39.0,56.0,52.0,17.0,47.0,49.0,66.0,39.0,52.0,72.0,56.0,24.0,30.0,44.0,35.0,97.0,73.0,30.0,26.0,20.0,36.0,26.0,71.0,11.0,35.0,1.0,25.0,39.0,61.0,20.0,61.0,22.0,16.0,16.0,75.0,43.0,71.0,58.0,53.0,35.0,38.0,1.0,4.0,1,0.5226377980735529,F,2.5,1.0,4,0.5226377980735529,87.0,58.0,53.0,16.0,0.36477987421383645
50.0,8.0,33.0,75.0,71.0,79.0,42.0,48.0,50.0,1.0,12.0,73.0,71.0,53.0,74.0,71.0,30.0,49.0,69.0,9.0,62.0,69.0,46.0,72.0,55.0,3.0,76.0,25.0,61.0,47.0,57.0,42.0,15.0,64.0,2.0,60.0,16.0,30.0,13.0,20.0,59.0,6.0,30.0,8.0,35.0,32.0,25.0,69.0,84.0,26.0,9.0,1,0.5226377980735529,F,2.5,1.0,4,0.5226377980735529,88.0,59.0,53.0,16.0,0.36856775300171524
62.0,10.0,58.0,77.0,3.0,36.0,11.0,21.0,54.0,9.0,74.0,56.0,67.0,26.0,66.0,10.0,65.0,5.0,63.0,97.0,63.0,63.0,67.0,90.0,21.0,38.0,40.0,70.0,73.0,64.0,16.0,88.0,19.0,20.0,37.0,48.0,14.0,2.0,55.0,36.0,28.0,43.0,8.0,7.0,86.0,68.0,34.0,42.0,24.0,58.0,9.0,1,0.5226377980735529,F,2.5,1.0,4,0.5226377980735529,89.0,60.0,53.0,16.0,0.3722705109179563
41.0,32.0,56.0,62.0,80.0,30.0,92.0,39.0,71.0,44.0,41.0,87.0,57.0,22.0,30.0,83.0,47.0,33.0,67.0,38.0,79.0,68.0,44.0,41.0,81.0,23.0,46.0,47.0,31.0,63.0,79.0,92.0,95.0,29.0,60.0,81.0,18.0,63.0,10.0,83.0,14.0,11.0,72.0,41.0,14.0,8.0,18.0,29.0,60.0,37.0,1.0,1,0.5226377980735529,F,2.5,0.0,4,0.5226377980735529,89.0,60.0,54.0,17.0,0.3593424885559717
7.0,17.0,63.0,21.0,58.0,78.0,17.0,74.0,30.0,68.0,9.0,3.0,16.0,69.0,68.0,3.0,35.0,8.0,71.0,44.0,14.0,82.0,55.0,26.0,65.0,58.0,32.0,49.0,75.0,17.0,13.0,88.0,96.0,62.0,54.0,34.0,18.0,15.0,22.0,84.0,18.0,47.0,8.0,43.0,28.0,39.0,36.0,69.0,66.0,9.0,9.0,0,0.5226377980735529,F,2.5,1.0,4,0.5226377980735529,90.0,60.0,54.0,17.0,0.3518518518518518
28.0,69.0,99.0,66.0,25.0,52.0,42.0,84.0,66.0,1.0,43.0,77.0,71.0,46.0,41.0,81.0,51.0,13.0,75.0,55.0,37.0,44.0,67.0,87.0,26.0,51.0,9.0,32.0,81.0,17.0,8.0,90.0,10.0,64.0,13.0,4.0,75.0,35.0,30.0,30.0,46.0,22.0,34.0,33.0,59.0,52.0,44.0,42.0,55.0,22.0,7.0,0,0.5226377980735529,F,2.5,1.0,4,0.5226377980735529,91.0,60.0,54.0,17.0,0.3445258445258445
33.0,54.0,89.0,87.0,80.0,80.0,27.0,89.0,68.0,14.0,77.0,57.0,54.0,46.0,18.0,22.0,39.0,69.0,71.0,25.0,73.0,56.0,67.0,17.0,5.0,26.0,1.0,60.0,41.0,29.0,71.0,71.0,2.0,73.0,54.0,3.0,37.0,81.0,22.0,22.0,8.0,53.0,8.0,5.0,10.0,38.0,68.0,72.0,54.0,17.0,9.0,1,0.5226377980735529,F,2.5,1.0,4,0.5226377980735529,92.0,61.0,54.0,17.0,0.3482286634460547
48.0,77.0,67.0,72.0,80.0,96.0,52.0,12.0,78.0,40.0,38.0,2.0,48.0,41.0,74.0,47.0,38.0,69.0,58.0,38.0,26.0,44.0,46.0,87.0,61.0,25.0,78.0,40.0,35.0,51.0,26.0,89.0,22.0,66.0,10.0,54.0,18.0,10.0,60.0,6.0,52.0,13.0,30.0,54.0,30.0,2.0,9.0,73.0,50.0,1.0,13.0,1,0.5226377980735529,F,2.5,1.0,4,0.5226377980735529,93.0,62.0,54.0,17.0,0.3518518518518518
26.0,36.0,84.0,12.0,13.0,16.0,80.0,52.0,70.0,33.0,53.0,46.0,4.0,4.0,71.0,39.0,50.0,69.0,67.0,52.0,25.0,24.0,24.0,87.0,53.0,63.0,15.0,17.0,12.0,64.0,57.0,88.0,97.0,22.0,28.0,17.0,16.0,24.0,54.0,40.0,29.0,55.0,18.0,81.0,35.0,12.0,68.0,4.0,24.0,33.0,9.0,1,0.5226377980735529,F,2.5,1.0,4,0.5226377980735529,94.0,63.0,54.0,17.0,0.355397951142632
34.0,81.0,61.0,19.0,75.0,88.0,33.0,5.0,61.0,33.0,12.0,54.0,6.0,27.0,18.0,3.0,37.0,3.0,56.0,95.0,42.0,39.0,47.0,35.0,23.0,63.0,58.0,39.0,41.0,32.0,19.0,33.0,83.0,29.0,8.0,55.0,26.0,58.0,61.0,30.0,46.0,62.0,7.0,81.0,49.0,18.0,7.0,61.0,48.0,33.0,3.0,1,0.5226377980735529,F,2.5,1.0,4,0.5226377980735529,95.0,64.0,54.0,17.0,0.35886939571150095
1.0,45.0,99.0,45.0,28.0,18.0,88.0,84.0,20.0,2.0,25.0,15.0,67.0,58.0,6.0,24.0,30.0,82.0,61.0,78.0,65.0,86.0,57.0,106.0,65.0,9.0,58.0,57.0,81.0,26.0,71.0,44.0,29.0,59.0,55.0,87.0,24.0,11.0,54.0,25.0,14.0,4.0,50.0,76.0,50.0,10.0,11.0,29.0,46.0,42.0,1.0,0,0.5226377980735529,F,2.5,0.0,4,0.5226377980735529,95.0,64.0,55.0,17.0,0.3645933014354067
51.0,33.0,71.0,20.0,66.0,80.0,19.0,45.0,30.0,13.0,12.0,26.0,67.0,71.0,66.0,50.0,14.0,18.0,75.0,63.0,20.0,49.0,67.0,64.0,73.0,6.0,67.0,25.0,77.0,17.0,38.0,31.0,53.0,7.0,54.0,92.0,37.0,54.0,55.0,74.0,24.0,39.0,78.0,45.0,49.0,3.0,43.0,78.0,1.0,45.0,5.0,1,0.5226377980735529,F,2.5,1.0,4,0.5226377980735529,96.0,65.0,55.0,17.0,0.3679924242424243
16.0,22.0,14.0,11.0,22.0,29.0,11.0,38.0,67.0,33.0,12.0,33.0,31.0,1.0,23.0,79.0,47.0,35.0,75.0,20.0,85.0,52.0,14.0,26.0,73.0,41.0,1.0,32.0,5.0,14.0,57.0,66.0,15.0,76.0,23.0,25.0,71.0,58.0,19.0,22.0,52.0,72.0,7.0,52.0,30.0,72.0,14.0,8.0,81.0,56.0,9.0,1,0.5226377980735529,F,2.5,1.0,4,0.5226377980735529,97.0,66.0,55.0,17.0,0.37132146204311156
23.0,82.0,84.0,45.0,48.0,94.0,74.0,19.0,76.0,13.0,87.0,86.0,48.0,23.0,3.0,24.0,55.0,98.0,69.0,13.0,9.0,9.0,69.0,11.0,30.0,58.0,22.0,2.0,49.0,75.0,72.0,71.0,62.0,73.0,42.0,62.0,16.0,43.0,32.0,18.0,56.0,68.0,8.0,18.0,18.0,46.0,25.0,75.0,42.0,45.0,3.0,0,0.5226377980735529,F,2.5,1.0,4,0.5226377980735529,98.0,66.0,55.0,17.0,0.36437847866419293
24.0,48.0,52.0,32.0,13.0,15.0,87.0,13.0,72.0,1.0,3.0,39.0,6.0,61.0,1.0,52.0,27.0,3.0,68.0,41.0,39.0,78.0,45.0,70.0,65.0,7.0,78.0,47.0,56.0,65.0,1.0,43.0,42.0,5.0,68.0,3.0,61.0,69.0,70.0,40.0,9.0,6.0,16.0,25.0,15.0,58.0,36.0,69.0,22.0,9.0,11.0,1,0.5226377980735529,F,2.5,1.0,4,0.5226377980735529,99.0,67.0,55.0,17.0,0.3676767676767677
7.0,40.0,36.0,66.0,3.0,13.0,19.0,9.0,1.0,6.0,53.0,86.0,74.0,27.0,21.0,16.0,30.0,69.0,62.0,63.0,44.0,88.0,67.0,104.0,45.0,41.0,74.0,68.0,81.0,29.0,8.0,17.0,65.0,33.0,9.0,25.0,75.0,43.0,2.0,20.0,8.0,51.0,8.0,19.0,25.0,68.0,33.0,5.0,77.0,52.0,9.0,1,0.5226377980735529,F,2.5,1.0,4,0.5226377980735529,100.0,68.0,55.0,17.0,0.37090909090909097
26.0,63.0,43.0,51.0,39.0,1.0,36.0,84.0,20.0,6.0,44.0,54.0,32.0,7.0,34.0,88.0,17.0,43.0,65.0,48.0,90.0,42.0,77.0,37.0,78.0,70.0,1.0,34.0,81.0,26.0,43.0,71.0,19.0,60.0,65.0,17.0,43.0,35.0,58.0,18.0,18.0,44.0,10.0,41.0,28.0,86.0,7.0,58.0,69.0,79.0,1.0,0,0.5226377980735529,F,2.5,0.0,4,0.5226377980735529,100.0,68.0,56.0,17.0,0.3764285714285715
79.0,36.0,99.0,29.0,11.0,45.0,78.0,43.0,80.0,15.0,3.0,5.0,31.0,26.0,6.0,6.0,65.0,82.0,75.0,33.0,8.0,14.0,68.0,86.0,52.0,51.0,69.0,29.0,54.0,11.0,61.0,86.0,35.0,52.0,72.0,11.0,16.0,23.0,16.0,26.0,64.0,38.0,49.0,81.0,25.0,84.0,46.0,65.0,39.0,24.0,9.0,1,0.5226377980735529,F,2.5,1.0,4,0.5226377980735529,101.0,69.0,56.0,17.0,0.3795968882602547
72.0,43.0,11.0,87.0,3.0,20.0,11.0,33.0,72.0,3.0,48.0,14.0,10.0,11.0,29.0,20.0,34.0,48.0,56.0,24.0,22.0,59.0,79.0,77.0,18.0,35.0,74.0,25.0,10.0,45.0,71.0,76.0,14.0,52.0,33.0,52.0,7.0,69.0,42.0,38.0,44.0,10.0,13.0,3.0,73.0,39.0,7.0,72.0,45.0,47.0,13.0,1,0.5226377980735529,F,2.5,1.0,4,0.5226377980735529,102.0,70.0,56.0,17.0,0.382703081232493
12.0,56.0,47.0,17.0,24.0,8.0,57.0,36.0,76.0,1.0,20.0,5.0,48.0,56.0,29.0,75.0,30.0,69.0,75.0,3.0,67.0,26.0,21.0,11.0,30.0,18.0,24.0,47.0,52.0,43.0,36.0,71.0,60.0,29.0,66.0,90.0,27.0,61.0,16.0,53.0,3.0,36.0,78.0,12.0,5.0,38.0,5.0,58.0,45.0,82.0,6.0,1,0.5226377980735529,F,2.5,1.0,4,0.5226377980735529,103.0,71.0,56.0,17.0,0.38574895977808604
58.0,56.0,101.0,49.0,18.0,61.0,17.0,58.0,12.0,58.0,20.0,56.0,76.0,7.0,78.0,56.0,71.0,60.0,60.0,40.0,51.0,1.0,43.0,69.0,14.0,73.0,1.0,67.0,35.0,26.0,48.0,47.0,2.0,7.0,11.0,50.0,43.0,74.0,58.0,1.0,5.0,4.0,8.0,31.0,73.0,34.0,7.0,75.0,42.0,45.0,1.0,0,0.5226377980735529,F,2.5,0.0,4,0.5226377980735529,103.0,71.0,57.0,17.0,0.3910747743144269
60.0,70.0,71.0,19.0,39.0,18.0,11.0,58.0,59.0,33.0,52.0,37.0,16.0,39.0,19.0,3.0,67.0,60.0,60.0,52.0,28.0,71.0,68.0,104.0,60.0,3.0,23.0,60.0,17.0,57.0,15.0,13.0,93.0,58.0,65.0,62.0,83.0,10.0,24.0,41.0,42.0,20.0,7.0,67.0,49.0,46.0,63.0,75.0,5.0,58.0,1.0,1,0.5226377980735529,F,2.5,0.0,4,0.5226377980735529,103.0,71.0,58.0,18.0,0.3789755607633077
78.0,6.0,70.0,42.0,39.0,67.0,77.0,23.0,65.0,31.0,69.0,56.0,35.0,37.0,41.0,18.0,30.0,82.0,60.0,21.0,79.0,9.0,64.0,106.0,79.0,32.0,2.0,21.0,18.0,14.0,42.0,82.0,43.0,42.0,28.0,6.0,72.0,50.0,44.0,66.0,14.0,31.0,43.0,20.0,30.0,76.0,44.0,75.0,64.0,24.0,6.0,0,0.5226377980735529,F,2.5,1.0,4,0.5226377980735529,104.0,71.0,58.0,18.0,0.3723474801061008
49.0,22.0,11.0,13.0,69.0,33.0,22.0,85.0,59.0,22.0,9.0,71.0,22.0,75.0,38.0,24.0,66.0,33.0,56.0,54.0,26.0,79.0,80.0,87.0,79.0,49.0,20.0,53.0,38.0,68.0,62.0,33.0,23.0,24.0,32.0,74.0,9.0,21.0,48.0,22.0,58.0,58.0,47.0,10.0,37.0,38.0,36.0,42.0,31.0,33.0,7.0,1,0.5226377980735529,F,2.5,1.0,4,0.5226377980735529,105.0,72.0,58.0,18.0,0.3753694581280788
3.0,77.0,13.0,55.0,24.0,91.0,48.0,77.0,35.0,35.0,56.0,37.0,39.0,59.0,34.0,78.0,34.0,36.0,70.0,78.0,43.0,39.0,73.0,96.0,28.0,2.0,29.0,1.0,47.0,61.0,79.0,92.0,65.0,59.0,45.0,91.0,34.0,82.0,30.0,33.0,52.0,68.0,10.0,39.0,5.0,32.0,30.0,14.0,84.0,72.0,1.0,0,0.5226377980735529,F,2.5,0.0,4,0.5226377980735529,105.0,72.0,59.0,18.0,0.38062953995157384
27.0,79.0,36.0,65.0,67.0,27.0,9.0,88.0,32.0,33.0,73.0,25.0,53.0,56.0,70.0,85.0,46.0,88.0,63.0,48.0,77.0,39.0,67.0,21.0,34.0,11.0,10.0,61.0,42.0,64.0,60.0,90.0,37.0,3.0,61.0,65.0,3.0,21.0,17.0,22.0,69.0,8.0,8.0,14.0,79.0,48.0,44.0,75.0,50.0,10.0,1.0,0,0.5226377980735529,F,2.5,0.0,4,0.5226377980735529,105.0,72.0,60.0,18.0,0.38571428571428573
25.0,45.0,20.0,29.0,11.0,95.0,24.0,46.0,35.0,1.0,20.0,27.0,76.0,6.0,36.0,54.0,17.0,56.0,75.0,76.0,8.0,61.0,65.0,7.0,73.0,95.0,41.0,5.0,50.0,45.0,14.0,71.0,79.0,77.0,4.0,48.0,27.0,55.0,41.0,23.0,31.0,28.0,23.0,4.0,20.0,84.0,46.0,78.0,84.0,17.0,3.0,0,0.5226377980735529,F,2.5,1.0,4,0.5226377980735529,106.0,72.0,60.0,18.0,0.3792452830188679
45.0,75.0,13.0,60.0,3.0,94.0,88.0,51.0,59.0,33.0,58.0,24.0,67.0,61.0,16.0,10.0,30.0,59.0,66.0,28.0,61.0,52.0,8.0,59.0,38.0,17.0,20.0,33.0,81.0,36.0,74.0,90.0,52.0,49.0,28.0,1.0,41.0,24.0,29.0,32.0,6.0,72.0,67.0,59.0,71.0,10.0,5.0,78.0,41.0,45.0,1.0,1,0.5226377980735529,F,2.5,0.0,4,0.5226377980735529,106.0,72.0,61.0,19.0,0.3677698731828023
29.0,48.0,29.0,37.0,85.0,67.0,80.0,76.0,76.0,29.0,65.0,73.0,43.0,58.0,79.0,85.0,51.0,5.0,65.0,68.0,79.0,71.0,76.0,58.0,53.0,37.0,68.0,58.0,54.0,69.0,1.0,78.0,25.0,6.0,26.0,65.0,56.0,60.0,48.0,83.0,35.0,72.0,9.0,17.0,60.0,86.0,5.0,72.0,1.0,30.0,1.0,1,0.5226377980735529,F,2.5,0.0,4,0.5226377980735529,106.0,72.0,62.0,20.0,0.35666463785757757
28.0,35.0,11.0,25.0,23.0,31.0,3.0,88.0,28.0,69.0,11.0,84.0,43.0,37.0,25.0,6.0,20.0,69.0,56.0,30.0,73.0,59.0,67.0,52.0,28.0,63.0,47.0,1.0,47.0,47.0,36.0,34.0,19.0,70.0,4.0,48.0,7.0,62.0,47.0,69.0,38.0,11.0,82.0,12.0,10.0,84.0,48.0,73.0,16.0,33.0,3.0,1,0.5226377980735529,F,2.5,1.0,4,0.5226377980735529,107.0,73.0,62.0,20.0,0.35966234549291526
79.0,54.0,74.0,37.0,3.0,44.0,19.0,72.0,30.0,58.0,20.0,52.0,45.0,48.0,35.0,90.0,17.0,43.0,61.0,32.0,20.0,29.0,24.0,88.0,40.0,15.0,41.0,29.0,10.0,43.0,13.0,79.0,55.0,23.0,4.0,83.0,28.0,59.0,50.0,36.0,68.0,32.0,43.0,76.0,86.0,32.0,55.0,78.0,60.0,18.0,1.0,0,0.5226377980735529,F,2.5,0.0,4,0.5226377980735529,107.0,73.0,63.0,20.0,0.36478267319388813
26.0,65.0,77.0,29.0,55.0,96.0,80.0,33.0,57.0,44.0,22.0,84.0,71.0,64.0,73.0,70.0,67.0,72.0,63.0,90.0,73.0,10.0,33.0,23.0,31.0,63.0,32.0,36.0,57.0,52.0,30.0,92.0,70.0,32.0,65.0,84.0,24.0,67.0,13.0,27.0,44.0,40.0,76.0,43.0,77.0,46.0,9.0,40.0,22.0,33.0,1.0,0,0.5226377980735529,F,2.5,0.0,4,0.5226377980735529,107.0,73.0,64.0,20.0,0.36974299065420557
4.0,22.0,98.0,85.0,75.0,75.0,22.0,78.0,26.0,33.0,16.0,82.0,76.0,46.0,2.0,63.0,71.0,33.0,67.0,44.0,26.0,2.0,57.0,68.0,58.0,59.0,20.0,70.0,16.0,10.0,71.0,82.0,90.0,3.0,16.0,21.0,72.0,37.0,50.0,43.0,59.0,62.0,26.0,60.0,28.0,16.0,38.0,64.0,10.0,9.0,9.0,0,0.5226377980735529,F,2.5,1.0,4,0.5226377980735529,108.0,73.0,64.0,20.0,0.36342592592592593
3.0,26.0,51.0,62.0,10.0,61.0,42.0,31.0,6.0,29.0,18.0,80.0,67.0,32.0,31.0,52.0,23.0,22.0,60.0,11.0,43.0,20.0,80.0,28.0,32.0,2.0,1.0,25.0,58.0,4.0,15.0,86.0,15.0,29.0,7.0,11.0,83.0,41.0,54.0,62.0,31.0,22.0,57.0,43.0,40.0,49.0,46.0,20.0,75.0,18.0,9.0,1,0.5226377980735529,F,2.5,1.0,4,0.5226377980735529,109.0,74.0,64.0,20.0,0.3663990825688074
79.0,77.0,12.0,86.0,39.0,75.0,87.0,33.0,1.0,8.0,73.0,37.0,76.0,46.0,70.0,44.0,35.0,69.0,73.0,9.0,82.0,67.0,67.0,41.0,75.0,16.0,22.0,25.0,62.0,68.0,61.0,72.0,35.0,76.0,37.0,65.0,71.0,10.0,37.0,18.0,56.0,70.0,8.0,50.0,79.0,41.0,6.0,81.0,46.0,66.0,1.0,1,0.5226377980735529,F,2.5,0.0,4,0.5226377980735529,109.0,74.0,65.0,21.0,0.3558221594918843
28.0,39.0,99.0,65.0,3.0,98.0,36.0,25.0,71.0,26.0,12.0,28.0,63.0,41.0,34.0,81.0,30.0,3.0,75.0,34.0,24.0,27.0,35.0,99.0,48.0,17.0,1.0,9.0,54.0,60.0,40.0,11.0,83.0,73.0,39.0,65.0,69.0,21.0,35.0,12.0,58.0,17.0,20.0,2.0,71.0,44.0,36.0,11.0,24.0,26.0,6.0,0,0.5226377980735529,F,2.5,1.0,4,0.5226377980735529,110.0,74.0,65.0,21.0,0.34965034965034963
11.0,33.0,74.0,37.0,75.0,82.0,29.0,46.0,36.0,61.0,20.0,73.0,43.0,37.0,74.0,2.0,31.0,59.0,58.0,32.0,73.0,9.0,74.0,65.0,73.0,23.0,12.0,47.0,10.0,49.0,2.0,57.0,51.0,11.0,52.0,17.0,43.0,70.0,61.0,74.0,49.0,1.0,41.0,41.0,31.0,28.0,29.0,35.0,45.0,24.0,9.0,1,0.5226377980735529,F,2.5,1.0,4,0.5226377980735529,111.0,75.0,65.0,21.0,0.35259875259875256
12.0,37.0,29.0,1.0,20.0,72.0,56.0,25.0,54.0,24.0,78.0,73.0,16.0,58.0,53.0,48.0,24.0,88.0,57.0,42.0,37.0,9.0,82.0,70.0,53.0,51.0,42.0,56.0,23.0,49.0,72.0,60.0,41.0,64.0,6.0,90.0,22.0,26.0,41.0,17.0,5.0,36.0,11.0,63.0,21.0,19.0,33.0,3.0,24.0,66.0,9.0,1,0.5226377980735529,F,2.5,1.0,4,0.5226377980735529,112.0,76.0,65.0,21.0,0.3554945054945055
69.0,40.0,57.0,82.0,75.0,62.0,5.0,56.0,13.0,4.0,48.0,36.0,10.0,47.0,68.0,62.0,55.0,48.0,60.0,76.0,43.0,86.0,46.0,78.0,34.0,5.0,76.0,39.0,50.0,10.0,81.0,11.0,59.0,64.0,7.0,71.0,84.0,17.0,29.0,65.0,52.0,22.0,49.0,20.0,86.0,51.0,63.0,31.0,27.0,37.0,11.0,1,0.5226377980735529,F,2.5,1.0,4,0.5226377980735529,113.0,77.0,65.0,21.0,0.3583390061266167
41.0,49.0,57.0,79.0,44.0,86.0,42.0,66.0,66.0,33.0,41.0,56.0,72.0,46.0,35.0,44.0,53.0,20.0,57.0,48.0,33.0,82.0,67.0,35.0,61.0,26.0,58.0,48.0,19.0,71.0,70.0,66.0,22.0,64.0,2.0,26.0,26.0,40.0,17.0,62.0,10.0,39.0,47.0,14.0,30.0,86.0,18.0,67.0,65.0,28.0,5.0,1,0.5226377980735529,F,2.5,1.0,4,0.5226377980735529,114.0,78.0,65.0,21.0,0.3611336032388664
7.0,33.0,43.0,8.0,75.0,42.0,84.0,76.0,22.0,50.0,39.0,56.0,56.0,21.0,34.0,7.0,47.0,35.0,75.0,77.0,25.0,59.0,67.0,85.0,39.0,7.0,22.0,39.0,17.0,26.0,3.0,90.0,3.0,66.0,13.0,3.0,69.0,10.0,48.0,74.0,49.0,9.0,47.0,63.0,50.0,38.0,31.0,25.0,46.0,73.0,6.0,1,0.5226377980735529,F,2.5,1.0,4,0.5226377980735529,115.0,79.0,65.0,21.0,0.36387959866220737
40.0,4.0,63.0,35.0,3.0,27.0,54.0,16.0,13.0,45.0,66.0,35.0,62.0,19.0,1.0,21.0,39.0,57.0,61.0,98.0,79.0,18.0,58.0,30.0,32.0,79.0,55.0,32.0,37.0,60.0,26.0,50.0,11.0,26.0,16.0,1.0,24.0,7.0,61.0,22.0,54.0,65.0,8.0,11.0,69.0,74.0,7.0,33.0,67.0,24.0,1.0,0,0.5226377980735529,F,2.5,0.0,4,0.5226377980735529,115.0,79.0,66.0,21.0,0.3687747035573123
50.0,54.0,86.0,35.0,54.0,78.0,80.0,11.0,10.0,37.0,38.0,69.0,75.0,43.0,45.0,6.0,25.0,23.0,59.0,61.0,67.0,71.0,77.0,46.0,31.0,13.0,12.0,33.0,35.0,60.0,72.0,79.0,62.0,64.0,57.0,72.0,61.0,2.0,56.0,73.0,49.0,40.0,7.0,20.0,46.0,40.0,63.0,44.0,41.0,10.0,2.0,0,0.5226377980735529,F,2.5,0.0,4,0.5226377980735529,115.0,79.0,67.0,21.0,0.3735236859182349
38.0,26.0,79.0,91.0,10.0,11.0,52.0,56.0,28.0,41.0,14.0,20.0,17.0,65.0,18.0,6.0,17.0,19.0,71.0,91.0,84.0,26.0,84.0,30.0,47.0,39.0,76.0,9.0,75.0,40.0,68.0,54.0,46.0,62.0,40.0,44.0,37.0,58.0,60.0,43.0,49.0,47.0,33.0,41.0,4.0,38.0,46.0,29.0,17.0,9.0,13.0,0,0.5226377980735529,F,2.5,1.0,4,0.5226377980735529,116.0,79.0,67.0,21.0,0.3676016469377251
56.0,54.0,61.0,82.0,20.0,23.0,11.0,40.0,25.0,66.0,50.0,48.0,62.0,53.0,31.0,70.0,47.0,83.0,75.0,13.0,67.0,4.0,4.0,101.0,3.0,20.0,58.0,62.0,35.0,14.0,12.0,89.0,14.0,64.0,65.0,52.0,71.0,86.0,18.0,24.0,18.0,39.0,45.0,50.0,57.0,84.0,3.0,69.0,1.0,50.0,11.0,1,0.5226377980735529,F,2.5,1.0,4,0.5226377980735529,117.0,80.0,67.0,21.0,0.37032784793978824
42.0,65.0,91.0,22.0,53.0,31.0,11.0,49.0,43.0,1.0,38.0,68.0,63.0,37.0,55.0,73.0,46.0,45.0,60.0,28.0,79.0,71.0,9.0,29.0,21.0,23.0,78.0,70.0,37.0,11.0,57.0,46.0,80.0,9.0,21.0,6.0,45.0,28.0,41.0,9.0,58.0,32.0,18.0,60.0,57.0,46.0,55.0,13.0,65.0,45.0,9.0,0,0.5226377980735529,F,2.5,1.0,4,0.5226377980735529,118.0,80.0,67.0,21.0,0.3645332658740197
16.0,22.0,47.0,25.0,47.0,60.0,3.0,7.0,48.0,15.0,61.0,37.0,32.0,21.0,11.0,81.0,71.0,57.0,75.0,90.0,39.0,7.0,39.0,78.0,38.0,13.0,78.0,33.0,14.0,17.0,17.0,33.0,19.0,9.0,28.0,50.0,24.0,55.0,56.0,48.0,65.0,64.0,56.0,52.0,63.0,8.0,48.0,75.0,1.0,17.0,1.0,0,0.5226377980735529,F,2.5,0.0,4,0.5226377980735529,118.0,80.0,68.0,21.0,0.3691425722831505
30.0,77.0,38.0,3.0,44.0,42.0,66.0,88.0,26.0,44.0,12.0,88.0,71.0,39.0,14.0,54.0,26.0,86.0,63.0,78.0,51.0,44.0,65.0,46.0,32.0,19.0,7.0,54.0,66.0,57.0,34.0,51.0,10.0,17.0,65.0,33.0,37.0,37.0,1.0,44.0,58.0,62.0,57.0,15.0,67.0,22.0,43.0,67.0,46.0,60.0,1.0,0,0.5226377980735529,F,2.5,0.0,4,0.5226377980735529,118.0,80.0,69.0,21.0,0.3736182756079587
39.0,64.0,52.0,23.0,5.0,81.0,25.0,10.0,65.0,6.0,75.0,64.0,16.0,22.0,33.0,58.0,35.0,72.0,69.0,21.0,39.0,88.0,55.0,22.0,45.0,59.0,44.0,9.0,42.0,48.0,33.0,7.0,33.0,26.0,11.0,1.0,12.0,43.0,22.0,12.0,62.0,40.0,57.0,22.0,86.0,76.0,59.0,58.0,42.0,33.0,1.0,1,0.5226377980735529,F,2.5,0.0,4,0.5226377980735529,118.0,80.0,70.0,22.0,0.36368038740920094
29.0,8.0,13.0,7.0,35.0,11.0,48.0,36.0,29.0,39.0,7.0,54.0,71.0,56.0,7.0,35.0,67.0,21.0,63.0,83.0,71.0,68.0,71.0,103.0,80.0,58.0,52.0,49.0,49.0,34.0,65.0,79.0,99.0,55.0,65.0,50.0,41.0,55.0,32.0,74.0,54.0,58.0,64.0,67.0,16.0,68.0,15.0,38.0,66.0,38.0,13.0,0,0.5226377980735529,F,2.5,1.0,4,0.5226377980735529,119.0,80.0,70.0,22.0,0.357983193277311
40.0,33.0,32.0,68.0,5.0,96.0,76.0,46.0,39.0,23.0,50.0,39.0,63.0,11.0,1.0,44.0,18.0,36.0,66.0,77.0,86.0,12.0,21.0,88.0,34.0,57.0,9.0,9.0,41.0,15.0,53.0,46.0,15.0,14.0,62.0,1.0,5.0,63.0,22.0,59.0,54.0,52.0,73.0,34.0,79.0,21.0,61.0,29.0,8.0,10.0,1.0,0,0.5226377980735529,F,2.5,0.0,4,0.5226377980735529,119.0,80.0,71.0,22.0,0.3624097526334478
85.0,37.0,67.0,1.0,20.0,65.0,11.0,5.0,41.0,43.0,48.0,47.0,29.0,27.0,15.0,58.0,61.0,43.0,61.0,24.0,61.0,59.0,73.0,106.0,54.0,9.0,24.0,25.0,71.0,8.0,34.0,92.0,51.0,22.0,9.0,84.0,75.0,37.0,24.0,43.0,56.0,52.0,55.0,36.0,4.0,21.0,37.0,67.0,55.0,66.0,1.0,0,0.5226377980735529,F,2.5,0.0,4,0.5226377980735529,119.0,80.0,72.0,22.0,0.3667133520074697
65.0,4.0,57.0,43.0,35.0,20.0,17.0,27.0,29.0,29.0,52.0,82.0,67.0,63.0,54.0,73.0,65.0,84.0,56.0,26.0,68.0,69.0,46.0,55.0,88.0,31.0,9.0,68.0,60.0,5.0,16.0,66.0,39.0,76.0,43.0,81.0,63.0,27.0,41.0,54.0,44.0,17.0,2.0,34.0,14.0,59.0,66.0,65.0,60.0,50.0,1.0,0,0.5226377980735529,F,2.5,0.0,4,0.5226377980735529,119.0,80.0,73.0,22.0,0.37089904454932665
75.0,37.0,24.0,82.0,4.0,87.0,7.0,85.0,28.0,49.0,54.0,73.0,30.0,8.0,79.0,81.0,55.0,77.0,60.0,24.0,5.0,28.0,48.0,102.0,63.0,79.0,33.0,48.0,48.0,8.0,43.0,33.0,67.0,6.0,18.0,87.0,61.0,2.0,11.0,29.0,17.0,22.0,39.0,17.0,12.0,35.0,28.0,68.0,11.0,26.0,8.0,1,0.5226377980735529,F,2.5,1.0,4,0.5226377980735529,120.0,81.0,73.0,22.0,0.37363013698630143
50.0,29.0,45.0,76.0,78.0,11.0,7.0,3.0,59.0,6.0,34.0,18.0,8.0,14.0,66.0,9.0,53.0,72.0,75.0,43.0,61.0,63.0,11.0,11.0,60.0,37.0,7.0,70.0,49.0,32.0,38.0,86.0,2.0,3.0,11.0,79.0,43.0,61.0,29.0,41.0,52.0,64.0,8.0,60.0,79.0,42.0,14.0,52.0,84.0,72.0,12.0,0,0.5226377980735529,F,2.5,1.0,4,0.5226377980735529,121.0,81.0,73.0,22.0,0.36805162458960716
45.0,58.0,59.0,66.0,70.0,60.0,20.0,11.0,32.0,70.0,38.0,27.0,6.0,53.0,41.0,43.0,31.0,88.0,63.0,60.0,6.0,63.0,71.0,27.0,73.0,31.0,1.0,20.0,64.0,26.0,22.0,92.0,65.0,45.0,46.0,24.0,14.0,2.0,32.0,74.0,59.0,45.0,14.0,8.0,46.0,65.0,65.0,67.0,46.0,22.0,11.0,0,0.5226377980735529,F,2.5,1.0,4,0.5226377980735529,122.0,81.0,73.0,22.0,0.36256456321580954
5.0,77.0,19.0,1.0,3.0,42.0,42.0,41.0,30.0,47.0,1.0,13.0,41.0,6.0,34.0,3.0,54.0,57.0,75.0,88.0,83.0,20.0,9.0,59.0,19.0,67.0,14.0,65.0,81.0,68.0,19.0,33.0,87.0,1.0,65.0,6.0,39.0,84.0,55.0,17.0,31.0,24.0,57.0,42.0,35.0,38.0,58.0,64.0,58.0,22.0,10.0,1,0.5226377980735529,F,2.5,1.0,4,0.5226377980735529,123.0,82.0,73.0,22.0,0.365296803652968
21.0,16.0,45.0,82.0,61.0,53.0,4.0,22.0,12.0,13.0,63.0,54.0,48.0,59.0,71.0,77.0,52.0,26.0,29.0,48.0,18.0,70.0,67.0,43.0,73.0,37.0,12.0,25.0,59.0,34.0,16.0,79.0,5.0,48.0,28.0,84.0,83.0,30.0,41.0,47.0,35.0,53.0,80.0,81.0,69.0,46.0,18.0,13.0,57.0,74.0,13.0,1,0.3577244737797382,F,1.5,1.0,3,0.3577244737797382,124.0,83.0,73.0,22.0,0.36798497569597877
81.0,21.0,13.0,42.0,18.0,58.0,69.0,9.0,76.0,34.0,78.0,77.0,58.0,37.0,51.0,56.0,34.0,64.0,45.0,47.0,2.0,12.0,67.0,43.0,59.0,35.0,14.0,56.0,33.0,26.0,13.0,88.0,39.0,32.0,1.0,70.0,71.0,2.0,35.0,18.0,31.0,72.0,8.0,5.0,54.0,46.0,30.0,25.0,42.0,31.0,6.0,1,0.3577244737797382,F,1.5,1.0,3,0.3577244737797382,125.0,84.0,73.0,22.0,0.37063013698630143
11.0,2.0,41.0,27.0,4.0,11.0,7.0,73.0,21.0,19.0,81.0,67.0,48.0,26.0,34.0,39.0,35.0,1.0,27.0,65.0,74.0,22.0,1.0,84.0,28.0,86.0,7.0,32.0,73.0,34.0,53.0,71.0,2.0,8.0,42.0,87.0,58.0,79.0,64.0,54.0,14.0,62.0,60.0,7.0,84.0,21.0,31.0,75.0,69.0,1.0,9.0,1,0.3577244737797382,F,1.5,1.0,3,0.3577244737797382,126.0,85.0,73.0,22.0,0.37323331158947604
58.0,54.0,72.0,21.0,85.0,35.0,52.0,27.0,5.0,13.0,64.0,35.0,71.0,43.0,4.0,39.0,30.0,87.0,12.0,22.0,63.0,14.0,67.0,66.0,85.0,3.0,29.0,57.0,62.0,12.0,45.0,36.0,12.0,26.0,65.0,48.0,75.0,62.0,21.0,31.0,45.0,54.0,47.0,3.0,57.0,50.0,55.0,69.0,45.0,24.0,1.0,0,0.3577244737797382,F,1.5,0.0,3,0.3577244737797382,126.0,85.0,74.0,22.0,0.37730587730587734
45.0,36.0,99.0,45.0,85.0,83.0,32.0,33.0,74.0,60.0,60.0,39.0,4.0,11.0,71.0,40.0,30.0,8.0,28.0,89.0,39.0,23.0,44.0,26.0,34.0,63.0,78.0,19.0,73.0,68.0,49.0,18.0,77.0,5.0,2.0,16.0,7.0,13.0,2.0,57.0,2.0,52.0,60.0,47.0,20.0,78.0,66.0,15.0,60.0,19.0,1.0,0,0.3577244737797382,F,1.5,0.0,3,0.3577244737797382,126.0,85.0,75.0,22.0,0.3812698412698413
39.0,44.0,73.0,8.0,41.0,28.0,53.0,67.0,26.0,27.0,59.0,71.0,44.0,63.0,40.0,52.0,36.0,26.0,39.0,89.0,44.0,20.0,16.0,22.0,14.0,16.0,62.0,63.0,44.0,27.0,28.0,92.0,12.0,10.0,36.0,65.0,27.0,81.0,56.0,50.0,23.0,1.0,62.0,34.0,30.0,59.0,18.0,82.0,45.0,47.0,3.0,1,0.3577244737797382,F,1.5,1.0,3,0.3577244737797382,127.0,86.0,75.0,22.0,0.38383202099737534
24.0,75.0,45.0,66.0,64.0,78.0,55.0,51.0,59.0,56.0,42.0,3.0,8.0,3.0,61.0,44.0,38.0,57.0,42.0,101.0,67.0,30.0,35.0,65.0,53.0,9.0,12.0,11.0,75.0,24.0,13.0,84.0,43.0,64.0,18.0,24.0,12.0,90.0,24.0,84.0,12.0,52.0,12.0,14.0,54.0,57.0,18.0,39.0,74.0,33.0,13.0,1,0.3577244737797382,F,1.5,1.0,3,0.3577244737797382,128.0,87.0,75.0,22.0,0.38635416666666667
75.0,55.0,29.0,82.0,13.0,35.0,14.0,27.0,57.0,44.0,61.0,39.0,32.0,4.0,63.0,73.0,67.0,75.0,33.0,42.0,65.0,4.0,21.0,61.0,7.0,73.0,58.0,56.0,24.0,73.0,53.0,56.0,75.0,66.0,13.0,1.0,10.0,10.0,59.0,22.0,56.0,10.0,18.0,34.0,16.0,28.0,16.0,69.0,24.0,65.0,3.0,1,0.3577244737797382,F,1.5,1.0,3,0.3577244737797382,129.0,88.0,75.0,22.0,0.38883720930232557
43.0,53.0,55.0,49.0,25.0,62.0,38.0,91.0,61.0,47.0,38.0,1.0,72.0,61.0,26.0,61.0,12.0,98.0,50.0,65.0,23.0,67.0,5.0,59.0,56.0,41.0,5.0,45.0,14.0,57.0,32.0,48.0,99.0,64.0,48.0,44.0,18.0,5.0,13.0,5.0,23.0,17.0,80.0,45.0,28.0,36.0,44.0,71.0,60.0,46.0,13.0,0,0.3577244737797382,F,1.5,1.0,3,0.3577244737797382,130.0,88.0,75.0,22.0,0.3835897435897436
59.0,22.0,67.0,49.0,26.0,27.0,85.0,7.0,72.0,29.0,3.0,86.0,6.0,63.0,1.0,85.0,51.0,64.0,8.0,38.0,47.0,28.0,55.0,76.0,7.0,36.0,66.0,9.0,22.0,10.0,34.0,7.0,65.0,13.0,34.0,48.0,61.0,51.0,35.0,5.0,27.0,1.0,15.0,33.0,30.0,22.0,49.0,50.0,65.0,43.0,9.0,0,0.3577244737797382,F,1.5,1.0,3,0.3577244737797382,131.0,88.0,75.0,22.0,0.37842239185750637
48.0,36.0,44.0,37.0,5.0,56.0,3.0,79.0,38.0,62.0,1.0,54.0,61.0,56.0,62.0,2.0,67.0,42.0,32.0,48.0,84.0,26.0,67.0,106.0,16.0,61.0,67.0,10.0,47.0,57.0,81.0,31.0,7.0,11.0,63.0,65.0,11.0,76.0,29.0,50.0,58.0,38.0,75.0,70.0,86.0,50.0,63.0,4.0,18.0,56.0,9.0,1,0.3577244737797382,F,1.5,1.0,3,0.3577244737797382,132.0,89.0,75.0,22.0,0.38090909090909086
76.0,25.0,36.0,49.0,33.0,5.0,55.0,18.0,25.0,19.0,3.0,9.0,69.0,46.0,14.0,33.0,18.0,3.0,27.0,75.0,20.0,10.0,35.0,10.0,28.0,32.0,46.0,25.0,49.0,30.0,68.0,69.0,90.0,41.0,18.0,60.0,75.0,57.0,30.0,65.0,3.0,16.0,8.0,47.0,4.0,83.0,40.0,25.0,76.0,9.0,4.0,0,0.3577244737797382,F,1.5,1.0,3,0.3577244737797382,133.0,89.0,75.0,22.0,0.37583959899749375
7.0,22.0,43.0,49.0,41.0,21.0,63.0,59.0,59.0,31.0,3.0,86.0,56.0,37.0,34.0,37.0,71.0,19.0,38.0,77.0,62.0,18.0,55.0,2.0,54.0,79.0,68.0,69.0,58.0,47.0,8.0,90.0,19.0,15.0,54.0,85.0,10.0,13.0,37.0,12.0,54.0,22.0,37.0,20.0,20.0,70.0,46.0,10.0,48.0,9.0,1.0,0,0.3577244737797382,F,1.5,0.0,3,0.3577244737797382,133.0,89.0,76.0,22.0,0.37969924812030076
47.0,87.0,36.0,16.0,3.0,89.0,68.0,84.0,59.0,12.0,61.0,86.0,32.0,11.0,56.0,75.0,71.0,14.0,33.0,3.0,26.0,26.0,45.0,90.0,64.0,11.0,34.0,10.0,31.0,39.0,24.0,42.0,83.0,54.0,7.0,65.0,69.0,53.0,37.0,50.0,31.0,39.0,81.0,31.0,71.0,50.0,31.0,42.0,46.0,26.0,13.0,1,0.3577244737797382,F,1.5,1.0,3,0.3577244737797382,134.0,90.0,76.0,22.0,0.38216810683424984
61.0,77.0,69.0,70.0,85.0,75.0,29.0,66.0,60.0,63.0,79.0,36.0,46.0,42.0,78.0,59.0,18.0,38.0,43.0,77.0,39.0,26.0,57.0,30.0,34.0,62.0,14.0,7.0,79.0,45.0,57.0,90.0,1.0,73.0,52.0,62.0,16.0,10.0,17.0,22.0,14.0,16.0,47.0,20.0,75.0,70.0,40.0,49.0,16.0,19.0,9.0,1,0.3577244737797382,F,1.5,1.0,3,0.3577244737797382,135.0,91.0,76.0,22.0,0.3846003898635477
75.0,54.0,56.0,25.0,35.0,8.0,23.0,48.0,40.0,3.0,77.0,46.0,48.0,7.0,23.0,79.0,35.0,69.0,41.0,5.0,92.0,14.0,67.0,9.0,57.0,77.0,12.0,9.0,38.0,65.0,28.0,22.0,19.0,73.0,68.0,3.0,16.0,59.0,52.0,83.0,5.0,56.0,67.0,31.0,30.0,67.0,66.0,29.0,46.0,82.0,13.0,1,0.3577244737797382,F,1.5,1.0,3,0.3577244737797382,136.0,92.0,76.0,22.0,0.38699690402476783
40.0,32.0,11.0,49.0,56.0,14.0,52.0,47.0,70.0,29.0,51.0,51.0,43.0,56.0,73.0,73.0,38.0,44.0,4.0,78.0,51.0,3.0,75.0,24.0,64.0,39.0,15.0,63.0,14.0,8.0,49.0,11.0,17.0,55.0,65.0,75.0,16.0,10.0,35.0,33.0,15.0,21.0,12.0,17.0,41.0,68.0,57.0,62.0,66.0,7.0,1.0,0,0.3577244737797382,F,1.5,0.0,3,0.3577244737797382,136.0,92.0,77.0,22.0,0.39075630252100846
28.0,5.0,53.0,68.0,56.0,16.0,11.0,5.0,9.0,13.0,24.0,14.0,51.0,59.0,53.0,16.0,36.0,56.0,45.0,28.0,67.0,24.0,21.0,78.0,73.0,6.0,49.0,27.0,33.0,43.0,32.0,40.0,39.0,29.0,48.0,43.0,16.0,59.0,13.0,67.0,8.0,23.0,8.0,76.0,16.0,39.0,9.0,69.0,57.0,58.0,1.0,0,0.3577244737797382,F,1.5,0.0,3,0.3577244737797382,136.0,92.0,78.0,22.0,0.3944193061840121
83.0,75.0,43.0,87.0,5.0,8.0,78.0,80.0,29.0,29.0,57.0,35.0,32.0,46.0,51.0,35.0,71.0,98.0,52.0,24.0,65.0,44.0,1.0,15.0,32.0,9.0,32.0,32.0,14.0,32.0,71.0,82.0,29.0,42.0,7.0,79.0,75.0,15.0,32.0,59.0,62.0,16.0,48.0,78.0,25.0,32.0,55.0,49.0,58.0,45.0,8.0,0,0.3577244737797382,F,1.5,1.0,3,0.3577244737797382,137.0,92.0,78.0,22.0,0.3894815646640464
60.0,11.0,18.0,11.0,18.0,89.0,15.0,46.0,40.0,33.0,58.0,86.0,62.0,40.0,27.0,52.0,71.0,3.0,43.0,23.0,77.0,22.0,46.0,33.0,48.0,41.0,1.0,39.0,11.0,68.0,72.0,85.0,40.0,73.0,4.0,46.0,48.0,50.0,49.0,75.0,22.0,38.0,82.0,3.0,65.0,84.0,68.0,4.0,64.0,56.0,11.0,1,0.3577244737797382,F,1.5,1.0,3,0.3577244737797382,138.0,93.0,78.0,22.0,0.3918617614269788
18.0,80.0,14.0,27.0,3.0,8.0,84.0,67.0,20.0,12.0,79.0,81.0,48.0,36.0,56.0,10.0,53.0,29.0,39.0,28.0,26.0,20.0,30.0,23.0,5.0,47.0,76.0,19.0,75.0,6.0,75.0,11.0,70.0,29.0,49.0,6.0,57.0,43.0,56.0,5.0,20.0,40.0,81.0,20.0,17.0,48.0,26.0,75.0,48.0,19.0,1.0,0,0.3577244737797382,F,1.5,0.0,3,0.3577244737797382,138.0,93.0,79.0,22.0,0.39543203082003303
59.0,27.0,47.0,89.0,71.0,11.0,41.0,61.0,26.0,28.0,69.0,12.0,71.0,69.0,18.0,56.0,67.0,29.0,20.0,76.0,79.0,10.0,25.0,62.0,11.0,3.0,27.0,36.0,22.0,39.0,65.0,11.0,10.0,33.0,28.0,9.0,63.0,67.0,13.0,9.0,54.0,22.0,3.0,15.0,40.0,69.0,9.0,40.0,67.0,70.0,1.0,0,0.3577244737797382,F,1.5,0.0,3,0.3577244737797382,138.0,93.0,80.0,22.0,0.39891304347826084
65.0,38.0,47.0,64.0,3.0,54.0,24.0,2.0,20.0,4.0,9.0,54.0,16.0,58.0,71.0,22.0,38.0,48.0,50.0,61.0,55.0,82.0,47.0,43.0,11.0,88.0,56.0,43.0,25.0,64.0,27.0,34.0,73.0,20.0,63.0,23.0,43.0,79.0,35.0,65.0,27.0,40.0,51.0,76.0,20.0,25.0,1.0,65.0,65.0,17.0,9.0,1,0.3577244737797382,F,1.5,1.0,3,0.3577244737797382,139.0,94.0,80.0,22.0,0.4012589928057554
48.0,47.0,43.0,27.0,75.0,33.0,42.0,28.0,28.0,4.0,12.0,37.0,6.0,27.0,47.0,35.0,52.0,26.0,4.0,32.0,22.0,65.0,9.0,82.0,48.0,59.0,67.0,47.0,60.0,6.0,59.0,53.0,80.0,3.0,23.0,41.0,59.0,61.0,15.0,59.0,23.0,54.0,31.0,20.0,71.0,74.0,46.0,67.0,42.0,26.0,8.0,0,0.3577244737797382,F,1.5,1.0,3,0.3577244737797382,140.0,94.0,80.0,22.0,0.39642857142857135
65.0,45.0,84.0,43.0,69.0,14.0,45.0,69.0,43.0,47.0,61.0,26.0,35.0,53.0,36.0,24.0,22.0,46.0,22.0,30.0,86.0,61.0,67.0,78.0,85.0,53.0,62.0,67.0,26.0,47.0,57.0,58.0,42.0,30.0,38.0,81.0,25.0,55.0,63.0,29.0,28.0,6.0,45.0,17.0,86.0,26.0,44.0,85.0,71.0,48.0,1.0,0,0.3577244737797382,F,1.5,0.0,3,0.3577244737797382,140.0,94.0,81.0,22.0,0.39982363315696645
30.0,73.0,96.0,9.0,10.0,17.0,3.0,1.0,34.0,13.0,25.0,56.0,58.0,11.0,48.0,78.0,71.0,36.0,16.0,5.0,61.0,19.0,46.0,60.0,42.0,3.0,22.0,70.0,47.0,52.0,72.0,92.0,30.0,15.0,34.0,52.0,24.0,43.0,56.0,23.0,52.0,46.0,32.0,20.0,52.0,32.0,42.0,4.0,1.0,81.0,1.0,0,0.3577244737797382,F,1.5,0.0,3,0.3577244737797382,140.0,94.0,82.0,22.0,0.4031358885017421
61.0,70.0,96.0,49.0,78.0,32.0,77.0,41.0,78.0,31.0,24.0,9.0,39.0,63.0,62.0,20.0,60.0,91.0,4.0,75.0,51.0,10.0,71.0,16.0,73.0,21.0,54.0,47.0,44.0,48.0,10.0,66.0,1.0,1.0,65.0,36.0,12.0,71.0,54.0,19.0,31.0,39.0,15.0,81.0,27.0,32.0,18.0,85.0,60.0,27.0,1.0,1,0.3577244737797382,F,1.5,0.0,3,0.3577244737797382,140.0,94.0,83.0,23.0,0.3943201376936316
38.0,6.0,96.0,63.0,47.0,27.0,57.0,84.0,28.0,18.0,16.0,77.0,22.0,59.0,57.0,79.0,35.0,68.0,9.0,26.0,2.0,75.0,30.0,106.0,34.0,93.0,25.0,35.0,61.0,26.0,27.0,51.0,39.0,55.0,26.0,24.0,1.0,65.0,24.0,22.0,52.0,38.0,34.0,47.0,14.0,72.0,58.0,32.0,30.0,24.0,1.0,1,0.3577244737797382,F,1.5,0.0,3,0.3577244737797382,140.0,94.0,84.0,24.0,0.3857142857142857
32.0,38.0,38.0,27.0,67.0,81.0,56.0,58.0,58.0,4.0,60.0,55.0,65.0,27.0,1.0,63.0,71.0,19.0,28.0,24.0,63.0,62.0,67.0,106.0,79.0,13.0,20.0,47.0,60.0,6.0,34.0,82.0,21.0,32.0,4.0,18.0,4.0,37.0,6.0,62.0,52.0,25.0,30.0,24.0,52.0,82.0,58.0,63.0,26.0,1.0,13.0,0,0.3577244737797382,F,1.5,1.0,3,0.3577244737797382,141.0,94.0,84.0,24.0,0.38095238095238093
7.0,10.0,88.0,82.0,62.0,71.0,33.0,77.0,66.0,37.0,31.0,44.0,76.0,63.0,45.0,50.0,30.0,8.0,8.0,65.0,44.0,75.0,27.0,88.0,41.0,53.0,5.0,37.0,48.0,68.0,68.0,40.0,11.0,47.0,15.0,30.0,61.0,63.0,70.0,67.0,57.0,36.0,69.0,5.0,23.0,75.0,63.0,42.0,80.0,26.0,3.0,1,0.3577244737797382,F,1.5,1.0,3,0.3577244737797382,142.0,95.0,84.0,24.0,0.38329979879275655
54.0,52.0,69.0,7.0,75.0,70.0,15.0,73.0,30.0,52.0,22.0,13.0,29.0,6.0,57.0,85.0,67.0,22.0,35.0,7.0,54.0,9.0,47.0,53.0,81.0,15.0,62.0,25.0,49.0,57.0,13.0,46.0,17.0,60.0,28.0,34.0,37.0,76.0,19.0,25.0,29.0,9.0,47.0,17.0,27.0,77.0,9.0,75.0,50.0,24.0,4.0,0,0.3577244737797382,F,1.5,1.0,3,0.3577244737797382,143.0,95.0,84.0,24.0,0.3786213786213787
39.0,77.0,65.0,31.0,43.0,65.0,9.0,31.0,39.0,29.0,20.0,35.0,48.0,67.0,71.0,44.0,58.0,52.0,50.0,76.0,51.0,79.0,71.0,106.0,81.0,85.0,1.0,22.0,77.0,8.0,32.0,53.0,11.0,82.0,31.0,85.0,1.0,14.0,41.0,1.0,62.0,36.0,8.0,20.0,33.0,5.0,3.0,67.0,84.0,56.0,9.0,0,0.3577244737797382,F,1.5,1.0,3,0.3577244737797382,144.0,95.0,84.0,24.0,0.3740079365079365
21.0,38.0,43.0,3.0,20.0,42.0,15.0,73.0,60.0,52.0,38.0,29.0,22.0,61.0,70.0,25.0,64.0,69.0,20.0,33.0,55.0,63.0,40.0,63.0,47.0,6.0,20.0,9.0,17.0,45.0,17.0,55.0,86.0,66.0,52.0,5.0,71.0,59.0,41.0,74.0,41.0,38.0,8.0,5.0,27.0,81.0,43.0,4.0,24.0,45.0,2.0,1,0.3577244737797382,F,1.5,1.0,3,0.3577244737797382,145.0,96.0,84.0,24.0,0.37635467980295567
83.0,26.0,70.0,82.0,75.0,75.0,84.0,84.0,5.0,47.0,3.0,86.0,16.0,53.0,56.0,68.0,71.0,36.0,41.0,67.0,26.0,72.0,47.0,21.0,72.0,32.0,16.0,9.0,54.0,10.0,41.0,92.0,79.0,66.0,23.0,87.0,83.0,37.0,7.0,58.0,17.0,36.0,35.0,17.0,1.0,81.0,58.0,75.0,42.0,82.0,11.0,1,0.3577244737797382,F,1.5,1.0,3,0.3577244737797382,146.0,97.0,84.0,24.0,0.3786692759295499
55.0,17.0,56.0,5.0,75.0,89.0,11.0,58.0,39.0,6.0,5.0,64.0,8.0,37.0,34.0,65.0,30.0,25.0,52.0,78.0,9.0,26.0,25.0,78.0,32.0,6.0,33.0,9.0,4.0,55.0,55.0,4.0,83.0,69.0,68.0,1.0,16.0,30.0,58.0,50.0,62.0,72.0,42.0,20.0,56.0,59.0,55.0,85.0,42.0,11.0,1.0,0,0.3577244737797382,F,1.5,0.0,3,0.3577244737797382,146.0,97.0,85.0,24.0,0.382030620467365
50.0,81.0,81.0,86.0,57.0,73.0,62.0,84.0,76.0,60.0,39.0,86.0,56.0,46.0,34.0,73.0,22.0,35.0,43.0,76.0,79.0,59.0,77.0,34.0,85.0,39.0,55.0,26.0,60.0,68.0,14.0,88.0,30.0,59.0,54.0,1.0,16.0,77.0,58.0,16.0,31.0,4.0,4.0,41.0,16.0,32.0,18.0,29.0,55.0,18.0,9.0,0,0.3577244737797382,F,1.5,1.0,3,0.3577244737797382,147.0,97.0,85.0,24.0,0.37751100440176066
75.0,54.0,70.0,43.0,44.0,21.0,7.0,25.0,40.0,6.0,22.0,13.0,45.0,19.0,16.0,85.0,18.0,43.0,8.0,15.0,37.0,46.0,57.0,30.0,55.0,66.0,46.0,3.0,37.0,66.0,26.0,65.0,79.0,65.0,54.0,75.0,43.0,53.0,50.0,54.0,39.0,31.0,25.0,53.0,20.0,21.0,46.0,35.0,83.0,9.0,3.0,0,0.3577244737797382,F,1.5,1.0,3,0.3577244737797382,148.0,97.0,85.0,24.0,0.3730524642289348
48.0,54.0,64.0,7.0,10.0,81.0,6.0,5.0,5.0,60.0,61.0,63.0,17.0,11.0,30.0,24.0,24.0,32.0,1.0,21.0,26.0,73.0,55.0,45.0,22.0,14.0,9.0,21.0,35.0,46.0,35.0,48.0,90.0,77.0,2.0,50.0,56.0,64.0,24.0,69.0,1.0,10.0,78.0,40.0,27.0,49.0,48.0,69.0,45.0,58.0,1.0,0,0.3577244737797382,F,1.5,0.0,3,0.3577244737797382,148.0,97.0,86.0,24.0,0.3763356379635449
31.0,38.0,48.0,82.0,57.0,77.0,2.0,43.0,59.0,29.0,11.0,73.0,4.0,46.0,33.0,2.0,30.0,59.0,8.0,95.0,35.0,22.0,30.0,93.0,41.0,35.0,24.0,25.0,36.0,45.0,20.0,45.0,80.0,16.0,27.0,80.0,65.0,10.0,22.0,83.0,14.0,72.0,73.0,76.0,14.0,42.0,8.0,64.0,70.0,33.0,5.0,1,0.3577244737797382,F,1.5,1.0,3,0.3577244737797382,149.0,98.0,86.0,24.0,0.3786483533635087
45.0,14.0,70.0,82.0,1.0,96.0,42.0,84.0,59.0,22.0,3.0,21.0,52.0,69.0,27.0,83.0,67.0,69.0,5.0,53.0,63.0,59.0,73.0,8.0,18.0,65.0,22.0,43.0,45.0,8.0,34.0,42.0,45.0,66.0,7.0,78.0,59.0,37.0,54.0,47.0,49.0,56.0,43.0,27.0,73.0,77.0,33.0,51.0,76.0,45.0,1.0,1,0.3577244737797382,F,1.5,0.0,3,0.3577244737797382,149.0,98.0,87.0,25.0,0.37036179896628874
23.0,54.0,29.0,27.0,55.0,75.0,69.0,69.0,76.0,3.0,13.0,13.0,43.0,27.0,79.0,2.0,51.0,82.0,41.0,9.0,67.0,72.0,1.0,62.0,35.0,89.0,16.0,25.0,32.0,47.0,57.0,67.0,35.0,6.0,65.0,17.0,26.0,70.0,48.0,50.0,58.0,65.0,47.0,14.0,30.0,77.0,44.0,29.0,33.0,8.0,9.0,1,0.3577244737797382,F,1.5,1.0,3,0.3577244737797382,150.0,99.0,87.0,25.0,0.3726436781609196
79.0,77.0,13.0,65.0,3.0,76.0,15.0,73.0,57.0,4.0,49.0,24.0,73.0,65.0,66.0,18.0,50.0,15.0,4.0,21.0,81.0,36.0,25.0,6.0,53.0,59.0,22.0,39.0,57.0,68.0,72.0,54.0,73.0,73.0,18.0,22.0,50.0,43.0,56.0,27.0,35.0,64.0,50.0,20.0,58.0,58.0,31.0,36.0,51.0,72.0,1.0,0,0.3577244737797382,F,1.5,0.0,3,0.3577244737797382,150.0,99.0,88.0,25.0,0.3759090909090909
69.0,56.0,13.0,5.0,78.0,94.0,5.0,56.0,12.0,59.0,41.0,46.0,10.0,63.0,56.0,77.0,65.0,98.0,34.0,52.0,29.0,18.0,35.0,6.0,34.0,21.0,58.0,43.0,55.0,45.0,79.0,84.0,59.0,42.0,28.0,87.0,18.0,13.0,49.0,26.0,58.0,72.0,45.0,31.0,47.0,14.0,46.0,67.0,26.0,4.0,1.0,1,0.3577244737797382,F,1.5,0.0,3,0.3577244737797382,150.0,99.0,89.0,26.0,0.3678651685393259
84.0,36.0,81.0,72.0,53.0,59.0,59.0,73.0,38.0,69.0,53.0,23.0,66.0,51.0,48.0,54.0,31.0,33.0,41.0,52.0,26.0,26.0,82.0,66.0,55.0,40.0,58.0,5.0,62.0,50.0,16.0,92.0,99.0,1.0,69.0,39.0,80.0,65.0,61.0,82.0,49.0,38.0,34.0,3.0,81.0,25.0,46.0,52.0,46.0,64.0,13.0,1,0.3577244737797382,F,1.5,1.0,3,0.3577244737797382,151.0,100.0,89.0,26.0,0.370116824168465
30.0,51.0,57.0,7.0,80.0,72.0,88.0,25.0,39.0,13.0,83.0,60.0,77.0,69.0,71.0,63.0,19.0,58.0,26.0,85.0,19.0,68.0,67.0,56.0,67.0,60.0,71.0,37.0,14.0,29.0,69.0,24.0,88.0,38.0,2.0,60.0,61.0,38.0,3.0,34.0,5.0,20.0,37.0,41.0,36.0,48.0,39.0,58.0,65.0,38.0,3.0,1,0.3577244737797382,F,1.5,1.0,3,0.3577244737797382,152.0,101.0,89.0,26.0,0.3723388527498522
35.0,4.0,24.0,82.0,82.0,30.0,88.0,62.0,72.0,59.0,74.0,56.0,65.0,75.0,23.0,35.0,50.0,92.0,31.0,97.0,41.0,48.0,67.0,30.0,64.0,73.0,22.0,23.0,33.0,68.0,58.0,56.0,79.0,58.0,54.0,46.0,74.0,32.0,23.0,22.0,1.0,17.0,18.0,15.0,67.0,32.0,66.0,62.0,67.0,24.0,1.0,1,0.3577244737797382,F,1.5,0.0,3,0.3577244737797382,152.0,101.0,90.0,27.0,0.36447368421052634
85.0,77.0,57.0,27.0,11.0,33.0,27.0,77.0,74.0,31.0,38.0,35.0,71.0,50.0,72.0,68.0,38.0,5.0,12.0,40.0,54.0,71.0,1.0,39.0,11.0,11.0,42.0,65.0,41.0,60.0,19.0,78.0,15.0,82.0,2.0,65.0,22.0,24.0,6.0,26.0,68.0,58.0,5.0,65.0,64.0,76.0,17.0,33.0,75.0,19.0,5.0,1,0.3577244737797382,F,1.5,1.0,3,0.3577244737797382,153.0,102.0,90.0,27.0,0.36666666666666664
3.0,11.0,64.0,27.0,3.0,8.0,57.0,33.0,30.0,13.0,2.0,48.0,32.0,75.0,59.0,44.0,18.0,68.0,50.0,78.0,61.0,70.0,55.0,70.0,8.0,64.0,8.0,18.0,47.0,34.0,72.0,31.0,17.0,73.0,43.0,33.0,5.0,56.0,26.0,27.0,42.0,37.0,8.0,3.0,8.0,63.0,33.0,35.0,67.0,58.0,6.0,1,0.3577244737797382,F,1.5,1.0,3,0.3577244737797382,154.0,103.0,90.0,27.0,0.3688311688311688
74.0,72.0,16.0,32.0,46.0,90.0,58.0,33.0,59.0,38.0,12.0,11.0,10.0,30.0,6.0,90.0,71.0,75.0,33.0,24.0,53.0,71.0,29.0,88.0,84.0,3.0,55.0,41.0,73.0,3.0,9.0,86.0,15.0,64.0,28.0,50.0,22.0,51.0,41.0,56.0,67.0,39.0,49.0,61.0,78.0,49.0,18.0,39.0,45.0,17.0,9.0,1,0.3577244737797382,F,1.5,1.0,3,0.3577244737797382,155.0,104.0,90.0,27.0,0.37096774193548393
19.0,13.0,70.0,24.0,83.0,40.0,28.0,33.0,76.0,33.0,12.0,36.0,51.0,61.0,55.0,54.0,69.0,33.0,50.0,32.0,92.0,2.0,35.0,89.0,34.0,49.0,22.0,47.0,61.0,47.0,56.0,92.0,27.0,27.0,67.0,92.0,5.0,67.0,19.0,73.0,31.0,32.0,8.0,68.0,86.0,36.0,61.0,4.0,45.0,24.0,1.0,0,0.3577244737797382,F,1.5,0.0,3,0.3577244737797382,155.0,104.0,91.0,27.0,0.3742644452321872
69.0,30.0,65.0,49.0,79.0,13.0,80.0,3.0,30.0,70.0,77.0,17.0,32.0,26.0,71.0,5.0,22.0,69.0,20.0,62.0,51.0,77.0,46.0,57.0,28.0,37.0,8.0,4.0,55.0,43.0,7.0,17.0,29.0,52.0,21.0,17.0,52.0,46.0,15.0,5.0,68.0,8.0,16.0,22.0,27.0,8.0,20.0,69.0,45.0,66.0,1.0,0,0.3577244737797382,F,1.5,0.0,3,0.3577244737797382,155.0,104.0,92.0,27.0,0.3774894810659187
49.0,48.0,87.0,70.0,39.0,33.0,52.0,92.0,76.0,65.0,80.0,13.0,64.0,61.0,34.0,84.0,65.0,91.0,3.0,40.0,84.0,14.0,21.0,56.0,62.0,42.0,64.0,9.0,77.0,2.0,59.0,57.0,50.0,52.0,56.0,17.0,22.0,58.0,45.0,5.0,15.0,48.0,19.0,67.0,21.0,84.0,18.0,18.0,10.0,8.0,14.0,1,0.3577244737797382,F,1.5,1.0,3,0.3577244737797382,156.0,105.0,92.0,27.0,0.3795986622073579
11.0,45.0,52.0,20.0,18.0,13.0,25.0,35.0,38.0,13.0,44.0,42.0,76.0,6.0,7.0,54.0,38.0,64.0,39.0,37.0,92.0,14.0,29.0,102.0,17.0,85.0,12.0,40.0,75.0,14.0,59.0,42.0,11.0,73.0,6.0,16.0,64.0,73.0,14.0,29.0,18.0,32.0,12.0,22.0,10.0,77.0,3.0,75.0,26.0,45.0,13.0,1,0.3577244737797382,F,1.5,1.0,3,0.3577244737797382,157.0,106.0,92.0,27.0,0.3816809747992245
68.0,86.0,52.0,21.0,18.0,10.0,52.0,84.0,59.0,29.0,81.0,86.0,22.0,14.0,34.0,73.0,55.0,37.0,43.0,72.0,1.0,67.0,82.0,62.0,60.0,47.0,65.0,25.0,72.0,26.0,43.0,79.0,68.0,49.0,50.0,66.0,26.0,21.0,15.0,70.0,23.0,46.0,45.0,30.0,52.0,48.0,44.0,33.0,50.0,15.0,11.0,0,0.3577244737797382,F,1.5,1.0,3,0.3577244737797382,158.0,106.0,92.0,27.0,0.37740781507980187
83.0,60.0,99.0,44.0,44.0,16.0,19.0,88.0,44.0,28.0,61.0,86.0,70.0,37.0,56.0,81.0,47.0,35.0,24.0,20.0,65.0,21.0,41.0,90.0,28.0,41.0,32.0,27.0,51.0,10.0,48.0,53.0,79.0,74.0,72.0,87.0,60.0,37.0,42.0,80.0,52.0,52.0,8.0,32.0,81.0,82.0,43.0,75.0,52.0,56.0,6.0,1,0.3577244737797382,F,1.5,1.0,3,0.3577244737797382,159.0,107.0,92.0,27.0,0.379477713973202
77.0,60.0,47.0,46.0,11.0,52.0,58.0,45.0,54.0,25.0,38.0,46.0,12.0,52.0,56.0,2.0,30.0,64.0,28.0,59.0,58.0,31.0,21.0,84.0,3.0,77.0,78.0,16.0,54.0,45.0,79.0,11.0,40.0,60.0,28.0,78.0,16.0,70.0,26.0,27.0,30.0,64.0,8.0,49.0,14.0,49.0,58.0,27.0,78.0,45.0,3.0,1,0.3577244737797382,F,1.5,1.0,3,0.3577244737797382,160.0,108.0,92.0,27.0,0.3815217391304348
28.0,36.0,40.0,37.0,21.0,50.0,40.0,18.0,46.0,49.0,3.0,81.0,56.0,11.0,55.0,80.0,66.0,53.0,46.0,77.0,19.0,22.0,14.0,7.0,66.0,74.0,69.0,11.0,12.0,26.0,8.0,5.0,43.0,51.0,26.0,87.0,1.0,89.0,24.0,70.0,39.0,8.0,59.0,10.0,57.0,68.0,9.0,60.0,50.0,52.0,5.0,0,0.3577244737797382,F,1.5,1.0,3,0.3577244737797382,161.0,108.0,92.0,27.0,0.37732919254658387
50.0,53.0,61.0,35.0,75.0,40.0,57.0,88.0,13.0,6.0,38.0,54.0,49.0,11.0,78.0,37.0,67.0,8.0,11.0,61.0,90.0,42.0,67.0,13.0,78.0,44.0,58.0,2.0,19.0,70.0,57.0,90.0,43.0,1.0,60.0,17.0,71.0,56.0,42.0,46.0,59.0,13.0,30.0,47.0,4.0,65.0,68.0,69.0,42.0,45.0,1.0,0,0.3577244737797382,F,1.5,0.0,3,0.3577244737797382,161.0,108.0,93.0,27.0,0.3804848727709878
31.0,14.0,87.0,63.0,57.0,59.0,48.0,36.0,35.0,13.0,50.0,44.0,59.0,30.0,33.0,22.0,48.0,64.0,1.0,86.0,67.0,78.0,35.0,46.0,53.0,3.0,58.0,56.0,54.0,26.0,10.0,17.0,90.0,3.0,61.0,19.0,1.0,67.0,17.0,28.0,55.0,79.0,52.0,35.0,32.0,20.0,58.0,85.0,27.0,72.0,1.0,1,0.3577244737797382,F,1.5,0.0,3,0.3577244737797382,161.0,108.0,94.0,28.0,0.3729351129906172
23.0,17.0,42.0,25.0,10.0,8.0,18.0,73.0,71.0,13.0,53.0,69.0,47.0,41.0,47.0,61.0,71.0,83.0,22.0,68.0,18.0,73.0,2.0,23.0,60.0,41.0,6.0,7.0,25.0,59.0,16.0,86.0,83.0,26.0,49.0,44.0,75.0,37.0,61.0,31.0,69.0,11.0,51.0,30.0,79.0,32.0,58.0,63.0,24.0,67.0,9.0,1,0.3577244737797382,F,1.5,1.0,3,0.3577244737797382,162.0,109.0,94.0,28.0,0.3749671657473076
39.0,29.0,47.0,51.0,27.0,75.0,3.0,16.0,28.0,15.0,83.0,41.0,71.0,53.0,62.0,68.0,55.0,98.0,50.0,59.0,77.0,39.0,37.0,55.0,29.0,33.0,9.0,32.0,47.0,52.0,81.0,86.0,53.0,5.0,7.0,3.0,56.0,2.0,32.0,78.0,39.0,52.0,8.0,73.0,28.0,58.0,46.0,4.0,60.0,79.0,2.0,0,0.3577244737797382,F,1.5,1.0,3,0.3577244737797382,163.0,109.0,94.0,28.0,0.3708393160161859
32.0,79.0,38.0,78.0,73.0,83.0,52.0,79.0,3.0,39.0,9.0,77.0,6.0,61.0,38.0,61.0,28.0,49.0,46.0,24.0,28.0,30.0,30.0,104.0,54.0,17.0,12.0,29.0,71.0,26.0,8.0,34.0,14.0,81.0,63.0,6.0,23.0,45.0,35.0,54.0,70.0,52.0,40.0,47.0,17.0,86.0,18.0,69.0,16.0,22.0,1.0,0,0.3577244737797382,F,1.5,0.0,3,0.3577244737797382,163.0,109.0,95.0,28.0,0.3739748143364547
8.0,36.0,12.0,49.0,23.0,33.0,80.0,46.0,61.0,3.0,3.0,84.0,10.0,46.0,7.0,22.0,65.0,57.0,24.0,90.0,26.0,38.0,67.0,70.0,38.0,40.0,22.0,5.0,44.0,32.0,52.0,67.0,83.0,25.0,68.0,85.0,52.0,43.0,61.0,74.0,49.0,53.0,57.0,39.0,35.0,12.0,33.0,71.0,13.0,45.0,1.0,0,0.3577244737797382,F,1.5,0.0,3,0.3577244737797382,163.0,109.0,96.0,28.0,0.37704498977505113
31.0,79.0,96.0,5.0,76.0,21.0,11.0,31.0,59.0,58.0,1.0,13.0,69.0,27.0,62.0,78.0,67.0,69.0,32.0,52.0,25.0,9.0,46.0,45.0,11.0,49.0,65.0,13.0,61.0,57.0,72.0,47.0,19.0,22.0,7.0,41.0,24.0,76.0,32.0,60.0,35.0,14.0,39.0,77.0,14.0,43.0,54.0,62.0,43.0,19.0,4.0,1,0.3577244737797382,F,1.5,1.0,3,0.3577244737797382,164.0,110.0,96.0,28.0,0.3790650406504065
61.0,74.0,27.0,48.0,70.0,75.0,15.0,84.0,39.0,6.0,41.0,81.0,50.0,46.0,68.0,68.0,55.0,69.0,20.0,12.0,11.0,74.0,44.0,84.0,73.0,6.0,68.0,58.0,47.0,33.0,59.0,90.0,52.0,11.0,48.0,66.0,61.0,43.0,56.0,44.0,11.0,43.0,60.0,65.0,81.0,2.0,55.0,58.0,67.0,47.0,3.0,1,0.3577244737797382,F,1.5,1.0,3,0.3577244737797382,165.0,111.0,96.0,28.0,0.38106060606060604
12.0,54.0,98.0,85.0,78.0,13.0,34.0,11.0,35.0,39.0,60.0,8.0,9.0,74.0,56.0,39.0,65.0,70.0,43.0,26.0,57.0,18.0,5.0,86.0,77.0,1.0,33.0,29.0,60.0,75.0,69.0,86.0,80.0,55.0,34.0,41.0,69.0,61.0,4.0,84.0,43.0,46.0,12.0,45.0,8.0,59.0,17.0,62.0,55.0,79.0,1.0,0,0.3577244737797382,F,1.5,0.0,3,0.3577244737797382,165.0,111.0,97.0,28.0,0.38406747891283977
11.0,36.0,54.0,87.0,78.0,52.0,7.0,75.0,54.0,50.0,48.0,15.0,12.0,61.0,26.0,53.0,30.0,79.0,50.0,71.0,16.0,71.0,10.0,104.0,30.0,37.0,78.0,19.0,62.0,57.0,51.0,58.0,10.0,60.0,6.0,90.0,16.0,77.0,41.0,36.0,40.0,72.0,12.0,22.0,34.0,58.0,48.0,4.0,17.0,54.0,5.0,1,0.3577244737797382,F,1.5,1.0,3,0.3577244737797382,166.0,112.0,97.0,28.0,0.3860390013662899
3.0,4.0,56.0,16.0,5.0,72.0,89.0,79.0,57.0,47.0,47.0,31.0,16.0,52.0,62.0,50.0,47.0,82.0,45.0,68.0,22.0,2.0,6.0,93.0,67.0,21.0,74.0,53.0,5.0,43.0,57.0,2.0,11.0,3.0,50.0,66.0,75.0,2.0,22.0,5.0,54.0,54.0,23.0,25.0,49.0,57.0,20.0,63.0,67.0,56.0,13.0,1,0.3577244737797382,F,1.5,1.0,3,0.3577244737797382,167.0,113.0,97.0,28.0,0.3879869127723934
11.0,24.0,99.0,11.0,56.0,52.0,40.0,68.0,2.0,11.0,56.0,42.0,76.0,33.0,66.0,32.0,28.0,98.0,50.0,32.0,63.0,7.0,78.0,38.0,41.0,11.0,60.0,16.0,47.0,29.0,34.0,66.0,14.0,73.0,48.0,66.0,7.0,84.0,61.0,64.0,8.0,46.0,64.0,3.0,64.0,59.0,3.0,46.0,75.0,9.0,13.0,1,0.3577244737797382,F,1.5,1.0,3,0.3577244737797382,168.0,114.0,97.0,28.0,0.38991163475699564
12.0,11.0,20.0,45.0,27.0,33.0,19.0,9.0,45.0,60.0,61.0,30.0,35.0,64.0,68.0,61.0,71.0,8.0,41.0,89.0,20.0,86.0,60.0,90.0,70.0,63.0,60.0,39.0,31.0,34.0,59.0,82.0,35.0,69.0,57.0,75.0,26.0,10.0,56.0,70.0,49.0,46.0,45.0,54.0,17.0,58.0,61.0,59.0,84.0,79.0,11.0,0,0.3577244737797382,F,1.5,1.0,3,0.3577244737797382,169.0,114.0,97.0,28.0,0.3858964192033185
26.0,36.0,81.0,29.0,40.0,33.0,29.0,3.0,80.0,15.0,6.0,73.0,67.0,27.0,68.0,29.0,44.0,82.0,39.0,24.0,54.0,54.0,55.0,52.0,28.0,37.0,22.0,56.0,47.0,44.0,15.0,50.0,21.0,60.0,41.0,87.0,61.0,19.0,11.0,41.0,27.0,28.0,50.0,43.0,30.0,48.0,55.0,78.0,43.0,5.0,1.0,0,0.3577244737797382,F,1.5,0.0,3,0.3577244737797382,169.0,114.0,98.0,28.0,0.3888419273034658
66.0,21.0,13.0,66.0,49.0,84.0,78.0,67.0,61.0,64.0,9.0,35.0,17.0,11.0,6.0,65.0,43.0,16.0,50.0,70.0,69.0,22.0,71.0,17.0,59.0,92.0,22.0,39.0,44.0,48.0,13.0,88.0,49.0,23.0,63.0,65.0,72.0,37.0,69.0,23.0,3.0,16.0,63.0,13.0,30.0,56.0,14.0,64.0,66.0,19.0,9.0,0,0.3577244737797382,F,1.5,1.0,3,0.3577244737797382,170.0,114.0,98.0,28.0,0.3848739495798319
29.0,76.0,12.0,64.0,20.0,11.0,7.0,3.0,59.0,29.0,12.0,45.0,65.0,41.0,48.0,10.0,67.0,5.0,13.0,91.0,51.0,82.0,6.0,46.0,79.0,3.0,33.0,20.0,22.0,47.0,76.0,90.0,75.0,60.0,23.0,33.0,47.0,70.0,35.0,77.0,54.0,3.0,9.0,41.0,45.0,27.0,31.0,20.0,70.0,19.0,2.0,1,0.3577244737797382,F,1.5,1.0,3,0.3577244737797382,171.0,115.0,98.0,28.0,0.38680033416875526
18.0,29.0,14.0,10.0,3.0,73.0,42.0,84.0,3.0,15.0,14.0,84.0,67.0,27.0,49.0,73.0,44.0,7.0,50.0,30.0,75.0,29.0,51.0,30.0,9.0,53.0,38.0,5.0,73.0,17.0,61.0,69.0,52.0,46.0,61.0,50.0,1.0,31.0,60.0,18.0,47.0,38.0,4.0,76.0,32.0,82.0,36.0,49.0,42.0,35.0,1.0,0,0.3577244737797382,F,1.5,0.0,3,0.3577244737797382,171.0,115.0,99.0,28.0,0.38968633705475814
43.0,77.0,14.0,83.0,14.0,78.0,20.0,29.0,12.0,68.0,15.0,78.0,4.0,4.0,62.0,22.0,35.0,100.0,32.0,3.0,83.0,26.0,55.0,87.0,67.0,71.0,3.0,1.0,62.0,43.0,36.0,48.0,97.0,15.0,43.0,22.0,65.0,43.0,61.0,18.0,3.0,60.0,2.0,17.0,6.0,87.0,18.0,18.0,13.0,22.0,14.0,0,0.3577244737797382,F,1.5,1.0,3,0.3577244737797382,172.0,115.0,99.0,28.0,0.38577636833450785
79.0,60.0,94.0,70.0,18.0,38.0,11.0,3.0,48.0,1.0,26.0,18.0,71.0,38.0,54.0,73.0,45.0,35.0,5.0,82.0,63.0,22.0,67.0,6.0,84.0,27.0,15.0,5.0,49.0,34.0,13.0,34.0,97.0,6.0,42.0,23.0,47.0,2.0,54.0,70.0,49.0,36.0,81.0,12.0,65.0,18.0,27.0,5.0,41.0,19.0,9.0,1,0.3577244737797382,F,1.5,1.0,3,0.3577244737797382,173.0,116.0,99.0,28.0,0.38769194838559
84.0,36.0,99.0,49.0,72.0,88.0,36.0,36.0,60.0,17.0,20.0,58.0,67.0,63.0,47.0,25.0,35.0,65.0,4.0,46.0,87.0,76.0,75.0,15.0,35.0,79.0,46.0,51.0,14.0,43.0,34.0,88.0,30.0,64.0,9.0,18.0,10.0,22.0,58.0,50.0,20.0,40.0,14.0,15.0,75.0,8.0,9.0,75.0,42.0,13.0,5.0,0,0.3577244737797382,F,1.5,1.0,3,0.3577244737797382,174.0,116.0,99.0,28.0,0.3838383838383838
33.0,2.0,11.0,3.0,12.0,37.0,11.0,9.0,48.0,60.0,41.0,84.0,16.0,30.0,1.0,22.0,43.0,18.0,41.0,35.0,37.0,79.0,16.0,78.0,90.0,26.0,32.0,49.0,57.0,63.0,54.0,31.0,64.0,53.0,18.0,58.0,18.0,43.0,49.0,18.0,7.0,54.0,10.0,32.0,14.0,32.0,20.0,8.0,24.0,17.0,3.0,1,0.3577244737797382,F,1.5,1.0,3,0.3577244737797382,175.0,117.0,99.0,28.0,0.3857431457431458
71.0,22.0,11.0,83.0,20.0,31.0,52.0,12.0,10.0,11.0,87.0,28.0,29.0,27.0,56.0,85.0,41.0,82.0,41.0,54.0,29.0,60.0,2.0,90.0,28.0,41.0,74.0,25.0,47.0,67.0,48.0,20.0,25.0,36.0,43.0,54.0,7.0,79.0,32.0,34.0,58.0,72.0,43.0,76.0,27.0,70.0,7.0,45.0,81.0,5.0,13.0,1,0.3577244737797382,F,1.5,1.0,3,0.3577244737797382,176.0,118.0,99.0,28.0,0.3876262626262626
65.0,54.0,96.0,27.0,18.0,36.0,57.0,82.0,28.0,44.0,16.0,45.0,56.0,53.0,30.0,40.0,65.0,3.0,50.0,38.0,71.0,71.0,77.0,26.0,52.0,44.0,8.0,1.0,73.0,50.0,65.0,2.0,10.0,18.0,2.0,54.0,3.0,43.0,24.0,18.0,27.0,32.0,50.0,50.0,30.0,26.0,63.0,62.0,55.0,19.0,1.0,0,0.3577244737797382,F,1.5,0.0,3,0.3577244737797382,176.0,118.0,100.0,28.0,0.3904545454545454
81.0,71.0,13.0,51.0,39.0,42.0,29.0,30.0,30.0,56.0,30.0,81.0,34.0,53.0,71.0,83.0,48.0,54.0,8.0,69.0,51.0,26.0,35.0,48.0,52.0,47.0,56.0,25.0,29.0,39.0,72.0,82.0,12.0,64.0,18.0,50.0,53.0,21.0,7.0,50.0,31.0,32.0,16.0,10.0,24.0,58.0,61.0,46.0,24.0,2.0,1.0,0,0.3577244737797382,F,1.5,0.0,3,0.3577244737797382,176.0,118.0,101.0,28.0,0.39322682268226816
54.0,67.0,32.0,87.0,67.0,10.0,29.0,43.0,12.0,36.0,53.0,26.0,65.0,69.0,60.0,35.0,67.0,3.0,23.0,24.0,62.0,9.0,21.0,106.0,7.0,41.0,71.0,7.0,31.0,29.0,20.0,48.0,25.0,12.0,65.0,9.0,63.0,43.0,37.0,74.0,49.0,40.0,51.0,41.0,86.0,68.0,44.0,85.0,57.0,47.0,2.0,0,0.3577244737797382,F,1.5,1.0,3,0.3577244737797382,177.0,118.0,101.0,28.0,0.3894389438943894
79.0,47.0,20.0,7.0,56.0,87.0,41.0,77.0,59.0,13.0,2.0,72.0,16.0,11.0,41.0,37.0,35.0,82.0,50.0,77.0,33.0,12.0,1.0,78.0,47.0,94.0,33.0,53.0,25.0,26.0,13.0,29.0,5.0,7.0,16.0,21.0,71.0,23.0,44.0,40.0,8.0,48.0,17.0,41.0,79.0,19.0,58.0,75.0,55.0,82.0,11.0,0,0.3577244737797382,F,1.5,1.0,3,0.3577244737797382,178.0,118.0,101.0,28.0,0.38569362554232944
76.0,21.0,84.0,71.0,23.0,42.0,20.0,88.0,72.0,39.0,60.0,32.0,49.0,11.0,44.0,68.0,14.0,33.0,4.0,86.0,65.0,1.0,23.0,52.0,32.0,73.0,14.0,53.0,57.0,57.0,52.0,13.0,45.0,77.0,18.0,3.0,53.0,2.0,19.0,10.0,49.0,66.0,38.0,41.0,70.0,76.0,63.0,44.0,7.0,18.0,1.0,0,0.3577244737797382,F,1.5,0.0,3,0.3577244737797382,178.0,118.0,102.0,28.0,0.38841154439303804
3.0,22.0,89.0,24.0,18.0,96.0,80.0,84.0,40.0,65.0,24.0,86.0,53.0,33.0,11.0,22.0,67.0,11.0,22.0,74.0,26.0,71.0,67.0,104.0,21.0,39.0,62.0,11.0,5.0,60.0,41.0,42.0,37.0,76.0,54.0,3.0,37.0,46.0,56.0,17.0,27.0,3.0,57.0,11.0,79.0,38.0,14.0,38.0,72.0,45.0,5.0,1,0.3577244737797382,F,1.5,1.0,3,0.3577244737797382,179.0,119.0,102.0,28.0,0.3902946653521744
21.0,42.0,72.0,64.0,68.0,38.0,27.0,29.0,59.0,34.0,66.0,75.0,29.0,65.0,40.0,79.0,71.0,98.0,49.0,54.0,79.0,71.0,71.0,59.0,73.0,20.0,53.0,25.0,58.0,38.0,7.0,92.0,15.0,64.0,33.0,67.0,53.0,43.0,29.0,30.0,58.0,16.0,12.0,37.0,67.0,84.0,25.0,69.0,25.0,70.0,8.0,1,0.3577244737797382,F,1.5,1.0,3,0.3577244737797382,180.0,120.0,102.0,28.0,0.392156862745098
23.0,60.0,101.0,69.0,20.0,73.0,63.0,34.0,10.0,22.0,3.0,30.0,22.0,7.0,16.0,70.0,22.0,80.0,5.0,52.0,39.0,54.0,80.0,26.0,3.0,27.0,75.0,7.0,42.0,47.0,49.0,92.0,12.0,1.0,18.0,52.0,24.0,43.0,55.0,19.0,7.0,13.0,47.0,41.0,57.0,82.0,46.0,68.0,30.0,64.0,5.0,1,0.3577244737797382,F,1.5,1.0,3,0.3577244737797382,181.0,121.0,102.0,28.0,0.393998483371249
21.0,1.0,29.0,27.0,76.0,31.0,79.0,3.0,54.0,13.0,13.0,9.0,22.0,53.0,34.0,49.0,35.0,86.0,35.0,28.0,61.0,6.0,78.0,87.0,39.0,35.0,12.0,33.0,25.0,26.0,9.0,55.0,52.0,29.0,69.0,76.0,27.0,82.0,13.0,27.0,52.0,22.0,47.0,70.0,57.0,87.0,10.0,75.0,11.0,7.0,1.0,1,0.3577244737797382,F,1.5,0.0,3,0.3577244737797382,181.0,121.0,103.0,29.0,0.3869548892345652
5.0,22.0,36.0,29.0,86.0,64.0,80.0,84.0,12.0,47.0,16.0,14.0,20.0,65.0,1.0,54.0,26.0,82.0,33.0,25.0,66.0,57.0,20.0,63.0,32.0,46.0,50.0,47.0,58.0,1.0,34.0,12.0,4.0,5.0,32.0,78.0,43.0,46.0,13.0,58.0,1.0,14.0,9.0,77.0,52.0,82.0,51.0,75.0,15.0,25.0,13.0,1,0.3577244737797382,F,1.5,1.0,3,0.3577244737797382,182.0,122.0,103.0,29.0,0.38877627227141787
7.0,48.0,61.0,35.0,5.0,26.0,52.0,84.0,59.0,66.0,53.0,86.0,74.0,46.0,30.0,73.0,34.0,48.0,47.0,52.0,26.0,1.0,63.0,52.0,86.0,3.0,78.0,29.0,44.0,32.0,49.0,17.0,39.0,17.0,9.0,23.0,22.0,69.0,24.0,54.0,69.0,36.0,77.0,1.0,23.0,12.0,55.0,69.0,53.0,1.0,9.0,1,0.3577244737797382,F,1.5,1.0,3,0.3577244737797382,183.0,123.0,103.0,29.0,0.39057774948273116
51.0,79.0,99.0,66.0,53.0,62.0,74.0,91.0,23.0,56.0,61.0,52.0,29.0,24.0,29.0,61.0,38.0,18.0,50.0,33.0,33.0,17.0,8.0,48.0,34.0,73.0,76.0,5.0,62.0,64.0,49.0,84.0,19.0,46.0,68.0,85.0,7.0,23.0,27.0,84.0,31.0,17.0,31.0,11.0,14.0,77.0,61.0,43.0,32.0,15.0,8.0,1,0.3577244737797382,F,1.5,1.0,3,0.3577244737797382,184.0,124.0,103.0,29.0,0.39235964542000845
4.0,26.0,45.0,16.0,75.0,73.0,80.0,46.0,78.0,56.0,43.0,68.0,58.0,39.0,16.0,33.0,52.0,27.0,33.0,61.0,51.0,14.0,35.0,70.0,4.0,83.0,1.0,20.0,28.0,28.0,75.0,73.0,43.0,29.0,16.0,30.0,43.0,70.0,65.0,83.0,8.0,9.0,75.0,47.0,5.0,1.0,7.0,38.0,13.0,24.0,1.0,0,0.3577244737797382,F,1.5,0.0,3,0.3577244737797382,184.0,124.0,104.0,29.0,0.395066889632107
37.0,8.0,51.0,3.0,18.0,28.0,61.0,60.0,53.0,16.0,44.0,81.0,32.0,11.0,56.0,6.0,36.0,72.0,11.0,97.0,13.0,30.0,6.0,87.0,67.0,59.0,22.0,39.0,72.0,6.0,81.0,17.0,14.0,29.0,32.0,68.0,53.0,33.0,37.0,54.0,62.0,36.0,45.0,6.0,14.0,68.0,36.0,25.0,70.0,45.0,13.0,1,0.3577244737797382,F,1.5,1.0,3,0.3577244737797382,185.0,125.0,104.0,29.0,0.3968295218295218
3.0,75.0,13.0,62.0,58.0,11.0,1.0,36.0,41.0,48.0,9.0,13.0,50.0,53.0,62.0,75.0,46.0,52.0,23.0,91.0,55.0,19.0,69.0,104.0,54.0,94.0,33.0,53.0,12.0,64.0,8.0,58.0,13.0,77.0,18.0,63.0,75.0,76.0,61.0,18.0,33.0,39.0,4.0,26.0,65.0,32.0,11.0,13.0,71.0,47.0,3.0,0,0.3577244737797382,F,1.5,1.0,3,0.3577244737797382,186.0,125.0,104.0,29.0,0.3931968569065343
21.0,24.0,69.0,77.0,28.0,88.0,42.0,76.0,66.0,6.0,53.0,79.0,21.0,27.0,16.0,33.0,28.0,46.0,11.0,69.0,63.0,22.0,65.0,46.0,21.0,41.0,46.0,68.0,29.0,17.0,16.0,26.0,55.0,14.0,65.0,50.0,64.0,2.0,22.0,49.0,49.0,39.0,4.0,5.0,25.0,82.0,31.0,4.0,6.0,24.0,9.0,1,0.3577244737797382,F,1.5,1.0,3,0.3577244737797382,187.0,126.0,104.0,29.0,0.39495063759769644
84.0,25.0,20.0,33.0,5.0,18.0,31.0,84.0,79.0,50.0,3.0,62.0,67.0,63.0,59.0,56.0,34.0,19.0,46.0,44.0,62.0,67.0,2.0,73.0,53.0,91.0,62.0,55.0,9.0,11.0,49.0,31.0,50.0,62.0,65.0,50.0,38.0,37.0,24.0,44.0,49.0,25.0,48.0,8.0,44.0,88.0,58.0,42.0,80.0,74.0,13.0,0,0.3577244737797382,F,1.5,1.0,3,0.3577244737797382,188.0,126.0,104.0,29.0,0.391366612111293
65.0,49.0,82.0,88.0,28.0,13.0,42.0,41.0,59.0,39.0,84.0,21.0,35.0,58.0,48.0,50.0,22.0,82.0,12.0,85.0,6.0,66.0,57.0,58.0,39.0,82.0,32.0,11.0,44.0,64.0,32.0,66.0,69.0,35.0,33.0,87.0,10.0,10.0,37.0,80.0,31.0,68.0,38.0,51.0,27.0,77.0,20.0,75.0,78.0,55.0,6.0,1,0.3577244737797382,F,1.5,1.0,3,0.3577244737797382,189.0,127.0,104.0,29.0,0.3931115181115181
7.0,54.0,91.0,19.0,15.0,3.0,11.0,79.0,60.0,55.0,74.0,17.0,63.0,35.0,6.0,77.0,67.0,86.0,3.0,28.0,26.0,14.0,64.0,36.0,18.0,3.0,56.0,27.0,47.0,45.0,40.0,92.0,64.0,26.0,42.0,6.0,10.0,69.0,43.0,67.0,8.0,22.0,81.0,69.0,47.0,4.0,7.0,78.0,72.0,79.0,9.0,1,0.3577244737797382,F,1.5,1.0,3,0.3577244737797382,190.0,128.0,104.0,29.0,0.3948380566801619
83.0,77.0,61.0,46.0,24.0,10.0,71.0,43.0,78.0,50.0,9.0,33.0,22.0,75.0,67.0,56.0,55.0,3.0,3.0,7.0,73.0,42.0,27.0,27.0,54.0,37.0,1.0,27.0,42.0,41.0,49.0,36.0,35.0,58.0,65.0,26.0,45.0,35.0,49.0,34.0,49.0,48.0,30.0,77.0,8.0,29.0,68.0,60.0,83.0,69.0,9.0,1,0.3577244737797382,F,1.5,1.0,3,0.3577244737797382,191.0,129.0,104.0,29.0,0.3965465163109142
79.0,40.0,61.0,27.0,61.0,3.0,38.0,9.0,59.0,27.0,8.0,46.0,13.0,51.0,1.0,68.0,67.0,54.0,27.0,47.0,37.0,12.0,24.0,43.0,57.0,85.0,44.0,53.0,22.0,42.0,75.0,88.0,13.0,52.0,26.0,91.0,71.0,88.0,37.0,35.0,20.0,16.0,31.0,8.0,24.0,32.0,38.0,44.0,68.0,47.0,8.0,1,0.3577244737797382,F,1.5,1.0,3,0.3577244737797382,192.0,130.0,104.0,29.0,0.3982371794871795
12.0,77.0,89.0,49.0,13.0,62.0,3.0,25.0,76.0,65.0,39.0,73.0,32.0,70.0,27.0,16.0,38.0,47.0,6.0,11.0,35.0,39.0,61.0,84.0,67.0,10.0,10.0,5.0,47.0,11.0,80.0,37.0,17.0,64.0,6.0,66.0,62.0,43.0,61.0,22.0,54.0,30.0,3.0,34.0,81.0,86.0,29.0,85.0,48.0,81.0,9.0,1,0.3577244737797382,F,1.5,1.0,3,0.3577244737797382,193.0,131.0,104.0,29.0,0.39991032283778394
7.0,82.0,86.0,35.0,77.0,65.0,11.0,3.0,72.0,59.0,9.0,36.0,68.0,61.0,10.0,73.0,56.0,51.0,38.0,73.0,20.0,44.0,61.0,20.0,49.0,2.0,1.0,53.0,41.0,33.0,19.0,92.0,19.0,34.0,26.0,64.0,81.0,89.0,7.0,32.0,6.0,45.0,47.0,77.0,65.0,70.0,16.0,75.0,54.0,56.0,1.0,1,0.3577244737797382,F,1.5,0.0,3,0.3577244737797382,193.0,131.0,105.0,30.0,0.3930421909696521
37.0,64.0,72.0,66.0,80.0,56.0,74.0,48.0,5.0,26.0,9.0,82.0,33.0,65.0,44.0,73.0,68.0,22.0,13.0,90.0,9.0,68.0,75.0,64.0,34.0,17.0,58.0,45.0,38.0,29.0,14.0,88.0,63.0,66.0,23.0,39.0,15.0,67.0,13.0,66.0,1.0,38.0,3.0,49.0,25.0,77.0,68.0,29.0,37.0,45.0,8.0,1,0.3577244737797382,F,1.5,1.0,3,0.3577244737797382,194.0,132.0,105.0,30.0,0.39469808541973495
12.0,54.0,72.0,75.0,78.0,21.0,7.0,38.0,38.0,32.0,2.0,33.0,16.0,19.0,70.0,90.0,30.0,60.0,13.0,65.0,33.0,69.0,21.0,104.0,47.0,37.0,58.0,67.0,57.0,26.0,19.0,26.0,97.0,3.0,26.0,46.0,41.0,41.0,37.0,74.0,49.0,75.0,37.0,41.0,48.0,68.0,7.0,29.0,60.0,21.0,1.0,0,0.3577244737797382,F,1.5,0.0,3,0.3577244737797382,194.0,132.0,106.0,30.0,0.39739350320949235
58.0,51.0,38.0,66.0,35.0,8.0,21.0,3.0,72.0,29.0,2.0,86.0,21.0,27.0,78.0,44.0,39.0,17.0,10.0,24.0,65.0,18.0,47.0,59.0,66.0,46.0,69.0,32.0,60.0,15.0,79.0,31.0,62.0,64.0,53.0,81.0,27.0,10.0,65.0,87.0,66.0,58.0,40.0,14.0,33.0,74.0,46.0,33.0,60.0,45.0,1.0,0,0.3577244737797382,F,1.5,0.0,3,0.3577244737797382,194.0,132.0,107.0,30.0,0.40003853935831973
69.0,36.0,14.0,87.0,70.0,77.0,9.0,9.0,20.0,39.0,12.0,37.0,39.0,43.0,62.0,20.0,43.0,40.0,24.0,94.0,35.0,39.0,64.0,33.0,48.0,39.0,32.0,47.0,54.0,5.0,2.0,51.0,90.0,32.0,18.0,62.0,63.0,35.0,54.0,50.0,13.0,73.0,19.0,41.0,57.0,38.0,18.0,67.0,22.0,9.0,9.0,1,0.3577244737797382,F,1.5,1.0,3,0.3577244737797382,195.0,133.0,107.0,30.0,0.40167745027558116
47.0,29.0,98.0,86.0,40.0,75.0,52.0,11.0,12.0,60.0,52.0,13.0,29.0,37.0,32.0,73.0,39.0,19.0,24.0,9.0,22.0,24.0,36.0,72.0,40.0,90.0,78.0,1.0,47.0,32.0,53.0,1.0,33.0,52.0,23.0,50.0,10.0,82.0,17.0,84.0,1.0,16.0,38.0,64.0,69.0,10.0,64.0,63.0,1.0,76.0,8.0,0,0.3577244737797382,F,1.5,1.0,3,0.3577244737797382,196.0,133.0,107.0,30.0,0.3981975967957277
21.0,55.0,69.0,9.0,3.0,22.0,85.0,85.0,66.0,49.0,69.0,64.0,76.0,21.0,56.0,73.0,36.0,91.0,50.0,67.0,83.0,63.0,71.0,6.0,61.0,34.0,73.0,9.0,31.0,52.0,21.0,66.0,6.0,52.0,45.0,84.0,65.0,37.0,56.0,28.0,14.0,47.0,34.0,75.0,40.0,69.0,62.0,78.0,6.0,79.0,10.0,1,0.3577244737797382,F,1.5,1.0,3,0.3577244737797382,197.0,134.0,107.0,30.0,0.3998292139095783
16.0,38.0,24.0,70.0,13.0,67.0,15.0,46.0,76.0,62.0,68.0,32.0,63.0,12.0,7.0,27.0,67.0,54.0,20.0,78.0,51.0,2.0,71.0,8.0,38.0,32.0,58.0,67.0,80.0,26.0,52.0,85.0,33.0,32.0,72.0,79.0,7.0,67.0,4.0,48.0,16.0,38.0,37.0,14.0,82.0,83.0,20.0,25.0,71.0,76.0,4.0,0,0.3577244737797382,F,1.5,1.0,3,0.3577244737797382,198.0,134.0,107.0,30.0,0.3963938449919759
84.0,25.0,69.0,21.0,71.0,23.0,11.0,92.0,59.0,6.0,34.0,54.0,39.0,37.0,47.0,22.0,35.0,48.0,43.0,85.0,28.0,77.0,64.0,79.0,34.0,51.0,73.0,25.0,73.0,7.0,43.0,17.0,39.0,73.0,65.0,22.0,65.0,22.0,30.0,35.0,49.0,38.0,66.0,11.0,40.0,68.0,3.0,5.0,45.0,58.0,13.0,0,0.3577244737797382,F,1.5,1.0,3,0.3577244737797382,199.0,134.0,107.0,30.0,0.3929930023951534
42.0,74.0,27.0,78.0,20.0,8.0,42.0,25.0,30.0,37.0,32.0,54.0,29.0,11.0,69.0,81.0,52.0,52.0,8.0,81.0,91.0,75.0,54.0,60.0,7.0,73.0,22.0,13.0,12.0,52.0,34.0,58.0,19.0,10.0,4.0,87.0,67.0,30.0,37.0,78.0,45.0,39.0,47.0,61.0,57.0,87.0,20.0,59.0,67.0,45.0,2.0,0,0.3577244737797382,F,1.5,1.0,3,0.3577244737797382,200.0,134.0,107.0,30.0,0.38962616822429913
58.0,22.0,69.0,62.0,78.0,8.0,52.0,46.0,28.0,31.0,41.0,86.0,16.0,69.0,7.0,78.0,36.0,91.0,50.0,13.0,15.0,68.0,67.0,18.0,7.0,41.0,33.0,22.0,81.0,9.0,55.0,92.0,67.0,6.0,69.0,35.0,14.0,76.0,37.0,35.0,8.0,1.0,47.0,58.0,10.0,4.0,54.0,47.0,30.0,47.0,1.0,1,0.3577244737797382,F,1.5,0.0,3,0.3577244737797382,200.0,134.0,108.0,31.0,0.382962962962963
51.0,67.0,78.0,55.0,18.0,78.0,42.0,77.0,44.0,56.0,39.0,33.0,65.0,52.0,59.0,33.0,70.0,100.0,50.0,47.0,34.0,27.0,67.0,61.0,90.0,41.0,64.0,47.0,21.0,69.0,71.0,79.0,43.0,77.0,68.0,3.0,10.0,75.0,24.0,50.0,54.0,58.0,57.0,31.0,73.0,70.0,20.0,18.0,26.0,66.0,9.0,1,0.3577244737797382,F,1.5,1.0,3,0.3577244737797382,201.0,135.0,108.0,31.0,0.38460475400773914
43.0,22.0,59.0,70.0,77.0,40.0,5.0,3.0,61.0,13.0,61.0,55.0,67.0,43.0,48.0,83.0,65.0,69.0,6.0,80.0,65.0,18.0,13.0,80.0,78.0,33.0,37.0,70.0,24.0,46.0,49.0,64.0,11.0,5.0,19.0,84.0,47.0,37.0,61.0,59.0,5.0,36.0,10.0,74.0,86.0,22.0,63.0,44.0,22.0,17.0,1.0,0,0.3577244737797382,F,1.5,0.0,3,0.3577244737797382,201.0,135.0,109.0,31.0,0.3872381213200055
83.0,36.0,87.0,35.0,57.0,8.0,54.0,3.0,30.0,11.0,10.0,53.0,76.0,27.0,62.0,50.0,67.0,36.0,39.0,99.0,5.0,62.0,14.0,68.0,73.0,66.0,76.0,53.0,48.0,47.0,61.0,56.0,19.0,64.0,43.0,46.0,67.0,50.0,13.0,30.0,62.0,23.0,22.0,50.0,82.0,12.0,61.0,29.0,17.0,22.0,5.0,0,0.3577244737797382,F,1.5,1.0,3,0.3577244737797382,202.0,135.0,109.0,31.0,0.3839131619583977
41.0,60.0,88.0,19.0,75.0,29.0,62.0,85.0,21.0,1.0,3.0,30.0,43.0,15.0,52.0,73.0,67.0,29.0,45.0,44.0,82.0,87.0,2.0,78.0,40.0,74.0,42.0,18.0,8.0,43.0,15.0,59.0,17.0,73.0,52.0,8.0,7.0,35.0,61.0,4.0,58.0,3.0,72.0,81.0,69.0,82.0,48.0,13.0,19.0,56.0,2.0,1,0.3577244737797382,F,1.5,1.0,3,0.3577244737797382,203.0,136.0,109.0,31.0,0.38554706919148546
38.0,61.0,42.0,45.0,39.0,49.0,29.0,63.0,20.0,49.0,66.0,81.0,8.0,53.0,60.0,22.0,15.0,3.0,44.0,17.0,65.0,42.0,50.0,46.0,79.0,3.0,11.0,39.0,12.0,30.0,59.0,83.0,58.0,59.0,65.0,91.0,69.0,2.0,32.0,10.0,70.0,48.0,38.0,67.0,14.0,25.0,38.0,25.0,42.0,19.0,1.0,0,0.3577244737797382,F,1.5,0.0,3,0.3577244737797382,203.0,136.0,110.0,31.0,0.3881325570980743
54.0,26.0,55.0,31.0,38.0,61.0,20.0,29.0,12.0,66.0,5.0,15.0,58.0,53.0,41.0,8.0,28.0,82.0,18.0,82.0,26.0,61.0,1.0,26.0,30.0,23.0,71.0,9.0,54.0,66.0,54.0,64.0,51.0,64.0,72.0,7.0,16.0,37.0,24.0,27.0,54.0,17.0,47.0,48.0,57.0,10.0,35.0,4.0,69.0,45.0,2.0,0,0.3577244737797382,F,1.5,1.0,3,0.3577244737797382,204.0,136.0,110.0,31.0,0.38484848484848483
72.0,58.0,45.0,13.0,20.0,75.0,54.0,33.0,76.0,60.0,56.0,83.0,67.0,46.0,74.0,16.0,18.0,96.0,35.0,52.0,37.0,31.0,41.0,42.0,32.0,73.0,78.0,53.0,44.0,68.0,71.0,82.0,35.0,66.0,43.0,87.0,56.0,14.0,41.0,67.0,58.0,45.0,28.0,81.0,79.0,46.0,20.0,13.0,9.0,10.0,1.0,1,0.3577244737797382,F,1.5,0.0,3,0.3577244737797382,204.0,136.0,111.0,32.0,0.37837837837837834
23.0,75.0,72.0,64.0,89.0,13.0,36.0,42.0,31.0,41.0,41.0,5.0,31.0,48.0,10.0,40.0,24.0,1.0,23.0,77.0,39.0,26.0,53.0,69.0,73.0,67.0,18.0,9.0,25.0,68.0,16.0,79.0,15.0,30.0,47.0,87.0,16.0,82.0,24.0,62.0,14.0,23.0,52.0,14.0,52.0,68.0,43.0,40.0,42.0,13.0,3.0,0,0.3577244737797382,F,1.5,1.0,3,0.3577244737797382,205.0,136.0,111.0,32.0,0.3751263458580532
81.0,58.0,27.0,16.0,79.0,96.0,54.0,46.0,57.0,29.0,7.0,58.0,32.0,12.0,76.0,79.0,50.0,69.0,46.0,74.0,1.0,59.0,67.0,102.0,73.0,26.0,26.0,41.0,47.0,23.0,3.0,71.0,52.0,60.0,23.0,65.0,16.0,6.0,22.0,1.0,8.0,73.0,8.0,29.0,80.0,15.0,46.0,39.0,26.0,58.0,6.0,0,0.3577244737797382,F,1.5,1.0,3,0.3577244737797382,206.0,136.0,111.0,32.0,0.3719058864689933
27.0,80.0,45.0,49.0,52.0,24.0,77.0,61.0,73.0,37.0,26.0,43.0,43.0,37.0,78.0,35.0,65.0,60.0,46.0,1.0,26.0,7.0,23.0,87.0,63.0,32.0,5.0,55.0,57.0,19.0,61.0,48.0,3.0,1.0,7.0,51.0,71.0,45.0,33.0,54.0,63.0,36.0,29.0,70.0,10.0,71.0,61.0,79.0,72.0,9.0,9.0,0,0.3577244737797382,F,1.5,1.0,3,0.3577244737797382,207.0,136.0,111.0,32.0,0.36871654262958614
37.0,74.0,40.0,16.0,20.0,12.0,11.0,84.0,30.0,58.0,27.0,76.0,10.0,37.0,78.0,22.0,71.0,63.0,13.0,78.0,37.0,66.0,39.0,44.0,79.0,22.0,78.0,45.0,41.0,36.0,38.0,3.0,95.0,72.0,19.0,87.0,61.0,37.0,65.0,45.0,49.0,17.0,15.0,45.0,25.0,82.0,33.0,33.0,1.0,64.0,1.0,1,0.3577244737797382,F,1.5,0.0,3,0.3577244737797382,207.0,136.0,112.0,33.0,0.3623619737750173
55.0,1.0,40.0,18.0,26.0,87.0,22.0,29.0,59.0,35.0,20.0,84.0,18.0,11.0,34.0,1.0,12.0,60.0,24.0,91.0,33.0,22.0,2.0,8.0,81.0,95.0,31.0,68.0,15.0,57.0,20.0,51.0,99.0,46.0,7.0,52.0,35.0,35.0,61.0,4.0,58.0,8.0,74.0,42.0,10.0,28.0,43.0,74.0,36.0,19.0,9.0,1,0.3577244737797382,F,1.5,1.0,3,0.3577244737797382,208.0,137.0,112.0,33.0,0.364010989010989
50.0,22.0,101.0,58.0,75.0,33.0,11.0,79.0,71.0,29.0,38.0,86.0,71.0,11.0,26.0,43.0,47.0,69.0,11.0,13.0,12.0,26.0,35.0,60.0,14.0,51.0,1.0,45.0,47.0,46.0,61.0,34.0,2.0,66.0,23.0,82.0,26.0,55.0,60.0,58.0,39.0,73.0,47.0,69.0,7.0,30.0,18.0,85.0,84.0,12.0,13.0,0,0.3577244737797382,F,1.5,1.0,3,0.3577244737797382,209.0,137.0,112.0,33.0,0.36085953520164044
64.0,58.0,13.0,29.0,22.0,40.0,57.0,58.0,10.0,46.0,61.0,17.0,6.0,69.0,70.0,79.0,30.0,3.0,18.0,30.0,50.0,26.0,80.0,94.0,84.0,17.0,74.0,56.0,44.0,43.0,38.0,84.0,21.0,65.0,54.0,77.0,69.0,37.0,56.0,7.0,24.0,72.0,70.0,25.0,27.0,46.0,9.0,18.0,46.0,25.0,9.0,1,0.3577244737797382,F,1.5,1.0,3,0.3577244737797382,210.0,138.0,112.0,33.0,0.3625
65.0,54.0,38.0,25.0,3.0,2.0,70.0,63.0,48.0,28.0,12.0,72.0,37.0,17.0,35.0,87.0,38.0,3.0,52.0,17.0,93.0,75.0,21.0,17.0,54.0,9.0,54.0,29.0,14.0,14.0,82.0,82.0,22.0,22.0,25.0,69.0,2.0,55.0,24.0,27.0,58.0,16.0,17.0,20.0,10.0,78.0,30.0,33.0,16.0,5.0,14.0,0,0.3577244737797382,F,1.5,1.0,3,0.3577244737797382,211.0,138.0,112.0,33.0,0.3593855788761002
75.0,50.0,29.0,62.0,73.0,29.0,88.0,7.0,37.0,19.0,38.0,24.0,72.0,69.0,44.0,24.0,48.0,69.0,18.0,49.0,84.0,18.0,55.0,64.0,16.0,17.0,1.0,25.0,56.0,64.0,61.0,13.0,48.0,52.0,53.0,69.0,18.0,37.0,22.0,78.0,27.0,38.0,8.0,41.0,14.0,1.0,68.0,13.0,33.0,64.0,10.0,0,0.3577244737797382,F,1.5,1.0,3,0.3577244737797382,212.0,138.0,112.0,33.0,0.3563005390835579
83.0,54.0,80.0,31.0,18.0,21.0,2.0,68.0,72.0,29.0,66.0,27.0,22.0,58.0,71.0,3.0,69.0,82.0,52.0,102.0,73.0,44.0,78.0,42.0,84.0,52.0,62.0,70.0,36.0,47.0,1.0,34.0,22.0,68.0,26.0,1.0,10.0,82.0,66.0,65.0,57.0,39.0,14.0,39.0,78.0,68.0,68.0,42.0,78.0,22.0,4.0,1,0.3577244737797382,F,1.5,1.0,3,0.3577244737797382,213.0,139.0,112.0,33.0,0.357939302481556
3.0,26.0,84.0,34.0,47.0,65.0,16.0,73.0,68.0,44.0,19.0,33.0,62.0,53.0,7.0,8.0,36.0,29.0,4.0,102.0,63.0,1.0,82.0,93.0,48.0,5.0,58.0,67.0,36.0,14.0,57.0,18.0,60.0,73.0,65.0,28.0,53.0,55.0,39.0,67.0,30.0,72.0,4.0,6.0,1.0,82.0,9.0,17.0,13.0,5.0,14.0,1,0.3577244737797382,F,1.5,1.0,3,0.3577244737797382,214.0,140.0,112.0,33.0,0.3595627503337783
30.0,75.0,57.0,46.0,29.0,62.0,18.0,45.0,59.0,56.0,47.0,88.0,23.0,49.0,56.0,32.0,17.0,24.0,11.0,48.0,51.0,27.0,7.0,56.0,59.0,23.0,28.0,35.0,47.0,10.0,13.0,17.0,51.0,17.0,4.0,16.0,83.0,10.0,43.0,43.0,27.0,72.0,47.0,15.0,30.0,65.0,48.0,69.0,69.0,70.0,4.0,0,0.3577244737797382,F,1.5,1.0,3,0.3577244737797382,215.0,140.0,112.0,33.0,0.3565199335548173
81.0,36.0,76.0,46.0,47.0,89.0,11.0,88.0,38.0,56.0,65.0,17.0,64.0,20.0,10.0,71.0,67.0,76.0,49.0,95.0,92.0,14.0,19.0,78.0,84.0,18.0,40.0,1.0,5.0,57.0,3.0,6.0,50.0,64.0,34.0,65.0,36.0,70.0,51.0,28.0,21.0,47.0,37.0,15.0,71.0,38.0,26.0,75.0,6.0,11.0,3.0,1,0.3577244737797382,F,1.5,1.0,3,0.3577244737797382,216.0,141.0,112.0,33.0,0.35813492063492064
67.0,80.0,69.0,81.0,47.0,11.0,17.0,9.0,62.0,16.0,5.0,22.0,51.0,45.0,15.0,61.0,18.0,72.0,50.0,40.0,84.0,81.0,67.0,29.0,71.0,3.0,32.0,35.0,67.0,12.0,26.0,17.0,14.0,52.0,26.0,85.0,59.0,74.0,63.0,54.0,54.0,19.0,61.0,20.0,49.0,82.0,44.0,9.0,67.0,1.0,3.0,0,0.3577244737797382,F,1.5,1.0,3,0.3577244737797382,217.0,141.0,112.0,33.0,0.35512672811059903
7.0,70.0,97.0,81.0,72.0,29.0,2.0,36.0,61.0,68.0,65.0,3.0,66.0,19.0,5.0,85.0,47.0,64.0,12.0,47.0,42.0,42.0,62.0,46.0,30.0,63.0,58.0,24.0,32.0,68.0,68.0,58.0,17.0,61.0,39.0,3.0,1.0,37.0,16.0,54.0,44.0,9.0,45.0,60.0,73.0,38.0,44.0,58.0,13.0,75.0,13.0,1,0.3577244737797382,F,1.5,1.0,3,0.3577244737797382,218.0,142.0,112.0,33.0,0.35673328964613366
7.0,1.0,91.0,13.0,52.0,11.0,6.0,5.0,37.0,6.0,56.0,45.0,53.0,27.0,18.0,61.0,38.0,46.0,45.0,2.0,58.0,70.0,71.0,59.0,11.0,86.0,67.0,25.0,43.0,45.0,72.0,2.0,14.0,52.0,18.0,90.0,71.0,1.0,54.0,59.0,1.0,39.0,73.0,2.0,45.0,43.0,20.0,69.0,22.0,40.0,2.0,0,0.3577244737797382,F,1.5,1.0,3,0.3577244737797382,219.0,142.0,112.0,33.0,0.3537589693411611
25.0,48.0,29.0,49.0,37.0,88.0,56.0,46.0,36.0,55.0,41.0,86.0,6.0,44.0,68.0,29.0,12.0,3.0,50.0,19.0,77.0,21.0,67.0,51.0,31.0,58.0,49.0,29.0,24.0,3.0,34.0,60.0,96.0,32.0,59.0,27.0,85.0,59.0,41.0,35.0,31.0,52.0,62.0,7.0,38.0,58.0,29.0,75.0,64.0,19.0,9.0,0,0.3577244737797382,F,1.5,1.0,3,0.3577244737797382,220.0,142.0,112.0,33.0,0.35081168831168835
18.0,2.0,36.0,85.0,3.0,27.0,33.0,36.0,44.0,23.0,47.0,13.0,71.0,56.0,55.0,65.0,35.0,34.0,11.0,68.0,69.0,14.0,21.0,99.0,81.0,65.0,47.0,20.0,81.0,36.0,24.0,7.0,79.0,25.0,65.0,87.0,61.0,37.0,65.0,9.0,35.0,22.0,34.0,50.0,73.0,53.0,18.0,50.0,60.0,79.0,6.0,0,0.3577244737797382,F,1.5,1.0,3,0.3577244737797382,221.0,142.0,112.0,33.0,0.3478910795087266
50.0,38.0,75.0,49.0,77.0,48.0,84.0,27.0,23.0,37.0,66.0,26.0,29.0,11.0,66.0,3.0,30.0,13.0,38.0,66.0,45.0,18.0,25.0,79.0,31.0,3.0,31.0,36.0,57.0,46.0,20.0,92.0,33.0,49.0,26.0,4.0,52.0,69.0,13.0,65.0,65.0,20.0,3.0,14.0,81.0,32.0,48.0,5.0,83.0,74.0,1.0,0,0.3577244737797382,F,1.5,0.0,3,0.3577244737797382,221.0,142.0,113.0,33.0,0.35049853842149525
65.0,28.0,89.0,45.0,18.0,4.0,17.0,72.0,40.0,29.0,58.0,76.0,71.0,11.0,44.0,3.0,37.0,16.0,45.0,54.0,33.0,59.0,77.0,39.0,84.0,49.0,1.0,18.0,10.0,1.0,21.0,84.0,39.0,36.0,48.0,3.0,11.0,75.0,32.0,70.0,27.0,54.0,34.0,15.0,29.0,42.0,5.0,35.0,30.0,11.0,11.0,1,0.3577244737797382,F,1.5,1.0,3,0.3577244737797382,222.0,143.0,113.0,33.0,0.3521087459140556
79.0,45.0,76.0,90.0,80.0,52.0,76.0,27.0,46.0,33.0,56.0,44.0,33.0,46.0,78.0,61.0,67.0,73.0,32.0,69.0,90.0,26.0,53.0,71.0,85.0,6.0,33.0,70.0,37.0,68.0,5.0,7.0,53.0,64.0,69.0,35.0,44.0,89.0,7.0,38.0,5.0,46.0,34.0,32.0,34.0,25.0,18.0,68.0,45.0,11.0,9.0,1,0.3577244737797382,F,1.5,1.0,3,0.3577244737797382,223.0,144.0,113.0,33.0,0.3537045120838128
84.0,15.0,29.0,7.0,22.0,27.0,52.0,5.0,43.0,29.0,13.0,54.0,32.0,71.0,34.0,74.0,35.0,41.0,50.0,28.0,20.0,18.0,79.0,73.0,16.0,7.0,49.0,28.0,55.0,8.0,59.0,82.0,10.0,28.0,72.0,20.0,18.0,43.0,22.0,10.0,33.0,22.0,3.0,72.0,79.0,68.0,44.0,74.0,67.0,9.0,1.0,0,0.3577244737797382,F,1.5,0.0,3,0.3577244737797382,223.0,144.0,114.0,33.0,0.356266226103375
12.0,13.0,57.0,77.0,48.0,44.0,52.0,82.0,21.0,6.0,73.0,26.0,71.0,64.0,24.0,32.0,21.0,46.0,50.0,24.0,92.0,72.0,28.0,98.0,16.0,70.0,74.0,47.0,28.0,26.0,13.0,36.0,33.0,39.0,54.0,43.0,81.0,41.0,3.0,59.0,49.0,40.0,10.0,69.0,57.0,54.0,46.0,33.0,30.0,43.0,1.0,0,0.3577244737797382,F,1.5,0.0,3,0.3577244737797382,223.0,144.0,115.0,33.0,0.3587833885747709
38.0,32.0,76.0,88.0,10.0,75.0,63.0,85.0,74.0,39.0,4.0,17.0,3.0,56.0,56.0,59.0,67.0,29.0,45.0,26.0,37.0,22.0,47.0,66.0,5.0,91.0,60.0,45.0,54.0,4.0,4.0,90.0,50.0,69.0,34.0,73.0,16.0,46.0,61.0,43.0,8.0,72.0,8.0,20.0,3.0,25.0,63.0,51.0,37.0,1.0,9.0,1,0.3577244737797382,F,1.5,1.0,3,0.3577244737797382,224.0,145.0,115.0,33.0,0.36036490683229816
35.0,55.0,91.0,29.0,28.0,33.0,22.0,85.0,68.0,15.0,43.0,10.0,4.0,58.0,16.0,56.0,35.0,79.0,20.0,30.0,51.0,73.0,16.0,106.0,31.0,26.0,60.0,33.0,23.0,28.0,10.0,57.0,35.0,22.0,65.0,87.0,10.0,30.0,52.0,50.0,45.0,38.0,23.0,8.0,23.0,77.0,9.0,18.0,61.0,21.0,7.0,1,0.3577244737797382,F,1.5,1.0,3,0.3577244737797382,225.0,146.0,115.0,33.0,0.3619323671497584
72.0,22.0,13.0,42.0,78.0,75.0,63.0,2.0,78.0,66.0,3.0,5.0,45.0,46.0,56.0,68.0,56.0,98.0,39.0,90.0,55.0,85.0,55.0,41.0,79.0,82.0,17.0,67.0,20.0,45.0,24.0,2.0,18.0,9.0,58.0,87.0,21.0,43.0,61.0,40.0,45.0,56.0,59.0,62.0,82.0,52.0,61.0,54.0,67.0,9.0,1.0,0,0.3577244737797382,F,1.5,0.0,3,0.3577244737797382,225.0,146.0,116.0,33.0,0.3644061302681992
51.0,12.0,43.0,1.0,13.0,71.0,84.0,10.0,23.0,47.0,81.0,48.0,56.0,21.0,35.0,68.0,71.0,22.0,39.0,90.0,26.0,5.0,47.0,13.0,5.0,49.0,24.0,53.0,75.0,26.0,26.0,79.0,52.0,26.0,44.0,91.0,47.0,3.0,49.0,50.0,62.0,3.0,79.0,78.0,40.0,60.0,46.0,39.0,42.0,1.0,1.0,1,0.3577244737797382,F,1.5,0.0,3,0.3577244737797382,225.0,146.0,117.0,34.0,0.35829059829059823
76.0,22.0,81.0,70.0,5.0,92.0,42.0,88.0,46.0,29.0,22.0,55.0,44.0,27.0,71.0,70.0,41.0,86.0,39.0,54.0,93.0,20.0,81.0,70.0,87.0,95.0,12.0,25.0,77.0,64.0,60.0,33.0,97.0,73.0,65.0,33.0,38.0,2.0,32.0,3.0,42.0,32.0,51.0,11.0,20.0,69.0,42.0,69.0,71.0,5.0,8.0,0,0.3577244737797382,F,1.5,1.0,3,0.3577244737797382,226.0,146.0,117.0,34.0,0.35541940851675363
23.0,39.0,34.0,15.0,75.0,81.0,78.0,21.0,59.0,63.0,16.0,86.0,60.0,26.0,30.0,47.0,71.0,22.0,32.0,19.0,1.0,51.0,67.0,70.0,47.0,39.0,1.0,25.0,14.0,77.0,71.0,82.0,83.0,58.0,61.0,9.0,83.0,69.0,65.0,46.0,17.0,34.0,73.0,41.0,71.0,15.0,26.0,42.0,30.0,22.0,5.0,0,0.3577244737797382,F,1.5,1.0,3,0.3577244737797382,227.0,146.0,117.0,34.0,0.35257351556911026
63.0,75.0,65.0,87.0,20.0,90.0,77.0,6.0,32.0,33.0,83.0,54.0,10.0,15.0,76.0,3.0,71.0,61.0,24.0,89.0,27.0,18.0,8.0,78.0,53.0,31.0,68.0,13.0,36.0,26.0,55.0,2.0,15.0,64.0,6.0,81.0,66.0,46.0,6.0,65.0,14.0,47.0,75.0,63.0,85.0,18.0,33.0,55.0,72.0,17.0,4.0,1,0.3577244737797382,F,1.5,1.0,3,0.3577244737797382,228.0,147.0,117.0,34.0,0.35413855150697254
41.0,54.0,87.0,61.0,58.0,18.0,56.0,9.0,21.0,13.0,25.0,56.0,74.0,37.0,29.0,72.0,33.0,69.0,50.0,67.0,1.0,52.0,27.0,8.0,30.0,41.0,44.0,32.0,14.0,57.0,68.0,86.0,43.0,49.0,57.0,79.0,38.0,43.0,54.0,83.0,39.0,58.0,78.0,72.0,43.0,26.0,48.0,4.0,45.0,1.0,4.0,0,0.3577244737797382,F,1.5,1.0,3,0.3577244737797382,229.0,147.0,117.0,34.0,0.3513231067816221
79.0,8.0,61.0,37.0,41.0,64.0,44.0,25.0,21.0,19.0,3.0,47.0,67.0,53.0,18.0,24.0,37.0,55.0,5.0,24.0,18.0,68.0,80.0,28.0,47.0,23.0,12.0,45.0,63.0,26.0,34.0,49.0,2.0,64.0,54.0,53.0,69.0,10.0,41.0,65.0,54.0,52.0,37.0,54.0,79.0,82.0,64.0,58.0,59.0,59.0,9.0,1,0.3577244737797382,F,1.5,1.0,3,0.3577244737797382,230.0,148.0,117.0,34.0,0.35287997027127455
4.0,43.0,82.0,41.0,78.0,11.0,3.0,41.0,20.0,33.0,53.0,3.0,7.0,61.0,39.0,29.0,30.0,46.0,34.0,89.0,77.0,56.0,53.0,46.0,60.0,3.0,20.0,67.0,63.0,54.0,79.0,66.0,19.0,38.0,33.0,55.0,10.0,10.0,32.0,22.0,23.0,36.0,12.0,47.0,75.0,21.0,63.0,39.0,55.0,68.0,13.0,1,0.3577244737797382,F,1.5,1.0,3,0.3577244737797382,231.0,149.0,117.0,34.0,0.35442335442335443
48.0,12.0,58.0,72.0,47.0,11.0,1.0,84.0,12.0,31.0,73.0,90.0,34.0,46.0,10.0,40.0,35.0,21.0,39.0,54.0,79.0,71.0,21.0,103.0,79.0,37.0,33.0,62.0,68.0,29.0,20.0,92.0,43.0,1.0,33.0,70.0,38.0,26.0,56.0,66.0,38.0,44.0,4.0,63.0,69.0,42.0,53.0,58.0,63.0,56.0,1.0,1,0.3577244737797382,F,1.5,0.0,3,0.3577244737797382,231.0,149.0,118.0,35.0,0.34841147553011964
18.0,54.0,92.0,14.0,32.0,58.0,34.0,71.0,76.0,63.0,24.0,39.0,5.0,5.0,71.0,40.0,67.0,86.0,45.0,89.0,67.0,39.0,71.0,67.0,18.0,95.0,9.0,24.0,36.0,68.0,8.0,7.0,35.0,73.0,68.0,43.0,20.0,46.0,23.0,35.0,1.0,36.0,49.0,78.0,41.0,29.0,66.0,23.0,55.0,62.0,9.0,1,0.3577244737797382,F,1.5,1.0,3,0.3577244737797382,232.0,150.0,118.0,35.0,0.34994155464640564
28.0,77.0,72.0,34.0,85.0,80.0,2.0,66.0,69.0,21.0,24.0,81.0,3.0,37.0,7.0,17.0,53.0,69.0,20.0,73.0,44.0,12.0,35.0,86.0,73.0,77.0,42.0,8.0,44.0,47.0,33.0,88.0,88.0,64.0,32.0,65.0,27.0,43.0,22.0,66.0,44.0,79.0,15.0,20.0,37.0,12.0,18.0,69.0,57.0,30.0,6.0,1,0.3577244737797382,F,1.5,1.0,3,0.3577244737797382,233.0,151.0,118.0,35.0,0.3514585000363716
79.0,36.0,13.0,56.0,39.0,33.0,34.0,3.0,70.0,29.0,3.0,11.0,71.0,45.0,7.0,86.0,12.0,67.0,50.0,24.0,9.0,67.0,35.0,62.0,54.0,6.0,70.0,25.0,62.0,19.0,22.0,31.0,15.0,54.0,54.0,22.0,70.0,26.0,37.0,17.0,56.0,35.0,18.0,14.0,63.0,5.0,19.0,83.0,42.0,56.0,1.0,0,0.3577244737797382,F,1.5,0.0,3,0.3577244737797382,233.0,151.0,119.0,35.0,0.35395102246907345
56.0,21.0,64.0,64.0,24.0,41.0,57.0,53.0,26.0,13.0,24.0,11.0,3.0,27.0,7.0,76.0,50.0,53.0,50.0,52.0,9.0,72.0,15.0,67.0,41.0,90.0,44.0,25.0,54.0,19.0,79.0,79.0,27.0,14.0,65.0,23.0,16.0,37.0,25.0,20.0,5.0,36.0,18.0,23.0,83.0,70.0,7.0,35.0,48.0,9.0,3.0,1,0.3577244737797382,F,1.5,1.0,3,0.3577244737797382,234.0,152.0,119.0,35.0,0.35545500251382606
79.0,79.0,13.0,27.0,36.0,11.0,71.0,41.0,59.0,63.0,28.0,29.0,10.0,46.0,30.0,85.0,34.0,95.0,3.0,10.0,20.0,14.0,77.0,79.0,31.0,63.0,47.0,1.0,69.0,26.0,48.0,66.0,39.0,60.0,7.0,1.0,18.0,29.0,11.0,19.0,70.0,8.0,30.0,41.0,73.0,51.0,62.0,51.0,48.0,17.0,6.0,1,0.3577244737797382,F,1.5,1.0,3,0.3577244737797382,235.0,153.0,119.0,35.0,0.35694618272841055
45.0,10.0,79.0,82.0,82.0,52.0,80.0,79.0,32.0,31.0,61.0,58.0,17.0,63.0,57.0,48.0,56.0,50.0,46.0,77.0,47.0,42.0,62.0,62.0,30.0,32.0,71.0,20.0,19.0,48.0,9.0,1.0,15.0,48.0,69.0,1.0,38.0,47.0,10.0,67.0,6.0,3.0,34.0,65.0,30.0,32.0,9.0,36.0,30.0,14.0,5.0,1,0.3577244737797382,F,1.5,1.0,3,0.3577244737797382,236.0,154.0,119.0,35.0,0.35842472582253243
30.0,22.0,57.0,20.0,18.0,75.0,11.0,33.0,49.0,28.0,83.0,77.0,39.0,53.0,34.0,78.0,47.0,1.0,50.0,26.0,77.0,44.0,48.0,88.0,34.0,40.0,58.0,45.0,73.0,43.0,43.0,92.0,19.0,18.0,18.0,85.0,10.0,6.0,22.0,18.0,54.0,71.0,73.0,81.0,21.0,84.0,9.0,63.0,30.0,19.0,1.0,0,0.3577244737797382,F,1.5,0.0,3,0.3577244737797382,236.0,154.0,120.0,35.0,0.3608757062146893
45.0,32.0,38.0,35.0,83.0,94.0,62.0,23.0,74.0,36.0,50.0,7.0,7.0,48.0,35.0,22.0,67.0,5.0,50.0,102.0,26.0,62.0,47.0,4.0,28.0,83.0,73.0,34.0,22.0,57.0,57.0,36.0,52.0,64.0,57.0,50.0,16.0,45.0,16.0,30.0,54.0,72.0,12.0,41.0,35.0,20.0,68.0,4.0,73.0,66.0,9.0,0,0.3577244737797382,F,1.5,1.0,3,0.3577244737797382,237.0,154.0,120.0,35.0,0.35812236286919824
55.0,22.0,25.0,61.0,47.0,87.0,15.0,6.0,78.0,3.0,15.0,46.0,29.0,26.0,56.0,24.0,47.0,57.0,25.0,24.0,61.0,7.0,35.0,59.0,26.0,73.0,15.0,15.0,42.0,43.0,64.0,84.0,65.0,46.0,58.0,24.0,53.0,29.0,24.0,9.0,8.0,68.0,34.0,19.0,75.0,31.0,38.0,65.0,26.0,37.0,5.0,1,0.3577244737797382,F,1.5,1.0,3,0.3577244737797382,238.0,155.0,120.0,35.0,0.359593837535014
14.0,87.0,43.0,42.0,85.0,62.0,1.0,27.0,72.0,39.0,33.0,22.0,67.0,60.0,45.0,10.0,32.0,36.0,3.0,77.0,58.0,26.0,46.0,11.0,39.0,23.0,22.0,29.0,47.0,30.0,71.0,9.0,49.0,35.0,43.0,41.0,74.0,2.0,11.0,10.0,58.0,53.0,8.0,81.0,73.0,21.0,44.0,65.0,24.0,19.0,8.0,1,0.3577244737797382,F,1.5,1.0,3,0.3577244737797382,239.0,156.0,120.0,35.0,0.3610529986052999
84.0,79.0,19.0,25.0,47.0,42.0,89.0,40.0,28.0,31.0,7.0,65.0,32.0,58.0,40.0,18.0,46.0,70.0,3.0,16.0,67.0,65.0,35.0,82.0,9.0,95.0,32.0,20.0,35.0,50.0,48.0,84.0,35.0,3.0,13.0,74.0,27.0,37.0,56.0,22.0,49.0,9.0,20.0,34.0,52.0,18.0,9.0,26.0,26.0,36.0,13.0,1,0.3577244737797382,F,1.5,1.0,3,0.3577244737797382,240.0,157.0,120.0,35.0,0.3625
21.0,54.0,13.0,66.0,13.0,94.0,70.0,31.0,59.0,45.0,12.0,84.0,71.0,4.0,76.0,32.0,17.0,86.0,21.0,85.0,63.0,7.0,48.0,10.0,46.0,29.0,60.0,70.0,49.0,54.0,14.0,29.0,12.0,77.0,43.0,87.0,85.0,2.0,17.0,69.0,49.0,11.0,27.0,33.0,67.0,58.0,25.0,4.0,69.0,45.0,1.0,0,0.3577244737797382,F,1.5,0.0,3,0.3577244737797382,240.0,157.0,121.0,35.0,0.36491046831955926
69.0,68.0,13.0,51.0,47.0,11.0,9.0,84.0,35.0,56.0,66.0,36.0,27.0,46.0,23.0,14.0,47.0,8.0,45.0,48.0,18.0,9.0,71.0,78.0,45.0,43.0,64.0,56.0,22.0,26.0,8.0,92.0,29.0,29.0,72.0,3.0,56.0,50.0,17.0,4.0,8.0,58.0,50.0,1.0,78.0,77.0,18.0,69.0,75.0,64.0,11.0,1,0.3577244737797382,F,1.5,1.0,3,0.3577244737797382,241.0,158.0,121.0,35.0,0.36634546140392993
75.0,54.0,99.0,90.0,4.0,21.0,42.0,8.0,13.0,47.0,9.0,73.0,77.0,27.0,50.0,6.0,35.0,46.0,11.0,3.0,1.0,84.0,55.0,87.0,85.0,58.0,14.0,1.0,31.0,69.0,28.0,34.0,66.0,73.0,65.0,46.0,71.0,35.0,48.0,69.0,11.0,11.0,41.0,20.0,21.0,32.0,67.0,33.0,76.0,24.0,8.0,1,0.3577244737797382,F,1.5,1.0,3,0.3577244737797382,242.0,159.0,121.0,35.0,0.36776859504132237
41.0,38.0,40.0,35.0,57.0,89.0,52.0,31.0,66.0,60.0,70.0,64.0,25.0,37.0,71.0,88.0,13.0,36.0,3.0,34.0,33.0,71.0,80.0,87.0,30.0,93.0,1.0,7.0,54.0,64.0,61.0,18.0,43.0,41.0,7.0,59.0,45.0,76.0,54.0,27.0,2.0,38.0,30.0,34.0,49.0,58.0,55.0,67.0,75.0,59.0,1.0,0,0.3577244737797382,F,1.5,0.0,3,0.3577244737797382,242.0,159.0,122.0,35.0,0.37013954748679045
45.0,13.0,13.0,66.0,81.0,30.0,5.0,46.0,44.0,13.0,61.0,53.0,71.0,57.0,29.0,54.0,71.0,80.0,20.0,44.0,81.0,27.0,64.0,78.0,45.0,34.0,22.0,59.0,47.0,55.0,22.0,92.0,72.0,17.0,54.0,54.0,9.0,58.0,17.0,46.0,31.0,1.0,8.0,17.0,30.0,69.0,45.0,75.0,1.0,5.0,1.0,0,0.3577244737797382,F,1.5,0.0,3,0.3577244737797382,242.0,159.0,123.0,35.0,0.3724719478599745
48.0,17.0,31.0,24.0,10.0,34.0,11.0,12.0,72.0,52.0,2.0,49.0,67.0,37.0,18.0,6.0,12.0,82.0,18.0,73.0,22.0,73.0,79.0,70.0,63.0,39.0,35.0,20.0,32.0,76.0,79.0,53.0,17.0,3.0,9.0,23.0,61.0,43.0,63.0,56.0,12.0,16.0,45.0,17.0,86.0,12.0,65.0,62.0,76.0,1.0,3.0,0,0.3577244737797382,F,1.5,1.0,3,0.3577244737797382,243.0,159.0,123.0,35.0,0.36976814212586573
64.0,40.0,43.0,87.0,78.0,28.0,47.0,79.0,12.0,6.0,3.0,3.0,31.0,33.0,34.0,78.0,19.0,20.0,28.0,17.0,39.0,72.0,46.0,35.0,47.0,15.0,32.0,20.0,71.0,6.0,38.0,60.0,39.0,48.0,12.0,79.0,22.0,24.0,56.0,20.0,49.0,18.0,12.0,17.0,84.0,3.0,68.0,78.0,30.0,33.0,9.0,1,0.3577244737797382,F,1.5,1.0,3,0.3577244737797382,244.0,160.0,123.0,35.0,0.37118485938957746
12.0,2.0,67.0,66.0,22.0,27.0,3.0,77.0,59.0,68.0,1.0,48.0,67.0,66.0,56.0,75.0,43.0,64.0,46.0,1.0,13.0,3.0,82.0,40.0,7.0,39.0,28.0,57.0,54.0,34.0,32.0,86.0,60.0,73.0,23.0,78.0,49.0,2.0,17.0,18.0,33.0,22.0,3.0,59.0,28.0,70.0,13.0,69.0,1.0,47.0,3.0,1,0.3577244737797382,F,1.5,1.0,3,0.3577244737797382,245.0,161.0,123.0,35.0,0.37259001161440186
43.0,54.0,39.0,70.0,39.0,95.0,24.0,54.0,21.0,9.0,38.0,70.0,34.0,14.0,45.0,48.0,65.0,47.0,12.0,24.0,26.0,77.0,26.0,50.0,72.0,93.0,68.0,70.0,5.0,48.0,26.0,88.0,4.0,64.0,32.0,3.0,50.0,76.0,17.0,22.0,58.0,38.0,37.0,3.0,77.0,86.0,5.0,7.0,46.0,30.0,4.0,1,0.3577244737797382,F,1.5,1.0,3,0.3577244737797382,246.0,162.0,123.0,35.0,0.3739837398373984
66.0,6.0,65.0,78.0,48.0,83.0,90.0,25.0,43.0,20.0,2.0,86.0,31.0,50.0,33.0,22.0,55.0,17.0,28.0,40.0,28.0,9.0,37.0,106.0,48.0,17.0,19.0,36.0,37.0,17.0,3.0,84.0,86.0,10.0,28.0,50.0,18.0,35.0,6.0,80.0,40.0,32.0,54.0,63.0,28.0,41.0,63.0,38.0,75.0,45.0,13.0,0,0.3577244737797382,F,1.5,1.0,3,0.3577244737797382,247.0,162.0,123.0,35.0,0.37131759981567425
25.0,46.0,76.0,43.0,28.0,96.0,11.0,73.0,70.0,1.0,61.0,86.0,31.0,63.0,2.0,73.0,55.0,83.0,20.0,99.0,76.0,73.0,43.0,76.0,41.0,91.0,42.0,33.0,10.0,60.0,7.0,51.0,88.0,1.0,56.0,13.0,83.0,79.0,59.0,18.0,14.0,38.0,9.0,50.0,12.0,32.0,46.0,47.0,82.0,37.0,14.0,1,0.3577244737797382,F,1.5,1.0,3,0.3577244737797382,248.0,163.0,123.0,35.0,0.3727052189876737
50.0,75.0,58.0,27.0,13.0,33.0,54.0,12.0,66.0,70.0,50.0,69.0,32.0,74.0,26.0,38.0,47.0,82.0,45.0,47.0,52.0,71.0,1.0,71.0,34.0,51.0,67.0,41.0,60.0,64.0,57.0,82.0,12.0,3.0,18.0,52.0,83.0,84.0,37.0,11.0,42.0,39.0,9.0,11.0,16.0,72.0,66.0,33.0,82.0,9.0,9.0,1,0.3577244737797382,F,1.5,1.0,3,0.3577244737797382,249.0,164.0,123.0,35.0,0.37408169262415514
69.0,54.0,82.0,66.0,50.0,56.0,63.0,29.0,59.0,50.0,67.0,39.0,71.0,53.0,33.0,68.0,71.0,99.0,45.0,102.0,20.0,69.0,45.0,94.0,40.0,10.0,55.0,53.0,41.0,64.0,15.0,79.0,91.0,34.0,46.0,6.0,27.0,76.0,49.0,26.0,20.0,36.0,46.0,11.0,86.0,38.0,43.0,75.0,71.0,13.0,9.0,1,0.3577244737797382,F,1.5,1.0,3,0.3577244737797382,250.0,165.0,123.0,35.0,0.37544715447154475
12.0,22.0,79.0,86.0,37.0,94.0,58.0,52.0,59.0,39.0,77.0,45.0,49.0,46.0,71.0,35.0,65.0,31.0,14.0,32.0,49.0,86.0,35.0,13.0,3.0,41.0,51.0,23.0,4.0,57.0,57.0,84.0,10.0,50.0,28.0,79.0,79.0,46.0,13.0,35.0,6.0,44.0,66.0,24.0,6.0,26.0,38.0,17.0,46.0,52.0,1.0,0,0.3577244737797382,F,1.5,0.0,3,0.3577244737797382,250.0,165.0,124.0,35.0,0.37774193548387097
21.0,11.0,12.0,66.0,47.0,3.0,5.0,36.0,48.0,33.0,53.0,17.0,9.0,7.0,30.0,25.0,52.0,54.0,3.0,24.0,52.0,77.0,35.0,26.0,48.0,91.0,53.0,3.0,47.0,15.0,14.0,51.0,15.0,6.0,45.0,3.0,8.0,48.0,61.0,50.0,49.0,4.0,23.0,45.0,86.0,68.0,18.0,75.0,59.0,45.0,9.0,0,0.3577244737797382,F,1.5,1.0,3,0.3577244737797382,251.0,165.0,124.0,35.0,0.37511245341215776
83.0,1.0,56.0,92.0,18.0,9.0,69.0,16.0,38.0,37.0,12.0,13.0,62.0,5.0,47.0,50.0,22.0,46.0,27.0,94.0,65.0,18.0,35.0,84.0,11.0,32.0,58.0,68.0,19.0,34.0,38.0,16.0,44.0,24.0,48.0,90.0,16.0,2.0,41.0,67.0,54.0,58.0,46.0,62.0,40.0,16.0,7.0,58.0,58.0,82.0,5.0,1,0.3577244737797382,F,1.5,1.0,3,0.3577244737797382,252.0,166.0,124.0,35.0,0.37647209421402966
75.0,6.0,13.0,9.0,18.0,61.0,84.0,49.0,59.0,6.0,53.0,64.0,39.0,53.0,47.0,73.0,30.0,67.0,16.0,23.0,77.0,69.0,61.0,32.0,87.0,86.0,7.0,49.0,58.0,26.0,68.0,71.0,35.0,38.0,47.0,25.0,53.0,76.0,17.0,35.0,2.0,56.0,60.0,22.0,53.0,63.0,46.0,19.0,69.0,59.0,3.0,0,0.3577244737797382,F,1.5,1.0,3,0.3577244737797382,253.0,166.0,124.0,35.0,0.37386841769730966
71.0,65.0,21.0,79.0,87.0,78.0,37.0,33.0,71.0,6.0,22.0,28.0,19.0,4.0,71.0,7.0,65.0,31.0,4.0,73.0,84.0,75.0,58.0,78.0,65.0,23.0,58.0,53.0,35.0,36.0,71.0,28.0,43.0,46.0,2.0,49.0,75.0,69.0,6.0,74.0,68.0,9.0,57.0,34.0,71.0,67.0,7.0,46.0,26.0,9.0,13.0,0,0.3577244737797382,F,1.5,1.0,3,0.3577244737797382,254.0,166.0,124.0,35.0,0.37128524257048506
83.0,65.0,36.0,27.0,3.0,42.0,60.0,40.0,76.0,39.0,53.0,26.0,11.0,37.0,33.0,3.0,34.0,19.0,50.0,26.0,1.0,49.0,77.0,7.0,9.0,9.0,32.0,70.0,60.0,68.0,13.0,67.0,70.0,73.0,6.0,35.0,3.0,43.0,50.0,54.0,14.0,22.0,8.0,56.0,30.0,69.0,15.0,69.0,24.0,69.0,5.0,0,0.3577244737797382,F,1.5,1.0,3,0.3577244737797382,255.0,166.0,124.0,35.0,0.3687223276407337
8.0,77.0,67.0,82.0,75.0,35.0,25.0,5.0,21.0,31.0,85.0,13.0,31.0,49.0,69.0,79.0,71.0,79.0,40.0,62.0,77.0,86.0,71.0,73.0,73.0,51.0,1.0,39.0,41.0,64.0,79.0,26.0,91.0,1.0,52.0,21.0,43.0,46.0,4.0,9.0,7.0,22.0,81.0,31.0,66.0,71.0,9.0,72.0,28.0,26.0,9.0,1,0.3577244737797382,F,1.5,1.0,3,0.3577244737797382,256.0,167.0,124.0,35.0,0.37008568548387094
32.0,86.0,87.0,89.0,47.0,78.0,64.0,61.0,38.0,29.0,68.0,86.0,71.0,67.0,53.0,61.0,46.0,54.0,52.0,38.0,84.0,67.0,64.0,43.0,85.0,17.0,69.0,47.0,73.0,32.0,52.0,49.0,10.0,66.0,65.0,4.0,48.0,31.0,32.0,70.0,18.0,17.0,17.0,49.0,27.0,37.0,68.0,85.0,50.0,26.0,1.0,0,0.3577244737797382,F,1.5,0.0,3,0.3577244737797382,256.0,167.0,125.0,35.0,0.37234375
7.0,50.0,71.0,63.0,62.0,28.0,26.0,84.0,21.0,47.0,30.0,85.0,20.0,21.0,66.0,59.0,47.0,69.0,4.0,95.0,9.0,20.0,18.0,68.0,39.0,61.0,62.0,15.0,65.0,68.0,49.0,79.0,91.0,62.0,6.0,78.0,10.0,32.0,56.0,9.0,35.0,9.0,4.0,70.0,50.0,50.0,44.0,49.0,11.0,73.0,9.0,1,0.3577244737797382,F,1.5,1.0,3,0.3577244737797382,257.0,168.0,125.0,35.0,0.3736964980544747
3.0,36.0,88.0,77.0,5.0,37.0,64.0,6.0,76.0,6.0,13.0,46.0,32.0,39.0,4.0,66.0,67.0,53.0,8.0,26.0,33.0,26.0,79.0,59.0,41.0,14.0,78.0,7.0,1.0,65.0,15.0,53.0,15.0,69.0,52.0,81.0,63.0,43.0,35.0,28.0,10.0,50.0,22.0,15.0,36.0,68.0,18.0,75.0,1.0,1.0,9.0,1,0.3577244737797382,F,1.5,1.0,3,0.3577244737797382,258.0,169.0,125.0,35.0,0.3750387596899225
61.0,51.0,69.0,30.0,3.0,45.0,11.0,19.0,38.0,60.0,58.0,40.0,72.0,8.0,47.0,16.0,67.0,98.0,1.0,28.0,34.0,26.0,40.0,66.0,79.0,34.0,12.0,11.0,22.0,51.0,57.0,41.0,37.0,54.0,30.0,44.0,18.0,81.0,50.0,1.0,27.0,72.0,37.0,76.0,17.0,68.0,33.0,33.0,48.0,47.0,1.0,1,0.3577244737797382,F,1.5,0.0,3,0.3577244737797382,258.0,169.0,126.0,36.0,0.36932447397563684
7.0,54.0,53.0,45.0,31.0,57.0,23.0,84.0,32.0,56.0,61.0,54.0,53.0,21.0,28.0,70.0,28.0,100.0,1.0,75.0,61.0,72.0,82.0,68.0,61.0,61.0,51.0,12.0,2.0,26.0,30.0,87.0,11.0,66.0,43.0,52.0,71.0,61.0,19.0,12.0,41.0,62.0,57.0,15.0,40.0,7.0,46.0,57.0,81.0,56.0,13.0,0,0.3577244737797382,F,1.5,1.0,3,0.3577244737797382,259.0,169.0,126.0,36.0,0.36679536679536684
36.0,77.0,67.0,86.0,24.0,42.0,29.0,41.0,40.0,33.0,61.0,76.0,72.0,27.0,54.0,16.0,67.0,86.0,23.0,32.0,37.0,49.0,84.0,78.0,54.0,83.0,12.0,5.0,69.0,53.0,15.0,32.0,62.0,3.0,58.0,56.0,69.0,11.0,11.0,4.0,52.0,46.0,15.0,34.0,86.0,4.0,36.0,4.0,46.0,67.0,9.0,1,0.3577244737797382,F,1.5,1.0,3,0.3577244737797382,260.0,170.0,126.0,36.0,0.36813186813186816
12.0,73.0,11.0,49.0,85.0,39.0,80.0,41.0,28.0,35.0,16.0,27.0,32.0,44.0,79.0,70.0,39.0,72.0,2.0,55.0,73.0,6.0,44.0,28.0,67.0,75.0,74.0,56.0,12.0,26.0,43.0,51.0,15.0,1.0,28.0,9.0,13.0,20.0,65.0,22.0,31.0,6.0,17.0,62.0,68.0,29.0,18.0,4.0,55.0,19.0,1.0,1,0.3577244737797382,F,1.5,0.0,3,0.3577244737797382,260.0,170.0,127.0,37.0,0.3625075711689885
23.0,74.0,70.0,39.0,64.0,37.0,84.0,48.0,78.0,58.0,47.0,84.0,42.0,4.0,66.0,53.0,18.0,15.0,28.0,40.0,20.0,22.0,21.0,59.0,47.0,49.0,78.0,48.0,17.0,77.0,79.0,68.0,25.0,22.0,48.0,57.0,83.0,43.0,13.0,18.0,64.0,33.0,36.0,71.0,2.0,86.0,40.0,44.0,50.0,13.0,3.0,1,0.3577244737797382,F,1.5,1.0,3,0.3577244737797382,261.0,171.0,127.0,37.0,0.3638338311159381
7.0,26.0,96.0,46.0,86.0,69.0,76.0,33.0,26.0,6.0,9.0,64.0,32.0,74.0,13.0,73.0,45.0,38.0,13.0,40.0,35.0,86.0,67.0,21.0,81.0,76.0,13.0,5.0,73.0,26.0,8.0,33.0,65.0,66.0,43.0,78.0,43.0,37.0,40.0,27.0,33.0,42.0,45.0,34.0,17.0,21.0,41.0,42.0,60.0,47.0,5.0,1,0.3577244737797382,F,1.5,1.0,3,0.3577244737797382,262.0,172.0,127.0,37.0,0.36514996694115526
81.0,56.0,47.0,87.0,15.0,96.0,11.0,17.0,12.0,60.0,81.0,73.0,52.0,25.0,41.0,2.0,35.0,46.0,46.0,90.0,24.0,9.0,47.0,9.0,73.0,28.0,46.0,33.0,39.0,49.0,45.0,33.0,52.0,5.0,23.0,66.0,21.0,35.0,50.0,9.0,62.0,45.0,57.0,25.0,14.0,19.0,43.0,65.0,81.0,74.0,1.0,0,0.3577244737797382,F,1.5,0.0,3,0.3577244737797382,262.0,172.0,128.0,37.0,0.3674260496183206
14.0,77.0,84.0,16.0,13.0,67.0,78.0,78.0,40.0,56.0,16.0,9.0,19.0,33.0,57.0,78.0,52.0,98.0,43.0,42.0,18.0,68.0,67.0,84.0,34.0,74.0,78.0,57.0,77.0,21.0,14.0,84.0,88.0,64.0,14.0,84.0,65.0,80.0,54.0,35.0,62.0,53.0,67.0,32.0,34.0,19.0,58.0,18.0,60.0,66.0,1.0,0,0.3577244737797382,F,1.5,0.0,3,0.3577244737797382,262.0,172.0,129.0,37.0,0.369666844191964
20.0,43.0,49.0,73.0,29.0,67.0,9.0,83.0,35.0,39.0,63.0,41.0,47.0,63.0,77.0,19.0,67.0,21.0,8.0,60.0,63.0,21.0,28.0,26.0,30.0,3.0,1.0,33.0,48.0,43.0,13.0,84.0,97.0,51.0,18.0,74.0,79.0,59.0,5.0,65.0,20.0,52.0,49.0,68.0,84.0,76.0,28.0,37.0,45.0,19.0,1.0,0,0.3577244737797382,F,1.5,0.0,3,0.3577244737797382,262.0,172.0,130.0,37.0,0.371873165002936
12.0,77.0,40.0,64.0,4.0,29.0,3.0,3.0,26.0,55.0,53.0,34.0,63.0,56.0,76.0,53.0,50.0,46.0,28.0,65.0,21.0,67.0,35.0,13.0,11.0,39.0,42.0,41.0,17.0,43.0,12.0,2.0,95.0,29.0,7.0,68.0,75.0,29.0,8.0,43.0,8.0,16.0,12.0,28.0,73.0,32.0,12.0,75.0,22.0,26.0,9.0,1,0.3577244737797382,F,1.5,1.0,3,0.3577244737797382,263.0,173.0,130.0,37.0,0.373179292190699
27.0,50.0,47.0,7.0,3.0,58.0,52.0,84.0,57.0,62.0,69.0,58.0,16.0,11.0,78.0,2.0,47.0,98.0,20.0,90.0,1.0,71.0,27.0,39.0,11.0,48.0,54.0,25.0,75.0,72.0,66.0,85.0,43.0,17.0,42.0,3.0,48.0,11.0,30.0,66.0,49.0,36.0,80.0,33.0,67.0,68.0,18.0,73.0,81.0,43.0,1.0,0,0.3577244737797382,F,1.5,0.0,3,0.3577244737797382,263.0,173.0,131.0,37.0,0.37535192871448053
46.0,8.0,51.0,27.0,10.0,44.0,80.0,84.0,71.0,70.0,9.0,37.0,76.0,59.0,71.0,63.0,22.0,96.0,43.0,42.0,37.0,65.0,2.0,78.0,47.0,11.0,24.0,25.0,55.0,26.0,57.0,7.0,11.0,41.0,67.0,17.0,71.0,30.0,35.0,86.0,58.0,39.0,35.0,25.0,21.0,32.0,46.0,85.0,22.0,82.0,8.0,0,0.3577244737797382,F,1.5,1.0,3,0.3577244737797382,264.0,173.0,131.0,37.0,0.3728602822114272
39.0,2.0,71.0,58.0,26.0,8.0,52.0,77.0,62.0,25.0,56.0,85.0,67.0,63.0,32.0,78.0,30.0,44.0,37.0,99.0,22.0,20.0,79.0,59.0,67.0,39.0,46.0,7.0,22.0,26.0,59.0,34.0,67.0,52.0,58.0,58.0,71.0,14.0,41.0,30.0,33.0,76.0,3.0,5.0,49.0,77.0,18.0,29.0,73.0,82.0,1.0,1,0.3577244737797382,F,1.5,0.0,3,0.3577244737797382,264.0,173.0,132.0,38.0,0.3674242424242424
1.0,54.0,89.0,56.0,78.0,3.0,2.0,86.0,6.0,41.0,53.0,73.0,71.0,63.0,33.0,13.0,14.0,49.0,28.0,44.0,5.0,72.0,37.0,46.0,30.0,3.0,32.0,70.0,12.0,8.0,5.0,33.0,4.0,15.0,23.0,85.0,53.0,8.0,54.0,56.0,58.0,18.0,3.0,7.0,28.0,37.0,25.0,33.0,25.0,38.0,3.0,1,0.3577244737797382,F,1.5,1.0,3,0.3577244737797382,265.0,174.0,132.0,38.0,0.3687249857061177
36.0,22.0,82.0,86.0,70.0,35.0,78.0,84.0,23.0,41.0,65.0,46.0,45.0,6.0,1.0,24.0,30.0,79.0,41.0,78.0,88.0,78.0,8.0,41.0,32.0,39.0,26.0,16.0,14.0,57.0,68.0,7.0,81.0,54.0,65.0,24.0,52.0,37.0,61.0,18.0,56.0,22.0,38.0,50.0,34.0,59.0,11.0,65.0,74.0,47.0,1.0,1,0.3577244737797382,F,1.5,0.0,3,0.3577244737797382,265.0,174.0,133.0,39.0,0.3633706908781387
31.0,6.0,11.0,43.0,18.0,31.0,3.0,84.0,72.0,28.0,9.0,73.0,1.0,53.0,63.0,10.0,64.0,80.0,31.0,18.0,67.0,33.0,39.0,78.0,30.0,49.0,76.0,8.0,75.0,26.0,29.0,55.0,12.0,42.0,33.0,3.0,43.0,55.0,49.0,20.0,64.0,16.0,28.0,65.0,83.0,49.0,59.0,75.0,75.0,64.0,13.0,1,0.3577244737797382,F,1.5,1.0,3,0.3577244737797382,266.0,175.0,133.0,39.0,0.3646616541353384
7.0,67.0,16.0,49.0,59.0,31.0,64.0,57.0,76.0,33.0,3.0,7.0,41.0,7.0,55.0,73.0,47.0,74.0,34.0,17.0,35.0,47.0,36.0,50.0,30.0,13.0,56.0,31.0,60.0,26.0,68.0,28.0,62.0,50.0,2.0,75.0,27.0,37.0,56.0,31.0,31.0,22.0,47.0,73.0,30.0,63.0,20.0,69.0,26.0,9.0,4.0,0,0.3577244737797382,F,1.5,1.0,3,0.3577244737797382,267.0,175.0,133.0,39.0,0.36219762890372004
79.0,38.0,29.0,90.0,75.0,89.0,15.0,33.0,48.0,8.0,50.0,3.0,27.0,46.0,35.0,53.0,64.0,3.0,46.0,42.0,43.0,10.0,79.0,20.0,54.0,73.0,78.0,9.0,56.0,45.0,15.0,48.0,16.0,42.0,34.0,71.0,18.0,44.0,61.0,28.0,42.0,17.0,20.0,27.0,30.0,54.0,34.0,38.0,39.0,38.0,9.0,1,0.3577244737797382,F,1.5,1.0,3,0.3577244737797382,268.0,176.0,133.0,39.0,0.36348333520368087
3.0,54.0,88.0,66.0,89.0,49.0,32.0,48.0,3.0,57.0,15.0,3.0,64.0,28.0,36.0,33.0,36.0,97.0,50.0,24.0,80.0,26.0,2.0,70.0,32.0,28.0,36.0,33.0,41.0,26.0,22.0,18.0,30.0,36.0,43.0,50.0,27.0,42.0,37.0,50.0,67.0,49.0,82.0,37.0,69.0,68.0,58.0,4.0,17.0,60.0,1.0,1,0.3577244737797382,F,1.5,0.0,3,0.3577244737797382,268.0,176.0,134.0,40.0,0.35820895522388063
1.0,12.0,76.0,21.0,76.0,44.0,48.0,29.0,28.0,13.0,16.0,40.0,37.0,7.0,49.0,59.0,36.0,81.0,12.0,95.0,33.0,68.0,2.0,20.0,91.0,41.0,26.0,51.0,15.0,76.0,34.0,60.0,19.0,38.0,5.0,73.0,38.0,61.0,61.0,12.0,54.0,22.0,57.0,50.0,40.0,81.0,44.0,33.0,9.0,72.0,9.0,1,0.3577244737797382,F,1.5,1.0,3,0.3577244737797382,269.0,177.0,134.0,40.0,0.35948510236919495
75.0,36.0,43.0,37.0,59.0,20.0,37.0,71.0,26.0,65.0,12.0,25.0,6.0,11.0,11.0,33.0,37.0,70.0,39.0,25.0,30.0,18.0,70.0,31.0,53.0,9.0,78.0,25.0,3.0,60.0,24.0,60.0,19.0,73.0,28.0,87.0,4.0,83.0,58.0,28.0,8.0,64.0,43.0,5.0,73.0,84.0,26.0,1.0,17.0,47.0,9.0,1,0.3577244737797382,F,1.5,1.0,3,0.3577244737797382,270.0,178.0,134.0,40.0,0.3607517965726921
79.0,83.0,56.0,77.0,80.0,35.0,22.0,35.0,39.0,29.0,52.0,73.0,31.0,40.0,14.0,61.0,53.0,79.0,50.0,61.0,73.0,80.0,46.0,72.0,9.0,3.0,25.0,41.0,1.0,8.0,36.0,29.0,12.0,78.0,65.0,73.0,43.0,69.0,41.0,67.0,52.0,8.0,57.0,15.0,34.0,68.0,48.0,31.0,11.0,19.0,9.0,1,0.3577244737797382,F,1.5,1.0,3,0.3577244737797382,271.0,179.0,134.0,40.0,0.36200914247948457
21.0,36.0,27.0,26.0,21.0,31.0,3.0,84.0,66.0,70.0,24.0,2.0,34.0,27.0,62.0,54.0,55.0,1.0,3.0,80.0,73.0,42.0,81.0,99.0,84.0,17.0,51.0,7.0,33.0,57.0,65.0,90.0,86.0,27.0,31.0,50.0,18.0,15.0,48.0,12.0,1.0,77.0,17.0,17.0,56.0,44.0,46.0,66.0,69.0,22.0,1.0,0,0.3577244737797382,F,1.5,0.0,3,0.3577244737797382,271.0,179.0,135.0,40.0,0.3642203088697554
11.0,78.0,43.0,7.0,11.0,96.0,17.0,10.0,38.0,29.0,47.0,56.0,32.0,27.0,7.0,29.0,30.0,46.0,13.0,89.0,1.0,22.0,50.0,8.0,48.0,4.0,1.0,13.0,75.0,43.0,71.0,90.0,66.0,3.0,68.0,73.0,38.0,58.0,22.0,64.0,30.0,36.0,39.0,34.0,49.0,26.0,36.0,69.0,2.0,47.0,1.0,1,0.3577244737797382,F,1.5,0.0,3,0.3577244737797382,271.0,179.0,136.0,41.0,0.3590460169307576
19.0,48.0,34.0,7.0,36.0,78.0,5.0,36.0,12.0,33.0,46.0,73.0,76.0,52.0,59.0,67.0,14.0,57.0,52.0,60.0,20.0,73.0,79.0,20.0,78.0,39.0,78.0,32.0,44.0,6.0,52.0,11.0,27.0,52.0,54.0,50.0,11.0,37.0,22.0,59.0,14.0,73.0,8.0,14.0,32.0,68.0,18.0,78.0,42.0,50.0,5.0,1,0.3577244737797382,F,1.5,1.0,3,0.3577244737797382,272.0,180.0,136.0,41.0,0.3602941176470588
81.0,77.0,54.0,72.0,10.0,23.0,18.0,88.0,30.0,58.0,87.0,65.0,21.0,43.0,56.0,68.0,67.0,98.0,33.0,75.0,24.0,63.0,21.0,43.0,47.0,82.0,12.0,5.0,48.0,76.0,34.0,65.0,63.0,3.0,1.0,79.0,7.0,66.0,13.0,38.0,62.0,9.0,8.0,3.0,21.0,12.0,8.0,45.0,14.0,6.0,2.0,1,0.3577244737797382,F,1.5,1.0,3,0.3577244737797382,273.0,181.0,136.0,41.0,0.3615330747683689
26.0,8.0,84.0,79.0,33.0,75.0,1.0,19.0,23.0,13.0,24.0,77.0,31.0,41.0,48.0,44.0,14.0,96.0,27.0,32.0,53.0,25.0,21.0,15.0,67.0,88.0,1.0,7.0,5.0,10.0,58.0,2.0,83.0,69.0,65.0,66.0,63.0,23.0,50.0,50.0,8.0,54.0,28.0,65.0,14.0,42.0,58.0,85.0,65.0,45.0,1.0,1,0.3577244737797382,F,1.5,0.0,3,0.3577244737797382,273.0,181.0,137.0,42.0,0.35643431993796953
79.0,77.0,96.0,86.0,82.0,96.0,61.0,28.0,48.0,33.0,51.0,86.0,10.0,43.0,56.0,32.0,12.0,16.0,4.0,3.0,26.0,9.0,46.0,30.0,32.0,49.0,15.0,61.0,10.0,40.0,53.0,85.0,9.0,1.0,49.0,38.0,56.0,69.0,17.0,34.0,54.0,36.0,60.0,44.0,57.0,57.0,26.0,58.0,65.0,59.0,1.0,0,0.3577244737797382,F,1.5,0.0,3,0.3577244737797382,273.0,181.0,138.0,42.0,0.35865583691670644
12.0,45.0,68.0,45.0,67.0,84.0,23.0,46.0,76.0,47.0,15.0,86.0,8.0,63.0,1.0,66.0,36.0,1.0,23.0,24.0,11.0,73.0,67.0,62.0,53.0,34.0,20.0,12.0,6.0,45.0,34.0,33.0,24.0,48.0,48.0,45.0,9.0,66.0,16.0,20.0,14.0,75.0,23.0,15.0,73.0,85.0,9.0,50.0,45.0,56.0,1.0,0,0.3577244737797382,F,1.5,0.0,3,0.3577244737797382,273.0,181.0,139.0,42.0,0.360845389622368
43.0,9.0,87.0,91.0,80.0,11.0,82.0,3.0,46.0,29.0,53.0,15.0,54.0,61.0,30.0,85.0,27.0,38.0,4.0,95.0,77.0,14.0,82.0,63.0,73.0,73.0,58.0,33.0,57.0,26.0,32.0,89.0,99.0,64.0,52.0,62.0,47.0,63.0,65.0,38.0,27.0,72.0,8.0,50.0,52.0,10.0,66.0,41.0,50.0,1.0,10.0,1,0.3577244737797382,F,1.5,1.0,3,0.3577244737797382,274.0,182.0,139.0,42.0,0.36207530326104076
21.0,26.0,46.0,7.0,55.0,3.0,89.0,8.0,2.0,29.0,61.0,26.0,25.0,56.0,29.0,34.0,67.0,36.0,43.0,77.0,54.0,21.0,50.0,76.0,93.0,73.0,10.0,62.0,41.0,68.0,38.0,17.0,63.0,55.0,2.0,78.0,43.0,10.0,17.0,3.0,52.0,58.0,12.0,57.0,10.0,24.0,68.0,65.0,69.0,4.0,1.0,1,0.3577244737797382,F,1.5,0.0,3,0.3577244737797382,274.0,182.0,140.0,43.0,0.35709071949947857
16.0,54.0,52.0,49.0,4.0,68.0,53.0,77.0,66.0,44.0,77.0,54.0,30.0,33.0,66.0,78.0,53.0,91.0,53.0,77.0,13.0,78.0,25.0,27.0,38.0,75.0,16.0,33.0,14.0,26.0,61.0,63.0,59.0,66.0,54.0,56.0,76.0,58.0,37.0,67.0,25.0,73.0,38.0,5.0,45.0,23.0,46.0,43.0,22.0,9.0,1.0,1,0.3577244737797382,F,1.5,0.0,3,0.3577244737797382,274.0,182.0,141.0,44.0,0.35217683905368324
38.0,21.0,91.0,70.0,79.0,32.0,80.0,49.0,26.0,6.0,79.0,52.0,76.0,53.0,15.0,42.0,44.0,29.0,10.0,1.0,61.0,71.0,71.0,13.0,11.0,32.0,1.0,27.0,73.0,68.0,30.0,56.0,52.0,29.0,54.0,91.0,16.0,29.0,60.0,84.0,34.0,10.0,6.0,14.0,61.0,31.0,17.0,19.0,13.0,68.0,13.0,0,0.3577244737797382,F,1.5,1.0,3,0.3577244737797382,275.0,182.0,141.0,44.0,0.3497614442295294
84.0,45.0,51.0,53.0,5.0,67.0,10.0,15.0,33.0,3.0,78.0,17.0,39.0,13.0,43.0,61.0,71.0,1.0,18.0,52.0,79.0,32.0,67.0,44.0,32.0,45.0,67.0,53.0,47.0,6.0,65.0,31.0,35.0,61.0,66.0,15.0,7.0,37.0,1.0,3.0,1.0,38.0,55.0,4.0,12.0,32.0,43.0,60.0,50.0,45.0,9.0,1,0.3577244737797382,F,1.5,1.0,3,0.3577244737797382,276.0,183.0,141.0,44.0,0.350986740672217
72.0,59.0,24.0,23.0,44.0,80.0,61.0,7.0,59.0,8.0,27.0,12.0,56.0,21.0,72.0,44.0,23.0,5.0,50.0,40.0,65.0,66.0,44.0,78.0,3.0,40.0,74.0,3.0,19.0,20.0,9.0,36.0,95.0,19.0,37.0,44.0,6.0,37.0,68.0,87.0,13.0,38.0,10.0,20.0,68.0,35.0,63.0,42.0,55.0,54.0,8.0,1,0.3577244737797382,F,1.5,1.0,3,0.3577244737797382,277.0,184.0,141.0,44.0,0.35220319020918145
12.0,77.0,61.0,77.0,69.0,70.0,52.0,16.0,70.0,56.0,16.0,54.0,43.0,56.0,71.0,66.0,25.0,82.0,18.0,19.0,9.0,45.0,54.0,69.0,9.0,73.0,46.0,29.0,54.0,64.0,71.0,41.0,43.0,54.0,23.0,1.0,67.0,37.0,9.0,69.0,67.0,39.0,34.0,31.0,65.0,26.0,40.0,77.0,84.0,24.0,6.0,0,0.3577244737797382,F,1.5,1.0,3,0.3577244737797382,278.0,184.0,141.0,44.0,0.3498137660084698
40.0,81.0,43.0,29.0,11.0,8.0,11.0,57.0,30.0,1.0,13.0,78.0,22.0,46.0,60.0,54.0,52.0,36.0,52.0,11.0,87.0,24.0,1.0,46.0,85.0,53.0,38.0,67.0,31.0,53.0,68.0,26.0,88.0,22.0,43.0,78.0,3.0,41.0,35.0,79.0,24.0,80.0,64.0,20.0,73.0,78.0,19.0,75.0,81.0,37.0,9.0,0,0.3577244737797382,F,1.5,1.0,3,0.3577244737797382,279.0,184.0,141.0,44.0,0.3474414702966522
12.0,24.0,99.0,66.0,71.0,75.0,29.0,10.0,52.0,62.0,67.0,30.0,63.0,30.0,26.0,54.0,36.0,5.0,39.0,30.0,79.0,11.0,79.0,103.0,9.0,28.0,38.0,11.0,73.0,47.0,68.0,37.0,43.0,29.0,23.0,25.0,85.0,2.0,39.0,19.0,7.0,54.0,60.0,31.0,63.0,28.0,47.0,29.0,46.0,55.0,2.0,1,0.3577244737797382,F,1.5,1.0,3,0.3577244737797382,280.0,185.0,141.0,44.0,0.3486575481256332
29.0,72.0,13.0,86.0,47.0,32.0,57.0,41.0,76.0,35.0,10.0,12.0,76.0,6.0,35.0,49.0,47.0,20.0,28.0,34.0,79.0,14.0,31.0,52.0,79.0,35.0,58.0,70.0,31.0,20.0,53.0,72.0,78.0,60.0,50.0,9.0,83.0,73.0,37.0,30.0,44.0,6.0,49.0,20.0,64.0,65.0,66.0,75.0,63.0,26.0,9.0,1,0.3577244737797382,F,1.5,1.0,3,0.3577244737797382,281.0,186.0,141.0,44.0,0.34986497059640087
23.0,6.0,26.0,56.0,10.0,40.0,22.0,40.0,62.0,47.0,22.0,46.0,77.0,58.0,18.0,24.0,34.0,17.0,43.0,102.0,18.0,34.0,57.0,13.0,35.0,33.0,22.0,29.0,62.0,68.0,38.0,18.0,39.0,11.0,20.0,46.0,83.0,12.0,23.0,45.0,52.0,38.0,34.0,17.0,70.0,16.0,9.0,63.0,24.0,47.0,10.0,1,0.3577244737797382,F,1.5,1.0,3,0.3577244737797382,282.0,187.0,141.0,44.0,0.35106382978723405
85.0,21.0,70.0,84.0,26.0,62.0,42.0,88.0,76.0,16.0,22.0,54.0,13.0,53.0,56.0,54.0,71.0,49.0,4.0,47.0,67.0,17.0,35.0,72.0,32.0,83.0,62.0,70.0,51.0,32.0,57.0,84.0,22.0,63.0,6.0,28.0,61.0,6.0,49.0,20.0,31.0,16.0,25.0,67.0,73.0,8.0,7.0,78.0,83.0,24.0,1.0,1,0.3577244737797382,F,1.5,0.0,3,0.3577244737797382,282.0,187.0,142.0,45.0,0.3462191589251823
24.0,70.0,13.0,37.0,29.0,38.0,33.0,13.0,59.0,49.0,36.0,69.0,21.0,31.0,23.0,89.0,71.0,5.0,20.0,98.0,1.0,58.0,43.0,106.0,8.0,58.0,56.0,58.0,60.0,13.0,68.0,18.0,53.0,61.0,42.0,78.0,1.0,69.0,61.0,19.0,56.0,54.0,15.0,41.0,24.0,84.0,29.0,54.0,70.0,46.0,3.0,1,0.3577244737797382,F,1.5,1.0,3,0.3577244737797382,283.0,188.0,142.0,45.0,0.34740954561289994
67.0,32.0,88.0,58.0,57.0,6.0,29.0,18.0,44.0,37.0,3.0,54.0,31.0,26.0,56.0,50.0,18.0,98.0,33.0,44.0,63.0,46.0,67.0,82.0,7.0,17.0,78.0,33.0,73.0,73.0,55.0,41.0,10.0,82.0,9.0,71.0,18.0,61.0,51.0,27.0,39.0,41.0,36.0,17.0,45.0,69.0,58.0,69.0,54.0,17.0,6.0,1,0.3577244737797382,F,1.5,1.0,3,0.3577244737797382,284.0,189.0,142.0,45.0,0.3485915492957746
28.0,54.0,22.0,27.0,75.0,11.0,65.0,25.0,35.0,47.0,11.0,62.0,10.0,63.0,34.0,7.0,47.0,69.0,41.0,21.0,62.0,10.0,10.0,59.0,30.0,47.0,5.0,23.0,77.0,52.0,34.0,79.0,95.0,5.0,48.0,7.0,71.0,74.0,18.0,67.0,33.0,62.0,45.0,26.0,61.0,48.0,13.0,75.0,84.0,37.0,3.0,0,0.3577244737797382,F,1.5,1.0,3,0.3577244737797382,285.0,189.0,142.0,45.0,0.3462564862861378
73.0,54.0,40.0,12.0,16.0,67.0,57.0,5.0,61.0,31.0,12.0,83.0,30.0,37.0,9.0,65.0,40.0,69.0,34.0,48.0,77.0,50.0,29.0,41.0,47.0,79.0,74.0,13.0,48.0,43.0,43.0,56.0,15.0,17.0,19.0,35.0,10.0,84.0,24.0,11.0,58.0,8.0,8.0,20.0,58.0,1.0,18.0,42.0,34.0,22.0,9.0,1,0.3577244737797382,F,1.5,1.0,3,0.3577244737797382,286.0,190.0,142.0,45.0,0.34743425588496013
51.0,2.0,99.0,21.0,66.0,31.0,11.0,16.0,38.0,56.0,83.0,82.0,67.0,65.0,71.0,30.0,65.0,19.0,18.0,32.0,68.0,5.0,35.0,91.0,32.0,21.0,22.0,10.0,58.0,33.0,3.0,90.0,57.0,1.0,39.0,62.0,18.0,37.0,6.0,40.0,49.0,22.0,59.0,62.0,14.0,81.0,43.0,4.0,67.0,39.0,1.0,1,0.3577244737797382,F,1.5,0.0,3,0.3577244737797382,286.0,190.0,143.0,46.0,0.3426573426573427
45.0,48.0,13.0,27.0,18.0,58.0,40.0,77.0,58.0,62.0,60.0,34.0,32.0,41.0,23.0,47.0,36.0,10.0,45.0,15.0,35.0,56.0,43.0,50.0,49.0,34.0,55.0,16.0,36.0,26.0,38.0,42.0,34.0,80.0,22.0,66.0,18.0,68.0,56.0,22.0,49.0,32.0,37.0,13.0,57.0,48.0,29.0,6.0,60.0,67.0,5.0,1,0.3577244737797382,F,1.5,1.0,3,0.3577244737797382,287.0,191.0,143.0,46.0,0.34382690480251454
80.0,8.0,82.0,20.0,11.0,29.0,15.0,32.0,76.0,31.0,15.0,14.0,72.0,75.0,33.0,22.0,65.0,48.0,22.0,31.0,39.0,15.0,65.0,54.0,61.0,6.0,6.0,58.0,58.0,45.0,61.0,17.0,19.0,64.0,11.0,81.0,43.0,43.0,41.0,43.0,49.0,68.0,8.0,61.0,44.0,10.0,43.0,25.0,73.0,37.0,9.0,1,0.3577244737797382,F,1.5,1.0,3,0.3577244737797382,288.0,192.0,143.0,46.0,0.34498834498834496
61.0,62.0,11.0,82.0,20.0,93.0,33.0,31.0,52.0,16.0,3.0,86.0,63.0,22.0,48.0,64.0,71.0,46.0,28.0,26.0,33.0,62.0,53.0,87.0,67.0,58.0,32.0,56.0,42.0,14.0,8.0,82.0,85.0,58.0,43.0,65.0,24.0,76.0,22.0,1.0,49.0,45.0,51.0,20.0,86.0,30.0,48.0,69.0,11.0,6.0,4.0,1,0.3577244737797382,F,1.5,1.0,3,0.3577244737797382,289.0,193.0,143.0,46.0,0.3461417475258306
60.0,18.0,57.0,25.0,4.0,78.0,2.0,22.0,48.0,31.0,26.0,86.0,63.0,63.0,78.0,18.0,53.0,92.0,12.0,62.0,33.0,81.0,15.0,93.0,35.0,37.0,78.0,34.0,10.0,55.0,16.0,90.0,49.0,29.0,4.0,85.0,37.0,58.0,37.0,54.0,8.0,58.0,73.0,1.0,35.0,82.0,7.0,67.0,48.0,9.0,2.0,1,0.3577244737797382,F,1.5,1.0,3,0.3577244737797382,290.0,194.0,143.0,46.0,0.34728719556305765
21.0,16.0,13.0,47.0,78.0,59.0,19.0,92.0,66.0,59.0,9.0,17.0,43.0,20.0,48.0,56.0,41.0,31.0,50.0,37.0,44.0,52.0,11.0,78.0,85.0,3.0,1.0,33.0,70.0,6.0,20.0,88.0,1.0,15.0,26.0,85.0,37.0,2.0,16.0,28.0,1.0,46.0,81.0,20.0,10.0,65.0,18.0,5.0,42.0,66.0,10.0,1,0.3577244737797382,F,1.5,1.0,3,0.3577244737797382,291.0,195.0,143.0,46.0,0.34842477110518344
21.0,18.0,74.0,62.0,18.0,9.0,57.0,22.0,44.0,3.0,61.0,1.0,10.0,26.0,14.0,52.0,18.0,98.0,32.0,25.0,61.0,49.0,71.0,1.0,47.0,9.0,12.0,5.0,73.0,22.0,55.0,86.0,10.0,64.0,69.0,91.0,51.0,85.0,32.0,64.0,5.0,23.0,14.0,68.0,27.0,75.0,9.0,67.0,24.0,64.0,5.0,1,0.3577244737797382,F,1.5,1.0,3,0.3577244737797382,292.0,196.0,143.0,46.0,0.3495545550340071
61.0,26.0,63.0,3.0,3.0,56.0,69.0,89.0,78.0,68.0,41.0,10.0,52.0,74.0,51.0,32.0,52.0,19.0,13.0,56.0,85.0,14.0,67.0,76.0,77.0,95.0,66.0,53.0,42.0,11.0,24.0,92.0,22.0,64.0,34.0,39.0,69.0,50.0,45.0,75.0,42.0,72.0,53.0,14.0,45.0,38.0,66.0,46.0,50.0,33.0,11.0,1,0.3577244737797382,F,1.5,1.0,3,0.3577244737797382,293.0,197.0,143.0,46.0,0.3506766271271391
21.0,33.0,71.0,70.0,47.0,73.0,63.0,41.0,42.0,44.0,37.0,9.0,65.0,74.0,70.0,16.0,65.0,64.0,15.0,75.0,45.0,14.0,71.0,106.0,77.0,60.0,60.0,25.0,42.0,11.0,70.0,51.0,50.0,68.0,65.0,17.0,37.0,75.0,19.0,38.0,67.0,52.0,3.0,20.0,12.0,46.0,7.0,75.0,2.0,47.0,5.0,1,0.3577244737797382,F,1.5,1.0,3,0.3577244737797382,294.0,198.0,143.0,46.0,0.35179106607678035
79.0,45.0,13.0,61.0,39.0,38.0,49.0,77.0,76.0,45.0,47.0,62.0,43.0,61.0,26.0,71.0,30.0,92.0,45.0,30.0,82.0,38.0,35.0,86.0,85.0,70.0,54.0,15.0,29.0,53.0,57.0,33.0,54.0,5.0,49.0,88.0,18.0,76.0,8.0,18.0,32.0,9.0,73.0,26.0,3.0,10.0,66.0,75.0,83.0,69.0,8.0,0,0.3577244737797382,F,1.5,1.0,3,0.3577244737797382,295.0,198.0,143.0,46.0,0.3495081189996444
61.0,11.0,45.0,72.0,3.0,95.0,85.0,12.0,68.0,6.0,78.0,54.0,36.0,67.0,68.0,50.0,18.0,86.0,13.0,48.0,77.0,46.0,35.0,90.0,77.0,36.0,28.0,32.0,35.0,55.0,19.0,46.0,33.0,42.0,43.0,79.0,27.0,30.0,39.0,2.0,65.0,62.0,51.0,25.0,30.0,69.0,36.0,25.0,30.0,45.0,13.0,1,0.3577244737797382,F,1.5,1.0,3,0.3577244737797382,296.0,199.0,143.0,46.0,0.3506189756189756
3.0,47.0,29.0,62.0,39.0,33.0,56.0,29.0,78.0,7.0,48.0,26.0,13.0,64.0,62.0,79.0,71.0,5.0,28.0,86.0,70.0,79.0,66.0,104.0,22.0,36.0,35.0,58.0,42.0,53.0,34.0,6.0,13.0,64.0,42.0,24.0,9.0,44.0,41.0,35.0,69.0,1.0,64.0,71.0,62.0,63.0,18.0,13.0,24.0,4.0,9.0,1,0.3577244737797382,F,1.5,1.0,3,0.3577244737797382,297.0,200.0,143.0,46.0,0.3517223517223518
14.0,49.0,13.0,20.0,20.0,46.0,33.0,84.0,58.0,67.0,42.0,7.0,43.0,21.0,59.0,56.0,47.0,75.0,50.0,13.0,42.0,16.0,64.0,73.0,48.0,71.0,7.0,32.0,62.0,68.0,72.0,9.0,52.0,73.0,43.0,3.0,6.0,82.0,49.0,30.0,31.0,34.0,31.0,11.0,37.0,69.0,33.0,75.0,26.0,70.0,1.0,1,0.3577244737797382,F,1.5,0.0,3,0.3577244737797382,297.0,200.0,144.0,47.0,0.34701178451178455
21.0,76.0,101.0,87.0,76.0,86.0,40.0,33.0,10.0,8.0,13.0,42.0,6.0,37.0,9.0,68.0,48.0,91.0,8.0,97.0,75.0,2.0,16.0,20.0,29.0,51.0,54.0,48.0,35.0,68.0,64.0,57.0,53.0,64.0,47.0,46.0,69.0,10.0,37.0,56.0,52.0,62.0,15.0,25.0,36.0,10.0,36.0,11.0,1.0,32.0,9.0,1,0.3577244737797382,F,1.5,1.0,3,0.3577244737797382,298.0,201.0,144.0,47.0,0.3481077554064131
30.0,20.0,56.0,86.0,78.0,83.0,69.0,36.0,14.0,42.0,59.0,65.0,43.0,7.0,62.0,75.0,68.0,24.0,6.0,11.0,11.0,25.0,2.0,86.0,65.0,67.0,43.0,33.0,17.0,68.0,45.0,53.0,83.0,22.0,65.0,23.0,18.0,13.0,8.0,80.0,6.0,56.0,51.0,34.0,27.0,74.0,39.0,18.0,52.0,33.0,8.0,1,0.3577244737797382,F,1.5,1.0,3,0.3577244737797382,299.0,202.0,144.0,47.0,0.34919639539204755
84.0,6.0,11.0,49.0,13.0,3.0,62.0,7.0,31.0,60.0,77.0,12.0,63.0,43.0,62.0,73.0,17.0,5.0,8.0,42.0,92.0,14.0,75.0,46.0,30.0,37.0,20.0,70.0,29.0,26.0,49.0,11.0,56.0,26.0,6.0,41.0,54.0,27.0,8.0,6.0,33.0,73.0,7.0,72.0,7.0,82.0,46.0,4.0,73.0,79.0,1.0,0,0.3577244737797382,F,1.5,0.0,3,0.3577244737797382,299.0,202.0,145.0,47.0,0.3514473532464537
61.0,67.0,67.0,79.0,68.0,8.0,55.0,7.0,29.0,2.0,53.0,14.0,33.0,59.0,33.0,59.0,65.0,81.0,8.0,30.0,55.0,42.0,11.0,8.0,73.0,49.0,10.0,47.0,49.0,39.0,32.0,51.0,71.0,22.0,33.0,13.0,50.0,35.0,13.0,70.0,10.0,28.0,17.0,15.0,10.0,40.0,48.0,69.0,45.0,9.0,3.0,1,0.3577244737797382,F,1.5,1.0,3,0.3577244737797382,300.0,203.0,145.0,47.0,0.3525287356321839
43.0,56.0,86.0,37.0,77.0,23.0,10.0,33.0,59.0,56.0,83.0,14.0,10.0,41.0,34.0,77.0,52.0,22.0,50.0,40.0,37.0,24.0,41.0,23.0,64.0,79.0,22.0,56.0,72.0,11.0,41.0,11.0,39.0,9.0,6.0,74.0,40.0,63.0,22.0,26.0,22.0,10.0,15.0,81.0,69.0,32.0,66.0,70.0,78.0,26.0,3.0,1,0.3577244737797382,F,1.5,1.0,3,0.3577244737797382,301.0,204.0,145.0,47.0,0.3536029327528927
54.0,21.0,65.0,24.0,31.0,31.0,11.0,19.0,5.0,69.0,54.0,54.0,4.0,69.0,67.0,47.0,59.0,98.0,39.0,3.0,36.0,52.0,43.0,89.0,15.0,49.0,7.0,15.0,79.0,65.0,75.0,92.0,61.0,60.0,54.0,25.0,10.0,55.0,64.0,23.0,32.0,39.0,14.0,17.0,75.0,86.0,10.0,5.0,1.0,12.0,3.0,0,0.3577244737797382,F,1.5,1.0,3,0.3577244737797382,302.0,204.0,145.0,47.0,0.3513587577072391
7.0,60.0,65.0,72.0,53.0,11.0,29.0,91.0,66.0,44.0,38.0,50.0,25.0,67.0,30.0,15.0,47.0,85.0,13.0,95.0,73.0,75.0,56.0,72.0,53.0,22.0,12.0,25.0,54.0,43.0,9.0,8.0,86.0,9.0,2.0,33.0,50.0,61.0,41.0,26.0,54.0,1.0,51.0,6.0,30.0,77.0,18.0,5.0,60.0,19.0,1.0,1,0.3577244737797382,F,1.5,0.0,3,0.3577244737797382,302.0,204.0,146.0,48.0,0.34672956545405065
21.0,40.0,24.0,68.0,10.0,13.0,89.0,91.0,24.0,9.0,61.0,7.0,58.0,46.0,63.0,90.0,34.0,49.0,43.0,44.0,67.0,24.0,29.0,70.0,55.0,23.0,56.0,8.0,79.0,68.0,79.0,79.0,50.0,53.0,2.0,1.0,83.0,50.0,54.0,40.0,13.0,6.0,37.0,17.0,14.0,21.0,7.0,42.0,74.0,82.0,1.0,1,0.3577244737797382,F,1.5,0.0,3,0.3577244737797382,302.0,204.0,147.0,49.0,0.34216335540838855
7.0,54.0,38.0,59.0,83.0,16.0,7.0,7.0,66.0,68.0,48.0,5.0,17.0,26.0,56.0,85.0,12.0,36.0,52.0,47.0,28.0,79.0,36.0,9.0,9.0,32.0,22.0,70.0,49.0,57.0,14.0,67.0,86.0,31.0,25.0,87.0,16.0,21.0,18.0,18.0,54.0,22.0,8.0,17.0,28.0,54.0,36.0,33.0,46.0,45.0,1.0,0,0.3577244737797382,F,1.5,0.0,3,0.3577244737797382,302.0,204.0,148.0,49.0,0.3444156076606408
72.0,4.0,101.0,77.0,24.0,91.0,20.0,36.0,12.0,39.0,7.0,56.0,76.0,28.0,16.0,75.0,47.0,82.0,18.0,55.0,51.0,35.0,40.0,36.0,67.0,31.0,78.0,22.0,66.0,34.0,22.0,79.0,3.0,48.0,44.0,64.0,18.0,67.0,56.0,18.0,4.0,72.0,45.0,49.0,45.0,82.0,49.0,75.0,55.0,32.0,6.0,1,0.3577244737797382,F,1.5,1.0,3,0.3577244737797382,303.0,205.0,148.0,49.0,0.34548657568459545
12.0,22.0,74.0,21.0,45.0,75.0,22.0,61.0,5.0,6.0,61.0,35.0,25.0,75.0,1.0,6.0,22.0,86.0,1.0,13.0,32.0,53.0,1.0,73.0,18.0,70.0,60.0,25.0,73.0,49.0,11.0,92.0,60.0,26.0,69.0,50.0,10.0,59.0,42.0,43.0,52.0,48.0,81.0,1.0,63.0,84.0,39.0,75.0,66.0,61.0,1.0,0,0.3577244737797382,F,1.5,0.0,3,0.3577244737797382,303.0,205.0,149.0,49.0,0.34770859636299195
7.0,55.0,57.0,16.0,5.0,37.0,76.0,9.0,23.0,58.0,83.0,17.0,58.0,37.0,34.0,79.0,67.0,8.0,41.0,18.0,9.0,70.0,71.0,18.0,79.0,9.0,8.0,1.0,3.0,36.0,55.0,65.0,15.0,8.0,26.0,2.0,37.0,82.0,7.0,9.0,49.0,62.0,47.0,7.0,24.0,20.0,25.0,80.0,30.0,1.0,1.0,1,0.3577244737797382,F,1.5,0.0,3,0.3577244737797382,303.0,205.0,150.0,50.0,0.3432343234323432
75.0,53.0,101.0,42.0,33.0,61.0,54.0,29.0,48.0,44.0,13.0,86.0,67.0,53.0,71.0,74.0,67.0,62.0,25.0,52.0,3.0,9.0,73.0,96.0,38.0,94.0,58.0,36.0,45.0,43.0,1.0,26.0,31.0,29.0,36.0,65.0,52.0,69.0,35.0,7.0,33.0,68.0,33.0,81.0,25.0,21.0,48.0,72.0,45.0,66.0,5.0,0,0.3577244737797382,F,1.5,1.0,3,0.3577244737797382,304.0,205.0,150.0,50.0,0.34100877192982454
35.0,54.0,84.0,63.0,3.0,89.0,11.0,77.0,43.0,6.0,48.0,15.0,6.0,69.0,2.0,47.0,53.0,86.0,41.0,76.0,54.0,75.0,21.0,56.0,73.0,52.0,77.0,53.0,42.0,22.0,48.0,75.0,47.0,66.0,7.0,33.0,1.0,50.0,43.0,9.0,58.0,72.0,1.0,47.0,69.0,86.0,68.0,75.0,50.0,24.0,1.0,1,0.3577244737797382,F,1.5,0.0,3,0.3577244737797382,304.0,205.0,151.0,51.0,0.3365937608922969
85.0,54.0,71.0,20.0,10.0,29.0,26.0,77.0,27.0,47.0,38.0,13.0,76.0,17.0,79.0,54.0,35.0,42.0,24.0,7.0,58.0,26.0,25.0,34.0,93.0,48.0,58.0,56.0,54.0,42.0,42.0,81.0,27.0,69.0,17.0,79.0,57.0,59.0,48.0,38.0,5.0,9.0,8.0,70.0,23.0,57.0,29.0,75.0,60.0,38.0,1.0,0,0.3577244737797382,F,1.5,0.0,3,0.3577244737797382,304.0,205.0,152.0,51.0,0.3388157894736842
67.0,22.0,11.0,70.0,5.0,86.0,42.0,41.0,78.0,61.0,47.0,77.0,16.0,32.0,57.0,90.0,53.0,59.0,50.0,32.0,79.0,62.0,70.0,37.0,43.0,28.0,1.0,51.0,54.0,68.0,29.0,86.0,19.0,65.0,50.0,87.0,27.0,61.0,41.0,60.0,42.0,42.0,17.0,13.0,75.0,32.0,68.0,52.0,22.0,50.0,1.0,1,0.3577244737797382,F,1.5,0.0,3,0.3577244737797382,304.0,205.0,153.0,52.0,0.3344728242174062
12.0,60.0,65.0,16.0,78.0,29.0,65.0,25.0,76.0,23.0,48.0,30.0,71.0,75.0,62.0,3.0,34.0,82.0,41.0,60.0,79.0,59.0,58.0,8.0,34.0,46.0,24.0,26.0,60.0,45.0,36.0,42.0,58.0,49.0,23.0,19.0,56.0,30.0,37.0,68.0,10.0,11.0,18.0,31.0,25.0,42.0,31.0,69.0,1.0,58.0,1.0,0,0.3577244737797382,F,1.5,0.0,3,0.3577244737797382,304.0,205.0,154.0,52.0,0.3366797676008202
12.0,8.0,63.0,51.0,36.0,37.0,57.0,79.0,38.0,20.0,3.0,54.0,71.0,43.0,18.0,81.0,34.0,68.0,13.0,11.0,70.0,52.0,2.0,52.0,26.0,73.0,1.0,7.0,47.0,76.0,53.0,42.0,12.0,34.0,54.0,59.0,12.0,37.0,49.0,34.0,12.0,51.0,17.0,67.0,37.0,26.0,14.0,25.0,29.0,22.0,4.0,1,0.3577244737797382,F,1.5,1.0,3,0.3577244737797382,305.0,206.0,154.0,52.0,0.33774749840323615
69.0,8.0,82.0,51.0,29.0,64.0,92.0,91.0,56.0,33.0,38.0,58.0,52.0,3.0,75.0,58.0,28.0,98.0,25.0,77.0,92.0,10.0,21.0,46.0,3.0,18.0,6.0,48.0,41.0,31.0,8.0,92.0,19.0,42.0,44.0,44.0,12.0,51.0,61.0,40.0,27.0,38.0,17.0,35.0,17.0,32.0,18.0,61.0,22.0,29.0,13.0,1,0.3577244737797382,F,1.5,1.0,3,0.3577244737797382,306.0,207.0,154.0,52.0,0.3388082505729565
58.0,79.0,96.0,64.0,75.0,42.0,79.0,46.0,76.0,24.0,39.0,73.0,45.0,56.0,79.0,78.0,35.0,86.0,27.0,24.0,77.0,65.0,6.0,23.0,36.0,9.0,74.0,56.0,30.0,55.0,58.0,92.0,98.0,78.0,48.0,88.0,39.0,61.0,40.0,74.0,27.0,39.0,34.0,15.0,35.0,2.0,3.0,67.0,18.0,33.0,1.0,1,0.3577244737797382,F,1.5,0.0,3,0.3577244737797382,306.0,207.0,155.0,53.0,0.33453510436432643
75.0,66.0,19.0,43.0,5.0,63.0,7.0,92.0,68.0,5.0,38.0,13.0,57.0,58.0,68.0,62.0,49.0,18.0,25.0,95.0,51.0,79.0,80.0,46.0,8.0,27.0,20.0,33.0,14.0,56.0,34.0,88.0,39.0,48.0,42.0,48.0,61.0,44.0,20.0,9.0,58.0,22.0,27.0,67.0,49.0,25.0,9.0,29.0,13.0,36.0,7.0,1,0.3577244737797382,F,1.5,1.0,3,0.3577244737797382,307.0,208.0,155.0,53.0,0.33558894609645895
31.0,22.0,72.0,49.0,7.0,58.0,33.0,6.0,26.0,56.0,56.0,31.0,32.0,56.0,18.0,44.0,47.0,38.0,4.0,97.0,73.0,37.0,68.0,26.0,47.0,49.0,58.0,7.0,57.0,64.0,38.0,63.0,28.0,17.0,68.0,78.0,61.0,37.0,32.0,19.0,69.0,45.0,8.0,63.0,62.0,59.0,39.0,75.0,84.0,64.0,7.0,1,0.3577244737797382,F,1.5,1.0,3,0.3577244737797382,308.0,209.0,155.0,53.0,0.3366359447004609
60.0,13.0,84.0,41.0,26.0,43.0,57.0,39.0,9.0,40.0,24.0,21.0,33.0,63.0,62.0,85.0,19.0,3.0,6.0,64.0,20.0,63.0,5.0,53.0,55.0,21.0,33.0,68.0,23.0,55.0,14.0,34.0,85.0,64.0,54.0,28.0,43.0,3.0,67.0,40.0,58.0,32.0,16.0,61.0,79.0,16.0,20.0,49.0,13.0,4.0,6.0,1,0.3577244737797382,F,1.5,1.0,3,0.3577244737797382,309.0,210.0,155.0,53.0,0.3376761666144692
45.0,6.0,88.0,16.0,29.0,32.0,11.0,16.0,69.0,56.0,3.0,84.0,47.0,52.0,48.0,77.0,22.0,96.0,11.0,56.0,67.0,42.0,56.0,84.0,5.0,32.0,56.0,70.0,75.0,63.0,2.0,88.0,39.0,64.0,33.0,69.0,10.0,58.0,37.0,27.0,45.0,39.0,57.0,17.0,1.0,32.0,63.0,75.0,75.0,1.0,1.0,1,0.3577244737797382,F,1.5,0.0,3,0.3577244737797382,309.0,210.0,156.0,54.0,0.3334578043315908
65.0,74.0,59.0,29.0,64.0,50.0,80.0,46.0,76.0,13.0,14.0,75.0,32.0,45.0,6.0,63.0,53.0,33.0,50.0,56.0,10.0,19.0,67.0,59.0,21.0,9.0,76.0,18.0,62.0,66.0,55.0,53.0,33.0,73.0,72.0,73.0,72.0,70.0,26.0,12.0,5.0,48.0,41.0,60.0,30.0,32.0,38.0,29.0,55.0,72.0,1.0,0,0.3577244737797382,F,1.5,0.0,3,0.3577244737797382,309.0,210.0,157.0,54.0,0.3356626058994497
29.0,2.0,84.0,16.0,5.0,89.0,59.0,45.0,61.0,9.0,13.0,48.0,64.0,43.0,48.0,71.0,68.0,42.0,20.0,53.0,72.0,48.0,65.0,8.0,48.0,9.0,20.0,7.0,11.0,68.0,57.0,79.0,33.0,6.0,57.0,25.0,53.0,32.0,11.0,19.0,40.0,17.0,51.0,76.0,67.0,41.0,5.0,33.0,60.0,69.0,1.0,1,0.3577244737797382,F,1.5,0.0,3,0.3577244737797382,309.0,210.0,158.0,55.0,0.3315103846626521
40.0,11.0,43.0,50.0,50.0,37.0,57.0,11.0,59.0,6.0,8.0,10.0,63.0,21.0,62.0,54.0,65.0,95.0,43.0,40.0,61.0,75.0,49.0,56.0,61.0,82.0,58.0,23.0,14.0,68.0,48.0,77.0,62.0,73.0,46.0,75.0,83.0,37.0,17.0,17.0,52.0,64.0,62.0,20.0,16.0,53.0,44.0,67.0,81.0,69.0,9.0,1,0.3577244737797382,F,1.5,1.0,3,0.3577244737797382,310.0,211.0,158.0,55.0,0.33254389546753776
12.0,17.0,82.0,89.0,44.0,75.0,82.0,85.0,23.0,29.0,53.0,24.0,21.0,42.0,1.0,18.0,47.0,35.0,3.0,7.0,55.0,87.0,49.0,11.0,7.0,84.0,32.0,70.0,47.0,26.0,61.0,33.0,85.0,74.0,42.0,44.0,1.0,70.0,17.0,18.0,3.0,58.0,8.0,7.0,38.0,82.0,48.0,85.0,81.0,45.0,1.0,1,0.3577244737797382,F,1.5,0.0,3,0.3577244737797382,310.0,211.0,159.0,56.0,0.3284439034286874
39.0,24.0,56.0,46.0,16.0,13.0,40.0,33.0,76.0,43.0,11.0,88.0,71.0,58.0,5.0,85.0,12.0,55.0,24.0,30.0,61.0,26.0,35.0,65.0,14.0,94.0,15.0,33.0,47.0,43.0,79.0,48.0,19.0,67.0,68.0,23.0,45.0,35.0,56.0,18.0,70.0,58.0,49.0,49.0,10.0,72.0,18.0,75.0,75.0,33.0,14.0,1,0.3577244737797382,F,1.5,1.0,3,0.3577244737797382,311.0,212.0,159.0,56.0,0.32947076786183743
75.0,68.0,64.0,11.0,78.0,90.0,77.0,19.0,71.0,13.0,41.0,48.0,77.0,43.0,26.0,59.0,38.0,96.0,27.0,26.0,63.0,63.0,39.0,103.0,43.0,54.0,55.0,67.0,22.0,32.0,48.0,67.0,24.0,9.0,7.0,6.0,7.0,43.0,54.0,62.0,41.0,24.0,26.0,61.0,8.0,36.0,20.0,69.0,55.0,27.0,3.0,1,0.3577244737797382,F,1.5,1.0,3,0.3577244737797382,312.0,213.0,159.0,56.0,0.3304910498306725
28.0,38.0,12.0,20.0,10.0,31.0,64.0,75.0,26.0,33.0,56.0,84.0,6.0,27.0,68.0,79.0,71.0,69.0,45.0,68.0,42.0,56.0,17.0,59.0,3.0,26.0,58.0,70.0,12.0,26.0,79.0,51.0,1.0,60.0,72.0,50.0,3.0,69.0,54.0,32.0,65.0,17.0,57.0,17.0,75.0,7.0,13.0,33.0,60.0,24.0,9.0,0,0.3577244737797382,F,1.5,1.0,3,0.3577244737797382,313.0,213.0,159.0,56.0,0.32830992424699096
75.0,12.0,28.0,67.0,24.0,33.0,70.0,79.0,28.0,27.0,73.0,17.0,57.0,21.0,33.0,15.0,62.0,31.0,37.0,25.0,26.0,7.0,82.0,72.0,37.0,63.0,60.0,57.0,25.0,77.0,3.0,66.0,38.0,70.0,65.0,87.0,31.0,75.0,32.0,67.0,3.0,38.0,47.0,47.0,10.0,48.0,58.0,6.0,23.0,5.0,13.0,1,0.3577244737797382,F,1.5,1.0,3,0.3577244737797382,314.0,214.0,159.0,56.0,0.32932740455874693
19.0,75.0,101.0,87.0,3.0,98.0,27.0,79.0,20.0,33.0,74.0,44.0,67.0,41.0,38.0,2.0,33.0,66.0,13.0,30.0,11.0,42.0,82.0,68.0,7.0,58.0,55.0,27.0,48.0,26.0,48.0,33.0,54.0,66.0,50.0,6.0,38.0,21.0,2.0,87.0,54.0,73.0,30.0,67.0,84.0,40.0,58.0,51.0,42.0,4.0,9.0,1,0.3577244737797382,F,1.5,1.0,3,0.3577244737797382,315.0,215.0,159.0,56.0,0.33033842467804736
12.0,17.0,65.0,90.0,39.0,40.0,57.0,73.0,66.0,59.0,61.0,84.0,10.0,61.0,77.0,90.0,47.0,28.0,39.0,1.0,61.0,22.0,35.0,73.0,2.0,10.0,32.0,9.0,32.0,46.0,72.0,10.0,19.0,42.0,63.0,3.0,75.0,67.0,65.0,80.0,62.0,22.0,39.0,8.0,86.0,65.0,36.0,65.0,64.0,4.0,13.0,1,0.3577244737797382,F,1.5,1.0,3,0.3577244737797382,316.0,216.0,159.0,56.0,0.33134304593583314
30.0,60.0,54.0,35.0,10.0,65.0,36.0,84.0,55.0,48.0,38.0,64.0,4.0,27.0,10.0,61.0,67.0,60.0,28.0,67.0,26.0,18.0,21.0,46.0,78.0,40.0,58.0,57.0,62.0,39.0,34.0,66.0,17.0,52.0,65.0,50.0,12.0,6.0,9.0,74.0,35.0,9.0,18.0,80.0,30.0,30.0,43.0,40.0,73.0,22.0,3.0,0,0.3577244737797382,F,1.5,1.0,3,0.3577244737797382,317.0,216.0,159.0,56.0,0.3291867547566613
52.0,14.0,82.0,81.0,14.0,27.0,40.0,88.0,9.0,59.0,82.0,81.0,15.0,11.0,38.0,76.0,65.0,46.0,37.0,75.0,61.0,26.0,16.0,52.0,41.0,9.0,67.0,3.0,11.0,36.0,78.0,51.0,15.0,74.0,45.0,56.0,49.0,37.0,61.0,51.0,1.0,42.0,67.0,34.0,30.0,42.0,18.0,39.0,69.0,36.0,5.0,1,0.3577244737797382,F,1.5,1.0,3,0.3577244737797382,318.0,217.0,159.0,56.0,0.330188679245283
71.0,36.0,70.0,81.0,75.0,94.0,70.0,29.0,39.0,36.0,57.0,90.0,37.0,46.0,56.0,35.0,35.0,22.0,20.0,48.0,63.0,10.0,77.0,52.0,18.0,41.0,33.0,54.0,54.0,68.0,49.0,88.0,96.0,54.0,33.0,1.0,8.0,27.0,11.0,26.0,21.0,62.0,34.0,20.0,17.0,77.0,46.0,27.0,5.0,9.0,9.0,0,0.3577244737797382,F,1.5,1.0,3,0.3577244737797382,319.0,217.0,159.0,56.0,0.32804952583742436
7.0,87.0,99.0,27.0,47.0,27.0,11.0,61.0,26.0,67.0,24.0,57.0,67.0,54.0,7.0,38.0,53.0,46.0,50.0,28.0,11.0,73.0,79.0,11.0,30.0,85.0,46.0,3.0,10.0,6.0,34.0,42.0,13.0,49.0,41.0,17.0,74.0,69.0,56.0,67.0,56.0,16.0,47.0,41.0,30.0,8.0,20.0,14.0,13.0,47.0,8.0,1,0.3577244737797382,F,1.5,1.0,3,0.3577244737797382,320.0,218.0,159.0,56.0,0.3290487421383648
23.0,22.0,79.0,7.0,57.0,95.0,48.0,1.0,52.0,67.0,9.0,31.0,63.0,44.0,71.0,22.0,77.0,69.0,58.0,89.0,86.0,50.0,39.0,82.0,11.0,3.0,26.0,70.0,31.0,40.0,20.0,13.0,13.0,54.0,65.0,50.0,69.0,13.0,65.0,38.0,1.0,52.0,8.0,81.0,34.0,38.0,9.0,49.0,45.0,45.0,1.0,1,0.1717312892367946,F,6.5,0.0,6,0.1717312892367946,320.0,218.0,160.0,57.0,0.325
51.0,20.0,67.0,7.0,9.0,67.0,80.0,84.0,44.0,81.0,74.0,54.0,76.0,27.0,56.0,48.0,72.0,33.0,70.0,45.0,9.0,24.0,26.0,84.0,77.0,21.0,74.0,25.0,14.0,68.0,57.0,20.0,99.0,62.0,32.0,50.0,47.0,10.0,13.0,12.0,33.0,27.0,38.0,3.0,40.0,70.0,9.0,81.0,24.0,1.0,13.0,1,0.1717312892367946,F,6.5,1.0,6,0.1717312892367946,321.0,219.0,160.0,57.0,0.32599299065420556
14.0,51.0,72.0,66.0,5.0,96.0,11.0,30.0,59.0,81.0,75.0,64.0,53.0,58.0,9.0,27.0,73.0,17.0,16.0,78.0,5.0,14.0,6.0,21.0,71.0,53.0,7.0,70.0,67.0,26.0,47.0,42.0,54.0,32.0,34.0,3.0,37.0,5.0,11.0,9.0,15.0,45.0,23.0,43.0,71.0,48.0,25.0,51.0,54.0,35.0,9.0,0,0.1717312892367946,F,6.5,1.0,6,0.1717312892367946,322.0,219.0,160.0,57.0,0.32387422360248447
38.0,84.0,38.0,66.0,80.0,28.0,74.0,33.0,4.0,64.0,34.0,86.0,35.0,41.0,60.0,44.0,75.0,48.0,50.0,82.0,58.0,79.0,67.0,2.0,26.0,79.0,15.0,57.0,54.0,10.0,40.0,56.0,59.0,52.0,33.0,77.0,24.0,24.0,54.0,74.0,68.0,38.0,45.0,43.0,44.0,10.0,19.0,65.0,50.0,22.0,1.0,0,0.1717312892367946,F,6.5,0.0,6,0.1717312892367946,322.0,219.0,161.0,57.0,0.32608695652173914
54.0,19.0,16.0,77.0,80.0,13.0,76.0,42.0,29.0,85.0,3.0,39.0,57.0,67.0,34.0,7.0,77.0,7.0,75.0,24.0,61.0,43.0,1.0,8.0,52.0,58.0,7.0,25.0,22.0,55.0,38.0,92.0,52.0,64.0,43.0,49.0,16.0,58.0,3.0,60.0,54.0,70.0,8.0,43.0,2.0,87.0,68.0,42.0,84.0,19.0,13.0,0,0.1717312892367946,F,6.5,1.0,6,0.1717312892367946,323.0,219.0,161.0,57.0,0.3239813087706478
23.0,65.0,91.0,27.0,57.0,33.0,18.0,1.0,1.0,12.0,64.0,25.0,66.0,53.0,66.0,8.0,76.0,55.0,67.0,79.0,51.0,52.0,8.0,104.0,75.0,5.0,74.0,33.0,29.0,53.0,61.0,92.0,24.0,80.0,52.0,65.0,69.0,6.0,16.0,22.0,5.0,42.0,26.0,4.0,8.0,84.0,61.0,13.0,66.0,9.0,13.0,1,0.1717312892367946,F,6.5,1.0,6,0.1717312892367946,324.0,220.0,161.0,57.0,0.324975078598267
3.0,45.0,79.0,45.0,18.0,52.0,42.0,9.0,28.0,33.0,38.0,77.0,55.0,53.0,56.0,65.0,74.0,29.0,46.0,30.0,65.0,59.0,66.0,84.0,90.0,39.0,28.0,20.0,36.0,26.0,39.0,43.0,57.0,60.0,7.0,41.0,11.0,39.0,24.0,69.0,4.0,6.0,30.0,76.0,69.0,68.0,33.0,75.0,81.0,24.0,3.0,1,0.1717312892367946,F,6.5,0.0,6,0.1717312892367946,324.0,220.0,162.0,58.0,0.3209876543209877
75.0,34.0,57.0,20.0,47.0,88.0,19.0,46.0,76.0,39.0,83.0,11.0,56.0,14.0,47.0,56.0,78.0,45.0,32.0,78.0,19.0,86.0,21.0,34.0,73.0,41.0,7.0,25.0,43.0,52.0,3.0,11.0,3.0,5.0,55.0,79.0,9.0,82.0,6.0,26.0,54.0,15.0,37.0,45.0,4.0,76.0,65.0,75.0,41.0,22.0,1.0,0,0.1717312892367946,F,6.5,0.0,6,0.1717312892367946,324.0,220.0,163.0,58.0,0.32318412482011666
65.0,58.0,43.0,43.0,47.0,52.0,3.0,19.0,76.0,29.0,22.0,76.0,56.0,14.0,6.0,75.0,73.0,6.0,67.0,24.0,65.0,44.0,65.0,52.0,22.0,26.0,33.0,5.0,42.0,36.0,71.0,53.0,85.0,64.0,11.0,66.0,52.0,28.0,50.0,27.0,31.0,37.0,40.0,56.0,51.0,20.0,9.0,82.0,16.0,56.0,1.0,1,0.1717312892367946,F,6.5,0.0,6,0.1717312892367946,324.0,220.0,164.0,59.0,0.31925624811803677
30.0,50.0,96.0,49.0,77.0,13.0,18.0,71.0,68.0,6.0,5.0,50.0,32.0,27.0,16.0,82.0,75.0,52.0,18.0,55.0,16.0,68.0,29.0,46.0,79.0,47.0,24.0,33.0,41.0,45.0,49.0,3.0,60.0,49.0,22.0,17.0,48.0,43.0,36.0,55.0,35.0,22.0,18.0,3.0,30.0,65.0,61.0,58.0,64.0,54.0,5.0,1,0.1717312892367946,F,6.5,0.0,6,0.1717312892367946,324.0,220.0,165.0,60.0,0.3153759820426487
18.0,32.0,84.0,72.0,55.0,58.0,20.0,40.0,17.0,27.0,32.0,63.0,10.0,43.0,71.0,6.0,77.0,98.0,50.0,28.0,65.0,30.0,35.0,17.0,82.0,9.0,35.0,7.0,61.0,64.0,15.0,88.0,73.0,6.0,68.0,50.0,52.0,37.0,61.0,65.0,7.0,24.0,78.0,52.0,21.0,83.0,46.0,32.0,65.0,24.0,11.0,1,0.1717312892367946,F,6.5,1.0,6,0.1717312892367946,325.0,221.0,165.0,60.0,0.3163636363636364
7.0,54.0,10.0,82.0,75.0,58.0,18.0,84.0,54.0,58.0,15.0,13.0,1.0,6.0,54.0,79.0,73.0,86.0,8.0,94.0,83.0,81.0,21.0,26.0,48.0,59.0,55.0,41.0,58.0,26.0,31.0,71.0,97.0,66.0,2.0,46.0,26.0,58.0,3.0,46.0,52.0,75.0,34.0,15.0,30.0,32.0,57.0,75.0,83.0,24.0,9.0,0,0.1717312892367946,F,6.5,1.0,6,0.1717312892367946,326.0,221.0,165.0,60.0,0.3142777467930842
69.0,3.0,65.0,70.0,78.0,73.0,11.0,29.0,52.0,72.0,38.0,54.0,38.0,46.0,77.0,70.0,78.0,82.0,43.0,102.0,25.0,72.0,72.0,39.0,32.0,6.0,5.0,68.0,19.0,47.0,27.0,89.0,30.0,73.0,47.0,87.0,24.0,55.0,27.0,74.0,54.0,34.0,38.0,3.0,21.0,59.0,52.0,20.0,26.0,81.0,10.0,1,0.1717312892367946,F,6.5,1.0,6,0.1717312892367946,327.0,222.0,165.0,60.0,0.31526271893244373
75.0,21.0,79.0,53.0,87.0,73.0,60.0,84.0,21.0,35.0,3.0,30.0,21.0,27.0,18.0,77.0,77.0,48.0,56.0,69.0,67.0,86.0,60.0,9.0,46.0,41.0,62.0,9.0,45.0,10.0,35.0,58.0,4.0,69.0,16.0,15.0,69.0,15.0,30.0,61.0,33.0,11.0,30.0,20.0,71.0,1.0,44.0,78.0,37.0,26.0,1.0,0,0.1717312892367946,F,6.5,0.0,6,0.1717312892367946,327.0,222.0,166.0,60.0,0.31745329943627726
17.0,22.0,28.0,46.0,3.0,95.0,19.0,1.0,80.0,60.0,38.0,35.0,74.0,70.0,18.0,35.0,77.0,98.0,52.0,60.0,35.0,44.0,37.0,105.0,49.0,95.0,56.0,7.0,55.0,65.0,40.0,79.0,17.0,73.0,36.0,46.0,71.0,61.0,63.0,9.0,69.0,60.0,50.0,7.0,25.0,1.0,61.0,75.0,84.0,45.0,9.0,1,0.1717312892367946,F,6.5,1.0,6,0.1717312892367946,328.0,223.0,166.0,60.0,0.31843226564795774
48.0,1.0,13.0,49.0,3.0,19.0,44.0,5.0,76.0,73.0,47.0,26.0,77.0,37.0,76.0,85.0,75.0,39.0,69.0,73.0,26.0,67.0,21.0,13.0,32.0,49.0,12.0,53.0,54.0,50.0,21.0,88.0,1.0,9.0,68.0,65.0,52.0,21.0,48.0,40.0,62.0,25.0,12.0,17.0,44.0,88.0,44.0,69.0,67.0,33.0,1.0,0,0.1717312892367946,F,6.5,0.0,6,0.1717312892367946,328.0,223.0,167.0,60.0,0.32059661165473935
52.0,6.0,70.0,65.0,18.0,27.0,69.0,36.0,32.0,13.0,83.0,27.0,62.0,45.0,8.0,35.0,79.0,22.0,8.0,46.0,33.0,23.0,46.0,72.0,56.0,8.0,7.0,25.0,62.0,1.0,81.0,52.0,15.0,59.0,26.0,86.0,24.0,59.0,17.0,23.0,69.0,38.0,83.0,62.0,23.0,21.0,68.0,85.0,30.0,10.0,1.0,0,0.1717312892367946,F,6.5,0.0,6,0.1717312892367946,328.0,223.0,168.0,60.0,0.3227351916376307
9.0,54.0,45.0,66.0,11.0,8.0,19.0,46.0,51.0,71.0,61.0,58.0,76.0,53.0,16.0,31.0,79.0,43.0,75.0,54.0,31.0,39.0,1.0,25.0,38.0,32.0,12.0,5.0,73.0,11.0,20.0,6.0,79.0,77.0,30.0,46.0,1.0,37.0,22.0,27.0,3.0,45.0,12.0,31.0,20.0,82.0,36.0,29.0,75.0,66.0,13.0,1,0.1717312892367946,F,6.5,1.0,6,0.1717312892367946,329.0,224.0,168.0,60.0,0.32370820668693007
43.0,37.0,54.0,45.0,33.0,28.0,18.0,49.0,29.0,33.0,48.0,14.0,65.0,4.0,72.0,6.0,79.0,97.0,20.0,18.0,37.0,5.0,35.0,87.0,34.0,76.0,20.0,18.0,81.0,45.0,41.0,88.0,19.0,50.0,46.0,37.0,77.0,61.0,41.0,54.0,46.0,72.0,50.0,63.0,41.0,21.0,36.0,44.0,24.0,24.0,1.0,1,0.1717312892367946,F,6.5,0.0,6,0.1717312892367946,329.0,224.0,169.0,61.0,0.31990431826765703
41.0,17.0,54.0,16.0,10.0,89.0,11.0,25.0,30.0,29.0,75.0,86.0,8.0,27.0,34.0,35.0,75.0,49.0,58.0,42.0,51.0,45.0,28.0,15.0,29.0,6.0,55.0,5.0,55.0,45.0,43.0,33.0,79.0,64.0,26.0,33.0,32.0,82.0,22.0,24.0,2.0,78.0,14.0,41.0,52.0,82.0,38.0,4.0,50.0,80.0,5.0,0,0.1717312892367946,F,6.5,0.0,6,0.1717312892367946,329.0,224.0,170.0,61.0,0.3220275344180225
20.0,8.0,11.0,57.0,3.0,59.0,11.0,36.0,66.0,49.0,20.0,45.0,47.0,46.0,48.0,61.0,79.0,58.0,45.0,90.0,20.0,81.0,32.0,80.0,73.0,59.0,78.0,32.0,62.0,54.0,12.0,56.0,24.0,73.0,18.0,52.0,23.0,80.0,38.0,84.0,58.0,19.0,25.0,45.0,86.0,57.0,46.0,69.0,50.0,47.0,1.0,0,0.1717312892367946,F,6.5,0.0,6,0.1717312892367946,329.0,224.0,171.0,61.0,0.32412591763095683
69.0,77.0,13.0,27.0,5.0,88.0,70.0,30.0,54.0,31.0,50.0,90.0,48.0,50.0,62.0,52.0,75.0,94.0,6.0,40.0,5.0,2.0,17.0,2.0,81.0,72.0,60.0,9.0,70.0,66.0,11.0,2.0,51.0,41.0,6.0,57.0,32.0,70.0,61.0,41.0,49.0,42.0,63.0,39.0,84.0,57.0,37.0,31.0,50.0,9.0,1.0,0,0.1717312892367946,F,6.5,0.0,6,0.1717312892367946,329.0,224.0,172.0,61.0,0.3261999010390895
41.0,75.0,20.0,37.0,47.0,94.0,20.0,36.0,30.0,4.0,41.0,13.0,72.0,41.0,35.0,47.0,75.0,48.0,14.0,63.0,47.0,65.0,71.0,106.0,71.0,9.0,29.0,53.0,55.0,68.0,63.0,11.0,39.0,36.0,47.0,15.0,61.0,37.0,65.0,14.0,2.0,11.0,28.0,78.0,28.0,37.0,68.0,75.0,75.0,72.0,1.0,0,0.1717312892367946,F,6.5,0.0,6,0.1717312892367946,329.0,224.0,173.0,61.0,0.32824990776042307
21.0,76.0,11.0,49.0,51.0,33.0,85.0,46.0,59.0,71.0,24.0,84.0,31.0,21.0,34.0,35.0,73.0,69.0,18.0,58.0,63.0,73.0,1.0,73.0,32.0,39.0,33.0,29.0,22.0,76.0,45.0,31.0,70.0,29.0,66.0,24.0,16.0,69.0,54.0,18.0,35.0,70.0,20.0,81.0,32.0,53.0,20.0,70.0,81.0,14.0,13.0,1,0.1717312892367946,F,6.5,1.0,6,0.1717312892367946,330.0,225.0,173.0,61.0,0.3292170257488176
3.0,36.0,44.0,58.0,78.0,75.0,7.0,3.0,24.0,56.0,69.0,5.0,12.0,63.0,31.0,6.0,77.0,81.0,58.0,11.0,68.0,75.0,46.0,8.0,87.0,35.0,53.0,25.0,7.0,49.0,9.0,86.0,2.0,64.0,9.0,1.0,82.0,58.0,32.0,72.0,53.0,40.0,33.0,17.0,19.0,38.0,59.0,75.0,26.0,33.0,5.0,1,0.1717312892367946,F,6.5,0.0,6,0.1717312892367946,330.0,225.0,174.0,62.0,0.325496342737722
7.0,77.0,89.0,55.0,61.0,36.0,44.0,88.0,31.0,29.0,38.0,3.0,34.0,69.0,41.0,70.0,79.0,19.0,67.0,60.0,84.0,73.0,44.0,72.0,32.0,5.0,48.0,63.0,80.0,64.0,36.0,33.0,1.0,32.0,6.0,46.0,59.0,29.0,59.0,50.0,8.0,17.0,8.0,58.0,57.0,87.0,16.0,59.0,35.0,1.0,1.0,0,0.1717312892367946,F,6.5,0.0,6,0.1717312892367946,330.0,225.0,175.0,62.0,0.3275324675324675
7.0,22.0,5.0,72.0,29.0,81.0,26.0,19.0,76.0,44.0,3.0,9.0,56.0,53.0,56.0,80.0,77.0,17.0,50.0,76.0,20.0,76.0,35.0,52.0,85.0,31.0,74.0,29.0,14.0,36.0,34.0,84.0,82.0,78.0,26.0,65.0,63.0,37.0,17.0,20.0,31.0,70.0,82.0,42.0,71.0,77.0,57.0,38.0,13.0,59.0,11.0,0,0.1717312892367946,F,6.5,1.0,6,0.1717312892367946,331.0,225.0,175.0,62.0,0.32547259387138544
63.0,10.0,56.0,21.0,67.0,13.0,86.0,10.0,13.0,47.0,11.0,81.0,8.0,4.0,16.0,48.0,77.0,22.0,56.0,48.0,11.0,71.0,67.0,87.0,91.0,80.0,46.0,33.0,67.0,20.0,5.0,82.0,93.0,1.0,62.0,25.0,18.0,2.0,56.0,26.0,46.0,56.0,23.0,7.0,57.0,20.0,44.0,75.0,26.0,45.0,1.0,1,0.1717312892367946,F,6.5,0.0,6,0.1717312892367946,331.0,225.0,176.0,63.0,0.32180376270255423
51.0,77.0,3.0,16.0,50.0,60.0,66.0,88.0,16.0,33.0,6.0,30.0,44.0,50.0,34.0,16.0,72.0,75.0,43.0,102.0,51.0,69.0,80.0,91.0,80.0,51.0,1.0,29.0,21.0,40.0,30.0,12.0,34.0,48.0,52.0,65.0,6.0,63.0,41.0,9.0,36.0,9.0,75.0,76.0,11.0,72.0,58.0,39.0,16.0,70.0,11.0,1,0.1717312892367946,F,6.5,1.0,6,0.1717312892367946,332.0,226.0,176.0,63.0,0.3227683461117196
49.0,10.0,67.0,87.0,80.0,8.0,11.0,49.0,72.0,56.0,12.0,87.0,10.0,21.0,7.0,42.0,77.0,72.0,43.0,20.0,58.0,66.0,46.0,78.0,32.0,13.0,9.0,20.0,58.0,1.0,57.0,39.0,63.0,64.0,4.0,85.0,16.0,37.0,43.0,69.0,49.0,72.0,32.0,45.0,23.0,25.0,13.0,28.0,67.0,45.0,13.0,1,0.1717312892367946,F,6.5,1.0,6,0.1717312892367946,333.0,227.0,176.0,63.0,0.32372713622713617
7.0,1.0,32.0,70.0,10.0,94.0,45.0,88.0,28.0,76.0,3.0,32.0,71.0,26.0,55.0,68.0,79.0,54.0,1.0,32.0,63.0,71.0,67.0,102.0,48.0,59.0,65.0,33.0,57.0,45.0,19.0,2.0,33.0,45.0,54.0,16.0,61.0,39.0,56.0,54.0,7.0,1.0,50.0,11.0,69.0,32.0,36.0,83.0,26.0,3.0,13.0,0,0.1717312892367946,F,6.5,1.0,6,0.1717312892367946,334.0,227.0,176.0,63.0,0.32168617310832875
84.0,38.0,29.0,37.0,5.0,68.0,57.0,79.0,40.0,41.0,55.0,84.0,45.0,10.0,59.0,22.0,79.0,95.0,64.0,42.0,65.0,68.0,39.0,36.0,92.0,32.0,32.0,29.0,36.0,45.0,19.0,2.0,49.0,74.0,11.0,6.0,83.0,23.0,50.0,19.0,3.0,78.0,60.0,14.0,35.0,69.0,43.0,58.0,50.0,56.0,1.0,1,0.1717312892367946,F,6.5,0.0,6,0.1717312892367946,334.0,227.0,177.0,64.0,0.3180587976589194
79.0,54.0,22.0,52.0,5.0,13.0,57.0,9.0,37.0,58.0,9.0,81.0,32.0,27.0,66.0,82.0,77.0,29.0,69.0,30.0,6.0,20.0,79.0,50.0,30.0,41.0,60.0,24.0,37.0,34.0,49.0,49.0,92.0,73.0,66.0,65.0,75.0,8.0,41.0,18.0,49.0,9.0,57.0,35.0,14.0,72.0,38.0,72.0,17.0,33.0,3.0,1,0.1717312892367946,F,6.5,0.0,6,0.1717312892367946,334.0,227.0,178.0,65.0,0.3144721792370315
31.0,17.0,1.0,51.0,84.0,73.0,57.0,33.0,57.0,33.0,7.0,30.0,60.0,49.0,61.0,44.0,77.0,30.0,65.0,20.0,77.0,64.0,71.0,78.0,52.0,55.0,71.0,9.0,22.0,68.0,12.0,1.0,85.0,36.0,71.0,42.0,43.0,41.0,13.0,45.0,1.0,30.0,34.0,31.0,52.0,65.0,58.0,69.0,75.0,2.0,13.0,1,0.1717312892367946,F,6.5,1.0,6,0.1717312892367946,335.0,228.0,178.0,65.0,0.31542847559953047
63.0,55.0,24.0,87.0,75.0,28.0,11.0,11.0,52.0,13.0,2.0,82.0,31.0,50.0,35.0,81.0,76.0,8.0,45.0,91.0,86.0,80.0,21.0,52.0,30.0,72.0,31.0,1.0,69.0,64.0,72.0,34.0,19.0,19.0,1.0,60.0,22.0,43.0,53.0,67.0,64.0,72.0,81.0,7.0,25.0,51.0,41.0,4.0,13.0,45.0,9.0,1,0.1717312892367946,F,6.5,1.0,6,0.1717312892367946,336.0,229.0,178.0,65.0,0.31637907972177637
21.0,22.0,37.0,49.0,10.0,78.0,20.0,46.0,57.0,16.0,5.0,9.0,60.0,27.0,35.0,85.0,75.0,3.0,50.0,48.0,26.0,63.0,25.0,46.0,56.0,51.0,60.0,53.0,75.0,35.0,57.0,86.0,9.0,35.0,69.0,36.0,72.0,50.0,19.0,88.0,40.0,12.0,83.0,15.0,79.0,68.0,33.0,69.0,54.0,13.0,1.0,1,0.1717312892367946,F,6.5,0.0,6,0.1717312892367946,336.0,229.0,179.0,66.0,0.3128325352487364
23.0,75.0,91.0,20.0,21.0,16.0,80.0,67.0,21.0,56.0,52.0,86.0,16.0,14.0,28.0,39.0,77.0,82.0,67.0,1.0,26.0,55.0,8.0,65.0,7.0,79.0,76.0,39.0,54.0,12.0,45.0,92.0,43.0,47.0,58.0,46.0,27.0,7.0,56.0,23.0,31.0,38.0,16.0,51.0,24.0,8.0,38.0,66.0,75.0,47.0,1.0,0,0.1717312892367946,F,6.5,0.0,6,0.1717312892367946,336.0,229.0,180.0,66.0,0.31488095238095243
45.0,14.0,91.0,87.0,20.0,13.0,65.0,84.0,74.0,84.0,81.0,54.0,20.0,54.0,33.0,50.0,72.0,82.0,67.0,56.0,77.0,79.0,67.0,23.0,53.0,73.0,68.0,36.0,14.0,6.0,13.0,92.0,56.0,73.0,2.0,87.0,12.0,27.0,18.0,54.0,69.0,72.0,47.0,46.0,8.0,38.0,65.0,54.0,13.0,2.0,1.0,1,0.1717312892367946,F,6.5,0.0,6,0.1717312892367946,336.0,229.0,181.0,67.0,0.3113818731912655
21.0,77.0,11.0,27.0,14.0,70.0,48.0,2.0,40.0,36.0,76.0,9.0,71.0,63.0,39.0,21.0,78.0,98.0,13.0,65.0,67.0,42.0,50.0,9.0,48.0,9.0,16.0,56.0,54.0,17.0,20.0,51.0,62.0,71.0,28.0,46.0,38.0,43.0,22.0,23.0,31.0,52.0,54.0,20.0,21.0,66.0,63.0,77.0,13.0,22.0,2.0,0,0.1717312892367946,F,6.5,0.0,6,0.1717312892367946,336.0,229.0,182.0,67.0,0.3134157509157509
43.0,40.0,60.0,87.0,3.0,6.0,15.0,84.0,53.0,84.0,1.0,33.0,16.0,56.0,70.0,54.0,77.0,48.0,22.0,91.0,57.0,70.0,35.0,59.0,81.0,52.0,74.0,1.0,81.0,60.0,15.0,79.0,90.0,38.0,24.0,28.0,16.0,29.0,41.0,62.0,14.0,39.0,9.0,79.0,30.0,68.0,54.0,29.0,45.0,38.0,4.0,1,0.1717312892367946,F,6.5,0.0,6,0.1717312892367946,336.0,229.0,183.0,68.0,0.30996291959406713
21.0,10.0,13.0,87.0,3.0,90.0,19.0,84.0,76.0,79.0,77.0,6.0,67.0,50.0,29.0,56.0,5.0,5.0,53.0,46.0,29.0,44.0,81.0,28.0,41.0,58.0,68.0,57.0,70.0,18.0,55.0,2.0,2.0,52.0,18.0,78.0,56.0,70.0,40.0,40.0,2.0,23.0,47.0,31.0,57.0,82.0,7.0,5.0,48.0,45.0,9.0,1,0.11739827641425804,F,6.5,1.0,1,0.11739827641425804,337.0,230.0,183.0,68.0,0.310907882148822
30.0,38.0,58.0,27.0,75.0,33.0,52.0,32.0,30.0,24.0,30.0,28.0,4.0,7.0,71.0,39.0,6.0,35.0,13.0,95.0,37.0,42.0,44.0,70.0,85.0,77.0,23.0,27.0,29.0,29.0,72.0,57.0,51.0,60.0,43.0,50.0,68.0,69.0,22.0,67.0,41.0,36.0,55.0,15.0,25.0,10.0,18.0,68.0,7.0,1.0,4.0,1,0.11739827641425804,F,6.5,0.0,1,0.11739827641425804,337.0,230.0,184.0,69.0,0.3074925816023739
79.0,77.0,76.0,77.0,55.0,18.0,26.0,56.0,10.0,46.0,39.0,15.0,26.0,46.0,21.0,61.0,8.0,53.0,67.0,11.0,51.0,79.0,46.0,35.0,45.0,58.0,54.0,37.0,58.0,8.0,10.0,90.0,43.0,79.0,26.0,87.0,69.0,45.0,17.0,18.0,69.0,52.0,12.0,75.0,41.0,84.0,36.0,63.0,22.0,69.0,1.0,1,0.11739827641425804,F,6.5,0.0,1,0.11739827641425804,337.0,230.0,185.0,70.0,0.3041142032239955
51.0,75.0,37.0,21.0,13.0,16.0,29.0,16.0,28.0,39.0,84.0,14.0,32.0,53.0,7.0,61.0,8.0,26.0,67.0,9.0,77.0,14.0,3.0,84.0,34.0,79.0,63.0,25.0,60.0,44.0,1.0,79.0,63.0,71.0,52.0,50.0,60.0,89.0,58.0,75.0,13.0,52.0,55.0,3.0,27.0,88.0,39.0,4.0,83.0,66.0,9.0,1,0.11739827641425804,F,6.5,1.0,1,0.11739827641425804,338.0,231.0,185.0,70.0,0.30505357428434354
65.0,43.0,13.0,77.0,5.0,61.0,80.0,7.0,16.0,39.0,7.0,36.0,29.0,56.0,64.0,58.0,6.0,98.0,29.0,63.0,15.0,14.0,57.0,68.0,45.0,25.0,45.0,15.0,55.0,36.0,16.0,17.0,37.0,52.0,23.0,63.0,63.0,66.0,61.0,7.0,41.0,38.0,47.0,11.0,30.0,10.0,44.0,75.0,73.0,9.0,8.0,0,0.11739827641425804,F,6.5,1.0,1,0.11739827641425804,339.0,231.0,185.0,70.0,0.3030375508251614
85.0,54.0,87.0,59.0,58.0,52.0,23.0,5.0,78.0,4.0,22.0,3.0,31.0,46.0,26.0,74.0,5.0,46.0,52.0,67.0,39.0,46.0,69.0,104.0,14.0,50.0,54.0,54.0,39.0,60.0,57.0,86.0,46.0,70.0,55.0,85.0,35.0,37.0,13.0,86.0,6.0,5.0,16.0,62.0,79.0,65.0,31.0,75.0,78.0,42.0,1.0,0,0.11739827641425804,F,6.5,0.0,1,0.11739827641425804,339.0,231.0,186.0,70.0,0.3050718431820344
50.0,36.0,1.0,29.0,75.0,48.0,74.0,79.0,39.0,60.0,79.0,51.0,16.0,53.0,26.0,61.0,8.0,52.0,36.0,2.0,68.0,83.0,37.0,88.0,85.0,88.0,74.0,47.0,50.0,60.0,55.0,13.0,43.0,64.0,16.0,87.0,27.0,69.0,24.0,67.0,33.0,6.0,25.0,60.0,65.0,59.0,53.0,52.0,75.0,78.0,9.0,0,0.11739827641425804,F,6.5,1.0,1,0.11739827641425804,340.0,231.0,186.0,70.0,0.303067678684377
79.0,10.0,36.0,37.0,10.0,11.0,63.0,37.0,41.0,56.0,83.0,12.0,48.0,63.0,20.0,73.0,11.0,64.0,50.0,67.0,35.0,44.0,75.0,87.0,65.0,91.0,54.0,25.0,60.0,14.0,26.0,23.0,12.0,61.0,2.0,66.0,12.0,79.0,6.0,41.0,65.0,10.0,12.0,15.0,57.0,18.0,58.0,4.0,69.0,68.0,3.0,1,0.11739827641425804,F,6.5,0.0,1,0.11739827641425804,340.0,231.0,187.0,71.0,0.2997326203208556
79.0,54.0,82.0,7.0,20.0,61.0,11.0,77.0,12.0,20.0,47.0,15.0,72.0,59.0,70.0,44.0,4.0,10.0,25.0,24.0,25.0,26.0,25.0,76.0,53.0,41.0,22.0,47.0,31.0,42.0,43.0,31.0,17.0,64.0,56.0,30.0,45.0,24.0,13.0,9.0,62.0,28.0,51.0,11.0,58.0,86.0,38.0,6.0,60.0,6.0,1.0,1,0.11739827641425804,F,6.5,0.0,1,0.11739827641425804,340.0,231.0,188.0,72.0,0.29643304130162706
28.0,38.0,75.0,35.0,65.0,44.0,88.0,20.0,54.0,26.0,26.0,64.0,16.0,23.0,16.0,22.0,4.0,82.0,4.0,42.0,61.0,75.0,48.0,93.0,81.0,17.0,23.0,27.0,24.0,32.0,43.0,11.0,24.0,46.0,7.0,23.0,21.0,37.0,11.0,41.0,21.0,73.0,55.0,63.0,71.0,72.0,1.0,66.0,78.0,33.0,1.0,0,0.11739827641425804,F,6.5,0.0,1,0.11739827641425804,340.0,231.0,189.0,72.0,0.29845938375350145
75.0,36.0,67.0,54.0,31.0,48.0,52.0,50.0,12.0,8.0,83.0,90.0,35.0,69.0,70.0,6.0,10.0,29.0,62.0,60.0,44.0,62.0,35.0,101.0,5.0,64.0,22.0,48.0,24.0,8.0,16.0,84.0,55.0,19.0,48.0,30.0,71.0,35.0,54.0,16.0,27.0,58.0,3.0,81.0,86.0,81.0,9.0,58.0,46.0,22.0,1.0,1,0.11739827641425804,F,6.5,0.0,1,0.11739827641425804,340.0,231.0,190.0,73.0,0.29520123839009293
79.0,54.0,11.0,73.0,32.0,30.0,70.0,36.0,74.0,71.0,38.0,77.0,57.0,14.0,71.0,50.0,11.0,61.0,56.0,38.0,47.0,42.0,78.0,91.0,28.0,73.0,56.0,9.0,70.0,68.0,38.0,66.0,99.0,5.0,71.0,60.0,17.0,77.0,4.0,27.0,33.0,8.0,26.0,17.0,67.0,82.0,36.0,74.0,1.0,9.0,11.0,1,0.11739827641425804,F,6.5,1.0,1,0.11739827641425804,341.0,232.0,190.0,73.0,0.2961413798425683
57.0,26.0,23.0,3.0,47.0,67.0,47.0,33.0,77.0,38.0,73.0,86.0,76.0,26.0,1.0,16.0,9.0,31.0,9.0,50.0,26.0,79.0,21.0,104.0,18.0,73.0,76.0,49.0,46.0,70.0,14.0,34.0,90.0,64.0,58.0,65.0,61.0,10.0,41.0,40.0,27.0,39.0,57.0,49.0,21.0,38.0,13.0,62.0,48.0,59.0,9.0,1,0.11739827641425804,F,6.5,1.0,1,0.11739827641425804,342.0,233.0,190.0,73.0,0.29707602339181294
75.0,48.0,8.0,58.0,28.0,31.0,69.0,58.0,49.0,36.0,82.0,75.0,8.0,33.0,1.0,39.0,10.0,49.0,55.0,24.0,12.0,79.0,4.0,63.0,63.0,37.0,31.0,53.0,14.0,14.0,13.0,6.0,14.0,69.0,69.0,71.0,71.0,87.0,70.0,87.0,65.0,62.0,17.0,31.0,41.0,38.0,18.0,49.0,13.0,37.0,9.0,1,0.11739827641425804,F,6.5,1.0,1,0.11739827641425804,343.0,234.0,190.0,73.0,0.29800521712444383
21.0,41.0,14.0,51.0,20.0,73.0,11.0,8.0,59.0,31.0,40.0,13.0,63.0,21.0,39.0,81.0,8.0,82.0,37.0,52.0,56.0,77.0,26.0,32.0,29.0,92.0,12.0,70.0,22.0,17.0,22.0,5.0,75.0,29.0,4.0,25.0,83.0,31.0,56.0,7.0,58.0,62.0,8.0,43.0,53.0,36.0,58.0,4.0,81.0,58.0,7.0,0,0.11739827641425804,F,6.5,1.0,1,0.11739827641425804,344.0,234.0,190.0,73.0,0.2960220318237454
75.0,4.0,91.0,19.0,69.0,59.0,11.0,48.0,40.0,47.0,38.0,12.0,74.0,64.0,7.0,61.0,10.0,57.0,27.0,24.0,73.0,70.0,51.0,106.0,61.0,47.0,58.0,11.0,19.0,47.0,73.0,90.0,23.0,29.0,71.0,71.0,22.0,12.0,22.0,29.0,41.0,5.0,43.0,27.0,1.0,60.0,31.0,70.0,70.0,62.0,2.0,1,0.11739827641425804,F,6.5,0.0,1,0.11739827641425804,344.0,234.0,191.0,74.0,0.29279800316571286
58.0,38.0,56.0,51.0,13.0,94.0,65.0,88.0,23.0,6.0,1.0,13.0,56.0,51.0,76.0,10.0,3.0,93.0,46.0,67.0,63.0,79.0,67.0,78.0,48.0,3.0,76.0,53.0,31.0,55.0,15.0,64.0,95.0,9.0,65.0,49.0,12.0,61.0,8.0,58.0,7.0,73.0,82.0,9.0,1.0,28.0,7.0,39.0,69.0,5.0,9.0,1,0.11739827641425804,F,6.5,1.0,1,0.11739827641425804,345.0,235.0,191.0,74.0,0.2937248653160331
31.0,40.0,3.0,66.0,78.0,75.0,70.0,53.0,76.0,13.0,3.0,75.0,8.0,27.0,33.0,52.0,1.0,69.0,2.0,55.0,86.0,49.0,21.0,84.0,43.0,26.0,6.0,47.0,47.0,46.0,16.0,11.0,70.0,42.0,13.0,74.0,71.0,13.0,56.0,5.0,69.0,54.0,78.0,78.0,30.0,58.0,41.0,50.0,69.0,1.0,13.0,1,0.11739827641425804,F,6.5,1.0,1,0.11739827641425804,346.0,236.0,191.0,74.0,0.2946463698816693
34.0,45.0,43.0,3.0,50.0,11.0,15.0,66.0,72.0,15.0,12.0,17.0,68.0,46.0,28.0,6.0,11.0,1.0,37.0,32.0,16.0,10.0,28.0,33.0,11.0,91.0,52.0,56.0,53.0,28.0,38.0,79.0,81.0,49.0,52.0,15.0,18.0,35.0,61.0,17.0,31.0,58.0,57.0,27.0,14.0,72.0,55.0,69.0,41.0,67.0,13.0,1,0.11739827641425804,F,6.5,1.0,1,0.11739827641425804,347.0,237.0,191.0,74.0,0.2955625631817976
17.0,42.0,14.0,51.0,80.0,66.0,69.0,91.0,50.0,6.0,3.0,13.0,26.0,59.0,23.0,6.0,1.0,43.0,46.0,76.0,70.0,19.0,40.0,93.0,77.0,32.0,58.0,1.0,56.0,60.0,30.0,13.0,14.0,73.0,43.0,3.0,5.0,28.0,7.0,67.0,33.0,16.0,55.0,59.0,5.0,28.0,48.0,70.0,73.0,9.0,4.0,1,0.11739827641425804,F,6.5,0.0,1,0.11739827641425804,347.0,237.0,192.0,75.0,0.2923721181556196
40.0,10.0,33.0,7.0,51.0,54.0,15.0,46.0,12.0,79.0,66.0,30.0,10.0,41.0,18.0,44.0,8.0,72.0,48.0,97.0,11.0,52.0,23.0,2.0,84.0,32.0,58.0,9.0,54.0,49.0,40.0,88.0,84.0,32.0,26.0,91.0,24.0,69.0,32.0,35.0,13.0,36.0,40.0,1.0,83.0,58.0,29.0,46.0,73.0,22.0,11.0,1,0.11739827641425804,F,6.5,1.0,1,0.11739827641425804,348.0,238.0,192.0,75.0,0.2932830459770115
26.0,36.0,50.0,7.0,3.0,28.0,42.0,10.0,28.0,44.0,9.0,17.0,43.0,61.0,80.0,44.0,5.0,69.0,52.0,64.0,61.0,20.0,66.0,16.0,78.0,6.0,1.0,25.0,81.0,14.0,47.0,51.0,69.0,78.0,4.0,24.0,58.0,83.0,46.0,18.0,36.0,22.0,62.0,6.0,84.0,82.0,42.0,39.0,83.0,4.0,9.0,1,0.11739827641425804,F,6.5,1.0,1,0.11739827641425804,349.0,239.0,192.0,75.0,0.29418875358166185
62.0,17.0,29.0,49.0,77.0,75.0,15.0,41.0,39.0,29.0,39.0,5.0,70.0,53.0,26.0,33.0,8.0,36.0,43.0,32.0,61.0,78.0,31.0,94.0,59.0,9.0,14.0,29.0,14.0,43.0,73.0,90.0,55.0,31.0,34.0,3.0,27.0,67.0,23.0,47.0,60.0,28.0,8.0,76.0,46.0,16.0,16.0,54.0,77.0,39.0,1.0,1,0.11739827641425804,F,6.5,0.0,1,0.11739827641425804,349.0,239.0,193.0,76.0,0.2910313701619727
9.0,2.0,73.0,31.0,44.0,62.0,42.0,73.0,70.0,72.0,73.0,73.0,12.0,33.0,48.0,50.0,2.0,19.0,69.0,75.0,9.0,26.0,30.0,73.0,7.0,56.0,12.0,63.0,78.0,35.0,17.0,9.0,4.0,29.0,54.0,72.0,43.0,4.0,1.0,38.0,3.0,58.0,25.0,50.0,73.0,70.0,1.0,69.0,79.0,9.0,9.0,1,0.11739827641425804,F,6.5,1.0,1,0.11739827641425804,350.0,240.0,193.0,76.0,0.2919319022945966
7.0,21.0,61.0,87.0,34.0,78.0,41.0,31.0,39.0,47.0,79.0,66.0,35.0,7.0,1.0,32.0,10.0,81.0,56.0,28.0,84.0,8.0,21.0,56.0,48.0,7.0,60.0,61.0,41.0,10.0,71.0,77.0,43.0,36.0,50.0,4.0,67.0,31.0,22.0,3.0,23.0,36.0,10.0,50.0,23.0,68.0,40.0,10.0,16.0,59.0,1.0,0,0.11739827641425804,F,6.5,0.0,1,0.11739827641425804,350.0,240.0,194.0,76.0,0.2939617083946981
26.0,76.0,19.0,7.0,10.0,83.0,19.0,46.0,52.0,68.0,41.0,73.0,1.0,21.0,19.0,68.0,10.0,43.0,13.0,26.0,51.0,77.0,37.0,50.0,79.0,47.0,58.0,13.0,60.0,61.0,16.0,50.0,17.0,37.0,50.0,22.0,71.0,74.0,56.0,23.0,5.0,72.0,51.0,22.0,57.0,70.0,66.0,25.0,24.0,45.0,8.0,1,0.11739827641425804,F,6.5,1.0,1,0.11739827641425804,351.0,241.0,194.0,76.0,0.29485710929009895
75.0,54.0,94.0,70.0,75.0,75.0,36.0,50.0,30.0,56.0,65.0,15.0,32.0,61.0,19.0,85.0,5.0,29.0,43.0,82.0,1.0,26.0,67.0,8.0,8.0,47.0,58.0,18.0,42.0,16.0,79.0,82.0,71.0,9.0,68.0,28.0,14.0,44.0,6.0,54.0,1.0,47.0,37.0,41.0,81.0,51.0,31.0,41.0,26.0,66.0,1.0,1,0.11739827641425804,F,6.5,0.0,1,0.11739827641425804,351.0,241.0,195.0,77.0,0.2917378917378917
45.0,4.0,26.0,51.0,10.0,23.0,20.0,84.0,59.0,79.0,9.0,7.0,25.0,63.0,32.0,58.0,3.0,22.0,28.0,18.0,6.0,44.0,82.0,78.0,20.0,7.0,22.0,29.0,12.0,26.0,68.0,66.0,43.0,9.0,28.0,26.0,26.0,67.0,41.0,75.0,50.0,20.0,8.0,17.0,49.0,29.0,66.0,72.0,26.0,14.0,3.0,1,0.11739827641425804,F,6.5,0.0,1,0.11739827641425804,351.0,241.0,196.0,78.0,0.2886505029362172
17.0,22.0,82.0,90.0,26.0,58.0,57.0,9.0,54.0,10.0,44.0,32.0,8.0,21.0,70.0,17.0,5.0,64.0,67.0,40.0,61.0,71.0,30.0,55.0,55.0,12.0,74.0,27.0,41.0,32.0,61.0,92.0,10.0,9.0,63.0,78.0,71.0,10.0,61.0,28.0,23.0,45.0,60.0,65.0,10.0,35.0,43.0,69.0,6.0,22.0,9.0,1,0.11739827641425804,F,6.5,1.0,1,0.11739827641425804,352.0,242.0,196.0,78.0,0.2895408163265306
79.0,52.0,92.0,7.0,73.0,92.0,77.0,29.0,60.0,6.0,5.0,77.0,67.0,68.0,33.0,59.0,4.0,36.0,30.0,24.0,33.0,62.0,67.0,33.0,87.0,3.0,25.0,33.0,44.0,49.0,59.0,70.0,19.0,77.0,7.0,17.0,71.0,30.0,11.0,20.0,49.0,72.0,56.0,60.0,23.0,18.0,58.0,64.0,36.0,69.0,8.0,1,0.11739827641425804,F,6.5,1.0,1,0.11739827641425804,353.0,243.0,196.0,78.0,0.2904260854483437
37.0,1.0,13.0,17.0,47.0,67.0,19.0,83.0,59.0,29.0,56.0,59.0,77.0,24.0,1.0,63.0,5.0,18.0,5.0,18.0,51.0,33.0,71.0,31.0,55.0,23.0,21.0,34.0,60.0,6.0,62.0,37.0,72.0,32.0,37.0,19.0,7.0,43.0,36.0,30.0,42.0,1.0,50.0,39.0,73.0,59.0,29.0,16.0,75.0,47.0,13.0,1,0.11739827641425804,F,6.5,1.0,1,0.11739827641425804,354.0,244.0,196.0,78.0,0.29130635304969443
3.0,38.0,96.0,7.0,18.0,71.0,9.0,6.0,12.0,58.0,79.0,42.0,74.0,75.0,7.0,79.0,1.0,29.0,19.0,45.0,79.0,49.0,36.0,103.0,30.0,18.0,12.0,20.0,73.0,76.0,38.0,53.0,19.0,46.0,65.0,54.0,30.0,50.0,56.0,32.0,3.0,36.0,7.0,46.0,28.0,26.0,15.0,78.0,81.0,4.0,13.0,1,0.11739827641425804,F,6.5,1.0,1,0.11739827641425804,355.0,245.0,196.0,78.0,0.2921816613969531
32.0,54.0,58.0,21.0,5.0,13.0,80.0,50.0,26.0,35.0,3.0,17.0,14.0,33.0,67.0,63.0,10.0,7.0,45.0,24.0,35.0,26.0,71.0,80.0,60.0,40.0,71.0,21.0,73.0,36.0,8.0,90.0,52.0,65.0,48.0,73.0,59.0,15.0,59.0,80.0,28.0,73.0,35.0,31.0,20.0,71.0,63.0,64.0,52.0,33.0,5.0,0,0.11739827641425804,F,6.5,0.0,1,0.11739827641425804,355.0,245.0,197.0,78.0,0.29420175877600624
3.0,46.0,11.0,34.0,87.0,44.0,2.0,73.0,74.0,29.0,33.0,74.0,21.0,37.0,68.0,70.0,10.0,53.0,18.0,17.0,37.0,62.0,61.0,35.0,65.0,9.0,28.0,32.0,77.0,68.0,34.0,22.0,14.0,54.0,18.0,6.0,5.0,21.0,10.0,43.0,8.0,9.0,12.0,1.0,14.0,86.0,39.0,43.0,68.0,10.0,1.0,1,0.11739827641425804,F,6.5,0.0,1,0.11739827641425804,355.0,245.0,198.0,79.0,0.2911509460805235
3.0,17.0,50.0,7.0,10.0,67.0,75.0,32.0,54.0,33.0,77.0,56.0,43.0,58.0,18.0,59.0,9.0,21.0,71.0,44.0,26.0,68.0,70.0,28.0,84.0,9.0,68.0,68.0,10.0,61.0,8.0,71.0,10.0,32.0,30.0,60.0,53.0,33.0,57.0,65.0,40.0,22.0,34.0,54.0,52.0,74.0,34.0,56.0,22.0,21.0,3.0,1,0.11739827641425804,F,6.5,0.0,1,0.11739827641425804,355.0,245.0,199.0,80.0,0.2881307948191662
7.0,45.0,38.0,13.0,5.0,28.0,7.0,29.0,21.0,45.0,9.0,86.0,8.0,11.0,75.0,65.0,10.0,23.0,39.0,67.0,67.0,44.0,28.0,35.0,30.0,48.0,45.0,1.0,58.0,66.0,35.0,17.0,75.0,5.0,47.0,3.0,52.0,89.0,22.0,18.0,63.0,36.0,60.0,10.0,74.0,68.0,49.0,67.0,60.0,19.0,9.0,0,0.11739827641425804,F,6.5,1.0,1,0.11739827641425804,356.0,245.0,199.0,80.0,0.2861921969397549
81.0,3.0,36.0,7.0,85.0,52.0,57.0,80.0,53.0,47.0,38.0,17.0,51.0,73.0,70.0,90.0,6.0,74.0,60.0,46.0,11.0,88.0,21.0,7.0,53.0,77.0,27.0,9.0,10.0,14.0,72.0,19.0,52.0,32.0,6.0,30.0,74.0,70.0,60.0,28.0,39.0,50.0,20.0,31.0,35.0,28.0,63.0,13.0,3.0,79.0,1.0,0,0.11739827641425804,F,6.5,0.0,1,0.11739827641425804,356.0,245.0,200.0,80.0,0.2882022471910112
44.0,6.0,45.0,6.0,75.0,73.0,34.0,84.0,66.0,58.0,54.0,73.0,6.0,16.0,44.0,22.0,2.0,56.0,39.0,60.0,56.0,21.0,62.0,7.0,15.0,21.0,1.0,19.0,14.0,52.0,20.0,88.0,65.0,64.0,47.0,78.0,61.0,63.0,41.0,59.0,5.0,17.0,4.0,7.0,27.0,31.0,46.0,39.0,45.0,19.0,4.0,0,0.11739827641425804,F,6.5,0.0,1,0.11739827641425804,356.0,245.0,201.0,80.0,0.29019229694225496
45.0,36.0,94.0,24.0,78.0,11.0,57.0,49.0,61.0,39.0,12.0,15.0,37.0,61.0,34.0,54.0,2.0,80.0,24.0,32.0,87.0,52.0,79.0,6.0,31.0,90.0,32.0,1.0,72.0,57.0,57.0,18.0,63.0,5.0,28.0,1.0,3.0,55.0,58.0,46.0,17.0,72.0,8.0,11.0,8.0,36.0,37.0,78.0,30.0,45.0,1.0,0,0.11739827641425804,F,6.5,0.0,1,0.11739827641425804,356.0,245.0,202.0,80.0,0.29216264323061514
1.0,22.0,3.0,55.0,3.0,96.0,71.0,25.0,43.0,10.0,72.0,3.0,12.0,21.0,36.0,56.0,9.0,100.0,20.0,76.0,51.0,14.0,1.0,87.0,38.0,73.0,58.0,2.0,48.0,57.0,53.0,86.0,96.0,29.0,42.0,5.0,77.0,66.0,8.0,43.0,66.0,32.0,39.0,50.0,44.0,82.0,48.0,75.0,58.0,11.0,14.0,0,0.11739827641425804,F,6.5,1.0,1,0.11739827641425804,357.0,245.0,202.0,80.0,0.2902349058435255
79.0,32.0,70.0,7.0,5.0,58.0,3.0,73.0,20.0,6.0,37.0,24.0,31.0,67.0,67.0,20.0,5.0,36.0,45.0,56.0,29.0,25.0,56.0,52.0,24.0,82.0,30.0,68.0,80.0,8.0,13.0,84.0,2.0,40.0,58.0,9.0,63.0,28.0,43.0,17.0,23.0,36.0,29.0,56.0,3.0,65.0,7.0,86.0,43.0,36.0,9.0,1,0.11739827641425804,F,6.5,1.0,1,0.11739827641425804,358.0,246.0,202.0,80.0,0.29111123402843075
22.0,54.0,36.0,31.0,41.0,78.0,64.0,84.0,59.0,43.0,24.0,36.0,67.0,49.0,67.0,16.0,2.0,82.0,16.0,89.0,40.0,18.0,35.0,34.0,1.0,17.0,78.0,55.0,11.0,47.0,60.0,30.0,88.0,29.0,46.0,72.0,10.0,72.0,37.0,22.0,51.0,39.0,29.0,25.0,53.0,46.0,46.0,5.0,42.0,59.0,1.0,0,0.11739827641425804,F,6.5,0.0,1,0.11739827641425804,358.0,246.0,203.0,80.0,0.2930621680380879
43.0,11.0,13.0,59.0,55.0,56.0,74.0,46.0,74.0,64.0,36.0,51.0,62.0,51.0,71.0,47.0,2.0,47.0,36.0,44.0,83.0,30.0,64.0,78.0,28.0,3.0,22.0,50.0,37.0,26.0,72.0,11.0,35.0,18.0,42.0,39.0,81.0,69.0,58.0,48.0,43.0,2.0,3.0,3.0,55.0,81.0,58.0,75.0,30.0,47.0,1.0,0,0.11739827641425804,F,6.5,0.0,1,0.11739827641425804,358.0,246.0,204.0,80.0,0.2949939752437288
43.0,10.0,1.0,46.0,80.0,33.0,15.0,29.0,58.0,11.0,53.0,24.0,62.0,58.0,26.0,48.0,68.0,55.0,13.0,48.0,61.0,80.0,2.0,15.0,64.0,27.0,22.0,25.0,81.0,40.0,10.0,19.0,37.0,69.0,19.0,83.0,78.0,21.0,60.0,48.0,20.0,36.0,37.0,11.0,50.0,42.0,66.0,49.0,84.0,43.0,6.0,1,0.036120180329606955,F,5.5,1.0,2,0.036120180329606955,359.0,247.0,204.0,80.0,0.2958654213774647
7.0,6.0,1.0,39.0,5.0,63.0,20.0,49.0,59.0,59.0,85.0,36.0,55.0,11.0,45.0,70.0,71.0,86.0,67.0,62.0,61.0,20.0,47.0,80.0,62.0,41.0,74.0,22.0,67.0,64.0,61.0,18.0,44.0,64.0,24.0,78.0,71.0,90.0,14.0,19.0,46.0,39.0,34.0,18.0,23.0,48.0,4.0,62.0,60.0,66.0,8.0,1,0.036120180329606955,F,5.5,1.0,2,0.036120180329606955,360.0,248.0,204.0,80.0,0.29673202614379085
3.0,40.0,1.0,43.0,19.0,65.0,80.0,21.0,54.0,37.0,55.0,5.0,60.0,46.0,16.0,73.0,65.0,1.0,30.0,91.0,61.0,22.0,44.0,84.0,14.0,88.0,12.0,10.0,27.0,17.0,79.0,64.0,92.0,17.0,22.0,33.0,10.0,47.0,22.0,9.0,41.0,46.0,15.0,5.0,17.0,27.0,31.0,70.0,57.0,33.0,5.0,1,0.036120180329606955,F,5.5,0.0,2,0.036120180329606955,360.0,248.0,205.0,81.0,0.29376693766937667
45.0,4.0,7.0,86.0,20.0,87.0,26.0,27.0,66.0,12.0,44.0,36.0,71.0,74.0,80.0,81.0,30.0,22.0,67.0,82.0,81.0,63.0,71.0,102.0,2.0,14.0,33.0,53.0,61.0,39.0,57.0,90.0,12.0,9.0,3.0,85.0,18.0,58.0,70.0,82.0,26.0,5.0,8.0,34.0,18.0,36.0,5.0,37.0,22.0,36.0,6.0,1,0.036120180329606955,F,5.5,1.0,2,0.036120180329606955,361.0,249.0,205.0,81.0,0.2946287413012634
41.0,54.0,3.0,77.0,16.0,83.0,68.0,48.0,1.0,59.0,47.0,84.0,4.0,51.0,80.0,52.0,53.0,22.0,13.0,102.0,73.0,68.0,55.0,82.0,40.0,63.0,71.0,17.0,11.0,41.0,41.0,53.0,1.0,1.0,43.0,9.0,62.0,46.0,22.0,26.0,54.0,73.0,78.0,43.0,81.0,53.0,18.0,9.0,57.0,19.0,3.0,1,0.036120180329606955,F,5.5,0.0,2,0.036120180329606955,361.0,249.0,206.0,82.0,0.29169244009359113
7.0,77.0,7.0,87.0,88.0,5.0,39.0,33.0,58.0,61.0,46.0,81.0,72.0,26.0,33.0,24.0,60.0,38.0,43.0,90.0,67.0,42.0,33.0,62.0,34.0,88.0,28.0,47.0,54.0,33.0,57.0,79.0,79.0,24.0,33.0,81.0,83.0,24.0,24.0,72.0,52.0,17.0,29.0,54.0,37.0,20.0,55.0,58.0,67.0,23.0,1.0,1,0.036120180329606955,F,5.5,0.0,2,0.036120180329606955,361.0,249.0,207.0,83.0,0.28878450894589636
45.0,75.0,1.0,68.0,84.0,37.0,7.0,73.0,61.0,3.0,52.0,12.0,48.0,21.0,7.0,18.0,53.0,78.0,58.0,75.0,6.0,79.0,21.0,29.0,53.0,6.0,43.0,7.0,77.0,26.0,44.0,11.0,60.0,72.0,46.0,13.0,35.0,52.0,58.0,2.0,67.0,54.0,4.0,15.0,62.0,69.0,5.0,44.0,74.0,39.0,9.0,1,0.036120180329606955,F,5.5,1.0,2,0.036120180329606955,362.0,250.0,207.0,83.0,0.2896415512317506
85.0,54.0,1.0,49.0,78.0,11.0,40.0,43.0,59.0,84.0,41.0,56.0,32.0,21.0,16.0,73.0,67.0,42.0,4.0,13.0,77.0,24.0,35.0,11.0,33.0,17.0,56.0,3.0,58.0,59.0,49.0,92.0,51.0,48.0,44.0,66.0,3.0,60.0,24.0,80.0,49.0,32.0,8.0,63.0,12.0,82.0,33.0,58.0,16.0,5.0,2.0,1,0.036120180329606955,F,5.5,0.0,2,0.036120180329606955,362.0,250.0,208.0,84.0,0.286761580960476
42.0,22.0,1.0,70.0,47.0,60.0,41.0,63.0,26.0,87.0,41.0,59.0,45.0,27.0,37.0,22.0,71.0,35.0,24.0,48.0,87.0,61.0,77.0,78.0,53.0,90.0,12.0,70.0,81.0,32.0,40.0,82.0,70.0,35.0,18.0,50.0,61.0,43.0,13.0,59.0,17.0,45.0,51.0,41.0,57.0,87.0,6.0,5.0,44.0,61.0,9.0,0,0.036120180329606955,F,5.5,1.0,2,0.036120180329606955,363.0,250.0,208.0,84.0,0.2848590803136257
70.0,22.0,1.0,27.0,59.0,47.0,48.0,85.0,76.0,50.0,22.0,65.0,74.0,10.0,72.0,33.0,22.0,100.0,75.0,52.0,77.0,31.0,67.0,76.0,54.0,37.0,72.0,43.0,12.0,52.0,79.0,63.0,50.0,11.0,19.0,3.0,70.0,30.0,16.0,67.0,7.0,38.0,70.0,51.0,30.0,56.0,5.0,78.0,68.0,13.0,9.0,1,0.036120180329606955,F,5.5,1.0,2,0.036120180329606955,364.0,251.0,208.0,84.0,0.2857142857142857
23.0,6.0,1.0,60.0,70.0,73.0,19.0,6.0,76.0,74.0,74.0,73.0,67.0,46.0,29.0,36.0,65.0,98.0,43.0,32.0,51.0,63.0,79.0,56.0,32.0,90.0,51.0,68.0,75.0,61.0,13.0,31.0,95.0,64.0,2.0,6.0,18.0,43.0,56.0,27.0,35.0,36.0,82.0,32.0,25.0,46.0,18.0,62.0,57.0,19.0,6.0,1,0.036120180329606955,F,5.5,1.0,2,0.036120180329606955,365.0,252.0,208.0,84.0,0.2865648050579558
14.0,54.0,5.0,27.0,10.0,27.0,48.0,3.0,72.0,68.0,5.0,81.0,31.0,49.0,78.0,16.0,67.0,64.0,27.0,67.0,54.0,64.0,20.0,4.0,31.0,41.0,54.0,5.0,46.0,14.0,13.0,85.0,55.0,1.0,9.0,8.0,79.0,26.0,40.0,84.0,44.0,64.0,60.0,41.0,23.0,59.0,26.0,29.0,16.0,21.0,1.0,1,0.036120180329606955,F,5.5,0.0,2,0.036120180329606955,365.0,252.0,209.0,85.0,0.2837123943108082
12.0,84.0,3.0,19.0,57.0,42.0,76.0,85.0,76.0,74.0,78.0,73.0,3.0,63.0,34.0,90.0,29.0,22.0,50.0,67.0,59.0,48.0,35.0,106.0,81.0,70.0,46.0,46.0,47.0,68.0,40.0,79.0,48.0,64.0,4.0,87.0,12.0,76.0,63.0,30.0,56.0,39.0,28.0,81.0,28.0,10.0,25.0,53.0,46.0,21.0,13.0,1,0.036120180329606955,F,5.5,1.0,2,0.036120180329606955,366.0,253.0,209.0,85.0,0.28455826600779144
25.0,21.0,5.0,12.0,36.0,11.0,33.0,45.0,72.0,29.0,39.0,17.0,76.0,52.0,41.0,18.0,53.0,48.0,64.0,89.0,68.0,77.0,44.0,67.0,54.0,3.0,78.0,41.0,12.0,68.0,34.0,41.0,39.0,62.0,50.0,56.0,56.0,88.0,2.0,59.0,69.0,72.0,32.0,51.0,86.0,77.0,39.0,64.0,60.0,26.0,5.0,1,0.036120180329606955,F,5.5,0.0,2,0.036120180329606955,366.0,253.0,210.0,86.0,0.2817330210772834
21.0,54.0,7.0,19.0,9.0,75.0,40.0,33.0,52.0,6.0,24.0,35.0,63.0,53.0,45.0,17.0,71.0,31.0,13.0,21.0,44.0,50.0,24.0,61.0,37.0,32.0,10.0,15.0,46.0,26.0,3.0,90.0,99.0,77.0,34.0,79.0,38.0,37.0,52.0,54.0,5.0,32.0,81.0,54.0,38.0,68.0,7.0,39.0,22.0,9.0,6.0,1,0.036120180329606955,F,5.5,1.0,2,0.036120180329606955,367.0,254.0,210.0,86.0,0.28257428311924226
29.0,38.0,3.0,8.0,71.0,31.0,20.0,20.0,37.0,25.0,3.0,10.0,76.0,56.0,27.0,18.0,50.0,100.0,13.0,67.0,43.0,82.0,82.0,87.0,53.0,5.0,46.0,18.0,47.0,65.0,30.0,33.0,19.0,69.0,2.0,1.0,61.0,30.0,22.0,6.0,1.0,20.0,47.0,4.0,71.0,18.0,24.0,56.0,60.0,53.0,13.0,1,0.036120180329606955,F,5.5,1.0,2,0.036120180329606955,368.0,255.0,210.0,86.0,0.28341097308488616
12.0,77.0,3.0,21.0,3.0,58.0,22.0,3.0,36.0,58.0,3.0,63.0,31.0,63.0,71.0,22.0,42.0,48.0,46.0,65.0,57.0,20.0,55.0,46.0,30.0,88.0,10.0,53.0,74.0,26.0,32.0,92.0,69.0,5.0,62.0,21.0,26.0,43.0,15.0,13.0,54.0,73.0,37.0,17.0,75.0,82.0,17.0,78.0,39.0,58.0,1.0,1,0.036120180329606955,F,5.5,0.0,2,0.036120180329606955,368.0,255.0,211.0,87.0,0.2806125077271791
40.0,14.0,10.0,44.0,5.0,44.0,13.0,41.0,37.0,24.0,83.0,79.0,57.0,32.0,34.0,84.0,55.0,38.0,18.0,73.0,63.0,42.0,69.0,6.0,85.0,28.0,44.0,46.0,2.0,63.0,68.0,51.0,86.0,46.0,68.0,28.0,4.0,65.0,20.0,18.0,64.0,12.0,20.0,39.0,57.0,68.0,61.0,4.0,38.0,50.0,13.0,1,0.036120180329606955,F,5.5,1.0,2,0.036120180329606955,369.0,256.0,211.0,87.0,0.2814446627878601
11.0,54.0,7.0,41.0,45.0,4.0,57.0,84.0,43.0,6.0,5.0,65.0,71.0,63.0,38.0,24.0,45.0,42.0,50.0,52.0,67.0,49.0,67.0,6.0,16.0,9.0,58.0,33.0,8.0,49.0,81.0,56.0,25.0,26.0,58.0,62.0,83.0,82.0,61.0,28.0,29.0,76.0,39.0,52.0,27.0,82.0,63.0,38.0,45.0,19.0,5.0,1,0.036120180329606955,F,5.5,0.0,2,0.036120180329606955,369.0,256.0,212.0,88.0,0.27867259804673516
12.0,70.0,7.0,89.0,80.0,8.0,40.0,33.0,39.0,13.0,38.0,81.0,34.0,21.0,4.0,16.0,55.0,33.0,4.0,24.0,85.0,71.0,35.0,29.0,21.0,23.0,1.0,2.0,58.0,10.0,30.0,33.0,72.0,9.0,14.0,50.0,24.0,43.0,58.0,17.0,43.0,23.0,61.0,11.0,14.0,58.0,18.0,64.0,71.0,72.0,1.0,0,0.036120180329606955,F,5.5,0.0,2,0.036120180329606955,369.0,256.0,213.0,88.0,0.2806213977632734
3.0,54.0,3.0,77.0,57.0,96.0,69.0,32.0,6.0,13.0,67.0,13.0,53.0,63.0,18.0,3.0,30.0,59.0,24.0,4.0,47.0,68.0,35.0,102.0,39.0,43.0,20.0,70.0,32.0,26.0,20.0,79.0,1.0,65.0,28.0,8.0,9.0,43.0,56.0,46.0,23.0,76.0,39.0,31.0,85.0,69.0,55.0,29.0,7.0,70.0,7.0,1,0.036120180329606955,F,5.5,1.0,2,0.036120180329606955,370.0,257.0,213.0,88.0,0.2814490546884913
79.0,56.0,9.0,19.0,69.0,8.0,18.0,33.0,23.0,79.0,64.0,56.0,74.0,27.0,2.0,5.0,35.0,69.0,39.0,49.0,60.0,66.0,47.0,72.0,11.0,10.0,53.0,47.0,75.0,48.0,57.0,75.0,83.0,65.0,69.0,75.0,56.0,55.0,13.0,50.0,23.0,22.0,41.0,18.0,30.0,21.0,9.0,62.0,52.0,11.0,1.0,0,0.036120180329606955,F,5.5,0.0,2,0.036120180329606955,370.0,257.0,214.0,88.0,0.2833796413235666
75.0,60.0,4.0,7.0,6.0,91.0,25.0,84.0,59.0,53.0,24.0,32.0,47.0,41.0,10.0,78.0,53.0,19.0,45.0,77.0,61.0,69.0,55.0,51.0,31.0,39.0,58.0,9.0,57.0,17.0,57.0,18.0,52.0,52.0,7.0,85.0,27.0,74.0,60.0,19.0,41.0,11.0,8.0,1.0,17.0,68.0,3.0,69.0,57.0,79.0,3.0,0,0.036120180329606955,F,5.5,0.0,2,0.036120180329606955,370.0,257.0,215.0,88.0,0.28529226901319926
51.0,37.0,9.0,37.0,3.0,62.0,64.0,68.0,59.0,30.0,6.0,17.0,58.0,61.0,47.0,15.0,53.0,81.0,50.0,29.0,35.0,38.0,75.0,63.0,32.0,82.0,66.0,7.0,29.0,65.0,55.0,90.0,30.0,70.0,18.0,56.0,27.0,38.0,61.0,11.0,8.0,58.0,69.0,34.0,79.0,84.0,24.0,44.0,55.0,9.0,8.0,1,0.036120180329606955,F,5.5,1.0,2,0.036120180329606955,371.0,258.0,215.0,88.0,0.2861154641760171
75.0,37.0,5.0,37.0,39.0,75.0,80.0,33.0,24.0,59.0,33.0,39.0,21.0,52.0,34.0,4.0,22.0,46.0,4.0,91.0,37.0,70.0,1.0,27.0,28.0,82.0,74.0,66.0,49.0,53.0,4.0,15.0,9.0,17.0,4.0,66.0,18.0,6.0,54.0,46.0,17.0,22.0,60.0,14.0,40.0,32.0,24.0,29.0,73.0,70.0,13.0,1,0.036120180329606955,F,5.5,1.0,2,0.036120180329606955,372.0,259.0,215.0,88.0,0.28693423355838965
41.0,46.0,5.0,75.0,5.0,49.0,86.0,91.0,54.0,41.0,53.0,66.0,43.0,11.0,31.0,7.0,48.0,85.0,50.0,73.0,67.0,25.0,10.0,80.0,9.0,13.0,1.0,56.0,10.0,45.0,49.0,51.0,81.0,73.0,71.0,3.0,26.0,82.0,48.0,20.0,54.0,52.0,23.0,62.0,35.0,68.0,3.0,64.0,57.0,49.0,1.0,1,0.036120180329606955,F,5.5,0.0,2,0.036120180329606955,372.0,259.0,216.0,89.0,0.28419952210274796
61.0,22.0,1.0,21.0,5.0,61.0,13.0,77.0,59.0,29.0,18.0,86.0,51.0,26.0,16.0,33.0,67.0,62.0,18.0,52.0,33.0,79.0,47.0,102.0,39.0,79.0,15.0,34.0,32.0,26.0,30.0,34.0,57.0,1.0,43.0,85.0,16.0,37.0,23.0,40.0,2.0,70.0,8.0,76.0,57.0,32.0,44.0,25.0,79.0,9.0,3.0,1,0.036120180329606955,F,5.5,0.0,2,0.036120180329606955,372.0,259.0,217.0,90.0,0.28149001536098317
28.0,36.0,9.0,43.0,13.0,92.0,84.0,25.0,34.0,50.0,34.0,39.0,3.0,11.0,18.0,29.0,53.0,88.0,21.0,90.0,61.0,22.0,31.0,59.0,61.0,3.0,49.0,39.0,47.0,32.0,81.0,33.0,43.0,64.0,63.0,68.0,3.0,81.0,56.0,83.0,58.0,36.0,12.0,52.0,50.0,65.0,33.0,50.0,65.0,79.0,5.0,1,0.036120180329606955,F,5.5,0.0,2,0.036120180329606955,372.0,259.0,218.0,91.0,0.27880536647923454
51.0,77.0,7.0,37.0,8.0,97.0,71.0,3.0,18.0,81.0,28.0,15.0,52.0,73.0,26.0,73.0,45.0,69.0,33.0,26.0,90.0,6.0,61.0,78.0,34.0,94.0,71.0,56.0,79.0,47.0,39.0,13.0,70.0,29.0,72.0,6.0,18.0,88.0,64.0,54.0,23.0,63.0,34.0,6.0,69.0,25.0,37.0,75.0,45.0,21.0,1.0,1,0.036120180329606955,F,5.5,0.0,2,0.036120180329606955,372.0,259.0,219.0,92.0,0.2761452349388718
59.0,37.0,3.0,58.0,84.0,33.0,57.0,21.0,74.0,69.0,61.0,39.0,48.0,64.0,51.0,53.0,47.0,1.0,71.0,45.0,77.0,7.0,79.0,68.0,60.0,59.0,22.0,68.0,81.0,31.0,45.0,70.0,91.0,5.0,42.0,78.0,16.0,24.0,58.0,36.0,3.0,34.0,57.0,34.0,30.0,25.0,5.0,29.0,46.0,26.0,9.0,1,0.036120180329606955,F,5.5,1.0,2,0.036120180329606955,373.0,260.0,219.0,92.0,0.2769596141368884
51.0,52.0,5.0,27.0,23.0,61.0,63.0,47.0,76.0,10.0,51.0,54.0,16.0,11.0,58.0,85.0,19.0,69.0,8.0,55.0,83.0,23.0,56.0,86.0,73.0,90.0,76.0,25.0,14.0,15.0,79.0,90.0,54.0,1.0,2.0,50.0,12.0,36.0,29.0,18.0,7.0,73.0,15.0,17.0,10.0,65.0,40.0,73.0,75.0,3.0,1.0,0,0.036120180329606955,F,5.5,0.0,2,0.036120180329606955,373.0,260.0,220.0,92.0,0.2788691201559835
31.0,75.0,1.0,37.0,20.0,37.0,25.0,3.0,61.0,87.0,41.0,58.0,32.0,11.0,7.0,64.0,14.0,66.0,41.0,79.0,63.0,9.0,83.0,59.0,28.0,24.0,64.0,18.0,72.0,34.0,72.0,48.0,8.0,11.0,43.0,70.0,64.0,10.0,36.0,27.0,1.0,39.0,55.0,67.0,27.0,42.0,42.0,75.0,84.0,56.0,1.0,1,0.036120180329606955,F,5.5,0.0,2,0.036120180329606955,373.0,260.0,221.0,93.0,0.2762364586997926
81.0,60.0,9.0,70.0,4.0,67.0,80.0,41.0,34.0,82.0,79.0,82.0,22.0,65.0,80.0,89.0,57.0,81.0,28.0,82.0,92.0,20.0,39.0,50.0,4.0,49.0,12.0,5.0,12.0,37.0,14.0,86.0,37.0,73.0,42.0,20.0,72.0,23.0,17.0,62.0,33.0,25.0,8.0,7.0,50.0,50.0,66.0,39.0,42.0,21.0,13.0,0,0.036120180329606955,F,5.5,1.0,2,0.036120180329606955,374.0,260.0,221.0,93.0,0.274372686137392
18.0,76.0,9.0,82.0,3.0,28.0,10.0,84.0,57.0,59.0,69.0,30.0,22.0,63.0,23.0,33.0,55.0,75.0,68.0,71.0,43.0,71.0,64.0,88.0,73.0,60.0,74.0,53.0,48.0,34.0,17.0,34.0,41.0,64.0,9.0,17.0,71.0,61.0,50.0,53.0,16.0,32.0,11.0,9.0,26.0,68.0,63.0,75.0,65.0,39.0,1.0,1,0.036120180329606955,F,5.5,0.0,2,0.036120180329606955,374.0,260.0,222.0,94.0,0.27176374235197764
3.0,54.0,1.0,16.0,3.0,11.0,42.0,29.0,23.0,44.0,64.0,14.0,63.0,41.0,26.0,76.0,48.0,48.0,50.0,77.0,89.0,67.0,47.0,27.0,32.0,83.0,60.0,34.0,60.0,43.0,34.0,88.0,12.0,69.0,16.0,9.0,19.0,45.0,24.0,12.0,35.0,36.0,47.0,34.0,34.0,58.0,17.0,35.0,45.0,21.0,1.0,0,0.036120180329606955,F,5.5,0.0,2,0.036120180329606955,374.0,260.0,223.0,94.0,0.27366250209827103
12.0,26.0,8.0,43.0,57.0,88.0,80.0,79.0,12.0,13.0,20.0,35.0,75.0,74.0,71.0,71.0,12.0,57.0,1.0,82.0,78.0,19.0,25.0,46.0,85.0,53.0,31.0,9.0,73.0,60.0,55.0,11.0,41.0,77.0,33.0,50.0,23.0,43.0,41.0,19.0,58.0,70.0,38.0,39.0,70.0,21.0,37.0,58.0,81.0,78.0,1.0,0,0.036120180329606955,F,5.5,0.0,2,0.036120180329606955,374.0,260.0,224.0,94.0,0.2755443086325439
21.0,55.0,1.0,27.0,47.0,81.0,79.0,29.0,59.0,42.0,46.0,30.0,56.0,41.0,71.0,33.0,36.0,57.0,25.0,47.0,39.0,82.0,24.0,16.0,32.0,39.0,58.0,34.0,22.0,6.0,46.0,92.0,1.0,81.0,17.0,16.0,80.0,28.0,51.0,24.0,8.0,20.0,30.0,14.0,37.0,79.0,29.0,75.0,71.0,26.0,5.0,1,0.036120180329606955,F,5.5,0.0,2,0.036120180329606955,374.0,260.0,225.0,95.0,0.27296494355317885
45.0,16.0,5.0,15.0,56.0,32.0,68.0,43.0,59.0,13.0,44.0,56.0,32.0,46.0,71.0,44.0,12.0,36.0,8.0,38.0,6.0,11.0,53.0,90.0,56.0,32.0,15.0,9.0,71.0,47.0,71.0,66.0,1.0,36.0,66.0,1.0,27.0,43.0,58.0,35.0,52.0,52.0,38.0,20.0,52.0,86.0,38.0,35.0,60.0,2.0,6.0,1,0.036120180329606955,F,5.5,1.0,2,0.036120180329606955,375.0,261.0,225.0,95.0,0.27377777777777773
