"X0","X1","X2","X3","X4","X5","X6","X7","X8","X9","X10","X11","X12","X13","X14","X15","X16","X17","X18","X19","X20","X21","X22","X23","X24","X25","X26","X27","X28","X29","X30","X31","X32","X33","X34","X35","X36","X37","X38","X39","X40","X41","X42","X43","X44","X45","X46","X47","X48","X49","F","Y","LIFT_SCORE","TREATMENT_NAME","UPLIFT","Y_TREATED","N_TREATED","Y_UNTREATED","N_UNTREATED","FOLLOW_REC","ABS_LIFT_SCORE"
0.558048659528177,0.676161686405748,0.249381235018152,0.462951737012735,0.434945373645984,0.553176563993399,0.513941992794784,0.630026047387373,0.498171129281108,0.177218420663854,0.684965386828244,0.456832868136852,0.899234575608188,0.45645850418932,0.608781292304477,0.537962120910444,0.477745356170643,0.484849691437576,0.331550101650392,0.625440555600117,0.377486353605935,0.489970251849809,0.400848146424601,0.393847818951065,0.373141988794286,0.584761503030261,0.605451149328021,0.628867433898436,0.262361802259831,0.383598385690131,0.284633753611313,0.528512791251227,0.333208689006384,0.487613778254712,0.566773069549191,0.539847658639893,0.502186300242965,0.322402156438696,0.721269117223828,0.550171518727018,0.495864196678564,0.404451577873516,0.585298940234703,0.504006581089259,0.308383589736433,0.565157758188256,0.690419740131026,0.527755126888609,0.289049346652179,0.228566969712267,0,1,1,"F",NA,0,0,1,1,0,1
0.515059690092439,0.350203807301564,0.460345199977982,0.510294990119501,0.602105022143744,0.413807211530992,0.219135072478053,0.558911277924509,0.629621054897127,0.646180715047726,0.60060112737333,0.392012120424606,0.286285094585326,0.713655704753828,0.669637049236488,0.425844841373734,0.415754119327337,0.476165330352906,0.431355445681468,0.635582240818867,0.345510823360256,0.186473728015407,0.503734285951096,0.561866505740277,0.372317557011111,0.486059338736214,0.401548626805724,0.378967121943277,0.605240673016319,0.58925898791656,0.612620867102708,0.641259913291564,0.567430837472794,0.363128396643212,0.637055283808463,0.556081597448153,0.509633355498592,0.185049548772413,0.490763793023206,0.566192082223263,0.344924870664078,0.495262850650586,0.717395425080416,0.300520532315672,0.507109105535249,0.441664647395074,0.333886225842669,0.401582703073556,0.648857107613726,0.386352166977699,0,1,1,"F",NA,0,0,2,2,0,1
0.281449064543729,0.337237842840097,0.287866885126639,0.242177324663866,0.662811244570907,0.60313957371046,0.602901355749292,0.67803174268004,0.853146992877786,0.366788269649483,0.415893307717325,0.512789980695818,0.629082285189135,0.420217660616046,0.562589083796764,0.244737951988317,0.412290556973893,0.0538072444103297,0.937925180962991,0.536758598219274,0.205795128892246,0.355837864929656,0.546177718513544,0.200310509436479,0.597875696866566,0.695903421844751,0.57495472407321,0.284349040424286,0.598040876366593,0.474116502041265,0.661834693112116,0.693284297336149,0.473014994331491,0.519190799910099,0.655685286203031,0.375882516759663,0.432532651338587,0.459074937184724,0.405691932746041,0.769577041415487,0.545306026760908,0.490260799473516,0.543430317480731,0.540347298889162,0.51296321289644,0.562572690809439,0.661322565925251,0.592378083943282,0.730278613847654,0.634788676502847,1,0,1,"F",-1,0,1,2,2,0,1
0.382710093942927,0.6282131757219,0.502050503732857,0.576530834386943,0.308724834640151,0.478751222849291,0.181944187912548,0.685638867451386,0.284275349872546,0.601625764194473,0.499345204013981,0.177057916427263,0.584606378228841,0.583177135834773,0.638859129185425,0.429908480934587,0.481814557353566,0.391734337496945,0.5153670288679,0.483581620609022,0.384006348752052,0.285193238934523,0.636146386472338,0.601117782355025,0.598126106026905,0.819059178971657,0.717899672689511,0.43973380703762,0.331052892172186,0.414698227994993,0.28269795668497,0.533998574559705,0.721170344442358,0.471303719213011,0.570337006230339,0.681307701895619,0.52334950943358,0.733051640502372,0.479365096702821,0.544581878412536,0.389960197598051,0.717127537165823,0.462108847480335,0.454210401356384,0.48628570241588,0.354340489071351,0.382656793657132,0.650798616678705,0.33994784678939,0.668422726212062,0,0,-1,"F",-1,0,2,2,2,0,1
0.477619132724105,0.862044892237179,0.788159097481556,0.664619355297905,0.566857750788995,0.543205513297718,0.502458579312565,0.582637826150505,0.528870145671952,0.607294328423773,0.498171193639201,0.351592684406172,0.486925983595303,0.522435245043402,0.558047033700899,0.508766886681395,0.580621497206984,0.328464504743376,0.464558742099121,0.285806025397795,0.550704028640602,0.464280819361212,0.41169126881248,0.556639068524323,0.478200068950583,0.620220806385089,0.559743407301657,0.34759307258012,0.778029553234134,0.630942736874595,0.339055607330949,0.318838995404369,0.739345680215341,0.265577788927317,0.598213859636039,0.801705650211795,0.533276354662992,0.615345474815463,0.44209676191322,0.453185313602428,0.546126525314718,0.297202806319112,0.548456742395646,0.483466295872151,0.637572956919633,0.562530616139212,0.416873718260273,0.473669395667233,0.478033279841915,0.752899164241076,0,1,1,"F",-1,0,2,3,3,0,1
0.366345967875796,0.701050689771051,0.373678396386416,0.422211054576335,0.342531453938576,0.481588320165303,0.400347466706031,0.432454450888393,0.391248326403781,0.535020821139721,0.477772261626925,0.354953054643795,0.417996299469997,0.666476231937621,0.388142029602908,0.600084694860605,0.515485408787568,0.582565403203539,0.333658204108192,0.656387595686247,0.293333869189088,0.390581364498344,0.454060012477472,0.518038983202298,0.485823592514124,0.642477078088064,0.586858732572691,0.195374601060157,0.533783111152075,0.618109332800643,0.619471650551147,0.399341189358463,0.541194511875239,0.505041357877883,0.460596977685531,0.661815758287314,0.327485884928283,0.482347729228825,0.640988253466944,0.47881539049423,0.38845403270008,0.375416340622747,0.537964138966012,0.542807741401981,0.632296904139484,0.394971963358597,0.371067598323703,0.569875520282109,0.451321047971006,0.329408703411576,0,1,-1,"F",-0.666666666666667,1,3,3,3,0,1
0.367099610191499,0.364641280294858,0.655270407727466,0.471652371356881,0.236947555499593,0.499801350390565,0.634264292995691,0.610073964230657,0.636036363983469,0.487718562318028,0.59030839939315,0.609530521859844,0.570611046872935,0.847215769495875,0.468626402517752,0.4362787364425,0.500649104009257,0.290328573658676,0.479893607320809,0.623177614740654,0.399044046064891,0.286554337511812,0.427990660238076,0.361507788321756,0.413705159131087,0.330522784896694,0.410734570936611,0.556500328792185,0.417895376499628,0.572981577084924,0.404999737451206,0.550689825097851,0.660482324518187,0.47436645949982,0.266596786538665,0.716154582452698,0.461238016679694,0.400817255460558,0.522066339217383,0.573010239223591,0.526296061097499,0.469945395323988,0.0332375342076646,0.541818380293359,0.181944808135435,0.458988614382515,0.575326951822197,0.336210401302115,0.369448620196101,0.578617062435333,0,1,-1,"F",-0.5,2,4,3,3,0,1
0.432844926811541,0.830725007169776,0.755644318873804,0.267632685520747,0.584359132744179,0.646600091943536,0.621752346348454,0.505426873777161,0.400412249125196,0.62292097090711,0.489720572779103,0.529784806427399,0.535749660199234,0.605632415199315,0.498510390456438,0.396169212733705,0.397378074052619,0.592562854192662,0.351235531353305,0.44272052667916,0.62603633948963,0.529681832216823,0.569987291415189,0.40820488637116,0.454162353884153,0.430108425061917,0.563975168136268,0.655886350877578,0.532339489180523,0.380153280154228,0.500175838659667,0.919174227112713,0.711114891751476,0.617178769109339,0.534794573295332,0.566765759406104,0.45235514823855,0.484004498390885,0.812056144254718,0.461205044904135,0.366174087270366,0.275773645977921,0.517973027383693,0.567115876113333,0.552178426598637,0.531799223493426,0.199089402418855,0.586763802516598,0.146562771523791,0.509791383080382,0,0,-1,"F",-0.6,2,5,3,3,0,1
0.535200989210916,0.667697015261673,0.359739049891844,0.477308680219522,0.344709583684398,0.504118319258038,0.472096517780667,0.513166768076464,0.482940380839275,0.441874695655497,0.377697022629854,0.533024100336577,0.469162067700277,0.683575002081902,0.463388888850595,0.860643685573456,0.399225464342078,0.440862837180401,0.114074834843218,0.631083487227995,0.757752803844179,0.505164610941527,0.482365724446805,0.40966375780675,0.233935213816795,0.573360374863351,0.54887014747887,0.52415194179579,0.615080624954687,0.475618329902332,0.351279395267012,0.584044069099768,0.234281477317069,0.256224837008615,0.402454398395085,0.462394260196429,0.495428325450811,0.211861997805812,0.218387352750073,0.350024568529664,0.492555921405604,0.567013558542804,0.547128811021737,0.425554281618232,0.536110666264174,0.438079563127794,0.230425537583552,0.514137028908107,0.420570776986442,0.457236925043502,0,0,1,"F",-0.35,2,5,3,4,0,1
0.4059141563967,0.404954770733849,0.639932038896339,0.518815558191674,0.91433122497113,0.568110153312513,0.523240844972626,0.822478773890847,0.441033940930469,0.286816014871431,0.50068201064346,0.288396403491484,0.795298723212675,0.628097536208408,0.547981162373557,0.282928616932148,0.538930032954296,0.220374961492627,0.477553226858112,0.624654878369787,0.354614789852263,0.604980336777641,0.641462473667904,0.614187619110784,0.392092455047105,0.631316166598434,0.512235382760768,0.524109504433674,0.811978659173124,0.530058900554408,0.606956296033177,0.214877109176555,0.452382149310709,0.727837162310085,0.864839174231306,0.625207491745826,0.640180763083137,0.306580225617619,0.270689970363713,0.58948167633333,0.381518149118235,0.552887470100031,0.909757182095735,0.477060632732843,0.552170890459658,0.554231212138361,0.226067582607547,0.576416577431033,0.665667124370603,0.490631042498087,1,1,1,"F",-0.25,3,6,3,4,0,1
0.561720039543916,0.537197108022718,0.565074259853147,0.645543355091913,0.868167866041449,0.272726902438263,0.317514726363961,0.454729918442905,0.594410272949291,0.124794693873799,0.517222504784199,0.349415339429179,0.758778178536833,0.40168176354914,0.485820962265871,0.566326841965783,0.339741517595636,0.369299773900348,0.6286404664239,0.431056485221804,0.618724136418046,0.341882514311145,0.403945445492257,0.497779291818021,0.519029678301523,0.314593051275449,0.760054627366067,0.600579602276915,0.612836477801444,0.634612936077251,0.403926537949035,0.386024734188964,0.270005318889536,0.489031169774916,0.454397163388516,0.474190266566983,0.470653732130255,0.518066593980792,0.420362950256681,0.642415371769717,0.352273345002316,0.508617729161386,0.517738431788613,0.425540421817552,0.760410255597874,0.329524916656567,0.555349243811861,0.530171476123873,0.596032204779287,0.172162707008695,1,1,-1,"F",-0.3,3,6,4,5,0,1
0.431407201815692,0.748993483142274,0.334982275386101,0.670228431614074,0.349981313421049,0.366844124620366,0.315666815279362,0.867965023578061,0.617486986818928,0.595520365625249,0.497722366677865,0.522882819840405,0.584517640993745,0.508851714859578,0.378709563709502,0.488889993180846,0.196716200078243,0.420278260876865,0.714418217446745,0.743697527945432,0.374152320684662,0.293626358537529,0.385209136763549,0.0595043294923634,0.320922442599892,0.37121231228837,0.297117778984119,0.115249453104086,0.7577018251296,0.519005972543425,0.645514480218958,0.726000901043853,0.283977512151424,0.429947137511865,0.658985864707343,0.782887277560277,0.481335388363099,0.496519333863059,0.482028485094044,0.557960735434038,0.453786489267674,0.259937645058939,0.23953952608388,0.437983787436726,0.310422541197296,0.30459762239901,0.303106592841309,0.455372598009831,0.606289806010059,0.315608732567076,1,0,-1,"F",-0.166666666666667,3,6,4,6,0,1
0.633876658135225,0.471079329697896,0.381575936630323,0.669339357552999,0.350400858415518,0.701820463878104,0.254538026767931,0.716030738210633,0.452039767934128,0.520816081542201,0.597198007830546,0.519426818961283,0.442224187735568,0.335022343328825,0.882822822439376,0.658359755343142,0.527295375521104,0.538463720412623,0.665067518986621,0.370964566088522,0.204633816138843,0.42809446211254,0.502350348437139,0.645003405164886,0.555113827161878,0.677523410083811,0.453988457955755,0.551847023042715,0.486347944562,0.320209259907981,0.448370876049525,0.450865902696184,0.608256958769106,0.324034257822779,0.411413783034846,0.744474599127905,0.578165867928452,0.243391359970561,0.298169546849318,0.499976028837246,0.378474471519682,0.340747684051863,0.561383853079634,0.389620166277708,0.302015636651708,0.416838305217425,0.439160544785534,0.586707508355204,0.282897306751481,0.413764174845501,0,1,1,"F",-0.214285714285714,3,6,5,7,0,1
0.588056455273499,0.839107766171055,0.781782410424344,0.711871359581747,0.410798127255009,0.594093976244535,0.538772958895405,0.635995624375094,0.689700290739406,0.729707562390141,0.539880733508817,0.526974779406794,0.472486456069177,0.907230000307457,0.738092635630591,0.0736701639995297,0.452836888830071,0.387060801780144,0.356310286662637,0.513062890425688,0.756040557812757,0.408888641427313,0.590979402221458,0.390279349222306,0.592056249296332,0.652862746970005,0.352941562677823,0.708713837178,0.528527147858111,0.590482973054417,0.306812055918612,0.468887295428769,0.260717962872275,0.262837890751747,0.547686715845841,0.607201651324713,0.670634506368236,0.509969789512134,0.226165783666649,0.753705917042504,0.470914110776455,0.240284119695901,0.69822265969547,0.472594434585337,0.403749625347344,0.488670056695748,0.615764480888896,0.562165562402516,0.550917973524163,0.319547241006441,0,0,-1,"F",-0.285714285714286,3,7,5,7,0,1
0.368659138518646,0.284260241088972,0.308005826348659,0.526984098056273,0.231843066935191,0.566837867895633,0.301166669867322,0.495193428289778,0.653675862550727,0.516555527058065,0.44070484589647,0.427174569280196,0.52857715969314,0.577051342931883,0.572392137152312,0.504860536608373,0.902142022784539,0.464986994568814,0.527838420797797,0.691958042952418,0.338671111426304,0.700924426658357,0.419723146295302,0.525587844225074,0.597846626863165,0.596593491831238,0.853867859379839,0.466283168022328,0.581944529075362,0.61082877087044,0.271254585654082,0.535808385816521,0.444310597795079,0.749243874096515,0.415066904104174,0.531430479621227,0.429704569770727,0.688410310763561,0.500522880803896,0.862482557943415,0.599925807291649,0.331422464981007,0.488252792496244,0.532578595994182,0.890156791919288,0.495205420114864,0.54766515735876,0.606357784210649,0.493276539834005,0.521368217406424,0,0,-1,"F",-0.339285714285714,3,8,5,7,0,1
0.464868757743636,0.351980114386532,0.304666190763126,0.487050559088522,0.424686705379638,0.665843950817573,0.328946801232499,0.419455949617666,0.488554354275566,0.454000291593621,0.588731816615892,0.437386451592337,0.618059818175973,0.689742052103884,0.623431071719099,0.327183106755128,0.42777624720331,0.254323002137166,0.254177502158913,0.419626196234252,0.600097961587106,0.516927725885675,0.762684220078144,0.464000928006429,0.425197436298361,0.428028378821727,0.446760729482926,0.516157029184252,0.334378802228172,0.454395119456364,0.402814619807801,0.331267775371805,0.465778310211598,0.346336513726812,0.564680272741512,0.75730078590585,0.482636964399594,0.351068754995567,0.598230492181897,0.50686564106824,0.462714950409042,0.388599308989819,0.662893879053288,0.332152045686975,0.553110702687279,0.488721322830449,0.690798667261151,0.646671966277255,0.376652136611524,0.430264685974406,0,0,1,"F",-0.25,3,8,5,8,0,1
0.719992363293646,0.989096541750467,0.4396166372827,0.549619666604911,0.81160893294287,0.219899659840274,0.420955095924666,0.552561913808645,0.639046564806275,0.567971702792064,0.215082547490089,0.533397916988101,0.615033980239736,0.802626892182011,0.542216037118347,0.273446382562902,0.808319247959167,0.460860486142392,0.315619057863476,0.830037570155263,0.461356561967425,0.392185818743551,0.357888955871432,0.47538328223292,0.666109225977345,0.615496484878471,0.387552130379925,0.348537966696341,0.305448441278989,0.799152706145536,0.374548942274345,0.41543208881568,0.370558998457829,0.209210599174865,0.609169578375519,0.796484372448712,0.703143547939726,0.72011550993987,0.499504267690416,0.667640506705349,0.630874618367987,0.409321451879094,0.572697034840851,0.377874971453387,0.590700235207769,0.465922213757778,0.393772925199882,0.790108536249708,0.584662733678323,0.397302722675601,0,1,1,"F",-0.291666666666667,3,8,6,9,0,1
0.48415818520995,0.680841001156105,0.396109101541384,0.488524831667611,0.640754427947008,0.465987943454945,0.441333628713635,0.652871420011976,0.546389055678019,0.474011026036094,0.393904514373878,0.480629746755702,0.516138685325584,0.62870437257262,0.581031781296301,0.45566439217309,0.413711383986812,0.297080187051533,0.532891685919636,0.538917411097366,0.414217636815173,0.319420180928677,0.27661590449986,0.345806643280331,0.336565160592161,0.453459948137662,0.494835132324775,0.870588370333858,0.399174504172889,0.484536029428101,0.470527510416215,0.523108972218465,0.321462944979419,0.505992835727566,0.40584700120245,0.699798262458176,0.355650830146441,0.539704782560223,0.530586666135075,0.292108716734073,0.389566016390759,0.377008405883221,0.728600189841593,0.564535472597133,0.429395540641011,0.452880369909648,0.667276399420968,0.453213824089919,0.478780827108973,0.65203885441467,0,0,1,"F",-0.225,3,8,6,10,0,1
0.414883477001941,0.770889993502844,0.460795236733316,0.48917261239897,0.581373385724499,0.405093657016521,0.633700546990304,0.571764349641132,0.7290254417216,0.472290682271078,0.475375592870585,0.422571455638262,0.514520853551096,0.529976141515704,0.810073281673594,0.376372117351866,0.553491010415522,0.471367132766267,0.541927572349664,0.0663958978373845,0.365513074923043,0.242631520879773,0.386746182742949,0.554046500198266,0.555610059728162,0.4835164657834,0.294267689227788,0.597749354140552,0.539657599769679,0.411753323453141,0.529586141689437,0.499198731668821,0.228904902068652,0.21373510401694,0.346206892893872,0.522711887735458,0.617665144538611,0.525265645993286,0.473703125933156,0.636607434048063,0.645495012978172,0.411389948032168,0.499104249362947,0.644004669319311,0.290378933535244,0.578341662609298,0.631214797694956,0.768034374327787,0.615493534990028,0.279857377393439,1,0,-1,"F",-0.170454545454545,3,8,6,11,0,1
0.551154951739784,0.224776377298652,0.447058209710888,0.490873525032282,0.769775927811971,0.509799585720266,0.365563047006417,0.520956856014275,0.928116103348757,0.211420661297629,0.738198121174997,0.246520180262814,0.556988533059295,0.514100616276477,0.504202967874782,0.23318170658396,0.395794236095338,0.249305732572242,0.547485875248298,0.525612372212797,0.451120696132309,0.57472174184535,0.401188279331743,0.537287011948283,0.198632956741883,0.753828912092199,0.402920250353164,0.793310840529186,0.262409204996988,0.276176442095617,0.410220009411726,0.468424631917493,0.659884373772566,0.348437531633478,0.445540760486411,0.999146224803694,0.392438883593756,0.528588837597829,0.219405897403657,0.463799146942112,0.593409447457701,0.210996296172628,0.414093640093522,0.621545005379259,0.383691907458325,0.494130740238772,0.446662838680076,0.564480158564651,0.420099476869526,0.492289279782162,0,1,-1,"F",-0.101010101010101,4,9,6,11,0,1
0.508729081835194,0.649598267386533,0.79223667880912,0.694331718384799,0.461923776116196,0.310885851777187,0.319447416563706,0.53547325946793,0.453493742214696,0.372434536997746,0.208109655614794,0.528321073295743,0.476189042400177,0.561754482751486,0.65295198197716,0.508795767304871,0.516903520987356,0.401031707584736,0.759936876768101,0.517601756952363,0.277603987322706,0.606047837404246,0.396518880077948,0.539477124344304,0.765041714442204,0.740722256951287,0.500907333313604,0.31523261260673,0.415394037763869,0.50409848867711,0.420549490739616,0.781218557832402,0.644284673115248,0.280645590343959,0.446308144880563,0.710370942402026,0.400701906599403,0.343049359835997,0.602569649905409,0.483226395936955,0.464310616804116,0.69614288816466,0.494781649646975,0.489546657579532,0.325685430524266,0.485859301765715,0.507562739456508,0.268246336639758,0.467333018340546,0.664283232802825,1,1,1,"F",-0.0454545454545454,5,10,6,11,0,1
0.406615337974903,0.466266486303553,0.340948707050204,0.53563367674228,0.440981647407064,0.476978580069217,0.541779047482034,0.613970991167244,0.815638744361645,0.419212423176335,0.411967401492702,0.259998266435352,0.361964690368898,0.662286550263553,0.435713478532443,0.552417394923124,0.461689786812462,0.497947581238145,0.434594011563177,0.605521968400583,0.379009237566921,0.719002604899245,0.351253953355859,0.442395325264308,0.703682771139066,0.455553384738089,0.589052202359321,0.527308197366076,0.304025777593665,0.662638720062084,0.515330641610008,0.839611344224483,0.277618843158137,0.53256747385734,0.556629881313182,0.776619947778994,0.514229557377031,0.20716507196832,0.603026856470189,0.728605385316716,0.533995147137406,0.471573649208728,0.524923034513705,0.388863986042776,0.414409843741432,0.39748078285899,0.590440616484415,0.501321479102999,0.396943320556026,0.341968539080789,1,1,1,"F",0,6,11,6,11,0,1
0.705700822134515,0.289725816408013,0.608634062725228,0.340046358712916,0.423362224744499,0.431139406536494,0.357907375436947,0.470657712777349,0.811309913527271,0.435705563613306,0.415028632992364,0.316989105527245,0.691010309932409,0.910939527891844,0.51787373102342,0.311100431900706,0.561745427698457,0.432767149002818,0.385658530607869,0.43090232615928,0.43274109832288,0.325394752316212,0.554010349421225,0.433048508800063,0.550405895605182,0.352149694304672,0.308052123089258,0.628154572040493,0.545197359102196,0.557911456896482,0.53915419210732,0.37835886897474,0.425145276390373,0.592498760581522,0.3782196357105,0.674768525968889,0.500494027205646,0.516776671782846,0.519215532398542,0.580239428541977,0.521146069040059,0.628676637321324,0.338239336426128,0.592091986649238,0.507700784721169,0.274886589757344,0.504625889317484,0.372632513716826,0.633607209696984,0.47354550384635,1,1,1,"F",0.037878787878788,7,12,6,11,0,1
0.353833771225774,0.36686794992964,0.692479330847783,0.57932827857225,0.558895830012824,0.782117061713982,0.470740509798949,0.571089850391971,0.441090339783122,0.482420702597482,0.608686476885108,0.388624527564273,0.690212205056123,0.337848112759619,0.745246576101306,0.413227762869734,0.396958399339849,0.372490724435659,0.400005070072232,0.287581222426262,0.485485150713379,0.49845762642655,0.646986167679928,0.651727972691408,0.417373742116823,0.422471354331735,0.54755654275353,0.693283278966215,0.482876616465366,0.492068309210521,0.324660444781769,0.612521396150635,0.436765232563234,0.439477488796802,0.725020487157748,0.579771033934599,0.314316351669893,0.453569725261894,0.595563366419252,0.611056906584707,0.578697433688884,0.548220850673121,0.40712041234044,0.23831665234788,0.553249398323885,0.264919878997661,0.370029228813013,0.126984565509401,0.406389723026527,0.501172308846176,0,1,1,"F",0,7,12,7,12,0,1
0.266582794269099,0.695621735648607,0.565090871643477,0.636910817161271,0.587290150318818,0.767436285075527,0.584889108716625,0.583582273962235,0.484248091418799,0.312954900841406,0.503359266172643,0.348758596549917,0.633859344558936,0.33152040960016,0.479925212232363,0.379383040225658,0.519291586475923,0.472578098335631,0.666338656289492,0.897803490807504,0.182524783377122,0.399285979655183,0.292220611369397,0.480164234133015,0.506532510386659,0.607249856707756,0.698057500877658,0.557473009296764,0.218617737130136,0.306792695984132,0.356786783162482,0.388718588748764,0.670331037397541,0.410332568343363,0.404000779172661,0.329705758851649,0.318149573873154,0.310973453221005,0.557246188803361,0.857455455155007,0.46232310790439,0.645719644632374,0.52486272118944,0.422162119374674,0.301737967278797,0.507815049783461,0.586275835832377,0.32639131634175,0.775356096605776,0.575153197214321,0,0,-1,"F",-0.0448717948717949,7,13,7,12,0,1
0.236887451798604,0.405998684037307,0.70810470114288,0.684990642956407,0.677514145828433,0.644906162637536,0.398802278693498,0.636426669916302,0.440334155542283,0.447456004897687,0.423563735666311,0.581541722826365,0.770937200181705,0.568081679124634,0.288090463693567,0.515264852632622,0.656264981260317,0.37544871699447,0.71210240615023,0.478161496491984,0.378582645295372,0.181122798253616,0.533035225360229,0.478853310590336,0.536153248791022,0.59558346332117,0.396566553738252,0.838448075117529,0.309725791219573,0.328924711554535,0.589796033216954,0.634997057099607,0.719007030659332,0.275022184221065,0.405098670671659,0.398075340181561,0.643046240652264,0.46891372299049,0.574566692146705,0.575910068429955,0.62229394859881,0.603867843801154,0.489315475433103,0.583603117076767,0.430709857210447,0.306875543359162,0.487696273120674,0.563982522286985,0.280788869994407,0.274392917498641,1,0,-1,"F",0,7,13,7,13,0,1
0.544074263579586,0.378427641557312,0.539771523445956,0.361521712402787,0.512860233089374,0.444731879561078,0.332793382938337,0.420445372663868,0.238914121600638,0.596855824665704,0.597989190532686,0.448040974558365,0.222374819094524,0.795533363253063,0.669350717392498,0.433930316439779,0.538213582561914,0.673663822953305,0.47816915090112,0.216908683719347,0.417477840328626,0.507747103848364,0.469313311254302,0.573783427236042,0.312547405044664,0.562235732827697,0.310440677886532,0.365092397193412,0.734659691784186,0.691983188554344,0.634481849106751,0.785452785622938,0.581436819622702,0.571867197976245,0.597374413861376,0.425338580288722,0.335064634111651,0.550427899852473,0.73937276326364,0.466891793836125,0.455801074138654,0.45978473785922,0.429697374485304,0.403375718500062,0.661607823306533,0.744122650226802,0.318969599310171,0.285427588531181,0.193351874112624,0.319979771861841,0,0,-1,"F",-0.0384615384615384,7,14,7,13,0,1
0.406198492766424,0.457916774304798,0.620415410378237,0.405180495027906,0.485597714707624,0.520405329655007,0.345830508775041,0.563947388464673,0.525347910434835,0.455072676177898,0.71410826371693,0.398612130092632,0.24372436062967,0.57668663699794,0.354327591444181,0.492198767275288,0.191809113621426,0.714117663587035,0.582525026768344,0.369723284471659,0.235956077982795,0.516615434713915,0.527716172153094,0.548570759447268,0.394083685481942,0.465964352399344,0.502118069040126,0.477320061936863,0.307284658447247,0.430570706900871,0.476845190729667,0.735983126213799,0.342468601693493,0.393639223969638,0.368632633034511,0.3925802637093,0.531024109172049,0.45467766117134,0.714761837811198,0.675797175358718,0.501654495045284,0.438382554460221,0.615438522876505,0.3464107563371,0.347804550996292,0.550749033296347,0.628004504423295,0.559925733686566,0.355781414032466,0.871482071138129,0,1,1,"F",-0.0714285714285714,7,14,8,14,0,1
0.492701488689937,0.423682499913018,0.425240063293655,0.845883430245077,0.472190461975241,0.683412572480083,0.260971210454137,0.996978113408595,0.502972598431503,0.392958516417764,0.522809543830357,0.31078031566083,0.613718234979073,0.718717934411082,0.620839250218759,0.498649961056616,0.518834519893414,0.306422301108553,0.558642168421154,0.509427795832556,0.773439541384626,0.470637519313337,0.523680062314322,0.52087428660584,0.746332974948933,0.6750058106858,0.528889831647271,0.348665853289302,0.81544127778832,0.59012120560477,0.697170019804632,0.539593752848655,0.506307557971803,0.356420901357183,0.393983326064127,0.50319691236228,0.395633342811888,0.495885979469847,0.265046444972899,0.390454043420202,0.405067540051028,0.11388721907021,0.667875961455104,0.227394693938769,0.727884436818097,0.410237329729791,0.349096603325765,0.562621505245043,0.463358112520473,0.392250552808231,0,0,1,"F",-0.0333333333333333,7,14,8,15,0,1
0.599198984363875,0.367121604941992,0.365743571949472,0.389892880697654,0.312501734893682,0.162523475830512,0.417793743450399,0.466496946085782,0.637366156802594,0.545485430044277,0.586558863343368,0.551577270420165,0.721003450248336,0.493889667744008,0.685813441904278,0.508441807022208,0.585271869750936,0.624023506511086,0.442467032464265,0.386912898832297,0.464354754194188,0.366532339495857,0.365997286637268,0.383390691026118,0.402829133102718,0.392684282055609,0.64276494297491,0.545082170724236,0.49687435512018,0.708728050528557,0.412011829865882,0.552443049017804,0.509355507809304,0.444781779547785,0.650075289299937,0.486905346665983,0.459822029646246,0.597291852958748,0.485442565099781,0.768109333439389,0.251056076406055,0.498931990992271,0.775675456999599,0.191891942655186,0.324909592649886,0.395289399959134,0.678798673651223,0.656465556042091,0.650808416916181,0.118130236322238,0,0,1,"F",0,7,14,8,16,0,1
0.717881431663264,0.290054001346925,0.369713887672085,0.577366292635665,0.626414939891492,0.437391911991214,0.425464571951182,0.328099485729379,0.73198997137277,0.532424212027021,0.354131912029619,0.763209333129364,0.503582312585691,0.694223742993153,0.681875305837263,0.43233518046563,0.40447651316349,0.417259875502831,0.548389711258646,0.485040293404075,0.499420673323899,0.290308305023583,0.480509773236321,0.53198221278486,0.425338232440692,0.474657245113245,0.438369305994488,0.556935067465694,0.307551391254419,0.330021464195673,0.340545458620592,0.606326666994744,0.344415432546332,0.222958206290719,0.554989025094305,0.491877708320424,0.488609833752567,0.0743295795384246,0.527039901879091,0.576781143360967,0.434226291909729,0.495373096310169,0.384239120841448,0.260864194287397,0.546746365712097,0.279773240866053,0.457432968007794,0.496877891135976,0.435864348896698,0.737557877567397,0,1,1,"F",-0.0294117647058824,7,14,9,17,0,1
0.782780684532321,0.417978431054169,0.372922268332885,0.425750877452906,0.370583101421053,0.37902423074813,0.431328462271801,0.705122719705366,0.932334617001247,0.527053601196104,0.260898406287587,0.479138671777532,0.6333072015977,0.718512218502542,0.621901461631508,0.478866829415993,0.400411478877812,0.316173282898082,0.540944723183628,0.477029723027443,0.527342698730085,0.561895181828,0.256898251946882,0.497100255149464,0.517033919450816,0.767265885914777,0.569949878913291,0.596739516396517,0.224716892485223,0.357548348537576,0.467518925675549,0.440482764859294,0.538155273298573,0.581916051509806,0.665645643519492,0.518623266694408,0.49183995726239,0.460114624631157,0.428723643517982,0.587771972124675,0.51958222977791,0.372719108949992,0.618924232489787,0.333659396447164,0.508353794891835,0.923973429779328,0.605730952774009,0.464655077549462,0.690437912454061,0.686356016986247,1,0,1,"F",-0.0627450980392157,7,15,9,17,0,1
0.433409209407882,0.76748309821568,0.463998328298124,0.493118603783127,0.601636015651783,0.289615490129636,0.418782975294873,0.526770577171581,0.347180829268782,0.520850656125272,0.216468481977201,0.428309310066545,0.354851188205065,0.483927344353747,0.595068939445048,0.359200936906201,0.0799941860421581,0.353574202198684,0.0477831211913901,0.57556406893222,0.555662741878488,0.358664808528659,0.422940425873119,0.30560027168777,0.632933007956986,0.353132453332215,0.244085822124828,0.543627741008221,0.715270913329607,0.578732343461722,0.395439954449826,0.765964188052313,0.411008114772951,0.423367926384776,0.275253494863437,0.529495373793619,0.474408819579401,0.503806566385364,0.374348269776774,0.567357943720214,0.622287987485638,0.519838357549686,0.489499054714579,0.655753704533783,0.528263434648178,0.447030028037168,0.195688019454694,0.501791220658951,0.424316973883514,0.545720565336757,0,1,1,"F",-0.0888888888888889,7,15,10,18,0,1
0.47553621302436,0.390530260099666,0.530555905911015,0.521492243745095,0.667556588780591,0.362223403254941,0.680984340935853,0.252680169283579,0.725185424327061,0.561938730934169,0.428073449793322,0.378009018309483,0.45005197832026,0.552506215943911,0.369102141473762,0.361593945694529,0.719019050282567,0.361768705400925,0.639879563189107,0.622936465747172,0.715350984382891,0.472668848607507,0.46784052625031,0.354931680548362,0.789906526977741,0.519649996752955,0.353856207506614,0.653669367684728,0.230474789557681,0.600330335125297,0.32391565242666,0.406117354947159,0.338645861430604,0.517746506004868,0.58553408730917,0.483233223983013,0.202076194244407,0.334407774109929,0.580221437137204,0.729853066409593,0.48018428607799,0.441935332059516,0.674156621698727,0.545731257432546,0.391025649731893,0.496827279576368,0.408966785598324,0.672795205176478,0.721680093954206,0.425994091845989,0,1,1,"F",-0.112280701754386,7,15,11,19,0,1
0.584202411046185,0.432731621595677,0.173377316737402,0.594045445531818,0.121909425364134,0.419599891477295,0.451169975087045,0.582430820050292,0.647673240469819,0.669956723323959,0.483002949799566,0.527968781609097,0.386941691686083,0.542135558693635,0.569004090526844,0.345330982758927,0.622766848413141,0.332099007243296,0.496048981460624,0.426828910711964,0.468902493945115,0.312396157742336,0.511000181347308,0.459433326555526,0.441581199277366,0.59260991887573,0.321841620921949,0.770462712191394,0.559768660530801,0.619835797474871,0.494378758377671,0.545652478374488,0.331078652258161,0.553090108103234,0.338859101526529,0.4367020391283,0.512162300704544,0.710070582602931,0.546137398012944,0.325666146465595,0.539200872523341,0.396545756603354,0.505988679891201,0.394652557924678,0.372442557116253,0.462932862349245,0.205850463326771,0.261352275365727,0.670406931595994,0.434539239976507,0,1,1,"F",-0.133333333333333,7,15,12,20,0,1
0.606786769710701,0.249193488771317,0.642849531122067,0.690108354926581,0.524975366479049,0.384260143607157,0.420096108738717,0.686250696166185,0.532010208924301,0.443814164883563,0.775202369934773,0.373558697174857,0.479735691432716,0.58425213856731,0.625790734579834,0.264150862987587,0.426195090179148,0.241393173692076,0.699553602585814,0.622079642853676,0.529138356551343,0.58677709197994,0.36468020052933,0.48006616948392,0.655673386427448,0.41684187590721,0.647615846810151,0.720201609572445,0.44370803757469,0.758031904673428,0.168671475404279,0.462351634429965,0.398153674350302,0.566607000091598,0.433795842911373,0.550578084471721,0.670185247406303,0.407115132605943,0.206216427057801,0.685915570046249,0.337678224357276,0.583999586981817,0.498773453822724,0.511078502600187,0.649145156323915,0.474246367913022,0.418571495963648,0.695376661981145,0.652557581655854,0.475192309858958,0,1,1,"F",-0.152380952380952,7,15,13,21,0,1
0.601022625432649,0.688268548393359,0.43509897039063,0.409027271681662,0.456499437017024,0.215031248382932,0.554851211121027,0.308970074231292,0.291095303896606,0.646796875037614,0.499446450054686,0.699359149664371,0.408874720664081,0.668627631691459,0.204111982170212,0.32847168071743,0.321173771326892,0.386508642458946,0.493870464233732,0.71491139283263,0.526138131716489,0.402141579013405,0.434307284164038,0.32756238752514,0.428126209635853,0.415078703857671,0.347215711579338,0.533350709593164,0.541048326486989,0.765635292388944,0.480770679063687,0.528919172754524,0.610687344144404,0.5520806577644,0.775111029622936,0.473753161757671,0.670664219612499,0.185356576777555,0.641568802674075,0.500427008121038,0.635839697679269,0.380795628031293,0.697715777473148,0.483166975057005,0.57776372275882,0.297172091083298,0.190757864999974,0.426055336002396,0.203843773164062,0.5423066763239,0,0,1,"F",-0.124242424242424,7,15,13,22,0,1
0.670443668466841,0.509564377609882,0.671534815677472,0.656793428188352,0.704678263928566,0.571365347299747,0.539558532281384,0.560082923799229,0.482210479465586,0.620355202770387,0.450045934874125,0.523339310078345,0.531546454733533,0.681507297833685,0.461504997350393,0.190849097566625,0.580411872985326,0.225226561625968,0.251704352653671,0.413250853961951,0.712353327619772,0.436824166215193,0.612324776955175,0.306010585416486,0.683736475157757,0.363543623770335,0.476713093961379,0.502190385101402,0.305515078862071,0.80004415611509,0.434460304670803,0.597825621714355,0.69824616312694,0.491489225502939,0.722832079009272,0.889393407264381,0.347320231528279,0.345722128297592,0.413657997756178,0.552835209852416,0.581538685374014,0.405564745629501,0.319298130238638,0.364005643384028,0.51959020527809,0.492355091813493,0.65571858964009,0.364048976093274,0.280395501428709,0.228439476704474,1,0,-1,"F",-0.0985507246376811,7,15,13,23,0,1
0.809539165858231,0.372781203416056,0.501604900862967,0.585234324669603,0.614477951812528,0.361898937587169,0.497895964284447,0.647585378057412,0.507848707584729,0.506220078634371,0.64404484413954,0.580643515804663,0.560995077417629,0.655252715577356,0.561665379643435,0.702824378565705,0.349114828330994,0.411455220743925,0.466820246064143,0.506987709144896,0.542486257065912,0.405717319364981,0.345284388607879,0.543745083684349,0.283673198123306,0.612572372183887,0.322012780635538,0.526170376305656,0.41178244376027,0.183040931347016,0.480780534327343,0.373454764450245,0.687449432539078,0.661678609773807,0.573720212499914,0.668506755098867,0.648105258428775,0.344426604774614,0.603804712325387,0.580774469435342,0.520909073693443,0.270949388697911,0.299966072918646,0.692873143767741,0.440655638352657,0.565661742295285,0.253004985674864,0.175274908035966,0.405732203530679,0.37787583225631,0,1,-1,"F",-0.0652173913043478,8,16,13,23,0,1
0.509065943243693,0.465609126759939,0.456185702880363,0.44605339364346,0.358473797534302,0.551545578491864,0.210507613353269,0.64873881560305,0.507824797742834,0.572329666056322,0.0775045996799887,0.447792695268841,0.57282190144797,0.648689844709829,0.644768285806031,0.138656841619972,0.581865138568644,0.410441964279737,0.443174646226081,0.493100242811412,0.686999260625195,0.404324856277326,0.591950675623609,0.746769080067777,0.319694714584593,0.599594816163478,0.589251336956117,0.343594308103474,0.478607335783377,0.631335833911262,0.718263733865403,0.440423075865714,0.265097665132459,0.365892163428948,0.648747488029003,0.579342907365309,0.349757749356194,0.66322871202329,0.449280660536284,0.612663930623533,0.613418870724865,0.442039018582322,0.747691167277093,0.64573984357805,0.836124829886885,0.478132379884594,0.646416624043049,0.264716500699897,0.340561816424319,0.554768952295191,1,1,1,"F",-0.0358056265984654,9,17,13,23,0,1
0.487782672321054,0.580245420417365,0.394550277452193,0.535985487428719,0.39886820975808,0.194490367104152,0.52426402214561,0.755330491549544,0.426839446921845,0.531983200227984,0.376062227571082,0.502751009222982,0.578615978093575,0.519496030911953,0.448441470062336,0.622426019876756,0.311596694483805,0.780714719879303,0.708516794901185,0.501440377606312,0.447983714041832,0.37827688743971,0.594405278707577,0.346897008560673,0.508228833467258,0.440480627534793,0.555835297666601,0.317403734768467,0.686025532134121,0.533525915557372,0.325697130834457,0.65284756094032,0.431854253895664,0.624854367405802,0.654193820359241,0.519774135133348,0.507244095415917,0.367764677501077,0.625173008844332,0.327922412192734,0.728356200926913,0.400281141038718,0.541515305319144,0.587163981664945,0.498714803205251,0.559123953788967,0.55173898519407,0.588603365572542,0.627144266515579,0.348623609206458,0,0,1,"F",-0.0122549019607843,9,17,13,24,0,1
0.478142372423413,0.354014790351734,0.204949311163899,0.752819503438689,0.445071289171671,0.503566553428807,0.484307340470044,0.46016643254939,0.602210249861227,0.432295642039942,0.55067731061238,0.385339962399012,0.44550745858418,0.59452534169016,0.548214928025353,0.630051661170113,0.40894904595764,0.541500136308746,0.593092292953555,0.253401781873741,0.489619978613983,0.430566983710594,0.325224870100132,0.539204127460973,0.786950223770506,0.589608030087189,0.178113021089483,0.536007463307818,0.401770936367309,0.471523077419784,0.419344109221423,0.459817591632672,0.441387485717433,0.71398245439762,0.460563527956411,0.805656828591002,0.480600033835806,0.444059597416401,0.566715619110759,0.499074584811796,0.340827806205517,0.019091961126653,0.592499950481871,0.341399238437392,0.416377601327489,0.365846042990284,0.53968836897288,0.703212339526338,0.501399279545692,0.280589697583582,0,0,-1,"F",-0.0416666666666666,9,18,13,24,0,1
0.557034018471806,0.24173295722272,0.41591243024549,0.431936950654422,0.650799079523377,0.559912713650281,0.427698057132898,0.499338020183634,0.48895514634943,0.351513487278878,0.537906030439155,0.0873989500895701,0.794678531422761,0.227386568893056,0.461426856539121,0.485079947782883,0.493915092628675,0.336135721933217,0.543688524057325,0.457575460506447,0.471551225324258,0.762233543075808,0.431874852913288,0.495099613329009,0.584071716919277,0.550713693881604,0.57039266424557,0.602245641356131,0.711149709606073,0.389157948678048,0.340023477637081,0.669148469938865,0.773375736826656,0.649617921669375,0.540764270195594,0.366941421755096,0.434986695369623,0.554916838977878,0.331318728298214,0.479140221009809,0.529174531898926,0.633633595144996,0.894548652291532,0.551850180515198,0.479159435730563,0.602332763652388,0.615478263434336,0.55958925724465,0.269021412687064,0.634020544613687,1,1,-1,"F",-0.0600000000000001,9,18,14,25,0,1
0.718421173967775,0.583016327019623,0.46991735414264,0.769330791269671,0.44390165616561,0.837434967780833,0.295030200868646,0.411923459007347,0.330352696148923,0.566836208423768,0.760593218098759,0.518141485759331,0.546889898968821,0.452890494460363,0.556483605066689,0.104531326619997,0.403166972581039,0.421909226279252,0.540210003044384,0.682223201852067,0.352233055035213,0.269241777938609,0.49221682913407,0.275555634454403,0.594756549910994,0.473621836995956,0.488873553628261,0.482390779358702,0.421040976215444,0.582865376398588,0.450873454604349,0.446777595413931,0.55002048880388,0.296368865868177,0.448690924616918,0.582835185534738,0.422014650325975,0.44647210985814,0.569554262550564,0.340700364259221,0.63152118540901,0.490892143007373,0.67111435684324,0.451455581187167,0.314775425750821,0.322710384304153,0.51013215784346,0.573146356508855,0.694784719644066,0.688011727611279,0,0,1,"F",-0.0384615384615384,9,18,14,26,0,1
0.583876671370273,0.259306155043619,0.581187739770319,0.46395329855486,0.654028609949785,0.397220478325832,0.441846607632018,0.594071282323229,0.614434587713458,0.336336102740841,0.652971437217398,0.258241321550576,0.572741377886696,1,0.57371659504198,0.482593409876378,0.620693344494542,0.369605475191874,0.46935038799444,0.456820508969966,0.608117377587475,0.628957857549269,0.430317167987578,0.684075496734658,0.353594741478151,0.469427617146247,0.518369773581762,0.733163248664102,0.423380758220274,0.570668392079607,0.518885285609952,0.375783768904033,0.39638891051185,0.209977268877612,0.41947859380359,0.4183129824758,0.669027102015926,0.736058499122765,0.403630006956085,0.54310558876591,0.663829130314011,0.296700916353464,0.562242826193028,0.225613659969237,0.409843494145181,0.483193936882863,0.634747899757581,0.537434859076236,0.46590746890742,0.49470032364069,0,0,1,"F",-0.0185185185185185,9,18,14,27,0,1
0.350118841507897,0.500614776333295,0.403096913847889,0.480222430784892,0.501853136811942,0.274936203971299,0.309780983062556,0.707242522805989,0.48222904433288,0.492496180592959,0.775640891581736,0.428874844676482,0.767509530133859,0.564842864198407,0.551485881036851,0.412404488886107,0.36207153365742,0.335381551758369,0.79743896475115,0.503830401708383,0.589330324773874,0.349728972708301,0.466863825643688,0.457792599914422,0.480472640064184,0.321334086256366,0.24433576554445,0.443959722849852,0.364970842929822,0.56969084823768,0.249058240139187,0.677880681799892,0.342082110979544,0.429807403628297,0.444250711588738,0.591674583885534,0.497278402967202,0.27962680544309,0.635126348472129,0.396073755583131,0.475281871624349,0.345532280046041,0,0.795879174758066,0.369291931615652,0.534468156608228,0.668494909190832,0.764850922092389,0.423232588302537,0.832518414616615,0,0,1,"F",0,9,18,14,28,0,1
0.589453703650337,0.457067908132852,0.384005572275375,0.531811823202685,0.647399988892938,0.378939158695095,0.33786892016262,0.556526551163124,0.949912535647914,0.459496191472135,0.357852929168463,0.301341149210796,0.61038637533151,0.796367876806896,0.333806806760917,0.65787513671076,0.667120283756448,0.368386585231289,0.335315786726894,0.46746086300295,0.50305404809966,0.443363718748992,0.528611592985267,0.594347854388501,0.448863766223016,0.647185355152686,0.505166380951051,0.352885024926866,0.518978316996051,0.447920066706355,0.581450786094751,0.262299195040469,0.553173398023388,0.541376201542416,0.421781059374713,0.621050916672861,0.69787889707198,0.520669843283564,0.333798100706894,0.79485190960844,0.508848655462856,0.480119576535663,0.329540087603028,0.341042319081405,0.350531181249682,0.55510374098431,0.787302551823429,0.596592392134841,0.628731594966257,0.50587738738019,0,0,1,"F",0.0172413793103448,9,18,14,29,0,1
0.59585454459733,0.382844677809139,0.32814292242752,0.56452021567325,0.578682419933466,0.69332863247129,0.640727543179821,0.588695715193164,0.633052928481305,0.579935772051786,0.374820353914822,0.394004749617528,0.399250639191904,0.369360459723187,0.341823981394546,0.521803987532324,0.452419798930818,0.294383832502958,0.548542205573371,0.57881141607187,0.583079180990801,0.389025684678617,0.61657920722269,0.309168310070365,0.536854037326624,0.799948288638422,0.406907849893956,0.509992640029237,0.451196645875636,0.581531338751008,0.284198768040697,0.676671960054413,0.535695539548595,0.409685603462516,0.649248568856738,0.567863078347522,0.647269024153096,0.48198120397231,0.863929634511051,0.46567775863665,0.252620211234791,0.308246951894322,0.701357214569529,0.363219706582954,0.453779125407893,0.492953881492532,0.339281618061388,0.564003685028253,0.574939501313874,0.35268785483673,1,0,1,"F",-0.00907441016333943,9,19,14,29,0,1
0.353738308598935,0.532355714465264,0.578979787437035,0.562366161235889,0.3673128063994,0.794949488540059,0.298378887763977,0.463089950270193,0.588060346644043,0.666313392266542,0.698841034102809,0.48490831246145,0.54846865413904,0.651844792043082,0.375670428040914,0.345402396411435,0.687047005034514,0.298845952566894,0.342655224988154,0.622277515412997,0.20223045759726,0.311475427086764,0.299024018316003,0.320334456479254,0.584352066296612,0.579146093827837,0.31708956317749,0.692650733553916,0.593455933428058,0.462314802024636,0.456214976231915,0.482564836356685,0.562558122823687,0.460755062653151,0.497625774111207,0.246793561607577,0.471670556829498,0.27004788718357,0.301056391030506,0.341304544056377,0.371836542410724,0.489168194810259,0.479005697839269,0.529667245695296,0.635959601840978,0.474801986569919,0.425828281025217,0.508588382761413,0.512046631717775,0.46033022934412,1,0,1,"F",-0.0327586206896552,9,20,14,29,0,1
0.65722739558134,0.406909975750284,0.216886114158077,0.495497966843389,0.588025269585747,0.865932039639421,0.357816331458862,0.629228342923484,0.768899237787366,0.43183453675885,0.627831491678287,0.354719112021488,0.550870627542609,0.350622161489403,0.277912788126519,0.231296186587234,0.203144377221237,0.594845483225966,0.43035953973374,0.599716848863348,0.754606821750075,0.497633198494174,0.434798743514548,0.393898863654727,0.552298333268679,0.551840856907975,0.580963111227488,0.161945209085446,0.135398536073485,0.423562847276959,0.543427119609587,0.56059507771614,0.804434028790285,0.316170481074023,0.474859979156,0.352145273086826,0.429706603037816,0.605011268396305,0.309941638570339,0.607000712467063,0.447521300726231,0.744359681831181,0.533731666551326,0.388088795038972,0.365047389672459,0.436851263308169,0.281728566499715,0.552143883220375,0.559473263971346,0.578735310381122,0,1,-1,"F",-0.00656814449917903,10,21,14,29,0,1
0.701220482412932,0.583244219996595,0.270241939874004,0.333409465941704,0.647759689803635,0.273006970737005,0.371467456675978,0.483236115332583,0.413636025446904,0.644859851221842,0.643904156146981,0.46438357104621,0.719130979475186,0.469866453608621,0.295790424334093,0.188597457422583,0.40903487868442,0.505729978388029,0.487577125068396,0.50107594475065,0.510208614960455,0.559745582308591,0.494483461764826,0.491449817834817,0.29692383051679,0.408924396652977,0.506674178031366,0.534010229499501,0.67808553958765,0.579794395192283,0.503063859411931,0.594667240545815,0.660578503296069,0.624973816391821,0.774891352117902,0.622345728914558,0.54955587766228,0.552389439105954,0.311091597864975,0.623718734186183,0.407763619559329,0.342463102205632,0.565641073099718,0.407141751093976,0.450122226139259,0.338865082842754,0.314459800365456,0.55422126769821,0.506019090984616,0.308099374302876,0,0,-1,"F",-0.0282131661442007,10,22,14,29,0,1
0.170846743320988,0.242450326122688,0.501438779720731,0.319301640828631,0.388470559213094,0.605613139767159,0.76536193239342,0.644072626712432,0.578026591589614,0.505540848496239,0.551267168383903,0.383595449650398,0.378199930412762,0.604323429752263,0.62929086506785,0.452318825914205,0.475203339821757,0.561837435073684,0.531257727312807,0.573983757969246,0.348254277859805,0.17077817110249,0.299457607502887,0.605859662553949,0.569224372804176,0.443893789143906,0.640013637627679,0.575304457463851,0.198539223655419,0.546628459162932,0.50039510835408,0.24401028889776,0.326061060108661,0.269133216056103,0.573358997731032,0.58443471369678,0.660764883376827,0.180686425913797,0.40209081602606,0.265746310932855,0.562290337980158,0.545903712141472,0.475783984623004,0.45360979064659,0.525690637919101,0.498182827791397,0.393585011837073,0.558370276568175,0.581750936350092,0.563890367404513,1,1,1,"F",-0.00449775112443779,11,23,14,29,0,1
0.628527007888059,0.391527964614366,0.543532951095373,0.877483202412493,0.770394551390456,0.680706199083876,0.712767924237013,0.455610155154455,0.794776214770271,0.424957930935986,0.37344825189464,0.462053317955229,0.63402163079367,0.380931672526625,0.680221683978402,0.69039251218354,0.145126386758381,0.382280569760278,0.743279665584982,0.413264678327066,0.510467559784379,0.420438736432726,0.382899202279843,0.683575295655885,0.484308386456166,0.494889647460767,0.343744179054059,0.467311666489075,0.483451668918797,0.389953617370782,0.308241332590333,0.52254655194181,0.25845505201044,0.365017512155342,0.534040926658279,0.484980076762978,0.371832110016103,0.526538697155658,0.758845417735023,0.822244370338832,0.284042905019595,0.394804503239973,0.578637340707991,0.62887356732962,0.728305169060573,0.371631813779319,0.579379274191117,0.414651982525599,0.49729236663363,0.425666142536455,1,1,1,"F",0.0172413793103448,12,24,14,29,0,1
0.667862309597503,0.504490004078773,0.476957783386144,0.590959146762063,0.473809656568728,0.616218135062201,0.465576515271598,0.579824850866376,0.350248565765176,0.472191222630954,0.638003713837219,0.348286145106077,0.534731497682331,0.463725978465199,0.357016180258575,0.379832801578255,0.24564706836925,0.314162852823645,0.6471142329373,0.376236843094384,0.522748635342915,0.346459332031512,0.501453656418361,0.341907441191984,0.389542914229036,0.558380813739315,0.483971719343763,0.559867090699801,0.22636780613013,0.577629678215867,0.486494438749535,0.421396547181532,0.564112612221058,0.78796156811688,0.371752569222308,0.552647016095328,0.662560179188783,0.723661020348284,0.143436958238249,0.374902270410011,0.679666571803586,0.387474886373608,0.527976096707358,0.394427987967771,0.326582508440083,0.376507762481477,0.553010237141549,0.60197205463277,0.713408090166065,0.340893514046006,0,0,1,"F",0.0333333333333333,12,24,14,30,0,1
0.309567482222623,0.198130682029041,0.583263193253029,0.423110714037598,0.549854789014831,0.580125487132982,0.471991081382052,0.598586208894968,0.67892873507143,0.618025718019914,0.67190167307157,0.515027554391852,0.365813548329206,0.50858400441393,0.575453427680896,0.453291965989195,0.10105690576563,0.318472163618999,0.779035329654131,0.592121198047958,0.280661832494418,0.418097864710138,0.41489857270191,0.495602194850167,0.254863511063883,0.584063518012819,0.360239328823017,0.646851234900287,0.727047206499384,0.50521618726008,0.342711377684857,0.324816080732672,0.23915520072333,0.436598315161807,0.595472141196934,0.608380432127294,0.497440849907588,0.268161992305777,0.0943502462478083,0.546326667418328,0.268654785160526,0.564172200290312,0.488051526579803,0.5542652250551,0.638694662799886,0.572294355932268,0.0175826906666261,0.592444827681659,0.687075592766032,0.267765084497591,1,1,-1,"F",0.0161290322580645,12,24,15,31,0,1
0.425694532399728,0.263611704732395,0.612548802636901,0.526920136717456,0.402905151185484,0.462652455757426,0.700036000403764,0.452119413129608,0.336627831591395,0.423750810812587,0.292481654268125,0.469675489145014,0.369308306766861,0.541324995384683,0.492177261819191,0.492655818782248,0.523303532356018,0.561729441364399,0.334576149425273,0.672714061108641,0.465384642763827,0.507890049503644,0.402963501297845,0.399943191229651,0.475524008491478,0.399450512820319,0.425554280578605,0.453049664788464,0.393982034031274,0.507313808749228,0.552130804231304,0.521287884555893,0.714964232414988,0.406018715223529,0.547769797327297,0.477593833870429,0.751198351524202,0.487759975923664,0.501434205143633,0.488667709476971,0.483434613518012,0.311614846508739,0.442998515918254,0.335224814563072,0.619697808860999,0.508271683204969,0.277579723050844,0.642264617613832,0.649575875282022,0.433607545389823,0,0,1,"F",0.03125,12,24,15,32,0,1
0.450062814339552,0.376931882082897,0.277586128662044,0.252863315669208,0.506098344727502,0.728357047733999,0.24606491862573,0.466098296218543,0.555681264463842,0.396914681340502,0.408451126210501,0.468059861739073,0.510936782214565,0.39003868972991,0.496789268721774,0.538094881952254,0.44295677413904,0.715589575581862,0.618878484064999,0.439168155162284,0.123789977995386,0.292397008804239,0.474434429628847,0.468940782350124,0.433504561124593,0.368880441148846,0.393421464375991,0.527813807662474,0.675553412831665,0.693176756656424,0.437401708537378,0.443823789649132,0.763710561866334,0.466369263392585,0.797667693418819,0.712594680982818,0.516848646392083,0.406274772439435,0.406175603624338,0.54112237180653,0.167068124743513,0.512306456438318,0.527885905996504,0.522136337919606,0.259714550426918,0.26889145683065,0.888762473182318,0.492685489114052,0.34252489979913,0.53310814375838,0,1,-1,"F",0.05125,13,25,15,32,0,1
0.359092864776138,0.392510432129492,0.392626983262222,0.47379938311884,0.331253101262428,0.780962729635326,0.374090046521209,0.135270355143752,0.959123318854323,0.565655077640338,0.499895912736593,0.394165473715283,0.709265704141528,0.801382284409511,0.44518073168965,0.381468743582646,0.759570094014688,0.752496280376776,0.602940889316067,0.534224072466652,0.414840980890026,0.478926658284283,0.451223045817974,0.697698482553875,0.504805946706027,0.911428670711004,0.51920958890712,0.30582140705788,0.530564858610154,0.691734794018077,0.427962746911995,0.61354267680553,0.395995366686706,0.714609009352791,0.505486172955136,0.481808716172409,0.639092288162833,0.58007386598537,0.730122365786054,0.337075392341762,0.720132520262959,0.588932035312333,0.630647151707675,0.302417663958008,0.416969696890162,0.0714705889832622,0.632323402807249,0.649201880945256,0.787159062775637,0.495301509257619,1,1,1,"F",0.0697115384615384,14,26,15,32,0,1
0.606862284005978,0.461480968268149,0.360687698531259,0.752339273156295,0.650481532092144,0.648651501350484,0.274960331969668,0.373657283979651,0.381565828736945,0.475509128182107,0.395953819374899,0.401672122447373,0.500342927598684,0.546706473509934,0.629247815320674,0.30108912165018,0.455209424195396,0.403816963873979,0.402187380129577,0.731454713735249,0.413151907964994,0.45338374894766,0.547532879598277,0.372225051604782,0.502887360757419,0.515896014486448,0.443126869559677,0.534734349620613,0.513178920847782,0.229216456763229,0.141270775821759,0.509955918360056,0.719061061019971,0.460326606092982,0.418069342839726,0.560972314053993,0.589261166888414,0.439939119362782,0.599248027760645,0.614000276899591,0.35246244527027,0.710302674594917,0.46521129158575,0.519286939418115,0.558982078374929,0.430320382608745,0.372481769029666,0.579295598237944,0.353817142396063,0.278937492068086,1,1,-1,"F",0.0536130536130536,14,26,16,33,0,1
0.450912455380292,0.230826862569613,0.380118236249456,0.668671579202942,0.777222418755508,0.435664195588152,0.746815720527446,0.57374098110057,0.728725702804547,0.559527168979837,0.684500618440653,0.460646661448979,0.60970681254719,0.921757252866343,0.467486140199098,0.375756787305673,0.484069248248638,0.633977754533956,0.441309989578681,0.762083344723718,0.438933345547644,0.49229729335424,0.566970650989103,0.36658686224414,0.558462430431175,0.634891831681555,0.401914379483679,0.406648995327392,0.401815219729681,0.732743122205039,0.516495390075618,0.537486255765606,0.63636222509345,0.555680159382474,0.606298629870361,0.492299135696834,0.649058942769901,0.438057321158875,0.419038885700657,0.450998752666793,0.216174856337016,0.324325860911881,0.461546420378668,0.37998577004415,0.592225870466826,0.408914508556576,0.680850816585204,0.553312055271697,0.582181082002978,0.389552415187508,0,1,-1,"F",0.0707070707070707,15,27,16,33,0,1
0.709067065686347,0.37726927193416,0.329999514389517,0.454874457491093,0.450844318222548,0.561561275679927,0.600722731228104,0.365988592024003,0.767361558143639,0.45820976978011,0.718714926208512,0.536733847822373,0.568699314482547,0.52309583726505,0.583814148554457,0.478598022742529,0.402821703807092,0.488604152267033,0.532950632028663,0.486876118250951,0.177617679246082,0.296932270687576,0.595228249812389,0.396238369835545,0.537944575049691,0.502417976054979,0.370791237841923,0.60359757920923,0.40224537968997,0.449504904961616,0.281695745170652,0.679344110090917,0.49942568751476,0.460011860184156,0.0633018688468978,0.603120451584931,0.62920014721897,0.234603006311786,0.474592441058215,0.401890986854856,0.437845069031245,0.688763314120436,0.301859317302549,0.279721605674742,0.543206151935433,0.459947910717359,0.448857937852265,0.367179429132666,0.445648410067597,0.435959668232684,0,1,1,"F",0.0555555555555556,15,27,17,34,0,1
0.576722316528902,0.312121071484296,0.515622568848689,0.636767804382282,0.335075458157901,0.477858238026315,0.29411924265894,0.427847948911486,0.569522989783305,0.314551696650981,0.687527634467304,0.466402051441698,0.627586737482908,0.463517705029593,0.655387125269471,0.242173693712098,0.560987401976139,0.212309779663289,0.680944747476722,0.770413085417075,0.53042213467971,0.549688223287193,0.572873933559789,0.574383294393498,0.344773325437609,0.512060424721652,0.46926724838666,0.71817240833103,0.649694287185509,0.687629435175061,0.338502682413493,0.702844175111237,0.417762221573004,0.397367667200543,0.50694331721522,0.496906481562776,0.368029699101804,0.19229681449069,0.601172569235701,0.540395867454305,0.427841472313821,0.482965213626733,0.339361781446221,0.315447744362983,0.797830419678672,0.553757327792866,0.469283380819082,0.461651786898571,0.372676579744071,0.570594553268038,1,1,1,"F",0.0714285714285714,16,28,17,34,0,1
0.55057942925064,0.538540983346858,0.516684748361264,0.622581353818185,0.516925476476947,0.662765369456004,0.19675874403026,0.634163932240884,0.387036668674041,0.550272527191622,0.422983544035941,0.463854127070214,0.593840573651407,0.813173274726675,0.592182887267352,0.441076887340468,0.525841071937114,0.363375367482128,0.551416431874083,0.939042218017832,0.388625071788535,0.330824620527863,0.566445773852507,0.348505895562959,0.300709220007873,0.669194196902155,0.49343702692226,0.445981170017976,0.510870654289992,0.479058133529442,0.249733518541262,0.481408053950083,0.48160303333128,0.749514686463056,0.559816730727011,0.597091943281101,0.413668614255806,0.438677379009916,0.370744590863661,0.634283140723321,0.537835417774445,0.37280672508927,0.58306145786717,0.535753093013282,0.512678460592465,0.565180213214205,0.667367659039055,0.566744569007679,0.548661938903027,0.333120159230849,0,0,1,"F",0.0857142857142857,16,28,17,35,0,1
0.40599395543839,0.666867675120411,0.462479109430105,0.563404357110324,0.637785362627129,0.655187713049113,0.524357933221364,0.552566662622785,0.614982496098708,0.54787346791235,0.537507225574388,0.163844953395203,0.301138474358253,0.206322137367089,0.626337667572052,0.42058095238592,0.438752644133474,0.460887517282151,0.504876031231647,0.821048380587105,0.576005007911439,0.438761357397677,0.429472339273905,0.468709246534479,0.515910094572872,0.393953866092095,0.357878081424379,0.346444415135759,0.683588158598259,0.422908362736725,0.291657310195927,0.640359908436522,0.524871195218656,0.623693305211507,0.418754300123535,0.421657720820551,0.34988896881799,0.898519586317438,0.435385476307844,0.84891662797263,0.350240522248027,0.534221291280285,0.420454912989558,0.368007157949285,0.543802452433253,0.499210874234352,0.376332030508433,0.444634129594814,0.637061182636067,0.455628497212953,1,1,-1,"F",0.0714285714285714,16,28,18,36,0,1
0.238063024293636,0.532216389104395,0.608180541703316,0.595344691594519,0.5559087174934,0.655630715413425,0.553845067646085,0.496690110391322,0.562313192548405,0.577792504509331,0.455705405748786,0.464493800300611,0.740667494033818,0.297109201239759,0.563880951843552,0.251798601288752,0.322029377775335,0.452702018172654,0.211208637340299,0.658722744355713,0.682517686275703,0.509523304837511,0.366620857579713,0.310004676796573,0.35294161913981,0.47053710767297,0.440460914238113,0.638049401308758,0.496652609000197,0.441784536775076,0.445413030849371,0.495083338649563,0.705172592068199,0.382785710361245,0.484724724816423,0.366692974449228,0.32709487073686,0.534440691876741,0.419233365468468,0.483227073969998,0.603098394057532,0.419240467544434,0.595041268982343,0.43073339398392,0.42802853883343,0.389960859283099,0.430873659577722,0.418392437293068,0.612701771385897,0.495105654250902,0,1,-1,"F",0.0862068965517241,17,29,18,36,0,1
0.761628596415444,0.525246494263791,0.479602605531987,0.541160339239869,0.460788970270126,0.759650961005908,0.479664019682932,0.502449709313766,0.356426375664806,0.4217068167016,0.805360098291136,0.65901305933574,0.549240529398828,0.637120856888228,0.576384820787223,0.272068121565273,0.202814476236425,0.586733717988638,0.603096513731084,0.398937521256592,0.514192323831494,0.506968446632925,0.414866631058327,0.574933281477301,0.570524130686376,0.528260621015529,0.51243264769993,0.607029441346906,0.324446484432766,0.707320784349696,0.528971844512029,0.53377115892876,0.506435655705066,0.408482478950175,0.656350274603262,0.384079774051687,0.628272746639456,0.632249806831973,0.425537432253947,0.281499640200178,0.256387234504693,0.227701518020809,0.617012002626008,0.320423816226229,0.484641193598479,0.433196908728297,0.602520180700298,0.445675719507931,0.669282258115426,0.405147472859402,0,1,1,"F",0.0726933830382106,17,29,19,37,0,1
0.329533848373785,0.413013653389029,0.283675827759613,0.424493906822286,0.387290654565872,0.467682627860433,0.461428834443496,0.658165711825415,0.474055677720051,0.518581526842682,0.577554001161656,0.373747594641404,0.645331852640329,0.320048327486488,0.355107407629739,0.548279868778057,0.493919056349734,0.756821154168995,0.481584457622704,0.714431231624656,0.362149657084859,0.530740070363415,0.549643932045592,0.514257256744047,0.489055656419844,0.547836880811319,0.455916469145242,0.484140498527067,0.354484465931608,0.467906411576578,0.347356570834128,0.368877400589277,0.650694874326499,0.279467700564367,0.786529301937305,0.386641617395457,0.507322277941141,0.433495128279328,0.724550401337477,0.624369859875603,0.454946236826042,0.3460768751878,0.5523989309305,0.381909139497269,0.326748284474456,0.394819247475475,0.349771332108773,0.616949287537452,0.622525863993329,0.490612369593883,1,1,-1,"F",0.0598911070780399,17,29,20,38,0,1
0.560774293428334,0.347150713318945,0.687548501693325,0.632952237420527,0.562371063119143,0.53526237670477,0.698946597744881,0.551960816439324,0.75752929641341,0.501328851722649,0.556780087700899,0.336877995463995,0.0425691003374177,0.365484825957904,0.550602005472922,0.454206726128625,0.34604195526404,0.630533028121387,0.427675856047897,0.625446833939827,0.393129814735721,0.509380936202436,0.427704991418231,0.554839813767617,0.561446040586506,0.569225993514234,0.563274805298453,0.450379602730802,0.573018764388931,0.12990111017958,0.569694118427376,0.840845086665002,0.339707741879757,0.321852675168161,0.471655172294364,0.300047527037857,0.550292427011266,0.626105567071261,0.672574948601451,0.492320111803219,0.470725548701799,0.174268109953645,0.460474502948697,0.446647920032907,0.459857098477739,0.472604573861474,0.327762178681361,0.424194372518232,0.329885077842404,0.630313612905277,1,0,1,"F",0.0403508771929825,17,30,20,38,0,1
0.315623450746208,0.554221292402521,0.261418411214486,0.453041553612092,0.554692341266328,0.204115723605951,0.536391930138252,0.702409467772497,0.534580027265375,0.278549491372043,0.341718902488621,0.489898032895954,0.671652400608077,0.706012645102826,0.547609870023214,0.334681210597864,0.460779983491787,0.408444888845829,0.584190523220926,0.511439655790577,0.558548736738398,0.495678052888845,0.600070565272056,0.210940054085379,0.316800221169384,0.39098598171068,0.546039098047664,0.479622995623466,0.21772201293405,0.587596387307353,0.791357130641524,0.532875820077843,0.450562894340831,0.417696306535917,0.632624114718856,0.561179330120793,0.732392801439078,0.709442973534561,0.689468864757651,0.495639335449214,0.428450182344943,0.768933285316524,0.559486481271848,0.56696331811669,0.424814981085621,0.649894502135101,0.663502961326214,0.437946301513256,0.465985790489538,0.356004543028586,0,1,1,"F",0.0282051282051282,17,30,21,39,0,1
0.366635738856086,0.710980055932866,0.267254688704335,0.308073544348986,0.835212174456405,0.565054979724857,0.593364646633182,0.452089431975931,0.491755120142997,0.528574233802027,0.596279535189384,0.558521576805461,0.688839895129405,0.399953906485351,0.677327516927784,0.373727695931887,0.390875071035733,0.555409160308052,0.720593669014774,0.486391853315042,0.302060862617776,0.295770298722509,0.343642993492325,0.331591982275215,0.411994165820998,0.43687989639797,0.539553827791171,0.57285650318724,0.40230742554351,0.211784834008936,0.460469663473686,0.433402711748674,0.37430549553678,0.556123319705986,0.559810516365544,0.456943542207226,0.333604569366195,0.511362339371955,0.613292895481809,0.12638178634459,0.392892398515176,0.631902242767292,0.499943872667646,0.445887869120221,0.407475960420851,0.224762295247355,0.30111198477248,0.653010043066185,0.467210844149851,0.130517457028944,0,1,1,"F",0.0166666666666666,17,30,22,40,0,1
0.477567866696327,0.608268034213961,0.662027143682253,0.35880807231029,0.58177321588727,0.444063142301082,0.301454743603973,0.547795443674632,0.534352271214824,0.0614874046621304,0.509770809824463,0.50381471539735,0.60002716121621,0.5169234624978,0.593131738608794,0.555922717765241,0.462730116536355,0.41534495025956,0.658586440251353,0.416918742874683,0.626497220283789,0.591950062882448,0.305850927550259,0.36394785912739,0.339546128105352,0.44946710964449,0.705919976348219,0.759417915048429,0.415535518951373,0.361563498786115,0.498671523029409,0.496341596533775,0.645337951757211,0.351160316401225,0.427188309019559,0.310220277195976,0.512015622497428,0.417806650325328,0.517384090403352,0.33083108961029,0.593434463647517,0.388657727293568,0.460975970163491,0.587922455639574,0.559613675981876,0.466229301148979,0.587953439063193,0.314127602812866,0.570318960258459,0.505476823461449,1,0,-1,"F",0.0300813008130081,17,30,22,41,0,1
0.418959698517701,0.499805109255218,0.415408406991569,0.485367393896764,0.583533826789036,0.458623872870143,0.414224235478674,0.647036861901656,0.70379922218398,0.56427376084373,0.455219304686236,0.380048258636441,0.703252624160234,0.448784532818539,0.845402726822194,0.368934149606738,0.488694613269487,0.754870589909449,0.532116318256791,0.800334153937692,0.535289718237531,0.261337061919106,0.571728420108587,0.675268301173635,0.655673843961444,0.531132306276615,0.33368304708725,0.790020340541165,0.708654585716278,0.603250060949564,0.469172365446445,0.355985267792635,0.437449827304933,0.711811862419927,0.533051221810792,0.392779455582469,0.562270914335061,0.471995227479843,0.261301107022777,0.559183969025614,0.524301245159377,0.290095129030109,0.677112223315312,0.583291666474851,0.338930212489054,0.754395992909053,0.367053839658509,0.590512343802457,0.281284816849303,0.808308199753108,1,1,-1,"F",0.019047619047619,17,30,23,42,0,1
0.546201366627496,0.729189344004981,0.622082995689341,0.588229242137421,0.242664438102473,0.527304499311766,0.417549980800676,0.664459955141749,0.473904622301388,0.579545283083555,0.389160688005796,0.54138475606303,0.542467033237666,0.454376153394608,0.58602077728207,0.40743622979481,0.354179474266814,0.694209550020268,0.325885210862365,0.472333431023992,0.237585244857117,0.572555239944523,0.436003470490223,0.287380300850966,0.480636593384635,0.561149462847788,0.182156416094996,0.719700514590967,0.556042566521269,0.611105478511705,0.340416532312246,0.355392914813115,0.370745430621631,0.385987009203683,0.580413189850629,0.421418724650007,0.623344220114082,0.433042476149263,0.645350779589526,0.562652474620153,0.563437451826408,0.561474390954909,0.672586561475975,0.644187102732719,0.798416206367221,0.538755596047129,0.684204722881199,0.385458269743513,0.604289215264066,0.166661546777803,0,0,1,"F",0.0317829457364341,17,30,23,43,0,1
0.729706368084239,0.430286142447682,0.554631768744112,0.381533509902752,0.453305089796758,0.652581601628406,0.168263842827416,0.638057773602902,0.568462158467673,0.45098797389478,0.628541350328673,0.575998884048852,0.377757195635872,0.676249477248121,0.263531767756818,0.570271827318182,0.505273514716694,0.554223185290852,0.500087201781985,0.546927863219499,0.282773298634212,0.195510995548379,0.42938165930359,0.592900513593615,0.522421757282622,0.49677953490964,0.434343865129299,0.460043641094086,0.513454616435234,0.771059553565956,0.388329165551291,0.503899715387433,0.79866019699867,0.424797140774127,0.628857520433726,0.480062521582029,0.566991613188325,0.272048979026229,0.315454156620377,0.815068696950572,0.102600138867184,0.262922666497182,0.526831983014277,0.537336726625214,0.330569193282093,0.288212783595509,0.444705708993997,0.426853972687511,0.586448587659569,0.391362354560391,0,0,1,"F",0.0439393939393939,17,30,23,44,0,1
0.589048651210557,0.407338131722542,0.484716624514956,0.305869434673588,0.506796180312672,0.674483961982844,0.508868456330787,0.551480183778759,0.636292898833764,0.508721575605888,0.423685237791536,0.613591098283118,0.316674753886353,0.421772563408289,0.372095374238963,0.397832423700423,0.602663987054794,0.391403625952889,0.696171804946236,0.716583706343203,0.413858546578316,0.365173006898082,0.47459644996562,0.244024776013224,0.630127397194582,0.44630522595757,0.145465359779364,0.618137066645417,0.305612152323628,0.670143099416959,0.428388093664203,0.48343894487258,0.44417861125732,0.747287130840421,0.530571788558752,0.559222317396967,0.353689088234523,0.575582836705266,0.579138270053907,0.321322422000582,0.465958892089239,0.564607047728448,0.660979746122266,0.585401736510269,0.503675969176157,0.468696749248634,0.287606525126543,0.0987750006257103,0.444186438501341,0.5613810194813,1,0,1,"F",0.0256598240469208,17,31,23,44,0,1
0.465290303541129,0.237570746184697,0.530104043250204,0.435873596417065,0.331488490798996,0.410569398134658,0.517458783152344,0.407018339781434,0.347453678618762,0.501671734159904,0.649902232853045,0.392717567616113,0.579805849115675,0.411794301163893,0.286404635075379,0.303738098976138,0.442758116563683,0.461308100887487,0.666377515952174,0.786194981431215,0.637631748850169,0.347618673708569,0.53398589682703,0.366513042847622,0.419721941357617,0.677951040376007,0.515130078275511,0.462800818170116,0.414321570490458,0.641086775302857,0.376863341046775,0.508759996505672,0.329122720611346,0.418917138705813,0.404276660556153,0,0.431803701542422,0.294668555992357,0.715745794817865,0.456211357555667,0.573055036540497,0.613932253455138,0.303243775612783,0.349785038835324,0.602329792691372,0.596392548545934,0.277851616057759,0.41121504896152,0.58271820494123,0.398746856099586,0,0,1,"F",0.0372759856630824,17,31,23,45,0,1
0.442255761200229,0.88510242998722,0.634146080438739,0.79767659101536,0.569813368514554,0.667299274196229,0.571094110929105,0.572837024575167,0.507743866212381,0.416439789047288,0.654649103238149,0.617933731230631,0.663787974916605,0.75619510596396,0.58600695364878,0.506636303046195,0.462266457223987,0.451173575690094,0.601919107947837,0.453848158393615,0.691334457644053,0.561019553768361,0.548931398584582,0.399730045088195,0.705050847106646,0.437027948234102,0.607679531834506,0.546814945018596,0.644094978414092,0.483392902819922,0.477407572217842,0.505826188471258,0.289624773059329,0.635204541411461,0.689713132986523,0.297371517495821,0.520918642326366,0.435394686437542,0.470929205661747,0.729285047528234,0.389265365526216,0.320720926463642,0.446114392712291,0.548995353465104,0.422506145965117,0.424200044451467,0.77878761846255,0.81296801798094,0.501024442677886,0.409758778710974,0,0,1,"F",0.0483870967741935,17,31,23,46,0,1
0.53688776672661,0.548928816558859,0.282181433889196,0.806874363594717,0.333736625096929,0.36446363505624,0.580949934623902,0.595141805327402,0.60445769111555,0.587329629991848,0.506363850623424,0.596019896612276,0.457585331969324,0.702301307223022,0.664853074985942,0.691871729983227,0.174860463616487,0.590913657796306,0.294286851212318,0.838120468051269,0.377695352172494,0.382735089323565,0.217172662634633,0.593658298156564,0.447843210417225,0.316855592418266,0.448234699477313,0.541994780555474,0.393004981406273,0.416593531481324,0.265638539721986,0.54629781432564,0.460319520141509,0.578383213721411,0.681968561076027,0.466627790095957,0.311586168321753,0.439402139192876,0.747720455287824,0.56428749330764,0.577165565837433,0.608518196979684,0.50114643213681,0.611242544590359,0.45235115346287,0.376214737542221,0.404147402660594,0.666382206551071,0.427732038115865,0.459656572786289,1,0,-1,"F",0.0590253946465339,17,31,23,47,0,1
0.353448723658687,0.656011957377811,0.435462572962194,0.0956009696271488,0.581607394694107,0.534865865073073,0.435673227438372,0.303475637047028,0.716909733801429,0.690678403410244,0.485379217732992,0.170723507345739,0.5947457951832,0.618496819619201,0.703280837807654,0.629924549302789,0.554686003594015,0.57431632070103,0.536223491896065,0.655937926170162,0.413865715003562,0.521356342497407,0.534114301280741,0.171092206828139,0.445199302953793,0.716457978966142,0.227421163907136,0.446458252143034,0.322315951787627,0.651389204446425,0.640821602107062,0.363703074044522,0.402925051597137,0.286211762324135,0.328149329153302,0.583608074242562,0.574466861918784,0.517779826681453,0.609935276692174,0.609206126615702,0.67528139056737,0.277489713013607,0.614377793330916,0.166217532200361,0.364534556449249,0.634069609301687,0.131272245418164,0.308560270462322,0.568411700641721,0.581301420040343,1,1,1,"F",0.0731382978723404,18,32,23,47,0,1
0.426597362499634,0.240537431228846,0.375953638478616,0.62272397343883,0.675357983323385,0.51750905145961,0.661211702066534,0.5446269417701,0.265178617679413,0.632574431474209,0.487231467802502,0.397042316648464,0.597584981508997,0.635840870146939,0.521187954930071,0.413463403719297,0.455509938370497,0.41753187686231,0.394050215274809,0.566909245613063,0.575572134031089,0.400232453256597,0.534610537679498,0.43402711471696,0.317421555777517,0.378165909798763,0.367208615642241,0.279437453836148,0.511570099217449,0.475164317311453,0.328469608022278,0.757211102879224,0.478462189957522,0.485942323384029,0.431539396362034,0.603375650107436,0.520078644614936,0.329007002919546,0.766922938220611,0.464889366565698,0.433940679543982,0.309278870760432,0.426424928337008,0.565329635728507,0.476082904862689,0.585564372084177,0.580097717032413,0.651018032123031,0.932781402542651,0.450095681706135,0,1,1,"F",0.0625,18,32,24,48,0,1
0.444324921664586,0.579067314339309,0.649082274884646,0.721987655945814,0.75744917725119,0.673195653210209,0.420065573325266,0.784073490494292,0.668781875895621,0.363181896938082,0.708400233606902,0.468304046322832,0.550427619963584,0.568002696499841,0.440844027723947,0.324049326804073,0.442894488532018,0.506100781164275,0.806036727533066,0.398227546737698,0.592628897312544,0.514060539250349,0.560835603348288,0.309725448165203,0.232519948461527,0.467389740515221,0.269961305913648,0.636971513905732,0.43465358440256,0.468097243198338,0.600154775181503,0.590779674304049,0.197512521277656,0.734131134451776,0.599267376008685,0.247523719809821,0.477153730469964,0.694898162736758,0.402128392710064,0.451298237392272,0.329607433521629,0.538603574019924,0.349823052852915,0.286275521724914,0.283095353308312,0.43728750453801,0.730992448997393,0.629911955457993,0.508223837100252,0.344061117583006,1,1,-1,"F",0.0522959183673469,18,32,25,49,0,1
0.367995981968667,0.3535402051285,0.561951591045566,0.36763682364356,0.801827541605009,0.489947330191863,0.421912422205917,0.482988493463133,0.774029477782674,0.452228599635532,0.385450552654751,0.398255724879522,0.544946852220325,0.680072916587249,0.590464229196193,0.475044354952886,0.625271992390652,0.373440050937744,0.560379911702264,0.44149692076399,0.841944033136012,0.169672789924113,0.438272111243954,0.573420786925796,0.42965367962,0.558192132341151,0.410838558744298,0.536450136197347,0.57055085863208,0.57337193642637,0.494706404311758,0.964161839838722,0.455981321629201,0.423858971497198,0.734268642249097,0.968516259711559,0.27610028016786,0.612479968925706,0.385833075103506,0.747553751977468,0.443223488750638,0.395542021194224,0.374099620848607,0.636618829197333,0.791216721093039,0.420937905413571,0.629502684678215,0.212598310853408,0.461856713247871,0.392681793787251,0,0,1,"F",0.0625,18,32,25,50,0,1
0.655968205845345,0.60837111945063,0.399153722543622,0.608121302724748,0.595757616315952,0.479758300654728,0.324436350795208,0.578765537483501,0.573023134492873,0.492092028804382,0.622649757680239,0.709727698571059,0.543317282040284,0.515069926589778,0.510311799590487,0.787907845547224,0.480183081304838,0.596133281381036,0.699308101387807,0.456618807052767,0.464608581186275,0.405151120034427,0.470404342504839,0.579057843672912,0.582854834688792,0.629947682743891,0.471511612738301,0.334595291256104,0.616984277096195,0.584306498564437,0.418819784320501,0.395378180594641,0.507025337017926,0.463726010679428,0.40554368928044,0.595692505322505,1,1,0.783738689115856,0.43164740583752,1,0.739729018218713,0.53150929979562,0.345943334590323,0.307025060911491,0.501385318074938,0.482517779585956,0.777723454620214,0.533211764112942,0.488387528944653,1,0,1,"F",0.0454545454545454,18,33,25,50,0,1
0.477588996902223,0.576235066952563,0.388573790909893,0.728015299305443,0.495921774606376,0.497998788797927,0.300668475047996,0.628098053099586,0.522813317261858,0.422085328783417,0.519056905393593,0.215143898083692,0.676683058632609,0.63230821330331,0.547411561311143,0.570214251376913,0.418326597740135,0.187225920730808,0.660220942034665,0.729324332239889,0.636917979859867,0.331798371577216,0.553082860482712,0.38718606252448,0.303120780133926,0.484276490509785,0.505328324255005,0.426240496573378,0.377076917096359,0.398000065617741,0.424383490126561,0.343925053096826,0.276389915819446,0.440167438748421,0.523312762120382,0.603322476800316,0.309169975776017,0.543689506493848,0.268650555829182,0.571973229503248,0.141228145218911,0.569723762878096,0.773557058675574,0.446498847631045,0.60042746077431,0.545618660904169,0.470962785744277,0.623935158929211,0.605640768765848,0.334884741071614,0,0,-1,"F",0.0294117647058824,18,34,25,50,0,1
0.584645742639833,0.588354216387348,0.314066592525933,0.411199887867536,0.481763744312761,0.49070380569922,0.535331061199498,0.565375942764286,0.310830163011809,0.501788129293589,0.638042477603272,0.340762380007917,0.248140977474486,0.770280191991385,0.693260682052578,0.628298804910952,0.372812766129841,0.206735931385618,0.360975211720378,0.427331918103863,0.465874038189917,0.408322817530532,0.711112417114651,0.611708758715142,0.691521083121558,0.432038534155324,0.649708250691685,0.612755631542423,0.454900062327709,0.539289345536012,0.425035522690567,0.638254712431483,0.434861511642386,0.630476348920464,0.610786447185301,0.633160237591958,0.610359417091513,0.472750352056265,0.616508750617803,0.311582154534974,0.410842346690276,0.678815770794288,0.722880243825889,0.45388737200892,0.424776566662922,0.462153125853196,0.284387278117895,0.343771013076105,0.470719431700582,0.404706304749977,1,1,1,"F",0.0428571428571428,19,35,25,50,0,1
0.395406773993893,0.288102652203415,0.208704744467221,0.486199527646487,0.373601842523173,0.703988716719853,0.301185760446131,0.756058865054685,0.283588197339597,0.519512785688567,0.668516956417533,0.416676568777693,0.537741609829903,0.653728494419034,0.362340020732582,0.490658510371095,0.493900739302425,0.778765007074982,0.399968953635352,0.556502734550232,0.428487821435104,0.399407698252283,0.246108648592057,0.483501959090721,0.755326867996218,0.617006909268943,0.435066120553702,0.183905118361262,0.380236886060607,0.353341414292376,0.266670740236233,0.505490771296016,0.840761670104587,0.380610433863226,0.47821068306274,0.338673790424053,0.695488805014772,0.54374184987557,0.379174901034476,0.395603721671984,0.544053675196391,0.426256559130002,0.690705702087354,0.524997491732048,0.359782674952189,0.495717350557713,0.359359817631081,0.456804293518662,0.489838051532823,0.645117235786377,0,1,-1,"F",0.0555555555555556,20,36,25,50,0,1
0.497478872372044,0.671111323821971,0.133359391993857,0.572629643494595,0.815981791266273,0.481447754785271,0.242678206720051,0.613640126431754,0.640191534239133,0.250498309597312,0.579795305342678,0.293169910647869,0.536501270818806,0.429136728685656,0.344620410286789,0.290189172625083,0.506403564356233,0.540476726699881,0.649657193577636,0.590613768807785,0.23252936695701,0.681570224924567,0.3621188943663,0.364378788143435,0.521145342035034,0.349820509126909,0.479003825127214,0.291157202827461,0.716688298046999,0.441626133078606,0.449636385756378,0.355219466139927,0.58000771294894,0.694836310499673,0.546861476113626,0.36542785931248,0.465560050012768,0.54561357208228,0.64708660656476,0.199150218539717,0.668693864423052,0.543807155745001,0.259191004283754,0.383868644493094,0.575206447068159,0.569097022949148,0.208633837819527,0.483694318689774,0.635591079836198,0.480442221240845,1,1,1,"F",0.0675675675675675,21,37,25,50,0,1
0.215268253437209,0.549562837351699,0.370216623462737,0.523837291533015,0.728952125072004,0.475869993441809,0.443742078241742,0.469931814655491,0.442522647016932,0.431913144382724,0.437916503245025,0.53906774520595,0.524488035813585,0.367578988181802,0.67432839855389,0.643983329246219,0.371638093634299,0.464986586088623,0.735713373299624,0.373489040336358,0.555515369637335,0.457587970767301,0.428626167455157,0.447359480317544,0.304158673182412,0.281443572488366,0.414653954318627,0.474914152808052,0.610334268734582,0.557833139754224,0.391498878109605,0.676334594400924,0.365731178885604,0.647164838440222,0.291549572927804,0.333350731669642,0.266868675665323,0.483044659370435,0.846054518797256,0.547415498277932,0.498810785034349,0.674939533224146,0.51187598746122,0.430081004492848,0.597941320989813,0.495292319859861,0.152920448927291,0.701743754117449,0.474693146981725,0.336825073942898,0,1,1,"F",0.0577636459989401,21,37,26,51,0,1
0.399831900054195,0.656653812446751,0.579735577255901,0.552198970906589,0.958339453501822,0.351908986786254,0.447442338670574,0.519593641475425,0.470569036893251,0.492569389211496,0.526323773347181,0.230955077884111,0.456461497364226,0.582275564733877,0.376618712328463,0.40552831642198,0.333864291131725,0.0489148385332041,0.393622116586246,0.604535453912895,0.433484731573254,0.406977073100145,0.513893337687786,0.483405236563847,0.603734772870274,0.615848262894783,0.391791802263726,0.318865782333137,0.361373800107313,0.734144071192338,0.333213832573654,0.605808850051186,0.390624928665292,0.452804159580437,0.557724477751215,0.728176889883563,0.386922786291251,0.720263243119811,0.435147290830384,0.669138896602026,0.359175255795421,0.366142685780336,0.645185102108052,0.374021286908053,0.537569073629064,0.565147847536123,0.506611169820766,0.457113668052599,0.437269284918006,0.327880099381198,0,0,-1,"F",0.0428276573787411,21,38,26,51,0,1
0.250078811177224,0.55166211487676,0.478419137377668,0.269497971327371,0.574809663546596,0.416480138038756,0.32455901475908,0.472380984715442,0.70833694789488,0.576228796410564,0.550885927645218,0.613722003956884,0.168555162639011,0.489844919675053,0.634734867941487,0.753483730540904,0.702002165651238,0.513949598419168,0.41254518552062,0.846505812459082,0.538970853476907,0.286847898596967,0.179671590356795,0.463384046910141,0.245445455876425,0.432315397357312,0.493190849010624,0.611929369906016,0.232083528519723,0.495908184343441,0.482115816346861,0.457634969462521,0.435359756728502,0.50929390961643,0.444601170883023,0.506215730219814,0.532672403294013,0.369734592199036,0.771363887279571,0.687701560111626,0.313962175347525,0.562676135567623,0.931983667547131,0.526918668841929,0.856307466319562,0.487353129094741,0.698028649571198,0.543758904630016,0.644328941833995,0.724718141284319,1,0,1,"F",0.028657616892911,21,39,26,51,0,1
0.528022863535914,0.687847614134131,0.646199531271935,0.402454715217516,0.552338935426169,0.492542280261666,1,0.498998169478651,0.37108751330615,0.326334844975799,0.325716418414258,0.380915522894314,0.577292393917898,0.562443582872694,0.602014602818071,0.16799843465917,0.383984435634812,0.702062559303151,0.387455908373001,0.531713287146883,0.574578120456805,0.6336401289183,0.565007376139481,0.234211835489169,0.654476745461054,0.497371502396594,0.515442345813118,0.800637200812392,0.223464451987017,0.471971053259225,0.0507812486651804,0.714709374915124,0.526776256874047,0.741655073638731,0.327522055823157,0.279975978454799,0.314522522573919,0.693022490016855,0.564248116208676,0.461255060809204,0.337623709080599,0.415016164026962,0.430756863696741,0.469925943507559,0.345551290981582,0.567777131078292,0.600142217399852,0.510114094677514,0.754542512971578,0.381853318720451,0,0,1,"F",0.0384615384615384,21,39,26,52,0,1
0.399832600312436,0.508015831079099,0.566362080207734,0.60882757951208,0.619546002425622,0.592008247345051,0.692888838275543,0.434068179317135,0.380884343722396,0.325564752403615,0.664045640303521,0.493224987792065,0.458932975879816,0.718476192066581,0.546112373604457,0.411320266225399,0.606901627745571,0.299024277458432,0.703883678446677,0.475991106585068,0.606439883455819,0.598194111244099,0.416838190391932,0.291905135173076,0.361281206351178,0.613842558118144,0.498851192679356,0.720611401728727,0.555576501328499,0.322054757138905,0.214358991538114,0.711554272990466,0.54308655066735,0.631397704851567,0.753316330410198,0.40498762167797,0.346158580802369,0.49291417628626,0.216381768861569,0.619449503689195,0.3874904285706,0.483627938700996,0.759149123058858,0.457908306791239,0.133550790020062,0.583096225578518,0.584564094644011,0.375658590211303,0.627629907635171,0.561288235689001,0,0,-1,"F",0.025,21,40,26,52,0,1
0.497372794721338,0.54340589299992,0.506558450911466,0.53023470954322,0.483672533067685,0.403534204466964,0.279465525239979,0.678784858318392,0.655578415220073,0.362953217389063,0.573400120752695,0.396576397414468,0.568666864477964,0.385893124059798,0.495051608468745,0.361127021023874,0.41267141911787,0.500742192112994,0.284148154156004,0.437735791845204,0.478107506622715,0.608460006750919,0.547494502628522,0.558737240850802,0.490482298626435,0.547727551198782,0.596938351884291,0.623073855894295,0.688479975960519,0.600868896028109,0.315327572385366,0.758630871770207,0.699701300504283,0.18271206257834,0.622278111560563,0.561818649561297,0.278220858439376,0.500945080590131,0.159674719901599,0.463836825504984,0.556096611352218,0.297226539933769,0.289376553555444,0.6399007821222,0.500736342871354,0.266592235916522,0.50903708552847,0.556288731925663,0.400250183664682,0.0697631776392264,1,1,-1,"F",0.0155660377358491,21,40,27,53,0,1
0.409293150702384,0.675993136298388,0.371082684301415,0.24746741597948,0.398542827344192,0.68937433802201,0.380035229975203,0.531250833548953,0.559573183334242,0.596766600484617,0.537055835128128,0.518614363402282,0.0288280381026892,0.440252877703139,0.454568075408527,0.529573685187536,0.228489272538596,0.41134478353226,0.323071610709853,0.407103620571645,0.477391667871476,0.645014297370681,0.452872995995548,0.422452547243577,0.638369572500233,0.552516527524456,0.545013453138321,0.356612588469817,0.55698483202935,0.656199369766657,0.337999139463538,0.509036369284264,0.406272896187122,0.482527214295504,0.578368504384227,0.405807220342326,0.63521743078282,0.650039322036367,0.619235491494534,0.465263106308088,0.282738569492879,0.655279266938983,0.637425259635196,0.437773843996561,0.556370871101047,0.575940367666114,0.685472904911935,0.367454739031,0.370076452124371,0.496447288855995,0,1,1,"F",0.00648148148148153,21,40,28,54,0,1
0.651523894592745,0.416906401425367,0.418666669085003,0.479995011794706,0.514707077253386,0.214322808647705,0.525728399294017,0.416081696128104,0.427975614868586,0.377795687215332,0.200473731253913,0.259481817899598,0.639254048737588,0.575257384893491,0.397085791629038,0.361973753674354,0.286219224276289,0.183984533502359,0.416253914923887,0.59091373011396,0.335178904292166,0.280512961077059,0.432805393605032,0.278069447723841,0.361594162168589,0.491232351756887,0.487888212733067,0.426835874158903,0.487114180502586,0.47139314580922,0.564426864133866,0.583740816637211,0.722786619632969,0.49033256867496,0.417816549275696,0.556724054132516,0.664298071425122,0.55850156170082,0.454955174528354,0.678543264693893,0.252163299775422,0.307914550611727,0.37071484628666,0.543549738567037,0.188264230602664,0.690920293705508,0.495901493515296,0.366278033138086,0.657712423450434,0.276384196417276,0,0,1,"F",0.015909090909091,21,40,28,55,0,1
0.437678929421071,0.287524428188003,0.564988344953436,0.464645973837617,0.673655746030475,0.508640882906746,0.337640719233243,0.380197785200648,0.605574197232857,0.695174047991219,0.589189817517266,0.470244967798405,0.357050478375342,0.451541142320338,0.584297959038227,0.26169168041689,0.361217834975614,0.29946389618473,0.304256112502769,0.324265022879768,0.381133487763858,0.230376345293961,0.55088426820607,0.751509958732169,0.349882130867566,0.388637773393303,0.552112290550174,0.42116826607818,0.082489216109009,0.486738521105586,0.572535198286918,0.717041699871057,0.0417659257872548,0.575367950303229,0.309647951372269,0.451347491202861,0.597056176347588,0.484385360936036,0.378243086777474,0.708551561894405,0.64344965088488,0.657981531639475,0.544525690393986,0.509734378917711,0.505405030136828,0.214181184885349,0.447958227576859,0.489078161222937,0.525179830130339,0.199514540696414,1,1,-1,"F",0.00714285714285712,21,40,29,56,0,1
0.7149872907205,0.75851248306278,0.984656181645736,0.572850057171794,0.404111212312931,0.363386989806008,0.752835103661897,0.499416469005674,0.512543895555558,0.459639046394098,0.455779982505559,0.4758605651223,0.555394148134141,0.620833262767031,0.665632625113218,0.384023410036759,0.365602844975384,0.336147892268392,0.554958316491211,0.595249958357314,0.351574990501787,0.338867587969631,0.619991017976224,0.575932387044719,0.281872608676156,0.495538023368623,0.620501900416393,0.361120199578243,0.317518685789692,0.61354900350675,0.47415075932728,0.755070952637537,0.867788909591971,0.410496972279463,0.378553018945281,0.643614123738864,0.444034339916557,0.495175706857071,0.784205808988693,0.61637302663568,0.485767559248399,0.434517194071796,0.724720955013967,0.567607141435838,0.820768165817125,0.60846818388633,0.456679528979684,0.632320449053192,0.529965222635896,0.358421060355085,0,0,-1,"F",-0.00566202090592338,21,41,29,56,0,1
0.488486995515492,0.668643973298435,0.398208190848365,0.583104349172384,0.492646295816489,0.566693071905418,0.433270781664529,0.495557136731087,0.548673619760041,0.367604859643296,0.605793833400588,0.534689426644682,0.54819512071605,0.796031343692304,0.269782842212565,0.235765376484726,0.48979473152278,0.384311828530327,0.302498387450784,0.655053743728505,0.552750952238533,0.41997115144683,0.180560298517882,0.378020973026603,0.548667024859493,0.603939917725368,0.380086054672094,0.417123963910673,0.627179284940597,0.532450660473348,0.615520395942852,0.610605790955533,0.581639160278634,0.528578398548614,0.661493090598528,0.717895052164502,0.477500586969609,0.54561633355043,0.360215884315248,0.618538047652496,0.390055491206816,0.492433922662073,0.799317340332079,0.469253274654633,0.850005444478929,0.627181755011188,0.322683963953835,0.388316649183869,0.291869384095922,0.36026958035155,0,1,1,"F",-0.0141206675224647,21,41,30,57,0,1
0.307143784875838,0.350940433166504,0.48145367133223,0.814571249774947,0.446903827094017,0.147032926844524,0.476105410369985,0.674888488732695,0.693694629871161,0.59968446198581,0.406341184825285,0.545689320779376,0.892469958646922,0.332614820145195,0.697767713899519,0.646846087880913,0.636858234295377,0.313275090436038,0.817775116841083,0.281680965604013,0.568582419327388,0.618002497175512,0.500721870739278,0.683429582861983,0.455105534233101,0.687859749491335,0.4082139650045,0.227492386335072,0.487393528337175,0.59396942226482,0.432132475507721,0.768773262214277,0.229988552106357,0.477548382089313,0.517421386903413,0.418079053868398,0.454632396877108,0.65890183875497,0.367787652768048,0.590161754059996,0.266626541382957,0.470022457734637,0.70889826803377,0.410489724162453,0.744689161704923,0.643318429249364,0.201478099672716,0.707297705347052,0.34335378405196,0.535303794201769,1,0,1,"F",-0.0263157894736842,21,42,30,57,0,1
0.639661235385013,0.499344156115924,0.74865469171157,0.573820174440544,0.712103155083219,0.29481333271308,0.59174518433714,0.420530665435803,0.627344346599128,0.600439945852121,0.67574732552652,0.601158543060727,0.637049578115598,0.610820836419462,0.675166143310721,0.620375491341012,0.456778239970717,0.58970773192707,0.600154784384027,0.482269188662066,0.765153298437431,0.573335841121616,0.684661633639735,0.5682846277176,0.39575040310711,0.470632581255936,0.426913984963731,0.600976319803236,0.46164187002381,0.183400707828435,0.452952596520581,0.53518403121021,0.708451915459031,0.576017754889842,0.268609074990162,0.454620383310617,0.54180366142077,0.678403282564625,0.335259667825523,0.641833477287628,0.63891284877274,0.569067315644425,0.351534220385828,0.46803272065591,0.588804230762404,0.282749841803439,0.431043508720774,0.217425266526488,0.298465546211521,0.607851773016614,0,1,-1,"F",-0.01468788249694,22,43,30,57,0,1
0.597475216116904,0.61493757084645,0.245853296751512,0.494253126904029,0.66396138115281,0.0425158398789393,0.55911249409103,0.419432202518805,0.575910718574944,0.29367911003311,0.565062272511161,0.30505207966343,0.170506701426251,0.481539609518916,0.468286560446311,0.207869064076668,0.559899861123436,0.385056153321297,0.624847361896915,0.462698402108875,0.389649791700179,0.349772998754316,0.58738179476171,0.634353636441498,0.489323156446762,0.554285156729346,0.209361385618347,0.50745612534953,0.289055538890816,0.565120051548782,0.406244513024352,0.559839509370714,0.36163049401126,0.448673189940001,0.677795360281501,0.728155005100147,0.158868494111371,0.31280656586875,0.406067191387971,0.640408788854875,0.401006930580569,0.297061834803349,0.438064589267394,0.40582115857952,0.542835286040275,0.449787845127732,0.494509554198403,0.424687490954445,0.164508923225879,0.344970196362124,1,1,-1,"F",-0.0228548516439454,22,43,31,58,0,1
0.481529356871472,0.362510136846813,0.476356279171763,0.7182830548933,0.605012066878981,0.675779957619411,0.629836378377798,0.662753750352733,0.604880239150051,0.670676135727375,0.426426403377541,0.50889514502087,0.642568798989862,0.617475050372719,0.705069320472403,0.451886473694391,0.477592905253461,0.580191459284702,0.242207782620729,0.507237827832965,0.714442931599291,0.34309361496643,0.284829015737689,0.481788143055243,0.264041557695519,0.647812037346799,0.427505616889262,0.583327814806508,0.520506604846338,0.830415970061053,0.531588388393335,0.444225375036876,0.371544408035947,0.651471884365626,0.59519556370008,0.441069910770721,0.828489466572785,0.883940098574685,0.517401438659241,0.44160560054115,0.57034224426893,0.546274923067941,0.582785004310859,0.290634048436459,0.335409693503953,0.57030794384781,0.339994908050531,0.228735848682086,0.115595711554345,0.399537358400618,1,1,1,"F",-0.0117554858934169,23,44,31,58,0,1
0.411765150963965,0.394494049106222,0.585090564782444,0.53327779289804,0.517225196757837,0.714680002380969,0.349109468409631,0.643747326493962,0.75924819518299,0.513123778806474,0.836457018659399,0.633472977844264,0.597624051648705,0.434469581901703,0.486024625924844,0.596900909737499,0.446766547987321,0.444923462827483,0.316299741998331,0.432465794841541,0.114291615951388,0.609080395556625,0.37656028732955,0.479138319958201,0.580057058033453,0.595384086445651,0.488007639809923,0.456215580200215,0.491882108940552,0.489070806910809,0.205322902009686,0.579706480211344,0.0762086888123395,0.576444778861464,0.647803403227161,0.447029483898676,0.488672909256283,0.526742106795028,0.49939882484926,0.426925791488569,0.485354610204299,0.351635778704619,0.387638020519908,0.331800485981203,0.583564236697614,0.657448687992566,0.769308129272093,0.614955339479165,0.693587964131978,0.551532633419008,1,1,1,"F",-0.00114942528735629,24,45,31,58,0,1
0.407403329048359,0.418371483881431,0.262221447142667,0.518687778585134,0.501468383397957,0.719139636837793,0.281868162159815,0.392383817615835,0.503493328042237,0.612956504856654,0.336159437263316,0.625791872527169,0.644369070100204,0.591719583021165,0.87309122732245,0.347668571405515,0.391869092678266,0.565143519109526,0.627924232234584,0.95031812204262,0.400746174675776,0.582404219764841,0.668668101695975,0.419921748280827,0.616381324416992,0.349116204565939,0.370941331855086,0.271261780597501,0.441683638720835,0.555721805816576,0.253370260374743,0.67278563897779,0.229358715457192,0.489277001175144,0.5587178659854,0.283250190686516,0.715160929655596,0.69672716807202,0.551259217928069,0.707139643503947,0.497994552123662,0.415049402753317,0.566387252365835,0.401056885972195,0.659825647460711,0.30388178145342,0.470983322324587,0.452136936388863,0.485011785296175,0.45112495865381,1,0,1,"F",-0.012743628185907,24,46,31,58,0,1
0.64361529333731,0.498331759442702,0.385270525835565,0.456010566800784,0.695033488193562,0.863775290268012,0.420700002895543,0.526138663460365,0.469501691129766,0.498918026351517,0.418261689483128,0.601361734102336,0.564603728797132,0.571966849424104,0.582585557420165,0.472801305892047,0.585913113187724,0.436624777766204,0.694398131578502,0.352096545964119,0.534694887255122,0.54174048512774,0.590610140101255,0.428079517366757,0.797625890820489,0.278836215112104,0.424440516883451,1,0.500631559978247,0.503987873398417,0.601215863155029,0.642534555566042,0.687514217863869,0.270386181821489,0.737406190108575,0.301313505516844,0.56079554351612,0.508719924271778,0.363400603481867,0.614352731376302,0.813594674515594,0.613256585238001,0.623675483791205,0.345702570708349,0.650211435819281,0.564705469358661,0.490931058565315,0.271658438326106,0.478210356282184,0.615413990885922,0,1,-1,"F",-0.00256786500366835,25,47,31,58,0,1
0.220070629740431,0.385695633465148,0.378733918546533,0.442957198019373,0.442911575545592,0.516568706303361,0.61322942027747,0.536394817398259,0.760010984608382,0.385064278870574,0.349037002687335,0.778221645419348,0.476774414293437,0.586995313568837,0.738106150673528,0.709844850655622,0.336016689401741,0.279283498917191,0.471477049444817,0.641237283679034,0.242901556910761,0.416275234121501,0.454935315879537,0.723746746144335,0.567676425320539,0.644764406168946,0.176090225834716,0.256634774083144,0.441469639402845,0.694429659983233,0.488606058424966,0.492699114877446,0.212761520256415,0.379309263425373,0.658074214198288,0.578080730919329,0.69553778330681,0.722578141100819,0.409617261163055,0.279595648447475,0.42458936537853,0.235752784390529,0.530761333677253,0.506288644470505,0.365933891580755,0.451979064999536,0.382274795223696,0.669253494925115,0.443126112968404,0.27811274893978,0,0,-1,"F",-0.0136494252873562,25,48,31,58,0,1
0.686927530119698,0.360215360625063,0.596246211354542,0.597465295333042,0.35737974864674,0.631810560771842,0.870713819562678,0.456074816520556,0.672505435111313,0.466136595300744,0.358414221001145,0.495386193617926,0.292413445780059,0.48617666686337,0.579440720109421,0.398753784747353,0.602347238188196,0.571937085037981,0.547221897337909,0.679928518937908,0.306278142927458,0.435296755856751,0.34088979617182,0.310537704638573,0.662639256686851,0.535313300425605,0.314278878307032,0.323271830607724,0.37240753360666,0.615277785177996,0.604596338898778,0.505221209073934,0.354307683229281,0.548882311057369,0.881380652104362,0.399871866758601,0.563972196494374,0.520318707504267,0.321971642196185,0.571636502291359,0.63594323385419,0.588784850363718,0.56997040287139,0.433729593829618,0.28362719837038,0.537126199318685,0.505920020975747,0.72040191796466,0.639556382495699,0.592635754022117,0,1,1,"F",-0.0215395480225988,25,48,32,59,0,1
0.427966206405206,0.554202514450816,0.437714212944193,0.272566329571032,0.76010005701724,0.354688697820457,0.655879075121926,0.57956586788767,0.555579969113756,0.53021608529947,0.619226381269427,0.692696172710651,0.471061279549731,0.624907112515934,0.612799877929958,0.479884256265245,0.289833116511062,0.23933414484991,0.367392025268302,0.736799453291174,0.401178907719694,0.589069393713902,0.476594850478502,0.40420557716952,0.611820610396819,0.401944894228837,0.430318519298323,0.409057985258862,0.418740102531619,0.387358276987344,0.270282692051119,0.757747889380876,0.405721391027391,0.472235834858546,0.495101680964268,0.397565939096267,0.578977598572423,0.310017729899431,0.603734054232802,0.202930379962606,0.6300340341243,0.495899542443392,0.852152979053058,0.527146382072907,0.67600448488751,0.360455133278177,0.580864201045251,0.448627002999981,0.61666487863798,0.64530248191256,1,1,1,"F",-0.011760636457973,26,49,32,59,0,1
0.592465836169549,0.510335020001656,0.616767138414753,0.462196427759797,0.649651264595606,0.366995783093535,0.480816789261213,0.594907040671936,0.536340919550571,0.505612043893617,0.626161066363328,0.366410751733209,0.487325430209305,0.627432906737978,0.542847863177599,0.331911228405746,0.329980573888789,0.416893340115958,0.386728659398035,0.424946999645603,0.708301348682443,0.528599646070757,0.562831791723327,0.508970603153067,0.70196445248782,0.579369135758938,0.566533663655981,0.657847747505162,0.365394389557839,0.571266513694702,0.506771617756394,0.545750186246371,0.505252397068761,0.452659651588736,0.507221073644572,0.675985041303513,0.443654952628313,0.549480693731507,0.73029385248977,0.500647790025881,0.426596759365228,0.21667534271259,0.58710201775028,0.394312574454647,0.760969304316634,0.368085300274085,0.514256635821621,0.794243311832225,0.6054077314919,0.53404115140359,0,0,1,"F",-0.00272108843537411,26,49,32,60,0,1
0.868639335163895,0.374442058169763,0.623277384604322,0.300864974703907,0.693703350936436,0.457804818120023,0.523795468931899,0.356453502933138,0.44092463794497,0.645507708422373,0.527768764878265,0.318273696775724,0.461329127894227,0.536499320351522,0.86759296221027,0.370123702125714,0.371645505624045,0.329549986698178,0.670985020626121,0.922595216625843,0.472316588237723,0.270125185227719,0.346059349467878,0.469256483977907,0.656695489422558,0.440668086938305,0.509480518534169,0.635181284752359,0.165425559636643,0.383236820101823,0.622361622598084,0.667453292977713,0.355332668250516,0.209133759063024,0.137157904106646,0.497059424082336,0.604285418342481,0.452366936326893,0.598173123185655,0.412253054509289,0.550209321608007,0.51914258313207,0.562946395147814,0.294533725860484,0.473016681760441,0.678428531791529,0.797210060563535,0.155521936614863,0.506169561802546,0.581068057290813,1,1,1,"F",0.00666666666666671,27,50,32,60,0,1
0.635740127461308,0.534928874741631,0.0611027410446907,0.194037958403494,0.651530166194188,0.62310692840514,0.434408635575856,0.432998178182255,0.601200830598547,0.707581181184935,0.592635727263769,0.357267153913397,0.732967577724471,0.40497695208277,0.678830041319818,0.251186934907806,0.53211020436401,0.40896235200783,0.376071033006773,0.785771815432653,0.318751213702125,0.629775030802545,0.720505285457521,0.549907075074422,0.391156054901469,0.473726263447454,0.433648899521029,0.403625638481111,0.407285845866218,0.476835412037981,0.410780124572973,0.520812314338274,0.625634484459025,0.597509946508064,0.424759420311282,0.792150730237123,0.39840439963359,0.449983588917718,0.484271458593931,0.779899478310941,0.491312246177859,0.408077776649143,0.695359840548202,0.579344369094368,0.473832627832844,0.625574511314906,0.481653726241515,0.556845235366156,0.424781177939719,0.852800403026025,0,1,-1,"F",0.015686274509804,28,51,32,60,0,1
0.631240854210415,0.570802827090107,0.722255626464475,0.815113416719592,0.339848776207145,0.391746302155992,0.464851290361486,0.353862597522157,0.349368379231266,0.508538885718658,0.367953913857654,0.520172920693432,0.800684483975348,0.468719252134268,0.579457695526548,0.199356379274031,0.40440207690408,0.423773925825516,0.302366352505112,0.233705307661984,0.145244311916012,0.751133427822949,0.520902168378849,0.552417407210485,0.694789274817338,0.585664707213069,0.370722270572398,0.112675752112413,0.392253593707033,0.783699534847502,0.381541744056919,0.462271750426249,0.606616125266704,0.713703596548193,0.663651628525638,0.486052476295866,0.623534553654081,0.445926878143177,0.552480997501232,0.720591352902424,0.349876286244037,0.273418848062676,0.568768012764942,0.421489472732504,0.381557291886354,0.412195543091678,0.722946629118288,0.416863903554607,0.658545797606501,0.39693919175602,0,1,1,"F",0.00803600128576021,28,51,33,61,0,1
0.305020151831158,0.566397732677066,0.432282110773137,0.386543549923002,0.395640688239927,0.585768421733425,0.49316310184491,0.574111814557797,0.739334967279454,0.450456401187325,0.715121891617658,0.522366414267178,0.534376436829447,0.783036693155478,0.496081259042782,0.444457852829195,0.241195629710366,0.256540257683353,0.481658274848549,0.290239363510899,0.392169533453692,0.250301312016631,0.313154425476444,0.421487578931339,0.446646766048047,0.42968372809534,0.518855294525948,0.643159071690489,0.393241869078219,0.510684241489886,0.505338459910219,0.977132118982805,0.82842794987893,0.417069093038081,0.586851939604616,0.663858616937477,0.611565988380169,0.450910909689553,0.52032058434534,0.72596452678803,0.565216322346051,0.579416607903814,0.635592273050379,0.537142028427686,0.46851281473046,0.600863236929795,0.572787142511919,0.415724109074124,0.570527831690907,0.717089250324674,0,1,-1,"F",0.0167087011349306,29,52,33,61,0,1
0.637378379752411,0.368095870869909,0.449730293080037,0.481433384883441,0.492622888111467,0.63010664604305,0.331706798171316,0.386773169554428,0.485511313982954,0.477597268152564,0.402865977875171,0.44678071815731,0.665466677999622,0.709230334223518,0.572170875019329,0.622667291144354,0.539894923240759,0.698355442689745,0.430891136059274,0.416036840257007,0.535101722409992,0.687620070440072,0.635890990611586,0.554546426961512,0.3931128255308,0.506803133261245,0.688213681395152,0.391007188191251,0.263822446952037,0.456914611784063,0.317712500420158,0.819894040149464,0.628953324041575,0.725578093968024,0.661003320806495,0.465042711230897,0.597869672760198,0.454738342623506,0.532473567627296,0.67108377493422,0.377691092623828,0.740467314422374,0.295801806762046,0.637763392837264,0.213281645820743,0.173454160055505,0.598072034690607,0.678719359759827,0.599582771924488,0.572062901144355,0,1,-1,"F",0.0250541292916795,30,53,33,61,0,1
0.659321206618019,0.342883081978635,0.328853752911948,0.329486373294529,0.537315804486042,0.722043154399864,0.33926795506172,0.691426603145211,0.448998328381209,0.367777263503135,0.476901774166713,0.170176924164137,0.512003612932967,0.750367465628362,0.579570930247041,0.520128646347233,0.338551578994451,0.312595347936593,0.679500200893241,0.463505010713219,0.495750017079784,0.404535508367858,0.372762109422639,0.419415889151148,0.538379487974683,0.432564706803167,0.508219055434234,0.437963237547646,0.436534282134963,0.427781004381156,0.303239755302381,0.633241231649574,0.656587685711722,0.483277789032658,0.485329731101288,0.655924743725959,0.556189737493034,0.489306138604591,0.4434675162464,0.419612281705551,0.359882125749598,0.310229722742881,0.46432199604189,0.182853573042117,0.290603968830853,0.586198912599302,0.375247012208952,0.390334666638982,0.476256421608462,0.54942495938309,0,1,-1,"F",0.033090467516697,31,54,33,61,0,1
0.423908918259872,0.46741760275964,0.604193115637522,0.514347484559352,0.733539695588289,0.36486104254911,0.225046415383634,0.42858626069975,0.4820874950267,0.420654150433403,0.178542838237564,0.321309922536144,0.47749784500566,0.559147549989523,0.854752171754561,0.471367993604816,0.415910527574603,0.288493456968742,0.39921186548336,0.507051959146409,0.56160452031521,0.825985188568015,0.376692277930454,0.712304445883249,0.379842449051532,0.538584305887144,0.438958938181881,0.399469333554229,0.161958961319206,0.680150859790281,0.387686359737867,0.430857029910625,0.453832333096196,0.431456053522243,0.652955802423727,0.470695908575949,0.472671721667598,0.343336396449302,0.594091035795255,0.726847943175431,0.696369946825131,0.444561300730728,0.371986536599464,0.441242633555044,0.432552534719788,0.502939292876885,0.315265760479487,0.608618373848658,0.642001477454358,0.502556138127287,0,0,1,"F",0.0418160095579451,31,54,33,62,0,1
0.402846858897345,0.155400855546688,0.513718070546134,0.195156772111498,0.616782384817174,0.621006247653328,0.193345402753763,0.390051050829419,0.733293817119005,0.584100863424161,0.655500559529069,0.543463259927652,0.33563792883195,0.731827285901005,0.47526914942153,0.328373293089653,0.53730314955817,0.499107140722495,0.612130857628738,0.408830603262207,0.556179027810405,0.476046812245598,0.403350955246025,0.381885213110453,0.536874461251695,0.488668690142686,0.341087841694012,0.571176001497093,0.362893160549508,0.54123250255165,0.439266728152953,0.309843255106445,0.274246909470684,0.660766202001674,0.396700025589877,0.539326962172765,0.555111932547048,0.55189197388936,0.352461802211101,0.721077498157876,0.372683596565014,0.521089138364391,0.619442770609799,0.487503878653825,0.364081149696637,0.191355812644968,0.615756377150759,0.341950811287797,0.41498822093163,0.64251578216923,0,0,-1,"F",0.0313782991202346,31,55,33,62,0,1
0.43202740113725,0.364126968003463,0.263722141511051,0.532898915605095,0.686132705504867,0.590524003247879,0.218880127540203,0.424132291736217,0.732993569392693,0.47919123888591,0.493617839499127,0.344847030911767,0.239016463356192,0.427397765286734,0.571495527999688,0.426996361269905,0.441987473349789,0.533488745082383,0.474631331665605,0.458823887972484,0.593214907751142,0.549855574322763,0.447270309914863,0.24428109241636,0.531902773986407,0.886572021411669,0.480513349696393,0.462145989447718,0.408763514558609,0.538444055525813,0.455687977521602,0.276859065804862,0.657799470626245,0.605420024168883,0.634454184334675,0.541156548338343,0.477776962932709,0.667076843562194,0.496697615442873,0.576017433751895,0.40898451326158,0.482044533402127,0.488266237642446,0.570819436680214,0.292613152325028,0.527270809451511,0.470231751974165,0.677821059230125,0.396923447167721,0.773789969758533,0,0,-1,"F",0.0213133640552996,31,56,33,62,0,1
0.436298107967623,0.178650987546953,0.384622131756493,0.516829570333894,0.595411046035082,0.55420657561624,0.538965200101778,0.799825190644235,0.643759075375773,0.462195555627554,0.51600815935111,0.267100168315467,0.484307587253334,0.124938083853041,0.566128647896716,0.310976053070882,0.518866502082819,0.513575454086559,0.615712524376178,0.488229570066628,0.577226363789048,0.594458150805365,0.416674125401463,0.619674213055169,0.540022496280974,0.684469795596111,0.433921891695865,0.571103323136514,0.325552218827658,0.581692218832816,0.379292619300594,0.67359946191914,0.640139127356556,0.394345289318502,0.6455334590677,0.397441285402057,0.691966248314487,0.404235309443457,0.458457143243669,0.413274412477895,0.288216904555596,0.620953469771999,0.306106486484006,0.422398341999785,0.352468076334943,0.363186514773009,0,0.666615330998805,0.355301500907217,0.49789980680826,0,1,1,"F",0.013888888888889,31,56,34,63,0,1
0.510794423983284,0.397699869612392,0.282650741717596,0.305569423192026,0.65025667879501,0.464587476201254,0.397544748292687,0.71132128888917,0.622676659750854,0.390419728700291,0.376292580447796,0.510129882312339,0.419722808803738,0.930204134572646,0.547302609060069,0.330597301745869,0.580520914124924,0.373734970627367,0.637646396923614,0.518299540482959,0.372893150275897,0.665517379245942,0.687425323791315,0.56106209419882,0.651826260811364,0.562711466636019,0.394859390891049,0.584687002020397,0.420630997888973,0.723853308959017,0.542660983564631,0.450638907982261,0.442143313632451,0.412293973678863,0.483195770666369,0.618055242066386,0.328341301822109,0.383091798190123,0.549727360577187,0.451370928128861,0.61277524023424,0.568565845734414,0.594901630558132,0.341052238001958,0.487906973143833,0.437651443539131,0.47664575327371,0.465789253691842,0.41773422921624,0.451458229140858,0,1,1,"F",0.0066964285714286,31,56,35,64,0,1
0.426260063615449,0.613134783405648,0.446583530955198,0.634646977300596,0.533586048328526,0.476880011471478,0.566188977145186,0.311173220920674,0.668680873832735,0.61205825357863,0.359839735429691,0.380850261375057,0.37989688570258,0.900667679964904,0.63896252868495,0.34207487359175,0.367041239800321,0.506091559165148,0.367693581230929,0.607489714540646,0.611903670318821,0.60461884470616,0.417619580441967,0.434473863846613,0.346200138832567,0.372198244504702,0.633343692964347,0.489844847840799,0.207111975210131,0.4895326948406,0.32136171007347,0.32204575207535,0.590722711065385,0.28159155808899,0.668119643580094,0.668689277186757,0.454731101893019,0.630721369806479,0.496097706983466,0.608604641224483,0.530338109554375,0.475144900847486,0.277187272925641,0.710073981377473,0.523160875494854,0.287087974470431,0.336002245480561,0.57696067753017,0.552028037367392,0.133096482627956,0,0,-1,"F",-0.00301535087719296,31,57,35,64,0,1
0.306013809754505,0.370685403861409,0.554169877796879,0.454432068181461,0.518257157436835,0.747469216746873,0.569376633745529,0.533591863979231,0.61486125047566,0.652785249474629,0.235957692070561,0.724779380416326,0.259031942963224,0.528569413522277,0.703388971110994,0.719310161296912,0.387391121781368,0.409180144985913,0.734390493403633,0.640584917711157,0.539847967451029,0.284973837234095,0.344012930966403,0.323517141622249,0.470911159928651,0.65981662853042,0.52310890257298,0.662327872911569,0.394369899228883,0.309467790283162,0.323102032826067,0.572318234718351,0.627930412424945,0.474507927509602,0.756033226930502,0.632550767782381,0.186204600994747,0.542686469056849,0.314556792467465,0.55333801506158,0.291929911883172,0.374660849671423,0.688667338367465,0.156676573815027,0.574142349550365,0.421052127484337,0.562802981411652,0.333981391904512,0.58605252949082,0.564262392831193,0,0,1,"F",0.00539811066126861,31,57,35,65,0,1
0.584355330584638,0.494157685540986,0.783702158562308,0.428826206181521,0.591508964561744,0.521461214840687,0.607080520180106,0.949034486123489,0.396279471587594,0.573137420730585,0.445816740738267,0.521673026581162,0.349732463191092,0.564357688821434,0.632706654729402,0.61809459161848,0.299136024252757,0.374776903439062,0.362529394265834,0.540112637433535,0.641036139770895,0.71321140634353,0.473424974471053,0.47469921513344,0.447761978266546,0.6089843944232,0.179577663206625,0.268058301937794,0.421141000535928,0.653074149158886,0.372991876037612,0.191206862497413,0.350770160627753,0.763439906175926,0.500616931775176,0.576797006762985,0.532489686868167,0.521831011205619,0.734748881734364,0.618822534977222,0.443688860651235,0.69634649201014,0.508813536872793,0.621377597873503,0.667301256568291,0.718341672483911,0.557953491634388,0.48071581110157,0.261107159857925,0.36853461298823,0,1,-1,"F",0.013262599469496,32,58,35,65,0,1
0.561762506448813,0.42683905924284,0.530759542206304,0.488293435714764,0.561888298099809,0.259928047409212,0.622844490844848,0.540311714590956,0.701531053690581,0.475208281345779,0.538295410978274,0.539002989072286,0.587746962354014,0.271260334738489,0.639461046310857,0.570666512662528,0.533823546338494,0.622821488682839,0.64435846326846,0.72408535140913,0.399016666426807,0.735502308343768,0.501454280100065,0.546375399316214,0.491360937117962,0.678384768754683,0.625448990113402,0.3640409738424,0.532815847400667,0.578025880183525,0.504964230566227,0.171676472068309,0.27713313065099,0.6583033697881,0.36734481789622,0.363701121348275,0.368353916798672,0.579851110887362,0.694448108695485,0.60648781683848,0.696407840679157,0.577855138249978,0.306943794154258,0.363592042251752,0.252272603992993,0.482561528664426,0.589751115543283,0.41535198722372,0.437860048618375,0.598805883585406,1,1,-1,"F",0.00626959247648906,32,58,36,66,0,1
0.503024902075982,0.563668737151417,0.568306096491571,0.538692217289839,0.533402523900126,0.362624390360924,0.559506135845305,0.239924921200292,0.388420526272253,0.69696351894971,0.787823968212241,0.331572879602335,0.6432888779461,0.742135575981085,0.558936252809167,0.603305042662722,0.634094824890476,0.261623479928021,0.531014238016791,0.541869658105864,0.412335061664319,0.327807423172548,0.354786851251186,0.751073061071683,0.636021558456258,0.410550433358183,0.476425480660841,0.528267999594877,0.502181625083189,0.593333503339241,0.707073970023741,0.496776633569487,0.516988207743899,0.292036234596148,0.558866199569234,0.955699369398393,0.682969692969861,0.59399123769149,0.582333293687557,0.842719603201284,0.488899783881514,0.392503017569505,0.471596798676606,0.700462351271531,0.43491998799876,0.591821726466975,0.599398805685995,0.596489724384842,0.521326172128745,0.361620668586726,0,1,1,"F",-0.000514668039114818,32,58,37,67,0,1
0.293892826799802,0.66015086815137,0.427119891719312,0.392672830984943,0.566272014531553,0.605873235586409,0.23670943220124,0.833170054839097,0.407887605742699,0.345486776345151,0.609223087876905,0.323181581758966,0.596779108281341,0.406793023921645,0.34877999634741,0.439571989314549,0.377651445773207,0.638099519209018,0.665313609277863,0.679893332312356,0.595740593107359,0.473384092133404,0.707289208517409,0.380471034223051,0.729207785387194,0.606398969313902,0.192739429323231,0.469790040125353,0.213949632444348,0.504081547712198,0.568241771314275,0.1981295144493,0.504247169543942,0.905876410377135,0.46530506392745,0.384488246320928,0.474529398615591,0.372772092352521,0.854615275512235,0.600317556962947,0.320947330511493,0.486413665460917,0.18413915116432,0.456568438245462,0.503809701103858,0.378095091945051,0.690671162623862,0.605865591685841,0.422509791363437,0.366727911542553,0,1,1,"F",-0.00709939148073024,32,58,38,68,0,1
0.392719795207323,0.612376780087201,0.35592259620983,0.188223666229802,0.606941386433545,0.699194177648846,0.640773945443176,0.585801548780259,0.336415511755195,0.59146118437724,0.39588160382621,0.502747259915097,0.4740921817694,0.135852966768214,0.539475424083139,0.260395545616596,0.487736240038083,0.613702464550081,0.706310205661694,0.887062494142108,0.57401841212786,0.469657543228907,0.37066815974005,0.58252951568063,0.878419560708826,0.572964619326868,0.43948448913904,0.608375516275787,0.293086953819902,0.517625522816262,0.560175847436413,0.491412551533628,0.498195737715394,0.527674668082096,0.529717441300233,0.724334922689716,0.423285338044568,0.618462874086151,0.334395624566831,0.510573909604619,0.603571722290113,0.531240512013877,0.56975458842821,0.664501129009581,0.460924731708919,0.545801153913174,0.305793963414146,0.56688896391061,0.425459406520125,0.507042274011497,1,1,1,"F",0.000498504486540319,33,59,38,68,0,1
0.600444877623946,0.207857570020979,0.538069381715005,0.580927024204831,0.71134634252787,0.612284344198295,0.304863159963527,0.454878865444047,0.558743694324898,0.609108659106956,0.504860381922736,0.450174167474405,0.495346013221527,0.561696286932967,0.801997599905925,0.545210996831645,0.781800365154978,0.559774688968976,0.515890327407139,0.910417761789213,0.357402142246437,0.615441687660798,0.62778154810427,0.387004204125121,0.408306938209732,0.356980719409559,0.294302457679835,0.674469400734401,0.32612362384766,0.576688187522374,0.380210525477991,0.707550797540798,0.461983755170951,0.702582007637978,0.55392581951612,0.741019989133141,0.436806494910169,0.551657064214374,0.443618070347632,0.756029963375631,0.573398619885299,0.403696962085539,0.549619060419546,0.256886205027507,0.377497233149129,0.511972331124416,0.568207455132564,0.349002840883444,0.388205395082584,0.801228602712776,1,1,-1,"F",-0.00589535740604274,33,59,39,69,0,1
0.613931706748947,0.533769120431573,0.662542361677193,0.730136700064319,0.587642505812142,0.237010231826997,0.399695244503307,0.248873403761794,0.563334121802841,0.5549397938633,0.286163143210764,0.339661583844326,0.268095604041427,0.281034965071357,0.6225193870717,0.484142639008442,0.408360767546884,0.272883742996655,0.348140041008403,0.529636121143403,0.416104296287295,0.516822076635445,0.501492923872159,0.466612037789812,0.331633549517338,0.425288091356702,0.201924868836045,0.572244941811719,0.601929419479279,0.504978641673318,0.379511766530176,0.554045865509979,0.820218765139873,0.53300899203033,0.737962467077681,0.527974789596509,0.77946441638317,0.479993705735427,0.367005410957983,0.675545312204567,0.699934485638575,0.334066357006748,0.67187656439785,0.5964952461338,0.785736700982682,0.436726329345582,0.458741538089694,0.256086662204469,0.45205707293966,0.229309411577628,0,1,-1,"F",0.00144927536231887,34,60,39,69,0,1
0.550643288424826,0.392700305999461,0.384642241831597,0.532112471632026,0.558239514071374,0.701804595609847,0.3507595344084,0.33324046299213,0.915717325980521,0.248794876898585,0.420713735165456,0.432758278586233,0.438972295974474,0.459460658658165,0.608386987105018,0.329687211257908,0.470884173485687,0.462421704322153,0.409564057018729,0.372746412641902,0.51347509608898,0.243940711838934,0.435113510270378,0.448104490839344,0.355352024955183,0.647920651718018,0.378707577712809,0.365139136761632,0.444136630409499,0.547509331554635,0.546139544231809,0.653044301409597,0.599891468596125,0.509614219332949,0.625079225055216,0.421706025802795,0.542039426282757,0.420581448177559,0.438031594047431,0.342066579146191,0.341932387179275,0.630532002951534,0.520888901782995,0.407839899750252,0.658703537665929,0.39178492162145,0.487326593766171,0.569769576682912,0.383344101261274,0.468056721229817,0,1,1,"F",-0.00476190476190474,34,60,40,70,0,1
0.572862259773233,0.440734298915327,0.500653231876143,0.265965985797564,0.469657784181188,0.458413511764769,0.643724591206008,0.633428901038938,0.605184964050981,0.392831952997551,0.469254218011984,0.343347721824014,0.748660599724593,0.530066804062523,0.360110299965513,0.320714679447332,0.248388438803326,0.391865285232353,0.329510855551497,0.522475331185056,0.413994179625657,0.559524172807592,0.51773215660568,0.528340177874525,0.461163922423388,0.562384781633755,0.600045036445331,0.546285058491835,0.627519265805657,0.406306675027744,0.483097028121162,0.548408929960567,0.26353946958233,0.361313485437458,0.373858527622753,0.484053952172585,0.325831061932546,0.491828233311437,0.301540295341835,0.380247480239941,0.526462602674415,0.489849809638956,0.411550109954737,0.577910014629331,0.451279817693543,0.527313926557994,0.511555040571672,0.489765062961105,0.547273274324959,0.574230739308123,1,1,1,"F",0.00234192037470726,35,61,40,70,0,1
0.615662321950754,0.609802499480995,0.374925192666708,0.642219512545515,0.879141015319411,0.653393031378078,0.451184187219197,0.479455544727432,0.689429554997483,0.2861265093396,0.44952592213194,0.370773796880478,0.402622276801009,0.237876565661739,0.72684630130857,0.216994957796871,0.554702766444328,0.365961635852986,0.229600273791973,0.583195336853379,0.693202562994888,0.641718224045679,0.534051900991504,0.506969378786899,0.562404179003254,0.461267006753944,0.52481625693924,0.580725513663424,0.408494934571134,0.506281229440426,0.582601577003723,0.418993585690281,0.524366826045219,0.505062236028256,0.22707787164434,0.498582853320568,0.654212398151186,0.625336854734804,0.240133092491273,0.75016931178986,0.682980112625636,0.259531528337634,0.661044122571804,0.497104424813819,0.625153422748891,0.540337865543214,0.267160757729052,0.49211989301031,0.388302108211588,0.28740652509273,1,0,-1,"F",0.0103902101131378,35,61,40,71,0,1
0.199985714853299,0.439120368733044,0.5187665694552,0.532151589812362,0.578355358370997,0.473228231953562,0.563945105488249,0.486672477357809,0.573577957886272,0.346435798442416,0.438734112934254,0.209310214136037,0.578030031118897,0.411326661024385,0.58104775873567,0.698568890246373,0.353619909735108,0.78020055573861,0.798904142877109,0.514733408670243,0.605878104350871,0.48808970916636,0.422490880776299,0.698102712391502,0.513050289337909,0.557397186671846,0.541523275025023,0.748198644610673,0.404062402744687,0.363598863256724,0.413616735925099,0.310462720795057,0.647840564863871,0.349483071627456,0.430349905617054,0.394236299479269,0.396304782659997,0.507784632558326,0.522931283169537,0.497985106205103,0.459867795203998,0.363921962135017,0.537723255715662,0.516002146477048,0.478944886970696,0.629928931923653,0.457012371476621,0.555698758787566,0.588205039667721,0.485408106782726,0,1,-1,"F",0.0172648796001817,36,62,40,71,0,1
0.437479929856326,0.599433668547313,0.433333841829877,0.461114691039436,0.601341238467209,0.64116386679943,0.431023416742262,0.987307186774868,0.608849240833706,0.638398230977709,0.63380544108812,0.558209228484239,0.394367533340826,0.803450967127948,0.456549134607451,0.547751649362343,0.398266470683469,0.519755315542944,0.399085972260803,0.415735152548058,0.413865502099669,0.429353496502837,0.556388719888895,0.569103749964437,0.367250008776719,0.786628523301219,0.505509624708196,0.377369716679849,0.251738498151558,0.719307862255347,0.466030934093659,0.730986672862857,0.638584974834501,0.554320411840154,0.519765809036763,0.360331015199296,0.421664627929461,0.330233564204173,0.55560283818751,0.451682313034395,0.422462009811349,0.540674407808208,0.40364659955149,0.371851534897699,0.611521288238387,0.662404136050158,0.35850248396424,0.574095007261868,0.246080510606326,0.251398195573287,0,0,-1,"F",0.00804828973843053,36,63,40,71,0,1
0.548777941012933,0.481312012961827,0.814795955370485,0.197207767907681,0.58056776108539,0.632125287867658,0.713104529171546,0.619636088441548,0.578997061909153,0.759236951139959,0.651075037589816,0.627648971501913,0.591394373090195,0.600154250975841,0.533052281423027,0.457653840072342,0.55363905779623,0.513931532094367,0.686658575422754,0.673869689712004,0.564045953733949,0.528837919834089,0.550168406353068,0.45372773768031,0.429309151501348,0.475082064910543,1,0.400511481917504,0.650749130505179,0.336749232279543,0.299758441958427,0.614133857358117,0.581130780076035,0.424232610397048,0.609274709625542,0.502473616932393,0.419208420714206,0.203057477708373,0.610327891616695,0.736670690599062,0.441590964182042,0.362669668898444,0.585266463604408,0.352580079574757,0.450962706963243,0.78132292561606,0.363487583969911,0.408309868626618,0.535108715200016,0.403474535438151,1,0,1,"F",-0.000880281690140872,36,64,40,71,0,1
0.639309699724233,0.210179084524297,0.15834087353302,0.433542919885106,0.66192130957554,0.529718911410012,0.51777237561102,0.401045856949653,0.440739204207584,0.386722903083449,0.55749173328369,0.523035165731782,0.543640568699149,0.821334822083318,0.648566250772969,0.252179960877547,0.281686883147796,0.414198270742758,0.418666462413095,0.547930517239828,0.651093355833773,0.469596605089441,0.470410679929223,0.238018871129785,0.56227414333171,0.457878263522262,0.301722260676832,0.643556445766311,0.346445506678981,0.682422009390873,0.321570079769602,0.397579672731989,0.752471907784757,0.50730605254838,0.498053331664446,0.337058535668789,0.470393017944559,0.477918966983886,0.465979319918253,0.671818953159512,0.535882037983133,0.628475033460143,0.576873546707016,0.593313883880394,0.497885430526994,0.247132838644721,0.573311211465782,0.502411945151788,0.335258698901378,0.567604085863252,1,1,-1,"F",-0.00694444444444442,36,64,41,72,0,1
0.616346818214518,0.455672409493818,0.570520864455633,0.648427995091924,0.673811743454781,0.772838602459993,0.605499002356754,0.458847639748571,0.512691427763734,0.464812386700929,0.603804240054308,0.812023613513254,0.49396376198976,0.564353525186142,0.611244530535817,0.376474038580953,0.414639653014644,0.325336566870649,0.369612491669791,0.48941436485984,0.539038069616842,0.281943958156386,0.64990410468145,0.428089002420566,0.326468561482275,0.534167306475658,0.461842736828166,0.592512588416638,0.504052749358105,0.757272740602631,0.46303094983192,0.690390111572427,0.786132795911794,0.547097931414274,0.491035578056855,0.126275661275516,0.321413525603664,0.414817323221928,0.30366667183445,0.472201930450798,0.396508865647452,0.593574166408926,0.52478829213384,0.430167072741963,0.356629421510032,0.617399121631367,0.545598788870012,0.377837093758681,0.251046111769901,0.29473329611624,1,0,-1,"F",0.00085616438356162,36,64,41,73,0,1
0.64727936322559,0.598026381923913,0.229059544907321,0.248578453869224,0.391360949889731,0.745989324208528,0.41528617802068,0.681626522633177,0.595947947075188,0.53208872453234,0.462466265379214,0.384039011308026,0.527350267887617,0.537851108280028,0.380077257950096,0.614439975966674,0.508613301395612,0.319073011507399,0.532960346977339,0.615061459258407,0.510847576362442,0.580497215865041,0.515920482642279,0.424260051149073,0.397552249457127,0.515918899091632,0.546878390569628,0.327030711422477,0.536070044819428,0.399486959718949,0.50422059976791,0.383528989108226,0.547991219426689,0.532331461812813,0.357985517524854,0.717922985568747,0.459029140734823,0.650219179290673,0.681746025395459,0.427425952674152,0.491696440356118,0.274736119260925,0.337690522778094,0.186117148205566,0.361927656224167,0.545380240929192,0.157036142025127,0.608523149205678,0.532895189449344,0.754186035940323,0,0,1,"F",0.00844594594594594,36,64,41,74,0,1
0.607547142811725,0.987676221819026,0.201518800002029,0.342514745154982,0.677890554225032,0.529971072124268,0.439302018994803,0.607873815888175,0.135545645889931,0.416080657579671,0.853999966695298,0.312082717705568,0.633469839706073,0.330266882063091,0.65496928610466,0.608535570757352,0.563999298432415,0.485760625117029,0.584135950369985,0.510968408525883,0.581842157403028,0.43536474315007,0.55969383801478,0.708106426140251,0.377695415994349,0.5711283401174,0.652005210241662,0.862867354663956,0.476918118216289,0.552926096751771,0.508195199046595,0.618143551781238,0.297693051979359,0.644171437370249,0.486414345012178,0.398933422101891,0.712162034746748,0.30276438248207,0.392177542475666,0.636296045394468,0.546487180037468,0.442750613685042,0.621079973964873,0.581386008369816,0.43383200141625,0.61485062472078,0.256176563105049,0.778071776295161,0.585606518297442,0.281198785719515,0,0,-1,"F",-0.00020790020790018,36,65,41,74,0,1
0.240263474157785,0.588857004350746,0.485036173353525,0.450514371400243,0.309398008287363,0.440770403141028,0.438050233914056,0.674112990997606,0.431880397993392,0.548239413355635,0.535152141384536,0.456887844055604,0.483730853588654,0.96495976760968,0.455064886201336,0.329136971476185,0.524114651018843,0.351680527899536,0.6008779377542,0.451757445460247,0.537290613576687,0.501737427961579,0.575290494787958,0.486010750184113,0.655555520176895,0.487107629421214,0.46575970802467,0.704087286843924,0.345864281931385,0.484408944540925,0.487952310686851,0.292299992508072,0.286362243623033,0.457074464954076,0.55132531421322,0.468700510066736,0.368415489494724,0.470731476429268,0.62268917637331,0.476926181280041,0.476593239337467,0.410270980780617,0.520980512880071,0.528093537008652,0.728162790452758,0.612325858877062,0.162717000546193,0.709246510937554,0.136203809004471,0.572936995842527,0,0,1,"F",0.00717948717948724,36,65,41,75,0,1
0.662858283128332,0.458934679520397,0.128415758709666,0.240446357895202,0.495841472257699,0.485299901908454,0.282917124480923,0.352940123199362,0.564455378026444,0.490861221760892,0.51371624692714,0.504839532628796,0.190786132501097,0.234692288256572,0.462386930276138,0.107575653704744,0.459319046106311,0.364768790637492,0.580388331850946,0.569098348032676,0.512123107164946,0.543389405633832,0.64561181022482,0.181225947698318,0.664474402078149,0.636905185161982,0.578974818560129,0.226052338349577,0.677510797481306,0.513287530283187,0.8268384096212,0.364117273190964,0.277407961772083,0.442004055332473,0.694102729472832,0.422076781566601,0.573460034175584,0.464173416903752,0.451968621958996,0.439050136973503,0.491949517453578,0.432547010784871,0.502049483344418,0.502041795927613,0.604283950133855,0.22399818478158,0.697569365870195,0.351803702205382,0.496942227209923,0.328305923788199,0,0,-1,"F",-0.00121212121212122,36,66,41,75,0,1
0.773064607469236,0.205971888284718,0.523552182161713,0.58543623122704,0.601260708959467,0.589541430290834,0.534764841653124,0.370437378443141,0.892083131254191,0.352483665405846,0.441927017866623,0.555565500015803,0.296243905189999,0.806942306986915,0.681243212987726,0.49557596794947,0.198617993839593,0.420905882625677,0.364191666274607,0.756175100929233,0.25156273394506,0.1745710294428,0.453187267188446,0.442262820007811,0.620153035513781,0.537649297528087,0.48990375905866,0.36139277070741,0.459152050490356,0.453765064478003,0.245735254966803,0.65812162410527,0.376525976283854,0.698748135727426,0.578660160651259,0.588412704699193,0.485856837293359,0.278548195140779,0.253738871944739,0.612765037557021,0.182963524254717,0.644351858174705,0.753338204306208,0.412970487902169,0.357419987061682,0.392859929323946,0.67548975322075,0.595535189247688,0.555116052613213,0.940052533114054,1,0,1,"F",-0.00935323383084574,36,67,41,75,0,1
0.272790713756963,0.184361935581833,0.587185554555724,0.537344843856256,0.39371551473835,0.408068518637465,0.624037114541614,0.560314423922242,0.604398856204541,0.664344799915249,0.474919539952025,0.461117175039839,0.674707854244026,0.746645844280712,0.422271155945258,0.252955239521992,0.683159341067105,0.549664040263885,0.705612567383873,0.530569561794703,0.300463708912355,0.365381548633866,0.622351608976714,0.50449268686719,0.277170679401035,0.612172292245674,0.413076283569551,0.566099798119524,0.376358926008807,0.780008292167319,0.299302274977659,0.412099092244021,0.360085268864403,0.53447553337214,0.404420368754915,0.533788491795224,0.403835561273915,0.605986379190631,0.45817939214641,0.565479618107411,0.386177961899377,0.621032421004705,0.430528159898158,0.484866642533783,0.56273121309264,0.551517194243623,0.411209192768496,0.538189416655516,0.368905191450061,0.352574139916776,0,1,-1,"F",-0.00254901960784315,37,68,41,75,0,1
0.248657309639966,0.482020351858671,0.110029333189591,0.547000779442944,0.658375519115371,0.49762662296361,0.373264593058692,0.613076387903739,0.439859854135999,0.399410708498945,0.303782090971017,0.525504812260586,0.594083796599304,0.377614990978957,0.509385960508669,0.413383957156695,0.367187370084794,0.29750098317555,0.449670580061734,0.337356460781622,0.387545377038451,0.539101154501867,0.312972134122749,0.709458517013623,0.481130326751894,0.72919764805281,0.47773819490031,0.515222769999049,0.642921174217172,0.325819830338078,0.402344454556679,0.423986777335155,0.213051033916272,0.23603361828829,0.812882946934592,0.698379277291653,0.265686865417195,0.762897444944906,0.837206398889682,0.557331262519672,0.474747105729352,0.671436938227871,0.746877017345044,0.143641935606872,0.495975130710041,0.193490214653658,0.548024789085094,0.543929817702971,0.499435844635429,0.484299464228413,0,1,1,"F",-0.00851393188854499,37,68,42,76,0,1
0.603301786291187,0.611870179148703,0.772497463308186,0.564557518692189,0.650257201189774,0.471607025709967,0.673473985401685,0.485690853652188,0.482710049854394,0.638293215550823,0.439391487035573,0.384155208802309,0.691585042668317,0.606550248376259,0.493525031204917,0.363439844537696,0.357118949815822,0.39135310658188,0.482350760812958,0.671973449769569,0.430940822499426,0.484162966232666,0.325504872070102,0.51365806688059,0.323933221773761,0.654070566419274,0.462027104984291,0.570322336573438,0.281525343154995,0.454048914474016,0.19584302024427,0.56085111802382,0.392382031675728,0.351900404680054,0.315149378716292,0.400495476013249,0.305822270936666,0.375752291323114,0.535430022468228,0.638264244774039,0.41208244853566,0.447916630914077,0.413450144897595,0.432391409522419,0.567674379867961,0.394376528825746,0.645260800515459,0.076791995763777,0.679922975586532,0.582544574886579,0,1,1,"F",-0.0143239113827349,37,68,43,77,0,1
0.457048054517085,0.606458251978813,0.497794912984836,0.208549824378221,0.707097105446047,0.516457121348005,0.461977664663885,0.446349181664312,0.219351980928711,0.38398834683531,0.47314736753015,0.377035052038322,0.516708070622235,0.653727882879411,0.547406688999517,0.523022563450417,0.605670895887884,0.147308971881841,0.289384513696633,0.571512294703313,0.421577130991286,0.15218233214026,0.521468049589796,0.428791414122422,0.22549568332821,0.454548574514711,0.389902364759181,0.440433176879379,0.310875979239686,0.646487873119246,0.407779812369651,0.603697962529736,0.281316148009965,0.380683847759953,0.51446396357826,0.696073675895042,0.652067885020926,0.19109239441918,0.47270874142375,0.602614666515066,0.623095967970228,0.315863654578525,0.536380177346625,0.386694106081803,0.594792086538396,0.453790349247831,0.42189147758756,0.712422634690839,0.293887645891255,0.435581416401423,0,0,1,"F",-0.00716440422322784,37,68,43,78,0,1
0.508299983736641,0.676396252075397,0.407068784862246,0.0855569987846518,0.700114015063319,0.423149565521272,0.613628818193103,0.569260573589539,0.35094635495804,0.484256394610811,0.643927556320471,0.364892927801402,0.512837885227302,0.532873602943428,0.327941750432599,0.196823009615518,0.685515729515088,0.489880241420241,0.345844489695102,0.356412780464159,0.445715513191057,0.504653327699745,0.533749985965246,0.278021769746119,0.598233354693781,0.672687219023383,0.511992287959335,0.555986534053807,0.497511645724985,0.55279007235364,0.514936565296665,0.506693516755093,0.47752238106004,0.517875374095362,0.501164685037189,0.392531111266547,0.724782223543007,0.500774978428499,0.0734137100532564,0.487808580510729,0.221767298525348,0.267576125581029,0.58514083385432,0.367700043987167,0.313283908068997,0.63137836259192,0.509541106430843,0.672669115781689,0.587568365525006,0.163142002066665,0,0,1,"F",-0.000186150409530961,37,68,43,79,0,1
0.445147742267057,0.187638805524937,0.298328115421336,0.198901569235768,0.424669539279197,0.478932667654753,0.316011522418144,0.357733193773444,0.548437048332695,0.56587649892603,0.531376034932428,0.603771921221071,0.395074261856956,0.501897742014851,0.215401475806812,0.322879719050753,0.452622276477773,0.30802456953507,0.504008429873878,0.446761925694829,0.417702925679238,0.667556609285175,0.349057296301123,0.521720290352725,0.800608054490821,0.469130121133077,0.44289002954622,0.553963996514769,0.536276970728707,0.662439242492434,0.486394945863278,0.442057511573475,0.59941641877285,0.543492198968183,0.42174637061133,0.550325929639401,0.413337069074251,0.504850665315671,0.563689490950174,0.408352387269741,0.320810377928687,0.543698377177051,0.39988121398696,0.47758632486491,0.330201776171451,0.41072143612217,0.406281554519161,0.301669353065714,0.37144883666322,0.33763566954589,0,1,0.944444444444444,"F",-0.00588235294117656,37,68,44,80,0,0.944444444444444
0.321383388860667,0.350644907260635,0.438318164994123,0.604837085001013,0.533468971120719,0.392761465383747,0.211689480959553,0.459465710832581,0.539698202478343,0.495872068607628,0.55728018606136,0.455145973522201,0.60510665942212,0.449808495720509,0.0738775398234106,0.386021304655172,0.439588018284109,0.29550507201852,0.464635795356392,0.539143651993915,0.546666337887759,0.614007173443949,0.479268573976331,0.43650549947295,0.556065884566998,0.482798495997084,0.575643328637453,0.825427521915399,0.383315624522005,0.464322566374169,0.44822108360782,0.579557279656076,0.558989305116993,0.510923917433915,0.795587154933464,0.503096023055845,0.730161450948133,0.546892809238233,0.431145199327256,0.366431045132109,0.623862790021298,0.440949796880093,0.450783857081704,0.5526835838205,0.243747226497326,0.59182033142481,0.307227192288831,0.34872663868878,0.316011384273925,0.202313599237753,1,1,0.944444444444444,"F",0.000724637681159379,38,69,44,80,0,0.944444444444444
0.344026274481857,0.471192617447492,0.569737261925268,0.499865336280938,0.384476537386703,0.565424065606367,0.605198552679871,0.736709775600966,0.258272867026373,0.60865846003498,0.67779608938952,0.301628517886072,0.317820623679256,0.506243573048044,0.417846173446933,0.43685970570498,0.531545461076867,0.505648845161719,0.763781457344864,0.656802815289604,0.588800820421901,0.619963807497322,0.590149886304235,0.482364756810469,0.582035635066186,0.527219512534802,0.402027680804596,0.322986853783811,0.355522783555474,0.58506093090174,0.539414842364107,0.451422510419417,0.39083897816474,0.232500165861697,0.500172080846685,0.552595182563779,0.162482627592887,0.547693655285946,0.436131215493182,0.40249980564159,0.3787111388196,0.588631209247137,0.385419261369882,0.758559615134054,0.307784492884414,0.342536310482396,0.478305151946563,0.427886424414928,0.281597617454455,0.366051011684647,0,0,0.944444444444444,"F",0.00751476113794958,38,69,44,81,0,0.944444444444444
0.511749479007582,0.223565741132075,0.683324085989953,0.182462111453952,0.617597356411148,0.417667560845429,0.450111755699304,0.707061590113897,0.549467829041696,0.594952893477972,0.530430664178457,0.387337585258685,0.745983122877046,0.519055242809279,0.494892690131784,0.558148619768533,0.575678660280077,0.536436655431115,0.159811198065261,0.329917950977786,0.286805557267914,0.540642661173437,0.32949418609931,0.611287308020218,0.668225638616577,0.443237165014978,0.672618080721699,0.416086131989337,0.512199155399815,0.366965659816319,0.5741478276128,0.694834547462275,0.462159880453237,0.564755194916952,0.595359746818386,0.430664584984944,0.459808294599752,0.47302181104063,0.522866186236149,0.385728668913277,0.60076364731463,0.380407161570449,0.327920112912519,0.530997089829849,0.310783755208719,0.336188775468612,0.427027951772592,0.722388179929796,0.470787901078012,0.359741025297678,1,1,0.944444444444444,"F",0.0139329805996473,39,70,44,81,0,0.944444444444444
0.503925366210429,0.3178027236711,0.590131884175753,0.566138230998877,0.424799094381788,0.402361053058307,0.357902755961498,0.559204713510816,0.537124125161411,0.527513479517465,0.459625826908826,0.456467017243483,0.348515535257681,0.730195176400446,0.283399891423649,0.360265339843572,0.259655000397723,0.524534707451932,0.490878403212125,0.72317125018542,0.274828732879364,0.345275813727151,0.537436829952604,0.703099234269005,0.0590339486388091,0.533856196137531,0.353721484818403,0.317122601970643,0.551244540844654,0.594420965431035,0.631313707747042,0.378368662796057,0.46245436991072,0.559754332070759,0.488800231999528,0.489825497958947,0.687102789968836,0.347224901805292,0.453927379635844,0.340395850149627,0.182363015009123,0.490156856495452,0.444169565852285,0.290932040940296,0.526866143597484,0.62963153430006,0.375563473047726,0.536060345333491,0.696296953575095,0.236056104234703,0,0,0.944444444444444,"F",0.0205574912891986,39,70,44,82,0,0.944444444444444
0.48813329164368,0.673882449102131,0.692154926087448,0.597660463305891,0.74731018552808,0.326478329209774,0.433807137830538,0.486600121117584,0.266976953119982,0.592939753789418,0.567254332081491,0.403571540650186,0.514543485486423,0.498769585935163,0.489345822519898,0.413101058068042,0.514955028000486,0.383587843762652,0.682995357525896,0.472911004103169,0.560979046782153,0.551016734956717,0.440905969483293,0.503062185600677,0.523299645360714,0.481953389773011,0.295044876616892,0.428930563614736,0.356502196037095,0.621885547887279,0.405703743530661,0.720759805657011,0.49915265500311,0.596924280448566,0.608331675107283,0.250114413686217,0.482602095868175,0.591057270470026,0.363905196073698,0.512213142252484,0.469034081781519,0.513284729880021,0.639778139618213,0.601847678991253,0.436943948874409,0.596096892525128,0.359316627098709,0.617714246746282,0.41997782303633,0.209694475342708,0,0,0.944444444444444,"F",0.0270223752151463,39,70,44,83,0,0.944444444444444
0.38960000185075,0.173512560776577,0.399703681441071,0.396443550106955,0.695222079876538,0.445037196651735,0.644006658251148,0.228426276128327,0.571437437895787,0.357827285826475,0.413855817455065,0.264467551158829,0.42293326493237,0.615909616079332,0.528571687175672,0.43978711597781,0.41724076432447,0.606355233028091,0.464926614335355,0.418183265094393,0.517259814135421,0.236295112364256,0.66042195203544,0.555329068952283,0.45156273901865,0.501639703005841,0.347540241175412,0.482049983094737,0.364240435695662,0.428902591381707,0.260644246306216,0.53199308894101,0.553567079533509,0.44927657824436,0.773453493107555,0.627065364572538,0.458045461114623,0.71017295449679,0.3180347926189,0.486176583909645,0.55483622550925,0.348224235707142,0.592618778837786,0.64521743290697,0.552962483731332,0.804607834416706,0.318285821858571,0.66193884245326,0.28732135600656,0.263217488079396,0,1,0.944444444444444,"F",0.0214285714285715,39,70,45,84,0,0.944444444444444
0.38726971743304,0.598280180665773,0.728420771097735,0.281618463547209,0.700904659891676,0.640140973318499,0.399189332665066,0.859041365931616,0.573043672409691,0.446384908114086,0.541976033972605,0.28608264454293,0.194668941936451,0.814616313598356,0.559731954266078,0.672861165566728,0.514101353671972,0.53590641703544,0.637043721260986,0.437511229939388,0.624521316740698,0.675027329726621,0.407914698180371,0.463926686404157,0.226684634913619,0.499228528639977,0.526064661858125,0.648240269794817,0.598092323339145,0.443684116123698,0.366839787777229,0.612444089241959,0.32719852941198,0.393002597385356,0.630093172669303,0.476149853701304,0.476415282702301,0.477263011197911,0.486507453898988,0.326057936377383,0.320919169966841,0.775661426065102,0.441336614452133,0.498588864459156,0.565155011262869,0.484083334475483,0.26568447155833,0.466082397773412,0.430654312284977,0.311570407673859,0,1,0.944444444444444,"F",0.0159663865546219,39,70,46,85,0,0.944444444444444
0.442873236473708,0.833420982932315,0.522405589227008,0.282734829541488,0.699702973771717,0.224641813931869,0.61343097618788,0.568915831980496,0.469275469215615,0.448445224806083,0.673166849734411,0.660030797516715,0.643195755761262,0.550912367773224,0.561363540777131,0.53057598872105,0.389122244948816,0.397115952474578,0.434426080521009,0.633368190353511,0.570389926921862,0.213929798526318,0.39179204013814,0.410323541441049,0.492690989906022,0.520095404495021,0.362672702083862,0.396923642547841,0.439797608944564,0.371614550722622,0.562084709803401,0.471576985579733,0.514404218804963,0.423230182120823,0.814790813465923,0.466510792170618,0.627362286935818,0.623589428548806,0.522951397129369,0.545994882147566,0.71284715638146,0.423141017061981,0.549066831969733,0.170215491000348,0.333763299244758,0.787999035934764,0.542781997824486,0.475787294247563,0.33390005221726,0.37170455220113,1,0,0.944444444444444,"F",0.00811930405965211,39,71,46,85,0,0.944444444444444
0.333688342475964,0.663841986502361,0.485698715136577,0.532296973444103,0.297111996399044,0.376360104096113,0.567645282835514,0.494269524321822,0.796980208161549,0.415729733206606,0.487109009673909,0.383877374744125,0.498146006010527,0.571560469359662,0.517555497894368,0.430304834880948,0.337595109221798,0.616519328286716,0.389135370809675,0.516218251657914,0.504570953221023,0.316111369536634,0.506128641478091,0.320743365352535,0.513709816764349,0.710683540232527,0.449754379089831,0.368498725531387,0.428815839969034,0.780392148826345,0.26969148609733,0.218492242888046,0.518801593903011,0.302928414150175,0.537962659280955,0.764406698591879,0.578743599169915,0.513742940264142,0.495784411802623,0.665030726105587,0.584711563616213,0.177198307121449,0.43093459995924,0.632938812124222,0.34146069217367,0.368272443262889,0.437934600709542,0.709388035992495,0.517021252776276,0.166816506066403,0,0,0.909090909090909,"F",0.0144120537176549,39,71,46,86,0,0.909090909090909
0.507741458063904,0.716679121505591,0.551052033281474,0.602939118617386,0.741858868675238,0.835013116495072,0.508242602158492,0.387481351824145,0.88265389957154,0.487159329781887,0.51397923773314,0.141232477223219,0.536016915340175,0.539402362016809,0.759526958331209,0.434174517883517,0.4359317399575,0.503379827595165,0.645745084158843,0.450889889564995,0.367519011101459,0.472398992385287,0.489395615751899,0.548310185195241,0.550142520067992,0.464916652083622,0.735355024412794,0.512666610873985,0.406125796286357,0.598172730942481,0.373048963115307,0.707573852248988,0.437811651603275,0.638814662047316,0.373841345595826,0.5400354759708,0.417286935849719,0.324695965854114,0.681485315670939,0.302956747929618,0.547108944680859,0.289234439756031,0.501284623318825,0.569022981838642,0.457026970233349,0.170326864551843,0.305311418310794,0.635576102926979,0.497330179044615,0.0983271430591517,1,1,0.909090909090909,"F",0.0206718346253231,40,72,46,86,0,0.909090909090909
0.591449853833525,0.645491543766398,0.51641038984397,0.410209459805505,0.637824115861056,0.533912763960857,0.645549154702376,0.532285784523573,0.827714017671347,0.350348810454494,0.414226344319304,0.532822616605252,0.474208281425512,0.554964294412909,0.331313482506828,0.515158879297666,0.50916813982575,0.372852875392995,0.581964814742292,0.527623832600703,0.281463151211514,0.354743683697716,0.561687802238488,0.443275887966573,0.339913525102783,0.397858669273039,0.678273205088894,0.379248528186375,0.574169646307734,0.695059357878496,0.489938831869447,0.529387319732603,0.464531566624893,0.710276586910122,0.869312517966769,0.614944690673321,0.644816766186192,0.635234038672842,0.443269486592765,0.373166359351822,0.292241867642138,0.511474249922624,0.568156299364339,0.585146420667099,0.462082668860415,0.406102044526711,0.488499208013104,0.39112436804703,0.518876693552834,0.670658430362781,0,0,0.909090909090909,"F",0.0268199233716475,40,72,46,87,0,0.909090909090909
0.47928555248524,0.613558511156769,0.742592112451427,0.383242715441828,0.799322476748739,0.588162503202839,0.672121178109744,0.636089476162442,0.650697118255298,0.642377628755891,0.409146112845486,0.442283830244008,0.615808928495629,0.478867912872044,0.518344462113481,0.524021567158624,0.378999395897983,0.531615662738931,0.346716943451894,0.489786705070908,0.805686660497354,0.492074092395614,0.644278285038865,0.502395302498079,0.313602198148802,0.474367990228569,0.465675352021545,0.362759366303813,0.324397347216922,0.573925604251265,0.661511476196221,0.592677722082053,0.309748078481085,0.787870878815774,0.583768321822098,0.488633704466168,0.373992757810381,0.731478818384071,0.492192425498096,0.506325210948433,0.614164342205494,0.380414479946669,0.479126602074046,0.444286541228925,0.441551737647856,0.519604049991917,0.681450949934449,0.58486568288199,0.464847595405322,0.289165751173792,1,1,0.909090909090909,"F",0.0329082034325303,41,73,46,87,0,0.909090909090909
0.603773583264184,0.661302993204684,0.527802374678484,0.491705569696035,0.514617850293064,0.443212248830459,0.602662104107376,0.476779104708313,0.525935444377648,0.642176007293249,0.266752390241949,0.408814051346529,0.455517861011718,0.549424727123594,0.544000338070487,0.162176025093442,0.30637760964139,0.538204788186326,0.871799182719,0.481923627689314,0.473648125938985,0.170552213464917,0.413501737680447,0.376948347646841,0.405590433665038,0.468639801677478,0.46092061155058,0.36154339964698,0.454076417909134,0.85589428307507,0.176942290809486,0.496406222141922,0.486710049688009,0.25236117992504,0.671209595810002,0.745075372134469,0.535596518526554,0.549478264645541,0.528325753693872,0.733632719730038,0.340537601353369,0.596485056426207,0.525096303287099,0.74756323704192,0.361375094924985,0.368446302137673,0.672846234252627,0.749692054060109,0.314744414471607,0.125738492240899,0,0,0.909090909090909,"F",0.0389165628891657,41,73,46,88,0,0.909090909090909
0.555958031046195,0.554919183089715,0.183816708796957,0.662174421885154,0.628363371235597,0.483593789909132,0.23579166706205,0.318548519279223,0.478714530759836,0.525829225011991,0.458769552024558,0.520325232781738,0.847733098033766,0.380069525193186,0.754805318373098,0.301887229211458,0.713967829363722,0.476841803707761,0.586161683614475,0.520875636681765,0.162952566348722,0.548739803461357,0.161777764223668,0.519466078227701,0.576323626359291,0.37613491119662,0.650189337165421,0.317634251766407,0.474156389446844,0.338437365682584,0.641573729328463,0.581371762272424,0.429385397245724,0.380548607975475,0.543246977751949,0.738282263341969,0.729065464700792,0.681750331328018,0.717788042932691,0.813561441340084,0.479676570572354,0.195322348575055,0.765397260393665,0.346596525431686,0.693831516081359,0.374246172723379,0.646433787635966,0.48329963754247,0.119862774283627,0.238357570039038,1,0,0.909090909090909,"F",0.0313267813267813,41,74,46,88,0,0.909090909090909
0.616419279205467,0.589711141519096,0.460807149750813,0.307919358245865,0.473009816640367,0.626469365497626,0.522460786034933,0.478715564177524,0.809453169848457,0.564700276017528,0.600158682155573,0.58384195358274,0.627325522906395,0.558320059870361,0.758795874950056,0.269022988010329,0.303112846997488,0.662907398050363,0.466681970348765,0.513773786729673,0.425903809175013,0.439065440902879,0.462520931291683,0.394593245921334,0.4186848359334,0.64630380612537,0.755067933004063,0.56958112075356,0.455713123640284,0.728437404508309,0.584212099590006,0.626466142842812,0.477480443336054,0.644358628302396,0.536709522114858,0.752699571643723,0.54777403997027,0.358378070411611,0.521526051333485,0.700886217519244,0.606594211630722,0.487986596682227,0.494468821893894,0.74399910693887,0.685180787264801,0.461762453131452,0.398241333440896,0.316620462044263,0.272277714210349,0.300669775736627,0,1,0.909090909090909,"F",0.0259641664136047,41,74,47,89,0,0.909090909090909
0.401090848065424,0.645868242324757,0.561552424674787,0.451484716237448,0.63473139497769,0.483231197633664,0.681653890140658,0.54452724804114,0.863054540574422,0.552432195673724,0.55986214337858,0.587805156961423,0.507008175320999,0.266193530928561,0.651666396373321,0.462097899985564,0.298298301784051,0.287365220837432,0.419494340705183,0.456848353958889,0.336759903863515,0.390742695921829,0.366144770566853,0.448201529248713,0.492690003864134,0.557047457133266,0.719765673331687,0.551874352504856,0.316006329215302,0.934314492770716,0.699514543693036,0.58254915841215,0.44990478961182,0.40457154323815,0.562722164334778,0.548372175647838,0.724764923027634,0.517295496621074,0.315216884041183,0.40088498769573,0.648799528565593,0.397208178791377,0.536763994006206,0.648401670940648,0.157309175359972,0.784670931881689,0.494582759923369,0.482104803497809,0.500100748657366,0.324340704694595,0,1,0.909090909090909,"F",0.0207207207207207,41,74,48,90,0,0.909090909090909
0.696596517041755,0.399236017176102,0.599185087230191,0.562068401077953,0.464991341275888,0.513474794085161,0.278998322153121,0.496984259025642,0.604207588017963,0.489575854737538,0.701452717884741,0.471956068731691,0.476535130135423,0.719368323514273,0.523042253981241,0.408702119984953,0.566814078734264,0.493938334846245,0.267105084860008,0.619647894929834,0.28785260655816,0.545821826128167,0.585551651809691,0.366820955396519,0.393179800039751,0.58443971192173,0.422928974435075,0.405319211784626,0.423352605833411,0.559261126857207,0.519011371132248,0.636973733718996,0.427328352815986,0.359077723929753,0.674428708025625,0.199657213643356,0.414506590422862,0.708227426308013,0.410366072137437,0.447797460375193,0.357037530636484,0.288814706370241,0.350689322324921,0.563828080886017,0.647882728295211,0.627075687975827,0.580075273756236,0.54482873486103,0.55024852822587,0.313654880187065,0,0,0.909090909090909,"F",0.0265815265815266,41,74,48,91,0,0.909090909090909
0.671038717997946,0.681593021934125,0.691420809056084,0.769575472468103,0.475732989451412,0.775619273625304,0.278878261022019,0.435323155366597,0.894359616933398,0.451262289953223,0.648344296209454,0.419446904709121,0.406770138474705,0.265038642009628,0.287957297985218,0.196289407340141,0.36333790065708,0.49545602373945,0.660132092560715,0.339442154260402,0.590104241135407,0.474269762384076,0.842085634698463,0.613049107165186,0.461875852269909,0.769907424734314,0.528058752268386,0.428985460858341,0.430114151572786,0.453606799004484,0.387759235660362,0.63490945152686,0.44068337718809,0.538723915587243,0.467492571272498,0.404003173685805,0.824144953154356,0.557590969847979,0.546119424238588,0.588140886784683,0.466222192768103,0.434603737923694,0.329540977549961,0.711799344677677,0.378065501623553,0.613472231869358,0.124435200221733,0.46751880294124,0.616105986430326,0.705556431770254,1,1,0.909090909090909,"F",0.0325274725274726,42,75,48,91,0,0.909090909090909
0.522249837985533,0.564402573578258,0.648907238658394,0.499522218315006,0.561858974025447,0.38805222630151,0.52187125483374,0.756066254118257,0.88482122929751,0.392904737243728,0.714290844676202,0.425802306546389,0.321570658739414,0.648006267088555,0.592745174500523,0.260959560339023,0.480393966561996,0.442794577522841,0.451614177278667,0.633726215856817,0.570161928961809,0.250941414314512,0.395998874885098,0.503506231552268,0.630026001198276,0.422269855234053,0.336198086979877,0.634473790146819,0.377472229628082,0.749024921272381,0.402794530329481,0.534946196894544,0.446673997096452,0.491232626761792,0.571514437805107,0.395534843088198,0.380168242799638,0.754187778806105,0.456762043924044,0.478281877521783,0.379311491751726,0.147048309300375,0.387483610933113,0.399860616240492,0.279574483826126,0.340364699543912,0.422364852422168,0.618670103465621,0.774714303914473,0.476199409419513,1,0,0.909090909090909,"F",0.025159051474841,42,76,48,91,0,0.909090909090909
0.38175268785314,0.565109454782177,0.523831923608408,0.532921928790161,0.483503675624945,0.490596691462159,0.763784736420109,0.543019856622053,0.926746470670428,0.439187504973435,0.79068233808471,0.454329834844225,0.32379505703526,0.502041779692292,0.407144619906243,0.303583918776614,0.583278042249887,0.389549156409593,0.59732348265839,0.409572698634482,0.685561693850862,0.41928065985656,0.527091876810169,0.450257903417096,0.868815830283934,0.636093861282017,0.453443974938851,0.287009358928018,0.328797737025085,0.572259237637691,0.349276249268736,0.396017884418326,0.399526622609491,0.467935041639868,0.599281187062367,0.496295830493789,0.465112369977533,0.579337080529121,0.197180817809652,0.914272228815479,0.455314817367867,0.495612015633465,0.510776559258256,0.615980897956175,0.582796970081754,0.491945381899097,0.516083224931471,0.624611899087976,0.447380735018865,0.639466208229195,0,0,0.909090909090909,"F",0.0308924485125859,42,76,48,92,0,0.909090909090909
0.511648119518965,0.518972351655236,0.638541683550983,0.58115618343645,0.537063459148302,0.451491138826742,0.51113682801773,0.920677557122355,0.818942097695194,0.580736592303324,0.740467991328505,0.306223290121185,0.602321713409713,0.678895967260111,0.52620216615902,0.677665550593101,0.578782973084572,0.628094197933266,0.16797452360621,0.463584119235514,0.693692696142285,0.306015455955163,0.368603985815872,0.43959084368828,0.553336803713714,0.542541955647189,0.578559771119725,0.311791130505199,0.722532664749983,0.159803267050181,0.526589406852217,0.54122483137008,0.537398383397907,0.536432164082778,0.61404926232445,0.383214075569092,0.424136136032401,0.559724993064141,0.542311713441088,0.292105369866319,0.371463841644757,0.51712057640453,0.465210524584382,0.626571416816007,0.382508178957865,0.707850875548672,0.387663573122581,0.338510871760659,0.28055634998762,0.265161195080795,1,1,0.909090909090909,"F",0.0367024280067758,43,77,48,92,0,0.909090909090909
0.527812130486648,0.622853780893728,0.714356447643466,0.461993367773368,0.63292394859212,0.758377996849818,0.640099516492438,0.664644371478372,0.955414437360926,0.461565844638552,0.494932831302602,0.254204423934732,0.541134115055045,0.314497232826927,0.486537722908904,0.79426614573923,0.583447409770052,0.267554179189481,0.260839085790781,0.411132368036486,0.530459380308843,0.429002055014622,0.627439508022101,0.390065113504973,0.431489958925321,0.79157546074339,0.457397617755403,0.460521322856962,0.218825333723208,0.385480323120275,0.535660057947634,0.759714274315486,0.337947316755103,0.37260114069479,0.384249092506886,0.652069634853293,0.538529257458135,0.561707340060614,0.309029022523743,0.542355649741739,0.412922053332736,0.45037654374012,0.778964562596127,0.437683092791178,0.633652580671471,0.75404330176237,0.423227103828015,0.294132271092438,0.292614996931637,0.214224080811089,0,1,0.909090909090909,"F",0.0315598380114509,43,77,49,93,0,0.909090909090909
0.730619257359451,0.647356966831959,0.513371026189511,0.452245202378266,0.446734612792043,0.77731773182317,0.385473420102236,0.343619690639359,0.717429551430433,0.459169419114069,0.559225298321006,0.366169544843127,0.647607656135038,0.493947008528621,0.761666478352267,0.329239007234731,0.818178754720617,0.376921672403504,0.740126520231713,0.540549927209234,0.497935648242742,0.443936490008917,0.328587593078052,0.669498453042804,0.298608330235192,0.487373591810935,0.611868711607667,0.426185699174278,0.557740515509906,0.508947790804726,0.322191802840567,0.455083714329233,0.346865309145524,0.435554877822897,0.754848189790913,0.750872939986792,0.520053971693705,0.597288266661297,0.628170170212951,0.54560322616641,0.842782850061745,0.692895886341316,0.579549770529765,0.610989715051961,0.38126905183446,0.636799415130669,0.637165225036217,0.346934483084824,0.315751360516468,0.240605661041137,0,0,0.909090909090909,"F",0.0371649626968775,43,77,49,94,0,0.909090909090909
0.570498150058187,0.630815824834812,0.694624264094197,0.481302542700257,0.720007484119816,0.448850110633392,0.638078807903742,0.512497553884304,0.865587845890708,0.43414600205524,0.460574371889458,0.269745793683036,0.497969285969901,0.711988370685477,0.633816520361566,0.301871891628752,0.538571089902926,0.621339091728803,0.232967782535237,0.590250451621094,0.480158907034168,0.277271613882167,0.621432557274891,0.307397427078339,0.602679555445653,0.44472695915322,0.507107747722298,0.537607067837154,0.453300811533529,0.580398786811822,0.26560729506666,0.572860256569028,0,0.0808979148615617,0.693714344315791,0.458653070236115,0.359132835510873,0.642483546322146,0.598481684438316,0.423095246671914,0.439282061488469,0.460510270867837,0.440507774941465,0.721166969715904,0.42075504319239,0.413135827605781,0.363823911484052,0.809495460387682,0.545811205266602,0.423747372536108,0,1,0.909090909090909,"F",0.0321257689678742,43,77,50,95,0,0.909090909090909
0.558088085351545,0.40992321412319,0.557946292008524,0.51583676938491,0.550362262528105,0.546606743931985,0.315224284003229,0.484968571795144,0.520734029497907,0.537470661844597,0.579788526911642,0.343140436003641,0.5271580230553,0.582715214639504,0.654304945596468,0.395207384846341,0.499016955893486,0.52969481006101,0.624589841461165,0.366948887588561,0.389780823780906,0.479434888784772,0.433243689711874,0.620319044342213,0.595991295476402,0.478683356200252,0.421974274206597,0.391666844387155,0.412128188422695,0.441971194704815,0.587310094838453,0.343364205697532,0.472706474745052,0.217657220571288,0.449531890947718,0.46326098764154,0.565037416996304,0.370941148211699,0.691185903081293,0.453228674641582,0.372526121896798,0.301241003270149,0.756149637975003,0.52889084949058,0.631552103429369,0.503245558411194,0.572147721204663,0.423278994500057,0.430583547867342,0.184341958125337,0,1,0.909090909090909,"F",0.0271915584415584,43,77,51,96,0,0.909090909090909
0.323722670347576,0.417521369154113,0.518224753804112,0.47717915425121,0.594805900223394,0.490584900759657,0.565980212403463,0.353066204882604,0.523025890761585,0.55725333177294,0.544484807195209,0.526272555438784,0.466492370896396,0.279461952532263,0.439646570579531,0.618974420983354,0.44328897794445,0.419282224451761,0.896568794450299,0.659100436861074,0.376600338867372,0.30978065168422,0.449238918232716,0.342826510838272,0.405557726549729,0.485294224070216,0.408160513267023,0.736075042767276,0.247838819567741,0.505466825524198,0.402527424441307,0.452769745720506,0.429997115654472,0.571480509644998,0.550706457658702,0.675761659358219,0.423740964332449,0.48494812397055,0.642006153690428,0.630317137367799,0.218765420670618,0.599407279505428,0.504023528171847,0.325123399263833,0.343783050864441,0.368223773130038,0.624593258589986,0.269157168715699,0.398245164811744,0.735015316877854,0,1,-0.9,"F",0.0328525641025641,44,78,51,96,0,0.9
0.539217541291576,0.572059207879023,0.509685388110503,0.225692006753108,0.644727901931472,0.279250499752642,0.289579642376904,0.557358559019285,0.647743549228176,0.768929032051046,0.615199671798323,0.845886313235997,0.329327527881871,0.603696545794915,0.710946267568353,0.278447403342164,0.216001904978666,0.564332770175443,0.522583101753641,0.454529146571123,0.543560920583706,0.429058392760556,0.446330610467186,0.482197974328829,0.437186885158866,0.416592813223692,0.626529057073195,0.369749914037274,0.497963584575101,0.718489057653749,0.339922327998973,0.648524701379081,0.0201936440566106,0.579288258022187,0.376655821912898,0.532722571931376,0.431946707797992,0.786254460460511,0.322914382693222,0.567647016269691,0.518819548029657,0.643579362704967,0.362956057056598,0.652094098533603,0.634265225600386,0.736747960035583,0.591104544802449,0.461486759718134,0.762317440891373,0.596964080836035,1,0,-0.9,"F",0.0383293682262754,44,78,51,97,0,0.9
0.464647227796975,0.633922913021484,0.411579766242424,0.237201726702995,0.552233293008864,0.326678302976001,0.268740089377708,0.69127015106951,0.666325519640551,0.475568118384433,0.596958961172759,0.329174766328549,0.274462562156907,0.382065655069311,0.725954439284095,0.509911683348148,0.318057309079174,0.561839474608626,0.568065981702136,0.429781112571309,0.531523194806989,0.279190953997463,0.288037118354938,0.479814728195664,0.587950957315084,0.616743928158954,0.529265714146627,0.375616111683844,0.233757306175247,0.544442923626283,0.1329782243435,0.577080111095423,0.531889012233484,0.57752456419016,0.633080292729683,0.735984887641217,0.276741679291266,0.500803837286156,0.631804130228042,0.401647665742473,0.663479707760258,0.261291756094563,0.793391485889121,0.597755848050996,0.445334870842984,0.406368163694992,0.566066538749629,0.672652729052807,0.311125903648983,0.682373717771346,1,0,-0.9,"F",0.043694400837258,44,78,51,98,0,0.9
0.413439209700124,0.485511685742737,0.258646807890439,0.0963020301379634,0.487731655682778,0.534992199932395,0.615953817781495,0.489743431639277,0.647650308865312,0.461271911272032,0.251709054575623,0.291577426607107,0.748154022351162,0.740006449046845,0.475404828325759,0.279616959226991,0.468399657186221,0.589773329915997,0.434915455384359,0.421583039069701,0.195004730121886,0.472432825877494,0.439566757292119,0.376160763095128,0.488305417545169,0.581846262202733,0.51772439420227,0.696856554522687,0.380312582302317,0.375908686845387,0.555461045608227,0.544282350118228,0.462117172718589,0.725132358974309,0.507762233505527,0.600722529981426,0.571803767527179,0.423860356519099,0.572962296628358,0.391896042965777,0.457175957184904,0.213522486417366,0.445766472155128,0.435254100606546,0.461655851081564,0.643097852383216,0.561339066115312,0.696883848803764,0.634602669060877,0.504157175049758,0,1,-0.9,"F",0.0492120898992509,45,79,51,98,0,0.9
0.410902736875452,0.259018284802664,0.193914501481413,0.626813076120196,0.405065114136393,0.445513991305472,0.525091465482424,0.420288074572978,0.394047598490621,0.563859321049274,0.744660351699176,0.320977513377342,0.674120562940855,0.592659437820838,0.548301124127345,0.397633934765478,0.301464736793026,0.509162702055728,0.683024646677247,0.631134949963144,0.493256367818972,0.281513543196842,0.572920063775772,0.349564297596439,0.560660648947733,0.651264652083999,0.393125882780205,0.626292829016092,0.547907387002108,0.521980245567263,0.566079439746549,0.372509696748646,0.707897722311291,0.482250690498248,0.725366482734351,0.394466570099244,0.484300893927944,0.288604311087549,0.457742688159254,0.753931942326468,0.628022426192118,0.387851454747068,0.645477070064797,0.586964138325408,0.377965456027042,0.418070680136594,0.715216293974256,0.799726111400072,0.52362183466212,0.615293131798652,1,1,0.875,"F",0.0545918367346938,46,80,51,98,0,0.875
0.51690312382796,0.400591299564238,0.319254822730124,0.275945588009558,0.345507401199924,0.611554662281782,0.240258815145826,0.683474455476833,0.240375860224631,0.276672488524832,0.717866655546825,0.165972541104213,0.660231831925249,0.298943002434059,0.56423976528542,0.209450579522255,0.387605536633853,0.419535980498729,0.680318174958976,0.526509736220725,0.218248580717562,0.0685601790852301,0.512411285200605,0.372189182842296,0.59532255927265,0.624883136919845,0.441692687808405,0.538173723246762,0.318094554352053,0.480000108422661,0.559960719796409,0.580985635584408,0.623407550834717,0.247073892488533,0.352352010630583,0.532460303265565,0.565825954259867,0.446757304802434,0.671305877076065,0.414243727683354,0.255284122851524,0.772480404508393,0.468517017459622,0.661717436373023,0.419784271870267,0.406044501486774,0.312810278839338,0.331891904727537,0.539241678712254,0.655057666830631,0,1,0.875,"F",0.0497474747474747,46,80,52,99,0,0.875
0.554325880850408,0.421577396797456,0.379802383914887,0.208357500122391,0.568492069346055,0.601273177153984,0.484202750419891,0.48497883380095,0.845994742749984,0.474378326782178,0.673938584575534,0.615153116958694,0.763058128492579,0.466028638072344,0.234290335954645,0.265963842365532,0.222529714140275,0.364109601734173,0.291287832707211,0.502364317498427,0.361419398065008,0.682412360615385,0.36241786743302,0.687520746047444,0.323872858906887,0.635964638615252,0.678175093430912,0.556719285715351,0.463963453161464,0.792793060001033,0.302358877711947,0.459424061815067,0.707724470456649,0.622268901549592,0.631029416603264,0.577146232198678,0.577713530190221,0.319612342365955,0.521951694704876,0.558340426581732,0.418745073041332,0.456708333215678,0.660768446831793,0.549780524838001,0.385437758188003,0.436201540286714,0.333634173825501,0.553811246767169,0.485877343290734,0.583394661688626,1,1,0.875,"F",0.0549943883277216,47,81,52,99,0,0.875
0.533312627638241,0.639671039501967,0.694397720279529,0.319981224359429,0.853388269736082,0.444471132331526,0.440545379612963,0.565207345560166,0.383869798201703,0.666129289855341,0.724891205739789,0.35778711241926,0.26748401207767,0.654450359135864,0.697171407090404,0.393892725173263,0.317790526828494,0.285331984897743,0.146452751366679,0.273201583236554,0.384263964316478,0.454921322062019,0.401336151476339,0.454546840270259,0.542351422447346,0.624951729416497,0.594109086354208,0.385511285372026,0.678079731371489,0.391743127278015,0.422954950994362,0.581232720481211,0.578895673488417,0.48304254910735,0.401563829609417,0.501077271864021,0.417016161685814,0.483343949100287,0.516971567888756,0.500735637385214,0.657156615061775,0.847916379949392,0.713005273787515,0.587996812087389,0.25824490212966,0.537222628979883,0.647649011337757,0.591803616799996,0.591148414566011,0.577237166541087,0,1,0.875,"F",0.0502469135802469,47,81,53,100,0,0.875
0.477699318758666,0.312989499066342,0.302285515643397,0.542674826525519,0.509062393631873,0.402740838492656,0.663572818000295,0.605259644242252,0.673367185037931,0.604549362610705,0.826292163933517,0.686515284556304,0.251532309665631,0.875866956815022,0.602270167471644,0.539654574272623,0.569527854230114,0.697167517977889,0.622819468138364,0.548270745898808,0.337974134098704,0.497912894693612,0.182396624097784,0.568389623757589,0.631180920084405,0.752904286598856,0.41894704400706,0.517296462512782,0.540881544966443,0.5633437951517,0.264768854941409,0.354642576514506,0.989478175228665,0.39845246053028,0.370393069409546,0.624241872421717,0.377812427168264,0.490308907872484,0.500770151300727,0.626303407007793,0.382765995303989,0.388244903716951,0.255546307704474,0.394752861666421,0.39867425615693,0.523991805188487,0.56780859524929,0.487263325155026,0.21823170854705,0.645758404712111,1,1,0.875,"F",0.0553658536585365,48,82,53,100,0,0.875
0.411839656338678,0.720092676144551,0.479775904193318,0.478597832707642,0.403160129377096,0.508356412130154,0.548458937518592,0.734083947427652,0.29222718213845,0.416751454412811,0.679285202822119,0.452119711519391,0.465538314069318,0.535777846474332,0.683680497312068,0.562645032723097,0.596648102479778,0.489188669673952,0.3019822247797,0.720873941273104,0.344489318366062,0.45409408607276,0.357767946561647,0.446694393256322,0.508500375743858,0.747074159887172,0.525044828743037,0.859767565129018,0.372170608978513,0.285877944400978,0.527843362078119,0.641685539894932,0.724495635466036,0.417991248548976,0.63727029022536,0.486782831500854,0.562643478340302,0.611013279325861,0.399014259914908,0.555283733353275,0.668084386528052,0.414138159636394,0.559664771064496,0.397371686006122,0.215998746461571,0.266406784533641,0.411126521152148,0.628469516163181,0.461017765766596,0.538057902108429,0,1,0.875,"F",0.0507123883120019,48,82,54,101,0,0.875
0.539869155239788,0.693340729892501,0.571200057990173,0.596869844765285,0.35552399654593,0.591526176045976,0.363444599137916,0.722863459599954,0.400929304209607,0.459776269222388,0.107713039521098,0.344894351598191,0.355747187114358,0.531541125477944,0.729071846804119,0.637481268093674,0.610090681439185,0.478026110392397,0.413058949666213,0.726304294453891,0.304472283530142,0.249941265830756,0.695388396100775,0.36980084338639,0.395693970556893,0.411706931477403,0.630484861868689,0.391377467267257,0.218326779081498,0.400210414914192,0.369454492650691,0.22944712578347,0.730379044994348,0.645128496179583,0.247159698874441,0.22056055971809,0.481276835455605,0.607032323331854,0.572212071331981,0.665666371999755,0.442115658053487,0.677816712775773,0.399557171959676,0.512776729867609,0.255522414926944,0.560563921834055,0.586155258026667,0.338816522324183,0.603928342445668,0.440045301498156,0,1,0.875,"F",0.0461501673840268,48,82,55,102,0,0.875
0.462762371088829,0.194157009379903,0.57359891075073,0.529064012186349,0.497645222091617,0.264243421302753,0.500378626748708,0.630707018883269,0.641900384068729,0.39923494518843,0.599788364833873,0.614863393162049,0.632658482180158,0.69853930544205,0.511024326765896,0.610196671459314,0.378769911332739,0.41465614676636,0.470542620532076,0.789118839198663,0.349166113535071,0.379221889461245,0.679635963235504,0.445718542031718,0.566793410797185,0.517316545438297,0.481675721905538,0.291421768373851,0.334112745668382,0.447646605235745,0.527596694382737,0.458432401688838,0.609884158625796,0.541845206625867,0.622692797036254,0.550210658820459,0.641584721816342,0.360528765256245,0.520026306437839,0.513913315355426,0.460346515637694,0.782067172094673,0.213714488386439,0.278163902022867,0.526707629953274,0.613617583044623,0.390302772500429,0.38486022353847,0.625732120149546,0.903481397286393,0,1,0.875,"F",0.0416765332701871,48,82,56,103,0,0.875
0.753480793604128,0.354398232514622,0.281334433914438,0.602708773638536,0.471203405248646,0.631850808054599,0.400226244246075,0.27798211846706,0.418026260809172,0.531284801211028,0.489832136495444,0.353955382719892,0.434005275458513,0.666446832598549,0.647316440420388,0.349910907001157,0.583511933182589,0.39902840785731,0.221640141941072,0.627516055120588,0.42651322436608,0.577626098927199,0.580475660743747,0.485217845200257,0.472002728190603,0.76313082596591,0.322531117295226,0.545292587451606,0.580027423706581,0.507402985933435,0.190312310920871,0.580810524928267,0.867356226764883,0.600140545481914,0.232148774627386,0.513881351455215,0.668660706018668,0.224625161607174,0.539557969144924,0.871856455300555,0.665880406886661,0.684339610789762,0.161511070795606,0.546592047531182,0.480002055484072,0.82961408540856,0.569557897681002,0.401274845972575,0.341689180328248,0.411301910651624,0,0,0.875,"F",0.0469043151969981,48,82,56,104,0,0.875
0.470940537761091,0.522829348504921,0.643514284240311,0.563088809836424,0.323806953828915,0.374073593205502,0.24256081833706,0.751846527146792,0.581815140695065,0.248611911052271,0.414218415006287,0.405136545878673,0.686302728619051,0.348045995624092,0.684153020017137,0.375959182981656,0.639065533053516,0.41215216379112,0.386555933930622,0.48301715506481,0.625801048171747,0.309933478449541,0.687164100295172,0.433870656634938,0.318613644083584,0.484209399018341,0.634444577110643,0.471072419867535,0.533977773713466,0.691556666138377,0.582614857451724,0.686340849261081,0.662150103886678,0.239152181166243,0.329900218995859,0.425199670686359,0.833284782665906,0.386131066899432,0.570874753235822,0.408277026931523,0.603649287846829,0.369873271584359,0.550982304448857,0.312003049664145,0.457151340634822,0.335026478996448,0.451084423469145,0.444685048462288,0.314471789882077,0.346963108419859,1,1,0.875,"F",0.0518999073215941,49,83,56,104,0,0.875
0.295754237901714,0.515796801862839,0.510358086040603,0.44590805316205,0.46127174821803,0.591064514485462,0.5792041859329,0.485165403130176,0.469530732489243,0.550657989368719,0.433830356511406,0.288628858180198,0.27796583068969,0.647385009450962,0.589545556732502,0.442561302142708,0.235562840492437,0.502080662502434,0.352925527650526,0.324233795939721,0.386768861219614,0.308796414324476,0.342289942565159,0.269650761390683,0.328121630530374,0.741662295033693,0.511356481557731,0.590463863793283,0.548378311774999,0.651611838199419,0.361109116478679,0.306164476411844,0.667399695954979,0.605035470895167,0.621750900361494,0.334262521427525,0.838067510295756,0.483025891517079,0.53319019561299,0.481002995164847,0.366846164981807,0.431005818581145,0.610926648922871,0.399321291045175,0.589193265193086,0.353502237501299,0.456239298445272,0.783875408788838,0.438913423827395,0.800047448549613,0,1,0.875,"F",0.0475043029259897,49,83,57,105,0,0.875
0.682706166182396,0.544061659961798,0.607328696724615,0.557643152456887,0.603494917653143,0.50507901848102,0.379028074222731,0.380130744753325,0.552296090287441,0.654824478409417,0.54675366072018,0.434454076970292,0.446636782471969,0.187244684826008,0.576669405488404,0.408682045151848,0.592000442948439,0.676936909861353,0.61211145637103,0.449542389459458,0.596351863868089,0.59648950680806,0.338332944254559,0.550203633623662,0.458943582055006,0.701711754787939,0.337678194646671,0.505220679949269,0.45338144217029,0.469577366226957,0.343655690784903,0.530643577367401,0.705846275944378,0.250364894441697,0.678505906507055,0.427618264664927,0.591297333892777,0.416912563054428,0.785403915758024,0.383353703016893,0.22610753345954,0.75893759801532,0.786775235388423,0.558929585527219,0.506096959580789,0.406983717082475,0.413518574202703,0.465241007953865,0.38101606453537,0.411012906054084,0,0,0.875,"F",0.0526255967265288,49,83,57,106,0,0.875
0.486949810575632,0.650072252419778,0.51460910283763,0.443565074982822,0.48118678430708,0.885882594815961,0.40976764024579,0.435189596807517,0.281664458071539,0.5674792061069,0.238308451180922,0.734942150203024,0.5007735039236,0.605129662266856,0.623196022015831,0.0579533458909415,0.606779176690608,0.513377878877787,0.430506199996028,0.447071857186573,0.413406524921043,0.614747961398609,0.378091888119616,0.354209646519715,0.339983352715777,0.63664083407405,0.505090316079508,0.531611926313082,0.599364479977903,0.631817199480567,0.606361567277117,0.461810015510362,0.733277693633649,0.556745181160413,0.861480165378815,0.687763579042951,0.174767908227572,0.325606643975129,0.331359070378638,0.545098661007141,0.507987668590257,0.587684212815341,0.558534613936531,0.457135766030593,0.365656215709727,0.356353288080166,0.377005625421135,0.633008527978055,0.726916965018394,0.254240191421183,0,1,0.875,"F",0.0483053710167775,49,83,58,107,0,0.875
0.44838677034068,0.642758214759554,0.602997388012493,0.293513981162941,0.503598073006635,0.474717565060087,0.725536781091688,0.443898652039713,0.254396366848567,0.569982520514387,0.565344496186412,0.444550546832771,0.429943368615882,0.706244677944091,0.520160560310671,0.566609478945777,0.632253077202947,0.228996242161527,0.526565311122542,0.468518626692919,0.853074385365193,0.437676653578251,0.460200672786871,0.65966942448295,0.525061382942264,0.358218395767062,0.5235922982717,0.334047160719852,0.657770649995156,0.128014048544869,0.517047529200558,0.35610701502317,0.316887366453041,0.521260824748853,0.48907041721039,0.680966296607658,0.47723572842333,0.639144120786828,0.315511334944331,0.526364899029532,0.446681097477629,0.707910829061069,0.750229450709361,0.676027838170372,0.610803864848398,0.57324096225947,0.593757852201965,0.403194485494572,0.300536823739237,0.572126965498474,1,0,0.875,"F",0.0412772585669783,49,84,58,107,0,0.875
0.424555857682163,0.350465446540126,0.367703703210724,0.453072923391338,0.547686545690294,0.456554401338517,0.287312117881185,0.30009456548997,0.489444981102234,0.467364506675457,0.777327076273417,0.35288118060308,0.340492698343415,0.284779251017657,0.218887776380388,0.444099691248259,0.45107642769203,0.362302759261152,0.336623087567125,0.472692134636978,0.230850018051194,0.630683381447929,0.47988886477108,0.526903743392124,0.396597903356479,0.367046091117851,0.47123266014456,0.686710423273246,0.500759184017652,0.670265980597655,0.315731416778406,0.692054869613411,0.393565733943064,0.514979741903149,0.316348419269507,0.564375254429665,0.498723868072621,0.408587929461359,0.391686670177524,0.659110943046771,0.435594292283881,0.7694175370766,0.467775987146388,0.703795121365665,0.479686647874583,0.669443098041045,0.609183889911892,0.547971616268558,0.451315405153388,0.46146149662888,0,1,0.875,"F",0.0370370370370371,49,84,59,108,0,0.875
0.487133929498721,0.49739909857422,0.532521936005095,0.517134019832289,0.461011742719077,0.458732800730398,0.476252828317263,0.146067657356197,0.41729890166063,0.46842121523879,0.599608374087395,0.5468928167527,0.360653581487561,0.781267498261776,0.547713900475378,0.541436826158767,0.467588724530115,0.433991919379802,0.442699939172959,0.573746871675179,0.866455231996869,0.294557620955503,0.451983375432715,0.296544863641427,0.47099874209342,0.470018914003099,0.68677304427345,0.578771824279817,0.314633159178861,0.522167365452281,0.311109674423533,0.477822938416419,0.329409984434136,0.530784969996166,0.510630601958979,0.29368851205724,0.482763525339941,0.542332963477022,0.343709847405444,0.427314594015761,0.489078733633536,0.730369701123664,0.725607285436234,0.44252124895352,0.551036146612431,0.510429314711836,0.719808235740747,0.43283739866342,0.507313782218353,0.447731813487855,1,1,0.875,"F",0.0419389978213508,50,85,59,108,0,0.875
0.582553181139785,0.662822260867915,0.459541678148424,0.300743339887989,0.610626260723349,0.449232243605983,0.775805072602183,0.526880461758271,0.516594708341386,0.198879085174291,0.987471185997103,0.614985356021783,0.444116940003704,0.601788082366432,0.543627717372608,0.335053784039338,0.521290525605541,0.422928197818971,0.727936065589964,0.638961625429929,0.298894597858108,0.261097762325912,0.566418852016491,0.69791050546824,0.326960440838093,0.676069663868335,0.287646158022571,0.422115357217417,0.450472601968049,0.482010169335501,0.428328453674497,0.638760724256571,0.486602985520761,0.383393941406243,0.580068610650859,0.339580720328229,0.737028034293853,0.493172931588829,0.683934075118269,0.690292956970274,0.616249571814052,0.184052469822325,0.509579692037942,0.388362181161431,0.501731979271306,0.346189566928146,0.435640181634136,0.383826985481844,0.643749315120068,0.564287135337935,0,0,0.857142857142857,"F",0.0469508904479223,50,85,59,109,0,0.857142857142857
0.372740248976994,0.59332650610386,0.386208949217902,0.224350807537513,0.535635145363774,0.0704743637821255,0.589287522861953,0.378882190224461,0.435121503581703,0.498865680603536,0.565667150550573,0.511711849672978,0.634485166743868,0.627029104213675,0.45312026214762,0.353482996223516,0.590705887616976,0.237829955156188,0.291056282437607,0.584620002820058,0.328891787565818,0.687480911385968,0.515854865460922,0.482374336301235,0.404930955214245,0.607711599702245,0.444885311229713,0.25432880865668,0.462415723519953,0.41452137281926,0.183156193798562,0.427189980397618,0.207492856128446,0.499846402363365,0.673090623723061,0.500681038970628,0.699046496747854,0.517372431153009,0.428423527329225,0.836269368685292,0.633063441463553,0.334745579636656,0.405252270324427,0.572814392320343,0.624963029087468,0.431110464823408,0.577945039965477,0.760183998343446,0.278696377853077,0.430917131337289,0,1,0.857142857142857,"F",0.0427807486631017,50,85,60,110,0,0.857142857142857
0.36598333059783,0.197923641012909,0.409471202471367,0.401310090837926,0.717440025025519,0.695860061424983,0.493518254894081,0.697285802219683,0.369782479820831,0.421331265240145,0.725796416214795,0.471971626376123,0.68872954870238,0.496383087834254,0.777208522237088,0.65337049814029,0.861215938849043,0.450560669345452,0.310281649179138,0.417217227099043,0.45037238817005,0.461159450484788,0.340729391110323,0.620288696170968,0.427367448862356,0.532257550151642,0.379568041845557,0.515409711420271,0.726965470771989,0.517208478273183,0.49550041067369,0.617246661952943,0.0469225407862762,0.453987153207154,0.745449532676042,0.314181896007725,0.759824966353719,0.291619298865976,0.458289022997924,0.735911151047051,0.686547179732702,0.38124973369903,0.485700731109009,0.351183824473558,0.549085041481979,0.524238331340042,0.350324867039529,0.563285381748455,0.639599228140189,0.582276378367284,0,1,0.857142857142857,"F",0.0386857445680975,50,85,61,111,0,0.857142857142857
0.38339836278888,0.50530829550644,0.362789101534676,0.40808796869423,0.494174795320897,0.815669683295462,0.50709938802816,0.569850590763088,0.513292612571895,0.606242328335718,0.558410465704333,0.169883267774359,0.440290262907819,0.222601371856191,0.551276249905202,0.518628547423333,0.379803763597114,0.289032311709451,0.571613279101687,0.446532576219711,0.359089365752415,0.365211597633522,0.468360890206814,0.609250240983884,0.259188928817904,0.348491840955993,0.686922798047357,0.216218307426677,0.490935079536836,0.467514386141983,0.562594535761384,0.328372557404242,0.539167401735761,0.298736406481792,0.301428776561809,0.732769893831478,0.473456394439242,0.663610562413161,0.588114010467835,0.632816401303719,0.654654337888999,0.425993480864539,0.636228509085947,0.543531722881207,0.765983001094087,0.511848840911164,0.62608169206966,0.875986845186954,0.823709954136277,0.724772087904738,1,1,0.857142857142857,"F",0.0434737062644039,51,86,61,111,0,0.857142857142857
0.192812884370549,0.507803253815697,0.599313982281911,0.469492438089675,0.455729707986719,0.539490641028603,0.472887181481562,0.372633350948148,0.451362691666707,0.453808978061599,0.50924451970733,0.545718952564291,0.554683868703283,0.611264317760658,0.59818123603941,0.520127784842938,0.694134268109113,0.354851438643721,0.542011988618225,0.426684150956061,0.556561775977568,0.523675611451685,0.558284968341107,0.537569520046315,0.807333093848889,0.515912216077265,0.42729468651393,0.394377482466097,0.409836201526357,0.433109459674013,0.426278874069085,0.489390431035297,0.569906735996255,0.56425789524451,0.353868734782036,0.467933438996076,0.349535179163695,0.49320688172614,0.42225149280909,0.715907789851954,0.27253980164055,0.19453766405191,0.500271826589492,0.668353454621178,0.612812541009204,0.552326869194291,0.463922583107492,0.660441635574793,0.71082080159207,0.393191796043613,0,1,0.833333333333333,"F",0.0394518272425249,51,86,62,112,0,0.833333333333333
0.23026730155874,0.141283570028941,0.69972489029718,0.644958912325092,0.495665125228081,0.525358617767452,0.404168055049655,0.611642062037865,0.543889367350679,0.686517825982906,0.511860333508892,0.407006372312158,0.656953848139994,0.659182312504243,0.320209306441122,0.391617084158728,0.317682125314655,0.379978810176766,0.387251355406135,0.483976887328548,0.190802724595735,0.540290971060717,0.392040360116034,0.391068800868676,0.681074269280541,0.485723918781502,0.329419149914547,0.605236207168027,0.463060408702626,0.751835462854882,0.464200364114552,0.498579346756473,0.792438389518949,0.532284737672592,0.699160816331549,0.238992464999177,0.401490049496746,0.547133209210893,0.496961584347303,0.563902387373493,0.72339077200639,0.493094371059365,0.587764191866755,0.494705361699147,0.351804430528595,0.609705751191918,0.704497005681153,0.605754629047042,0.625154049570622,0.429302816104072,1,1,-0.833333333333333,"F",0.0355011319201483,51,86,63,113,0,0.833333333333333
0.480995400549706,0.540118073067586,0.493684484449223,0.501958773230436,0.492980406756358,0.581722179854265,0.453769287629665,0.803679054426374,0.632244137157617,0.505143124552797,0.514035768103475,0.119189799812246,0.698602478178155,0.681759304986571,0.472869740474834,0.504997609023877,0.255898837691314,0.67117128348269,0.591198756117209,0.55256477023317,0.350668740395302,0.560934997850528,0.290081304741576,0.444852738890956,0.534324791666175,0.529092486302718,0.295546023931532,0.525632913674171,0.300503369988982,0.63086814188224,0.393283927544256,0.501661612054389,0.920553849375041,0.587179747714031,0.563176602545602,0.476269536007703,0.416673808187391,0.26954925178086,0.323052606896652,0.285477035928176,0.406675499732985,0.319399464746025,0.786880931417397,0.536154286395263,0.43891255283857,0.421452952239904,0.525062284761316,0.629575238438822,0.55235905071629,0.517929155884424,1,0,-0.833333333333333,"F",0.0403916768665851,51,86,63,114,0,0.833333333333333
0.762683482069125,0.441366047402759,0.485594510365486,0.552995352699215,0.510052918870564,0.0962929124514091,0.672311426266021,0.611663258356577,0.656425553354257,0.450342457108135,0.348540114746433,0.447538283639944,0.412214680564692,0.736272761133807,0.473393535216531,0.254415464995436,0.56352047676755,0.559910548972808,0.654944575427182,0.786843086787175,0.529596776472671,0.355722126508155,0.549178149671067,0.540760557036619,0.643439125015137,0.518032796870913,0.334335309173756,0.577140559498547,0.345629069030376,0.549926533618985,0.294798222484856,0.463894476052962,0.658717690937869,0.629864062147951,0.619136290966316,0.510704675709397,0.628562848788493,0.471301747833525,0.565360554730132,0.352804843499066,0.711583233150709,0.231388480674399,0.624568353888296,0.536012578329412,0.53646481177119,0.407571393103762,0.514659469736332,0.769878271788024,0.844285841866429,0.463778830004762,0,0,-0.833333333333333,"F",0.0335753176043556,51,87,63,114,0,0.833333333333333
0.63674711756747,0.270581095159026,0.692879914361221,0.496071491898733,0.555839078765215,0.759903122414812,0.548445388992632,0.518030186339661,0.31001586064929,0.570157149103704,0.424131756837428,0.528959682621095,0.541535538165964,0.687091561154889,0.650790103296342,0.247423352102557,0.437770507604724,0.363086525281157,0.441883281169259,0.461670145846329,0.3588898391509,0.429233789414441,0.520273707281065,0.437452366146826,0.575043794947092,0.610011576488816,0.50557823378332,0.452133734009872,0.506949782883939,0.331924233617156,0.216779765686693,0.545767443128309,0.437690539044906,0.560353924766004,0.546870642982463,0.626307109720095,0.610693944389403,0.381837549321312,0.400394749012675,0.572445522539515,0.440153148469787,0.528017941109016,0.559653388868453,0.589607683768646,0.553618337009212,0.711505171072566,0.454485729875808,0.400073337341801,0.316554025541141,0.596027645739436,1,1,0.833333333333333,"F",0.0382775119617225,52,88,63,114,0,0.833333333333333
0.495223486176452,0.398617939670655,0.658346820537608,0.594934383137305,0.539825647584394,0.484275201142267,0.323677303359616,0.588075336305181,0.700480779741774,0.416838357942174,0.781614685179379,0.508125496502266,0.43368267613716,0.286300135427684,0.489884766217109,0.36279088189987,0.338196145389619,0.51525629512396,0.515192195002932,0.457517209890024,0.491357980681934,0.514072754038889,0.524213983743356,0.499557390132061,0.621562972233025,0.50820233047128,0.467848811831198,0.442417032507138,0.548763808762161,0.310342403057951,0.343467482275542,0.593946693888023,0.479878925617317,0.587957291464453,0.550709663856742,0.237445715646884,0.496080511475129,0.399725636791695,0.283184238037724,0.972364632003198,0.298146983020631,0.307982112060534,0.512326174863983,0.462500114335225,0.467862189891877,0.484747251599754,0.37198212953538,0.296305092765082,0.500633726049932,0.617089282650679,0,1,0.833333333333333,"F",0.0343873517786562,52,88,64,115,0,0.833333333333333
0.313892360597657,0.510601146118699,0.486689888460801,0.337896933706079,0.448373861605207,0.352258150993434,0.414354229195065,0.487494953028182,0.496577992740828,0.335052497808539,0.545278378457611,0.420606880608652,0.780993146430823,0.303227562395385,0.346555018288392,0.46657466587468,0.436196829224341,0.484394978030934,0.489967485698086,0.448364161439111,0.811984055725425,0.304612819126221,0.410685373822951,0.641224481246229,0.321679871636111,0.710634856138925,0.33771614291261,0.512264187845117,0.687418853547627,0.37035023192782,0.526271942230598,0.486420308342157,0.322265892531844,0.706234865849208,0.315537664425772,0.376414998255232,0.593187514123097,0.64719989884346,0.338324920596783,0.504823820762687,0.383264067586342,0.395798077974635,0.407142886024895,0.438136362222478,0.276639488565648,0.627951784195752,0.140751199339046,0.682772216288683,0.389646093230139,0.502269250576833,1,1,0.833333333333333,"F",0.0389838788470933,53,89,64,115,0,0.833333333333333
0.566148971590841,0.63393977697517,0.57078837159526,0.33247633641221,0.527860124602839,0.379164082783725,0.306292114525925,0.564253033011724,0.62161824019736,0.453608969256426,0.580090711377342,0.402334793046677,0.377922209385601,0.534991120777959,0.45422574647595,0.172060584656109,0.581274760114674,0.471390738710307,0.663866042391909,0.50943880435074,0.383360299871348,0.600011315017194,0.603578072100875,0.670324900496681,0.544774248993245,0.270675841243856,0.413176277384153,0.637414989149411,0.312801931299357,0.633196280636386,0.323963646739297,0.366861784601608,0.750731314528438,0.558841963417774,0.672119298493972,0.559872726025534,0.727128491996594,0.320409154979191,0.423290495611455,0.569228364606049,0.500734123908074,0.337816086382569,0.28443983627849,0.623906414746185,0.525446592840907,0.464167240877811,0.661474467956865,0.64800583452631,0.25101529163387,0.573022615677345,0,1,-0.833333333333333,"F",0.0434782608695652,54,90,64,115,0,0.833333333333333
0.46339010730772,0.700385677958213,0.538688732255665,0.42311626934722,0.54645375500806,0.593454753480332,0.266299850894498,0.467257049243178,0.509766877904698,0.413495979216292,0.438409187662233,0.389197848900325,0.530399385084942,0.757689657368613,0.702446810695373,0.414759234206915,0.535663179539361,0.44262541941894,0.586935621050714,0.593129746776872,0.481772890492155,0.68446219640087,0.610389109740467,0.718431530532877,0.668887766662869,0.711023425640723,0.186572785007845,0.40210019001521,0.719024090564669,0.285870252492258,0.391608155329704,0.52599960165934,0.319198363532243,0.894103299727445,0.480312403745798,0.716559707654916,0.219267069482345,0.35557883142369,0.50608073590603,0.126119412962369,0.628976000308552,0.410171160247102,0.38149970681292,0.41267381486848,0.472832151552862,0.221586025880146,0.155721531995108,0.577623211739883,0.810922954345072,0.565579029211901,1,0,0.833333333333333,"F",0.0368848542761586,54,91,64,115,0,0.833333333333333
0.44172947585036,0.634388613075634,0.403662174973461,0.332604835867928,0.492662497310162,0.302541924207421,0.766331974647884,0.71896284187771,0.704123618700753,0.608235211629133,0.256155922243118,0.259612492251549,0.405605734586596,0.332127357695669,0.489148614421413,0.367883974315715,0.379805166169893,0.428534065523178,0.6476733442262,0.544441080723435,0.713087513911889,0.432308336078327,0.543965714613288,0.619235626517358,0.485013360909757,0.616250524688597,0.450537886183829,0.553652708118969,0.438458818369335,0.28036282477931,0.453562190755583,0.416764914780491,0.45552149231549,0.833407496920817,0.584525799894784,0.446665559766607,0.484185154675583,0.476269367379892,0.483609165636008,0.60434115671537,0.430718272022292,0.450704069583925,0.864762425754588,0.263958614678929,0.437294263256846,0.549076150839742,0.270805400494478,0.348018393948843,0.580748833263992,0.565929042045513,1,1,0.833333333333333,"F",0.0413043478260869,55,92,64,115,0,0.833333333333333
0.558452283562639,0.45215971946226,0.764981990909848,0.628977313480749,0.282951257520764,0.598808481845275,0.518257535943773,0.586697134993836,0.667442686470581,0.298243853218818,0.522110810194892,0.297643664647395,0.588277202780347,0.444769230739164,0.308400352354538,0.443110939759044,0.30465507768109,0.346727562318759,0.454033224789304,0.677504202295899,0.379888635781092,0.500083910266871,0.555901178902708,0.655829933948765,0.25818238426344,0.598765849077625,0.534781231091602,0.332974787941608,0.543991998242828,0.41439107939689,0.531798338172918,0.63980025765994,0.242926087590184,0.601497592495418,0.547390035877325,0.369604413533951,0.384070780860125,0.558075947130042,0.472737017162247,0.495209287669228,0.390957607861782,0.226801598168653,0.56325327184273,0.299174523942006,0.422621927057832,0.463878452871293,0.137204997162401,0.453890042340267,0.588572672333598,0.809856574545257,0,1,0.833333333333333,"F",0.0374812593703149,55,92,65,116,0,0.833333333333333
0.424517874067132,0.566186877592093,0.579031273799424,0.58345100348977,0.436187016325738,0.407046932568111,0.54869312747443,0.602676326397627,0.391992309666589,0.614442148905589,0.705058027379136,0.293511745123156,0.339997128930896,0.498946783583834,0.391681731197758,0.384809177911725,0.455527420277034,0.589034877985753,0.554151397664462,0.492466321488988,0.5455174255866,0.670166405164088,0.520653869785783,0.423649111886661,0.394600045188712,0.474675366349448,0.330039412522252,0.319722256427084,0.373131568042124,0.299357136123484,0.551017526992047,0.612942890339668,0.435825016060439,0.564912567261223,0.648386190264242,0.576840858091503,0.526280078016582,0.669739416382855,0.402639684981384,0.517840214690073,0.450786608348061,0.427270046268441,0.470516784240135,0.532026695532809,0.46353488276251,0.549957761370706,0.472812757091533,0.336390270318711,0.31119152885265,0.798297940353588,0,0,0.833333333333333,"F",0.0422705314009661,55,92,65,117,0,0.833333333333333
0.219920398542858,0.604499540134382,0.562511589538579,0.464011842953531,0.524994590591558,0.431044570665755,0.522376301878297,0.359995023382152,0.639503745776235,0.656052360282712,0.524890819802008,0.589984732168612,0.551519306280178,0.34713059922798,0.623792869282874,0.623973176158593,0.342165197545173,0.563173771891998,0.372758346888957,0.488371802690473,0.243237984301041,0.501227044473496,0.539601762443988,0.0251612754574458,0.5664626406953,0.601392781911747,0.453794369188658,0.289104302718617,0.621255642539429,0.187694105594973,0.388688292965832,0.358225273699021,0.603168490329233,0.791495327750091,0.606341838051344,0.592079743458715,0.621473953624019,0.655540901537259,0.851039611294668,0.709141463156478,0.386366043953321,0.222351570404627,0.536800894253259,0.368695597708562,0.67256410363204,0.403066242006651,0.266208766284535,0.395113645060711,0.653942814819976,0.628984755448295,1,1,0.833333333333333,"F",0.046594982078853,56,93,65,117,0,0.833333333333333
0.174727051825699,0.333340076181586,0.480380434877072,0.364412491384104,0.506610685797647,0.491514791766755,0.784058492930656,0.63374284805181,0.57602606008146,0.705223781964192,0.588461120912101,0.295531708625353,0.29179149621827,0.759616965820195,0.496625656150243,0.343702789284305,0.554999011214943,0.265651352991957,0.412526837191321,0.576118259245977,0.382292701111329,0.60944130482375,0.613219083150078,0.365493449476281,0.729863192183542,0.488348164038456,0.465532354866492,0.65758798719208,0.697805712866986,0.691612984413927,0.489515775833712,0.637046486960659,0.667264592076029,0.501735651826678,0.678082174055207,0.606906791014472,0.701434666182685,0.370848240251436,0.528284820916501,0.620163942864129,0.47129983268622,0.593088434594012,0.70414852113625,0.57749540375282,0.471222720877812,0.666249479185299,0.500215817112629,0.674143677816548,0.383496374277945,0.660047130112649,0,0,-0.833333333333333,"F",0.0401891252955082,56,94,65,117,0,0.833333333333333
0.593168925013401,0.573277026081207,0.688590906755438,0.585932010804036,0.543136201257716,0.607787084632165,0.504531975109552,0.583577781804072,0.438908544132646,0.739248160261359,0.478671987714561,0.544252039706227,0.418471458001865,0.37484763827752,0.460395381227409,0.556546736213185,0.385183012048877,0.434636545528732,0.373330086032665,0.544286125997114,0.531671754814204,0.433376165009555,0.635941502684729,0.545973106150603,0.510814052494173,0.677518342952715,0.439025264896317,0.298951441165101,0.792589121481831,0.413515609309355,0.449611420792412,0.504562077438816,0.51811175364415,0.291840667947159,0.468375156237963,0.436113674718583,0.432006387738922,0.451119041979449,0.747581449208503,0.804435762963454,0.542064785295165,0.328742047665128,0.463670587162035,0.357892220096626,0.454040887724841,0.751886049300483,0.619492419300438,0.404491043916592,0.720331258738158,0.683216375511442,1,1,0.833333333333333,"F",0.0444444444444444,57,95,65,117,0,0.833333333333333
0.751826942491259,0.338861458807147,0.401780966704811,0.421898023325776,0.59660092639323,0.559784785525888,0.652408717307073,0.383668922174644,0.711438423506434,0.706499240561849,0.572560368675481,0.673435055706684,0.295021503529498,0.911598695120969,0.466083487461885,0.353048948224866,0.436029000925048,0.405082571131844,0.627420972389704,0.478670983841147,0.48731356600398,0.330557944808071,0.699459571444713,0.407522440913118,0.456356498162167,0.445906248965422,0.800569187051474,0.34605925057407,0.31553880603764,0.43370708426748,0.465021897694288,0.863517625215292,0.276359666410519,0.448745677713815,0.297702066531059,0.737065736927215,0.348557904527813,0.438977042942547,0.593908444271641,0.582549452646575,0.310232512464537,0.801398421329599,0.475968164848409,0.315417069456542,0.246068884368969,0.170551955375797,0.394952863279247,0.326566544261211,0.454215233210708,0.759323561199599,0,0,0.833333333333333,"F",0.0491525423728814,57,95,65,118,0,0.833333333333333
0.601321202618963,0.509665236987732,0.311368119410521,0.562430582479533,0.491219403345742,0.558105009316492,0.592109486775132,0.435831652340285,0.218594357382127,0.450181453789308,0.844923374379849,0.460230080116503,0.84582877585816,0.479134648943285,0.696735464681181,0.490742789681753,0.277466762883768,0.441639949942719,0.589727431227029,0.457203507156732,0.821044312394059,0.419564563084711,0.460995214671333,0.366580579567013,0.437065758655132,0.535863154438913,0.328796399984367,0.558270315690463,0.858821399581956,0.401641418406307,0.419573492922157,0.399812859790044,0.316249686120491,0.69663256398841,0.602526556902124,0.557227505421178,0.589097333247662,0.746051063257067,0.579794748757553,0.473986923532054,0.34890188079827,0.426168118036329,0.331340561532561,0.608597026252843,0.663016306395932,0.574764792622317,0.3310452719906,0.512223800204701,0.556771571055786,0.448967939149025,0,1,0.833333333333333,"F",0.0453781512605042,57,95,66,119,0,0.833333333333333
0.37142768440598,0.609747717400827,0.569217413071682,0.465666444433695,0.670346060828408,0.634513828102657,0.469638068272508,0.398129518458649,0.607339850098829,0.685139321550083,0.807173585095258,0.360095809345388,0.577235058094166,0.667364670320494,0.621422068844649,0.251054298596477,0.591829974436683,0.306901712451288,0.459841684116011,0.549622710056604,0.675491180570605,0.274489340361625,0.666513418914563,0.420632861511773,0.613456766011225,0.282093252132876,0.49957928999539,0.234703781694816,0.446754916621078,0.706439233910054,0.513898015882196,0.557591628697479,0.294804161112402,0.420491821714407,0.449469542354035,0.579162285432444,0.475057462790101,0.520309760104662,0.18175030093498,0.556967319257697,0.496615310226236,0.506664935124395,0.479290854816394,0.490158024160138,0.372153296768703,0.602101363742353,0.791614434665754,0.12560602611031,0.344300353526335,0.417306081172897,0,1,0.833333333333333,"F",0.0416666666666666,57,95,67,120,0,0.833333333333333
0.432262750333315,0.620322783551893,0.348335416146469,0.323616718398221,0.655329604373354,0.37965336890097,0.533278594631411,0.794685979502145,0.73127466423677,0.678805091045354,0.379797225685302,0.46805646167371,0.37525922926596,0.767348392902731,0.386188770815872,0.378734166762607,0.246430702324547,0.480238300184539,0.660329132486567,0.545305159481353,0.437007898851361,0.589713605419814,0.760441083638434,0.410231604423202,0.391179023473948,0.428784222802207,0.489510439132305,0.375074933407573,0.435831837801715,0.454220863579153,0.503311673443487,0.591200906093754,0.520143637049546,0.415942941725799,0.408949967562117,0.745637269226767,0.318713312275326,0.464727981456501,0.421056029742657,0.488989637377529,0.404935474368835,0.577341564611883,0.733782720183265,0.46374036811505,0.451380649360861,0.623530815100596,0.590109121982324,0.309902698366662,0.650571976787231,0.592377245103622,1,1,0.833333333333333,"F",0.0458333333333333,58,96,67,120,0,0.833333333333333
0.723370776556107,0.22966419198957,0.48378533269068,0.724643055406917,0.38792998317627,0.534842996213615,0.442814475710214,0.654644536233739,0.396708336395699,0.626965902645256,0.596543172506119,0.166913140095258,0.614903024855049,0.446551880762514,0.391742574521423,0.455217716911744,0.649822186435847,0.433482558867062,0.773254418655561,0.816865971814851,0.552368023265244,0.751289327257638,0.369406380776078,0.390553625777287,0.626657271039159,0.463867056503403,0.392652803065294,0.500309617171461,0.266022006594967,0.298613812524235,0.335644437085241,0.264801545895043,0.724659604452344,0.50212445493984,0.58045323270499,0.32459708618334,0.547283506598904,0.381274838319664,0.356431238712657,0.695446868467406,0.609416432506528,0.783250587112767,0.341883618202483,0.421098253842528,0.184603310772222,0.420492429821732,0.436537876373603,0.312032904979089,0.649156795985068,0.696482467196402,0,0,-0.833333333333333,"F",0.0396048109965635,58,97,67,120,0,0.833333333333333
0.365096228048484,0.445234097387664,0.624112504247243,0.592624731668718,0.595029293221761,0.561253547602782,0.386925186274348,0.507616918846983,0.358492412444973,0.404352793241237,0.487098987997573,0.482384491918221,0.342659777197291,0.550492366990667,0.736767843689592,0.191225473138883,0.768469619725327,0.682719535810998,0.579055026726418,0.415885927622886,0.555712164478572,0.438671953830919,0.430658715297667,0.30922417334714,0.680051548738199,0.388936387846457,0.462411025059766,0.299704295700349,0.571788975905699,0.673903122850024,0.311607884473349,0.683339718394007,0.625809608269663,0.316542595443615,0.756962306538439,0.520670559040145,0.531781126195209,0.47304471865156,0.705067323429166,0.678522622761201,0.317455542195579,0.369483512749894,0.768348870955461,0.566862790066809,0.386127828178869,0.69433007812448,0.531004114598554,0.405949766443819,0.57194137032832,0.399185506004939,1,1,0.823529411764706,"F",0.0437074829931973,59,98,67,120,0,0.823529411764706
0.613648688229924,0.657909420594083,0.613949758214858,0.437607856585242,0.664766944916227,0.310991556291142,0.43145805695819,0.624971017793047,0.758520590387723,0.718987332637514,0.466879802584524,0.529327766305374,0.438501780386664,0.461831536024093,0.384381812000554,0.492669578372415,0.565440426589293,0.291519157120871,0.505392826922142,0.38758191720977,0.689639964796577,0.616260364283203,0.475397661441504,0.434232741883314,0.644711637522609,0.543927937816629,0.432890607386204,0.576127940484234,0.641452105751672,0.591038541486374,0.553063183456764,0.523658677155965,0.58822368704172,0.266928111966573,0.450787819227455,0.516245174517664,0.491697471340392,0.30375284624416,0.500053399856609,0.760366625465074,0.414527537492672,0.447477362001381,0.183541865408659,0.191387571531499,0.337438586798134,0.465130887921139,0.324106155719015,0.42178210108379,0.867646644772151,0.481731988997539,0,1,0.818181818181818,"F",0.0400573452521504,59,98,68,121,0,0.818181818181818
0.458834736426137,0.604444605556426,0.325918917917381,0.705387543760314,0.485341166011756,0.378671094815302,0.235043417541147,0.538846954134226,0.320571713105827,0.850091015510761,0.269968193595474,0.419801470539499,0.305590061305657,0.709314185383543,0.807554661420994,0.421979877521234,0.252823509825681,0.108771350602811,0.411304757072362,0.733596452480249,0.616644921325679,0.455798190984531,0.357140284860223,0.484533797989913,0.566200542477806,0.56739060783244,0.53386079052979,0.269735590749619,0.650397357911347,0.484403731668664,0.404874894861758,0.614139771249791,0.382805536332174,0.0939508705489345,0.538340389606557,0.469724820879434,0.422433702782516,0.343791126102567,0.188259471301961,0.796911157145945,0.492940376815222,0.300348331135192,0.756687447107854,0.502794799071171,0.911667087609281,0.582884836409445,0.377962605257771,0.559661406641491,0.601466393795806,0.503486994403123,0,1,0.818181818181818,"F",0.0364670458347274,59,98,69,122,0,0.818181818181818
0.261799759643955,0.575043728752601,0.360303603752888,0.465449145859787,0.605424298534247,0.402002625648074,0.342318990095442,0.844533248155573,0.751719635310833,0.725262781259989,0.611282072872586,0.256853158871234,0.639123845770806,0.423761282020218,0.587162051742335,0.733040102067608,0.448749018128091,0.309942356658841,0.167077583566669,0.910518450881011,0.400400264004991,0.376313727843032,0.376269726257688,0.578358316348266,0.347600411987468,0.519553390307296,0.667036778069775,0.447699721196732,0.432313578818666,0.568391900137191,0.643266046813832,0.522145555307679,0.491115827101036,0.464676941000232,0.533792176952786,0.392628037635357,0.535205041417829,0.768942453146969,0.734290351791112,0.695606494354595,0.69355566148421,0.308146447415679,0.729845891034084,0.592635765321264,0.451535096094909,0.541431683264773,0.554772920847744,0.381133870225102,0.401213313218089,0.418924030122842,1,0,0.818181818181818,"F",0.0303858254677927,59,99,69,122,0,0.818181818181818
0.377771481456176,0.414465739688965,0.316081176560882,0.150132141525195,0.636390401583919,0.657648550612265,0.690444711772948,0.614406377879583,0.599527531282287,0.766644299904203,0.60587194354843,0.34636138326045,0.397426425275467,0.530796661769498,0.653876692605416,0.54394417804798,0.580008083946952,0.471359701274135,0.913641510136852,0.373722638893549,0.245919823140638,0.659124180341308,0.281642298273343,0.32655156416907,0.424345860915101,0.432271200967763,0.315856062968727,0.654989044515893,0.548773118335037,0.743148549939233,0.335251303520274,0.578916062608761,0.464398384174492,0.547125396452672,0.904930844924966,0.49470861042234,0.470893225980129,0.64564273848059,0.293000700373576,0.624849609262232,0.309289705139654,0.703825902501267,0.708971757954944,0.382129486698086,0.373181041856733,0.590072482203141,0.558849985201582,0.399130399795413,0.332134807706989,0.622219169059857,1,0,0.818181818181818,"F",0.0244262295081967,59,100,69,122,0,0.818181818181818
0.65949966269322,0.545675820241673,0.696377595989992,0.692949822136686,0.793668331328205,0.697298123747967,0.380351117349565,0.439949969140076,0.757693311777839,0.733536617826379,0.695056934366124,0.435253882408693,0.429266923468996,0.372372483935102,0.643717012322511,0.624043636310145,0.342621366426437,0.329350519325347,0.299423221241756,0.429935316115781,0.245861645995919,0.325228968270821,0.397570893343432,0.497709152059968,0.606197180729582,0.406840217907855,0.576246865245011,0.747568044171496,0.446132663230929,0.655363866587653,0.360602160967408,0.541496854040393,0.501061552761177,0.394439037288356,0.625266312243557,0.310898586432557,0.372906054953066,0.49006195820707,0.513588980490531,0.797424310662601,0.627779471185054,0.516530963403464,0.583581369877696,0.60430952624122,0.438841649893124,0.32072219130408,0.357783839581206,0.427034031921405,0.219284565364363,0.716172325673599,0,1,0.818181818181818,"F",0.0208943089430894,59,100,70,123,0,0.818181818181818
0.328492094530264,0.504602361790359,0.50085827873397,0.513031342606775,0.607600375580755,0.491300379083068,0.592399048453786,0.871452097915088,0.855868041824526,0.554665788677719,0.475777284110568,0.597117250677785,0.699911000744418,0.333959894052776,0.458335860784228,0.471651986348495,0.126845745067711,0.323606791687992,0.596415484351298,0.419402736272794,0.243458025684561,0.529662892549151,0.561377117846554,0.34868239514636,0.704038845400395,0.702082836392374,0.239413963035215,0.389057547035918,0.485392485262824,0.828697141582374,0.203990812127549,0.720657652390701,0.766130516035487,0.476315056494407,0.558276594466943,0.72854485924878,0.473881556089538,0.550984339391012,0.407534602591548,0.432930210283463,0.323136411120133,0.311203907812013,0.463116802136902,0.809823258961282,0.937728904374212,0.684977967912239,0.584260079180147,0.545161005312851,0.617825599112271,0.434717315245826,0,1,0.8,"F",0.0174193548387096,59,100,71,124,0,0.8
0.216807556840163,0.625015987019491,0.117542913692999,0.40585148511893,0.606597237073997,0.39749794840747,0.434203696663029,0.626236055708399,0.576267218676874,0.415636448414528,0.378270422273046,0.297523865617639,0.599798804386683,0.222339008875218,0.494392035686918,0.144620275384294,0.604309037983772,0.423285622933201,0.404899306717738,0.661401826234542,0.208202471639237,0.453869835480227,0.467607947932979,0.687261062367311,0.518001392862866,0.338898536262144,0.463040012970678,0.537493424189298,0.421982483262877,0.696537497482956,0.468719253581721,0.523405183188355,0.8117379032918,0.496490554531488,0.479612171408396,0.762770279206945,0.341076166375328,0.582469129138304,0.582568522585026,0.684790614587905,0.239151932013739,0.396835004714153,0.462513731386386,0.393455251140474,0.427479116107513,0.478482962781973,0.498384071107953,0.315734737685033,0.6345343785216,0.47330585497977,0,0,0.8,"F",0.022,59,100,71,125,0,0.8
0.523634872942351,0.669765988224959,0.329988007025278,0.341036492485324,0.239661205683004,0.48746704447206,0.275094471865618,0.427579025403856,0.671486205361786,0.479594153779148,0.378606372448352,0.585685690351107,0.701254050868533,0.471606477992059,0.409693855580552,0.439868220612882,0.433300462842724,0.807185065530849,0.796231018498881,0.360135541526145,0.52353873083532,0.302048857472036,0.357090650277492,0.449192792448198,0.633874380072808,0.60574549301649,0.489655615354611,0.416751386897523,0.561448873417166,0.231545477358672,0.282151682302391,0.445624063730576,0.646006764961517,0.649436865040775,0.645002293627545,0.472111014445548,0.34743632037736,0.681442995790965,0.304088084396994,0.357340975222186,0.740468804775752,0.524231559630636,0.702078382469979,0.556573920705434,0.329455995250476,0.480432328357076,0.637390151731043,0.465197600423179,0.486856842411519,0.28613972863785,1,0,0.8,"F",0.0161584158415842,59,101,71,125,0,0.8
0.621972633201235,0.408542021739854,0.453619030280926,0.334309126668913,0.430423648757055,0.718137054876806,0.231714850556133,0.364387485586502,0.533173027670063,0.266836426787808,0.547364755099804,0.487167444546997,0.507205341848876,0.749180437633499,0.647347591285549,0.210031716128729,0.220787900521491,0.534650561094059,0.413055978827562,0.554958925759556,0.266418617066122,0.341883399602309,0.545391714101235,0.273140255004363,0.280146767240667,0.497944327336545,0.564111388237791,0.489003625907538,0.488069043538212,0.441080690525262,0.495599444550248,0.257438206968308,0.39155855666214,0.313765425701184,0.677862672889405,0.0287853729138366,0.463624891690298,0.424460648526955,0.503768819414598,0.369520273384664,0.614021763040496,0.223775478185854,0.473167411333736,0.347821174689685,0.479699773213075,0.493997533420165,0.44293437908246,0.65712459022891,0.480367972334804,0.505369141459995,1,1,0.8,"F",0.0202352941176471,60,102,71,125,0,0.8
0.509548075381481,0.670504069174101,0.673617613536116,0.302656217542439,0.514986048990069,0.41773391230798,0.547262785847602,0.225056640094764,0.395255012624474,0.493789942970625,0.480806955396458,0.496145220303119,0.694534314022408,0.655038461718504,0.684703228483314,0.344395015885193,0.628468787191042,0.127334039610679,0.163632933337291,0.519883040082841,0.49250443077212,0.573154179959514,0.465266964116709,0.52949175768902,0.517131903798364,0.36888833404635,0.527224023300748,0.197669869136041,0.767840446625122,0.432244501021797,0.186343802449794,0.442006190012089,0.803793598433512,0.470088455176126,0.350954995589887,0.838371525666468,0.540224411284563,0.326019796485389,0.581588968355696,0.839590788765202,0.235969053476272,0.595681160907318,0.427226644492861,0.754928554630592,0.745403560532321,0.386561313492721,0.707539403442126,0.491574938020905,0.608192812276536,0.320017947156544,1,1,0.8,"F",0.0242330097087379,61,103,71,125,0,0.8
0,0.419589556790906,0.290041341045657,0.431528803015502,0.540040322348186,0.453349995511652,0.578124129416025,0.64054410411024,0.675868083006757,0.254109258702541,0.564098280900563,0.501417476011553,0.758742918391948,0.605452959659565,0.529626183608725,0.363768515443345,0.738516473640145,0.364787580674808,0.532825733144337,0.354636877993107,0.986434353581102,0.554893818886216,0.573935440803682,0.158438661497258,0.338084559592244,0.562125332649668,0.461215172969736,0.426430699207246,0.543563785372974,0.59121080198668,0.664301724151206,0.680467913908926,0.801817274263606,0.583563714318819,0.23712723390767,0.476718252092675,0.330228928537575,0.470739783792163,0.631147946078352,0.656369971960258,0.129488573012622,0.357984349341723,0.461568980049164,0.267264504672763,0.426964433737682,0.467142239255102,0.548994070661723,0.761342556807595,0.706396027954044,0.489618410775113,0,1,0.8,"F",0.0208044382801664,61,103,72,126,0,0.8
0.520875035919665,0,0.624822332807442,0.40308821972759,0.583551758108755,0.304701324705214,0.262854300233394,0.601110887861579,0.207939486540513,0.374214660377195,0.525498838352615,0.232190040284685,0.815914104179751,0.609064394434688,0.607733213703983,0.421047344948761,0.522795823105898,0.538517964493825,0.5714938516979,0.576152549299716,0.694951915825427,0.677471562898781,0.550102921807074,0.554558291114406,0.304684991028503,0.40742156685995,0.469862448636048,0.502222656840098,0.318850618507371,0.134323705439461,0.31072451334369,0.559452432230694,0.255924308985487,0.38334072909785,0.514082794951144,0.386063051252727,0.362620557722292,0.654664941810201,0.529377100163459,0.572420271464058,0.468762152993146,0.593065017155457,0.91877165441014,0.11039363574336,0.465913823360234,0.522464293927169,0.495887174545079,0.473873333018436,0.331265278716706,0.527974524694157,0,1,0.8,"F",0.0174298601024386,61,103,73,127,0,0.8
0.540399177269412,0.569999372726993,0.224479961900272,0.624954588456755,0.113760148989212,0.551899519202041,0.336123982801675,0.573632228204389,0.712128997420248,0.563024371098298,0.804308486450008,0.353099539105029,0.799316021332368,0.503743957483839,0.582009272139991,0.5175652058347,0.525273203395415,0.536859651586097,0.548053797618116,0.395632873556205,0.558130218946229,0.31537242933251,0.504717320249958,0.414037855695519,0.659606335509432,0.682553565892676,0.762786584542755,0.32316643360851,0.51015926418748,0.534775586130559,0.563602565431759,0.369689580704597,0.789037361875537,0.627841603521489,0.427832573322943,0.206270579025243,0.432001375499682,0.640444937832627,0.440562404649884,0.465943848271567,0.397427891492866,0.272110972930476,0.548594077698178,0.563060329586421,0.728711149064094,0.314670996127472,0.339397877291543,0.678873193833001,0.429384879277462,0.379416462205609,0,1,0.8,"F",0.0141080097087378,61,103,74,128,0,0.8
0.516136487341267,0.21088932082714,0.629857772511698,0.420986401080466,0.476168906059516,0.531164531778029,0.593940250208551,0.290562365221345,0.244831349677757,0.42887547087431,0.420689513917032,0.516281729217043,0.73458266550878,0.537741566218429,0.839336378107653,0.412404685056809,0.395368812241351,0.405065948489639,0.473371312439497,0.638196471429803,0.577294001114036,0.445603370723802,0.48191918468951,0.32371483976575,0.732236531069497,0.317190741220469,0.367154820601829,0.271436211277681,0.421501214285602,0.54219261019958,0.28556692617215,0.244074828115703,0.644020625181545,0.560991670203523,0.497861282065532,0.557746617272533,0.625605314291029,0.583343841403366,0.461087883565461,0.624948350478687,0.307886789125075,0.398420926507105,0.649424380169887,0.702704791097141,0.71791320664346,0.567264229988881,0.586865790855892,0.835517273562706,0.597759222487834,0.739731489725046,0,1,0.8,"F",0.0108376608715285,61,103,75,129,0,0.8
0.521110478694002,0.0406838240693253,0.365266412613556,0.664392245394815,0.347825714391264,0.458192254889946,0.679080968283597,0.607508403667062,0.579955262589998,0.53308746710482,0.587722873012724,0.529095193397743,0.756106076694233,0.44708680771986,0.308674598744579,0.473178172479827,0.65970501024785,0.285044335641662,0.253795882006655,0.614230883118727,0.386694591448173,0.776718709661445,0.558884470353537,0.365489006431129,0.227790965805452,0.550980096265862,0.125480865908476,0.272687283510619,0.571769280793727,0.361717234080604,0.671395812553909,0.426831150877413,0.810267644753488,0.46785981424225,0.58029550246848,0.712634767047123,0.552131460090114,0.773489063732073,0.412536136558363,0.784811854961462,0.516541623706987,0.6879060216178,0.649465245151012,0.481939625795472,0.533774916828942,0.430057515717831,0.726945676398924,0.647465834405769,0.687910798354179,0.482764244983809,0,1,0.8,"F",0.00761762509335318,61,103,76,130,0,0.8
0.600907041486159,0.57121146790607,0.261147850740854,0.174672179582263,0.370916042399509,0.669149651724405,0.686260113290411,0.2401081861545,0.647515220037643,0.748548956734711,0.544427910406607,0.437474354355321,0.470663628554475,0.657425824563704,0.797234481982851,0.238296051909803,0.3746726980961,0.32105779903731,0.399880980870836,0.643905527740754,0.441328849779796,0.0947630341974783,0.320560327704837,0.490474358446969,0.6012811316593,0.474497124177969,0.510362850754372,0.624468903772958,0.493219224459228,0.362697682175132,0.712376675925256,0.83320944583465,0.672592453526062,0.44416909204251,0.49125558105957,0.612029491472495,0.347008122288191,0.65336322943559,0.381106854252066,0.590014572497287,0.604681392430137,0.545720128681124,0.50816867075185,0.388164050324616,0.535761683803857,0.470702032822954,0.471188889848352,0.265384097210928,0.433722188287976,0.66233553889098,0,0,0.8,"F",0.0120803379530127,61,103,76,131,0,0.8
0.278105498945907,0.318999861864939,0.572026183788878,0.374082852134734,0.832083874308471,0.385067288490743,0.34860301928645,0.571505368828752,0.579164379531924,0.300208192191478,0.780835245722428,0.428496894897369,0.481996504018688,0.726039080433698,0.646889372993921,0.591929276271678,0.251462210097623,0.579860034876709,0.571154082777475,0.29911996488996,0.650502101258587,0.450082098729605,0.502525114934892,0.363297999520484,0.576284780474921,0.539694296509155,0.522494566638373,0.24968293260031,0.522092367284962,0.502750787502217,0.425539660755016,0.378095076242921,0.595905605065799,0.448893552996176,0.236442183029911,0.583228729894705,0.420450682601967,0.393360277426241,0.707375914058107,0.600372665140713,0.439663311793207,0.449124915118236,0.38450698875535,0.616935256205217,0.40239597428284,0.502070398905331,0.368489249342326,0.681707706341076,0.409865448359872,0.4091697163475,0,0,0.8,"F",0.016475433951162,61,103,76,132,0,0.8
0.289937249533737,0.289642618894922,0.403408103028717,0.726214397650477,0.526909567252718,0.225597770290958,0.65260465196356,0.518271790112246,0.742380649581372,0.202145140814276,0.429610381924465,0.34071775175681,0.649710380384694,0.343370371691563,0.536820177223966,0.430633564005972,0.523892666486855,0.511108619564866,0.390545353437163,0.622703125249505,0.432139020020646,0.370442044768393,0.352850794048096,0.63796421889333,0.404415976842016,0.548605852463869,0.516249750994339,0.700179145956011,0.415430659639929,0.596008857221563,0.228576255078529,0.612035814604483,0.434862282545226,0.343406147125303,0.552295641803715,0.344678612636807,0.291001607929243,0.641426125005122,0.203937741709652,0.725181920611585,0.558216423881325,0.156161377153644,0.248312723454688,0.622167969487024,0.411266441334369,0.790659323198961,0.61496471852036,0.450327703879919,0.318009316645849,0.416668330108523,0,0,0.8,"F",0.0208044382801664,61,103,76,133,0,0.8
0.466548030835976,0.355386074610798,0.281855543350282,0.464479882597342,0.366744392745317,0.512224850834034,0.338548619236312,0.512390953933743,0.495832641527735,0.396199688755596,0.780526861939494,0.550287523308584,0.564058684837103,0.507824079432204,0.521842317772467,0.671051888321094,0.528702536765429,0.400328932551602,0.358219083960677,0.583191345953845,0.532583772753741,0.461442932728558,0.606785377852059,0.199634137915417,0.728540969473464,0.47610606270492,0.479243400339139,0.5281333624062,0.0979459259639501,0.660316972245757,0.56365941878282,0.516767320659097,0.678974539670707,0.508489029952188,0.751640492849118,0.439025696588122,0.264584583947871,0.600000513999356,0.39021659981385,0.397656455939027,0.648181136258171,0.287213811074081,0.465974970298111,0.50188629236706,0.552738177428165,0.565131802816406,0.633126821046453,0.262794237249303,0.430680817632927,0.540538631916732,1,1,0.8,"F",0.0247252747252747,62,104,76,133,0,0.8
0.419412442346923,0.592616258765921,0.401436250042439,0.350244907970854,0.192023861926706,0.470157519502734,0.649904514410634,0.501077945595357,0.402479193977055,0.484333103206634,0.594906426378334,0.529456187596728,0.725461563445985,0.337556695944601,0.262378542422537,0.345208023211219,0.492979992025,0.529247472730794,0.702684146904245,0.100109970015037,0.599224103138376,0.447154114212279,0.467787553018099,0.494873495223966,0.542512656916931,0.374753978899879,0.27116357878217,0.223800566174184,0.513089008740246,0.537158762798342,0.662316184646005,0.473522787756463,0.894865047133025,0.473983312257094,0.373611331922965,0.645579202126803,0.388222658871348,0.545561304636949,0.362548989893906,0.321708042476076,0.293066817421016,0.42876023718357,0.401072565396687,0.243440954091615,0.643123290506944,0.559841388079107,0.224318340783528,0.18089876651801,0.405182656475357,0.509931102513709,0,1,0.8,"F",0.0215269804822044,62,104,77,134,0,0.8
0.398640591423997,0.253537404616712,0.430311529149529,0.502808920737762,0.285868822871143,0.62447733794209,0.192036235119345,0.407756866161148,0.809763980636703,0.692617993277375,0.916538335597514,0.391692867342457,0.775915845168588,0.292355004116644,0.719000727055898,0.474034452814283,0.38339517350011,0.416175009807822,0.3559265163454,0.589025135598553,0.47589049454415,0.379047605273065,0.335275960554819,0.17003815530751,0.42429294476609,0.338665862864162,0.694988302267825,0.331384474384969,0.678827995533433,0.561551011578858,0.313818446576554,0.302526662788708,0.652642024233554,0.572164396857576,0.79960492411025,0.435179206669866,0.471238783780006,0.528133187862273,0.670557229539823,0.442521184100754,0.31215617392084,0.453240832942117,0.894545014337063,0.3448835310193,0.757111409832242,0.458278390561228,0.638963696042581,0.533374539152886,0.315209014814232,0.697448204397291,0,1,0.8,"F",0.0183760683760684,62,104,78,135,0,0.8
0.758454991456842,0.673975620352117,0.436885349761443,0.367088909085985,0.537226189001085,0.564402121136811,0.614234445621251,0.568481451556446,0.58069258625664,0.42070421785421,0.590645367444183,0.298314886109307,0.825642987336765,0.344817612821622,0.63596396161001,0.50310482306918,0.607922571863467,0.489432531022217,0.692628448574213,0.430893115145683,0.513325666820528,0.518049465977418,0.461802613450632,0.696581039054476,0.690120476245562,0.496399997978891,0.480502379903051,0.441058699890777,0.324910130645842,0.634483276487202,0.329617794705372,0.410587779540923,0.813512577716946,0.52249952957171,0.595483686057354,0.797474465345367,0.517567876679085,0.637165560219665,0.534546198162285,0.366338225815842,0.560668966168457,0.242000538645056,0.674459121282305,0.59213125413648,0.587520655180735,0.389454627770459,0.491779255043984,0.259030604541861,0.344879931615943,0.536357749059297,1,1,0.8,"F",0.0222222222222223,63,105,78,135,0,0.8
0.614494807928795,0.396519297692624,0.384230946585481,0.59188935229024,0.350968276941561,0.779051820624736,0.27384357485823,0.602849358971127,0.228184721370751,0.377795123180288,0.223953737244375,0.531349787416012,0.583936287306891,0.753471546259382,0.489607189759102,0.128312088266292,0.509215994944927,0.491638062343592,0.43921047312218,0.508368554218784,0.31573150474574,0.326032273374575,0.623834154732903,0.376264875629012,0.508707177138636,0.59736985666644,0.463583596541124,0.375539631470085,0.38216164598141,0.65114762010074,0.322965220222804,0.413913577275606,0.446216234549895,0.412741549295476,0.74457092237538,0.451184492224448,0.777230533948661,0.761252723189069,0.46410721739324,0.813847811821345,0.217696737977217,0.160455116211732,0.405914379167819,0.334704461721482,0.660222084736741,0.579010120982325,0.76702171419628,0.714413251401674,0.372315815417366,0.525842623148117,0,1,0.8,"F",0.0191176470588235,63,105,79,136,0,0.8
0.345790915048043,0.440595414701123,0.231739419795548,0.440896645027379,0.627240126249098,0.510272731509192,0.740023091636044,0.255592525822456,0.443043267299715,0.288417634596884,0.292365959867738,0.356414693820612,0.622461846286257,0.523697618976741,0.337515983142709,0.205158141177672,0.62061954215523,0.415124984100738,0.596611774854049,0.702730537286792,0.375270718096114,0.493524922975484,0.593385555910624,0.35092691346042,0.331300617848795,0.580135006602372,0.613802763541395,0.340150923588676,0.260286825897162,0.513894806028988,0.38756046357904,0.564959965270163,0.67842636391403,0.469860454411121,0.667735048908392,0.609687931176367,0.467510613870265,0.423763962285242,0.24534263567909,0.735775471085952,0.549866890537606,0.195152068526835,0.484717608613832,0.606992584330193,0.540409831049076,0.486780479886348,0.609864376531317,0.48076281606175,0.445861930755936,0.653972289854285,0,1,-0.785714285714286,"F",0.0228912319644838,64,106,79,136,0,0.785714285714286
0.39828850540779,0.576886787614932,0.57989878517276,0.459418163750254,0.652282735433726,0.534438704749456,0.234493998966239,0.606014869380256,0.651035470439363,0.574528850591513,0.457543436591834,0.517097040263582,0.467549812525143,0.708062198975164,0.431953376269148,0.300305261608124,0.356997188995262,0.447886817342488,0.555148357370782,0.34665255448515,0.586073930819644,0.573224827334815,0.506244645940459,0.130654105924334,0.407680729166266,0.51251749671913,0.566107528726595,0.468381892165133,0.571609571120219,0.610051996540892,0.471235669162518,0.250940047330144,0.736948284731033,0.449545565867746,0.462816115348229,0.313944472291072,0.518055820659193,0.690329909636598,0.381382631394333,0.510816128964452,0.569483293398258,0.340902545477313,0.648454107119825,0.344194978424516,0.549635181179832,0.631809965773734,0.129970491749512,0.540025054609961,0.650967506200244,0.620076829570016,1,1,-0.785714285714286,"F",0.0198319790662443,64,106,80,137,0,0.785714285714286
0.601786385594616,0.221960213800844,0.332935698949683,0.547284364368595,0.720736456171268,0.554763046595596,0.363437152484589,0.687659627662103,0.687559082081529,0.349838422834783,0.438492643145012,0.482997543071811,0.570215666778472,0.618757334676729,0.622081355917699,0.812841456563914,0.614882165407591,0.488817814075442,0.597712521132312,0.595899147662893,0.519603924778016,0.709216014214708,0.525706022603038,0.132255371054207,0.760917615969781,0.736420370402859,0.342389128575648,0.465466002272542,0.680643341825817,0.278298717024373,0.63327621864191,0.390315146728224,0.672928248927277,0.503118567616478,0.882018146506776,0.340661683565714,0.515387759255347,0.728507925385913,0.416575733239625,0.697177646989624,0.400317449431324,0.596092271440722,0.189881230474597,0.755996826513678,0.414993908288648,0.497962958729803,0.73612188809048,0.651902983447506,0.428133292274286,0.564523445816882,0,0,-0.785714285714286,"F",0.0141892352820793,64,107,80,137,0,0.785714285714286
0.515946606678798,0.176515606843755,0.541961656283467,0.350861208913631,0.604620620655483,0.606625356175083,0.522884203331535,0.541072717338298,0.245301019928981,0.684448292676077,0.520269514012815,0.417668606578567,0.410686280014144,0.561991772629813,0.465678841941355,0.532349824400595,0.249336951201664,0.442859166677531,0.663439392019262,0.268656256259451,0.679273458871289,0.339436208733874,0.621357333500613,0.457026957021789,0.411711800505796,0.570111398217926,0.36285588044333,0.459265074907302,0.602732177739081,0.396685421776774,0.404917157535896,0.42167523233722,0.696337805110754,0.547623571576483,0.284947291098722,0.391246857815401,0.430785732402062,0.309187245368638,0.529725203131731,0.571714370841461,0.515914314128178,0.251997797385115,0.255651773177637,0.456900725959992,0.558703191692273,0.425293284905432,0.292074101513181,0.385331170657486,0.307065896022113,0.579005542061339,0,0,-0.785714285714286,"F",0.00865098675317655,64,108,80,137,0,0.785714285714286
0.646167187392388,0.334852722472614,0.404563066165814,0.350950616374509,0.922443031806387,0.579711068210325,0.28751864341132,0.642413232091653,0.364680011823951,0.266944991344132,0.103820658446819,0.382378780606947,0.491607748360941,0.643783706641385,0.557083486149094,0.291839451069881,0.245361405953028,0.667145570045939,0.579311247075958,0.56937428802599,0.65619704440819,0.559088866661283,0.464956164845728,0.488643050620174,0.720863892451444,0.423922922284762,0.434887743993926,0.691836880997585,0.439447342582422,0.260033473700556,0.368284952783576,0.478938345643692,0.378703194446531,0.56610157329063,0.762689382193918,0.668613511622999,0.522262830970154,0.521714310686656,0.836675393331165,0.735691172654526,0.367209224969801,0.26014594759413,0.492761493480415,0.53578899201439,0.631530678705629,0.534608606494688,0.465134651196894,0.528849441126451,0.444027197703518,0.219214547598111,0,1,-0.75,"F",0.0123886693899418,65,109,80,137,0,0.75
0.717364294251991,0.447055307605338,0.447965597181434,0.531938591955306,0.626169809575267,0.501841839271963,0.405232408731235,0.485297622944851,0.745314587388521,0.531809244700181,0.531537959616907,0.456286644315631,0.67474778523439,0.363216736791991,0.368148695753046,0.574285951950467,0.496476526785001,0.490062523359446,0.648112159182208,0.294724296629894,0.518894135729834,0.512431826769362,0.414870428383335,0.566326481139518,0.347741103254386,0.656717289637479,0.420983299606536,0.329985490986152,0.482472968886994,0.600976661647453,0.206662408223688,0.191123701515599,0.244368856710768,0.594736203724184,0.734212778634868,0.463554687477748,0.596401341013508,0.414296408563891,0.391571995146196,0.455388515392051,0.443106134667905,0.572274664700454,0.819560820729087,0.233910303485762,0.386107964609785,0.351891685173683,0.561175911565839,0.699400770336749,0.293974630144093,0.748363489068758,0,0,0.75,"F",0.0166201303018215,65,109,80,138,0,0.75
0.425075700886723,0.452450162039838,0.303023932013714,0.378790535953115,0.483214950793644,0.441413855409496,0.179030610730353,0.742931016408452,0.447229746437899,0.597925215998725,0.380019589862803,0.608789996872517,0.514744967443989,0.531499607620005,0.471972953155066,0.196367200129512,0.312913857517469,0.507588432298953,0.625989234422762,0.424990991542387,0.589195164416703,0.523754925588392,0.563781396306738,0.429490431819983,0.366145440833359,0.609053314252749,0.491268965094436,0.182484851992928,0.478584872325705,0.57318445379598,0.417859941200739,0.459794490288503,0.432581494776149,0.691909079175054,0.284240204842936,0.495402753010858,0.315968604678433,0.582936803725883,0.546822164932062,0.724155263176204,0.477246513271926,0.285440854207254,0.900794441976735,0.362577187988494,0.291904505955533,0.710768895560011,0.55851738017475,0.637702229768895,0.326929470438135,0.446922262620645,0,1,0.75,"F",0.0135964622797174,65,109,81,139,0,0.75
0.482775172357506,0.372156159639975,0.632011433008478,0.39455268961278,0.709371713705204,0.252582739117921,0.276338679923131,0.700170042170734,0.331074644385594,0.481319488323741,0.477557626566326,0.296684282809623,0.54130582799119,0.561666436270641,0.491948166051899,0.412722796448321,0.477144802719487,0.115298848019542,0.54747578141469,0.40682933671494,0.345752685829546,0.657544694792086,0.331407432805071,0.390607920787651,0.54024472914455,0.72295059049876,0.214457479123576,0.200345548494317,0.440313241967802,0.743098362598512,0.481820150454428,0.752237705918319,0.500140974593993,0.559640951276954,0.350249942964446,0.584336896517312,0.365882131867904,0.511452646695575,0.293814282002678,0.774328639382037,0.38449780950693,0.422161863757217,0.591423578383417,0.654346535991847,0.48990755553021,0.545893270769439,0.616961062299852,0.544604578208195,0.407877460160333,0.717122130783178,1,1,0.75,"F",0.0172661870503596,66,110,81,139,0,0.75
0.507761885734213,0.821753360103848,0.657889348594129,0.566623460454262,0.739762380628081,0.307353138720305,0.314410109527563,0.45374884883059,0.503172170833248,0.392798267622486,0.404860783115638,0.263042579873422,0.508834659370899,0.624164423144418,0.674086988945455,0.42558352544788,0.553217870524334,0.47629622865862,0.547617239575857,0.51848737117737,0.3960271405807,0.266363538176532,0.679424961285714,0.540514823716755,0.24162535339315,0.373204076595737,0.154316229183695,0.4059003485061,0.408792748968027,0.674410972795224,0.503301645446422,0.697027861778529,0.420802536827051,0.564861234923931,0.579229380293268,0.707077060433288,0.387391516158994,0.157332087340465,0.352236817236384,0.65167160865502,0.4383046415781,0.448597402251609,0.599853936103977,0.697708408260013,0.480842970379543,0.416779254599151,0.483616060650013,0.608387071782588,0.560930348859588,0.267097372144016,0,1,-0.75,"F",0.0208697906539633,67,111,81,139,0,0.75
0.463824548315957,0.34209915658531,0.566520184029164,0.251472536327915,0.484371830626314,0.737318759865382,0.251971730891495,0.530597664711506,0.711515167305913,0.532658522607799,0.621000545621117,0.429017884318884,0.677346097670777,0.601509805845958,0.683486084853547,0.745631921527726,0.836758401663307,0.389740473544402,0.741199711921618,0.320842865892072,0.713530612334496,0.527292654902837,0.431174655552452,0.426881053712939,0.511611704601685,0.539778812563774,0.610852303669735,0.700610888176142,0.22421559544497,0.322011961145406,0.180681091693037,0.560318534894486,0.411093525903996,0.817410505896079,0.224585103944915,0.542190571848293,0.36364218759696,0.563824279483083,0.55794406242438,0.6805740636205,0.216036165114017,0.310306066424184,0.413561130957853,0.405365211924867,0.510436777930273,0.523545307390861,0.42884921143234,0.561861919746392,0.455442737647208,0.28913885482545,0,1,-0.75,"F",0.0244090441932168,68,112,81,139,0,0.75
0.49251227207635,0.350467884868322,0.349323732652118,0.560048692728935,0.771466668915792,0.435312815834403,0.227110414306732,0.528790612757743,0.539972161235833,0.34733854111127,0.619401098869351,0.444173553460778,0.673445594392274,0.649707300516451,0.496694851187155,0.474405437304323,0.654769034430239,0.542706287895779,0.376918316299768,0.478761196476894,0.651386756361602,0.424375678424547,0.545885768386369,0.513786267671249,0.480942667100632,0.497342228028953,0.404428171151247,0.636441905106212,0.464422374083321,0.615656074970718,0.366508653658863,0.780469139627247,0.622655464677443,0.389792746015323,0.60949396483865,0.540538338148539,0.331218308277309,0.56205096427031,0.368013276057891,0.59312133154928,0.447636515529216,0.0673237716026089,0.338270509959512,0.401607964564258,0.459609126651194,0.570068601831201,0.529852743695345,0.675792340457677,0.213798393397929,0.235698915308233,0,0,-0.75,"F",0.0190360985547845,68,113,81,139,0,0.75
0.518158658403158,0.700567425373848,0.190570348968194,0.562665093856357,0.644704606828165,0.617463968249374,0.447049347963734,0.574561278869533,0.464602878301383,0.736517219731257,0.576931455832647,0.370750703265908,0.361727911359103,0.568815153357683,0.521219556375932,0.287687336741917,0.479810219666098,0.624223490582574,0.489270369967944,0.561437426246624,0.228704214798757,0.674137491792858,0.295096741274627,0.408478219037052,0.559082149705552,0.689598357081854,0.512876240666518,0.226750546975887,0.594970143032413,0.278449120482797,0.457528093216482,0.351767432641608,0.607088383370452,0.679440092924435,0.218184849205545,0.630280289631424,0.520394180069526,0.278380998404048,0.840740588791352,0.180082224663207,0.475794874391045,0.613663917283225,0.844974980431174,0.453155822064628,0.349187301804783,0.575433502737734,0.578049087336004,0.62143471656751,0.521339271740956,0.669440901847185,1,1,0.75,"F",0.0225293449450965,69,114,81,139,0,0.75
0.661913923111199,0.562825610407014,0.575396329199205,0.112319763214163,0.540831957887433,0.440872914081652,0.594577475392071,0.855033901963659,0.305457953484767,0.494460410184775,0.503952654037962,0.251451783108105,0.45068514670585,0.490106417958495,0.530886075150845,0.333183385906814,0.749297920311916,0.446675287975305,0.146512506983658,0.426871314171687,0.356946445979367,0.530731239622046,0.496315614880161,0.516939820609845,0.536581882902164,0.579743212879893,0.639359021167692,0.331571358718263,0.343851468043598,0.44965842500648,0.586853746090379,0.509418869388845,0.419573133968499,0.800067717960662,0.495369299033912,0.348256324040394,0.790170274787198,0.439266632230015,0.453894018562874,0.764192324422987,0.428225453660145,0.655974607698754,0.47027331340557,0.4312142622896,0.259862743961806,0.495725944842365,0.544521687353822,0.657925195849578,0.319420710264319,0.444759792642216,0,0,0.75,"F",0.0266917293233082,69,114,81,140,0,0.75
0.587602153698471,0.328974874579204,0.292525249344712,0.396608330978445,0.502879346888383,0.353472562404908,0.357655636144248,0.486794768737856,0.669208782486797,0.415797580442792,0.496622827325697,0.294439022109374,0.598976576541826,0.476726492477273,0.465793874935709,0.558393725122,0.376181356145773,0.462188498569998,0.477557672435699,0.634019575589329,0.822671750745629,0.35448140295414,0.453066975316173,0.223235519858293,0.551920581665344,0.456838284629041,0.247866781538827,0.122972026304517,0.32867836051612,0.686727622854632,0.323271565268047,0.542645893132509,0.260054389170313,0.620731546144998,0.663626672299998,0.485330592962851,0.551658373666697,0.503218863084191,0.321506093369175,0.393396288002068,0.518563157727179,0.58605814545914,0.482313838946524,0.346888597824872,0.50402660966798,0.335467041451002,0.543450908733664,0.555546263395265,0.551848275968603,0.583360849249401,0,1,0.75,"F",0.0237028742067936,69,114,82,141,0,0.75
0.412397272617179,0.403771297983182,0.791128990647734,0.51161257482231,0.422013642802034,0.761970430523404,0.571341691990106,0.371650831014884,0.564800836597931,0.565488231425296,0.512310527817404,0.433107356757308,0.496563692380121,0.582972374864563,0.625467570698199,0.097335461273355,0.367865568696826,0.191219866941294,0.411729302215861,0.569940386889299,0.391686480276391,0.584335849415925,0.60473675803712,0.361023512853493,0.743656651709092,0.7003251088586,0.792156443184162,0.212994412927588,0.387983671989826,0.543397274722882,0.547570767395203,0.513526325234732,0.494064370208192,0.661380695682595,0.702028333505668,0.576467700444732,0.371982232701272,0.381713996361793,0.376705672020178,0.589203268940533,0.516623621594496,0.180329704338141,0.76216952105931,0.440628930552659,0.724250482647569,0.472688272706771,0.600568130049408,0.7074498500867,0.71889563130716,0.496721414873187,0,1,0.75,"F",0.0207561156412157,69,114,83,142,0,0.75
0.451763998205388,0.530884274860928,0.120763019675411,0.432651892762281,0.642284753567922,0.345638350810859,0.685046644987264,0.638966999406806,0.785783793910705,0.455751369275198,0.687990552158692,0.573313717131891,0.712810060029417,0.31088218954643,0.482082284883368,0.619511055277071,0.727149560942156,0.263192030258113,0.689588148554355,0.248774423451459,0.367850782535476,0.518847502223369,0.358914110884262,0.355325701421568,0.385412216661918,0.686027302176997,0.319099935525824,0.339121373672984,0.674776552404177,0.416197836983691,0.673900232156367,0.539117368222375,0.342186086995385,0.580431263194148,0.444258482218845,0.480444485152466,0.61221222659404,0.29081024858183,0.723994191687595,0.960794429676009,0.180043850485701,0.394234029221777,0.51784031451806,0.582556148197716,0.995326210210561,0.640396786143847,0.574733061962626,0.651552931472965,0.560916676970427,0.454845046125146,0,1,0.75,"F",0.0178505704821494,69,114,84,143,0,0.75
0.485906890639267,0.53447247754308,0.419022035862141,0.607478713445678,0.496722317696942,0.563000527522309,0.220832819008275,0.405085724081657,0.664194884764077,0.639715689375225,0.634025562264497,0.534583414932788,0.494849962950391,0.533342940269839,0.442866405506998,0.46092460411183,0.533253613207016,0.610408803632512,0.527512464914684,0.55255333277621,0.756581321188966,0.218157054075788,0.520649454667131,0.502437841464401,0.37717267668518,0.407975044247185,0.45938464394536,0.252272702019171,0.41047636705955,0.74192323684631,0.557672212029113,0.30355501156436,0.581129459329662,0.692185357879615,0.444863986275323,0.38250807038864,0.484138712786241,0.427404065585604,0.618643563072581,0.575802064357717,0.545472707298615,0.27245803812747,0.525848642719218,0.545174985162338,0.418919042797084,0.372091986353784,0.49004651648027,0.434529750275606,0.133884591775645,0.307355480356918,1,1,-0.75,"F",0.014985380116959,69,114,85,144,0,0.75
0.307012061750422,0.385311998347802,0.64379524833878,0.538334439970876,0.536687394242553,0.44973989624737,0.329415181273329,0.267866341288075,0.498823585420288,0.344296616833861,0.295990132387261,0.40547711065881,0.523026673163184,0.408725452507951,0.420713113905093,0.458401021081575,0.468076251873559,0.394664459169171,0.686326098589152,0.477410832253753,0.246816955894796,0.252665532210155,0.324813932968392,0.335584991045534,0.471024071323641,0.479034573839774,0.414897572951671,0.366225340276439,0.405474252641641,0.681759304219687,0.659593293850048,0.551037613362793,0.595219327435039,0.489220468087124,0.1701351377104,0.744539525867207,0.395433635571302,0.45209137259379,0.382803800186439,0.586913985014538,0.513705853841478,0.27107040675597,0.486814305941951,0.512998131120644,0.427984618370067,0.663063439132498,0.42095292002875,0.502164448414179,0.51060331368945,0.369436262223819,0,0,-0.75,"F",0.00972222222222219,69,115,85,144,0,0.75
0.327567344830169,0.444138093549705,0.488177220700819,0.659940515579251,0.569194996226345,0.429123675086722,0.421985163026111,0.722957912492053,0.788991251542452,0.635350559344417,0.809072444222502,0.486429516409109,0.545670191535439,0.485249803808338,0.453205696000273,0.626508413662869,0.482124187154459,0.618881467146156,0.761041565299223,0.454808328925655,0.449399203908499,0.532250407887934,0.326989235509938,0.547781809195056,0.655838479983504,0.515645262471652,0.590834519282176,0.550754031175651,0.607702432802881,0.523557379901334,0.541240240182927,0.689063053275914,0.653511746066652,0.604320126080233,0.258289621491552,0.262873269104673,0.269914193145295,0.634196125502527,0.533046732190741,0.690415598153884,0.484020988332013,0.50723552718628,0.425280198893492,0.431350578046166,0.859446359048086,0.584417137352801,0.209496482468618,0.34899244613776,0.260776430044452,0.548351649443433,0,1,-0.732142857142857,"F",0.0131704980842912,70,116,85,144,0,0.732142857142857
0.820542702542453,0.488484578269753,0.448398065248491,0.523523163295767,0.626287221920083,0.455103911152375,0.803660264857619,0.780644721319246,0.51748593258367,0.445308537062642,0.503788891362514,0.543665889730046,0.487755088568484,0.366725313870095,0.512468825785801,0.496666202919625,0.523135093730163,0.556770330999034,0.176916886167788,0.616866257097408,0.653689202874011,0.424014813405514,0.498127756215723,0.311244119525546,0.557138147698069,0.631344765829312,0.280753525958847,0.588105345234478,0.670874624433374,0.66558789787963,0.177712984799452,0.630054612581912,0.664444778188594,0.409661599239688,0.373196954519335,0.446978992066139,0.63209262692828,0.670848058478028,0.23344986961343,0.514685898298444,0.273278276293907,0.342711402512728,0.698503134922482,0.192030955430525,0.563711032873179,0.290755386779556,0.361507555020653,0.237280176836192,0.476083428116273,0.42019518720447,0,1,-0.732142857142857,"F",0.016559829059829,71,117,85,144,0,0.732142857142857
0.255111583972414,0.221690011422516,0.58379069944086,0.323230024305424,0.287506647354601,0.72419993521706,0.353683247772631,0.471552840645617,0.45095538527799,0.266692845046592,0.683755294549859,0.430467488109984,0.456043409489444,0.522321450529591,0.462585085304554,0.443313036720456,0.569787772044232,0.542149990360862,0.29847714421193,0.648329671969267,0.404332540175624,0.437387758697862,0.45814497757167,0.324351787402244,0.303578822222256,0.516650731311219,0.047278977283945,0.542219123737068,0.108907772807793,0.483197555045524,0.459360627715515,0.680398763049726,0.810314341031213,0.429502709475492,0.568073293656228,0.706558847839516,0.426521366402436,0.616043253563937,0.634679146432499,0.813304654354439,0.621645613725409,0.395475163379764,0.962225218923172,0.42402139862077,0.420134413481986,0.264585444522757,0.392612025808687,0.60374502817013,0.397477439606667,0.371180575410653,0,1,-0.732142857142857,"F",0.019891713747646,72,118,85,144,0,0.732142857142857
0.283403096540692,0.715499414010261,0.306451979707142,0.399084071230319,0.684527957785078,0.671457952191578,0.612453944313559,0.665177292619161,0.297735022932607,0.2386211083244,0.582475344718085,0.347819688730557,0.304756376811654,0.569089703984434,0.561351821670034,0.422284623781458,0.459160474434251,0.568521224126506,0.398251895509056,0.723607041248028,0.592919217191132,0.43331954082164,0.462246662709539,0.466523539685088,0.466162695208578,0.658773195437971,0.581059707867404,0.656643465609873,0.510626552571968,0.231764489398362,0.349001674278329,0.282891713815549,0.613290002100292,0.493298054650469,0.425308794159934,0.402645411568134,0.469726064398747,0.67923338777274,0.421016877969615,0.308624034195758,0.417261640361045,0.3569489642334,0.732515346106767,0.73745003996275,0.52517242927971,0.0929124627909792,0.0134558364402798,0.30187387466797,0.726713349218371,0.668623228303079,1,1,-0.727272727272727,"F",0.0170660432495617,72,118,86,145,0,0.727272727272727
0.506034164860032,0.513667326089885,0.620585501592907,0.419222459471012,0.567753744148186,0.556727629778663,0.384437721970439,0.804716059732342,0.213099201114238,0.201437264483972,0.645036077009467,0.6271115556493,0.470928108159586,0.748822331910529,0.482397664554017,0.461808599986414,0.479371983661739,0.570563894815362,0.526566411657105,0.579481582184649,0.728578479420142,0.48569251588622,0.631170403146372,0.360494275091377,0.575632443377584,0.438316779472397,0.36910647609603,0.487974775582615,0.0807929588689995,0.6262324665025,0.33535659172206,0.455302966275169,0.631566495311618,0.417821052409977,0.411184633012413,0.499044746637282,0.529790984051773,0.554350631297604,0.495998268857026,0.205822368003019,0.548265830182536,0.391647339817028,0.769838389631018,0.458050162621095,0.571408137636075,0.367622339063655,0.334504181884758,0.320194577905154,0.58909008017782,0.667245988178086,0,1,-0.727272727272727,"F",0.0203419298753985,73,119,86,145,0,0.727272727272727
0.467654025652328,0.517934842372745,0.682302610124038,0.654919008031578,0.51424529680059,0.393388763846224,0.660742169570024,0.560191525119295,0.763343349233485,0.325269589289023,0.549838580961687,0.298582877024858,0.389988410569066,0.844828882276502,0.628898589833531,0.37003134048867,0.594002280586568,0.51401489928012,0.636661771171586,0.3160955369474,0.404615728107323,0.472162733686723,0.503045380799945,0.445598266718522,0.293973488407214,0.671458362705659,0.493860957779822,0.641624604446528,0.613732639152665,0.296189095177925,0.697791763836607,0.598924984467366,0.219057588134225,0.519845904383999,0.378813780251975,0.509325799227698,0.623760106866487,0.475032211590262,0.500299548554529,0.435482917278236,0.528065400226651,0.475479621898863,0.653873112793104,0.465567714540617,0.443766328520445,0.512690387745422,0.414203030322619,0.320790760404491,0.350803423754779,0.436240922449843,0,1,-0.727272727272727,"F",0.0235632183908047,74,120,86,145,0,0.727272727272727
0.553505278640347,0.546020480903598,0.478826918890544,0.58893754464113,0.775064130441073,0.267128107917449,0.550820393834463,0.568068997194447,0.513929336089759,0.333720247047839,0.695380670613653,0.281396234924923,0.541707729788532,0.559226016467034,0.549964503096367,0.50506679277578,0.478518364414,0.505318628384592,0.416870282945488,0.47657861283071,0.302128594305002,0.44541745214746,0.60280390831194,0.356157743754831,0.590180952595583,0.655699501771396,0.545894337892937,0.370917270017025,0.394687586108641,0.413725198879068,0.62946463833292,0.432459806334078,0.475503228176432,0.263015992374664,0.593693012869963,0.764077093010891,0.334006609893812,0.560150659975193,0.337522049617207,0.583026761372981,0.44193617568915,0.431967570640684,0.6455465457562,0.345449715916849,0.451201488896151,0.658703556980207,0.620863764236247,0.56753573320642,0.354001210874757,0.559773539478324,0,1,-0.727272727272727,"F",0.0267312624679397,75,121,86,145,0,0.727272727272727
0.568815549835983,0.443314726596777,0.247838936643,0.46467416180894,0.514659795963787,0.615610500675193,0.775056666344534,0.36578819934064,0.376220514377336,0.242816940379621,0.47400382332296,0.516255015098466,0.759997337364575,0.112037004134732,0.366101201618309,0.403043252849813,0.336718539498889,0.605275502029031,0.496320682620703,0.503344246446632,0.344179740765153,0.464353096803479,0.440870868384888,0.380943753899466,0.120751545866322,0.488046916174725,0.467836693283537,0.578940819051754,0.529410208651368,0.656700239193607,0.17229621265641,0.334811810293874,0.509222802716947,0.335019592016722,0.408643629637322,0.490995288691732,0.557916413102243,0.37828680224655,0.755004856817612,0.465011445717386,0.553655873799807,0.350237127578524,0.560324415942037,0.464774961761417,0.468374598888115,0.525157586692958,0.610615264527268,0.431946097515281,0.622169898342619,0.789400943958474,1,1,-0.727272727272727,"F",0.0239442997848975,75,121,87,146,0,0.727272727272727
0.502536967366085,0.355841200480183,0.568484822518885,0.661740753089154,0.097024197421028,0.784705814691092,0.474275598606099,0.689168105126752,0.588127191241655,0.389086964850465,0.301610988489775,0.353094358072408,0.546334466938688,0.769286030238247,0.485839505474162,0.665228290720893,0.617378943736099,0.515254088928818,0.242224713634212,0.514368718103679,0.529284542872888,0.520608488131167,0.629774087547667,0.245156498877886,0.326222387438869,0.613229754354397,0.409315551022576,0.52129086647805,0.460092774016509,0.300064349848166,0.413066796906784,0.48130578430012,0.526612123377081,0.640397269386597,0.351870440649842,0.652462149811374,0.555524002563462,0.460910281897215,0.5929233247134,0.601148410220854,0.525511164501165,0.55637048748431,0.574915336004985,0.460344694777289,0.642345787059673,0.621873000278722,0.467091346863909,0.509393441196864,0.660286853227379,0.511130971402286,0,1,0.727272727272727,"F",0.0211952549614888,75,121,88,147,0,0.727272727272727
0.406775660983718,0.375588529404644,0.246165629650743,0.304941399096145,0.525312597154963,0.315845058413689,0.435389708859548,0.52848501996486,0.700702283530571,0.411701676404124,0.520785052973927,0.340908227194709,0.762641678238547,0.603080976094223,0.55654916389587,0.286348445776793,0.507927518476191,0.42854286796889,0.693344430065007,0.672233595806863,0.579719033689374,0.645142483295403,0.476827590800692,0.47386109984115,0.526077138148383,0.229779219809705,0.74464225491036,0.514252377020097,0.265693049709989,0.714829606693058,0.40354271947545,0.479703920407752,0.491021268777593,0.580776897508887,0.580178919928398,0.542891069691384,0.548555237617409,0.782197490981416,0.130031773323609,0.65238483215763,0.753982453640127,0.650648201365504,0.515328074738155,0.562938346261727,0.780903033597364,0.613852143862952,0.491009209339942,0.563022751015002,0.555339910011973,0.409969876674886,0,1,0.727272727272727,"F",0.0184833593924504,75,121,89,148,0,0.727272727272727
0.359836139448725,0.580414390325506,0.479372676700509,0.579747875107142,0.615924413158571,0.608523717090162,0.550422049382362,0.6093137512375,0.387710821990636,0.307785563869602,0.544377607752046,0.341988728224622,0.595360452854499,0.677677649158202,0.590014030392703,0.570795644788393,0.361216947620463,0.576452599679948,0.783529534163921,0.328939380693854,0.341095675977022,0.346538488319008,0.468212249814553,0.304636935687194,0.311434703206978,0.574180676230131,0.496375788640608,0.380680584634902,0.160350234349265,0.48777685705559,0.376540217215379,0.519399269054485,0.217522557054877,0.447343835336887,0.586350811016889,0.46624102616687,0.417552874252076,0.624739308698444,0.321347326957034,0.574690563507946,0.61005115100033,0.167180282030189,0.301706940815695,0.362519415924531,0.671630461415908,0.591003281308908,0.507726192126144,0.204575551186546,0.430368548020826,0.417930748694145,0,1,-0.727272727272727,"F",0.0215994683207799,76,122,89,148,0,0.727272727272727
0.30010166280239,0.563715821695842,0.681132885563053,0.767647687460325,0.792459791565833,0.556837063453196,0.451915279857947,0.870118285020434,0.745875704346978,0.271210976854316,0.38485720026454,0.446311398181436,0.24416037941011,0.515846617388312,0.199816026690588,0.249943027213563,0.104480464144655,0.376126359361814,0.612743918615339,0.555980972019015,0.539559056586841,0.376792194678943,0.503661673096934,0.299564754795096,0.450892803857337,0.609698170653222,0.575491323234111,0.406670208551657,0.763867011874316,0.21791599502779,0.457675002969478,0.453841440522287,0.527530493513899,0.623900908855219,0.667241982344283,0.632918681371843,0.580260450529324,0.351187414677333,0.582253915288911,0.766536804631486,0.433415175050373,0.689855807397735,0.665650795902032,0.569866900083862,0.311553312683108,0.534736030331022,0.461384282610208,0.627999813137788,0.388720669290737,0.666850910167864,0,0,0.727272727272727,"F",0.0256353834305204,76,122,89,149,0,0.727272727272727
0.457933092014381,0.504052919325429,0.456808536879376,0.37233136908894,0.439848530374536,0.389876017646889,0.0793122077995726,0.576009712109315,0.594633394759603,0.307159138753457,0.765167817025,0.437585913426733,0.514860668382028,0.760076037577228,0.312308759241696,0.304621454067502,0.464508905868904,0.641697207861888,0.426076930962751,0.754630240533281,0.247751432232714,0.195280143869843,0.304130829210253,0.483906566160612,0.524631225089657,0.550523261369824,0.73910852519715,0.347902761050822,0.521458066995903,0.355682307994393,0.339462930059331,0.768506323077594,0.490252521571896,0.100373572172494,0.654145742502721,0.820424638332271,0.464758692588562,0.322663145909714,0.701922966120168,0.738246114510943,0.678456997425717,0.570200646227315,0.708712425191663,0.598831968013932,0.482025965524072,0.207929827914036,0.635937951990272,0.419458380550767,0.515483405119828,0.67715385842297,0,1,-0.727272727272727,"F",0.0287008239209908,77,123,89,149,0,0.727272727272727
0.516701400569183,0.438670125627757,0.625558025163383,0.55390555298119,0.502580081182082,0.72018459980795,0.356565728966814,0.437121925188218,0.437372705425288,0.320216941111863,0.494563541782502,0.389882501192463,0.727384762958538,0.424666688712127,0.540011667594895,0.482649254859321,0.375546236765796,0.510730812776929,0.473634723517803,0.493421911878016,0.554137706359718,0.547613242067631,0.631878760515151,0.331797413557017,0.52593535055114,0.615829527179847,0.509488346655791,0.33220568350642,0.610370604637685,0.41582858574966,0.341951631470847,0.369429760340063,0.374993537241658,0.383995853016063,0.476920249588297,0.776106969372241,0.635753273144233,0.552869866090049,0.604140560590105,0.596418059545655,0.267763165476378,0.875324735026891,0.789398099404106,0.606557709607013,0.548689000692317,0.504550293941159,0.280719700050674,0.585377937080465,0.567695875497634,0.503120043324667,0,1,-0.727272727272727,"F",0.0317168218229054,78,124,89,149,0,0.727272727272727
0.689066692893445,0.64408756122145,0.837949631423362,0.6872608840996,0.803782353914095,0.400311402064589,0.624150089980072,0.614959982357896,0.48360926567673,0.322936048308739,0.387562659272951,0.434559422230702,0.401529089371548,0.924179158627077,0.309126117388199,0.205418890472006,0.509200646202985,0.559274217134922,0.34111414607988,0.500130461432471,0.400776422822587,0.227787082197462,0.208415275302265,0.322228427995768,0.398395888879133,0.374507100654175,0.453941675507923,0.536591142171737,0.788166253366446,0.851940723301439,0.425367056176735,0.504256984833152,0.375759387722369,0.259335060393113,0.609911397044289,0.504406105219018,0.547713696219549,0.59409890694311,0.522283600618971,0.835515145001578,0.41617988674169,0.543794644366667,0.689064045980496,0.321272599523534,0.533935053120866,0.310044274245535,0.512395986121201,0.713625382087969,0.263481873094145,0.423169431610785,0,0,-0.727272727272727,"F",0.0266845637583892,78,125,89,149,0,0.727272727272727
0.610922604979169,0.523032397263077,0.455678638356406,0.483651103916229,0.675497652402674,0.408826548033801,0.708369816576791,0.673307690812776,0.72997549574518,0.488338827214099,0.334553648168062,0.454085195382748,0.794854477339576,0.473044892143639,0.402243877801986,0.353024420081164,0.474348836904777,0.434376792041103,0.421379469676248,0.509598757131667,0.299585326320807,0.35042777898525,0.493353579046146,0.565512478888808,0.60737539006694,0.360569171420315,0.503886262051627,0.605660558252239,0.432004736540153,0.42428430085467,0.495131944697555,0.288822905804583,0.512597949011781,0.589767024551708,0.282852689204385,0.236247262267994,0.355209561283551,0.283147193355782,0.800521710832239,0.868686403412358,0.349426772881994,0.586586851144726,0.68577791250255,0.53553647645527,0.287715607663237,0.51011803094913,0.464904362507618,0.486209932863404,0.373422044040044,0.582767899915102,0,0,0.727272727272727,"F",0.0306666666666666,78,125,89,150,0,0.727272727272727
0.303134597291854,0.53966132758964,0.463284565171213,0.598267437022706,0.573187298485101,0.36797206944037,0.333036297629582,0.456685837035172,0.736193461745265,0.317606663243806,0.501806906581468,0.460628524070878,0.496746802725661,0.384124856164208,0.4525868477406,0.0542580460091531,0.550367107744296,0.574270334433177,0.47438311704195,0.462746866287382,0.628364922573847,0.388749821935063,0.788635466965309,0.267246835577842,0.548556769164138,0.687780075112552,0.305567636020066,0.640126321627402,0.370632061872147,0.593076888056363,0.583670546589679,0.683506317072446,0.318703506721828,0.395020496167499,0.650531997794166,0.633175558676963,0.406714318496892,0.47639530155161,0.593849112256095,0.645664680904341,0.36933854527184,0.417840895720612,0.607253626949711,0.709392156611511,0.570227065890523,0.394556301871778,0.238460358420995,0.545709243775457,0.505421183418484,0.542700604469255,1,0,-0.727272727272727,"F",0.0345960264900662,78,125,89,151,0,0.727272727272727
0.714763878998332,0.49184424121531,0.182862293230221,0.548022578110985,0.518670711670871,0.462971832583595,0.501728665885815,0.570967678840658,0.459157593920535,0.32125116074839,0.436544819860201,0.339092230251726,0.342840219750393,0.629393745183096,0.77195697529161,0.554972358473048,0.490395125760249,0.587684229414916,0.433150188252072,0.727749351460326,0.155722656854895,0.465520217857191,0.606728336788649,0.488511515294694,0.375988235209176,0.622450665644401,0.354976002571887,0.381923956786522,0.177035105886299,0.482624530272048,0.450752961193767,0.335136571248663,0.518538252927471,0.293101244501856,0.546558258316138,0.36490657521704,0.50081048115351,0.535550797299674,0.428020525660207,0.670296001989883,0.564038362288697,0.35904613833463,0.460150369912936,0.54751225754731,0.662243282933154,0.510703509341228,0.361497222007995,0.186985847368218,0.435518877647901,0.392433697508427,1,1,-0.727272727272727,"F",0.0318947368421053,78,125,90,152,0,0.727272727272727
0.428658344039365,0.475930064844624,0.201507862522074,0.281317958379637,0.654969826700677,0.444355301004946,0.386456787056783,0.42443936793541,0.494458749593485,0.399124228761467,0.318889144417946,0.276140247178992,0.751369762774324,0.644379075591041,0.484807929690261,0.292972677727073,0.489759093468657,0.785474827415079,0.322340883844672,0.570490257910447,0.449096269641216,0.727981661095386,0.758065887166379,0.550405573258264,0.516768166922205,0.335624584313984,0.48763606200688,0.377500812831453,0.479032553489203,0.691213841751947,0.385127277131025,0.449392741189657,0.410043870033975,0.678556164311438,0.234306203471988,0.0766548282213939,0.563587614974273,0.434227753366639,0.396600708743793,0.302189332756119,0,0.333303401362901,0.593078450567766,0.270394266024081,0.624362071470164,0.313500507278401,0.411120147288539,0.521260246889486,0.541395511700198,0.549310513832687,1,1,0.714285714285714,"F",0.0348788638262323,79,126,90,152,0,0.714285714285714
0.471566591965806,0.422624561520891,0.23739281352535,0.392244777543083,0.593264250583672,0.450361694651368,0.629615454931174,0.396274100721293,0.362330821767741,0.540837155222187,0.778831997918719,0.585350163639774,0.54098683148485,0.631947244556074,0.659286193912649,0.435425724163492,0.292266566660155,0.54206508466677,0.71475343373998,0.49053357454546,0.417807087631899,0.484279265436195,0.547490982046541,0.395163487823868,0.135063748654265,0.55985926975134,0.471333237242675,0.445258552196263,0.605459508497056,0.626907435549013,0.414305574500125,0.631256374031294,0.582041320989887,0.641925233175115,0.664509213707774,0.478430298303875,0.360501577160075,0.518735493734249,0.673360974591003,0.482004494101581,0.602920291052413,0.321388194246438,0.420836418918357,0.461864025502529,0.358519390743666,0.255996575972721,0.364173910164366,0.724436735235704,0.705338082857093,0.480311238834616,0,1,0.714285714285714,"F",0.0322128851540616,79,126,91,153,0,0.714285714285714
0.444850142635202,0.203519065932386,0.474048086082891,0.348874967321452,0.37065108523121,0.515168537768078,0.524468913090881,0.444658748507169,0.223466427835408,0.535919124628346,0.442781363625181,0.486359107599165,0.251217462745799,0.601272014933857,0.711096290629845,0.586624762949288,0.297136871100108,0.387806674637823,0.373413992355568,0.573617661408939,0.447181634608591,0.678465591282013,0.480712359805099,0.201406959406742,0.523525889022306,0.431787532833788,0.686082438862887,0.366787563773754,0.284988548705042,0.486246233032611,0.448832157223896,0.568392379362573,0.612335424431404,0.580002462422332,0.38902478997442,0.609692634840592,0.722089025340083,0.484209192819802,0.533210595212996,0.654276333296658,0.389172327388972,0.243597347862356,0.798646083068976,0.550269986064711,0.218408676240136,0.317473021076634,0.440220108401029,0.33574195834285,0.687268234803233,0.652485466058071,0,1,0.714285714285714,"F",0.0295815295815296,79,126,92,154,0,0.714285714285714
0.578489797365683,0.624112308709251,0.563192705695705,0.377341993092909,0.513225033588936,0.925902234840401,0.225019441477238,0.725901067585404,0.505219282310909,0.360890937478748,0.357195626091392,0.306215585471919,0.299970284135642,0.4961430778059,0.361335368463301,0.399992424538965,0.347158025626847,0.427588020940342,0.847092322539522,0.621938310633626,0.488567069687641,0.367885593957333,0.625028395047962,0.324847535118183,0.474514305969007,0.651404658731714,0.772506541271892,0.645071657274592,0.475977473590317,0.442779052743215,0.516906646836675,0.566274771268937,0.626655316691322,0.86428356542688,0.336091534878794,0.649537730700361,0.46571236304734,0.540661205212642,0.940959463708569,0.385339562803331,0.2961564360965,0.327283336577403,0.278671324442456,0.653651120269755,0.724045533014892,0.664128892251806,0.525963332125871,0.263878271464708,0.376015470835788,0.489917323770609,0,0,0.714285714285714,"F",0.0334357398873528,79,126,92,155,0,0.714285714285714
0.528455019327191,0.496328759249038,0.413328456419148,0.247166016936758,0.896832018064499,0.191215585552424,0.176873793011571,0.737997521051616,0.467202589929577,0.452277294499749,0.226594155385677,0.477048932233449,0.5605610282029,0.626273007578808,0.800850088112998,0.397091540741491,0.772130495003009,0.455047139960815,0.726727508975298,0.491121852821058,0.34273416930736,0.664044770764833,0.473264775761375,0.480596753857101,0.579995084159177,0.540073062417328,0.636443135238466,0.712842086565708,0.597621931863175,0.65806315285876,0.4469300019514,0.643705630745851,0.533736307250625,0.639074998924812,0.597964192824902,0.503632111611512,0.453282287438493,0.365113635312075,0.636609067552685,0.473903928096439,0.594413712672939,0.401431689713231,0.464581223711448,0.363399444399332,0.337382361505654,0.548692346268213,0.493912440962946,0.353209108189805,0.650610262908598,0.387216148695909,0,1,0.714285714285714,"F",0.0308302808302808,79,126,93,156,0,0.714285714285714
0.543817114308409,0.641440066714788,0.683435308159963,0.406938576610951,0.786254328826947,0.452707042374283,0.420262643404884,0.541159027031866,0.511907331684606,0.659610713316321,0.535293299185609,0.398336464072562,0.486170015824991,0.692408688526694,0.651772376948319,0.432449553370811,0.484008059359756,0.285619074330265,0.504930518002693,0.502811502461992,0.330348109552108,0.437097666025143,0.462297760588274,0.152659343702776,0.7770211621139,0.522651026339432,0.511606720164098,0.467505804617761,0.658484003231001,0.581928286867128,0.437402509076096,0.612207107255057,0.532674935065658,0.695370646523925,0.558202007285341,0.807902732861087,0.519361475368618,0.547615535773054,0.455598318596564,0.722884951836066,0.351285000415682,0.519507339639192,0.429287602445789,0.461537978821178,0.150494724512498,0.466568108500276,0.541606649800495,0.224932311595175,0.556334271299103,0.689121160054385,0,1,0.714285714285714,"F",0.0282580123344455,79,126,94,157,0,0.714285714285714
0.31522379286828,0.383638893151668,0.447713993634769,0.113885340125763,0.545492538234989,0.671861829519602,0.50692454966722,0.28180962325672,0.674688492343784,0.419312201204044,0.633750773711433,0.598433027116509,0.678959768889951,0.510038113181748,0.47644101042559,0.524186023505068,0.477613172353745,0.350317877082394,0.670285382413526,0.716644790169874,0.678230745812806,0.524530974031244,0.694360081890722,0.659153031897298,0.483631199484075,0.495897497086065,0.430090675295022,0.294645587966592,0.678509004068232,0.475694697249467,0.57746579667112,0.407970898663001,0.574556213556661,0.573013629648442,0.389248413068288,0.266434013563677,0.534695601705135,0.490465271722299,0.337992488414484,0.570602515277412,0.243613717893092,0.451766499301301,0.580743342090963,0.787160790489602,0.752012475927498,0.439101408802926,0.398903726000413,0.520240205805501,0.188211818851407,0.595898261574894,0,1,0.714285714285714,"F",0.0257183041993169,79,126,95,158,0,0.714285714285714
0.438943035471417,0.444156724066099,0.533402524777188,0.416466028935661,0.477549655771337,0.816288779575417,0.570513209562451,0.687643634656281,0.571783470026089,0.668272379674637,0.391226633293226,0.366919021629442,0.259711750132111,0.524773217941572,0.713893580056575,0.253054049174728,0.227059482437449,0.530262262746012,0.158360159414134,0.569637686742966,0.3598775324976,0.341221747295977,0.46939588667311,0.465006918893274,0.454502174832803,0.466912740628491,0.368565348833391,0.74568738256473,0.278885152847256,0.466040383947901,0.438667733453298,0.593223659580689,0.573493879309619,0.636763485105039,0.415450014554921,0.509182494519057,0.279276702029955,0.5334568589889,0.388411463503028,0.740167167128918,0.520248039584361,0.340633343006357,0.622070703187994,0.526210251167819,0.484751656092049,0.48596090021748,0.254226260188095,0.383263664805186,0.537994064914307,0.386720948499467,0,1,0.714285714285714,"F",0.0232105420784666,79,126,96,159,0,0.714285714285714
0.136491442194335,0.153716202536592,0.636532612544854,0.434434492421743,0.419434720550718,0.268297214572773,0.441585876694325,0.614198399771827,0.57741139607195,0.458821291283745,0.376405938589481,0.331810777494853,0.366246040877862,0.954755809174919,0.385085354733102,0.311462314527011,0.348752011359402,0.502345623610126,0.396436057692184,0.475528532185418,0.552470059449237,0.551769761933917,0.578898244185792,0.37581335086181,0.464880812798288,0.388145625571075,0.480138242791452,0.660374993651687,0.14056930403265,0.539770550791915,0.320082414495916,0.199561136003177,0.474740164166501,0.790776974554926,0.660251786958818,0.472740721609359,0.715789541472327,0.683122121475676,0.484598361953215,0.856176611777975,0.567922509175011,0.199111525599459,0.254537584035086,0.538900126330087,0.459559540422041,0.519940673085371,0.519834257218029,0.83539606790246,0.613623532866646,0.89384669081943,0,0,0.714285714285714,"F",0.026984126984127,79,126,96,160,0,0.714285714285714
0.521851018132758,0.191570376101795,0.251633496955842,0.427002949846705,0.445098401795441,0.699566774766728,0.388684940285239,0.349848740015352,0.403780763576665,0.5695648095831,0.447959826087001,0.629319037779528,0.592866515758117,0.356414874739918,0.566086494122281,0.445491974278734,0.629882426583115,0.388220650690337,0.560573852338086,0.445671976448043,0.30609279345221,0.347760114562195,0.373565025025377,0.610809204288992,0.36460054538252,0.546871276250304,0.359221841660869,0.404764082504017,0.404194585345172,0.494446678137624,0.296551026126766,0.488442501942401,0.337857052776132,0.680484790302824,0.451710941314558,0.25647130596427,0.477565738074959,0.517632974708509,0.495008741595609,0.547437737362378,0.480141291491712,0.130207771077292,0.334127515769718,0.383744025394642,0.659986038295143,0.524110190797409,0.266180577062451,0.474534846942212,0.491452387908738,0.435140316898176,0,1,0.714285714285714,"F",0.0244996549344375,79,126,97,161,0,0.714285714285714
0.237391961619676,0.277152413431126,0.458070113779707,0.280439446759724,0.675180706056215,0.536742045818819,0.677099511664172,0.825527226041836,0.615235223655836,0.411809023392374,0.255745822564843,0.441805045011683,0.555590658009501,0.649909772388922,0.416119759615313,0.383596002569887,0.632908920091503,0.383319734691288,0.424576229078174,0.708308570206809,0.627749981730706,0.429796609542991,0.499103626452573,0.512879793669382,0.522226821286446,0.544423530229925,0.763899530629176,0.499419596728034,0.284496959554461,0.475609304362831,0.549189579335364,0.458283897588937,0.498638385024945,0.55548038517849,0.557054512098231,0.460090450839454,0.642961774152056,0.377460076547113,0.547691934362961,0.860739600632146,0.305069953304742,0.340466555553635,0.367555566850008,0.321635910359723,0.655372384808078,0.340015258943861,0.48314175388305,0.617782772612296,0.439781561775173,0.534272731039929,0,0,0.714285714285714,"F",0.0282186948853616,79,126,97,162,0,0.714285714285714
0.355069152062563,0.615221958239996,0.76124508728695,0.366946044910415,0.449156207752733,0.0291275822637946,0.443239594931694,0.548667154258263,0.407545193712632,0.349973422233799,0.276597415416542,0.332913204059064,0.512567118888241,0.489004959889411,0.607749328432637,0.374012130274197,0.488134612508183,0.35226085970139,0.700210594044815,0.540386823700867,0.333155677429689,0.554041759917461,0.464760081300469,0.355565148529021,0.235856061156119,0.48404631801917,0.489495003792713,0.652266142266522,0.356151175022076,0.517727440259109,0.732693847823844,0.548845968482452,0.562426816475009,0.698662720278248,0.453729910864577,0.764380900511189,0.783692993237629,0.324159545951858,0.519372683414672,0.602982640355338,0.309052991290573,0.419298322461812,0.636371572141855,0.161428135490906,0.433253385047835,0.311664594129377,0.466123456218119,0.476963949356565,0.428418343486842,0.417241863760994,0,0,0.714285714285714,"F",0.0318921024442497,79,126,97,163,0,0.714285714285714
0.548565794861517,0.424136212754747,0.493179268823774,0.422939802468274,0.527273339511415,0.574111995610717,0.390469113861275,0.454981764391323,0.335990910538966,0.583393132667417,0.34208311142729,0.321962556620917,0.566736390235834,0.613353923120227,0.555751588641754,0.232865978781829,0.349271606019594,0.559219030989636,0.35918878120769,0.635345418423552,0.371751797640863,0.52997506583719,0.100305552915164,0.344737067660131,0.391194073241798,0.448568866828748,0.616520932109628,0.315874741906516,0.504310527459936,0.695755195254635,0.485799389860688,0.562985817278065,0.541561955494027,0.593554115164822,0.947220084501919,0.331269324940796,0.388771290565885,0.482416172383551,0.42568546422363,0.489014016698336,0.565371910459785,0.311724354578784,0.610923514593913,0.548733540940009,0.551857079707625,0.27305734175715,0.470520967789961,0.263318279598788,0.602536751962946,0.494673591171278,0,0,0.714285714285714,"F",0.0355207123499807,79,126,97,164,0,0.714285714285714
0.386058878573897,0.602832921130798,0.402771984459343,0.37476093482611,0.624150510457406,0.8295152551552,0.553141459298418,0.726587727960143,0.378128470011172,0.283989857556742,0.3648791951866,0.57130988362525,0.655515824888871,0.615428143353486,0.581294547165464,0.407491504969809,0.385814068380231,0.368700235714069,0.438214727067096,0.551517628334455,0.640353560774691,0.518548816015556,0.36112091666589,0.312534098242601,0.50692681067743,0.342876826636144,0.381331980441752,0.47072731667843,0.300553119554836,0.611615922773191,0.60147816273743,0.465509966622249,0.556713481425577,0.60213753935294,0.348368816128087,0.60167383799368,0.613786040022359,0.539902642455829,0.095503711895576,0.528537549170588,0.575863271253906,0.367510519832053,0.0795824283681469,0.3607106675168,0.519157419320526,0.578891844964614,0.408274758126748,0.436065424652358,0.658324885362028,0.460085329721555,0,0,0.714285714285714,"F",0.0391053391053391,79,126,97,165,0,0.714285714285714
0.547808655592016,0.371136344438088,0.36681018612419,0.622548953396307,0.752838291617149,0.356908625198879,0.627750646083422,0.520761725022132,0.457223717200094,0.748173663806004,0.20994738723044,0.407509971910641,0.565056526349589,0.760969053391193,0.52535652950201,0.216664700276813,0.731598171021694,0.245105021963149,0.881042616826973,0.381027880723084,0.517670039341177,0.47026128718017,0.184723727576359,0.243705915867385,0.51400454194429,0.585370395758803,0.310699721726458,0.42685381042056,0.348079447764115,0.619141381317001,0.424529568271216,0.783427988411404,0.543641285535673,0.61471199852876,0.524902357868259,0.500630605528349,0.383670016656105,0.562598153955597,0.168484903583824,0.658229067593602,0.575678708334279,0.635683332106662,0.34617353846361,0.527586986304922,0.15470885168104,0.827445894800316,0.763268518839503,0.470068850790363,0.810969538309403,0.362582084285837,1,0,-0.692307692307692,"F",0.0426467775865366,79,126,97,166,0,0.692307692307692
0.718495019344853,0.544214156476563,0.704728699393905,0.85728395075821,0.585037466435036,0.470716267280967,0.55176085198567,0.514454280997948,0.565806074284027,0.347684051987902,0.402421968481008,0.482941244693429,0.479265804680195,0.422767914859822,0.609040265169909,0.453703571028002,0.621153653704168,0.508363532390273,0.632579776342402,0.386694262404877,0.227583326131958,0.341756423423625,0.224010069966549,0.565711612289859,0.552474957493676,0.442617865258534,0.481025141741319,0.362429876613045,0.652585073195218,0.443273247867596,0.428715823367009,0.498780159878049,0.332044679038511,0.430836306172955,0.369974903214219,0.397499629036542,0.26987910205037,0.549025801961883,0.433577038361823,0.65151254877021,0.253055125832418,0.460023500609807,0.1245577909719,0.593993788461823,0.465317868739841,0.256934330515142,0.710351656729497,0.167992665934764,0.56488221616566,0.349683872069575,1,0,-0.692307692307692,"F",0.0461458036308335,79,126,97,167,0,0.692307692307692
0.45551459461765,0.496854007065135,0.524891039265186,0.479152102206987,0.704125470098211,0.76572323444453,0.630579269109158,0.469353978940589,0.774276051673238,0.58663265991047,0.777625024775215,0.385874178100628,0.818491532309957,0.354063843328719,0.41862396620223,0.297672426089635,0.523845745746287,0.424839943398067,0.489179980002054,0.661810290405592,0.566269744244519,0.535429507708556,0.45100800741079,0.523699881043318,0.525094734299825,0.519874975887213,0.667349706804384,0.603702504630496,0.662895269392394,0.644394212181968,0.627988609936523,0.370003849251613,0.463398167703156,0.673297498187541,0.54766167122341,0.715444309197833,0.341642615516603,0.484615731938879,0.431938104418357,0.682289580472657,0.478911933911432,0.809430910610401,0.648389800283082,0.32046807472231,0.534673621728899,0.427202807133109,0.822189975368222,0.352055356352984,0.618140159555021,0.29657368359433,0,1,-0.692307692307692,"F",0.0490829364892262,80,127,97,167,0,0.692307692307692
0.618423226569987,0.446935662856468,0.199668459119564,0.659758417755411,0.677341403458317,0.655092198509943,0.468563299780361,0.893513198936454,0.773026032764028,0.541959650370575,0.517442916075712,0.403683578600275,0.430728947404522,0.621153690812125,0.574796090381402,0.336606703642004,0.621480580957535,0.552028650493998,0.556648568366206,0.590979951697057,0.713813851231213,0.565041162804648,0.227741815619071,0.508477307385342,0.319659616126484,0.76622724668056,0.450393579818338,0.356091331835465,0.635293848004608,0.69168501543202,0.352387633532681,0.536151679827772,0.315574696026132,0.680156165501513,0.51690782245631,0.627806633184656,0.355329935574668,0.421271878171222,0.117698961023648,0.508824727848606,0.284972029544433,0.583764877796908,0.535357564240898,0.469029910946772,0.271576127354595,0.613486529438755,0.715293010105444,0.72513160514053,0.382319133096068,0.278741356737814,1,1,-0.692307692307692,"F",0.0465879265091863,80,127,98,168,0,0.692307692307692
0.720335337380914,0.557305533272999,0.527045481756108,0.612655596833453,0.683531708121828,0.218832451880201,0.236810468230743,0.527290144911679,0.669045258878328,0.331824687409173,0.730692311651537,0.219178523617289,0.741405423161671,0.465067115648774,0.707186095907413,0.491426039268495,0.526960669344097,0.289699789672667,0.820061222104618,0.533101537134948,0.510388930492744,0.342853295254721,0.588156074292945,0.475747415994183,0.683268343882392,0.793528333646027,0.641545071969429,0.272341235074516,0.180854999949676,0.439390555782735,0.102776745534657,0.788274702115888,0.638560073030745,0.629494724611716,0.594728325835588,0.599815169160029,0.372684335188042,0.225482762883762,0.547950842175252,0.985257578545788,0.44055647587295,0.297366735347751,0.477039359085636,0.452908998120062,0.672269666325105,0.537733426023217,0.718767642672751,0.648239676794192,0.511826190321394,0.302156059084074,0,0,-0.692307692307692,"F",0.0416666666666666,80,128,98,168,0,0.692307692307692
0.397358014442695,0.536382524485298,0.551495129793684,0.471634478628332,0.54657578893247,0.413971969339464,0.715890315531802,0.595597038346752,0.338961377626878,0.455137026410039,0.687204935744243,0.377956690067676,0.436091660231852,0.52006459659568,0.282845749001303,0.447299765719145,0.299962373811165,0.44394081010074,0.52673605113098,0.469755245358906,0.560943665813505,0.713230516187184,0.563165572217515,0.327259259567068,0.534994336001928,0.527665216430392,0.72936295842161,0.435872955435432,0.361578521310403,0.519295853791541,0.354734801069394,0.509689044469953,0.592024566906346,0.407074023338813,0.662752665191055,0.622014878035078,0.335063055219651,0.426981843594892,0.696604246992132,0.59573287861134,0.460010371113821,0.376574436078176,0.719177045698501,0.349199739572153,0.157374201147966,0.777744350166185,0.586954530255792,0.31084659602074,0.559160052966853,0.495463586717357,0,0,0.666666666666667,"F",0.0451183431952663,80,128,98,169,0,0.666666666666667
0.668871735543321,0.730066403073527,0.339956376360804,0.555117548813511,0.286173358374052,0.6464677037752,0.349885551468854,0.613095138853515,0.576071090266669,0.258074358678454,0.569550129647544,0.359958228943831,0.702091511947879,0.750513645965858,0.650437538244964,0.286483607528212,0.485762966038028,0.288271543875217,0.199797528758916,0.355162987548842,0.64736389657769,0.446008313510272,0.39005508165867,0.204959628186388,0.520120017937591,0.592533074985819,0.41081810615047,0.50731147004492,0.540376574655779,0.723327033674306,0.607478074068478,0.530988388108833,0.623528493308637,0.742475617080735,0.413618167550462,0.407498820218469,0.522932488658452,0.510610732516367,0.62439288317981,0.488303731619632,0.467230023603741,0.611899532434179,0.631980853736217,0.422542815563938,0.567161834233831,0.503853101184259,0.450884894901607,0.428631573393567,0.504098091577289,0.681506481930278,0,0,-0.666666666666667,"F",0.0402733819549562,80,129,98,169,0,0.666666666666667
0.48938797144524,0.84585815543304,0.523084676526362,0.386768735962109,0.493219437305919,0.66171048272661,0.159929461029864,0.736567550592251,0.586939818905465,0.513522283719441,0.268045439275653,0.367676055366208,0.569271367315412,0.5301335114782,0.413900775877507,0.316693998358693,0.298068992967966,0.719648983027516,0.346956200025919,0.364993435089805,0.226281977954428,0.404345764836772,0.274972688718134,0.479676526612681,0.539736932835148,0.71704308015859,0.378510388037976,0.175125119589737,0.586913632361871,0.667381408778396,0.325752512247144,0.696298616258556,0.560535025535243,0.634485142664402,0.331677600371234,0.968143372402118,0.433179912564334,0.597002705458808,0.487314331638158,0.436103040717186,0.613288015240712,0.565026720251281,0.372917053261744,0.430996434372929,0.704765943446198,0.480067720921223,0.471626289064753,0.461425584963856,0.487349113492646,0.644492874519282,0,0,-0.666666666666667,"F",0.0355029585798817,80,130,98,169,0,0.666666666666667
0.488302257033534,0.541485728562416,0.38884835644622,0.210296812334355,0.553449923473454,0.511546748040968,0.670158956691437,0.553971499576972,0.486957869363811,0.335312942582518,0.500621301729747,0.782315758805145,0.653177565305096,0.266928223529999,0.25599446451087,0.22228874651868,0.32442711989796,0.272979727629806,0.627727392529356,0.418620529837736,0.550850585978567,0.402799548330943,0.57060486735042,0.533196232973817,0.426516584252797,0.512153311386662,0.469157277665693,0.439276650322632,0.425182897369235,0.32066391351315,0.548894678960337,0.352183023745272,0.529603081376755,0.491744104250039,0.914999725780871,0.128393297421862,0.290223386048351,0.519689084447884,0.557720847744181,0.515605688196661,0.152441422967967,0.42851105494034,0.507092577780881,0.429569408111215,0.609983672463104,0.527024017465365,0.574928141030856,0.267572231931814,0.405729035116552,0.461666812110834,0,0,0.666666666666667,"F",0.0389140271493214,80,130,98,170,0,0.666666666666667
0.45369249064756,0.135357448141465,0.344508381258212,0.327580331398505,0.563875229360803,0.600854656020344,0.380176501005274,0.65629884050127,0.619781264889706,0.427181584168915,0.600937865413996,0.476922530026336,0.875544283336083,0.449686201847197,0.278415145726247,0.513784141397946,0.170763256944259,0.307592068749507,0.242953909116719,0.338509809336737,0.475731778139285,0.442138248004697,0.620922624904308,0.370044337141249,0.528415815808344,0.452361697533044,0.400062240411133,0.49563889424502,0.564320952379259,0.242026906426223,0.543339313609093,0.473885998567503,0.62332441025027,0.460080913437486,0.507136520639743,0.393788812100013,0.313304909427958,0.502972832521292,0.480137332824104,0.511205033744227,0.501626787324896,0.105094370322209,0.628961916228015,0.504851707834835,0.644259092172084,0.518168425201474,0.444815961180977,0.322950109021587,0.647245824205075,0.532496575425244,1,1,0.666666666666667,"F",0.0418500224517289,81,131,98,170,0,0.666666666666667
0.621066065059889,0.50224776187995,0.299433348707005,0.768310341621408,0.288138528317804,0.38574111113021,0.330917658572157,0.480215557294217,0.70710038450911,0.226445688453367,0.564929113784824,0.318710279354505,0.337969854837962,0.360874103457592,0.493283592181645,0.301779317138186,0.398871277283678,0.434052457440002,0.637355841150863,0.390368660831113,0.348149653240179,0.525230901825841,0.673873363178737,0.505810976278119,0.326346850996031,0.503225460288906,0.642299148984307,0.432211649107233,0.254926280843452,0.562656575639493,0.594574071973523,0.594766969592963,0.371392459051167,0.541373337002738,0.49013818011216,0.523608099791024,0.315447459469952,0.629102560798284,0.527900961081557,0.546682437238656,0.504085070189603,0.271962792293888,0.423990746659965,0.25882240980782,0.646336116423906,0.438706609983764,0.273313805939452,0.632814537210904,0.454755755500214,0.521091727797163,1,1,0.666666666666667,"F",0.0447415329768271,82,132,98,170,0,0.666666666666667
0.479058875696584,0.433074390909369,0.558916942810798,0.852723192029874,0.40158715951675,0.496068408538578,0.466512860723024,0.361106752151864,0.647038196480455,0.700942420124571,0.66997371429915,0.561874355316844,0.682587143333778,0.94420667168502,0.565409211874674,0.32991779734823,0.48967388802759,0.491039303714864,0.474135974025541,0.356246815175778,0.573241875879839,0.11462489993542,0.827169178744144,0.417826413975854,0.42123204527162,0.504035230597169,0.667954927173526,0.410473507738102,0.337662187456871,0.355243113677284,0.204768563425646,0.73606969880324,0.454873416327346,0.589736942724993,0.550526082283645,0.536917994930517,0.383893042713752,0.478597742206011,0.432771101402133,0.918969164371104,0.517190586889054,0.732458647582828,0.56895655223528,0.367337018363778,0.473347521210942,0.529228449743482,0.407101105249863,0.44357277726534,0.776441580972449,0.600029971819089,1,0,-0.666666666666667,"F",0.0481127060074429,82,132,98,171,0,0.666666666666667
0.645667563273503,0.566104271893104,0.672356468349805,0.575787216589945,0.681504739263687,0.632452385441116,0.447917271429476,0.552184638379718,0.462749957220423,0.541984996482414,0.647763952556822,0.32720471687127,0.463155913421495,0.680278948243974,0.454939078747967,0.695929748590581,0.170874939173576,0.354652092521707,0.517916096441301,0.638283443515909,0.133249936944813,0.417981468759284,0.566910394439504,0.256745004380397,0.263232692721105,0.554798740103976,0.535524227375918,0.378096340064282,0.437209942859549,0.384493593982783,0.650955759566178,0.630546952954579,0.622196486192878,0.355828753467704,0.743987820738089,0.436842315101764,0.364918720466741,0.518863347363504,0.24396227699667,0.638251756837694,0.214507826910707,0.504859343947817,0.541426614814347,0.513575559392291,0.713964338312879,0.480943760109144,0.453381270268217,0.458244954574386,0.386611065856802,0.627469033125454,0,1,0.666666666666667,"F",0.045630725863284,82,132,99,172,0,0.666666666666667
0.524967579803975,0.531056369007879,0.637887802900699,0.475880944420735,0.899749329233816,0.463388461925824,0.211305161540373,0.455187345702596,0.422229056654505,0.329672706945473,0.380803911326124,0.561636745000595,0.660536403879141,0.452616824437521,0.799660598199875,0.768550623492246,0.650177652079781,0.477156173548813,0.558891351288648,0.480792890653301,0.400416564267882,0.459732734523646,0.542690352743371,0.564137978627285,0.368016647728475,0.69907229243457,0.602259053799814,0.375095834183009,0.592736385569925,0.691875887066433,0.388622689830254,0.509837932268588,0.565375042889711,0.50411677417914,0.467537878340191,0.411411083697933,0.365464648412195,0.467416752721121,0.369407070922204,0.377113732146567,0.344771535275212,0.400353159688771,0.780581161739232,0.644204216833526,0.426197218385916,0.258912973069759,0.525314910095566,0.450109800639944,0.729787787874831,0.420414981838962,0,1,0.666666666666667,"F",0.0431774391311963,82,132,100,173,0,0.666666666666667
0.696288463561158,0.370605844358246,0.679574627339023,0.401700806366376,0.660731909644219,0.559949413683823,0.443331595639266,0.487209391012469,0.341456259981188,0.417275973493036,0.539330796110054,0.418566670243429,0.301488248715827,0.6310895231368,0.382129727084987,0.540856736864542,0.433990090015565,0.470371087238144,0.257735187519547,0.421739496637656,0.575354919964066,0.385135383340906,0.445996838948365,0.29793348444164,0.682522814317766,0.535788336261494,0.334603806946315,0.423798060929308,0.250423674521031,0.51595094186613,0.0931937827871684,0.648469428808139,0.582466763176578,0.565612271999758,0.625312983099136,0.833497585745386,0.47613794523659,0.363029305468056,0.230853137824968,0.798326587249433,0.264925241707508,0.65766693589615,0.479690293492039,0.466824960064008,0.476308476070468,0.660714183908509,0.384258735125572,0.374435643758295,0.475533726036633,0.556772282825009,1,1,-0.666666666666667,"F",0.0407523510971787,82,132,101,174,0,0.666666666666667
0.443065865648529,0.597882849684003,0.602020070839483,0.728740764344921,0.571361164045466,0.490228089495133,0.658659711774048,0.454588552561633,0.631774325362777,0.451419876240072,0.459246259552035,0.445356719488861,0.654456642167589,0.508823800715401,0.530372457034735,0.400788747897119,0.526992141875082,0.0759140940294976,0.479009599282588,0.412245909931887,0.461789038143144,0.300069441075841,0.592539594171883,0.411892305777651,0.349982702136164,0.409439291873246,0.374241835349038,0.261633105525924,0.583185992573716,0.672171180586673,0.275609585481127,0.32740817880892,0.435989781035657,0.472684251387105,0.328647576225501,0.752458412347921,0.346308355804963,0.202460088923873,0.530003511731823,0.515051404031508,0.520225162191694,0.63452185052925,0.49515859699589,0.516754916241278,0.284158521372517,0.42235571420568,0.475953758997134,0.695102039785799,0.87429806331147,0.622069006480739,0,1,0.666666666666667,"F",0.0383549783549784,82,132,102,175,0,0.666666666666667
0.290243791676849,0.390354761707913,0.453746558192647,0.485751456599105,0.5446717333952,0.391506389351747,0.562999856323855,0.567510005002222,0.608574599095325,0.432705867636767,0.325494559250238,0.636567261238896,0.560928798017103,0.517757193065221,0.522021416231503,0.387970924278874,0.651751403461166,0.318138456203198,0.47435333329373,0.610159372003505,0.525041163035663,0.334758196323927,0.525726528467251,0.138718956505744,0.525099661402817,0.673074670933845,0.601881524251328,0.689650058666101,0.550965212847098,0.57165183899667,0.227886996709384,0.742932780592302,0.424063580834687,0.381122584717586,0.600592571586435,0.704883396944236,0.337940116405381,0.346219759326473,0.483029565093449,0.374714209597498,0.580039046956982,0.35134851829819,0.542271927175655,0.411076386161835,0.371637675529517,0.576367461192512,0.530737006112054,0.305635466528834,0.482658238335504,0.286687541511171,0,0,-0.636363636363636,"F",0.0336842105263158,82,133,102,175,0,0.636363636363636
0.232561515658468,0.57883989988015,0.588180431383649,0.60922705494464,0.573438946921694,0.162657242463153,0.422474990237155,0.671199923387379,0.54719159970432,0.485972211341432,0.398298067004019,0.361347391648644,0.495014851653383,0.479918296351142,0.829220754231028,0.308028043960684,0.35944312028194,0.3017415091821,0.654548499145059,0.688171880828372,0.519089661512369,0.75826042274333,0.633560471919048,0.396668971700219,0.411975410316671,0.619873101115083,0.364891323083758,0.5222578960099,0.340930083201012,0.69489396969358,0.288982877535049,0.617373238025829,0.425235487038049,0.679849215965016,0.444401091835822,0.650231979049728,0.348137290293997,0.336287477986797,0.820174177737141,0.487709806669186,0.683683600476113,0.766355991421858,0.718445255921034,0.531252025167139,0.480815681419971,0.649939652659095,0.486696838414706,0.374697741673321,0.703648572813367,0.279468203575007,0,0,-0.636363636363636,"F",0.0290831556503198,82,134,102,175,0,0.636363636363636
0.575952914407415,0.657323574817798,0.594834958418779,0.298443628326369,0.646673723051678,0.467212544729476,0.718880058382108,0.470913225749376,0.663084687640591,0.0963546141500998,0.607677916691664,0.330136569667758,0.476044213525156,0.470290024028792,0.458401984131092,0.55107365028391,0.495999706475823,0.413481006003746,0.474424447942986,0.559760387101265,0.747874118686746,0.429035681827632,0.353011210438436,0.242173829686436,0.576322080038771,0.870440823012137,0.390958248176458,0.504728774591278,0.326940294261182,0.808486009995072,0.289471132028049,0.359596521259344,0.549129134379238,0.784252248307555,0.2776635572008,0.513132987286818,0.798168971487344,0.431695560060442,0.415226601282387,0.629045969497318,0.426863297865277,0.545548357424432,0.353341509127559,0.56772398130719,0.548947569736007,0.138758624621897,0.410680607524574,0.602396151067031,0.159684860989928,0.310727819594555,0,1,-0.636363636363636,"F",0.031957671957672,83,135,102,175,0,0.636363636363636
0.191136112031721,0.119560881651662,0.379946905014141,0.264692564858262,0.517514142822145,0.412504313285987,0.598644836750177,0.763518680917501,0.516035591157144,0.63033445841822,0.654709056842364,0.476448839358739,0.598696691067456,0.595353203221661,0.932593891042354,0.249492404141574,0.680076731356813,0.411164715316102,0.358093735566761,0.469787289155331,0.208851293773861,0.518741087438777,0.493042139301216,0.388040420207881,0.593742588068744,0.725825769804639,0.450451605011661,0.346120522185175,0.492562772589349,0.350147823770246,0.546275571578342,0.609331834451379,0.584146902388894,0.803935141212223,0.604824462727074,0.462346332067229,0.34585754858701,0.440309893672842,0.57262479167968,0.555408959286775,0.49010175504069,0.312646783763022,0.407898595294604,0.239423123980754,0.368182604512957,0.305238927963269,0.394079874009846,0.658731117684924,0.394559715506803,0.275826969011556,0,0,-0.636363636363636,"F",0.027436974789916,83,136,102,175,0,0.636363636363636
0.416551528266802,0.435694036499648,0.564376138404762,0.42628160980524,0.603376453565567,0.52348212265343,0.49952980049431,0.475947906440279,0.663287632890227,0.546031680649991,0.613987086235881,0.218097067080987,0.632324512352942,0.370027286039068,0.545966381988413,0.269663240750917,0.694165449885563,0.377869561728385,0.660918099190083,0.542628441426865,0.309681212132248,0.449644581485601,0.504483392390567,0.362721146150712,0.579008527803131,0.553861788186687,0.194339553504285,0.349660534100014,0.339932682865372,0.528081672832533,0.533483335799131,0.331316144205924,0.398121441275005,0.672910386857476,0.495382688729982,0.434554883984412,0.297965589145747,0.451272087164064,0.497982761262087,0.541060339997866,0.531989602645473,0.385538456425037,0.692213829124293,0.547161746506695,0.590424069858932,0.545529555732989,0.313858852507891,0.46996764052687,0.326198998707181,0.258872731358302,0,1,-0.636363636363636,"F",0.030281543274244,84,137,102,175,0,0.636363636363636
0.45990761734631,0.83232124954626,0.432595067584018,0.55623977775963,0.768290282791082,0.421084006256025,0.621707154843748,0.472246424399506,0.233576242496746,0.578345292367678,0.489806366724193,0.633535136546118,0.488164972622147,0.54321880080364,0.623852424453564,0.414364051833158,0.709310164149247,0.434002523332839,0.577387997584986,0.636852692286772,0.503132609227974,0.682720703582683,0.587545893562818,0.147632213590765,0.353093904304192,0.670228502570656,0.38390593502346,0.6257377386945,0.50351412394458,0.339590926624371,0.432860182975325,0.534312061670511,0.572071591244575,0.535120979854518,0.491167571604496,0.632983761926879,0.439073720501671,0.400598336223321,0.598070236547863,0.748753899173632,0.682710126518006,0.427258708983667,0.58003620201882,0.527504021603257,0.507587434370894,0.279284507536464,0.390923552973405,0.568999089703485,0.495299493394938,0.380949111935618,0,0,-0.636363636363636,"F",0.0258385093167702,84,138,102,175,0,0.636363636363636
0.287859088922775,0.564298112441753,0.277302117770926,0.669836266472019,0.691017630447933,0.560769956967465,0.368783731699735,0.677181839033975,0.571100077029569,0.554584680143627,0.415684708818352,0.301899405109545,0.136933262805859,0.298794508316676,0.588467223327684,0.616566353785022,0.684521213468951,0.604000048164093,0.285235729670598,0.733551886041666,0.675436006082298,0.698797346141346,0.363248746428542,0.346950312919555,0.503693521851523,0.595107029647937,0.514586337771123,0.517417066205123,0.545030193955375,0.457799055324919,0.390714511076779,0.587492807224447,0.875979454801046,0.638926135995723,0.185877882415223,0.48922854992436,0.448853821900971,0.560207169415928,0.175091495838626,0.59356542110956,0.544001456825985,0.760614550994949,0.525026621756492,0.380923723305047,0.44885546253398,0.402141740161813,0.593267822966764,0.723464005162933,0.744352952801411,0.394648132846593,1,0,-0.6,"F",0.0291501976284585,84,138,102,176,0,0.6
0.326475833687777,0.542884888189944,0.574782160133149,0.611438011538504,0.713047625025991,0.385911790136115,0.238408276563433,0.502994313211503,0.506385517335515,0.439291896593143,0.194976663885867,0.388599923347315,0.378224464068048,0.412205936059853,0.693529647267719,0.763872019956006,0.36386933679747,0.474059325517403,0.328291047215882,0.55204725421903,0.396685510901226,0.583699204253454,0.367560892348526,0.692138820773246,0.483549415655072,0.508258665310985,0.527623449258333,0.664838647581008,0.537880954843859,0.461867990664761,0.3448734019346,0.415430051010781,0.815876448301231,0.287061797164992,0.454410892025656,0.490879102261078,0.495201912601584,0.496584866273644,0.492610223267079,0.76868206488863,0.534014025352592,0.751988993787191,0.54077837952354,0.517485091182062,0.519185937353195,0.545215110463001,0.273907934316402,0.400482850777087,0.542280987611076,0.368426129895072,0,0,-0.6,"F",0.0247710922171354,84,139,102,176,0,0.6
0.290541252201818,0.53007577243505,0.24616514951391,0.469219868975484,0.659390139001994,0.468762115338439,0.449623289422092,0.669451740278073,0.4075055652532,0.291514309191087,0.623672445756591,0.441464588452836,0.649252942574825,0.677268840847892,0.581243720254293,0.436972121018842,0.634519440861177,0.31472559092946,0.518519476646287,0.45196423967946,0.468251943685819,0.570907249726721,0.618653232348661,0.424696424519047,0.300714436744946,0.422267073005194,0.586264188993425,0.594915567778975,0.506368247026892,0.505211827786115,0.632651853906652,0.313458678958769,0.482681162854725,0.567658545852322,0.600266022676054,0.311233445911093,0.589017640598062,0.322336037457913,0.584871289650524,0.598414467407856,0.642196370790228,0.432418423537691,0.607544025432898,0.307300611835538,0.563079085879962,0.159830208063781,0.637652673184429,0.412222971737484,0.518801966849782,0.486875545897674,0,1,0.6,"F",0.0223956428077877,84,139,103,177,0,0.6
0.485768013460406,0.452464310561598,0.457163398535351,0.297409347387196,0.438007347300651,0.442711654483684,0.437197711482866,0.728671662323409,0.448167291226119,0.341270169425776,0.35342195821169,0.277998300890335,0.602524608782913,0.492849827907394,0.539510357349466,0.427983854948717,0.493474677465919,0.585531827592665,0.344350337484349,0.489391996823305,0.444452859323389,0.568411380143841,0.511556510769325,0.393454272151332,0.574301667989957,0.718179562580625,0.364944162684793,0.254205287282934,0.818022163332943,0.613946150681258,0.554938176352704,0.397192561210862,0.402421801818362,0.684392419852162,0.422349237117272,0.319135594380003,0.532553995447482,0.598756708530044,0.542846438208174,0.773773383509708,0.383981994428065,0.543498029338569,0.313841300030091,0.398622263794557,0.594845803978676,0.563113694829958,0.702474981549785,0.474614849300567,0.337449865050357,0.453913123904727,0,1,0.6,"F",0.0200468838412416,84,139,104,178,0,0.6
0.283592358498987,0.561024160909693,0.432255328802304,0.529152497552004,0.797427644474553,0.373746244471955,0.240462689804951,0.338172897405696,0.654499283120978,0.592199611147951,0.565250679603493,0.227578569549057,0.398142410617535,0.463064736304658,0.595981635292698,0.690409088253707,0.241320047962721,0.387131977611664,0.606333084016943,0.486736247498402,0.384191864139736,0.688757350377463,0.447153804808285,0.271337948788649,0.269717129736267,0.486185578814661,0.402058434689037,0.731488958860171,0.489800334371827,0.631798247352504,0.305960244115663,0.580614829426618,0.67716339670606,0.453813821755898,0.449495374119013,0.725141528406301,0.388365334241432,0.385610465688477,0.374695797386905,0.396000298197881,0.581810414949916,0.34364678913302,0.37318895092728,0.39637055284419,0.431608576177363,0.488036901084125,0.477783090809388,0.416637065300881,0.478491331048689,0.508175703748798,0,0,-0.6,"F",0.0157303370786517,84,140,104,178,0,0.6
0.569559920943187,0.339724563801128,0.369145008123909,0.301089459420984,0.457682521553311,0.71538574729455,0.358959280684659,0.532429356005907,0.522215721408132,0.443422421551186,0.604340499581338,0.616053814987261,0.576056432059717,0.535962941453029,0.484209464194261,0.455380492026298,0.633292156672738,0.155313857432784,0.515307596131368,0.36267795954697,0.609540262356959,0.389580140550994,0.490930875538397,0.374086513738102,0.498395922494154,0.530779206604122,0.243036725115227,0.508764517197905,0.261830744920302,0.719080275129402,0.617968442552157,0.656263816404781,0.500293201386548,0.736404477957446,0.293984309217538,0.490571260530991,0.521862816717524,0.538679854156473,0.564909664125604,0.780720847113419,0.397480643932192,0.435259483556277,0.862570035986889,0.257461662115777,0.589201472654171,0.713961309107853,0.748002225704655,0.205384566867655,0.55944975810896,0.567304260911297,1,1,0.6,"F",0.0185672165112758,85,141,104,178,0,0.6
0.492845934728725,0.458693233788779,0.440611837200862,0.598237936424179,0.693829447582333,0.259853698233764,0.552813328602091,0.468447517688555,0.747728091375284,0.477585167391348,0.341593872372843,0.382459078624928,0.327836731607959,0.403920793879305,0.373802552581929,0.524037951063515,0.380768648323576,0.421405947021288,0.571611985509614,0.421609777186298,0.146925319817637,0.762100971815769,0.315554249246035,0.27012032204318,0.32017910606665,0.335862503070345,0.481029720625914,0.532078293930695,0.612480002125618,0.503357761219806,0.520467197579282,0.144539233741319,0.650920715570938,0.55394170838899,0.8477547904247,0.660860035891426,0.605818424326206,0.681898864137046,0.31468038493582,0.668677626168162,0.282314544683618,0.606531541634385,0.628532911515765,0.585423860729464,0.690395297105964,0.387615631228957,0.628960443045235,0.571384853687973,0.610728861533964,0.410638626648691,0,0,-0.6,"F",0.0143218863744263,85,142,104,178,0,0.6
0.507621983680436,0.517010546947961,0.454826380246252,0.384236674441974,0.68611676522026,0.469467097357993,0.471176219117893,0.452386585280977,0.450162904377571,0.259489072800843,0.398992406537167,0.400853581655835,0.266213401064716,0.477362755334454,0.568984812822131,0.373854025450874,0.502869001365833,0.34660591641932,0.200579980043454,0.442313449256128,0.344727085879996,0.55535657730236,0.305375597382991,0.530201496103939,0.495511102708449,0.594497710098716,0.594643276444754,0.545312654996594,0.558172958012581,0.255161704627525,0.524238076780441,0.52776115815919,0.647089327265348,0.277958535159655,0.434207095110692,0.468874549345216,0.555496182826649,0.579591846857805,0.342735515724777,0.652274555257581,0.404924551609615,0.54864860500006,0.512304153643482,0.424998970683645,0.63030211115699,0.599687426147443,0.534251705423957,0.579498172784395,0.438777219428766,0.4224807179891,0,0,-0.6,"F",0.0101359314842461,85,143,104,178,0,0.6
0.443055715830305,0.568322656541144,0.515538491642262,0.347643998607868,0.379533470768611,0.352271403117915,0.648065804368224,0.552361133191707,0.436547147520569,0.4622402198732,0.266836332498956,0.337200006184399,0.37234404191265,0.507934741875842,0.671523762741439,0.516805541804249,0.225788787912317,0.244885346075228,0.530178289491935,0.369900856257429,0.408209151037771,0.407203425359372,0.610618443061136,0.526174811914227,0.541718809388942,0.52541609836426,0.624818225607125,0.399607091890609,0.649148525095738,0.5171389333573,0.248462239988977,0.717237229384148,0.549169046428529,0.626561126266122,0.567171668276501,0.609474765126314,0.556538746048815,0.362553073623109,0.659456193058332,0.805980322230274,0.427491645911793,0.7141333695804,0.530360812949038,0.47124777082472,0.370104986567318,0.581236128660499,0.651088928703726,0.565142141939831,0.506435507535091,0.451673835983565,0,0,0.6,"F",0.0134000078134155,85,143,104,179,0,0.6
0.650994972794404,0.234239074598305,0.42722089956031,0.385753456972808,0.691470811902779,0.687483006522101,0.54726300863034,0.552972014456891,0.343894751820611,0.664273682176301,0.690256248219773,0.337161245481789,0.741454253320282,0.496882697260154,0.72891150859835,0.636117288477145,0.585500192631991,0.309796526420111,0.966029269258146,0.311246391741373,0.579364282275445,0.159736465817817,0.586604187062139,0.292077253646829,0.636516228954775,0.530691104240234,0.490632259627606,0.463823354960045,0.48034290209622,0.692891085473312,0.198762963681379,0.515355087916905,0.557764404089973,0.63439225831209,0.349780011120416,0.388581934330149,0.408843513649921,0.511164721997522,0.661322695872636,0.4078915635769,0.393401809128692,0.650819642388676,0.426833964776834,0.346042543133276,0.549748454372495,0.363797423702709,0.645202697593852,0.385841616751156,0.692772910890943,0.55945090867998,1,1,0.6,"F",0.0162166356300434,86,144,104,179,0,0.6
0.585902770856863,0.367238744970416,0.724793640152262,0.337032901120218,0.720162244212129,0.448908987434084,0.654406854915834,0.504789436055517,0.360062903572305,0.430130867450141,0.357325161217479,0.252146961425723,0.255087459318283,0.558843782598947,0.586769044948071,0.349366647755536,0.506848383893731,0.465214944076552,0.666716314923888,0.48378645350194,0.264833983625208,0.244558139371057,0.420870411576908,0.434342312149029,0.441522971946875,0.419124470978537,0.450856363131432,0.484135537797683,0.480494967848837,0.697200252022623,0.30585899730833,0.844147019455676,0.663332490936311,0.595635268553977,0.605835035100873,0.761736176537641,0.503045200187353,0.336944762814752,0.447770758256884,0.350840112445784,0.53683534453164,0.600471836258789,0.373246685059901,0.703928862486849,0.37308652361945,0.266547746377319,0.664406023391317,0.493454228047175,0.515669400683635,0.695575739780506,0,0,-0.6,"F",0.0120978616836832,86,145,104,179,0,0.6
0.253747475774657,0.350912199927248,0.617028966441394,0.60997665409641,0.80445141642769,0.489533730354413,0.348978350358011,0.430420610739235,0.560230785088809,0.481050021956415,0.280072414397988,0.513552310048438,0.395997308184731,0.597488858414008,0.541859530479829,0.235687695097868,0.434933806862297,0.398382327381516,0.647284905204875,0.603452267982148,0.582732130192278,0.41134375605029,0.617249486530515,0.379474524644144,0.508879037916156,0.482472568709311,0.411259145687526,0.629610384885657,0.420017862818897,0.544316124407276,0.471298794536992,0.547236462996137,0.699768204499048,0.450206030064527,0.609683448678576,0.667156624034203,0.680580523647244,0.466275300118716,0.282990149270965,0.578649290518098,0.423925409765169,0.298742687258962,0.331992196356113,0.354082084680498,0.70822706733272,0.39458953332011,0.18978732921006,0.64455592646064,0.462337678204449,0.483046636877197,0,1,-0.6,"F",0.0148848243667253,87,146,104,179,0,0.6
0.401168528847733,0.568501812149722,0.317887400268487,0.334092946971421,0.759080237611073,0.490078679071793,0.195981178383717,0.681368030254441,0.626542141036226,0.175819245925696,0.418908372025488,0.227061385345373,0.411292015825951,0.696780399488552,0.656348910668318,0.450858063282223,0.452785846621663,0.445749621100214,0.695207282166385,0.58142667340504,0.537536417886737,0.545382161724956,0.369727186213932,0.480159394837903,0.691337711793266,0.313493391325777,0.386077515872603,0.435780467038318,0.422321148108034,0.383455667150597,0.479929240048485,0.529970229647986,0.640629965071551,0.72931430220319,0.55950102507414,0.863918068218768,0.547421720554463,0.385046280369213,0.609912821821794,0.551883646194611,0.385961711865834,0.135001154962754,0.561653222844235,0.705914586091299,0.379442747611635,0.766241307121374,0.548612443601336,0.692547839417375,0.73834090748718,0.439286253384584,0,1,-0.585365853658537,"F",0.0176338691901341,88,147,104,179,0,0.585365853658537
0.707950178215335,0.494781441653006,0.517370457856297,0.49978202969444,0.57313507219535,0.67549823451755,0.604678646549938,0.367365391392376,0.433628630426934,0.743875519650757,0.900700265424063,0.348429261951466,0.563398612236478,0.536913742710367,0.323802400532781,0.587647277091016,0.583878409341714,0.439818531283733,0.457234213710918,0.324714660307799,0.605414533910153,0.538291503061352,0.433681491833483,0.453143762859998,0.617824017759471,0.524424286664621,0.292806220202583,0.649874273685163,0.574656554743021,0.559147224776805,0.331257012452481,0.48254388248869,0.809587228061747,0.844586864168592,0.419431207552514,0.457661060416759,0.610278780682622,0.657909443567416,0.412838844233491,0.380745236631173,0.571994627346563,0.598461366108509,0.638566747909841,0.40171332832268,0.414277481906159,0.640780450013978,0.293765752158597,0.508512199949313,0.694845669055273,0.481838184544905,1,1,-0.585365853658537,"F",0.0153061224489796,88,147,105,180,0,0.585365853658537
0.424136698987701,0.674753490637106,0.231057571741826,0.269383801596528,0.511904548879033,0.466948614489777,0.542840114460376,0.564233995315676,0.43392463264762,0.611288767510812,0.606826167813658,0.362343349820206,0.615743354456683,0.447740567868172,0.540919222008139,0.298666969926331,0.477545514122273,0.538246768173936,0.77196077549847,0.483428186011807,0.278765612852645,0.680669226238054,0.605987139927732,0.607828268355922,0.454412465084423,0.657205585251953,0.523122323943052,0.612197971957601,0.0204348399564404,0.478014675213982,0.606218009761146,0.487269557646757,0.764210837949894,0.737565088132336,0.488095969997067,0.569042852042409,0.43943093362348,0.513141140229793,0.653781142838559,0.603339765417784,0.474816240770869,0.272574426506885,0.531293195530239,0.47184728502951,0.698320339001424,0.37885147525871,0.342176053625381,0.131873731107926,0.781529523101551,0.432281511381784,0,0,-0.585365853658537,"F",0.0112612612612613,88,148,105,180,0,0.585365853658537
0.336727199711655,0.405841870486984,0.52945277071216,0.219015893918763,0.588123552761554,0.459080529152586,0.900238704029412,0.792202226511954,0.353172906768034,0.710258640307011,0.439083971644137,0.462345664598729,0.509511399306425,0.433310223821543,0.360996655141646,0.239721538729478,0.313785099895197,0.504015595061019,0.276764048943683,0.214091924062304,0.449222130192767,0.220762598435114,0.697883298640785,0.405255908812336,0.355203740959601,0.644446395432177,0.46069500139803,0.422910792679366,0.320299609195743,0.51952418052043,0.4741793688422,0.598965104712208,0.720948014007573,0.738872611692749,0.339358063552642,0.583984456612039,0.577329669368336,0.357746391013101,0.473247299546217,0.631495006050467,0.341187750671368,0.422276243504205,0.30709810510286,0.628208754687477,0.656193209115717,0.333267069547315,0.686396560772179,0.492031749332239,0.501486995043525,0.529411301373498,0,0,-0.585365853658537,"F",0.00727069351230425,88,149,105,180,0,0.585365853658537
0.32083548239616,0.592133604118442,0.357783382116049,0.494322525867333,0.421934126113398,0.344318664285224,0.856888664066345,0.573048124399363,0.644320424681704,0.32150130452594,0.573610623822453,0.269583649988911,0.235601793283918,0.479670824281424,0.539575620682575,0.617034379072432,0.460834073132419,0.288554676083963,0.287440676786787,0.697789165908,0.196028300147959,0.615069374574432,0.455628188038725,0.500497231689406,0.501192085963431,0.321829278340427,0.392035169487429,0.364439400456533,0.566133874770792,0.638695991461542,0.419343112903379,0.644033700183629,0.722986035044015,0.981029443992859,0.423820524147273,0.77181549310292,0.464022798089793,0.445545050828733,0.29271448050008,0.49936402461585,0.508376592876005,0.643004630754338,0.556813640140025,0.530569744578867,0.617810912795541,0.251181113440482,0.362736356963922,0.456042707811506,0.536171065560949,0.284452272155559,0,0,-0.585365853658537,"F",0.0033333333333333,88,150,105,180,0,0.585365853658537
0.270340459476744,0.385503771182156,0.383796257237339,0.531233526494933,0.363883096579539,0.531120879406084,0.526334685853896,0.558402325931984,0.343475864289168,0.418879895741274,0.247280727780148,0.296858891666315,0.653299717712491,0.537938389326213,0.432777084038042,0.44365117791737,0.521941137873712,0.484199659044835,0.370675201832965,0.530105965186143,0.522955226866829,0.563189454449645,0.416450684222202,0.452489304635431,0.524605401008176,0.502576002879025,0.544478062441081,0.736552888128867,0.605290984240334,0.463569283815087,0.26234019935463,0.126948777417261,0.751740329575989,0.737707124869553,0.60324289148842,0.323274345562824,0.405804448080617,0.278161806819227,0.58043104390623,0.550624732801419,0.466271279155571,0.355527265574637,0.377117371154455,0.681052854077475,0.414564152983398,0.38595617496214,0.609793554842252,0.352886599535617,0.513258520003521,0.327119103879832,0,1,-0.585365853658537,"F",0.00607064017660042,89,151,105,180,0,0.585365853658537
0.435492735556736,0.805006395208217,0.26383497995684,0.356375732981042,0.622798756879081,0.798924481422132,0.326551391157058,0.401660238583361,0.94960522697551,0.544004337499486,0.757563403906722,0.637503441821161,0.449935607094695,0.315036708371758,0.434124133919111,0.563330632455235,0.292512616060631,0.627268703841279,0.39378112944418,0.336522041572558,0.540883802425915,0.741595767916776,0.480648844909155,0.467099356071561,0.635255983688446,0.54555046760653,0.433602162021496,0.358558774832358,0.467086662154991,0.748402325675219,0.490097513698272,0.418523810265097,0.692044979666531,0.675669398671587,0.500129841069535,0.614956419164414,0.234473163583416,0.583994056529286,0.244359076128059,0.449441501398344,0.323650366812314,0.546048784325202,0.511897714031661,0.656349007632313,0.443293407049538,0.491441884155354,0.560821461575149,0.528029115715296,0.452340167263078,0.225137546370686,0,0,-0.585365853658537,"F",0.0021929824561403,89,152,105,180,0,0.585365853658537
0.162642897452085,0.639015330693881,0.584280432268973,0.482842809640895,0.587861260236062,0.372345178787008,0.487568369879381,0.352296361843878,0.655038085365638,0.584794078561282,0.443471569465011,0.53634775796789,0.366518963100899,0.322689359385275,0.423454636866953,0.527767909882877,0.406774554261923,0.389380629062343,0.579678589247145,0.2196746835519,0.404480972130058,0.545986677942171,0.547705319982738,0.322648994972928,0.385790009001997,0.45868351978422,0.405653536824186,0.515653459891634,0.532528122194723,0.582308684474084,0.59159092635209,0.796840501278516,0.663719204786575,0.79220340344527,0.436001336371116,0.23712406235769,0.414537311976013,0.736671977610175,0.519883269391641,0.317763544363149,0.601402229566942,0.580101564232371,0.548535896684076,0.474964266375652,0.468664512265295,0.839358564088464,0.471052282372677,0.743816669836827,0.296496176823712,0.545346798799355,0,0,-0.585365853658537,"F",-0.00163398692810457,89,153,105,180,0,0.585365853658537
0.469306542502877,0.799174650490709,0.528833999555163,0.349856533389709,0.522584006706362,0.48837361762961,0.673121904821604,0.372465959465711,0.37215163728713,0.58103615982052,0.480093371771843,0.467943489037244,0.632536529717318,0.605142900806221,0.571258944375171,0.40885024104914,0.425110916743391,0.272636574934212,0.488104731976938,0.319572377680595,0.476345908740448,0.725674456550547,0.486157715562805,0.879911884641823,0.884513437462228,0.460747811345117,0.451054979797405,0.449179898326962,0.611410699493664,0.65774111498777,0.412348553471258,0.640539834535435,0.758924771194798,0.912146316854331,0.482733747583341,0.619291481069878,0.639699877484917,0.307249407895264,0.41080593486852,0.588790070867266,0.659418589177207,0.381356955179682,0.470247883731622,0.659489354696053,0.666889151674598,0.457538868898227,0.546644447255445,0.468513324611766,0.427613791082975,0.386470914238474,1,1,-0.585365853658537,"F",-0.00393601271079325,89,153,106,181,0,0.585365853658537
0.0615668182339012,0.45430391755151,0.127421021987241,0.212071657023209,0.540867746459953,0.80205387822848,0.351593260655979,0.579666506541242,0.687857097039095,0.458805279251587,0.331947563982325,0.502284320570539,0.648075408363703,0.689677602359767,0.594761710918853,0.238052215748979,0.211099983405703,0.547666184051982,0.432545513289758,0.415107750800091,0.190444953641586,0.399217572767203,0.655967283743291,0.527883660192405,0.4259292403862,0.531283441673933,0.139971826608798,0.487186217414225,0.538098866130749,0.519783367410533,0.550478822067239,0.738821604937276,0.224564041045112,0.501368575086534,0.713249871730508,0.409933097490238,0.259795638594528,0.332813477833107,0.403321942201151,0.756861168289473,0.515087843460051,0.545420824777333,0.784591769002799,0.459030297058624,0.179056148534157,0.520052738862982,0.610110356835552,0.635837407595187,0.358393465544779,0.592356681904641,0,0,-0.555555555555556,"F",-0.0077132811939441,89,154,106,181,0,0.555555555555556
0.691091734595268,0.434914028274229,0.538770633826455,0.1797652122398,0.324964379628997,0.755174603868161,0.681803018597135,0.432772464782719,0.607967810912391,0.526598217559022,0.599407697289747,0.239330119060267,0.435682579901647,0.631980040217427,0.305193676637452,0.504612233673817,0.25291109364296,0.353206276292219,0.487884515913349,0.428594742040922,0.51211096093671,0.556803386310326,0.62891346421813,0.489850921417822,0.617312101527012,0.45236038648296,0.156322079579293,0.667371826024503,0.234794873559346,0.450008215112153,0.398280961288564,0.470617320232234,0.4767970189809,0.524894752762576,0.482126402249852,0.563329377542447,0.634947511019714,0.318001731089035,0.68612656367608,0.424098051709283,0.512614281845037,0.145205780523546,0.577231318371801,0.750424737713863,0.70528331899825,0.555699564189699,0.629527656404186,0.379244254453585,0.400354108926295,0.569161098152614,1,1,-0.555555555555556,"F",-0.00999000999000998,89,154,107,182,0,0.555555555555556
0.336886563523341,0.643351050859325,0.189261616717601,0.518005751589934,0.427503074879943,0.56962657886369,0.526731300275617,0.464460773225077,0.280186777794046,0.650470835154521,0.507689059404713,0.649300238904009,0.522858638278545,0.413820958029388,0.236814179845442,0.637683371993051,0.386780166658041,0.359616559656314,0.601937055225821,0.300137012366324,0.569004508947506,0.42164866554563,0.481355312559969,0.544511459966612,0.504957155048863,0.477430131789531,0.660024544142548,0.716346032015756,0.541213840042246,0.716410433929604,0.166126243271324,0.601858424296451,0.382433307084178,0.717326828271311,0.615438597026638,0.344746359380365,0.55270582204834,0.243644088724914,0.759014316628203,0.41391606811803,0.171648843227247,0.313756563744743,0.460289064584531,0.422422946159156,0.22486841543125,0.544927899265781,0.504249441302935,0.514590944031762,0.563230860906166,0.70868931449219,0,0,0.545454545454545,"F",-0.0067773756298346,89,154,107,183,0,0.545454545454545
0.336193782869796,0.617719141383426,0.455357110531192,0.550814664639656,0.70178531362373,0.57743594237795,0.925108384596592,0.518111874108742,0.410207742848628,0.360356742852805,0.259896467500838,0.582076028881345,0.631837891612845,0.440829718866752,0.484211607363211,0.508840323531905,0.232661686845682,0.243902696882545,0.543003733296466,0.385636941049084,0.496428072455265,0.557978898551984,0.49699694809146,0.359358099603596,0.357027083498219,0.481253426447152,0.417915356656502,0.653115600710429,0.51967992296445,0.728190252688892,0.554784011873971,0.343595918509048,0.340645195406792,0.678563015141185,0.583570035065978,0.561729841367511,0.392328302413652,0.571122808364412,0.194254486917667,0.33148529806065,0.339213771960295,0.638468841381845,0.621892457180026,0.599285376303677,0.570307570819847,0.615882699226381,0.266450029369848,0.340443131673243,0.397550353109026,0.578153423108078,0,1,0.545454545454545,"F",-0.00903444381705254,89,154,108,184,0,0.545454545454545
0.612229276927245,0.530087217331341,0.359464613841201,0.601190162086002,0.530480987303621,0.517753790676731,0.52908784602162,0.682752954556711,0.478221542630275,0.90243740723684,0.476689756003152,0.522738341809773,0.2212129035822,0.47748166110249,0.593290877760452,0.420456905418289,0.571372662756851,0.66649144656147,0.249530499869694,0.188226846905192,0.498331872910312,0.506808276888153,0.71731361200306,0.695464372446321,0.546565567719036,0.537130902051793,0.490414520299234,0.466388837507357,0.522172900063072,0.544861175168541,0.705699515878996,0.405608123862078,0.446630994239101,0.591804539616855,0.290396137476034,0.739846356609134,0.481072804377805,0.533144783114578,0.410197902177794,0.491307244945552,0.486370784155663,0.316588123112745,0.690645138270214,0.536588461892933,0.597663720548307,0.292674772138036,0.486868555154608,0.683754070257685,0.630342428213475,0.447465196008534,1,1,0.545454545454545,"F",-0.00631136044880787,90,155,108,184,0,0.545454545454545
0.361586373763013,0.367666551568293,0.674871847275504,0.533746743860801,0.521598622970075,0.531567045918896,0.646566367726431,0.599476877790002,0.511340151726388,0.399379260313804,0.49250315284861,0.258967929794602,0.528821760683167,0.452272459908394,0.49988361697434,0.34587109316226,0.384429348627209,0.432375201858685,0.177481140666877,0.394528320570072,0.512334013573039,0.563259676323219,0.241562829654259,0.490632901277594,0.458055144767502,0.583783831415063,0.318633277615817,0.288606028228155,0.39892860042368,0.817533495086816,0.55150024832371,0.496381131574376,0.629112505878892,0.653028544676404,0.443612544668548,0.549381536490697,0.458370020999049,0.668478191243862,0.329165715430979,0.455965859685972,0.362632180162096,0.662580917507364,0.813029025553326,0.26327721144911,0.433357606163915,0.438155678738524,0.448535799890433,0.48515071659461,0.620442393233552,0.406958652798028,0,0,0.545454545454545,"F",-0.0031386224934612,90,155,108,185,0,0.545454545454545
0.68306276668673,0.471350898846472,0.401315264137368,0.758455997492221,0.448606630085144,0.58181915857929,0.620062655957114,0.75594851263343,0.394468272947005,0.453229539719538,0.327570411381852,0.0449339846327129,0.676300071811588,0.472673937799001,0.470616091229741,0.422473588733654,0.541345497330039,0.218437626798932,0.424562528647374,0.174442379225178,0.606968345678364,0.521903747936338,0.36111404423955,0.578430529365171,0.475425047415409,0.347549831912101,0.454156400429618,0.53401863760657,0.589310370606031,0.467211059857263,0.428484968566444,0.541277086204056,0.185072712008729,0.810246099419265,0.463932003454325,0.707916943442725,0.653495567870138,0.542200241357257,0.469460479856138,0.583742440734914,0.468265954427328,0.752086925477035,0.754305268010569,0.423500940590728,0.309234287029721,0.375452484015097,0.463641745652136,0.580320590179736,0.59039502965159,0.439230186304109,1,1,0.545454545454545,"F",-0.000450450450450446,91,156,108,185,0,0.545454545454545
0.469635911364439,0.540707206235977,0.790503210222608,0.6257481625508,0.632277900519005,0.543096950176278,0.600661418478676,0.235919877689159,0.611487222686561,0.596469513840654,0.598175200525954,0.526249781111808,0.622994692799962,0.456989318372781,0.578566230410616,0.472324401242367,0.31103883932679,0.365996204315728,0.793361209345063,0.424097619189504,0.701472750769192,0.205926854814045,0.436106951365086,0.38047460119376,0.601203871483007,0.424317633922065,0.387205077890203,0.592242401792904,0.393944217589431,0.493258974551341,0.415567948221139,0.31514962038388,0.470441124008115,0.878232432809216,0.4742090496076,0.524665300404194,0.312939142945933,0.485432296073981,0.556232259764561,0.729467844601334,0.471045399787116,0.439947951882604,0.716706928360379,0.397276402900262,0.255258930479171,0.560641812523231,0.365368617172003,0.698296005999174,0.197416600819051,0.517747098054571,0,0,0.545454545454545,"F",0.00268817204301075,91,156,108,186,0,0.545454545454545
0.485564606226844,0.563978533299024,0.437096694942891,0.586696568576325,0.528314141721581,0.783204323665135,0.411645569498194,0.557989410175277,0.390909276422211,0.313199996282842,0.514093005558416,0.50867951107197,0.480718772713652,0.394033274093617,0.562875166793951,0.436297246848166,0.55670082190896,0.425634465175761,0.314394992284924,0.382506356520616,0.365914909408727,0.65346366912126,0.398769629886476,0.422628489657145,0.588590288170439,0.80896428774741,0.595029980881219,0.722239590034032,0.193603959312104,0.581163939875073,0.373781417455638,0.704740989230673,0.24239300434575,0.591178327523146,0.48467843709997,0.28005831934718,0.523615191271408,0.659826591441318,0.365422701299343,0.463725280597712,0.604265782080943,0.434694449108707,0.543674876569905,0.245935707311027,0.670184410010197,0.744704112769638,0.217871060998217,0.299428202309751,0.478828042652065,0.435243686461971,0,1,0.545454545454545,"F",0.000445632798574014,91,156,109,187,0,0.545454545454545
0.788434524672578,0.299627542698505,0.406401298391922,0.682007735451341,0.524091739323039,0.61101512426616,0.53143348525385,0.589363058052591,0.227686356665546,0.255819321830071,0.582782233333238,0.460530097545877,0.395570061676437,0.554581867840454,0.579322782954588,0.45492861735041,0.725343917971114,0.310981783614651,0.730527500554207,0.629063300775756,0.708841149758903,0.169268153869846,0.54180895538246,0.384202577891376,0.296611648812589,0.415092253701477,0.419667713785971,0.362949144480644,0.600759716588527,0.607895659834824,0.341476045640379,0.360615801304334,0.604720434467849,0.50949846578305,0.485650070769516,0.488032188708695,0.695120277941508,0.342860733361813,0.414132783549485,0.270417963186911,0.325202663218088,0.181503128919145,0.704683565794233,0.495595071836654,0.50216320666691,0.640172538172367,0.754273100674779,0.388868245563124,0.372004021337021,0.425310914332681,1,1,0.541666666666667,"F",0.00309956061173744,92,157,109,187,0,0.541666666666667
0.623968416970582,0.561249913663075,0.508117326649877,0.531330628245817,0.564325087419199,0.636958551677095,0.653589654326141,0.346173321871477,0.356362015481684,0.545179268896325,0.556312698257267,0.586888467688436,0.297040153930939,0.663021383083901,0.486933075051269,0.503755416674067,0.274848769089183,0.381566559687544,0.70704097714753,0.554799089846067,0.673484511226743,0.509319770269466,0.237376977012406,0.530628443485712,0.550558019780312,0.541568866193573,0.597167940853323,0.708031619412913,0.496610709705993,0.24805220443509,0.380585158290739,0.61533375878312,0.533289721750597,0.465889323847502,0.353336494529887,0.521789943365906,0.523220642906951,0.597340939032708,0.541129704709413,0.581115776205508,0.557612175156266,0.338466185824906,0.366692014695707,0.695191922984635,0.629004994517202,0.396398120515599,0.638313178054104,0.736699012699239,0.647644600423618,0.572519111483969,0,1,0.541666666666667,"F",0.00088087816777338,92,157,110,188,0,0.541666666666667
0.270909716963545,0.409717918846539,0.547512392764388,0.343978019019384,0.520085325359399,0.463803744041765,0.520718454865277,0.49200212014635,0.547819508375239,0.59833470931971,0.651309268567934,0.440004640886736,0.646028015426776,0.67010505226637,0.439007902574576,0.538449456682204,0.398633727431291,0.33636050417713,0.350774682068408,0.551377501383647,0.804208145895724,0.484326307297994,0.608691617012752,0.46748996728658,0.142775488928603,0.460211235528002,0.575596489408011,0.53716222979846,0.59787857913748,0.686014681167734,0.263581966325241,0.625379993387453,0.434275048893496,0.48730253273075,0.421301363384826,0.299484128081419,0.43841201401064,0.389697361057667,0.658480515736978,0.522696073240553,0.35561013710274,0.338316559411266,0.684298239832389,0.615539460319764,0.639856548419389,0.458545736737842,0.31374066274477,0.183854534325495,0.775045624861328,0.4547546134503,0,1,0.541666666666667,"F",-0.00131432615509053,92,157,111,189,0,0.541666666666667
0.577384802016664,0.276738485659322,0.262725114724014,0.60094377433593,0.615365657719571,0.518731598428532,0.506709620072239,0.427776167902174,0.519596345723275,0.626516609139044,0.634941435764379,0.648229963084551,0.440350973667884,0.82435807113326,0.404196672570648,0.536043320035378,0.640135060177961,0.360140455654474,0.588091325347163,0.300515426322619,0.483338379965349,0.581472590946475,0.502346327602084,0.603675236054555,0.634526655357167,0.420398804856651,0.545361943965721,0.398098808815098,0.674062959707394,0.555956368587342,0.411415381742481,0.528799500827024,0.474632690263479,0.415803119496217,0.48657281883229,0.632146258664433,0.569937817704039,0.687313865985944,0.50944205036696,0.296928207987156,0.756834946108133,0.442992716083374,0.633224906001057,0.861989809889952,0.272711392183125,0.453223466130353,0.0872633591940039,0.398150559631348,0.305614153184584,0.496603480145056,0,0,0.541666666666667,"F",0.00177673483070728,92,157,111,190,0,0.541666666666667
0.437455163018879,0.392606653236119,0.577637062357334,0.490228536735597,0.393764600395258,0.558114436058969,0.437833242551442,0.327212389192106,0.4389993642259,0.547105399327298,0.602553229462335,0.383281610008857,0.472309202001854,0.646642305729413,0.439954646843048,0.422803702936766,0.477454768321154,0.399775729935179,0.234098792830508,0.782624044756444,0.593137500302434,0.447092838746266,0.604220891698393,0.345420632192535,0.487020661948184,0.562640011066717,0.526936057271742,0.297106523254869,0.539161414543327,0.669108325810778,0.423502352657944,0.55732876256374,0.457555916787468,0.38739344431278,0.750909893671215,0.650678147314597,0.576394619893735,0.471462090193934,0.463959578265586,0.426384095788323,0.699053616792067,0.490742545144077,0.321188173459569,0.606204979864613,0.575349368530908,0.518496429989251,0.493215759134932,0.64804633059571,0.957661686982633,0.609538232034639,0,1,0.541666666666667,"F",-0.000400173408476978,92,157,112,191,0,0.541666666666667
0.449684996489114,0.306350902627944,0.540163609548834,0.425089427509024,0.611585479676176,0.353065123367803,0.46703156295621,0.464138863328997,0.540424945725722,0.47056915663257,0.541172561925952,0.343032647249428,0.470443025038938,0.545659202606747,0.605470436237374,0.456051790413727,0.12319338024644,0.372538602780763,0.201152843287514,0.282754079439794,0.269646653265521,0.352933541527735,0.626997901515559,0.499497260943139,0.549668417160951,0.429633150824817,0.498033430439313,0.410197271204939,0.332875981694548,0.528327926810398,0.475484636444682,0.597197998045227,0.402268603755841,0.426282138323742,0.269125068229269,0.63845556994427,0.441074874570598,0.482364255971816,0.448353877910126,0.349574964441595,0.511058939656972,0.0863098008854939,0.608426724517577,0.664008819115748,0.399955506466176,0.475786498208996,0.548101959166732,0.624498916743834,0.502059904420948,0.651749585161158,0,1,0.541666666666667,"F",-0.00255440552016983,92,157,113,192,0,0.541666666666667
0.665568123637828,0.481656484896615,0.40207829459177,0.816800292217023,0.690672620347321,0.719598335926644,0.353211277547658,0.481672976757554,0.552529215695487,0.311445927235989,0.573761524805219,0.167576342137142,0.433744060503628,0.577266814429775,0.540886450293532,0.461167930992277,0.547544329751793,0.202675028236722,0.543351007244694,0.466911849538289,0.448751208184234,0.281496008059336,0.666629545427491,0.318512363004962,0.525576053670853,0.642149077129462,0.714959125418481,0.323297324876647,0.534930353517296,0.558844646779387,0.31545262119617,0.502100836851307,0.395438966050662,0.497861557532242,0.50335984582346,0.603610250723119,0.403420478607072,0.520036232664769,0.717077303234265,0.496884578738142,0.500947105004674,0.319968330898799,0.47068891336954,0.45929654365674,0.459169875112599,0.487523647682558,0.470100979721453,0.435355847832621,0.432624208135984,0.475041570638224,1,1,0.541666666666667,"F",6.59282700422592e-05,93,158,113,192,0,0.541666666666667
0.453980985945692,0.829700354099571,0.489229147128362,0.470792709709214,0.562681206666927,0.595613695511211,0.282162927343761,0.33355712139316,0.607555071372153,0.338660730529963,0.662842192454971,0.351044019993482,0.478611534209741,0.787355285160095,0.515142737347326,0.193704557119909,0.405329156693609,0.307045823081592,0.404860048771415,0.46398587971208,0.395800475269909,0.326542748904591,0.695680325772442,0.440032856175302,0.633692258897073,0.600362758556566,0.436064449498513,0.376943430048977,0.533202831991199,0.419064899277116,0.408859855581153,0.771636915025884,0.273763839128697,0.341107112173495,0.569770129209357,0.3396075489257,0.550449739129315,0.644043878890356,0.650039519272627,0.576942462935669,0.380395317818475,0.657581599996039,0.288733409237991,0.491208907810706,0.325059908184793,0.500953787765666,0.457614779305974,0.503742674288446,0.298699457657663,0.479271445036758,1,1,0.541666666666667,"F",0.00265330188679247,94,159,113,192,0,0.541666666666667
0.819870012730655,0.471701228929229,0.544409587327955,0,0.471331058966598,0.586104516860568,0.318730707046089,0.317575453739983,0.526590561214979,0.494414581488412,0.563701410649951,0.435118373615794,0.438384067455156,0.478789455972792,0.403888966228657,0.484445587747738,0.540718842011963,0.411948292531043,0.6682984024562,0.391052131000275,0.522549501774643,0.520971350853131,0.63004451685913,0.792122218535719,0.52285032203749,0.382502329468946,0.41426516313337,0.428276746695859,0.613337676256437,0.317982785602836,0.402517085230379,0.848176174395862,0.540202735859236,0.404928375201388,0.37034257737749,0.691347617885811,0.661378652807163,0.47608614848884,0.424030068259181,0.577211310947026,0.586259110866648,0.526791611983927,0.654305087876025,0.498268422599321,0.180673981007031,0.342724299083982,0.483644245286662,0.579275370081907,0.518685562694766,0.62543335388897,0,0,0.541666666666667,"F",0.00570274057418452,94,159,113,193,0,0.541666666666667
0.727764743232751,0.50552106645316,0.580855953415825,0.459956536966502,0.59448096030036,0.391450105704162,0.338213001283255,0.342990917328245,0.485337489824682,0.609446892370865,0.640496245128857,0.305245907614513,0.595852161787261,0.654248401716799,0.465087009827748,0.426408678130968,0.290392062737067,0.237207189702822,0.842759066698073,0.502195129111782,0.885290650461573,0.387978745917912,0.583531640233446,0.459131478847826,0.570067975804109,0.627109449193684,0.665040229855679,0.474179576355275,0.749711880935297,0.741322907186943,0.462778760953647,0.342102723507383,0.385000401731446,0.379804642858815,0.544390306909448,0.690041722967265,0.612354570329868,0.469121864015672,0.547711463478368,0.535270603796146,0.579473361822303,0.679222473261355,0.747208583198589,0.844085977286911,0.502997252861752,0.411253935302776,0.765527318470335,0.609449205530443,0.703863078449564,0.562156453805858,0,0,0.541666666666667,"F",0.00872074174933535,94,159,113,194,0,0.541666666666667
0.262408142577038,0.457349237858423,0.517591174735652,0.319821133238529,0.455234101690864,0.784970337783865,0.56910566936151,0.945471189593974,0.824944635622787,0.636607545794693,0.745588795169638,0.577491242787404,0.341864736291278,0.691555249924428,0.479299617941748,0.557739860218797,0.532362099871736,0.144328532646445,0.266403041989333,0.433250893901151,0.456975186494903,0.391058100296204,0.607459323179963,0.500994489052638,0.529757450115282,0.541723665684589,0.362190593951348,0.48133240975418,0.321961357282203,0.651854504560501,0.653951182873066,0.577180663859373,0.468100979342839,0.452764626927328,0.382936783832219,0.567248077835175,0.699734562183546,0.64886778999419,0.490662593253924,0.406460847842527,0.453816941567394,0.455901672712739,0.52719222045966,0.459517641929347,0.454957931023547,0.536772000913643,0.408886804682527,0.641106476180459,0.5859769830028,0.409801192567405,0,1,0.538461538461538,"F",0.00657958393807445,94,159,114,195,0,0.538461538461538
0.456503749564402,0.485441590610079,0.452865625164711,0.454524337769054,0.611141465629916,0.354540374829973,0.421876737046621,0.465366855054146,0.82579924716141,0.284097352125026,0.601776125720378,0.680578938603653,0.657930594917819,0.600925589710067,0.613243906029447,0.34744351817609,0.518904095420949,0.278693274331059,0.580256189132783,0.536595330727069,0.421460320402713,0.259533491085243,0.580273104495126,0.626652518393173,0.327161857189142,0.276431881222661,0.359258471722991,0.472240126959394,0.632143412798663,0.580800482274112,0.401071859077027,0.545436574472417,0.508005925248499,0.498964785976403,0.855988095684854,0.380534254227075,0.553341436466701,0.266326353091406,0.325954207193823,0.563236924855119,0.159606986439422,0.480639444389279,0.46632502893284,0.609675830715138,0.501574629686028,0.491373480292622,0.350142471663648,0.475065458015314,0.49755365283111,0.227183227696081,1,0,0.538461538461538,"F",0.00288461538461537,94,160,114,195,0,0.538461538461538
0.666547464917812,0.49028379060191,0.587868205324599,0.689988083993526,0.314696801370379,0.458570909351145,0.16623402586178,0.577751109963821,0.823892657607649,0.524361847559645,0.545865740513576,0.628897423663289,0.510580295418454,0.638389022090388,0.386600832120728,0.790183431229944,0.662128260029589,0.396620161918215,0.398315806880819,0.788583283400873,0.444888502261137,0.562586150111506,0.348053270321389,0.415132374272419,0.333158860826449,0.530890732168492,0.435326159711315,0.607570645445155,0.40166261656792,0.646246471715322,0.380956694144523,0.59222426580373,0.386943181902259,0.799678712223137,0.549515125957558,0.855830870627852,0.642697186615841,0.57671505556978,0.197626061585097,0.336793918326348,0.587261135058106,0.495135113494821,0.396415477171418,0.640395479550568,0.610086961787202,0.570612864770903,0.667240012355418,0.351798164451031,0.323895011966487,0.316402506472406,0,0,0.538461538461538,"F",0.00586734693877555,94,160,114,196,0,0.538461538461538
0.628302256568446,0.597573417409574,0.676359321805009,0.516325958441199,0.53887124759491,0.731158362242577,0.468643334057391,0.700143371814756,0.495867143813182,0.18541035450735,0.485003036557348,0.405359304354798,0.541057090690091,0.462290516714076,0.492420610343066,0.535491314118352,0.270084983639569,0.178820327388931,0.773219553309296,0.72831518525328,0.375049672768334,0.250506914492848,0.498918816557369,0.311070174314345,0.351580272351032,0.263869245099179,0.55833343492663,0.667793156283573,0.455337690507361,0.537736595486795,0.137658098911145,0.581038469260786,0.48093321415094,0.696584997945648,0.68501549602912,0.383225736963521,0.461022068377232,0.765343588036019,0.569433301418759,0.811952266639682,0.427757608873729,0.75417584471724,0.771826037725319,0.385152748699016,0.47972663140996,0.593419037389848,0.421751593498959,0.678215543310377,0.641336650572813,0.369538050187409,1,1,-0.526315789473684,"F",0.00374365482233507,94,160,115,197,0,0.526315789473684
0.507752530575013,0.234251266113733,0.277906939154582,0.508843782541047,0.576560519794043,0.165213360618534,0.328784844570284,0.598584900212203,0.650280117250381,0.600482541142928,0.592176975974515,0.473297887380656,0.41305542859953,0.740858022971442,0.505904926661865,0.407180142357726,0.673671487255082,0.618550819032817,0.411881217169548,0.34314845350318,0.525390962184315,0.336151611800553,0.501367176539085,0.279471831863853,0.220708441680413,0.296313113711578,0.383356785104124,0.514510980793978,0.409461861056319,0.748405830330116,0.34187283462018,0.649046479654375,0.380630952273097,0.580050304843614,0.721505725162617,0.863199656296127,0.638825078965717,0.432251643384957,0.40897159977812,0.372006817391026,0.274529802457901,0.4351800043198,0.379654648508124,0.686376368805761,0.184629649093978,0.272809771495106,0.442000596446961,0.722828343914956,0.468027240956751,0.3132952473621,0,0,-0.526315789473684,"F",9.45864993536771e-05,94,161,115,197,0,0.526315789473684
0.825224058765168,0.554548689590747,0.0772604038551133,0.508104516393992,0.712691194727342,0.332109899728284,0.456791409900503,0.523815634158681,0.594218971444154,0.710523150261271,0.536262648961961,0.456950101727694,0.470683494218316,0.433176932791238,0.429973042384099,0.565168030778592,0.614938656109856,0.407323038820597,0.21025472833095,0.307359905762646,0.60743619350623,0.398640562090081,0.440469460535809,0.283999279564215,0.424713274554609,0.437213660396577,0.516778486641288,0.236981140784613,0.552743365067425,0.639739408363359,0.46417358481049,0.870243668785487,0.540438275998478,0.511088944125121,0.541952024704172,0.589053315567956,0.246711369320481,0.570482728555303,0.428244757024357,0.797345388991429,0.516092844694194,0.392822295710514,0.326383972111551,0.604614294113304,0.300136594531353,0.678034278342296,0.466183045921874,0.533805748515243,0.325281353298724,0.239761740077379,0,1,-0.526315789473684,"F",0.00266340790875486,95,162,115,197,0,0.526315789473684
0.547868452153666,0.342458108212437,0.597367678468778,0.322422929278241,0.474189658076411,0.207321882433591,0.483924373683378,0.661410831409645,0.409709871453984,0.379140779400698,0.487523416495263,0.548894182488766,0.763159803603344,0.504001753656279,0.723721781172421,0.450992062176534,0.501388054099957,0.395322418690213,0.504351864266454,0.365719541802186,0.288952022859394,0.644771903079195,0.543944347289771,0.282158358083812,0.244825737277909,0.492465885846874,0.311032165598909,0.294947869846798,0.681137829135922,0.64079448749386,0.527367338666319,0.606863322057787,0.329203166627596,0.854510576582501,0.658288671794353,0.333808685227004,0.472659551275457,0.425414630802919,0.544334916750025,0.586663706322016,0.520256990461209,0.267277846004396,0.754566197339118,0.562665980882131,0.313302921464597,0.393741905906946,0.121256246846323,0.552158522074687,0.349926147636621,0.0948943251530901,0,0,-0.526315789473684,"F",-0.00093425928809443,95,163,115,197,0,0.526315789473684
0.411368504816229,0.459090101133408,0.480395355252142,0.259483669789236,0.294848177009128,0.425155279612733,0.470431300963957,0.376554113713432,0.445552320613985,0.498510665836396,0.368548395030188,0.338079680958283,0.507347271205468,0.680061869711199,0.947870336962334,0.427073486068377,0.15148313471274,0.505609342828315,0.601512589312392,0.549265931305598,0.520272462950216,0.378117544603748,0.558634473828162,0.307861836121058,0.634426996901848,0.338386634215299,0.239947696514064,0.436446946276329,0.779490853255567,0.368511435968341,0.456102804271298,0.521507673052206,0.615494935831038,0.828518860518546,0.2853480587973,0.422732568935386,0.554830818432923,0.725653133773301,0.54449221690639,0.409063602099521,0.475961417451606,0.340829268180041,0.698035348467673,0.300475373184757,0.744925446957427,0.663192793565586,0.500284588005421,0.452144183743534,0.769290866295008,0.229342756482367,1,1,-0.526315789473684,"F",-0.00303649996901534,95,163,116,198,0,0.526315789473684
0.434836504036325,0.758650186096027,0.682523995758407,0.229286683640905,0.696756788147694,0.388525411774485,0.314046796351913,0.467681812992594,0.594433693135195,0.553948746480607,0.100201283376828,0.297374667035752,0.641012975088581,0.476625886164819,0.62807446674333,0.609012243982982,0.616574059070963,0.508371741665017,0.445652497660522,0.504641715480219,0.359276216234195,0.26758456041056,0.482544443446848,0.401865688025041,0.292756592025136,0.563710886807011,0.583559184536094,0.360539360148707,0.57191735546689,0.631543555277072,0.608523273372785,0.497316409925093,0.423315978381956,0.399765935403791,0.335028974491398,0.469286912738683,0.433682559367351,0.670282018876211,0.468197319652493,0.658702295390858,0.471247756552608,0.293079887546494,0.562551937896751,0.697441748395048,0.338311034222424,0.450351692053471,0.574353416860521,0.547994818253577,0.452017410598426,0.361125211105092,0,1,-0.5,"F",-0.000492732200049306,96,164,116,198,0,0.5
0.411810272626867,0.349911601341968,0.395955617779973,0.545751584641876,0.527795088677127,0.306238162009476,0.542918263978595,0.506503604118536,0.415630218435008,0.579857978304973,0.578949060570935,0.485185841703591,0.43954264911761,0.609700045191873,0.64677115490777,0.365004443830432,0.129265675131904,0.474464674532432,0.810546690839071,0.504005007753037,0.35420052584463,0.613620752298358,0.54109646217046,0.316571869141471,0.969886358009351,0.380148340725451,0.380798372851104,0.368127016207699,0.495769213632287,0.844242782618384,0.43493870913997,0.44890213649196,0.445786906566273,0.704403281061272,0.5331944392014,0.623729170191235,0.413921378511172,0.12123161381264,0.266305818067447,0.538646073175581,0.522621629929776,0.468948710764933,0.356998798688802,0.40222323054685,0.588553231268474,0.739503414375623,0.333147285842435,0.813770159926891,0.418465017891769,0.692423289242233,0,0,0.5,"F",0.00245128079421497,96,164,116,199,0,0.5
0.431066043143898,0.471943583294883,0.514229937413848,0.392459922315731,0.680405410806186,0.468326619239113,0.498790795595449,0.470525250002618,0.462840296892018,0.397511396310427,0.482899693771612,0.369989676617978,0.211465087715636,0.321852462250948,0.722902549289264,0.400118729271243,0.198534652183588,0.379431056720769,0.325716482640406,0.752404243204687,0.419533531235929,0.46853852251561,0.475908574943844,0.486490522667405,0.710629571936633,0.657289395416108,0.412038003557063,0.445347463616449,0.374352124786972,0.469397535572845,0.618955885157429,0.540341147525098,0.539418074593225,0.570439808744223,0.533338008342356,0.506426709623754,0.601005645816898,0.620788413175027,0.402639672899485,0.711507591605116,0.494233621562519,0.411840629525491,0.651858063504403,0.37623698274758,0.413412956264424,0.284149456402827,0.364651965650153,0.585159970974367,0.263026034571828,0.171012644974226,0,1,-0.5,"F",0.00496421501446631,97,165,116,199,0,0.5
0.417796770907052,0.461615327174649,0.27005935376908,0.460893887019378,0.439615169003503,0.751694604437348,0.69679996083199,0.436743206547497,0.481719073193515,0.523039606223894,0.490345433156819,0.414570670651186,0.174468460405954,0.362047437411558,0.435510536673362,0.350211166575716,0.510293075625293,0.616418101608398,0.383358241397182,0.69236697714928,0.515492660906784,0.391733893496642,0.416096294762467,0.442081108392127,0.550696747427784,0.227662864660288,0.493535459295722,0.510241609494979,0.465813737726512,0.484208248051612,0.78042937625993,0.445663560770527,0.51172769820354,0.584626897681617,0.650571773268346,0.594225474877055,0.238966505806784,0.691733273956973,0.610353120599632,0.845428198244685,0.609602358388537,0.407949423871997,0.423719602389728,0.566629656010117,0.531408190887626,0.535061932040091,0.461776164258836,0.502798805798812,0.572356972765156,0.761246783345952,0,1,0.5,"F",0.00287878787878793,97,165,117,200,0,0.5
0.407715146974784,0.357600954367787,0.276117731698194,0.389125146926726,0.371596098999911,0.241666717507633,0.612943889641847,0.502470501503953,0.589720406211524,0.554945995548421,0.551041860588646,0.344982298017965,0.200515470998814,0.459588228369982,0.854674443210405,0.517330488664781,0.364682603686897,0.501263417966713,0.759219127088822,0.408153760193429,0.476001743503021,0.131568081840232,0.536660047992696,0.554384717848299,0.456010757080716,1,0.328746080222947,0.473104217251134,0.678160800508611,0.491164396066179,0.635408692703183,0.411550826657581,0.531545821608783,0.443458818223941,0.458910219774212,0.362537421860849,0.586306248866284,0.652581336144659,0.640068124662454,0.489617191317148,0.450250981432884,0.694184934446441,0.297087524975155,0.378519168576533,0.374474210106209,0.667463808279024,0.642689961528881,0.22199944827277,0.570695026583982,0.311218236665529,0,1,-0.5,"F",0.00536144578313258,98,166,117,200,0,0.5
0.593060444923874,0.453588332972909,0.388271858488928,0.429659183470056,0.394336787735214,0.384970982993146,0.423760405356498,0.66616366393909,0.61339973810973,0.413150671484028,0.398327225077873,0.331605146427591,0.306741718862171,0.314661820029541,0.686795454209095,0.290948914103675,0.376185675141959,0.341338726681151,0.52785109687324,0.537282272163468,0.548538688128,0.407490410846112,0.690268701457763,0.502649317160321,0.579883082935936,0.442371880075229,0.355127269956092,0.695081392390488,0.822566621352103,0.276844678424308,0.415031385839788,0.572475708764709,0.439431192734485,0.478125421313739,0.753729213365402,0.35685908969102,0.751533431798857,0.40994669383788,0.510456724148199,0.498157785454437,0.429391166956103,0.509355586015476,0.558065209554086,0.54770550704471,0.719211221477803,0.607162167409145,0.57451968762951,0.123013679314869,0.365687197299441,0.155315960867174,1,1,-0.5,"F",0.00329676916621713,98,166,118,201,0,0.5
0.411697889195647,0.60575628609844,0.454007192231562,0.51592554379203,0.539082373132855,0.0919152888898956,0.449430153396508,0.697812390949266,0.385542804529592,0.271130040445336,0.541077507462225,0.45038927914722,0.468379033431661,0.32899511598066,0.537238576464357,0.735050614611628,0.282355486293105,0.410738386905684,0.697116135249875,0.490643413674944,0.761077731323058,0.460600871141737,0.64645802818902,0.383396461920848,0.630843205034188,0.622533276650311,0.193412654257159,0.489104792983833,0.800646240844391,0.453172036703759,0.449252405319757,0.589915316140139,0.424673825100957,0.570540775699763,0.671415155483493,0.383653352053636,0.50253441658081,0.447080142041062,0.655044640031813,0.397628644115824,0.386896200125966,0.485030087232998,0.398777703238087,0.519314116293211,0.435872133597449,0.767942865134674,0.280689971478935,0.524258407148821,0.595919093631063,0.744509480441205,0,0,0.5,"F",0.00620302994154842,98,166,118,202,0,0.5
0.493732391079833,0.487668264028433,0.51372735755225,0.655951150730713,0.217118698500409,0.565167997233707,0.611978134126965,0.315417374929245,0.632826088623552,0.520896803239743,0.258807480512318,0.3795624098804,0.515351718693936,0.533814794558427,0.514440968161359,0.251202044340422,0.39594119325853,0.314111672624438,0.263534635662275,0.558730330261035,0.501844236583313,0.377920452970556,0.22244245134295,0.493975353670967,0.686266599761036,0.687261102554872,0.339079588316121,0.522484272853475,0.631194970028736,0.679194715285037,0.389270475764627,0.3677618799942,0.520822434410582,0.727778059509863,0.240682972227216,0.260853636439878,0.576698808308263,0.504689450849627,0.255477298461982,0.663258099163787,0.535831524609474,0.0764002310871823,0.53455278955212,0.600341833322461,0.499699008098053,0.486971822417966,0.409717141011799,0.470278063821404,0.48438426004091,0.5375942843701,0,0,0.5,"F",0.00908065760579269,98,166,118,203,0,0.5
0.512633744970512,0.171725839859264,0.432493828670506,0.600110494508203,0.380773882508303,0.567474031113221,0.679558987893341,0.624275039472415,0.42831573272002,0.264389156942776,0.578688268589307,0.458984129889103,0.367130348148694,0.390067257634341,0.559973206445275,0.561510261971361,0.33535068434523,0.333291825734293,0.637118593551288,0.330687384640737,0.529456006270665,0.635136943848484,0.522100641053584,0.471945258142275,0.418677687629939,0.633783669218952,0.54042687018709,0.551001252607393,0.357559904820524,0.626645226912248,0.262653377964127,0.675955223922711,0.639668513743543,0.429265910947488,0.46839628576863,0.702522790603895,0.431199946423663,0.554448955891461,0.321601543688351,0.323651884799565,0.509375506390054,0.57368389628081,0.540807142517152,0.382294712895935,0.348247756741429,0.649090122199753,0.282735388488673,0.612866992974435,0.513904153924946,0.204367452126626,0,1,-0.5,"F",0.0115335830801452,99,167,118,203,0,0.5
0.400394933034185,0.437059479693854,0.475024596145412,0.729113164099094,0.566095818626957,0.60870257971749,0.468627405527027,0.738548000215417,0.609736842241019,0.355690131525915,0.428280677122629,0.478214785922835,0.314198736902613,0.696434768503212,0.542430939820566,0.686829828443429,0.142691679720056,0.566111775157121,0.49331489434331,0.57223749978294,0.388208834029743,0.379958988141931,0.665962065436382,0.408242203649222,0.356889569440351,0.515184757286782,0.383150563283197,0.347503343055217,0.545482725403051,0.747296258808244,0.535917255904581,0.498968814062261,0.508436864622956,0.581499094492482,0.534048467656912,0.334017651113128,0.424004363682918,0.62479860231081,0.578150352576787,0.341094599997821,0.605069818142477,0.378398703044725,0.736499058790207,0.455371548914701,0.472228771748386,0.263687073819822,0.303215215259348,0.36548362499994,0.633537221694175,0.450942423170571,0,0,0.5,"F",0.0143829987084654,99,167,118,204,0,0.5
0.329545766860292,0.370568680215855,0.549052209537606,0.509672569880284,0.609874294428261,0.496828432046252,0.492738044912696,0.607084422548305,0.627998379488039,0.403295833952864,0.518191986952123,0.180707145650812,0.452795028190487,0.16971018956422,0.562621842444635,0.835565027426261,0.67012993379048,0.612765223966448,0.187779872687235,0.477153240117006,0.234519735008851,0.205346053756737,0.429579088893407,0.56063552586323,0.589295659826277,0.737020134424692,0.553604334506927,0.562562183674029,0.530622333691308,0.478686056387139,0.219311234871734,0.376217687299755,0.342219887411417,0.404460985984056,0.431516761049164,0.355959953372524,0.631460868163748,0.446406447223798,0.817965625276031,0.452291145353391,0.735207241708954,0.43735970420406,0.381907382892915,0.6480799206822,0.45061977641842,0.575751357406046,0.432598841848236,0.609488296890312,0.586531773556452,0.283053748079773,0,1,-0.5,"F",0.0168067226890756,100,168,118,204,0,0.5
0.529542824824435,0.395568168983252,0.576964587264613,0.484351126487583,0.623920142722066,0.932045977207199,0.541581380808542,0.646463943414769,0.780064329507811,0.360648665690893,0.353452427939989,0.521572294983497,0.545793799522654,0.420802741627149,0.583038625029298,0.329697911668189,0.384229656858271,0.694800040295597,0.462562366348444,0.467670579731205,0.293573902257928,0.353364156489098,0.539835605599918,0.583145617590508,0.442972716466702,0.473263102545139,0.520354240994523,0.237734087603796,0.507565506208902,0.75920872412826,0.196007485552947,0.401913665901279,0.389992588459544,0.617609238164169,0.657567408694354,0.601339839913491,0.384423910239999,0.510631456646227,0.577885685144172,0.711716337796418,0.581955107296475,0.434277700994955,0.454725436707208,0.519405184701212,0.702888491491802,0.699699254461325,0.215135593426555,0.476685556090241,0.462994869415284,0.575861825128764,1,1,0.5,"F",0.0192017635456549,101,169,118,204,0,0.5
0.530416155976572,0.470622534176387,0.273144527230854,0.439028616360716,0.325344540840395,0.577313964816213,0.567535952947931,0.591446165824558,0.594519460518159,0.431639491630735,0.345599352187396,0.336453848467809,0.565730035039595,0.684796307192317,0.568452801250865,0.259400826934418,0.513081240402218,0.546930312835134,0.567796844814476,0.419526929285788,0.415872662667271,0.449889436370336,0.64266879157524,0.464243208459309,0.419481092524475,0.69015171731832,0.585339026510604,0.285145846163093,0.379272942414186,0.691353192432112,0.48874265674936,0.720923034873073,0.461593653864435,0.686099357680623,0.417656597827262,0.542634125853047,0.451321838338438,0.491320560295798,0.687698000019674,0.361217409270603,0.324828249970234,0.580535764178801,0.718175784218032,0.487738367721987,0.67398054754837,0.69784122820934,0.411368848421028,0.479254963797416,0.520184548797037,0.288074258951134,0,1,-0.5,"F",0.0215686274509803,102,170,118,204,0,0.5
0.485927325539961,0.484298335806676,0.401847534438289,0.49521773651131,0.250513614808133,0.549273974869382,0.699199896199491,0.549535049945933,0.674062832726931,0.463599560121531,0.653494263577873,0.471157566006527,0.435824781456575,0.628403158261636,0.757420979852134,0.521277273660939,0.700325245954782,0.455467278030643,0.663213322181653,0.493377466388069,0.46820045602094,0.264966747866324,0.773801340269725,0.471853050060223,0.700458856603038,0.669131241504805,0.408264976649651,0.520198773885918,0.313930882852076,0.61060520139519,0.502955789233489,0.385414731856003,0.330506620741012,0.517854661138943,0.444810093546877,0.454438439731334,0.389732457613122,0.627853362958404,0.467071962606492,0.386639562773868,0.352549420550002,0.407746411029145,0.568963305462132,0.260784105469816,0.49259471578407,0.528817819105794,0.188811253451716,0.497285425266263,0.357437719100036,0.364795739351389,0,0,-0.5,"F",0.0180598555211557,102,171,118,204,0,0.5
0.554145924461154,0.551286099624048,0.184327917583614,0.346262394313294,0.624667085351353,0.456080789286566,0.412457627410963,0.813653525539322,0.477531131738606,0.359223786127447,0.38163673674125,0.335011497437981,0.454821665962389,0.388512768296163,0.686400605681181,0.813915525063514,0.555775011863986,0.337014914568626,0.570503015962558,0.254643957889346,0.299572754546915,0.540458439908012,0.42680491857839,0.455441000399705,0.556564207880882,0.786951256767779,0.352085488754406,0.410160734790048,0.623483003495734,0.642325963167423,0.463983546374341,0.393658885932249,0.500814118054806,0.840824279561888,0.419339303165379,0.295952892247372,0.471510936609246,0.288518202408502,0.688937038876694,0.57805193427626,0.475434520205515,0.591431368656324,0.513331577781196,0.371592803920736,0.525716121366502,0.310102545539714,0.651390268186057,0.400927171563216,0.344594795859395,0.263161831684729,0,0,-0.5,"F",0.0145918832649339,102,172,118,204,0,0.5
0.43447871989253,0.504117913798122,0.125850026936297,0.493332750004006,0.309488252275267,0.7248306708367,0.818251986737422,0.621026644007368,0.00605249773390782,0.500125640431137,0.524514985228168,0.36839371594504,0.520284783832626,0.463420028218795,0.628728202493653,0.493361684668649,0.437185451044966,0.283088523508146,0.514102593542957,0.457859260862089,0.5607447560291,0.659151417465386,0.676387841973292,0.396661631204995,0.404379818201976,0.534571007287269,0.41156689534284,0.686090778517715,0.540826181707481,0.48405214509558,0.528577477756088,0.564473031730152,0.540204847254768,0.901951519560053,0.672910900530422,0.474938820826776,0.588419574211115,0.555020641126454,0.462410545877149,0.819317398669187,0.617931747906756,0.520738545532297,0.546028572981363,0.61316848586434,0.562286148179846,0.668626761125044,0.428160976901679,0.703303027897395,0.292950557023482,0.430134624065445,0,0,0.5,"F",0.0174134997163926,102,172,118,205,0,0.5
0.632744423146396,0.427242033960625,0.43482876371003,0.634451583002303,0.529431500522127,0.522808471852775,0.483830880062366,0.494492193440388,0.530340176916756,0.527926403637161,0.664835421546586,0.476303618737564,0.585763274979817,0.473242091205429,0.668544914286986,0.541323958862574,0.265923327398344,0.431200046554066,0.467065249995298,0.695287036818486,0.583014199516079,0.43307234305524,0.309519686561522,0.492395867267306,0.656038036527262,0.251736461881454,0.296647004213484,0.355505878380264,0.425835415247713,0.449313161969036,0.400673296325,0.636855424300731,0.627267774612166,0.740808053678733,0.63115981811151,0.638633776688627,0.418375514876951,0.508222860676343,0.499627230840824,0.314604542823801,0.492270633829636,0.512481008127539,0.564183415958827,0.41374701043254,0.639458943169983,0.531699700647569,0.472002198123101,0.541455256844877,0.280003987719193,0.692159393414315,1,0,0.5,"F",0.0139856196249825,102,173,118,205,0,0.5
0.25343219842931,0.263296202195263,0.170789754197425,0.450101745008787,0.359445307421691,0.584856845504417,0.389752143817988,0.547955314274578,0.606875788657932,0.562259339399139,0.847508888062212,0.400295756707674,0.552260523739405,0.365590906610613,0.564787540865893,0.540949534857113,0.662906961282524,0.605298825730388,0.711150744836622,0.542973953408953,0.511206147411999,0.379261841500031,0.494443373561128,0.52653558530657,0.554615398756964,0.532202621517487,0.650864432174775,0.405787131036142,0.595785222650877,0.667431636119263,0.538105461683639,0.384716717372073,0.525041400491669,0.596190386263376,0.449223318059413,0.641309790976753,0.634829972275614,0.896835163667306,0.337680877317983,0.4215747305769,0.509039335027559,0.456155193329923,0.520403697405577,0.406508627379672,0.394117342176312,0.471692864978492,0.203198437691419,0.551950468716786,0.549173843601932,0.630014712164795,0,1,0.5,"F",0.0119254728099221,102,173,119,206,0,0.5
0.43622300687515,0.174603568434349,0.642290099503188,0.523852807832406,0.560845756707419,0.535366640553853,0.37041656258028,0.367538359607438,0.418113057897691,0.349689432103362,0.478444419881652,0.393935716812082,0.665176930773286,0.513083660837104,0.459629610011777,0.386777629867432,0.38711756704059,0.475260319275436,0.686805258171718,0.466606266197008,0.569816469083089,0.699860885879047,0.305579345694851,0.521310347537011,0.330828943085552,0.762755242852356,0.485002579365999,0.43254268903837,0.401028888887319,0.41838390594147,0.304016844149417,0.716671846992247,0.53977984570913,0.665199869726954,0.404576845397393,0.365719842550051,0.650155876192941,0.453778661460401,0.239857494164412,0.366541740388498,0.629194134464564,0.370888152235661,0.470833903156545,0.53683364405653,0.756122100386099,0.437841086181902,0.458012201271255,0.384960833952555,0.481388424139741,0.377147759798648,0,0,-0.5,"F",0.00853699363910276,102,174,119,206,0,0.5
0.618202948250665,0.389283986278161,0.707694633074089,0.390800813023092,0.496714308469504,0.951850094492746,0.725243819574493,0.563488873971827,0.315036964926438,0.413673329231115,0.553634922600428,0.590792771151615,0.558424664395453,0.623334286821354,0.502273492714337,0.473379847065633,0.542204609799009,0.375082368076355,0.453699860562911,0.293857915085614,0.300292360744477,0.605847970850936,0.660616624346884,0.416176605839357,0.428127846540902,0.722362144116044,0.518456983120898,0.420381775645356,0.212236643824513,0.355195143746263,0.56582013779189,0.277469076849223,0.424702609980273,0.551003705410646,0.501143492975905,0.457342196850356,0.368752376734194,0.309153367953616,0.365885003905832,0.670039044543865,0.484762003724318,0.64089718874524,0.572315956597167,0.308009267551287,0.485562041911169,0.526488643936811,0.395150843581279,0.578145847666962,0.166547258377696,0.337017977505614,0,1,-0.5,"F",0.0109015256588072,103,175,119,206,0,0.5
0.504167604893606,0.47767504200538,0.54407508462488,0.527383316644699,0.220019138927053,0.480462765410875,0.531229548877878,0.472257544583329,0.486382485514399,0.171451982195553,0.472837630227765,0.240256960396251,0.72621447140467,0.418691310854458,0.539417143243017,0.581785229954079,0.530145154130565,0.55079977925791,0.565382417631969,0.500400551538918,0.45701313502314,0.605753797853241,0.379262479025312,0.517423676286702,0.548725579624226,0.450474127980231,0.414461537000214,0.553722255689464,0.587781880827761,0.552012186601504,0.401142758299662,0.216796111045298,0.558363649080689,0.82544323697085,0.44910401012452,0.505142478902394,0.410815106453486,0.557377472344005,0.460013777986948,0.69469614484445,0.554329227627529,0.457847030792565,0.392331584383717,0,0.633291690779202,0.555407359405115,0.257481766366703,0.479325848611472,0.541558736087921,0.48433516843176,0,1,0.5,"F",0.00886128364389227,103,175,120,207,0,0.5
0.573658131918026,0.389440585745325,0.176934943137404,0.354143748081065,0.360417247836635,0.575475631620187,0.33641614315147,0.623946030748406,0.614547780179489,0.418949338303265,0.4351778975389,0.619733687973215,0.542901099395516,0.456966501598659,0.427623537464812,0.357384995176221,0.616743071772524,0.480983123960058,0.357582338506596,0.510059653809285,0.401054071964118,0.684893581519704,0.494640800943683,0.64005271716971,0.454460839365657,0.666457620117573,0.383701371811648,0.489840009418809,0.399427624802664,0.424506306125356,0.387223686452278,0.460928385386367,0.569186571215303,0.203902213044365,0.538228894191295,0.712428687924315,0.379078411688455,0.487046282370786,0.419301499502394,0.55551549126401,0.225711943824697,0.637284819931891,0.377865518714007,0.684844796993218,0.556585915404139,0.397314767751879,0.523211183233155,0.371558438443706,0.688688533380634,0.286837205164687,0,1,-0.5,"F",0.0111989459815547,104,176,120,207,0,0.5
0.60391549637534,0.508815431060447,0.434659040568555,0.190780804861588,0.725147454408634,0.519504543909492,0.618259861500261,0.767747541720386,0.512825345068713,0.273225158431403,0.220885357388724,0.413412144962277,0.482109105934523,0.677055169321468,0.361166955406572,0.260950502201881,0.368059459819699,0.200357569004274,0.284932017011581,0.454060931242175,0.660920353865894,0.199076942815795,0.803515567060616,0.585924886657382,0.160772816755758,0.69069542378721,0.687933316748936,0.347686862717465,0.612554212169376,0.427055134622437,0.557532374222536,0.582551080414351,0.446555885648975,0.685198254007628,0.460657511492265,0.247391073226492,0.574716518274225,0.469446644381575,0.525675623869802,0.567498864231973,0.511051370831693,0.396031573686497,0.44977272648484,0.622438131709984,0.512544045939533,0.644606211582634,0.554814806191757,0.717357987790593,0.517839862370247,0.731330339468137,1,1,0.5,"F",0.0135101940555146,105,177,120,207,0,0.5
0.846370192480775,0.431886990539247,0.360305480092818,0.338439990095914,0.630422137649783,0.345301149578656,0.517407065557198,0.45342562688426,0.4972987469471,0.477656871988387,0.435262131986896,0.380895474058027,0.360088356072837,0.53369860714611,0.401421238477095,0.585112816011768,0.428078534755058,0.493936783407843,0.238989516440525,0.614716614242541,0.619758644022776,0.502983304763263,0.539628457724801,0.535055834115325,0.448431198135715,0.727221135614161,0.585698360740071,0.352825751830802,0.515312839920828,0.812762066496512,0.585032065157168,0.574727767088856,0.551121157210596,0.511354021716521,0.625980445586064,0.38622343386004,0.349881233257029,0.647262897949324,0.671307014419681,0.594314877986959,0.865405631700047,0.375771015502626,0.246361407810483,0.376555654773206,0.790120621818596,0.675927642126333,0.377296176902021,0.795346721271997,0.489685057338409,0.278667427894396,1,1,-0.5,"F",0.0114895697522815,105,177,121,208,0,0.5
0.686525991465976,0.523884935390549,0.335608320060558,0.542306718554277,0.551735012780558,0.681500625352102,0.49752540390859,0.782435403050317,0.478113448727535,0.366255395507775,0.778389273741829,0.396479014670314,0.643916692775583,0.914423959285936,0.724858563974056,0.495299010232679,0.416750364516951,0.574679179156343,0.450728932371906,0.516851845205781,0.531223691183844,0.641908537454357,0.49463670750402,0.553245103185445,0.535281657520579,0.671268588281498,0.42691892921745,0.517191326846893,0.741907060418785,0.555954724267302,0.458328993737682,0.497638619445804,0.447211968663116,0,0.814449305703056,0.667250595146693,0.614734613703253,0.534645012207463,0.59375974320562,0.337208344807272,0.559740868995146,0.288798958708173,0.515189123415349,0.592222361032687,0.516099749887532,0.365326983425269,0.386262169920229,0.595175255994075,0.625633002020037,0.33249955935377,0,1,-0.5,"F",0.0137748487467588,106,178,121,208,0,0.5
0.530843614796481,0.611652998506272,0.330397663499643,0.408192734148169,0.708173942640427,0.503849007150083,0.604941016305253,0.6162128251227,0.391152995208419,0.414394439364554,0.688559384857896,0.417197301737838,0.518867293853711,0.778567327483195,0.711281537220746,0.266871322391945,0.366897446233288,0.50978049316122,0.466971127218633,0.397660387773528,0.326043882401002,0.754327177632302,0.523917788506714,0.429447885013302,0.573014811968962,0.728110382408321,0.607521139181176,0.340771244330765,0.737898151915116,0.71536479061371,0.540047080368312,0.513005165732875,0.291502749475693,0.510734099039302,0.56163488468649,0.52575598579685,0.633709870446365,0.617727165346803,0.432238010936082,0.589753968283298,0.445218126953366,0.103383404572885,0.501170854786461,0.175005013116166,0.324784362152858,0.47307235909419,0.33171835146714,0.876985869988499,0.469830202989565,0.226239137689867,0,1,-0.5,"F",0.0160345938977223,107,179,121,208,0,0.5
0.863547323828602,0.458347857671879,0.620275236000998,0.42336688753439,0.41764839441077,0.678657376060308,0.52123467394355,0.605704719726592,0.318729265153056,0.401174420184164,0.619458263558656,0.544647886692851,0.48009999755751,0.571814021127187,0.369910726652456,0.841229126110965,0.594188601176363,0.401127756958358,0.468725883412111,0.673808169309635,0.20883773783917,0.525243216919294,0.540624172624871,0.484524969370144,0.6474116522526,0.660782937014441,0.480796413067676,0.313485525635418,0.678103736488748,0.60568527890458,0.214891943982154,0.371258005979963,0.567431287013736,0.51352640084436,0.601240377773871,0.576406963119559,0.39498046257475,0.626424324502195,0.559554381283518,0.357668042789614,0.590982176536545,0.234632375031359,0.530178900691477,0.651331596851778,0.346637891584313,0.578895563972136,0.480936976807182,0.477728062689032,0.436076390888274,0.193014204363939,0,0,-0.5,"F",0.0127136752136752,107,180,121,208,0,0.5
0.327052766796696,0.46715663668645,0.3937003237434,0.702502553305532,0.598486430930672,0.677759645499594,0.459668796318521,0.485811485560812,0.698921548173332,0.395105394211084,0.694666226497114,0.497353639313502,0.291521760877095,0.234734418695521,0.4687816478007,0.491438628965816,0.418796548038346,0.308488735175648,0.347806738195816,0.58585619803582,0.198613707568374,0.619596472486318,0.429882286666318,0.197618621789901,0.299169938751956,0.285972209679553,0.470424357762946,0.25449305308216,0.446617733564177,0.500833190608531,0.410684315326887,0.494491717471035,0.489302933495902,0.561590104243906,0.601877275600237,0.442845104683583,0.429384976126371,0.616704485442908,0.458745744526323,0.532206139068615,0.189117329979235,0.469510616946507,0.52800443310759,0.527635786443531,0.426272049226625,0.511193417766959,0.387079226837083,0.80530950088157,0.342945081674093,0.449912197480956,1,0,0.5,"F",0.00942945176370591,107,181,121,208,0,0.5
0.560036286085461,0.534622369073765,0.429180382764824,0.563971911382293,0.520819526825039,0.269540735232827,0.394783946493098,0.224212768220667,0.714074009508248,0.42873148082393,0.153475051223669,0.620784533756829,0.413805071214082,0.492837737643228,0.819019802061504,0.420199715514457,0.444620203435026,0.299687782341516,0.294667146421675,0.388879436294557,0.553978554112583,0.341528770758213,0.499190549483228,0.448632187480935,0.564432370506503,0.548953605251534,0.606571819196156,0.466081195093335,0.560703286654807,0.380062443493906,0.668671677276809,0.436688366579727,0.585497178600685,0.591838192003541,0.590539967974527,0.676078992446409,0.455786503988716,0.322313121287114,0.747326876083806,0.899897497661769,0.663104500489181,0.582486011596154,0.563575672096513,0.371618897048212,0.472825288760556,0.600825865896446,0.544507215234545,0.420587068854504,0.549119513440033,0.496315186768967,0,0,0.5,"F",0.0122128525734225,107,181,121,209,0,0.5
0.400304092038894,0.302709073794429,0.367779845743447,0.524759992955827,0.694728076396224,0.544189026071183,0.357088709855011,0.642651054849428,0.504721970381103,0.435514513419889,0.320799956099505,0.554043773341187,0.353602811982833,0.569767379527487,0.878492197576345,0.683875791171168,0.513019411891963,0.601436056944878,0.718034065615206,0.652189829466428,0.167097140065619,0.695957961792801,0.403443765270073,0.433098324121728,0.696129035572337,0.673263214307382,0.434371407681818,0.537767238186618,0.353832902142503,0.671590222916557,0.288567399733583,0.694635344666249,0.303952318262517,0.650957391007475,0.367436573122839,0.60298220072385,0.416568500702332,0.320398071131068,0.317504148089651,0.580885419376031,0.257989600839013,0.220150775911788,0.482936165427707,0.413325739446871,0.592333435677447,0.52036031923179,0.318012023466399,0.455057423314073,0.608680211477535,0.343317137029694,1,1,-0.5,"F",0.0102078400420942,107,181,122,210,0,0.5
0.12829125304661,0.513687824091757,0.720730625773294,0.470748312390464,0.502414270663378,0.378989487770047,0.749530647983519,0.663840255277551,0.37851460793126,0.204271155656744,0.474963426215427,0.320693669141805,0.625007609376881,0.655100145862081,0.324876184388099,0.335382460622311,0.370999324794759,0.568743959410869,0.666871885885401,0.627419230600197,0.555906116896054,0.795533395450612,0.533065147848508,0.76112020627425,0.559864890635589,0.37929794037944,0.527699659590015,0.624541192481498,0.823117541853057,0.461600231627098,0.587532945465125,0.492401442656162,0.458506312423919,0.561155783814713,0.611950026997907,0.782172685889526,0.437620578786481,0.342986066357372,0.593179121407921,0.469551891424557,0.357373634706435,0.178927862214159,0.632612943036235,0.682734463555117,0.528678877797567,0.263465540337092,0.321606414123248,0.402321581307867,0.473461233573326,0.48316199441316,0,0,0.5,"F",0.0129611688617738,107,181,122,211,0,0.5
0.547945408259957,0.570919622778381,0.660527389308554,0.60286425564451,0.384697208728067,0.509408685573064,0.684136053345866,0.501735874073271,0.366020334238609,0.351560864223062,0.568925602774396,0.428605698560327,0.466707509572707,0.450148391042418,0.551656711886465,0.574430390507244,0.393073157070895,0.430390822860755,0.358657770628133,0.577144272750665,0.291601260359611,0.613636723759001,0.288627806105151,0.440193240001859,0.581039133107102,0.842634843593305,0.580584489496909,0.386606063435409,0.634902028941154,0.560794299792427,0.264801083181955,0.507022780413742,0.270996948029942,0.663489896583574,0.679798934559075,0.615141251412678,0.37441511448374,0.594264852099872,0.589228781936467,0.875395704992849,0.484992623513993,0.515908557300773,0.678067540576847,0.460003287640419,0.284230479692478,0.409457143879398,0.479586902972501,0.435234995764798,0.365978109733082,0.470351194238284,0,0,0.5,"F",0.0156885228812677,107,181,122,212,0,0.5
0.437856626622802,0.736657587317872,0.345096361929003,0.414028922154771,0.688022529561165,0.77156868913616,0.570692741178235,0.558755162630147,0.584617431480199,0.271075912098579,0.544314519863439,0.271871378345153,0.565175509852993,0.703092358528988,0.608091244955514,0.31999515169075,0.681602370943117,0.49086348693834,0.583799238029108,0.304838834927559,0.313030812132794,0.469472019166496,0.712201150105336,0.579787385595935,0.431616506544236,0.672849539886247,0.406986089138468,0.701461631079875,0.569678124734882,0.538912594170117,0.445755281764752,0.658795662366655,0.633140936237565,0.526691531730404,0.625972204949618,0.765609504111225,0.354871117954742,0.499959046077934,0.27151645844219,0.639883604181495,0.323337976144332,0.821837157981564,0.702360481359924,0.454621858315577,0.774942093865297,0.548679979377503,0.333859843488129,0.527818200235426,0.661364955082415,0.238830291172138,1,1,-0.5,"F",0.0136954322620808,107,181,123,213,0,0.5
0.548651897448483,0.459993000652625,0.431188947874017,0.483625980586416,0.41349624438582,0.331432782699847,0.576789635595337,0.551789466128018,0.559822854275077,0.201379123095578,0.369452820365032,0.378576319222389,0.608622360467283,0.509518391438408,0.475790068319466,0.476631948474295,0.422615176908008,0.37321246176011,0.237337307931068,0.337012093405329,0.509143820244933,0.347890940055345,0.51092039530755,0.433005824141117,0.79477828744818,0.740170389922919,0.746024959551207,0.266923063644806,0.602869513177698,0.572437414860712,0.392250335348461,0.555755977710897,0.517216337173938,0.593034380085242,0.480602723981418,0.418282026224991,0.59419615917475,0.601300538771941,0.497702219032711,0.482646016621307,0.409007706392702,0.231730744498919,0.430638550982527,0.503797672601798,0.485954540760931,0.488298138542418,0.360005435953048,0.362007615096966,0.4663839097307,0.150690927699727,0,0,-0.5,"F",0.0104472991796936,107,182,123,213,0,0.5
0.395266031118096,0.349685631922182,0.438048874072288,0.653895885742435,0.465982173155285,0.375055418337616,0.435560727199174,0.486421859966798,0.378956237963127,0.394969003234397,0.434109848317733,0.362117723785371,0.672178739466317,0.392967837608208,0.695780211914625,0.398305453893178,0.456378149511896,0.26478527175105,0.343965737491967,0.551170491816139,0.631738578393799,0.579933858660979,0.617584160325284,0.457614833115644,0.380137560012889,0.599525946417001,0.466212889729093,0.525883625830151,0.468339625965002,0.542631337076026,0.570104290121992,0.559278628800317,0.556275752789094,0.622515382284803,0.56928433467426,0.23496294726389,0.600564336958263,0.455373907702624,0.334249773567083,0.445605686868564,0.494683410542738,0.337002147262892,0.492056075782002,0.764731393463679,0.700959190489342,0.856260597687989,0.495362126174333,0.351651253404057,0.487163976036762,0.615628148560213,0,0,0.5,"F",0.013145732771901,107,182,123,214,0,0.5
0.529650806157286,0.761982689449868,0.583724249032239,0.452985358904556,0.762837624240035,1,0.598053774788014,0.539671841037404,0.631699104171869,0.192941354413548,0.575668155055244,0.495525570514963,0.303662580172279,0.551843796694304,0.509628849767423,0.369574447681614,0.504645717601659,0.571788173073373,0.815890993444072,0.481493002773427,0.539456857776977,0.409701109192959,0.595305170410848,0.536642434831486,0.538431186932384,0.522022298194348,0.395025264345993,0.635310706915864,0.731702418529224,0.583682625532453,0.163859136453618,0.695968665272246,0.455025326482887,0.729215219832369,0.635206041365867,0.586818525127603,0.465308916081133,0.619868449521126,0.551914662976444,0.609004724848257,0.530833057339415,0.284500554398086,0.468825816921434,0.442354773122437,0.443772909644442,0.609644972397686,0.587700456569565,0.477421759375393,0.433917075451733,0.350315951274917,0,0,-0.5,"F",0.00993309841172563,107,183,123,214,0,0.5
0.504100774747095,0.702756417543392,0.310596449804331,0.663937179426303,0.68298573116023,0.61534991689638,0.57809118014311,0.51820825299986,0.619674472446337,0.360106574067466,0.226209106375852,0.690305977759928,0.424863632987498,0.835887173190879,0.526597327781972,0.442903351874127,0.402511674982989,0.428264144243007,0.267416849975929,0.494418247743306,0.694130514722988,0.426721560392562,0.728175652467214,0.401691457098405,0.462206454863546,0.666269918432502,0.613003573594867,0.557154491515484,0.460146759670637,0.689906049230602,0.476994100101973,0.421723780508893,0.617201189255667,0.585013276484606,0.674255236998656,0.449198206527272,0.774314586833722,0.655309785843187,0.423251347022862,0.712753097050252,0.454825658600991,0.228117508709522,0.781760570162337,0.64383873761857,0.452829002790375,0.448386405672023,0.545108302062143,0.407060794884588,0.653649647505159,0.305902115277659,0,0,-0.5,"F",0.00675538399024789,107,184,123,214,0,0.5
0.608323905810609,0.498222149982202,0.615047018382946,0.246613330630802,0.83596825670082,0.649188970626381,0.342659261475341,0.672385457951632,0.734314178057401,0.57662124679666,0.774208031611327,0.617916501200402,0.561000517817672,0.33953030044049,0.531374778616545,0.345618474324394,0.567797414689731,0.292966090946822,0.498263900065398,0.792619079338683,0.546366630456914,0.590112983015199,0.771445461160347,0.560345059456989,0.679524218603284,0.24237257184369,0.59512292838635,0.662708070231405,0.393604129497596,0.560003798446815,0.565411597905298,0.0670314891085775,0.463273052693909,0.529270676015956,0.562103692141092,0.494634296748741,0.481342375788019,0.550268494263546,0.402842197250799,0.537574492985879,0.62396022174638,0.60576722624079,0.456453979799206,0.254460291787182,0.570169858521601,0.527576677418968,0.472926474048052,0.71040988261921,0.65616321315867,0.255564020587686,1,1,0.454545454545455,"F",0.00901742864359689,108,185,123,214,0,0.454545454545455
0.573111657649862,0.768077834019224,0.755238928489457,0.516767514622451,0.672846810127252,0.388536776204055,0.421114244154762,0.330556061984426,0.434406603906056,0.61358744217468,0.751795295255299,0.401017566389391,0.472792290577785,0.379804443605106,0.439965550727393,0.688064897871567,0.2173625850606,0.539179489221001,0.644374739715822,0.633119555172033,0.312180934026836,0.412678744794462,0.26900697653069,0.59272840725058,0.641447283132107,0.130310605568569,0.518389984525115,0.519766092546268,0.494363507803981,0.549267408869313,0.406459617222869,0.465665946309462,0.386920978170002,0.383965027385173,0.558155136019999,0.374418650998532,0.895110817276913,0.566392349731245,0.528419836342103,0.446050371914548,0.238911347099251,0.323549854153673,0.651205679703315,0.453250823594233,0.49270806031658,0.49763688075239,0.399651643183451,0.25261956076335,0.433470693384758,0.466865249699197,0,0,0.454545454545455,"F",0.0116907605279699,108,185,123,215,0,0.454545454545455
0.240850506759547,0.6153831111568,0.420125401494666,0.232172810987546,0.704502679115655,0.449243327108041,0.787403171820504,0.452435794445886,0.748821197277268,0.630837615823646,0.61360521093379,0.467856540259563,0.437028525588762,0.750522231030584,0.56555397352437,0.20227781738784,0.534324089982932,0.543617696848655,0.751834869183505,0.477499833749532,0.420570694668311,0.395817465343666,0.477229314363605,0.429338464556337,0.315369826739791,0.47605361922638,0.399626893507432,0.490422154936131,0.510261411569023,0.270895955940817,0.41872777261096,0.402143630744155,0.422408047127582,0.510502969540823,0.529517094167259,0.683425551008488,0.377892166133072,0.4153083108761,0.768837217721481,0.583672766891076,0.193703567665936,0.559612274437411,0.507879995331529,0.437672998957952,0.313981544445803,0.464970762869005,0.407321109470494,0.586077183636957,0.630952129963404,0.498924333582462,0,0,0.454545454545455,"F",0.0143393393393394,108,185,123,216,0,0.454545454545455
0.242263502255974,0.39658143280841,0.421676882721786,0.415583995305234,0.860870608313183,0.584932541738933,0.650528101455518,0.675363344658403,0.329658709741362,0.511668810934163,0.423988675820272,0.316959869384225,0.404121246823094,0.745831261598175,0.265414556496306,0.472212898429057,0.343124343464754,0.558908722777057,0.451889438895371,0.397497104710358,0.557093538941134,0.517136898604644,0.358251773693254,0.46550019958376,0.410925127628372,0.547689168810497,0.495733819590217,0.542673052619452,0.549445385872782,0.139578183558785,0.412859769220937,0.359883501886472,0.240840641882311,0.307518369163232,0.48475163222052,0.645644027671019,0.502794673984552,0.528248757802858,0.332532266577564,0.650045644749936,0.195316191545602,0.293508520571841,0.385545773650784,0.69560062350238,0.534299808412164,0.659594736875702,0.565290422509777,0.718213723945638,0.318404097733525,0.40471430583822,1,1,0.454545454545455,"F",0.0165770609318997,109,186,123,216,0,0.454545454545455
0.675419763367615,0.636322764327976,0.543968730075146,0.416613009626375,0.582352758849431,0.496666067333412,0.523174847606889,0.736388329091663,0.498457009369409,0.509747817343386,0.587751374317847,0.337124092764497,0.298215995319979,0.435932181356078,0.361202616101259,0.418839377639648,0.24442393012622,0.593732697483999,0.678544754997914,0.446989086997612,0.537006664092978,0.554715513645934,0.561489323350625,0.445078162884809,0.542584199199599,0.482759073943647,0.516634906375579,0.408699958782858,0.335717814421107,0.542026397928178,0.279379429328783,0.463656415962416,0.638406635367311,0.489997482371926,0.523764152495325,0.640344469996241,0.463288999675898,0.393441683582712,0.624226624408821,0.205546163204565,0.350937658572473,0.269166289227918,0.704014006955559,0.596077580852682,0.528123049684396,0.458813543988565,0.565104787423447,0.559581726915634,0.682635429657154,0.277295526871711,0,1,0.454545454545455,"F",0.0145929339477727,109,186,124,217,0,0.454545454545455
0.284968867590041,0.668621656674813,0.402731211124467,0.703585035125483,0.658968122171825,0.362710250564102,0.420464277055054,0.600269133706947,0.562770466492276,0.436519421010027,0.385734154735983,0.609726243837543,0.605180635886171,0.686022506919934,0.576483018434705,0.591363752589471,0.247208273900195,0.503309786754139,0.689842176218055,0.299731560020863,0.419858898756985,0.473542875824745,0.559140984908319,0.313221293514859,0.481267739675334,0.550343711054211,0.512235671315814,0.364196914345822,0.625569739167303,0.541172339972605,0.623069061678427,0.607424678859905,0.456202351448866,0.532404259835743,0.55148324762382,0.543706454419881,0.643869762085801,0.388301857606163,0.524208069029696,0.473536362411936,0.504513809739012,0.502140956120054,0.525661525476241,0.487979207513308,0.158426457351345,0.565988006764369,0.668989510955132,0.646484209825101,0.585634930883871,0.411731896391825,0,0,0.454545454545455,"F",0.0172141659268028,109,186,124,218,0,0.454545454545455
0.543641781161393,0.833929494085385,0.633370012163576,0.380809780382822,0.729104880695155,0.375315315964719,0.288128375811586,0.520094377987771,0.534048046589807,0.543252801274748,0.470162603237721,0.254474905066185,0.434701524112855,0.438539292388268,0.649214434348566,0.559293470622534,0.552572030019375,0.364721034478827,0.371161072083034,0.621922673641966,0.657857041421089,0.561700019754813,0.426947426735024,0.337634724722747,0.512027690914636,0.380660269502496,0.526196019656968,0.437825716358458,0.345169932650035,0.557294939737899,0.343800384240777,0.452155606578315,0.475192336059174,0.408804786468862,0.488228007649678,0.565687525743999,0.444048003719697,0.606050099696961,0.67955188414896,0.46514267969947,0.521358236259381,0.572184978008603,0.592992809997275,0.72113052124058,0.366113086680202,0.445355472378023,0.529824936587855,0.534739429678197,0.35339820681122,0.221379025503249,0,0,0.454545454545455,"F",0.0198114597142437,109,186,124,219,0,0.454545454545455
0.462884843500147,0.408892263273703,0.54908068595487,0.68729254289983,0.652798297955388,0.404070173913328,0.406038151533566,0.679573596159838,0.647156188599099,0.474212858466469,0.210312981353711,0.281137579984204,0.548677754638287,0.670961810649283,0.433711999317028,0.313084304694869,0.285606172912861,0.625463766648825,0.634811121625312,0.645478263526512,0.28593171947195,0.276391485348143,0.516584100918371,0.503730998528215,0.611750902817517,0.657309528562139,0.389558226829329,0.671671200760035,0.507650166223943,0.42841913135166,0.372283565710638,0.586539290000723,0.567900335561027,0.445158819180557,0.382905258035405,0.562551173824719,0.193950449454702,0.523336641935965,0.351946545859648,0.482739723583511,0.657289998343827,0.418918219540058,0.656836338573688,0.602008076568749,0.418754526633133,0.449846101067365,0.668810078315994,0.325956600339729,0.447190315589092,0.442063375695342,0,0,0.454545454545455,"F",0.0223851417399805,109,186,124,220,0,0.454545454545455
0.176643766553193,0.572660192355577,0.639467432575022,0.562418648065634,0.962252365827201,0.530096077552376,0.433291082658007,0.541476643243102,0.218861805393489,0.550928607964535,0.417271625243482,0.188211298705425,0.601725403523586,0.497975306062773,0.542226523365867,0.367611233262439,0.426705763799941,0.664579679561095,0.572307670711681,0.379187712841415,0.64398871214367,0.407909638237654,0.271241257660676,0.484420784306851,0.404351051513238,0.476047932043622,0.464124589545936,0.481481881564399,0.435952781915362,0.449536135001212,0.366342313668534,0.383942283326394,0.460969100049954,0.479866519159663,0.528747010104888,0.516380687530696,0.456511307380545,0.501500581479468,0.486580628553468,0.621215425267864,0.667865676151787,0.517513531065925,0.908446882029413,0.500043858931992,0.607823674099836,0.557580831143073,0.60889340534749,0.231069060272419,0.332501139699383,0.590145111933098,0,1,0.454545454545455,"F",0.0204106456478373,109,186,125,221,0,0.454545454545455
0.726944560739327,0.207089642663913,0.420512780232189,0.274473506033383,0.828241232357137,0.538805943802793,0.54620205981932,0.64952574387237,0.563336195606196,0.507689225285705,0.505709092571014,0.33442132139535,0.544667429865152,0.818099022287117,0.690041418855711,0.776768218438107,0.184060455321817,0.532944527324188,0.664904409647464,0.484270601230927,0.291432152547758,0.835676530742025,0.367113593637409,0.217867929917425,0.520706084602701,0.658072531178987,0.422192184544078,0.337996893393908,0.251720067575844,0.374604213971944,0.610018970891368,0.390166864307893,0.551956949552851,0.460519639550414,0.316428348418304,0.44467182849516,0.650663159980164,0.634986504637875,0.68221629006417,0.492726718317204,0.482724414344674,0.518290611973592,0.468716036078427,0.46952052499962,0.480096876387923,0.377132326911555,0.642727367930004,0.314805471048134,0.228631798223604,0.731741504609462,0,0,0.454545454545455,"F",0.022958442313281,109,186,125,222,0,0.454545454545455
0.474306547216365,0.460730362673533,0.526775265388673,0.610692188621013,0.807749585342448,0.370993473986861,0.571727422645814,0.503939813212648,0.629306355803649,0.554495822980748,0.309007459932079,0.724000695682255,0.517805168374453,0.632752473860854,0.50097076054653,0.420237218422251,0.631367955723994,0.660134471642644,0.879756410681675,0.617529526733877,0.304119034656573,0.479700507614252,0.279116543823219,0.553126781324545,0.540441570596957,0.465158204372904,0.537762337431042,0.421292397927113,0.292820352388557,0.378225301559014,0.406682008918973,0.423759743174028,0.533628107985042,0.374905362102167,0.431498130271119,0.39906350683912,0.493854335771648,0.415444168531074,0.512148713303652,0.531504403207228,0.481816270855115,0.734120727420149,0.264398857858749,0.686679026608429,0.648411147131753,0.546342854506809,0.579160527966204,0.36828670961779,0.659774407378076,0.61969660919353,0,0,0.454545454545455,"F",0.0254833887844159,109,186,125,223,0,0.454545454545455
0.657266008681982,0.441061599190219,0.476072680548322,0.399839713737496,0.764746985664472,0.561951987479455,0.543706148251318,0.705893664728483,0.744760159361187,0.673140070794468,0.652449835942323,0.266648588955071,0.417891967017941,0.604882148924994,0.605806979967036,0.512795610567716,0.220696264869687,0.473872215113124,0.557685736393635,0.608162505634917,0.348357421509699,0.343682328111274,0.351996162136716,0.412545362758877,0.500043986609493,0.425605201346808,0.456955799918902,0.628417456804807,0.610521645221769,0.309821593784886,0.535151218115439,0.527661243182513,0.452454788376502,0.495356437005893,0.646368071301515,0.64916951458339,0.830024654330383,0.467702855790348,0.390857650269102,0.450433720403788,0.541211314636557,0.45100208851452,0.68797706431286,0.39375502389679,0.428510119928734,0.792220587279096,0.368692911302041,0.557142926740724,0.356619809244904,0.274338459899522,1,1,0.454545454545455,"F",0.0276971775257189,110,187,125,223,0,0.454545454545455
0.657458229134061,0.528237629709113,0.551055339348781,0.565460054537145,0.451910133220589,0.37036748331789,0.413605225985108,0.456995311210244,0.583777924033313,0.409447539163111,0.460048394090467,0.503959818036521,0.531850566751898,0.969748483206545,1,0.398130191841378,0.684838435932832,0.648594957327416,0.416079191205412,0.719555925230984,0.602650163830014,0.406635085104914,0.392497816396428,0.519161634333716,0.552018612553684,0.51092475755039,0.321097699263243,0.35968566995256,0.686699453507458,0.746269639114202,0.70517180242526,0.316050723302728,0.506798122118608,1,0.319412239105096,0.631512089949945,0.43781178933308,0.478863427575061,0.425556530387802,0.52777600161928,0.397609902089483,0.621720015986308,0.595516802072718,0.297408816381403,0.585799868493596,0.482704390755594,0.534659978777015,0.633940916725582,0.526865162419535,0.363286769283103,0,1,0.454545454545455,"F",0.0257352941176471,110,187,126,224,0,0.454545454545455
0.683653645430449,0.702146065741622,0.7073875804385,0.655737008755895,0.752575761818342,0.716061433552019,0.254212751222501,0.766806994313848,0.353145828536578,0.669238435976248,0.302647825508707,0.249611168075922,0.526500701874064,0.459401758725513,0.412687828433251,0.702746708206318,0.372436507828055,0.767093114995327,0.536717980132703,0.446096132347451,0.443291030481234,0.30626663258065,0.355611899408247,0.20997153938625,0.403907288126997,0.482641212429687,0.28716893583442,0.322431180842365,0.505687196759273,0.63046384844548,0.472914395616301,0.488829657841269,0.406950502914159,0.44552148300562,0.591970014963372,0.443866053746296,0.66428952388359,0.104736037527681,0.543107159836583,0.558875445336507,0.438076898113378,0.289073797592885,0.322728334471371,0.57631732894993,0.535582013272714,0.649652752865926,0.531369470938223,0.606555726032666,0.537544419415198,0.435375660747591,0,0,0.454545454545455,"F",0.028235294117647,110,187,126,225,0,0.454545454545455
0.628919094648436,0.40362793951719,0.524367320815482,0.392039096835785,0.64826318521028,0.471545622412691,0.281732470526666,0.463497916312696,0.592614933017594,0.658746159696289,0.50150550377691,0.591303408258977,0.622591618960763,0.635200361274275,0.663818601196668,0.601535496087883,0.393002384426909,0.419335458991603,0.5846021389846,0.592832437444914,0.392043497334405,0.358279336909694,0.290071169060731,0.506872770028507,0.502654741522091,0.540515271958955,0.715472916675246,0.506988546298759,0.590583659804556,0.736084002782606,0.341341923226862,0.88092668131643,0.387273085129717,0.673104092105639,0.394495215691066,0.660606376646365,0.444912087995068,0.493923960215431,0.586632269042141,0.528781518256818,0.418657920993153,0.353046279692292,0.278675892722951,0.482776053859287,0.573185179962782,0.181517500760055,0.424806848810446,0.68727862363069,0.268344690624137,0.35506021472425,0,0,0.454545454545455,"F",0.0307131702238418,110,187,126,226,0,0.454545454545455
0.534918696054988,0.627733734843192,0.637847476222966,0.532439939532549,0.657215364992619,0.444157599144888,0.696374393822083,0.55120539486192,0.635652586987217,0.53496886011394,0.58130284808039,0.528011186652161,0.789274579517688,0.475421555141007,0.665983283613746,0.544494884359876,0.290462176144189,0.527550080801862,0.610204339596855,0.524439661605432,0.375439654834766,0.495499070545246,0.482246285455333,0.401767433268812,0.623767254889543,0.628027138190532,0.692953473238968,0.423039760379462,0.509906184387783,0.624445156067639,0.526019739128243,0.386063829231336,0.369885413031564,0.467242564092116,0.309565615006115,0.828518758107284,0.499021922020727,0.486796805322492,0.364098424743538,0.495427911748754,0.476925361893476,0.644578282957705,0.572880220355055,0.775850230451741,0.368097846546933,0.59808856980845,0.710036609355633,0.522068212188465,0.631588395261905,0.479272168900858,0,0,0.454545454545455,"F",0.0331692148224929,110,187,126,227,0,0.454545454545455
0.750743067717842,0.369126943095574,0.62411315182845,0.0600568807354961,0.798473924357945,0.376876554559037,0.313886779555575,0.485756543604912,0.54965944763662,0.51238188403629,0.645120144428479,0.620577885309147,0.511622058042831,0.588929018116714,0.542996603962409,0.575395074225182,0.407861040357025,0.525564067406486,0.579664070383395,0.377057061886867,0.471775302095392,0.498075380414932,0.465344621992629,0.245514698841376,0.340985538869818,0.424704609244769,0.535796565259129,0.588018554388049,0.45824216793215,0.500547603057446,0.704225850032112,0.421580809965576,0.42612415721105,0.410716111847558,0.736940629132298,0.730638187663159,0.577397264946469,0.335025895634341,0.450631275224917,0.700624916617008,0.566193054429272,0.371710337953335,0.693749222185085,0.503529121435576,0.303406894073698,0.530809513566524,0.500579394648756,0.70988225642479,0.535872870216982,0.572126458679054,0,0,0.454545454545455,"F",0.0356037151702786,110,187,126,228,0,0.454545454545455
0.680433523975212,0.563434814285418,0.608790834143041,0.273364400135747,0.468664106586014,0.575965349263956,0.306032273932036,0.633204905432142,0.333476842216862,0.385629627380133,0.550112572031133,0.325174763101174,0.688143246163548,0.672911232044882,0.697680068855441,0.414402344136433,0.140688564423751,0.276200855013511,0.411703283180332,0.385348581567202,0.358089570170799,0.413955036435433,0.393871583920163,0.500612413682634,0.520433544673603,0.533448696411417,0.405212656125843,0.547295919215949,0.393541206230592,0.537084865745725,0.442735147317192,0.441452117375722,0.403862784404331,0.619990574358942,0.613868726155043,0.444634279309108,0.511122475819027,0.401836038980067,0.313572040737868,0.346012360621999,0.627926201359806,0.381817895006989,0.637529946706171,0.348013768801779,0.56935558145341,0.746331031223635,0.489221532968478,0.296271648877977,0.553898119563005,0.253637659657061,0,1,0.454545454545455,"F",0.0336501412792192,110,187,127,229,0,0.454545454545455
0.328797227605928,0.696535859252517,0.527631202464396,0.631520501797104,0.647694161054358,0.604641916845515,0.50588708646349,0.40958113849208,0.678241009217718,0.545724086606135,0.423912131129528,0.448462398443098,0.507964433117435,0.636479984401507,0.7445994703608,0.524760828038717,0.337253310500015,0.56223726055896,0.355980991775462,0.340021547660932,0.275334150300253,0.483012754786488,0.514963007154113,0.483044217666956,0.284568091986283,0.646944313493307,0.481862945518382,0.451056947929168,0.513664525052837,0.687187337098444,0.583137524565957,0.479407177112071,0.513870537644031,0.544795913750148,0.432174990590342,0.196811368182602,0.599233777770786,0.4741224623476,0.27776967072611,0.71503985656938,0.670528738261498,0.461349721165109,0.525292361533551,0.466200562989149,0.586311398346207,0.370442080680193,0.494600134312341,0.728514901847378,0.960798805898784,0.398108024527452,0,0,0.444444444444444,"F",0.0360613810741688,110,187,127,230,0,0.444444444444444
0.394434131824484,0.598386771476293,0.910337343348993,0.575692459723229,0.474250633800205,0.606695837401896,0.566730593379847,0.486232390321318,0.303506240771239,0.389860467162636,0.319064226355493,0.379485131762836,0.422672007155001,0.324512861360706,0.416521093736891,0.540799335743864,0.324489711937786,0.543720787855847,0.240222382812558,0.512141488297454,0.434783789851011,0.510474516155738,0.703314271426384,0.344420669874058,0.202705729361476,0.469976497575323,0.663965487069652,0.286663337825446,0.442527619362622,0.571843395635829,0.46323343537243,0.783444645953552,0.337676338008998,0.229696415832758,0.421806355263485,0.532991511033857,0.437907107096256,0.518507335186331,0.600817992727913,0.422511418334721,0.32183321838908,0.290522111433862,0.605157963272736,0.518968768196227,0.558385361311895,0.666066746569948,0.53158718819674,0.587426852414734,0.415130510262188,0.604100476831435,0,1,0.444444444444444,"F",0.034122740005093,110,187,128,231,0,0.444444444444444
0.426409767864457,0.485851957292133,0.587231195035534,0.428641046118412,0.639217248502514,0.514505312079932,0.733018607633603,0.425351951877657,0.567956672161465,0.401205087564719,0.476313170647382,0.485312905183049,0.384831353470336,0.448131690493612,0.411948389139747,0.311563644344168,0.142243565278323,0.552376361348961,0.206771045720045,0.468949700989472,0.519664284438861,0.640750716618865,0.500809532156175,0.598159169831286,0.66388773952434,0.435988932524753,0.412585908375844,0.442657588452482,0.3540721028612,0.47796188296652,0.442512803639997,0.341094628336391,0.443828086747607,0.502247234481795,0.353492530897158,0.412036692589388,0.421908591245517,0.46225156227805,0.293459743451735,0.572483369496435,0.395749212919184,0.708709756775429,0.653789533328942,0.606849689937189,0.632814300208361,0.588227458799432,0.0641207247841535,0.575712016002634,0.68541057343131,0.443719872879278,0,0,0.444444444444444,"F",0.0365111561866126,110,187,128,232,0,0.444444444444444
0.606272972073709,0.436096957604397,0.535292613756094,0.483481676040231,0.733008104681018,0.356536551894598,0.648740839563963,0.21737619081295,0.468217086155263,0.599280725863498,0.713642137945993,0.342645227127451,0.473001739479347,0.45948909892043,0.724938831403282,0.186411259726331,0.329609879913366,0.515345278373876,0.372150068567937,0.542998429658088,0.468757385414644,0.655742290165825,0.485703919238587,0.440823860344839,0.366189769014087,0.50556173744165,0.32048940310807,0.243907949052573,0.530258389134431,0.541572897784753,0.220287081932565,0.374944340849832,0.459396755542875,0.542033335834768,0.429026545001258,0.390961907514028,0.529318556078818,0.527029311047388,0.340897881204303,0.29795889238611,0.685025396167611,0.246879205331554,0.444410980014301,0.437920806268019,0.418678793594661,0.242882991764836,0.399674890734647,0.596195952148426,0.456239831252739,0.618975709127478,0,0,0.444444444444444,"F",0.0388790709416814,110,187,128,233,0,0.444444444444444
0.416169573902211,0.530733493795608,0.473524516797337,0.278565344163291,0.330355537574822,0.558205147091974,0.510364461224862,0.703131489081072,0.578138217030428,0.576080606524178,0.661961411058338,0.470846078295515,0.395353999168951,0.34860762877027,0.815571123094987,0.142409262346301,0.464172891774889,0.678727903231022,0.373789000414351,0.681929033875278,0.14009795659427,0.606503509739467,0.401425672967757,0.38816815527636,0.290049156389018,0.55694622096917,0.510939928438112,0.437008269896759,0.675606319092793,0.816388153118959,0.555613497449027,0.656705308048347,0.516665204077058,0.387785969910828,0.515889267753621,0.271056122510666,0.521927674473677,0.342390932338977,0.454131546494597,0.687932084735515,0.532548254334284,0.413482531703339,0.787214682261723,0.481413543737984,0.593112373350024,0.556605467798418,0.371941642602039,0.637380562875969,0.693471958529214,0.487231030867759,0,0,0.444444444444444,"F",0.0412267471091,110,187,128,234,0,0.444444444444444
0.311740413487424,0.459184684988681,0.275742191686573,0.510529905498642,0.33705036999271,0.518519300706746,0.514547158218194,0.145624396664307,0.336367350336501,0.57616595358408,0.693347979866545,0.432324740858575,0.817310094550668,0.515300288257914,0.395417882921216,0.595786209957779,0.722578501286518,0.63170830023726,0.34417977849087,0.547508281605431,0.508170045974561,0.614333105597883,0.443001501670616,0.654945561557533,0.560637138891107,0.577531430222811,0.470608774697951,0.590943439927632,0.652259887510829,0.598466866947836,0.329197404637224,0.55198897787623,0.55717495602232,0.432945987956418,0.726697197351304,0.68765377428532,0.365770033075338,0.610290976036468,0.525101503145594,0.530626279460033,0.261592069780114,0.520904722005843,0.528313366464115,0.579363775550452,0.570616288209366,0.3565649373319,0.303939379950294,0.451468010406853,0.490595532469011,0.618492439477595,0,1,0.444444444444444,"F",0.0392991239048811,110,187,129,235,0,0.444444444444444
0.341907620877149,0.230243592363086,0.457334527234672,0.396697262940779,0.473518007322561,0.469192156906661,0.657754251463717,0.655412730636925,0.258778224326145,0.543435888501301,0.60956487509035,0.46499588285009,0.693512222766277,0.326428511887968,0.505928181768884,0.421251518551862,0.590128588313262,0.587474022569276,0.0905745862139154,0.467434767471401,0.37158955277337,0.671832725775946,0.584881618334217,0.424878113978206,0.630730808728747,0.477338060888829,0.638556063205321,0.356385762373693,0.350270798603653,0.626470534474449,0.671902619094161,0.47806373458731,0.267375750367888,0.387281096988833,0.512762606605268,0.619133667843762,0.251473368345745,0.25620160745846,0.552604214148096,0.394146525291498,0.438297562619366,0.215249599819694,0.616633026020308,0.643396965006744,0.304653223254894,0.75471805551775,0.535361774143774,0.721010387149103,0.362267489051388,0.78503561757191,0,1,0.444444444444444,"F",0.0373878364905285,110,187,130,236,0,0.444444444444444
0.58948753497378,0.526518304625342,0.610604266935362,0.785116062136889,0.501179228265213,0.359251982505834,0.473609718208423,0.514260468567742,0.610898468198149,0.475884432121605,0.826594008868948,0.352914786528837,0.489549429983682,0.664953846962045,0.576913053847403,0.4505363322745,0.320146004658747,0.565692516319938,0.306776014120694,0.645228175591046,0.236959196267653,0.559529672487972,0.531071874283015,0.442018122952178,0.453890644349319,0.694622253803593,0.4415772834675,0.350200680360378,0.453535142259866,0.674940926432318,0.3930061041349,0.577557307877108,0.614759261665971,0.473708839560324,0.487708753932067,0.770862111287792,0.339930772773408,0.332358593773926,0.487913125149614,0.79577052986791,0.440627648910769,0.62402481736742,0.550798673827876,0.564253328246773,0.423509590201065,0.616320919290775,0.40263135335441,0.676828270934841,0.6827962898777,0.552189846010592,0,1,0.444444444444444,"F",0.0354926780838918,110,187,131,237,0,0.444444444444444
0.396340485869229,0.472884684407778,0.792051459942411,0.695423148485179,0.492033763250048,0.341650302703355,0.59947952652349,0.401929535052627,0.531329185669807,0.361852884053298,0.669309165040478,0.505769999409501,0.44309732431784,0.408248685321855,0.431128077543706,0.254917945356003,0.428296394231698,0.494228031949907,0.667174220643699,0.461625528624838,0.394672298282458,0.67289948824566,0.580015832909306,0.30794707173198,0.510377252466829,0.542998073867282,0.409472386193298,0.368562475031751,0.588584666236054,0.590410343182872,0.304808867430174,0.738621049776173,0.610227728137115,0.509630203265579,0.417483192990422,0.592803810868939,0.438053777557149,0.577706251314763,0.532218364488868,0.677091115838927,0.596388151615378,0.383976594879984,0.583675914512247,0.486861244854711,0.514233614289911,0.562895439191401,0.266766014183333,0.67491036821347,0.223910111383065,0.562537974285879,0,1,0.444444444444444,"F",0.0336134453781513,110,187,132,238,0,0.444444444444444
0.537377645463553,0.483647568163024,0.454177574423785,0.640854720866669,0.461652263726999,0.424536841772118,0.618027900049914,0.539383973395385,0.691352254889372,0.229473961030649,0.426669946206435,0.640971388619737,0.456341962479876,0.565942520240618,0.625412611663476,0.577749584856825,0.414656486798484,0.49794743943987,0.707520634942564,0.399401777634161,0.601892750056908,0.686616255630455,0.535105933825804,0.349274940432045,0.430771124198367,0.514721107821416,0.302975282841247,0.247102427687395,0.50827938161157,0.532099276265954,0.408687676768326,0.525362323966032,0.454040626606957,0.478304586117615,0.494480670345802,0.853027368838133,0.593766149069718,0.80867820661815,0.281545339825847,0.444508665576709,0.404283582011708,0.459638954346932,0.506982081595339,0.268249398270302,0.445346302359746,0.401127929903983,0.700105723947907,0.76973926190542,0.428920665025348,0.386816996601626,0,0,0.444444444444444,"F",0.0359340388875216,110,187,132,239,0,0.444444444444444
0.514530023544795,0.434225839005588,0.430164242081727,0.516679185835161,0.63303327182904,0.675395887551589,0.445306480022882,0.506693926976826,0.136186492329697,0.541406736586229,0.407956588588396,0.552423704949163,0.603299263490696,0.275341452878722,0.305737637376002,0.481498551670676,0.596415085809401,0.728393191434112,0.309185696926438,0.276664805328682,0.467035400372123,0.536926168443583,0.567653950339074,0.562181260757428,0.698616472157479,0.528783164840223,0.794044150490466,0.556271018932684,0.584069045332891,0.452247554695116,0.588298357919063,0.553363867781535,0.636478399292353,0.507176648927792,0.524862275952673,0.61947328659013,0.299755744379038,0.572574849790598,0.574643976652532,0.380342692996377,0.586094970782711,0.640405701850751,0.379531981785369,0.120011314977082,0.544820586756845,0.447156695716438,0.14145255738099,0.639272839171068,0.524872803112542,0.755082197943517,1,1,0.444444444444444,"F",0.0381242766847681,111,188,132,239,0,0.444444444444444
0.325245338768263,0.514889407316734,0.486642052905753,0.693365162905211,0.647661549745861,0.426894319584977,0.407999689779633,0.5904448829119,0.162645104074274,0.59351832308207,0.531928086468134,0.412016779376974,0.912917153248152,0.575717375247076,0.551110092667263,0.41979297785273,0.388583950144991,0.731011704744861,0.37790651503996,0.483307571055856,0.537658206754981,0.524121230926978,0.433903415419435,0.540192020574734,0.563984404351029,0.480872454358924,0.546067007737862,0.825239399037041,0.444456782506334,0.659470879330515,0.507048337503249,0.668753784218267,0.476710251454916,0.291039804881681,0.555266534970276,0.425528757642014,0.446880507948072,0.289510622067108,0.178731473755295,0.77110550243674,0.278619039085799,0.360977772617164,0.412893786932686,0.445865641197337,0.635907098115352,0.300676021441689,0.664363428754662,0.375209080636769,0.668856817585525,0.470518000724037,0,0,0.444444444444444,"F",0.0404255319148936,111,188,132,240,0,0.444444444444444
0.679238696318632,0.600525554839174,0.389722815278627,0.539172485795116,0.668690112131055,0.544129229852649,0.509512175634089,0.616141705836105,0.556687900700116,0.440764552022624,0.459676748900625,0.547022752896652,0.6572478259014,0.375502389401967,0.644752742515564,0.488264805775446,0.576704138657482,0.570721450475999,0.299581729295959,0.567303361707824,0.437017561693146,0.583464931015419,0.581852119225786,0.39851586449573,0.577699140947114,0.383024881191813,0.343767149732918,0.357734868904448,0.477568787221151,0.337044622729758,0.21101906458646,0.319954900338875,0.439033374947719,0.50535670949726,0.53082066842509,0.548214483105538,0.558062242006635,0.502584911112344,0.671426424358507,0.479453068994435,0.690193447513597,0.362251157880674,0.560933449773231,0.146286605776716,0.6338054805069,0.354645890720702,0.347363393704887,0.476295089485782,0.600800166139712,0.485307077794659,0,0,0.444444444444444,"F",0.0427076895912422,111,188,132,241,0,0.444444444444444
0.452711183555101,0.714117057595255,0.548173216211995,0.702614907387528,0.490096452857939,0.504581166502473,0.430487727828571,0.513086193926197,0.524326357989931,0.447099154159576,0.628349229397897,0.53624592064632,0.693696111759971,0.467987874411206,0.587905753570869,0.276322587910133,0.605958373689761,0.603112364256587,0.392527990708072,0.43199460510869,0.422310252371102,0.496178405638607,0.867558483312882,0.512377168811409,0.526651037752945,0.700994849625962,0.340130551460113,0.276999457989726,0.605933533120566,0.609137131734732,0.312513264097117,0.444590636715606,0.587864092361535,0.290651192454018,0.62808893394926,0.548086514906726,0.609103449428424,0.341709676633386,0.294014721390577,0.248195661075082,0.556651749027698,0.504099089826965,0.434485613322413,0.48288068154801,0.766401398847048,0.215893359208602,0.478477020456335,0.231494089489921,0.476268603696765,0.638571227693274,1,1,0.444444444444444,"F",0.0448747502689411,112,189,132,241,0,0.444444444444444
0.40849865676541,0.384672867744825,0.315578548419944,0.471958088606082,0.743351299462299,0.624322888279265,0.433558261945355,0.492228279467159,0.415306809914844,0.513824838115646,0.383470226087065,0.117356222219669,0.583224756733901,0.486903784292122,0.487413546042269,0.753230092710994,0.439897892672709,0.710807146164941,0.162638546869219,0.463998771560291,0.387013338211573,0.510864700046852,0.597501356651936,0.354068441036305,0.709278499556114,0.75169833079609,0.517999720563383,0.501707009140614,0.652254236084171,0.543794906975914,0.487937162638266,0.621808532320614,0.489398179841642,0.526689981570729,0.466110061288542,0.403973135784328,0.362912968394414,0.634068831850108,0.287127929629397,0.547076496892391,0.509460617833347,0.344098113673311,0.603000578323041,0.533919339464509,0.391895352181379,0.483094238896025,0.458487156263063,0.531685835095473,0.88670441251167,0.485846699559832,0,1,0.444444444444444,"F",0.0430058157330885,112,189,133,242,0,0.444444444444444
0.22801276000629,0.519268200530979,0.42603550774723,0.593764518947039,0.652726175199178,0.367722707694744,0.564261126203353,0.476708227479721,0.606551112033715,0.203569010519159,0.603249123232697,0.502785902943441,0.19633592058769,0.579248918909162,0.764450155756642,0.35231302820079,0.370798948663061,0.608003815291158,0.606704285869764,0.522375183166672,0.381375055959308,0.57177338419681,0.470443251860226,0.582223785043266,0.461218792161223,0.684129240324293,0.479718500903808,0.440307747572619,0.559986897840874,0.489053203482623,0.307343813968485,0.565205673921013,0.613522922345383,0.485785230143234,0.368093068974832,0.431985419376002,0.599347295576007,0.521904753130281,0.599057958072765,0.0772085089475541,0.377713291473794,0.150965787106917,0.403811367918899,0.62671462306454,0.233460843301777,0.354576450763934,0.407269580212938,0.276250675931926,0.522722379854448,0.514187075398028,0,0,0.444444444444444,"F",0.0452674897119342,112,189,133,243,0,0.444444444444444
0.436831710292127,0.361376017807759,0.242095406432095,0.778152971356811,0.498568018701188,0.534691635711336,0.761834760973254,0.581085009415822,0.573517821896218,0.473305664488388,0.563841266958432,0.347169807098111,0.368218105162785,0.513197493166855,0.558621592530079,0.742183051144519,0.533689467749154,0.650405561951213,0.259761164977778,0.624289510732726,0.261518964438498,0.571625748655895,0.360715179962455,0.420477914323177,0.663756699988017,0.604145787258919,0.530646434090912,0.317717376568033,0.35503588834024,0.678486209487655,0.407850109842589,0.574844826856342,0.466876263356389,0.542703901157484,0.441599856663688,0.647997399424636,0.507632302491624,0.571274930785499,0.399747430479795,0.429633613480639,0.305200271171215,0.391034830601892,0.534367305500798,0.700635127365773,0.704092322388428,0.825986359268911,0.701406662354911,0.515612426991235,0.46676312060925,0.526324981297377,1,1,0.444444444444444,"F",0.0474117392246047,113,190,133,243,0,0.444444444444444
0.728862678216265,0.893453913275625,0.277742320146315,0.562214335619079,0.474093842611006,0.203229374401839,0.461184916891157,0.480257269864826,0.603600540922245,0.428412755817082,0.50971340979009,0.244194483265083,0.610301398444359,0.522402712442238,0.432829932178064,0.316800657065312,0.516164941480112,0.498342094944341,0.345045467519177,0.640158482290509,0.689994372881518,0.489805570495034,0.347466144357914,0.393942108163352,0.460706248367171,0.598372328315302,0.495686998649292,0.773259954721883,0.272364335900322,0.552298827035234,0.206980511538001,0.634687973100645,0.369257131586035,0.766208213714,0.795864776028002,0.766917351524249,0.47351209026203,0.553744466583452,0.447213560888244,0.695684952598771,0.3042799359809,0.190220660621778,0.602204974420871,0.56278016379468,0.643765643583686,0.757365898435215,0.512953975590342,0.6294604231453,0.265842074905402,0.624215290080318,0,0,-0.428571428571429,"F",0.0442979337685563,113,191,133,243,0,0.428571428571429
0.741258838067693,0.302781580514208,0.593350551283926,0.685723145654315,0.687835025283017,0.695333536526146,0.507993107588136,0.375940308351439,0.53595813578815,0.620188052752056,0.378802819753411,0.491218952807143,0.426060433363824,0.533455606485711,0.650115430630645,0.540559787289996,0.457820341546778,0.637171925502455,0.616448381146639,0.44243794925409,0.433381732190813,0.773153134522114,0.298794559400384,0.449864787589075,0.704163529675055,0.428378017164683,0.63613703723774,0.444381706565183,0.554940797510147,0.377427683315737,0.372370545931857,0.572361026105756,0.579414484220342,0.639594248361398,0.591639202156414,0.325276931698667,0.557515000139461,0.302693233336579,0.317025180907092,0.436589216523482,0.389233464492739,0.669179681331041,0.433394416623002,0.784124949094191,0.157251777849778,0.410645687054178,0.310897344539817,0.386389863023043,0.338917113618481,0.622581042248853,1,1,-0.428571428571429,"F",0.0424427087803622,113,191,134,244,0,0.428571428571429
0.238081442692029,0.648384209628295,0.421921945341286,0.408432880484961,0.530514182521738,0.512271016143605,0.663379126559588,0.634471202208379,0.495464950813105,0.770843205022182,0.551702348690582,0.322839364636825,0.609087715843841,0.416397657908078,0.58649336118622,0.256150295960585,0.367521610456991,0.698631720372849,0.421685439877065,0.756683934250124,0.64861797248048,0.447619078159398,0.677042934196831,0.65544251116676,0.600165551023841,0.541080450869719,0.549356107299914,0.56443387405003,0.267623702508342,0.74421125566228,0.485764056697063,0.604285106418351,0.440190503971919,0.455428751066754,0.762959327206592,0.452003947408406,0.286475469561102,0.464982456386921,0.421316066627353,0.359228681919651,0.513975349558457,0.353371518527154,0.560975817730649,0.38683080728139,0.500302619818379,0.584615082350905,0.5778873826813,0.592014657950501,0.319689390368489,0.370840150347804,1,0,0.428571428571429,"F",0.0393613387978141,113,192,134,244,0,0.428571428571429
0.793772048423306,0.509211426586221,0.48129859598577,0.518467614326259,0.362056956198429,0.597608654705333,0.278378982019453,0.398664816009619,0.480621015232143,0.25455821660851,0.71802953524799,0.338501371276337,0.501536117515254,0.386468451482976,0.558951139601925,0.50180380714238,0.635787155636179,0.117727850963854,0.355236903055229,0.51268118830972,0.641750284714628,0.440015673053982,0.602427107155221,0.401356974949328,0.417169388067681,0.545936044891027,0.590777693695903,0.572546588016762,0.480802589813301,0.237838441702181,0.550229912927965,0.432833876672186,0.470137310642607,0.575069765758595,0.727245886917801,0.37023699622488,0.30683333214789,0.474950900207273,0.0382217005893773,0.239621966877741,0.219049033958861,0.441800508434041,0.654100156421282,0.274998103923935,0.301511768643893,0.404502585989961,0.506466996377686,0.540791611104651,0.493622333146018,0.511517004409263,1,1,-0.428571428571429,"F",0.0375212585034014,113,192,135,245,0,0.428571428571429
0.827654834192438,0.623779922298512,0.500100605308122,0.545248962721845,0.556291104227384,0.519475573434135,0.444421033467182,0.783394905806814,0.31992464409562,0.553301102301997,0.419065433989322,0.670499225352764,0.406912873819938,0.430181031792756,0.501471745074232,0.48321024579146,0.329511492870392,0.525822840038367,0.699725004008473,0.60916651979238,0.425114279754161,0.698932736265796,0.524755440156047,0.384194584623772,0.199775831590384,0.56041501918854,0.407857006443791,0.329040100852187,0.527301289319677,0.497639577737699,0.205976193884026,0.570684229000614,0.221627840871334,0.578681451628278,0.534982031931615,0.686523239705003,0.27979111698426,0.179415581834932,0.533297182507375,0.747522546266227,0.424609858216278,0.448063279800833,0.559348688244718,0.522476243139693,0.584182066179717,0.619149442991387,0.363699690478743,0.662984950389621,0.463931651422709,0.536827947723796,0,1,-0.428571428571429,"F",0.0396531669662684,114,193,135,245,0,0.428571428571429
0.447627676238951,0.506399933178002,0.38559444541675,0.707300621419427,0.41846965608484,0.504641397315541,0.228612247788893,0.366317184019818,0.602179135973582,0.447030491090777,0.639872430884729,0.449917359427116,0.622863446722709,0.65019174161911,0.547775670426569,0.462253723029363,0.215220681369359,0.532296208330991,0.436806185368166,0.282860141948548,0.127797295836119,0.435804488818309,0.574491766796716,0.242684516450418,0.57284810666328,0.497383972798736,0.114674074560107,0.431345208246875,0.493060552975082,0.170822564746411,0.476548812280911,0.492711619632232,0.387748888947247,0.628931340831967,0.441524358259775,0.551845736483882,0.578949010620025,0.367526455472784,0.61721437988968,0.299845593620091,0.398779624310629,0.382942099167298,0.630749375759237,0.538133100786371,0.453845304805342,0.109533504034987,0.570806687382593,0.708737256649121,0.559556314084408,0.382806985724434,0,0,0.428571428571429,"F",0.0418930873246556,114,193,135,246,0,0.428571428571429
0.4856319683692,0.245037059303495,0.273179009226799,0.256155682400074,0.733474957366001,0.379163290349154,0.467333361090579,0.53298896214471,0.819727697829269,0.601610709973203,0.49901239710854,0.494934535187843,0.235932340312678,0.579943592362705,0.693688860799292,0.731382109167697,0.474200775204813,0.241511902802273,0.514886629527755,0.260873844560865,0.639547296660465,0.391404078176341,0.739490328406533,0.419707774646209,0.342611980432903,0.533046687747694,0.663967851174781,0.403886687365432,0.413755578769546,0.560429801129409,0.051833280872694,0.554092095862188,0.384908154033682,0.673654312020691,0.503888869024091,0.256314594681374,0.481793113443635,0.318475714089377,0.351720056682003,0.388084581545963,0.387223808291613,0.329683974903194,0.612023720061098,0.542909961076797,0.511940783893921,0.43990793232423,0.47565388452473,0.482339130909121,0.287823076532568,0.476939851115959,0,1,-0.4,"F",0.0440030173497611,115,194,135,246,0,0.4
0.283085993557994,0.388625797805699,0.428800786436763,0.797184502290048,0.385459833574817,0.470318279124153,0.381405243702198,0.408177635866804,0.873224041374391,0.489402628666337,0.811467690905235,0.314874306001091,0.6885090467842,0.639154748254624,0.559012992954594,0.678113288950513,0.526722271514952,0.404243225428404,0.621518247994004,0.267023875688019,0.288594892623894,0.428907295126179,0.307942667579689,0.481938210187892,0.243287977799064,0.531489713688937,0.558456813606515,0.377010425586552,0.702021335859794,0.827893241548625,0.724490845290956,0.392525778387764,0.504084711184234,0.698149155495545,0.541011752564763,0.301283022463943,0.598572957952607,0.514468018757277,0.459168459621342,0.511655209572917,0.506406266239105,0.34627085381978,0.627516712604797,0.351245784616766,0.587337726605715,0.480546378357404,0.449993913072444,0.555949686532316,0.354286065629895,0.441223502068306,1,1,-0.4,"F",0.0421762177052465,115,194,136,247,0,0.4
0.552756929167646,0.505588605249168,0.615378867822425,0.575847623312209,0.407729186190641,0.279103393786004,0.848881877873656,0.716167804386863,0.826563568773866,0.865427385449947,0.624547779845021,0.428991094015437,0.337143776477945,0.522037612308188,0.487744932694535,0.613633332741176,0.387232912487246,0.279478755600079,0.576259651674079,0.467562876337187,0.595260324934326,0.457148819289065,0.504471742870256,0.546286056262351,0.526221454808807,0.342286935057177,0.205383616459919,0.28042914849249,0.386365788662433,0.550706628931271,0.463723832944417,0.742947501484053,0.492247205806479,0.46855466954262,0.584836812583581,0.366554419619443,0.407095358535892,0.633311253240804,0.4099782255552,0.675085703731847,0.617260615073834,0.593526153231392,0.724847801388929,0.4936570382645,0.541223553723262,0.540697364581589,0.430386434753186,0.580848278871451,0.402153563959737,0.515584230836892,1,0,-0.4,"F",0.0443964083804457,115,194,136,248,0,0.4
0.848108249744548,0.441470230805784,0.236821864470469,0.501949546168531,0.566884803955845,0.496262232411364,0.531750096509492,0.665746457360928,0.524309549310344,0.44565358961028,0.547026155433522,0.561171903068932,0.462583326253836,0.447823470816404,0.478732171784207,0.254407156222411,0.237061781130741,0.52091525794843,0.290641038317469,0.619183538735493,0.481989613276206,0.290253973381619,0.597345204763573,0.146918046608517,0.461721646247276,0.551746080777821,0.281391872238061,0.524777291019031,0.558463337506115,0.38827462528915,0.366268609107991,0.598329811439586,0.381244155744732,0.478680205110321,0.508054589476859,0.495243391576371,0.549397589587694,0.434395918423582,0.619385967573543,0.398859115020684,0.204471921229605,0.494116073188642,0.546325017227316,0.37721866933281,0.485434141872095,0.73396170359376,0.29751580241587,0.489915166894091,0.537998549208299,0.619487502039559,0,1,-0.4,"F",0.0464846980976014,116,195,136,248,0,0.4
0.548733430780707,0.206525989556906,0.592018231543659,0.349419422442867,0.494130580172479,0.853087957441428,0.497415791971467,0.765942356860908,0.627473756875404,0.595306223037492,0.403988301246685,0.376565007035249,0.441612993800191,0.816021575712,0.76028259762133,0.17720772495727,0.559817530866552,0.498626112176521,0.299094734093614,0.548756079817131,0.47308298733061,0.18355965773442,0.459414957675491,0.263005851940888,0.359228099836041,0.703557429889237,0.278845443168356,0.523120195206735,0.477245257793112,0.52825267670919,0.366129799034168,0.524156470316784,0.510888552370783,0.216852295636103,0.291628433775712,0.345908846505087,0.847411970276781,0.491556206564358,0.460794853778166,0.909352587117807,0.377001207983684,0.220720900391378,0.423512018446594,0.50580777316564,0.548134728093349,0.640486974086182,0.488492764415568,0.514219886310394,0.228128530077631,0.421874505923027,1,1,-0.4,"F",0.0446709916589435,116,195,137,249,0,0.4
0.574035670473444,0.534005481033525,0.558652733671388,0.416902933579443,0.336043044491645,0.523633159948029,0.310363746322438,0.417783522863712,0.496854876715268,0.567527644010813,0.605904536688312,0.416607679262683,0.700013877491487,0.3354863523677,0.567732744857215,0.266957250417029,0.592720257446237,0.684677557421449,0,0.417710317427022,0.405097953071221,0.41731632861482,0.460719589505837,0.471276287266556,0.652604161696336,0.496159912904037,0.353841746572034,0.345742280996059,0.336859811413816,0.596703881951396,0.505443559374337,0.480984560453746,0.488138004830429,0.547807056830687,0.477940644631948,0.473918870365851,0.406115303378031,0.695751111064233,0.571643394365963,0.146724764174423,0.417758228467164,0.695706653838395,0.540240064243385,0.691933275762187,0.357748932854004,0.547191899347195,0.459458582499341,0.418976073759097,0.484267721319355,0.525920961293945,0,1,-0.4,"F",0.0467379722973528,117,196,137,249,0,0.4
0.573371501122785,0.577045075293211,0.358179008258807,0.59736397913523,0.45433941382019,0.567801551779647,0.698582406502589,0.456044079507801,0.478597001263426,0.591450768740547,0.339867513226119,0.41872748818882,0.493446867656627,0.608264298197832,0.70134312535808,0.682271266589248,0.577523968542548,0.617011914449475,0.19301387845277,0.57156924123225,0.574201997180734,0.371563549424167,0.550412486102661,0.379550034967152,0.599036810026691,0.66795826892154,0.5337156284482,0.459396654419097,0.30849285636294,0.580047875158482,0.51605298559346,0.551250343959806,0.138543489077826,0.502511717094004,0.371138299827028,0.850938979652511,0.433712193032051,0.582095803410535,0.389505076992295,0.696174317252838,0.461939990446142,0.375546853484792,0.398069017930263,0.47613019375024,0.60619736043614,0.547249768057651,0.518932388897774,0.705426707655671,0.472996178740121,0.456368591369696,1,0,-0.4,"F",0.0489387755102041,117,196,137,250,0,0.4
0.595114348706275,0.532748792000362,0.456116644233159,0.418115372421662,0.388192330371475,0.18762868890367,0.436410787818981,0.587070008667901,0.397051444232298,0.553364195999367,0.464096322466601,0.170288288522353,0.347011252179877,0.429103165565111,0.622710398836532,0.409279782537213,0.305029005584914,0.740349664459011,0.393054317238011,0.361105583652923,0.74051339781522,0.26373181567596,0.316912511021502,0.208399778580896,0.528325733415315,0.575626687540026,0.483166962621533,0.456774008502204,0.136235482486781,0.469272045919256,0.224964255991074,0.453420196383855,0.317248670333414,0.553761222812378,0.444451945444183,0.480522316038544,0.437043656997772,0.434396296984621,0.362956726200375,0.307116242846105,0.688055039770851,0.17872388633161,0.664666160353033,0.444770272062921,0.418121535329843,0.621707190615468,0.883227143091832,0.609090323181539,0.707719849656328,0.418079677103077,0,1,-0.4,"F",0.050984771573604,118,197,137,250,0,0.4
0.565562589413343,0.59399538237741,0.718126817013238,0.401022211112982,0.581179557295745,0.577694096150668,0.426324790863852,0.599562527576918,0.582561659532203,0.793731843253958,0.418313208191555,0.587844515908557,0.54344501630564,0.559555998384805,0.9198532059756,0.558136105978543,0.518776614551165,0.583238939646131,0.315469237805151,0.463616785402351,0.286964007453367,0.382458531551409,0.413511454210166,0.577297816687774,0.324894018387427,0.447630798210506,0.446398412328379,0.551878525990556,0.481812028927844,0.628823423992177,0.579759087433859,0.668222070041343,0.575149944987606,0.530292600179071,0.545409142961999,0.513531484758312,0.412053030612376,0.700786781561768,0.469341819104322,0.241460055631347,0.587088672057689,0.384059517054389,0.671465249714454,0.773278084725741,0.542632354097393,0.489470174495227,0.425799765837688,0.699940332051216,0.438518279292513,0.517606743675275,0,0,-0.4,"F",0.0479595959595959,118,198,137,250,0,0.4
0.341104426032559,0.415011225332418,0.266634506131417,0.574711616542868,0.606760196109764,0.72000034959074,0.462420771599749,0.525128499932739,0.856542111935414,0.588205027438117,0.599149250209352,0.420557920217934,0.610855080760171,0.565477603175656,0.719698461111167,0.284308889280607,0.557550334865875,0.33215237086617,0.281933848740372,0.572700382393995,0.373773728681076,0.314811704179648,0.299060989143608,0.440626948354933,0.535647522652279,0.386384953990406,0.420671754493284,0.258787910391503,0.430572781850292,0.592824511183429,0.60308219391662,0.451269326201055,0.479221938313426,0.601712734905,0.669758358568114,0.293584484208779,0.581506831006561,0.355876649128228,0.474213875157225,0.520757266118294,0.541097513750752,0.490150797835952,0.634029390700388,0.479570840526119,0.383559287812113,0.599913876471325,0.576481706166515,0.440045034828327,0.432937259016989,0.472996363044238,1,1,-0.4,"F",0.046158799146847,118,198,138,251,0,0.4
0.2544177279128,0.541927828889987,0.653428255985652,0.33376119483235,0.443849068217858,0.168951547397755,0.317295852766799,0.639140816073082,0.629527662404995,0.533954671066479,0.691264797237264,0.339677527581885,0.589577263066881,0.51440862520758,0.329990465922224,0.596628585049913,0.583352271116131,0.603190078047454,0.16478111893255,0.415565387104023,0.379177046195392,0.317576764917283,0.548239496170616,0.382562483222992,0.32647606153954,0.281091677416789,0.517090733689798,0.443282437577667,0.47878546333564,0.557033843420671,0.432131129517812,0.811140973902889,0.598706073813703,0.418572903518981,0.517596567655715,0.318820361455769,0.346145299640682,0.619817331107448,0.535959427055857,0.70707803387258,0.343353702708532,0.344979444452354,0.846169495025345,0.640219375772578,0.518135989602351,0.21265255421525,0.261553049020859,0.765072922134591,0.616551993325481,0.746202584339012,0,1,-0.4,"F",0.0481891529359948,119,199,138,251,0,0.4
0.696697610988721,0.583740714086591,0.615289439644382,0.529291247327069,0.450056901806444,0.611758567029363,0.647305977470976,0.650302463964265,0.832471073628513,0.422613890477298,0.425526015812565,0.395028569420895,0.526797002585428,0.636470974508949,0.337700187824529,0.513320240221555,0.411683596808456,0.539762904358193,0.296820201550343,0.507435939804973,0.570486479472588,0.361641826510563,0.390576912058511,0.650461682215026,0.300653125132857,0.594776552034565,0.472307011448454,0.591132387184337,0.416029551027343,0.513472957445378,0.476035466822133,0.481776813411706,0.496148310221009,0.479950719354464,0.469566945031218,0.17761169539356,0.564553282352715,0.463251133608152,0.689318248491424,0.752929271695381,0.437114050123296,0.512106992228719,0.580410476402582,0.636402537654692,0.500386493757693,0.0904932536812411,0.632987504164676,0.425025441356474,0.5988223480563,0.496408038357285,1,0,-0.4,"F",0.0503709021296961,119,199,138,252,0,0.4
0.762542515298384,0.725595012762602,0.265087428909725,0.506699191984497,0.658727476651118,0.717713569632175,0.517022508610828,0.512323391925932,0.820655860805869,0.438279104825174,0.557175052235643,0.427364579890833,0.636982739493282,0.664998769438961,0.578122236504569,0.3205374781237,0.227697214176134,0.408731511919931,0.614685307613487,0.504410653645279,0.469672718488808,0.302908175713201,0.453363012123942,0.412872955310082,0.782114754511878,0.539747969848504,0.47817844414686,0.426763014794957,0.648545587926295,0.543830328378559,0.412116787070138,0.79532342949057,0.375039532155112,0.398693714000041,0.711436483353934,0.311603875446836,0.694130175347701,0.488979094421498,0.537039048762155,0.713463746202082,0.220196938349473,0.640678779386537,0.509828079950122,0.47036339852927,0.261770885406638,0.383807272332545,0.665964234347243,0.503308159176303,0.338234936670738,0.603136410326317,0,0,-0.4,"F",0.0473809523809523,119,200,138,252,0,0.4
0.414566705333179,0.415611984739685,0.60083608505884,0.566513412977948,0.537044664660396,0.474359678602424,0.608961857024014,0.258413325182764,0.806351005949544,0.48571398984344,0.648088239082672,0.325822786544198,0.673324950501868,0.434675329086842,0.533116116011202,0.459495442877727,0.304650495580462,0.246166735934465,0.573288879567656,0.333344056387856,0.418644626130592,0.326842448239071,0.481665487923389,0.549841469170224,0.540769283655612,0.76404889236399,0.656382616057248,0.648199684602816,0.862071684311202,0.598077134794566,0.344180785205636,0.528081317870991,0.520293397247479,0.670077699059358,0.695585361639446,0.112233042220902,0.823028609236968,0.387594712315771,0.823423553535458,0.673210144409362,0.382346431368441,0.273094901030732,0.401682349778565,0.424418723545033,0.483628921403322,0.434878606962027,0.486948648884241,0.520686219020396,0.0565292629164966,0.386554286535187,1,0,-0.4,"F",0.0495454545454546,119,200,138,253,0,0.4
0.639407004197827,0.556374426402178,0.583014578659069,0.44773097513568,0.465431236466699,0.504179539479327,0.661135380224313,0.574500367098434,0.965482298898131,0.499510114349064,0.47133704924675,0.456809604018656,0.503081662585384,0.546739061164589,0.54711282166158,0.121141749964101,0.141420780562149,0.344600418492403,0.120298075506183,0.453489380487343,0.333423136901875,0.413037908911783,0.45080555993884,0.425645055405181,0.386257832707681,0.621995233204802,0.393290899682558,0.420809421622461,0.520175091886635,0.546186461378587,0.45330695962199,0.43731246322989,0.592590497155957,0.640809576517981,0.385178928101608,0.322112215002419,0.381575620631273,0.347770902143137,0.550080989695619,0.46122759862661,0.527607403411019,0.438858863210495,0.592556428302269,0.263889410557091,0.629449344583358,0.436899497182815,0.449910263539029,0.471864034425629,0.567405871805412,0.386097615698435,0,1,-0.4,"F",0.0515603799185889,120,201,138,253,0,0.4
0.573492848242945,0.454792495019663,0.462225973451887,0.549456824340316,1,0.266719159089979,0.284787086616545,0.50547592019274,0.721358127706761,0.581632223707201,0.534351994817526,0.332393074577891,0.552856531311206,0.721075385244158,0.528344130863392,0.346804026902915,0.511547376204231,0.497639322347677,0.232372901267372,0.818165585916933,0.368826440091685,0.408045317228106,0.63260728661006,0.540822321424651,0.698126679781757,0.565253319425772,0.645992863761075,0.609054161993932,0.375932903582738,0.740645867057693,0.421350147523847,0.418686538815186,0.463987493862309,0.271075951951687,0.552952017433266,0.66599843050067,0.465048478567388,0.716972553264762,0.55616594803317,0.32541006491467,0.584677269061835,0.482710068154785,0.504642389018302,0.716527474598874,0.42041037150065,0.505365666249796,0.653397097991135,0.285088623003166,0.452391483166757,0.684725227865427,0,0,-0.4,"F",0.0486048604860486,120,202,138,253,0,0.4
0.417466079135892,0.614955294844302,0.426717907588142,0.766862288580715,0.510053237723782,0.479615621165452,0.579400179057895,0.300896802449645,0.854524071840509,0.513067429963486,0.676259726028949,0.319591847306572,0.621067969595454,0.617097877842559,0.380810400772957,0.66441627946644,0.559027845946833,0.317959043364783,0.731694379147598,0.393596554650429,0.457747710446546,0.58979267198473,0.512064832283538,0.544686876693546,0.511577205628964,0.476064577789525,0.413288812366477,0.564567735974503,0.454572637541491,0.46460791358035,0.434703808425974,0.470813816667056,0.349386688050565,0.410681663760366,0.649209465454867,0.301325570460836,0.364924834331051,0.551689010198006,0.469308885432284,0.628392558830812,0.390371033453184,0.815938099519738,0.348879599493939,0.927644293899502,0.353754330935827,0.661080367565157,0.555812732833528,0.546830758799308,0.261053371708584,0.508796229721892,1,0,-0.4,"F",0.0507523193264208,120,202,138,254,0,0.4
0.415154969106445,0.415267357779164,0.278966523055731,0.595628993191021,0.731860131025528,0.496578776608707,0.688618773812252,0.633885229100927,0.556945797859033,0.42278331374104,0.522825044011951,0.46089658371436,0.524389946061275,0.428312140526329,0.502760587323133,0.681591212321419,0.498198111111906,0.63544408339748,0.238083857277381,0.559167145751131,0.487491805146324,0.459881728765349,0.421944601978953,0.435027817134358,0.643691978555367,0.435844468969945,0.587109504754924,0.596123090544181,0.26337330166773,0.68665591794198,0.494156467230143,0.364867134990211,0.499744677036436,0.37042800063671,0.46878930996891,0.529822036953088,0.514802649349413,0.701339236913491,0.459594591754321,0.604014277001189,0.616774632046945,0.70505029051359,0.759194715581969,0.574584880418635,0.337867796133271,0.567676497108711,0.440102982652176,0.697676820465527,0.402440893570652,0.429151140244315,0,0,-0.4,"F",0.0478259183119352,120,203,138,254,0,0.4
0.464545260121015,0.352729988915763,0.750642725529282,0.641954222658876,0.407925030114619,0.440208107827005,0.563464179460984,0.561515667664521,0.555813827397562,0.547987106563627,0.790082297422108,0.536904958541985,0.440231857060944,0.31819711131303,0.512001904388263,0.459111906327662,0.201283304535153,0.607849802479502,0.251827437058119,0.445586761243991,0.347968375138903,0.368668370834299,0.48063902079515,0.470099938178935,0.741347692572054,0.620394069859563,0.358335020163502,0.415922356367771,0.676101814621169,0.312683182951442,0.339044586208357,0.658636403151292,0.478062954383946,0.798740038014742,0.674496262950853,0.475812708662228,0.420076631851207,0.587150088410987,0.349639125089098,0.496739233300489,0.242765556746191,0.36867539418421,0.423600227299582,0.366887570875907,0.705974373813616,0.500330904916145,0.212837878394272,0.605189449773409,0.590199960428865,0.205233739045302,1,0,-0.333333333333333,"F",0.0499565343378732,120,203,138,255,0,0.333333333333333
0.546164840727787,0.462505353848245,0.382374735702863,0.385717021637735,0.899460365685203,0.444957109210224,0.340449728335607,0.620117425148558,0.57851814396829,0.673739712529721,0.682816030828931,0.491893828666735,0.363942214627904,0.764500902331276,0.242987157031068,0.332493948633783,0.444382015604084,0.656230350116052,0.470563106572041,0.646039168193761,0.449240245369421,0.154274300556592,0.519459553115335,0.750825858951443,0.453583319692935,0.589898486244408,0.602891603714603,0.411062300583879,0.49643417988764,0.643522800013366,0.330258815536846,0.191621739340841,0.421568798211863,0.298103534806566,0.431284250211753,0.359489509322972,0.407333247504482,0.65447374404082,0.268266004479626,0.478276549246563,0.40361390255348,0.375409100038568,0.448699318498937,0.487944601408799,0.800490402752352,0.52034399503384,0.44324252788099,0.753475986772499,0.685964725321778,0.221984508064797,1,1,-0.333333333333333,"F",0.0481642549261084,120,203,139,256,0,0.333333333333333
0.271118194972017,0.716609096396497,0.185007355974217,0.687341316548625,0.672575375604854,0.430315707464597,0.516775141401302,0.440257600489748,0.301171207504965,0.52843978587009,0.552520351427871,0.378220280331074,0.152830869255584,0.55428595151016,0.405122455027255,0.333495075808404,0.404823224636962,0.414773416569825,0.192159120669106,0.500897756118502,0.407518017278395,0.643603789868818,0.489688328407939,0.744078602300882,0.541067400648022,0.649344072836432,0.346713134080439,0.4742748964303,0.549836646096462,0.653984246197458,0.53635488916994,0.391410559963393,0.512192123236566,0.561212104479902,0.595093294597083,0.484670157079749,0.529410111708183,0.032357823252029,0.0466514865234973,0.538015318856706,0.603138491632999,0.586556022497396,0.833100447675504,0.508599883632018,0.187380390439023,0.414380918860726,0.588261939791833,0.61579596280945,0.473715031950077,0.31888830449836,1,0,0.333333333333333,"F",0.0452665441176471,120,204,139,256,0,0.333333333333333
0.691656502068289,0.945489429707821,0.424218296231877,0.583229784359865,0.533896838611201,0.636567197250701,0.442413599858595,0.550176337807089,0.709110446183801,0.65954286381056,0.4579990449199,0.353019127201212,0.40017117613615,0.485748148256839,0.671620129182317,0.427159697459916,0.370375837388615,0.38860748078817,0.575167519194199,0.275790865892379,0,0.564858752578859,0.422957583486064,0.40605641870559,0.456547564527833,0.702399907850884,0.233557612507313,0.663191153921316,0.451111698325057,0.412646936207702,0.400617710581658,0.613470059943825,0.460594501286041,0.726677637592751,0.551300744832637,0.436240591949812,0.639702231167638,0.532871269474073,0.302489587240664,0.753816597737631,0.544321960090431,0.680680438819899,0.393744414580537,0.346960677025886,0.398012280823548,0.653681818328772,0.508621097462143,0.674720205879466,0.514988527115956,0.165189901232303,0,1,-0.333333333333333,"F",0.0472751524390244,121,205,139,256,0,0.333333333333333
0.349980082689075,0.657566454503668,0.249398173609809,0.261228952480185,0.655384576375798,0.44742997806107,0.46282408114569,0.518801928425412,0.616567492494546,0.435088471466922,0.47140972184823,0.439936938461728,0.365036279026407,0.307043931704561,0.430357663101786,0.609774767633164,0.561988183390767,0.638201102179288,0.546473755944616,0.46787707360905,0.27561032137874,0.473119762043896,0.502898629485314,0.323390348862012,0.667171733445255,0.314121321838898,0.674016019162587,0.799789526962327,0.389682753982348,0.378814679188254,0.471776833905894,0.498967309432145,0.542526800195757,0.476580220304313,0.572955755177363,0.684608279945908,0.580400954392463,0.323575295571775,0.54390756202725,0.541529300305306,0.534459055721223,0.537724403509485,0.514087899004407,0.599381951750966,0.550811504654268,0.567167330627539,0.580153523502524,0.484703872206292,0.769289154469101,0.309616636490084,0,0,0.333333333333333,"F",0.0493878713106197,121,205,139,257,0,0.333333333333333
0.403555240963441,0.395479324499292,0.569682253176222,0.572130384850886,0.447664281727356,0.621587389797253,0.422730669084694,0.309801080827767,0.705226049092349,0.376364882764386,0.634780762044336,0.259415633219576,0.3729357105735,0.796736481772718,0.792248561437072,0.533565306755857,0.333470175897955,0.279259810168621,0.50279283562963,0.432176184932907,0.487110521969117,0.547895827672484,0.522739142373633,0.450005479242892,0.418314356527722,0.450540238560974,0.504180669204442,0.543481900016283,0.494929266929523,0.512750011419527,0.152437111317252,0.516062850437725,0.384274620578652,0.211609121130223,0.675026347026034,0.326043077407757,0.546085424520478,0.538420048266695,0.234495255352945,0.424717630948428,0.321109129103207,0.530133845688722,0.345744035090261,0.498896864462635,0.544763541323729,0.454236167177422,0.647455241440569,0.366626714386252,0.670979375318742,0.352037319149843,0,0,0.333333333333333,"F",0.0514842125165438,121,205,139,258,0,0.333333333333333
0.101577586052941,0.335806397498478,0.293457371565148,0.424850333393003,0.40573211904636,0.658501642384757,0.513687454953795,0.460793041271541,0.676394733080721,0.533750122249267,0.485484110414515,0.438024992450796,0.527424223998168,0.463011930649008,0.46787203124403,0.343502018058973,0.262247349881289,0.735776304698417,0.469529105805822,0.40704243292418,0.588371442185728,0.308249430704103,0.563774397664873,0.591561313405631,0.596552279896947,0.697125219220974,0.682098933018076,0.217969109525233,0.486120769609023,0.568689102709613,0.371537840560674,0.428806399625215,0.544619221418221,0.563705681884749,0.907263421938444,0.590654145557289,0.580690117686401,0.342100227401976,0.474657831960888,0.454263360752221,0.449140479985978,0.219844962387901,0.443683630272069,0.556165494269791,0.790693059396479,0.00618750514853043,0.251843674241108,0.563101728454721,0.595873618521522,0.304729501518591,1,0,-0.333333333333333,"F",0.0535643657594876,121,205,139,259,0,0.333333333333333
0.254335395822675,0.466882723677924,0.370036863861829,0.448807263440484,0.51031077663846,0.61012441518547,0.476264278178578,0.627822060309149,0.422029830015312,0.686614367190407,0.672192999132219,0.410099229528128,0.392071080269917,0.612329461124132,0.491824741930236,0.534214875144138,0.626547319679088,0.557334839423391,0.44349878933122,0.524061058093859,0.314167775301257,0.431443991493442,0.43472994921488,0.601793915625081,0.32676525197636,0.34897482497686,0.644747095641292,0.40832385195835,0.416295407825,0.241891444563899,0.482083972039031,0.566466555855763,0.325619776997695,0.487768137170164,0.667556130921076,0.556439758311953,0.581357949150821,0.603752722626491,0.437970825838516,0.630694050105694,0.566849062372224,0.338650384272003,0.639812474650791,0.597132813710422,0.543713245210155,0.670249679947088,0.618880392316879,0.635245479608186,0.595566386437465,0.324819082273703,0,0,0.333333333333333,"F",0.0556285178236398,121,205,139,260,0,0.333333333333333
0.502827966129092,0.342956157789167,0.584260678198799,0.837753005132111,0.678352273984994,0.595955657264396,0.711921062427941,0.505358837800283,0.361655586894724,0.558085872993957,0.643089031568262,0.585689708594938,0.295699225851343,0.665121499295664,0.432459508161224,0.558950025919264,0.631721542106433,0.119436009127014,0.456973247392516,0.581367052004477,0.470258743995839,0.57943803156173,0.369818117582734,0.47969488528541,0.588246031524239,0.336130995104326,0.403362413170954,0.571712530203513,0.527619891282447,0.457927664723112,0.00266505806006748,0.685164365564526,0.436247298515394,0.283975130857052,0.636158081469208,0.646627748184367,0.307583187206664,0.435294829967137,0,0.723112580742732,0.409539262471475,0.466457076511058,0.674680514054764,0.513391689326678,0.637506043781321,0.406825784655315,0.688499510917396,0.477585775974522,0.42098599673256,0.326157096168925,1,1,0.333333333333333,"F",0.0576176250933532,122,206,139,260,0,0.333333333333333
0.437474721759095,0.42002039317703,0.672615288926897,0.533609104973154,0.606918010240744,0.447360127228818,0.717196112451115,0.364202775434108,0.541910659070047,0.365044517739953,0.682888331728249,0.422108906412706,0.417183210140403,0.43727199571847,0.783470177944962,0.535246829974304,0.513952216191441,0.501535919342243,0.378962796844068,0.405512859034539,0.370297573289641,0.626731422201462,0.452397061673055,0.402092849616091,0.660228510353991,0.542371337655797,0.610764265168547,0.428766243354181,0.17037198600643,0.595939499818797,0.396954374044543,0.305256787314572,0.447776304063624,0.433589281151494,0.657633720970505,0.598495476987441,0.494228744256548,0.740164611198322,0.769846114666403,0.892856629699746,0.416873530784607,0.478729948401932,0.432686688802796,0.515299684676582,0.5427545797467,0.427137009344077,0.614717834254422,0.315668988397502,0.571206470749996,0.244477329421266,0,0,0.333333333333333,"F",0.0596659599003087,122,206,139,261,0,0.333333333333333
0.710680931268363,0.688899894922941,0.555032315987246,0.680383137999049,0.34827571954705,0.488136040394839,0.568736584180311,0.667364079900325,0.697416879157632,0.627342936448453,0.67972750281747,0.400564501611519,0.400925090518758,0.881543013887335,0.390093592478777,0.193621805334599,0.347730843919631,0.617913843377733,0.265704108168731,0.410026112644281,0.667521686465591,0.538499985583393,0.295847867821937,0.312759434902403,0.415242606439011,0.548214638953835,0.521917366299395,0.239084401432384,0.273944445470121,0.475690970400314,0.582010439463972,0.49264265984052,0.534084078566078,0.449107666103295,0.633894310071618,0.502214569301945,0.459974844530892,0.621756112515322,0.219592865608686,0.747835694946378,0.602357004791869,0.325990598913813,0.442902704310547,0.139887176328976,0.444086037972384,0.749052025625764,0.641277678092264,0.147013516715052,0.457476318837265,0.368883908488765,1,0,0.333333333333333,"F",0.0568049308678993,122,207,139,261,0,0.333333333333333
0.740052520563396,0.723645024862527,0.492164122637741,0.344570182381308,0.763726743638522,0.457599483331381,0.522174732648102,0.550387500847701,0.347312059329994,0.522436157908076,0.713217953626172,0.542913536227989,0.258048865033134,0.3477453873351,0.36540766210284,0.613821832404016,0.537890776748659,0.484030051578446,0.741182753513981,0.698632569159487,0.611308717826075,0.681443018634817,0.377315131151198,0.690364108845283,0.408786529385166,0.494975524932572,0.622163523087638,0.610319751560757,0.362397811989785,0.217786576619827,0.452611390780703,0.317772585128344,0.572582001258611,0.581556204915962,0.548955804439404,0.543740756663972,0.399923997405378,0.643429842653415,0.465222556929015,0.431172324160829,0.629775967442999,0.580366130615329,0.528287145179127,0.38502775591212,0.424204713941387,0.716062940827995,0.640375815656091,0.381396857658813,0.493120236845124,0.368381041059515,1,1,0.333333333333333,"F",0.0587791040377247,123,208,139,261,0,0.333333333333333
0.649355492941971,0.689499202035137,0.447921860799467,0.457904149763713,0.66625662059785,0.330793105647496,0.626823522966912,0.350868155610865,0.266579593684658,0.52600354072295,0.780063359125047,0.509806230316247,0.540653850787227,0.750789526282956,0.526238372162527,0.431508676128173,0.677995583955705,0.760324703548096,0.485469932501888,0.737180332075876,0.0938841985950018,0.402565703859231,0.536717292146927,0.599218985511503,0.547351246651704,0.861564909605657,0.469645268842494,0.43998320059657,0.558251156940461,0.536077443008538,0.463534142903302,0.615118208938685,0.457466125607864,0.478446802936288,0.669220380991052,0.532054543681315,0.502771421477925,0.317533349693201,0.544976270116106,0.488734296080542,0.62519645268117,0.6365802896536,0.514400235749967,0.556868903143585,0.35144600343341,0.742202024771254,0.496571642875152,0.165846285344774,0.436005718932748,0.758106396747179,1,1,0.321428571428571,"F",0.0607343855982694,124,209,139,261,0,0.321428571428571
0.5062560109652,0.433319316002393,0.705896196724108,0.691992680943604,0.54006420788999,0.644793331361368,0.509817061235248,0.382536538761471,0.336640193731353,0.565712771188238,0.581505505865971,0.312187657273936,0.438789712162772,0.532378900460428,0.509896997668477,0.567021121043064,0.444940213941347,0.318102441447539,0.396698149989324,0.284564456905885,0.348759259882147,0.398532610761156,0.447962259663397,0.491950512442096,0.458900047951723,0.765167283347725,0.719409258698386,0.205356287332522,0.478603097003221,0.485725122331287,0.481098302993232,0.129931547084163,0.465328652859538,0.534885897384246,0.439685891521186,0.505657798101272,0.340692874316634,0.711696605715887,0.361969177322235,0.868887277624271,0.215952686077008,0.302782963749998,0.551981963547675,0.61201025772031,0.602481812378328,0.28476072125828,0.665153529098278,0.558838440001211,0.0755465486777745,0.702226897498831,0,0,0.321428571428571,"F",0.0627670842616603,124,209,139,262,0,0.321428571428571
0.371628496666171,0.340767814526208,0.308631773285776,0.567570758728105,0.558196008472323,0.20277066518123,0.224377352922588,0.500975079448376,0.551860062013739,0.441151591774022,0.594502410729319,0.339922792899403,0.317381116466872,0.310744488311465,0.498790578150393,0.343372873687427,0.502840550325784,0.451439352084345,0.185695614909732,0.395179592351071,0.484331426946915,0.657879657730289,0.430382073172949,0.345844013875029,0.494294601363189,0.768849105114419,0.504775407980163,0.239758534094331,0.464422485953444,0.378701831377375,0.303757942595869,0.51786134802918,0.39024763646966,0.315317862196782,0.545289560298898,0.250593889638793,0.321321076874328,0.535196977927234,0.684776610779786,0.617602348054582,0.52781370643133,0.157579814570163,0.478758535123725,0.536095681019712,0.964281777685639,0.548453855518264,0.366537856196398,0.667693772019105,0.538913496099743,0.491066666306208,1,0,0.321428571428571,"F",0.0599418393311523,124,210,139,262,0,0.321428571428571
0.371608871857012,0.710381107433717,0.389081010278852,0.532048946580626,0.471444223611697,0.534750143857714,0.487203953186934,0.401203486243588,0.549056081430875,0.598862662088888,0.573573683990832,0.414560804997383,0.351846642382076,0.691339362563199,0.467053293988545,0.28387782181414,0.256548759612579,0.332756542482209,0.174329874197216,0.41228120245574,0.599138164481107,0.543664851945022,0.385184563332413,0.501093389010879,0.503459660999808,0.872348290551434,0.278405933178926,0.638975233372355,0.602601481232307,0.45227756753128,0.50458072926098,0.607494520294572,0.238117352677013,0.366266688412066,0.598492068133386,0.480901045518048,0.446251570801389,0.636432398156463,0.321148859196667,0.617126084466192,0.412483878008547,0.634718890039409,0.389582636787567,0.26927836988803,0.448020077260312,0.396745825876978,0.422431072439345,0.368810189425218,0.560482066113352,0.604253929023675,1,1,0.321428571428571,"F",0.0618827104663362,125,211,139,262,0,0.321428571428571
0.471434978712102,0.487491544694255,0.44072883506431,0.431672007759916,0.607448278263469,0.719748503586888,0.496696536272149,0.467828397741349,0.663352764633962,0.566189249202118,0.664507162015375,0.483551390743919,0.427550160032441,0.523731083239645,0.733979695969229,0.732815815435139,0.260313355367216,0.397285521649998,0.13726497310556,0.446087841333861,0.401684378402595,0.595895825402967,0.690082471301831,0.559564685413032,0.38768968513374,0.806247828728294,0.236076176153106,0.302565446685213,0.52055406442967,0.670795344230541,0.539828213556326,0.387930778014915,0.507674784409036,0.49115158132956,0.349256049924637,0.552103128765839,0.512099080537617,0.66600917089112,0.587701935502894,0.491123630170545,0.223867325447285,0.429812096540992,0.504113595836677,0.485136130624168,0.523781582282775,0.509145484690973,0.587562877989358,0.584934362651525,0.643006634390561,0.579569386470265,0,0,0.321428571428571,"F",0.0638999513452148,125,211,139,263,0,0.321428571428571
0.44374669414299,0.577743592979922,0.492085285387281,0.557994334653198,0.331286426137596,0.890536735522505,0.505368622798987,0.298340831394846,0.573731685546682,0.464527136338927,0.392566734183319,0.840172394460765,0.331658771146192,0.662711868233198,0.529271844843485,0.604522127169841,0.555674061874344,0.394146473029423,0.379162185164303,0.320853939155599,0.725781262265914,0.347860142050118,0.528583493007878,0.473800544900439,0.650710004999839,0.781631538865551,0.446152303654908,0.67435590025401,0.582186188183931,0.340428020796093,0.407647959441411,0.519976127243612,0.493218478667725,0.306588426694829,0.209860322577085,0.741275765648105,0.329950153005872,0.792630394066767,0.323693473666894,0.575516834558426,0.604871053142178,0.702670601088174,0.520103124056544,0.201290683634309,0.339108476018405,0.533515079685585,0.604972808830183,0.325522343367684,0.411756617064741,0.572940561498319,0,1,0.321428571428571,"F",0.0621140313083441,125,211,140,264,0,0.321428571428571
0.560933716441577,0.492233614758927,0.498951166726472,0.478142704345963,0.320323154647861,0.634224067909993,0.397506764058119,0.468250889426038,0.67360489593672,0.440529744154611,0.162797287000853,0.504414729496087,0.576676022503965,0.62236645690661,0.626939444974191,0.513963474818611,0.354519809424404,0.545506208952379,0.533542349798408,0.357839618740085,0.643085948114617,0.275648083864777,0.615577028722096,0.452132687274424,0.50458838121152,0.89613256136654,0.369894226950475,0.661484247063803,0.41375293931748,0.558639650324328,0.467545436163349,0.846819975433156,0.519848062398226,0.504801351998474,0.398394650738991,0.426672909240511,0.264697476315262,0.4869326315519,0.790547462861653,0.724712612610925,0.416345251082487,0.520925227955973,0.77186244160076,0.454602610770413,0.547752399918606,0.549861021984588,0.569332079952931,0.410618994790867,0.619646633066171,0.385988488175334,1,1,0.321428571428571,"F",0.0640365923384791,126,212,140,264,0,0.321428571428571
0.517026687208753,0.499043782400452,0.517822797480288,0.493398468666283,0.747318989139339,0.22415256760996,0.420186034141332,0.480564998418939,0.546194264719491,0.35787920823174,0.385399588103776,0.39285123014594,0.632116556836038,0.41815539014758,0.315883960171391,0.362625632432542,0.421648399988191,0.534500279067052,0.516562929860029,0.477036081751951,0.436883277379,0.539335934019258,0.538607404410373,0.459180890773223,0.545158481112599,0.397330005250458,0.519090648868441,0.214213793803204,0.40741663435283,0.421466875485137,0.391257776574464,0.790602710481601,0.265643820480833,0.524691004056739,0.310854027861976,0.746416825070743,0.237697877314013,0.53239300849422,0.661504882639375,0.376475331653487,0.542460099638989,0.268827854968792,0.621578373649035,0.439240312291297,0.318812626091619,0.488447731651975,0.488750576813791,0.373142436758802,0.285328653361917,0.307890764737003,0,0,-0.307692307692308,"F",0.0612462654716176,126,213,140,264,0,0.307692307692308
0.423290782562933,0.519099403605453,0.673745693715461,0.517188303898092,0.432260586709176,0.5908602606592,0.792793824023715,0.839840524838313,0.442981413496145,0.406637343442608,0.29308816410746,0.487753394693289,0.28119858968056,0.366251931823653,0.555587442615273,0.55886622571445,0.423956135903127,0.255282999973521,0.581939969968365,0.386564155363774,0.602914508696212,0.685507885637509,0.41979842350075,0.476105422829449,0.57550325423182,0.48706139339836,0.523032213525503,0.558404701323611,0.49620911828591,0.60444185851017,0.426245695540123,0.320205648733202,0.202286597587891,0.433607974965775,0.673292572816605,0.797949161467723,0.577705029866947,0.629163107008674,0.650410906628747,0.687756701333383,0.385279224769519,0.640982893379575,0.614355713409477,0.587744946250024,0.723303002357707,0.347537073943408,0.40389155796931,0.296259449861155,0.611986727346047,0.351567718500791,1,1,-0.307692307692308,"F",0.0594738240765347,126,213,141,265,0,0.307692307692308
0.527123704361422,0.408503363125001,0.801557657391842,0.527635937815296,0.685835151786354,0.453526201692867,0.305224615393254,0.649159396795725,0.691888990008413,0.424845699277822,0.504124336694945,0.631787365065369,0.656234692582822,0.354676452368991,0.481881094774577,0.41133561067834,0.463405899073183,0.495957108649022,0.302416473182126,0.309457138911775,0.299168013070764,0.406650992725339,0.423675872625035,0.453178291680172,0.305606812178044,0.569529677173541,0.225636074727264,0.526238824836051,0.470110363772868,0.567033691100619,0.537236403559173,0.466424274332847,0.207113369658238,0.640047583451328,0.442086140594932,0.684801183524354,0.449245123710296,0.549267443390374,0.673373693308014,0.648021339635535,0.478869780228293,0.722558890936421,0.609743184354422,0.639469464038916,0.223831866114714,0.386744080394331,0.378818021513916,0.79431661424957,0.779086607264809,0.316899880175537,1,0,-0.307692307692308,"F",0.0614741078047231,126,213,141,266,0,0.307692307692308
0.339218195557742,0.340946253576719,0.749553818851253,0.659366144727797,0.250178608286981,0.495833345627504,0.497155929764982,0.785627699212321,0.679958203445042,0.830072383863377,0.74040756923322,0.601948900901745,0.445266450363152,0.634415633395956,0.411672137074295,0.398372543465823,0.516362632657444,0.465613488565431,0.476096956856737,0.670046708371318,0.561069260465331,0.631742133793132,0.309079151603003,0.222372533911631,0.542257580659447,0.520683521808018,0.517321500827135,0.57600426842667,0.401194733548198,0.64117676146525,0.432281403053942,0.454347718075809,0.543023416899173,0.668682141883649,0.208837816050979,0.541219432115416,0.492413885273319,0.360647746045218,0.521019142703939,0.761492946244375,0.589220727406416,0.498362306347372,0.478751958706399,0.390315853456256,0.575638198232413,0.709364598526141,0.667796305507463,0.795966861883909,0.410030371338752,0.384816802638387,0,0,-0.305555555555556,"F",0.0587098587590471,126,214,141,266,0,0.305555555555556
0.530178592885407,0.559450945204062,0.467982174846532,0.505196123064031,0.417985278629585,0.444292827949302,0.483179389303623,0.625656049575549,0.497279813285219,0.448960276228238,0.517999442147066,0.450556108909574,0.590372038758627,0.690271582539207,0.367975703182113,0.492558410756908,0.747793156247342,0.400586120682104,0.19741403356917,0.326443821538955,0.0946194852295003,0.527283209779187,0.536420106608258,0.501710341646927,0.545053025372098,0.576823943528091,0.461623254850292,0.654537045855884,0.507960655951242,0.62286636371529,0.75802083502906,0.362680686087755,0.2905751631702,0.680252676586039,0.430599699144132,0.46136866119648,0.519228842975885,0.445233306778978,0.382999234971967,0.617062552672684,0.495127158746178,0.783051949246503,0.515035332059196,0.65580809020353,0.568728580628004,0.779099029703301,0.664920527463613,0.504459592125773,0.462736961977052,0.426452350590372,0,1,-0.305555555555556,"F",0.0606224864486798,127,215,141,266,0,0.305555555555556
0.684555179856495,0.603386718788754,0.416824542191435,0.394533354833817,0.681523221839686,0.329967774419478,0.647182361890618,0.489914451362932,0.377053150043301,0.764036288676514,0.495006996957981,0.489467297550729,0.388162064682083,0.318441575527192,0.321735714868144,0.460265950861375,0.604378968752438,0.560775257084832,0.456610722127021,0.514887547440871,0.458563529343194,0.487083955057548,0.670007258979462,0.263368173210254,0.600371849274616,0.615542180558156,0.332205660063555,0.500688357479879,0.40443675087831,0.762411684254907,0.312155838306428,0.582118727116041,0.552558269504674,0.60324528552547,0.550971338210585,0.726323304750084,0.620828936519912,0.340411889055228,0.65978432719328,0.517999082646826,0.361260625938798,0.69577186513795,0.443756386871272,0.43012310230419,0.687704335887941,0.487203754876474,0.648138208547112,0.376682715220752,0.686619830709787,0.554934070421437,0,1,-0.305555555555556,"F",0.0625174046226677,128,216,141,266,0,0.305555555555556
0.451387413641232,0.837542394809757,0.503621386370947,0.578968702080157,0.529033889436222,0.323979021777399,0.37228725676728,0.472606177506795,0.683140045411574,0.651742565228073,0.517298718938701,0.391619064741732,0.712206778860171,0.688554611111874,0.370840078274353,0.596239464331557,0.279356036038788,0.563462515122749,0.442617631399443,0.391207520226679,0.640915650868777,0.482499098274689,0.462845083321113,0.451416617595469,0.579641422545926,0.560063242920019,0.438693888431735,0.424973052514589,0.355475741220165,0.580245006377218,0.201861189756922,0.305867660361195,0.311213143762379,0.477817880191184,0.366710895536581,0.77689547958189,0.225254834058783,0.294249848705393,0.479173006183631,0.386296906118098,0.487423558602527,0.134624277863013,0.554675256392276,0.484494823445062,0.454882875703962,0.319263647973785,0.472029755877183,0.415981374739711,0.77317804757435,0.445543961198731,0,0,0.3,"F",0.0645027049521432,128,216,141,267,0,0.3
0.316268482366417,0.414428635676029,0.723617446760231,0.300798974089995,0.598536591671672,0.543634324696558,0.456495311903366,0.591411608253774,0.21133591812999,0.320005680181518,0.599596305983145,0.419418793802331,0.741283045832918,0.508665570080679,0.650185159281252,0.355899827076118,0.345283996786847,0.719579556667434,0.553811571431072,0.435279535802849,0.528433054765722,0.237432879290555,0.661593405494138,0.383848634696051,0.468136758405684,0.415619818452081,0.557975205339817,0.372918493600845,0.479803333677965,0.468716659903224,0.411498960339493,0.574478037447414,0.364160453197412,0.704259230332133,0.560671691951485,0.582243836449658,0.317860656115184,0.73746975184409,0.701321142294393,0.675404433449228,0.34148205495207,0.497166556312397,0.703100181034534,0.255463404540972,0.58432878363075,0.520113678061078,0.188630225689934,0.494952706647731,0.6468304966064,0.293030434812733,1,1,0.3,"F",0.0663801584424999,129,217,141,267,0,0.3
0.29499472855588,0.443751240166925,0.441993177513754,0.245833601234562,0.596142124353452,0.453173595324849,0.386082678356871,0.578159975565059,0.678523844626134,0.874985157513532,0.502135915598127,0.416416077610397,0.520921000892895,0.60125075963382,0.296069977728404,0.484904751846701,0.344097765887281,0.623782285253212,0.552188762237661,0.392717610446959,0.57273473206591,0.425385081369339,0.590590787523547,0.38481290827519,0.476284392908058,0.602982261033907,0.561725680276307,0.383098258636595,0.576649280987152,0.657968999685341,0.361371417785672,0.434086824957875,0.429732570580352,0.451729962713511,0.484593544091428,0.534441857340193,0.629513493571846,0.682660692132252,0.445373219814318,0.488304654067078,0.710212862518062,0.766450955952669,0.59246750355002,0.646355287473279,0.365880449652547,0.557720963002712,0.223228715726045,0.576934711617488,0.374811413131019,0.498570557771671,1,1,0.3,"F",0.0682403875889084,130,218,141,267,0,0.3
0.402260267239939,0.508006800049943,0.63903758930745,0.454124127071496,0.532161630567862,0.434497148511572,0.433342837395559,0.414202059229808,0.367323709429534,0.315860320678113,0.39374330738489,0.476869909442783,0.603745447943796,0.779372981998026,0.42914124148601,0.367660432133506,0.527764985823077,0.363290627258243,0.408832349708543,0.635087658029288,0.630244110535965,0.436370854347144,0.502141929379514,0.766762516309158,0.269763846129568,0.485637561172715,0.295045245136601,0.319139736718814,0.358275792084016,0.484227003921479,0.521793661383892,0.675768397865001,0.48350523954914,0.358765277030669,0.461168674288408,0.442210341603712,0.393434164964196,0.682707651590865,0.749977298756164,0.713087049345562,0.188546517805456,0.55110880722689,0.428163436573033,0.46384819463778,0.509732300768802,0.463082022812874,0.563970583995934,0.660077435436288,0.503921654332506,0.179945181539468,0,0,0.3,"F",0.0702108722442831,130,218,141,268,0,0.3
0.452148630658783,0.582045967093488,0.662651404215667,0.410746641126652,0.503794158676644,0.465055170223148,0.398817369512731,0.725556203572778,0.673948468296701,0.366581112312885,0.539096318950617,0.27674015177219,0.226277498628234,0.655143588580982,0.409723883792907,0.480373165573174,0.404800707893131,0.54165518646515,0.381199416088794,0.426778756742311,0.472525930482775,0.620326706030361,0.345594799188059,0.791405204914867,0.4000256267192,0.469064690355141,0.55120506991066,0.487514337113182,0.350699390214425,0.464649728335625,0.260991361300346,0.540341956083976,0.471637713975882,0.399756483264893,0.715520366066548,0.725369037230901,0.34633004666121,0.434797481807084,0.583633566319084,0.613631614866011,0.507505305777529,0.435790501536496,0.477054972615478,0.323638703581207,0.398888215829656,0.626138798827268,0.314349767174159,0.334727950481705,0.555671230493273,0.368541906245505,0,1,0.3,"F",0.0684492343371644,130,218,142,269,0,0.3
0.30141643936617,0.648846141970849,0.703862846046223,0.333104387903217,0.462974710881422,0.52544514441656,0.510686596830312,0.348289389293564,0.411683720708867,0.325370418771269,0.572940092727936,0.76620191605895,0.637178136942675,0.291228659199921,0.524227729181538,0.613591925120187,0.29641549945693,0.139983492013637,0.691484154525449,0.669729113756923,0.356768840097489,0.543198776130764,0.727964990153118,0.621326751452759,0.85252586090474,0.488642109165167,0.787477187291999,0.419965282054587,0.504135387675592,0.709555684097212,0.366380292080833,0.587048351153184,0.441660213788864,0.497355869922706,0.857624701636535,0.630826156292929,0.419681423861642,0.65253352723104,0.53654481391202,0.820568121010308,0.568783329086165,0.372353659424443,0.505990172411595,0.593268698611991,0.416779507410549,0.552557362786892,0.286986678451958,0.311539377780476,0.421603757602764,0.256503818819385,0,1,0.3,"F",0.0667006455997281,130,218,143,270,0,0.3
0.612953394056275,0.278658868561248,0.607738617330759,0.515942636015231,0.508938398759421,0.58492291036006,0.815643017020686,0.798284501549198,0.574117917915079,0.452961558539243,0.512127646081955,0.472933340324159,0.546280217905607,0.20079830442889,0.773326224569527,0.483407316924751,0.346047270001565,0.69344998395226,0.407883475682508,0.612148832201191,0.85548170690071,0.280154567113257,0.364159154028641,0.413376020272567,0.218951704060618,0.438675014696514,0.299088128159394,0.548972152533146,0.430994689669048,0.476141937746201,0.234729204115032,0.806621615119207,0.425797148174743,0.492314851848332,0.542471201346648,0.476786977199026,0.350538992940002,0.543570764818774,0.69965820292548,0.555172204251612,0.422480837066005,0.442077095408542,0.451466148840246,0.497969761808315,0.348899982454156,0.398698052230277,0.363333094943835,0.547187235511778,0.345650074467368,0.432893999176707,1,1,0.3,"F",0.0685438863521055,131,219,143,270,0,0.3
0.508425957735092,0.472560778875667,0.333635139509135,0.412097716803684,0.343071289085201,0.580420569581555,0.607796635270788,0.610143503919578,0.402004981660232,0.395408174728326,0.52426984456431,0.521670868819364,0.461448270379164,0.546145371666462,0.656286420129209,0.603422197581025,0.652681016879959,0.541774352235241,0.740271049823192,0.524454843932756,0.522996420635978,0.47399986166658,0.515641919136298,0.576640709789534,0.254914219992676,0.545766409907555,0.594153493429764,0.35597573257178,0.578568898533738,0.178408484823897,0.21031906610357,0.296403116507089,0.359665545440853,0.393463080815991,0.608616897692828,0.367930751356439,0.577469965020608,0.691717844046239,0.228889091895415,0.481289650232169,0.473347989292328,0.469823338204369,0.356490107997898,0.49388713600518,0.436935170136163,0.4865440900053,0.700843993849865,0.397058688789436,0.42393142467421,0.455573334852106,1,1,0.3,"F",0.0703703703703703,132,220,143,270,0,0.3
0.439856077642673,0.446413649372848,0.530951354700229,0.408196185872784,0.690334641593993,0.316785106649744,0.699852088267436,0.547175441660271,0.194746191186617,0.275790887595625,0.192497506067773,0.656988151791396,0.732136194695778,0.439282867689506,0.341912205533317,0.646640540928709,0.42548863025784,0.528626831427057,0.352478953076025,0.368329534879618,0.463234660407933,0.34066283380132,0.210465371972457,0.488587644713112,0.480718650508681,0.396552718803115,0.345881045704117,0.44789182854147,0.557731720734039,0.379250368856003,0.357622897220232,0.772048000259787,0.454314839426248,0.629389904150873,0.267074450127134,0.527439361915879,0.657716990992442,0.497439390351529,0.664151024342738,0.582024264176564,0.388402127209507,0.359331503387137,0.845833577075398,0.775088649418285,0.571310442458403,0.691381128526854,0.246506624937169,0.30578424136162,0.609340445543721,0.233805962344928,0,0,0.3,"F",0.0723247232472325,132,220,143,271,0,0.3
0.561088500036065,0.427214457377594,0.494971152733787,0.648405297935724,0.397744214030935,0.596896302382261,0.576829533803905,0.547707717492477,0.508637953907586,0.58071759555614,0.478625641760399,0.532183372540257,0.314220457638805,0.705151104353149,0.826596316719873,0.485714991445656,0.56288292530512,0.510918343425637,0.805042712627881,0.368938687647673,0.578584200395834,0.209450991991001,0.248971099669936,0.510616525202694,0.478855660487078,0.359419764250539,0.451196602647909,0.269747483121858,0.518962492042571,0.840143910672851,0.37263353839999,0.367992563923586,0.5165506099409,0.457018474024411,0.676683353806507,0.438432238079087,0.285215115756659,0.402148661872549,0.507965502516536,0.51346446473708,0.360719887253144,0.636260708315726,0.65746173641484,0.498412320327723,0.488982968867459,0.485809273341636,0.482748065898689,0.574781435222597,0.551005402747896,0.388905564085007,1,0,0.3,"F",0.0696097911205357,132,221,143,271,0,0.3
0.580466932387784,0.65681753828859,0.536260239842607,0.746154374001957,0.474654602307284,0.735119938860341,0.630883039716581,0.335243840675507,0.474965082698646,0.447461481125201,0.809713825602561,0.452765254672367,0.32812719471728,0.401703459979119,0.798553677768132,0.166512221954814,0.640924613766719,0.479150177834451,0.397995986724908,0.678222624324628,0.380315653716637,0.350569473550568,0.302247920263431,0.521578046533805,0.519888163558683,0.480184803131849,0.601502310271738,0.35716367757057,0.411877787625196,0.444994171132393,0.489605010126969,0.170722558829515,0.375764589519839,0.607131300593962,0.305800063621398,0.669787630317392,0.599055070297766,0.528511189835739,0.226288771490722,0.685685776162469,0.35711611020182,0.510228378010529,0.744995210793363,0.60925712840518,0.752684976665674,0.317959939499768,0.461323950402086,0.519322032661407,0.615653015319731,0.344287155064536,0,1,0.3,"F",0.0678733031674208,132,221,144,272,0,0.3
0.861283648567863,0.519056377923945,0.631491148917408,0.288949155246615,0.539553173582458,0.603315644541414,0.46795217797486,0,0.523664342059507,0.489580333628698,0.341510324555665,0.434719195166069,0.577509596860451,0.760212421485505,0.493347281233061,0.497990993151189,0.698414575999124,0.757271852638467,0.639853164633078,0.436122715745268,0.61216597865477,0.454263910282351,0.581289929444919,0.456349998023436,0.20761726636761,0.302257590035741,0.433206898980131,0.385664122680039,0.515196226947008,0.835273751301496,0.546670175402622,0.565092387261556,0.484093563302394,0.28612167383108,0.40103535963991,0.410408181005996,0.428016019677028,0.398909168157696,0.461330870996406,0.468046956142142,0.43252708602568,0.541063821366515,0.503802601485806,0.644184006346836,0.67411025432865,0.462872934460961,0.371640746190006,0.554542063729528,0.293252652152757,0.435920201988178,1,0,0.3,"F",0.0651828298887123,132,222,144,272,0,0.3
0.434634710766461,0.660467077210987,0.183059056403358,0.438908530026592,0.47368538149657,0.484062665829826,0.412333293210756,0.284741714262473,0.632467948109024,0.920567298880232,0.527228798108194,0.4739349737385,0.462089103362156,0.380157283065886,0.354457784769295,0.519505243605958,0.273146676812706,0.492484097278013,0.501033253770833,0.628869200688592,0.538794120860746,0.273111073337482,0.836052176946111,0.452846524864119,0.365189576976212,0.463200786480279,0.575100062791119,0.37858280418218,0.626540175817642,0.494975248546818,0.60944493410469,0.498319459056427,0.270889102325456,0.36591491322517,0.533348494436822,0.599053267119897,0.593588511327967,0.329200761787468,0.480643003829037,0.490398823756909,0.154887838421275,0.466739795443725,0.655503032964099,0.626073368495402,0.428461481858209,0.445313456202058,0.500858951164402,0.646443417565994,0.841659258291613,0.564874907726334,0,1,0.3,"F",0.0634590634590635,132,222,145,273,0,0.3
0.359518673374693,0.497633558256965,0.356936723781667,0.511520886956528,0.763080981570964,0.59489415796003,0.594478231054464,0.81408726136332,0.5557412420202,0.296847119345448,0.31197232333786,0.300326311672865,0.432172410718137,0.67129535763493,0.468294956841165,0.21393741468344,0.0245077226324365,0.412194286357359,0.541592554320302,0.601381851659588,0.584093278362432,0.355666873708757,0.460762970769985,0.602194146503574,0.626859420646028,0.492108506287152,0.547220663444902,0.153227947593699,0.532767324462499,0.640822242271847,0.384607141902571,0.366671353853341,0.365288934656147,0.732453923003326,0.52261280942598,0.274394873090488,0.273572527859685,0.418828638547848,0.260202232203812,0.703251055926424,0.464885314022824,0.303406997285966,0.65578857231641,0.581868124600221,0.200447886053765,0.379486308436353,0.554935403738796,0.627559728914661,0.619957687731228,0.267755482545531,0,1,0.3,"F",0.0617478792661275,132,222,146,274,0,0.3
0.521828297197918,0.722218435574295,0.476584086898385,0.584686695389973,0.447401185236144,0.308179944879545,0.527741333538484,0.280048497054949,0.360961725318712,0.65115649796624,0.259339518046715,0.507143582718958,0.364862001455077,0.413627865464184,0.359977806453199,0.199605039667738,0.485991551166036,0.465802936091952,0.74848101443336,0.488322883772983,0.356828343855457,0.242945310603371,0.325666842406997,0.514489996475383,0.400405459851139,0.505199408028815,0.454345611508805,0.489600256529008,0.388703697645173,0.48638102065727,0.466895332776988,0.500205102253552,0.305637080327141,0.50302693449414,0.256604694133691,0.548696833559875,0.81100767187726,0.543732540642305,0.418568747270911,0.623135640042465,0.22599680158425,0.38655689909629,0.393142846294073,0.410652958751473,0.367697870308639,0.414195901714382,0.229385496035332,0.419274402955969,0.279284624810688,0.269795514004775,1,0,0.3,"F",0.0590815357926091,132,223,146,274,0,0.3
0.964620488278634,0.452246842300386,0.537312302033418,0.607243219262096,0.405328301853082,0.567371801459964,0.571044811885337,0.464906356810603,0.37877601364318,0.548952011586038,0.610912306809188,0.197373155109834,0.419713538987066,0.657545658187975,0.423671415803061,0.274591666047975,0.473565983121159,0.189531757919577,0.300241345030256,0.315132390969855,0.597495569962122,0.277695635527558,0.423790898780578,0.501264711382305,0.561427357909612,0.370105898219899,0.206419711235702,0.427966181273362,0.460214067275854,0.691420363209025,0.40890931036056,0.385541016303801,0.439641193896367,0.236457123829315,0.611039967589876,0.373498415414131,0.499195122280719,0.412353386941984,0.585674109777317,0.707569253703041,0.337147053637045,0.433488167707298,0.605234920243879,0.594126486653703,0.692528795549886,0.501244234260578,0.354583965864198,0.512324715410162,0.658943964521117,0.301493706860459,0,0,0.3,"F",0.0610191602119854,132,223,146,275,0,0.3
0.386303604310652,0.509646497661302,0.255275262293206,0.631624013248765,0.57927480057971,0.704530622129495,0.383220976736951,0.703161536248152,0.661509710897448,0.624101818275297,0.389583319149641,0.1871456896799,0.757220545953681,0.488303507269857,0.703128197529292,0.385352240297235,0.234765195869715,0.789198374903827,0.382350711215707,0.5340729803566,0.182484764550601,0.37690879229586,0.528591349156995,0.393794168563725,0.440410252803524,0.470735543856559,0.469197605120079,0.611175540497049,0.493825616522382,0.46329753367497,0.157064593632958,0.317931139746399,0.390157599460876,0.277276953624754,0.631481775501965,0.169967623874661,0.319600878422997,0.483362238435076,0.5026409684558,0.725845456381002,0.414018738957982,0.496126600680418,0.647771758315602,0.622035770457086,0.328376002607495,0.400189814048243,0.162993938577724,0.658631387183625,0.553714002927563,0.219394209151362,0,1,0.3,"F",0.0593195554689023,132,223,147,276,0,0.3
0.498282896844173,0.0201173742183532,0.464313150408534,0.331731469488866,0.504404101819451,0.407590859093992,0.733007052457859,0.31772607557599,0.72533604024864,0.520953219176596,0.697480822343058,0.257889472686798,0.397704452475005,0.376350650621119,0.329597871177972,0.479252230765877,0.535517400417289,0.248986867096701,0.707279446858415,0.568869130295537,0.38376924038432,0.369550336791575,0.345012851575527,0.4621274101198,0.260107483308359,0.589824953526259,0.525025014063168,0.459056246501054,0.458868509424315,0.606683179339381,0.359550300878775,0.356240241160037,0.748624673092497,0.558127129586893,0.597760888017322,0.175070643604579,0.347047881247251,0.467428340932502,0.25033362814173,0.946064402711311,0.487219787463318,0.195424501306218,0.602787271946811,0.332924219581043,0.667051673708062,0.418934896639796,0.434974397815391,0.603760036841595,0.31278667746071,0.535854758800607,0,1,-0.285714285714286,"F",0.0611413043478261,133,224,147,276,0,0.285714285714286
0.43006599729455,0.564104904391763,0.5275128380017,0.5192503056893,0.283564337292886,0.539246598769925,0.564916872451809,0.588073754256517,0.517545058121922,0.669039705401416,0.372105544957779,0.272733333670583,0.427044086330534,0.410897167699194,0.442040032665486,0.594744549030961,0.457594701153749,0.578472196690395,0.344747066450188,0.420755278368925,0.534940098685144,0.520498863910839,0.306811427640053,0.633933942501043,0.588552114801089,0.381353006434925,0.261249313825976,0.371811496726605,0.21275292709505,0.509080501912411,0.409163224052684,0.600881215755786,0.734855673140026,0.284551362957032,0.62559016348855,0.193747265877342,0.269650675972193,0.557479354616428,0.608443761073817,0.808893446783695,0.333463345695431,0.456308334065911,0.490857269882417,0.492993588302927,0.805998325014773,0.551084103831039,0.884084438361115,0.560237921122323,0.634710952117786,0.379930492927115,0,1,-0.285714285714286,"F",0.0629468599033816,134,225,147,276,0,0.285714285714286
0.363104588305713,0.55140493548286,0.720132389034583,0.570779921595817,0.534829194427792,0.773667370368308,0.580988655431684,0.568469352774402,0.503113264822961,0.409854557106361,0.645689099377743,0.322090350091235,0.521793100373277,0.426018204955309,0.884628386798623,0.785680129176106,0.43949991638254,0.277463959006332,0.523549648660122,0.553805164569117,0.588366094851507,0.19069102783961,0.478221535179906,0.41443023332442,0.342773137470646,0.685467292863865,0.502071916225967,0.434180535504589,0.460018228116096,0.682867658357787,0.599707871692268,0.753459037502076,0.708659179042945,0.372058974681735,0.365516197545683,0.211503337483981,0.425987453247432,0.719834503154751,0.63172301677557,0.607775938526052,0.37637512703383,0.258918478749495,0.305771844769562,0.369719731617612,0.59646083256639,0.414990812878478,0.517458306905749,0.613354066281626,0.665257464054584,0.530769940568785,0,1,-0.285714285714286,"F",0.0647364370911889,135,226,147,276,0,0.285714285714286
0.452893982805782,0.385366083411916,0.608948420187427,0.704271077107338,0.653827026965065,0.471434853152621,0.640589785162783,0.696472884664195,0.408900647023704,0.489706241217262,0.645819217111423,0.430817903358689,0.523540669998112,0.299116499539631,0.256839044681675,0.337223364023206,0.365075327291977,0.540776502947955,0.50157070381981,0.619441610720253,0.750329669927713,0.662549032185936,0.302023303589477,0.391568762760095,0.415150067267191,0.515182195233812,0.42037929170444,0.371807384804641,0.290672838137453,0.636113955160795,0.557185478571733,0.292281481726413,0.649975965813553,0.547405644257231,0.71671038762026,0.424871286548207,0.527864394845793,0.477151426855078,0.701027349724981,0.410628368874764,0.590199778263798,0.341593337790725,0.549517884290895,0.555530906794891,0.47337786892205,0.519219476464504,0.320962340075664,0.569908065842761,0.635595450163436,0.528551529691145,0,1,-0.285714285714286,"F",0.0665102470791036,136,227,147,276,0,0.285714285714286
0.308597980914587,0.464867667354224,0.363702760261849,0.446873795710355,0.736576793192534,0.0652032875275676,0.609864547301997,0.442781552862541,0.734617639808811,0.606667526085066,0.601542929301503,0.270474716030205,0.360234048635128,0.765356893564638,0.572893271260605,0.421762719104484,0.594617356751828,0.168592669822637,0.483955906944858,0.697513849732204,0.491015195746801,0.581121770244916,0.388547029144352,0.300993795994025,0.292780976717915,0.451996050764473,0.470092121492699,0.603344593713593,0.329484569126348,0.731862232147094,0.351696036591321,0.705916318835505,0.594255564482379,0.404424211341304,0.546566133854445,0.391548640223742,0.53077301528388,0.658949286223481,0.494414841218306,0.648084894493644,0.559742819006843,0.40086041975842,0.496578263340924,0.599238607678519,0.321914543203985,0.347943452972242,0.395971915754382,0.420758077401746,0.470292101662616,0.593178317414041,0,1,0.277777777777778,"F",0.0648229138504111,136,227,148,277,0,0.277777777777778
0.457726857993637,0.780548932315482,0.543550100060496,0.327047540602788,0.573733804946636,0.709660035662992,0.377343068588274,0.403934651812748,0.60204855479686,0.511792832218125,0.356286900063502,0.311945713906625,0.392846744937105,0.502726117871578,0.547233282820179,0.274279809044704,0.471394712846352,0.438754487558282,0.443177131123775,0.525725557573933,0.244109798453157,0.655785971932386,0.577393349583507,0.62917074215709,0.490702815978387,0.478451369778204,0.552626196198278,0.261681706418136,0.425566924070216,0.446863047427009,0.692997918063896,0.666574335079409,0.446287042003943,0.40532822314833,0.351487942007773,0.575299104934563,0.394696923305036,0.355556673131575,0.357334950473086,0.806418674860918,0.476905282191709,0.634369633442136,0.488672811035507,0.657506665673203,0.495756767419872,0.47280328779319,0.208326778558909,0.6685163878831,0.660437302892804,0.453730111168427,0,1,0.277777777777778,"F",0.0631477197096948,136,227,149,278,0,0.277777777777778
0.587121269664247,0.604166889713608,0.384677246659709,0.409672206154276,0.391170901799359,0.675001520630867,0.474070855752477,0.23119472525077,0.554753928234984,0.513261152486134,0.663570766692975,0.494085512557455,0.642358069853631,0.403602581525435,0.653246397283009,0.425206428561449,0.229952830159716,0.474363334309832,0.603755560572108,0.437355977292816,0.525464722092273,0.356635533934709,0.467560499400102,0.586084396191245,0.405498667148271,0.337516980100619,0.3714754746991,0.559952934675303,0.539359795558849,0.465500913059275,0.495179658691622,0.652782047661776,0.563754506817327,0.492046372972817,0.557590616095089,0.714153123630966,0.387292158133099,0.412857708898134,0.368343862816446,0.848399089605511,0.507889548016232,0.549378754974132,0.602117974287703,0.54532579611584,0.233544906096806,0.544370265872752,0.360260122891141,0.69118894581501,0.773879157667974,0.480354140313601,0,0,0.277777777777778,"F",0.0650687635198079,136,227,149,279,0,0.277777777777778
0.541888938481163,0.504734297979562,0.375217208486527,0.371154054531195,0.463720303950868,0.531850088623147,0.563622365633098,0.744002526060159,0.662170202211807,0.574776918379615,0.609838621915313,0.414264807757417,0.488659887772919,0.273537647126786,0.590390976879667,0.510078799440732,0.478031656431822,0.258089444606193,0.817084997379197,0.498803142617523,0.500446656434759,0.537473943270056,0.493722782031272,0.53114029181834,0.23895525060806,0.623619795807557,0.559371754256571,0.547399377387396,0.493407562634668,0.75945044196641,0.318037784987582,0.603999058195462,0.426103317587727,0.503989953496853,0.550146810346381,0.390795160087098,0.641636427322318,0.557765346194219,0.84054290140377,0.674973425072324,0.330931682585627,0.650032677389378,0.366201945394678,0.70846459756171,0.586007921681754,0.27353047960033,0.194994235735858,0.384419731436081,0.533077725647807,0.622802388632647,1,1,0.277777777777778,"F",0.0668270137709865,137,228,149,279,0,0.277777777777778
0.160349594944262,0.391461952564932,0.46436707270749,0.518672836058129,0.578245536606739,0.63600440203815,0.249019223208073,0.347528671045793,0.434129499529108,0.653153116818859,0.245199468714588,0.566148567079437,0.412361384525095,0.551660357619902,0.460651336445426,0.522940557150942,0.498282855510886,0.391638208412865,0.390183841820432,0.290455660937915,0.431793502041514,0.279277604191057,0.499420097506915,0.403326525488287,0.435217916225902,0.714820893232866,0.497120696394649,0.371376694398281,0.356790365195938,0.449220942588186,0.700925157311333,0.425019325444291,0.318272200917742,0.48718646342266,0.755679402121243,0.570525700357487,0.511834758802932,0.390789918481007,0.561309459181037,0.626826463075424,0.368745250464617,0.387834135773138,0.640903577344082,0.509308228923459,0.218005372199778,0.30407934934002,0.823532758905746,0.475140297975273,0.198440306271399,0.470111055662096,0,0,0.277777777777778,"F",0.068734335839599,137,228,149,280,0,0.277777777777778
0.625332767839225,0.826802967432065,0.547429906336121,0.561453234687732,0.462833548864083,0.651500131980493,0.638223952603987,0.367798906995282,0.432532080773619,0.430752028296019,0.671927022916518,0.320190653267803,0.674266574314763,0.50526926994712,0.836303925704776,0.19601534931136,0.450505063231867,0.395584769342814,0.772351119276608,0.492027851136717,0.527599060044499,0.752327472027005,0.621367780574713,0.52741897127181,0.410261537564659,0.401071639428913,0.464143728602756,0.339973982760315,0.426681422631393,0.353168349790966,0.420831853760223,0.735021904245817,0.521322966650956,0.411708828783481,0.557039211194606,0.429579340097816,0.533674724197388,0.350655547896203,0.404696307093602,0.648380905384449,0.372720376923603,0.236382815352108,0.592291352216161,0.627984834625578,0.580159205524182,0.465687633091426,0.403663840797253,0.403526824824148,0.443273045185386,0.396115198289572,0,1,0.277777777777778,"F",0.0670693638009615,137,228,150,281,0,0.277777777777778
0.595264527985939,0.875488147054906,0.39934732779869,0.608599160215125,0.606689305669817,0.56951481427157,0.404740241010907,0.72546089938373,0.455451331805095,0.640614550328983,0.614184298418109,0.68981658977376,0.434032508723085,0.607751735764484,0.565593451288485,0.316315962738502,0.551560573097271,0.355249749959659,0.699311578603241,0.54393905398787,0.367328556103747,0.537142874898658,0.662937593122068,0.444393365128416,0.546154095404698,0.616488188711377,0.620599486469938,0.353495459526772,0.298626495802573,0.496679769838115,0.529190229646171,0.589752914497221,0.568781509718487,0.307450707407637,0.558930514710644,0.424874004646811,0.692010314250318,0.603851453820157,0.484905633369363,0.631145799790946,0.458478812652522,0.453932401593466,0.377434361625025,0.544677359235224,0.271352757292513,0.285804940473018,0.216086791042481,0.646348794549587,0.610214440319428,0.397840202952235,0,0,0.277777777777778,"F",0.0689622993654349,137,228,150,282,0,0.277777777777778
0.42088010772335,0.891213674735573,0.326801097730527,0.27659389560711,0.511888935880255,0.49834912971798,0.617980195813145,0.83372383290033,0.510503295625886,0.304352811326393,0.396962867389313,0.470231951992867,0.444128614007976,0.232206339037495,0.547555783618086,0.190099772051189,0.339216672074154,0.366295204645758,0.392258694566426,0.406726614554364,0.508805760284783,0.498567596964704,0.497122896058067,0.528333579003974,0.278210149909682,0.507172661570677,0.240252080586961,0.454182197747076,0.434988086477705,0.45062774952966,0.444553874394723,0.142091555876719,0.49483152834231,0.324461573025595,0.480352606706911,0.620588442871494,0.712637690078178,0.2935202964278,0.441972122206741,0.686093796304105,0.336695193721716,0.499570969011262,0.564213140926959,0.496242967978896,0.416753814108811,0.287267168337271,0.331410613406388,0.521852505128211,0.341274445217352,0.57716248350368,1,0,0.277777777777778,"F",0.066338381492149,137,229,150,282,0,0.277777777777778
0.477409919925429,0.645750476595801,0.387178151237482,0.638476365432731,0.474309607218873,0.270291791081954,0.472037449360759,0.444089968497231,0.462899915696444,0.471712774977422,0.487410863665946,0.453644157474663,0.438640815203,0.380076725740476,0.686558224926507,0.640487129277255,0.50476296163344,0.441657362391571,0.27715937244709,0.633090074798678,0.790739295896402,0.633473758939872,0.514850284782917,0.453834094119762,0.249066565665289,0.632236459209862,0.409549768232657,0.357435829633902,0.267838135387674,0.604520014875951,0.406204964464553,0.543297007437124,0.427932832154632,0.361285146521709,0.29640604003037,0.738070912139269,0.600840869221969,0.424790111210154,0.494372000352958,0.791466357899024,0.507895578842911,0.456150168203633,0.594309593535049,0.591533727720543,0.564136636025572,0.796563661800664,0.3926677842709,0.539878069991333,0.583332913709833,0.499332020129374,0,0,0.277777777777778,"F",0.0682179394201243,137,229,150,283,0,0.277777777777778
0.397513003212284,0.156632788648072,0.448996023579088,0.61993792407016,0.687784379957094,0.522825017636471,0.618961637887666,0.465068270425095,0.441082407624,0.531916766147227,0.873479130227735,0.347924130892678,0.257285489917842,0.516990290023143,0.58292010764992,0.480755320447095,0.47871444836218,0.329693782637908,0.422531147200418,0.619829897466159,0.396863086864147,0.536186869216547,0.740375036969296,0.371761775136354,0.335534540406126,0.677027143743084,0.550895407457283,0.106213977203579,0.413779089562746,0.34747849979007,0.746661481112575,0.554420155405512,0.621062534435395,0.309819042055241,0.436766198044386,0.479957388064461,0.551614322919023,0.346731802871555,0.619951134729234,0.714485331458868,0.51622484662809,0.357865968663688,0.688522745021693,0.548660340552007,0.632872673803043,0.280773997778803,0.151844648226342,0.564479314628648,0.329514162696953,0.572092712367558,0,0,0.277777777777778,"F",0.0700842610246633,137,229,150,284,0,0.277777777777778
0.49421627966986,0.399536581185799,0.574276782754746,0.42806520187072,0.657329672071445,0.467146405750939,0.375054117936362,0.518202413224518,0.390023760440167,0.601872749414572,0.824251790689711,0.501045228871391,0.647684055957554,0.474524489255646,0.473834020017642,0.247584134017857,0.119642989283141,0.379696179679826,0.525612731034286,0.421261857028507,0.397662040323983,0.477038780245651,0.596128627993553,0.293578686734588,0.498012310653151,0.35845962220275,0.448313875497833,0.460278249103746,0.613235211208984,0.254916886195618,0.391465105856591,0.491052865075002,0.502922698188848,0.23008453063196,0.428046352996725,0.346960877256268,0.424196848752217,0.606878156294092,0.73724965853387,0.658762425887135,0.262129657492607,0.531152834921557,0.669467223775839,0.422039070685523,0.589454594198018,0.449596532453096,0.398824230467929,0.491755711199231,0.487698199822323,0.605469073019123,0,1,0.277777777777778,"F",0.0684287137056615,137,229,151,285,0,0.277777777777778
0.379188710296919,0.494249563007826,0.380907248062542,0.571725994436986,0.407477841838467,0.362688765381957,0.765194608044796,0.810949634760298,0.422732540919788,0.313025556852967,0.631043498741618,0.252616197451093,0.568439800680411,0.574733057414184,0.645845643850315,0.756013207292694,0.402862906819411,0.436545233532431,0.510222962461574,0.475109275618443,0.566981426308977,0.395104300759364,0.411478077570418,0.487085501663977,0.531535943622954,0.448776286719729,0.519569148047004,0.310507168543831,0.736144516703445,0.734077129566131,0.68314306588863,0.608086972249417,0.537024941339875,0.544331816769767,0.244656192523465,0.203423490959845,0.75344981325942,0.538419394627154,0.597775499495587,0.567597414374732,0.35209002621076,0.194214037952215,0.541981578947426,0.389356940459557,0.337688237636059,0.348323190120998,0.239237232966466,0.46464527752239,0.636484754334399,0.822123357105592,0,1,0.266666666666667,"F",0.0667847436406388,137,229,152,286,0,0.266666666666667
0.426811714547292,0.534358212673736,0.335270126420175,0.557633037228669,0.477167867768606,0.492794771185805,0.436733547136521,0.692129293709283,0.452858775828272,0.583927835714668,0.568622209770769,0.366242303022322,0.716848667001664,0.738566167867038,0.624807848405304,0.451942116199895,0.303222128132104,0.448228932600258,0.558528202795819,0.879420424162917,0.331462246142438,0.700432526798912,0.484489220248225,0.186363912326059,0.600145293027351,0.374079627717502,0.582197146272013,0.398440138229127,0.497443094316233,0.503948241053528,0.267911131926927,0.542843484894493,0.543903598873925,0.506595898334309,0.462989517936848,0.446811570307979,0.434677156869834,0.517997164993137,0.390145572169409,0.470148300459612,0.548655090751898,0.508734301357007,0.639255603814993,0.476920469255228,0.519798097724062,0.56785124593894,0.324849741611426,0.564928719005801,0.421705916044382,0.56480230204057,0,1,0.266666666666667,"F",0.0651522298130031,137,229,153,287,0,0.266666666666667
0.389215932627684,0.630634867693853,0.431906494600637,0.650320535006312,0.644789000679091,0.484281963248876,0.736067581409043,0.534694993114094,0.40725915036942,0.301595284344236,0.431348423460524,0.542827511480457,0.455978642437235,0.190818626149486,0.690348641262451,0.273380237121199,0.509850277589204,0.455676937047044,0.54924975138363,0.394867111831162,0.32593222623281,0.240243327974296,0.434324939582311,0.514235452533158,0.229561159168839,0.650044330486744,0.502971050671378,0.495553630452583,0.448568932596861,0.557127558171941,0.435652086766099,0.327223158153506,0.607735188077526,0.465026587673074,0.666121597651004,0.340763453944977,0.390039245902211,0.509186630428878,0.266504960234651,0.438728332233845,0.501225352649443,0.347227447342059,0.556975371365889,0.718565494617198,0.593236541722522,0.371123124986819,0.677103249036123,0.515088897018094,0.593605396646883,0.385444602767842,0,0,0.266666666666667,"F",0.0670032751091703,137,229,153,288,0,0.266666666666667
0.489503248768637,0.335737806210007,0.343171533693717,0.529527745342288,0.593100372244683,0.551070851186866,0.621545825130851,0.529025001899503,0.734517638925104,0.580595787783636,0.494205635377263,0.440057086687275,0.574338152347588,0.599701203934535,0.72530158470161,0.434793505163613,0.0846024537310141,0.427539542152069,0.46823687248228,0.476356599201196,0.68165202248241,0.436424094360052,0.549440037798857,0.519247700128863,0.365526872024502,0.239918906887599,0.401141391610823,0.559342965494103,0.414443351649025,0.444213311252231,0.60622928547204,0.338329554775161,0.475078200783178,0.391107471336426,0.520359083522599,0.463901148579918,0.711239021494476,0.618794266678687,0.646449084544339,0.60538520559716,0.501965135307417,0.108053807167107,0.219130951631819,0.24622576520741,0.548002007929139,0.647243116968095,0.594321674958844,0.653653780964879,0.407578849011711,0.526437627916101,0,0,0.266666666666667,"F",0.0688415104032879,137,229,153,289,0,0.266666666666667
0.564461932583824,0.46052600362206,0.502954589499821,0.389370254083258,0.723383966823947,0.461945795195431,0.287746503143329,0.657482521101933,0.674869195303092,0.329300561349351,0.673100380966311,0.401243398912686,0.466957139669823,0.637572890877923,0.524713349985175,0.241849614417828,0.528442272478927,0.444639144079567,0.557401894941278,0.637337128979221,0.636410111553253,0.495944216251289,0.606274125899814,0.545109522674478,0.419952323751595,0.460049116997979,0.378928355368013,0.297126936708388,0.672511929036313,0.546864683399333,0.409626725418506,0.418596209252557,0.477266240724456,0.233072528065359,0.488533296637298,0.726456801341953,0.694411701312271,0.586034787631169,0.498941753151258,0.434377917532684,0.436689815764871,0.484060372265888,0.73183618651655,0.493504704043719,0.556889455756346,0.536013588260045,0.415053563693855,0.586324763417828,0.25937984394636,0.480390418267922,0,1,0.266666666666667,"F",0.0672187923505496,137,229,154,290,0,0.266666666666667
0.565113081239785,0.386821130064314,0.546962326301555,0.489335488729401,0.498182061701873,0.416853431877741,0.704244483259436,0.350989508626672,0.716271547340077,0.417176285097205,0.281682824943091,0.689929206017595,0.254621955769975,0.693139459000889,0.264647320995301,0.680794016506537,0.492120068395711,0.48493861610264,0.262344160219034,0.45235408731062,0.461215387759786,0.428640323525888,0.524023264373085,0.503085650761484,0.242482680595079,0.504656881857624,0.586282617338258,0.334607573698286,0.340488837845393,0.350441649126618,0.413442563458836,0.311471483064871,0.606349801222359,0.370114616564552,0.502261880986722,0.494364214978583,0.575649953725833,0.544609072343272,0.474268210536973,0.264366867198909,0.419960463017764,0.0921687650972379,0.438380410501148,0.482428726588447,0.465436646557811,0.348706722197178,0.561424453755452,0.503115139191119,0.568855807879995,0.487089937486146,1,0,0.266666666666667,"F",0.0646176911544228,137,230,154,290,0,0.266666666666667
0.497678603164966,0.65730067671795,0.33940517677828,0.530592608595737,0.318452788700243,0.761006187087312,0.756862237822497,0.552868354223343,0.614543299366043,0.451750033741537,0.604581085543279,0.358792758623398,0.632765175907653,0.679194800828397,0.414646853658781,0.245401642675522,0.371521427763058,0.470918966977481,0.70341178486145,0.417942977419658,0.522002766898612,0.508453830743132,0.302666994872612,0.444588746833858,0.44918518315145,0.438178228424645,0.397142633242076,0.488322259229815,0.885717778629015,0.506854935623655,0.628256888795727,0.725152970633733,0.545775848383321,0.519855961072855,0.46822247948723,0.202692416053331,0.495750846092944,0.401550198533688,0.451286479167585,0.522785933825151,0.312363706283766,0.686132201514083,0.70932672098912,0.582526807196517,0.622561435718372,0.28141096503847,0.211635417974438,0.742579761451814,0.434533998064316,0.498062891973479,0,1,0.266666666666667,"F",0.0630061258030779,137,230,155,291,0,0.266666666666667
0.297408941709401,0.531008229323769,0.45523395976759,0.337815574144217,0.517418394377825,0.40786659714825,0.744499885122217,0.50655768225105,0.67668624549507,0.271720412216457,0.403298377940725,0.299354213097909,0.566388856111036,0.38567298611822,0.55148911617657,0.629583481036642,0.359292815423745,0.425595368988336,0.295330363115554,0.395918005605344,0.634522484066323,0.622372217601829,0.40736235312538,0.622594630906456,0.389489126528942,0.423741469104667,0.618774028878664,0.192846159582031,0.379232890370282,0,0.64596104142853,0.454677496279912,0.234369297834709,0.393141432015778,0.578950143298964,0.596528841659035,0.409913395452536,0.652037752954079,0.438672460048168,0.255008052616579,0.50039952858774,0.56713694023852,0.552687311262405,0.392030624339609,0.563243437861584,0.46820405820214,0.238381203030577,0.328943041823075,0.3108235461633,0.558555839198145,1,0,0.266666666666667,"F",0.0604275449636275,137,231,155,291,0,0.266666666666667
0.665088074926003,0.471361759121591,0.48426501448099,0.38408706505869,0.543648871861611,0.649400851278835,0.415778049760675,0.349605418960662,0.776943456889503,0.658489061216066,0.829510893366946,0.61131764751063,0.283052305757205,0.630240905763723,0.461715117079191,0.55671102306279,0.221931586338009,0.46947186759429,0.366813252420242,0.567976031223795,0.499509388328085,0.490524756834798,0.39759314783185,0.278634908458464,0.340091472003834,0.723176452307863,0.332396700690313,0.345038078496794,0.481757404441782,0.699407696102912,0.562605997261027,0.394133735138441,0.446992388143035,0.382220500436366,0.31682192552876,0.797305135939596,0.469794850872696,0.609189620782418,0.600504062374014,0.475001185269339,0.618625257270162,0.386988404920498,0.494066870575115,0.451602000984172,0.440686806967729,0.47720118070256,0.630112273702773,0.653063410751559,0.40423793304316,0.670113055899047,0,1,0.266666666666667,"F",0.0588270177311273,137,231,156,292,0,0.266666666666667
0.412794750442714,0.502312203217532,0.362419345061149,0.542421508307747,0.609554896376523,0.559050342437664,0.767368618109375,0.542385265797277,0.415143764013831,0.3714764465644,0.415152318206082,0.538848356843081,0.732896277981859,0.166469885438191,0.705545475403902,0.295584622400133,0.381031434053559,0.482463832660988,0.629515879904166,0.439206305843263,0.364204449291272,0.471417043492896,0.649063047755588,0.488315615653182,0.667702538546569,0.314718899520621,0.746151690551639,0.510175767968029,0.437726232649782,0.248200372996346,0.473466174988249,0.371878187910593,0.528537943269756,0.50155944709928,0.374034764608799,0.430421536567119,0.486910868500426,0.615412935510567,0.453211933505906,0.500902030121166,0.362295250067199,0.283802338205591,0.541673205317907,0.343534555883257,0.590219701644093,0.482432154067636,0.359865218980012,0.825315091877911,0.629470235200873,0.90415569155764,1,1,0.266666666666667,"F",0.0605810108644308,138,232,156,292,0,0.266666666666667
0.65875656009458,0.297526954885852,0.395789606669643,0.304847869038026,0.74152819917984,0.73165843834288,0.439824969410757,0.554634734680546,0.637907528978603,0.603504616384551,0.467697440168646,0.254986969865679,0.573264053455342,0.56464813688983,0.455029774430523,0.622291332968802,0.427480117856063,0.43627386681464,0.384875686046823,0.422537080602908,0.360934197674065,0.31713849711952,0.26257487788038,0.340907221725992,0.367027217297868,0.462601007966366,0.321784267383877,0.415002188534387,0.12877515260059,0.53865409905218,0.35755698184998,0.58639658752947,0.439605630532525,0.194952446268327,0.525005592749141,0.295614203161557,0.559570367770775,0.467188974772124,0.55953447330894,0.572005382229982,0.357648399934447,0.565476548579065,0.617391987237122,0.431248759124591,0.730764831643983,0.570533800817226,0.64573189577373,0.476141717914597,0.418802273195658,0.482206014906658,0,1,0.266666666666667,"F",0.0589914087324939,138,232,157,293,0,0.266666666666667
0.720838953262201,0.50614678674554,0.501596551017846,0.41203185873904,0.71015138731564,0.559455850055576,0.45907539969402,0.395563592948967,0.393976941719035,0.236767438462245,0.60487885694474,0.396078031464844,0.59245845720428,0.527811811221555,0.497465297206689,0.462555468143211,0.44713694961281,0.442258166349157,0.63197967396781,0.365379491994853,0.45166330967899,0.406404348079994,0.634788423465908,0.607824428835508,0.32837274059186,0.573781124259344,0.32379936863899,0.557437856106447,0.3965906014755,0.708812314086634,0.585269483105259,0.316711901837109,0.51644212240673,0.28147718816573,0.749493218348377,0.148037116102847,0.395009046507901,0.389246626627823,0.412661637439074,0.45819707014429,0.636488877838199,0.669854024097857,0.780640825255059,0.628540466779592,0.473928324909582,0.387704132693211,0.370721789621244,0.236449287913116,0.525256993937969,0.390094905942451,0,1,0.266666666666667,"F",0.057412620220502,138,232,158,294,0,0.266666666666667
0.579881397491126,0.382289657551129,0.497342108076896,0.405246406525482,0.526251353994254,0.534153007126819,0.491599351591685,0.493711313741463,0.770603261468283,0.474275179413446,0.352808178917662,0.505244510738666,0.208736664791944,0.750394623150047,0.400507114491699,0.202059939343534,0.3099078391816,0.46965777623215,0.526316514119078,0.436175368388342,0.62818831982161,0.0727716466037284,0.540921097854862,0.466862250876723,0.420799262887863,0.736250810421681,0.228775329574529,0.369607202144801,0.517420993171272,0.489175927728003,0.369677899204443,0.818487694749401,0.446482925805527,0.198307120228636,0.385066909175633,0.667899244438556,0.619997501399628,0.486761081063059,0.446348267102814,0.588800963079651,0.603180088534909,0.46126903946097,0.361369693094877,0.483812118751779,0.78926075232895,0.69151156598926,0.731615631801842,0.476811090855359,0.418751583222718,0.487906354800746,1,1,0.266666666666667,"F",0.0591515576187556,139,233,158,294,0,0.266666666666667
0.359999343946537,0.391113845380685,0.610116183723004,0.812215767428395,0.495221201406817,0.56172736785606,0.537999347125163,0.372622138896781,0.570164452360276,0.318844312541316,0.542137242929941,0.384701918336783,0.300376708470732,0.438698542153753,0.699516650827957,0.284668102421664,0.159046942499337,0.486206097224021,0.738980896922603,0.463771605878678,0.519201292569717,0.606485372775301,0.415421676459497,0.434709913842364,0.531437481054771,0.417707351794584,0.646717642154079,0.440125528036747,0.423541934008436,0.482060541289554,0.538585609512556,0.778214432897343,0.308333258930813,0.34557275262124,0.657372834067442,0.650404780904011,0.62521697050362,0.340568069222703,0.705041527160237,0.491471122514132,0.407980675643482,0.487636916299996,0.691380181408216,0.61490643386377,0.275538242522366,0.418388701534737,0.506378533551282,0.621363669947851,0.258439196078787,0.374204793493408,1,1,-0.25,"F",0.0575834727576925,139,233,159,295,0,0.25
0.346949313529342,0.431745962445845,0.508286396222743,0.297508203041832,0.584921165094356,0.808495525381604,0.404593960474535,0.406262129204411,0.754874433256191,0.557576173743759,0.49183373283025,0.539020917750909,0.48868316350793,0.895939443762894,0.505772709824287,0.324324496872137,0.324108221349405,0.47383297607102,0.285348129915423,0.436060930888535,0.543698443713249,0.354375436451655,0.461003234499502,0.522946467781641,0.601706813051792,0.519398734010002,0.488685937593432,0.405168887315442,0.411116331242241,0.454416915614255,0.395026205401569,0.354666409742097,0.694588955819577,0.448894594081558,0.465264034732195,0.439554030552137,0.625598134406102,0.246326535443505,0.546817082541537,0.594836829357452,0.579368687313991,0.422904790501811,0.170511931150987,0.578456354544209,0.785417677456904,0.296864198612726,0.280840822040074,0.361121344058389,0.355120774677353,0.25416856366264,1,1,-0.25,"F",0.0560259830646096,139,233,160,296,0,0.25
0.57853025167495,0.505339861279537,0.620273039658211,0.327853344709065,0.406992208594997,0.312411787113628,0.427809094543766,0.466903314518464,0.634998673291787,0.715584971438383,0.431593846140707,0.402234224297405,0.420048972777279,0.713933300832057,0.488821336841974,0.0993538893206536,0.366504110357682,0.434512165603246,0.453022154823301,0.284830320386381,0.599999921183346,0.452411140400206,0.289075431107658,0.48493413049859,0.453236470495087,0.647800257314805,0.369975691624722,0.359806024175753,0.533181012540509,0.65496457467304,0.647662762162236,0.449823419338364,0.891243582459136,0.414958377656352,0.536421824631076,0.505637285759747,0.538054008839198,0.586906759339264,0.420567631759901,0.478270465388841,0.632649675668088,0.414796561299014,0.625786669779883,0.571969791156159,0.548028101409548,0.724895479479851,0.401399300506424,0.248321493136878,0.528646349670665,0.312811901400009,1,1,-0.25,"F",0.0544789815176081,139,233,161,297,0,0.25
0.646379042328215,0.502164419602009,0.454039819682864,0.542055096824045,0.350210357969413,0.420896276721701,0.534270601914634,0.558793742578342,0.724475034667788,0.510629765054138,0.548908947573266,0.691069103121954,0.520311426535956,0.843148933324391,0.598222416911153,0.39470746171109,0.700913086697556,0.444601221226511,0.640606778267915,0.476704302029084,0.807540874295912,0.492916491070418,0.4993443139633,0.403163984304527,0.576721672797149,0.523140262012212,0.36881208627045,0.422635985260576,0.734568480110692,0.54483850611902,0.429588778960585,0.514685571641202,0.71020039322879,0.251114252032085,0.628645631308828,0.702221788613719,0.749859295559558,0.427913065337201,0.425263555534656,0.571177448554293,0.500415746749387,0.514709784617236,0.317373385748287,0.421657963352159,0.467337942853279,0.38282211038392,0.392396449828602,0.21600938373552,0.557805086691451,0.561444657359584,0,1,-0.25,"F",0.0562030562030562,140,234,161,297,0,0.25
0.350967353031599,0.549082344682921,0.467717724528652,0.279870570907569,0.793403581201504,0.385568025322256,0.848194856686709,0.796113382322381,0.546706878143829,0.721584195462566,0.379505232250435,0.667878489104601,0.534420686095751,0.582425575226701,0.584450611069436,0.300666493697969,0.565683600069757,0.515920498893423,0.400755721856197,0.569886868498169,0.426356110179724,0.440196756585108,0.290431750696675,0.531714506995677,0.366969128466106,0.618551598095525,0.446134533571013,0.334198954548443,0.351718529985074,0.78472290149106,0.297003322692215,0.568503796548181,0.650892908711327,0.599856794492467,0.0823440234700004,0.422155171371566,0.436687886012129,0.535776941773355,0.243249178742375,0.604572467100926,0.41816175293469,0.45276602940614,0.556516305530797,0.32455517970434,0.302366141786334,0.357489128736827,0.455926354274003,1,0.400965729927719,0.427663105869929,0,1,-0.25,"F",0.0579124579124579,141,235,161,297,0,0.25
0.517760451160539,0.407219353219838,0.452093774250533,0.506943873664924,0.310023706611492,0.780711834704256,0.590953423265681,0.472511382029255,0.682217966215369,0.448039585712346,0.313774241789264,0.454038166953804,0.577390146494986,0.642444574096784,0.718032141096522,0.461434366143095,0.584115829788332,0.56921242296842,0.619751825314869,0.665689452098459,0.201249394955609,0.363861515108298,0.506399610306359,0.49678996505419,0.358095826181954,0.51373772928124,0.239142136847978,0.637732851936522,0.544726139983158,0.529425336105001,0.579561014607523,0.350778091626005,0.684883850557507,0.416416428989012,0.529514361037127,0.540681936576792,0.756606752356205,0.227992836349146,0.341110890678879,0.529244706256603,0.373172751943624,0.349992767011091,0.470464309864666,0.517068241401727,0.385258093568768,0.690489143059728,0.442799715980479,0.858059804632844,0.49431659478296,0.319058873807693,0,1,0.25,"F",0.0563758389261745,141,235,162,298,0,0.25
0.368372339521429,0.765782961719765,0.656563636027513,0.290088323504827,0.358336820451103,0.429409462520521,0.547796516106367,0.551969254980084,0.45650735466604,0.50743894576639,0.462541656196451,0.392001216770493,0.366011055712797,0.698238387618689,0.77606092757444,0.407870188236807,0.347994882240923,0.652058776054889,0.563650015697377,0.580869954441969,0.532371999245565,0.193314921427946,0.327657890156627,0.26295009283609,0.35126151361823,0.466313794678068,0.457599754929069,0.666575079527377,0.342226570741315,0.33312001390704,0.585804066880226,0.542994864624212,0.775793153884334,0.473633276952701,0.673541628132546,0.488627589553924,0.532506921967221,0.426989237813355,0.2106744377044,0.532402244077905,0.360938422525088,0.510619763345661,0.52155716736679,0.467862705174903,0.444253951321402,0.489858168978477,0.54327827246209,0.651323681877142,0.415216243236644,0.676522330375256,0,0,0.25,"F",0.0581939799331104,141,235,162,299,0,0.25
0.308584955381807,0.511918388614763,0.497270692733251,0.0796199609130248,0.612408673639636,0.558952536139546,0.624963383219369,0.531215627258629,0.770067670900416,0.695621639358743,0.629191697725391,0.481472051590512,0.215105016311438,0.653549114216061,0.647342688994538,0.553544864814997,0.277965417226952,0.510216376697004,0.367399653754352,0.393137955138449,0.607746595151968,0.507883634873487,0.286125781370269,0.661255754791861,0.457994761003677,0.550634494857523,0.438122628946177,0.410643136600506,0.468872536602484,0.634549952057523,0.557528769465717,0.564199706251212,0.701785694163868,0.43091858455923,0.427585199030042,0.557008856029068,0.362917151247457,0.673079815717041,0.570708830448844,0.649249463367611,0.391344079581794,0.33263637613453,0.517950676137946,0.30662396741978,0.433918733509415,0.18196086822169,0.505277561948804,0.385160904982001,0.883915004606852,0.485056757407583,1,1,-0.25,"F",0.0566666666666666,141,235,163,300,0,0.25
0.328218728925765,0.426619446869865,0.355119153138768,0.773907013040394,0.734617527833924,0.490005929852613,0.641501376421038,0.787712611238896,0.59402006320703,0.408457098181662,0.556970889186328,0.499753588859195,0.509639135918806,0.243238263941768,0.526996639155068,0.441098577976181,0.313781771499463,0.267754130180778,0.394532261168991,0.353939258299152,0.486175376786288,0.26418389267581,0.383435657203062,0.506824274387095,0.77192528198459,0.421752799717037,0.390202679094413,0.413824797367837,0.211249570430839,0.425571003607524,0.495179720135002,0.513585157491409,0.363911415315659,0.479557618063582,0.712033485845953,0.253220518486952,0.351328484490265,0.543607505335886,0.159057433317494,0.510011311048453,0.386625187991552,0.81455643827165,0.359960105324766,0.714056978677512,0.613055946178055,0.507486029366664,0.220086085909516,0.607920080121217,0.502211433369937,0.0657424046316793,0,0,-0.25,"F",0.0541242937853107,141,236,163,300,0,0.25
0.463970156599554,0.727891729476806,0.873176515586217,0.411486250950255,0.594608989234364,0.452197091319813,0.558391178334561,0.425601948895984,0.468312784683254,0.530348287152429,0.534305054227429,0.392768977154328,0.342068676788731,0.486959337415486,0.627498818610198,0.546998297470723,0.449923499141609,0.473926033086297,0.746226500589682,0.199674383181001,0.539398923682891,0.555715625100007,0.417796561708834,0.623767162758782,0.489847590892758,0.529198103984046,0.266953011351246,0.417928051321592,0.484349378927327,0.481510811148566,0.377442134432435,0.437377955269136,0.681590772234593,0.363361912904686,0.577691242864075,0.383265978361077,0.737071239958597,0.580356398497992,0.227360002271092,0.683065949612974,0.618764655555569,0.307748003347063,0.592656811416446,0.400654892567713,0.776757205589572,0.44256367078947,0.449131354864897,0.563878901160579,0.385327163625983,0.537008364995978,0,0,-0.25,"F",0.0516033755274261,141,237,163,300,0,0.25
0.56808172350015,0.527226378513255,0.341291134036686,0.389650494991016,0.528140358556568,0.625862907609623,0.469002041969092,0.42146225842794,0.532531285208599,0.789229793801076,0.320443562417156,0.298297349818906,0.385327010167755,0.482077767903663,0.745753994632394,0.278026408539637,0.459003893479958,0.409895889039911,0.646771412769466,0.540491473709133,0.308896452643167,0.34184558647754,0.349983464383046,0.581783313518279,0.342753586483436,0.506393103019917,0.824914135387166,0.597643879829492,0.478241089990398,0.405202032831902,0.633823392397874,0.426101372677466,0.710568064829696,0.507421157025291,0.690293234285945,0.338355419017994,0.324656716927557,0.501640107606137,0.615702299416099,0.455995139155413,0.494692898803789,0.464228764961403,0.554117051187474,0.456841663494132,0.481884267726763,0.508521894126284,0.573529256105668,0.600244063648778,0.436846100453,0.622716063897984,0,1,0.25,"F",0.050086210521889,141,237,164,301,0,0.25
0.543931437591645,0.32532512470032,0.645693444097275,0.749786624917151,0.373597104267106,0.902250852718591,0.315965412641149,0.600801998424847,0.287642317871027,0.15335455733753,0.235284663545826,0.466721005310045,0.398991831699968,0.711347649386072,0.897459085965681,0.426397884088322,0.196337523001175,0.433742567542982,0.701877568310004,0.462065018601046,0.409130513734729,0.593713363937809,0.556836220273937,0.508285638848811,0.587868346212392,0.657640628407198,0.241901425159924,0.65113855348275,0.518676818106886,0.271330912734093,0.506415060504435,0.31444893457768,0.343476713960288,0.411394398901404,0.375210964459651,0.35668472721389,0.512972212135474,0.415470169174062,0.502302105999998,0.568934625411742,0.541004002227079,0.438908723912889,0.657391236261008,0.453203772105689,0.652343563048496,0.569419050146059,0.352957659854499,0.422294673669913,0.43147954459313,0.393695014766801,0,0,0.166666666666667,"F",0.0518903512448654,141,237,164,302,0,0.166666666666667
0.496214050169824,0.664399182571922,0.65490088111412,0.28860308742388,0.753300572092367,0.531572694049266,0.500274097123929,0.617187549632167,0.62053358501122,0.635506431679445,0.50345478772181,0.466450503480346,0.47228904958409,0.590444359770572,0.416365028627526,0.719963503291811,0.407749601430798,0.470170606561466,0.551327881266192,0.310206717419291,0.500691373498473,0.318760344853038,0.460938901355511,0.507002839634442,0.608586648367132,0.653099225361609,0.655404872310481,0.428195555069073,0.258669940623019,0.301141983927972,0.622231159682817,0.522896884176479,0.625332342489893,0.402364590490843,0.856338481942118,0.551447645609945,0.733564354033174,0.556630856845096,0.43569175647088,0.454480815525456,0.499765179161221,0.335981489971613,0.745366604231891,0.485821173959847,0.543682819650813,0.682307074300952,0.541963547494746,0.500049502229976,0.348273736634026,0.781677279878094,1,1,0.166666666666667,"F",0.0535922978462908,142,238,164,302,0,0.166666666666667
0.601497905160071,0.488799202123805,0.786261982275179,0.885862153414023,0.472064026075891,0.642590570789261,0.508117785196275,0.544994721572244,0.605403732432583,0.427289861244691,0.992348624477347,0.427909019723343,0.542472271342885,0.437834988458638,0.504382858028257,0.460875928023231,0.357187641819593,0.484838791285035,0.457696579761958,0.551469249267447,0.508580014511407,0.524032711464675,0.50942827144158,0.655133185323135,0.393304286706577,0.456585218364293,0.339998685397857,0.385165628180914,0.338777154302452,0.684884340928546,0.546693933481562,0.349890216157769,0.486765808122492,0.323077525404102,0.305682573088928,0.497135414070661,0.569850350981219,0.519388487985289,0.357224021018004,0.496323677102051,0.526239134648869,0.555823517403742,0.539555320628643,0.316415242287471,0.204115551079332,0.799552700949024,0.528193102433927,0.449877840741497,0.668269412442402,0.539455026413947,0,1,0.166666666666667,"F",0.0520842000166403,142,238,165,303,0,0.166666666666667
0.393860330610431,0.506617500156072,0.688194263346682,0.468102986503456,0.5985625951819,0.411052598823259,0.199714042827088,0.497453497269544,0.457349566337899,0.513610319548739,0.664350612658007,0.474827442714374,0.29866706862218,0.302667730285399,0.619415706369251,0.480070292894991,0.537870003420486,0.42761838319018,0.451218192787628,0.550936708766056,0.61466471751952,0.544958208729335,0.882210620658095,0.61581877285708,0.527077065982639,0.608863317776332,0.46519780792496,0.539218625263862,0.526990448175056,0.603408890712947,0.312477859830612,0.402831999868632,0.511347154193547,0.26001330206103,0.458150553368473,0.528496438443076,0.581458194189894,0.483529531233138,0.427654484326666,0.422112306609973,0.424229719593774,0.295099217884071,0.664468726581504,0.451164319693114,0.550164122946078,0.474214837081981,0.604498211757401,0.605484962059245,0.469833437089797,0.433455602860636,0,0,0.166666666666667,"F",0.053875497567448,142,238,165,304,0,0.166666666666667
0.430887927464356,0.529671573620223,0.69517504408494,0.501159910943147,0.705277253259929,0.3545337484399,0.370916099567002,0.595787370597816,0.670700465289092,0.282777091977506,0.336205633937151,0.437931618281104,0.465266053224314,0.49386050651926,0.416681737622638,0.66272714343508,0.714824584405189,0.44292075939611,0.34779120241876,0.524104569013562,0.30835680078531,0.572124847902449,0.411664320180242,0.41323065836266,0.639224740046498,0.555542872155159,0.414991957829502,0.484907535288656,0.426820414026348,0.5558871238574,0.468414235409401,0.248971324425681,0.577931875958132,0.525995173151249,0.429627098309232,0.377391148443513,0.520351128831371,0.502408578621231,0.480040455435023,0.640098976322257,0.467238045020946,0.348425714934671,0.463653112660523,0.258536507593227,0.460054322135151,0.534128047463291,0.624506671453621,0.536608016679289,0.560709108002865,0.55129241020311,0,1,0.166666666666667,"F",0.0523763603802176,142,238,166,305,0,0.166666666666667
0.543670923663106,0.5934593476298,0.675014484778049,0.231398205390379,0.390881815201707,0.54751899993129,0.372623764020606,0.634464340593412,0.744454832419376,0.423575235197461,0.44622129931241,0.44030341586418,0.608896767428058,0.708258409751739,0.43335976295734,0.654406934023081,0.493902328753679,0.156781243883416,0.44038029404126,0.45753485814172,0.489980824357971,0.383727443957142,0.216881077477872,0.602773212951181,0.660325018173699,0.474328176230192,0.450919085009333,0.690989748374996,0.459976717743106,0.397001393103628,0.308522726465723,0.837573150135573,0.410420778635404,0.33350526692872,0.450346413242208,0.351965585008151,0.509199560563688,0.504037749167796,0.436773807782084,0.517690976390777,0.555676537100403,0.670150053062143,0.69620405314677,0.746875006761176,0.447788244915458,0.466541442724319,0.371408612952163,0.384681769826407,0.798752648248833,0.465062903354942,1,0,0.166666666666667,"F",0.0498799643322587,142,239,166,305,0,0.166666666666667
0.577800778701037,0.425590052809111,0.675238675969202,0.684986029283985,0.691347557607306,0.336304653694062,0.602151661102974,0.592465456462176,0.710713238849615,0.297713638391406,0.570861777102865,0.226935331603331,0.441069118866251,0.273541538552304,0.565418263278628,0.169770681124878,0.576471858335982,0.118472426602401,0.57166094062804,0.33548684661069,0.263526175916531,0.161062585586515,0.517501219960281,0.267804048733149,0.35068585701678,0.522855612013268,0.409663292790047,0.764498427278759,0.346665249753198,0.530981310660237,0.452033039628147,0.506845139774285,0.617164523606253,0.422037274912635,0.503339927130414,0.307906543814494,0.396355202834964,0.632259185541862,0.441511119093301,0.711174594674881,0.432987087421365,0.17039276390536,0.449260893293588,0.329865040749971,0.47571184312142,0.23915878311885,0.369064406777722,0.309798488589483,0.384473170489217,0.393298330446923,1,0,0.166666666666667,"F",0.0474043715846995,142,240,166,305,0,0.166666666666667
0.335964122011374,0.440176718210221,0.738861706792993,0.613867699261145,0.785959021007619,0.705569070321348,0.484378861175351,0.820709368774493,0.751534404986503,0.667677713209369,0.699300997516181,0.322828422452895,0.498564752600212,0.470965141697519,0.502315896203405,0.204272095872609,0.49111225841062,0.467969613984319,0.645725509626481,0.383923309863049,0.172342670402771,0.439074412898349,0.440146780416922,0.208817175930358,0.350216662405185,0.552049406324627,0.535820367489624,0.574150841906598,0.446026189638917,0.751017130711301,0.611971306776756,0.452483377244113,0.501340003285296,0.440943020302706,0.928119783861658,0.24632517646937,0.527221168407348,0.729351010105464,0.587047946470756,0.641762895974604,0.557161011220725,0.561357639511041,0.611689122780084,0.352782779217791,0.210368239950482,0.528579375087794,0.374977828495231,0.470057701274887,0.223320006301655,0.460519715969046,1,1,0.166666666666667,"F",0.0490987007686552,143,241,166,305,0,0.166666666666667
0.297365133881969,0.0990260561753013,0.65908313715496,0.306949416100203,0.581350009188066,0.333277275149502,0.235695798777403,0.315239498162595,0.495636302622212,0.288425166757974,0.603049567514391,0.427896315442559,0.549216198648138,0.470106140401674,0.452196779377787,0.495440897893414,0.437002035356021,0.418313785126878,0.52630622045449,0.195667181359229,0.500396634679785,0.586792497442403,0.623753734353142,0.446362659250611,0.294244125758575,0.722450173232548,0.592851306622065,0.429960047075873,0.450307983016426,0.556708972087919,0.60831388300123,0.221954697519038,0.371846306368109,0.539690365242334,0.411558520631736,0.825447143155466,0.624182077020984,0,0.590878702048851,0.652432115849953,0.194196377943727,0.460936435414788,0.730421436934983,0.226249700222575,0.511725598116755,0.454105886679367,0.397933952330533,0.596115052668895,0.363468439172661,0.481965262224794,0,0,0.166666666666667,"F",0.0508773357199035,143,241,166,306,0,0.166666666666667
0.512550678563786,0.808641699074014,0.680488156784907,0.3525875921805,0.46189459523353,0.664666246608447,0.631115132485533,0.655298179413886,0.700342272120011,0.240438319984698,0.588257446433349,0.576259138928541,0.585201818216164,0.338610504022848,0.47449622786175,0.661017893681653,0.346047213279325,0.433746343062364,0.600221079069772,0.45162787258726,0.256695687865625,0.516155501970723,0.344155557650138,0.381340751659937,0.426990411576682,0.652016862744595,0.498886410546075,0.509290387879044,0.327822392281393,0.75252982987493,0.362739969581264,0.675575588292251,0.462897452884894,0.169214113724864,0.392554724918382,0.413243699788058,0.618396858731869,0.541422289965516,0.6415080940199,0.585717747778651,0.438077160505858,0.455098758692151,0.711574715672882,0.223425293230251,0.398738539321471,0.592369738918057,0.448775275936895,0.69619005033316,0.656336972170214,0.691546862810669,1,0,0.166666666666667,"F",0.048425430778372,143,242,166,306,0,0.166666666666667
0.524106738815537,0.454892389893045,0.858804413431683,0.723066936810438,0.618619914873099,0.581033440792379,0.481255416816455,0.219739300158572,0.753233419190392,0.430573914228837,0.430424495004932,0.384695067899347,0.73881623835195,0.676133627716279,0.557619276013234,0.536870704973892,0.302600105049565,0.474757338785623,0.600204044813421,0.346931528517436,0.482436018959959,0.591042068658926,0.578643677656062,0.545224218424997,0.37469696296511,0.720974422920135,0.320654871599253,0.577158324788741,0.770405141907693,0.523983493930303,0.410182069236387,0.572579330794448,0.391158618266061,0.517605549521871,0.521747215024393,0.685844744844348,0.576445793561781,0.501194698370429,0.566452980390824,0.390211514383743,0.237552838069762,0.33025219117992,0.409272329992818,0.488706543221668,0.201105402805645,0.515359781696663,0.779152064173423,0.691062883139899,0.224474224135439,0.674443536410446,0,1,0.166666666666667,"F",0.0469351495410127,143,242,167,307,0,0.166666666666667
0.428101833756141,0.624716432720998,0.695177794239969,0.357819881790307,0.79875368949993,0.367194000469845,0.641295840504843,0.454717518600895,0.42858089861262,0.576391070400471,0.518476687053974,0.57658536454831,0.530049381045008,0.88786201280081,0.595756340939966,0.433614606982461,0.642820799882257,0.470561922004613,0.850730824994637,0.651012364418619,0.371759150447218,0.385500394656795,0.353031343958733,0.346115256818305,0.205218952178696,0.671157746746313,0.62154618537216,0.540720066469951,0.666570856201363,0.585670301583492,0.238946971897715,0.473742237281034,0.418647956697387,0.496471298501993,0.716451581484046,0.0766609285177649,0.391267198181764,0.578223723625795,0.168237227712951,0.724354492594582,0.63541435461358,0.509611922301918,0.71402113997918,0.572711887670845,0.803562903621287,0.405377107864679,0.520144014351058,0.256615613320357,0.523337531854345,0.66112558282226,0,0,0.166666666666667,"F",0.0487012987012987,143,242,167,308,0,0.166666666666667
0.33327669898747,0.50623546871314,0.731084215587592,0.375432363832176,0.475049577172229,0.467431696742281,0.655530389406302,0.429450493060452,0.611961316613712,0.31733734018981,0.390851946951533,0.360058102226593,0.538106286109122,0.647092755007002,0.426959872843219,0.425435487621125,0.233981278006051,0.262771193575347,0.550855055509942,0.589132732101298,0.78193711268008,0.463294961339253,0.439987760348813,0.345298876651445,0.601148437439513,0.399196027198154,0.516079504895791,0.927344746416781,0.429150779060006,0.277390936278943,0.355810233530745,0.871004176811633,0.510409423297629,0.331585066851964,0.425577600605132,0.262532021825196,0.561166804897766,0.591886710161887,0.549038006312798,0.922673997518216,0.587295494257406,0.327346430318142,0.34028588728721,0.658039512653737,0.328352262533727,0.229872418813461,0.5107664116358,0.558911271299088,0.345681775141534,0.384437227611387,0,0,0.166666666666667,"F",0.050456016475434,143,242,167,309,0,0.166666666666667
0.663936954971861,0.490795212931622,1,0.564546109824146,0.394407579964122,0.368839394156923,0.158636142780859,0.621337457178967,0.366661395365311,0.486333000506723,0.432268029037422,0.690249452500144,0.623706937942681,0.604072896224992,0.5348132235981,0.430030588236487,0.497316445270181,0.47859301242171,0.702559350706156,0.332535729926707,0.714794677027396,0.570200596248662,0.596053196085673,0.362323418143041,0.411307203617505,0.555808705156027,0.656017120456053,0.414703927494165,0.496040828336671,0.333405115823985,0.385407009733239,0.634643927252073,0.630601352835571,0.431782932535993,0.36648403126275,0.719930218498985,0.559516175227896,0.771532163866256,0.697102998765391,0.51033551948791,0.33225504217413,0.237240159989589,0.366169063084335,0.551058294224363,0.551150365847004,0.764374001694487,0.651475369011452,0.689995775355997,0.783346922178962,0.680954656454381,1,1,0.166666666666667,"F",0.0521395181589356,144,243,167,309,0,0.166666666666667
0.330602982560477,0.411315695387596,0.725260171559263,0.249948036888149,0.826393048800727,0.424902984648115,0.523400045841866,0.447356300316495,0.589144337751796,0.212767791612668,0.511373245543925,0.482592282215879,0.576513597694863,0.567411245686906,0.505223032879567,0.636998255066379,0.42666297458206,0.450843267338304,0.5482055770126,0.313864929630719,0.381528896102837,0.464427196153775,0.295975382874747,0.478787665113157,0.474838681038791,0.282177875496626,0.418599143387914,0.551107059674133,0.494236362367257,0.774968999832099,0.635636739659685,0.419552505143399,0.566339122481255,0.347738828841615,0.591053568331031,0.403413694544322,0.442995574935578,0.463715478684974,0.604117734166027,0.686514976823015,0.351025477014722,0.168769923987561,0.393180546401459,0.543084956059359,0.472491004120833,0.366262163380234,0.444963592599633,0.597953152635857,0.316625527566318,0.419050040315238,0,0,0.166666666666667,"F",0.0538829151732377,144,243,167,310,0,0.166666666666667
0.387970904354403,0.278540125572034,0.76158236814344,0.431984530946831,0.781089688287949,0.749590183439521,0.518012812263291,0.506043846737926,0.615927445682322,0.322960210367495,0.696616067217637,0.562966241857874,0.525524086418001,0.338128407397996,0.434650069426155,0.383167724431174,0.360721072698414,0.451418046702413,0.175865733310417,0.466164920160504,0.633069250984897,0.451751332453391,0.398850454151865,0.375145323852746,0.416797686722003,0.694015411452746,0.592973747573445,0.432781976920105,0.486999217434211,0.645435176383121,0.456258979297243,0.359255407105356,0.425150564668979,0.446910228250369,0.290222060582795,0.433463637248844,0.502975988454093,0.607500501631918,0.650120569442547,0.57293841694453,0.49728334020871,0.447331414522643,0.605359572335037,0.347300426916711,0.903883423204436,0.214391301757296,0.747435541434,0.466548314755093,0.184643827880451,0.569562352072802,1,0,0.166666666666667,"F",0.0514542570068747,144,244,167,310,0,0.166666666666667
0.564463143736477,0.516934864981664,0.769596052718565,0.238404878217787,0.621792328824426,0.565737369103873,0.735746129507881,0.702482579001933,0.427528580258226,0.508265551013181,0.275290477259744,0.309464410710006,0.532404410256118,0.43754767400518,0.742433819880003,0.248045416563657,0.440315210632154,0.396494229334135,0.415249698629486,0.370519722415339,0.41009321317576,0.443250323234031,0.620436296178072,0.459935334912805,0.359265500877431,0.567915096783571,0.412731136114081,0.878017526875094,0.579847385779773,0.348766443983366,0.257681795997551,0.380563446716959,0.58260388594529,0.524854852186849,0.643772289979438,0.307848030406984,0.440660967797907,0.548351080081697,0.732850702105615,0.592649911339981,0.435436738342103,0.619447250930508,0.542513957183553,0.51787991810171,0.435567683957993,0.522343085346686,0.611450468774072,0.808732790718545,0.466293728416872,0.877320182013369,0,0,0.166666666666667,"F",0.0531864424648147,144,244,167,311,0,0.166666666666667
0.451766715804013,0.839001126623276,0.855796910697532,0.549365098367956,0.62661241573536,0.676271599213804,0.420325060640377,0.479998551467353,0.606679161637228,0.282493507308251,0.451293451827765,0.301137781821183,0.501608233203931,0.214360016115932,0.468047412220164,0.251657104783337,0.455034121958831,0.169129720916405,0.616535738223043,0.488024329812991,0.474548180911611,0.373452941992196,0.545049932602354,0.296294305190827,0.443070733380508,0.168381844208313,0.666811102648107,0.456698041776767,0.60921574032227,0.598378894153141,0.639394311165592,0.284372916391393,0.41401555993784,0.326089789773235,0.333469022825642,0.264952713196752,0.542563767388203,0.524742176703184,0.156903556953155,0.441535450787101,0.362401901273622,0.136295210377248,0.720462978925382,0.359363335352838,0.425759228234004,0.190437230850002,0.376114053445786,0.483835714565575,0.492676632512292,0.507199316264544,1,1,0.166666666666667,"F",0.0548592427324628,145,245,167,311,0,0.166666666666667
0.54264782414909,0.712240148734825,0.776304786489355,0.449278677678869,0.844641590612293,0.331780694893685,0.614133598429774,0.584009434864502,0.509838348421825,0.426572775978252,0.732987939321234,0.616182331991662,0.665731727893466,0.584652639612047,0.56762743514073,0.195568235508755,0.216563947817074,0.234217412792877,0.668450183979092,0.160743356218687,0.489349601000571,0.513179984705263,0.485169067692034,0.412287068259418,0.189788221719181,0.465656335945241,0.530526876563574,0.451930244097704,0.551136933633999,0.403519537591381,0.421216067442557,0.584968130562164,0.463238968876598,0.529971544728327,0.416222201385217,0.58067047495782,0.478957420332574,0.786787526949352,0.307811391178794,0.47648486451255,0.342037463985344,0.451199668707837,0.676749233641018,0.533976695558009,0.361269183406943,0.533465687920447,0.50250372683437,0.504555535928008,0.208521420856108,0.491909141163236,0,0,0.166666666666667,"F",0.0565803244374673,145,245,167,312,0,0.166666666666667
0.425999504905597,0.228308810302436,0.723865322207925,0.436237515537182,0.685516709436831,0.524568150864841,0.228593618024765,0.577930878738035,0.485802876758718,0.584499300080372,0.42777135538611,0.280880367516006,0.540181557162468,0.463398133742065,0.375695952492677,0.397035719073183,0.514987654557051,0.24884222530528,0.87324344080208,0.629380761238835,0.291992643412435,0.703988612356892,0.690977018662319,0.350505245698896,0.353118581715929,0.588725064122951,0.458247315344227,0.535321164445137,0.654640987826558,0.555370389801972,0.371827352439365,0.472139325842442,0.47931949916731,0.284267050875261,0.645987292251897,0.615553926973417,0.471177118291606,0.514616875250917,0.502502270798199,0.669926739536199,0.434726457084502,0.66412097636265,0.655208922753824,0.285982475951564,0.19887927972295,0.561205638092274,0.682198230271681,0.504238461186707,0.812039523413966,0.572604831873046,1,1,0.166666666666667,"F",0.0582395247029394,146,246,167,312,0,0.166666666666667
0.29731436740658,0.897806392813778,0.747280074724344,0.38812145867633,0.563155346113137,0.412024464210122,0.33406541993092,0.570461475146723,0.437064246305112,0.586913795547068,0.461203803339257,0.468387287203047,0.626417327675225,0.631783980237771,0.355571705770292,0.391116505260406,0.516171435957054,0.421026074693482,0.572380203543815,0.413549578871153,0.285796262791889,0.621726993176328,0.667478610084126,0.285232613889194,0.373594957619838,0.706328574629605,0.486928083523278,0.22770692204282,0.228247562526527,0.24419515183965,0.401499310919121,0.488093875153495,0.359326718683116,0.523890687603381,0.510345228205657,0.391079712395715,0.649191810346652,0.619824471404351,0.608506629068524,0.695997997581079,0.587588167919518,0.300710837927034,0.599330485518628,0.517401049201343,0.452090679856884,0.257652312621971,0.404151022535552,0.31741530007556,0.306679539983126,0.519760578879308,0,1,0.166666666666667,"F",0.0567547209018416,146,246,168,313,0,0.166666666666667
0.458201179694788,0.511905017828316,0.721970219240869,0.617722434260834,0.563710539929404,0.470811423128324,0.402578319855366,0.551384062745673,0.588522237386924,0.623636720600708,0.494555771855065,0.714918887301272,0.590479408485572,0.313275465115704,0.664616912439076,0.633564090777272,0.758220679236388,0.191392264719063,0.552748864507523,0.488029548921725,0.517566864599424,0.274732039297615,0.408162966049955,0.328859179729507,0.468955382624875,0.434679935714944,0.531800330025905,0.574374518640457,0.460224813622236,0.555069356140971,0.430979159844266,0.542959210509587,0.409954056335458,0.23548758361338,0.596525882851309,0.249732994864312,0.432809295774774,0.534087993961181,0.343734390171619,0.610923830687237,0.681272358422112,0.681541086327363,0.714521395009184,0.555060736190091,0.532822147930126,0.139420280179575,0.287548351291748,0.584793886727681,0.136743652458748,0.60091479877333,0,0,0.166666666666667,"F",0.0584640878255916,146,246,168,314,0,0.166666666666667
0.269614751484208,0.635094534057843,0.348034415507891,0.409896436833939,0.753480399318278,0.636912921958568,0.411239337494473,0.689917125927064,0.762402608012385,0.380637028223853,0.460837771611284,0.617300997942854,0.57657970423259,0.399697953879818,0.540139637564933,0.433047823710927,0.498041289335835,0.513662529678097,0.723032233340682,0.565172038299343,0.508649953103303,0.508610212893766,0.299404484727623,0.56494046792996,0.769027340467641,0.522521128370519,0.440533898998369,0.605182911024157,0.413103545004365,0.696134721367773,0.299586945790523,0.339581348379662,0.637819611226419,0.493836309297714,0.721677751499582,0.337516871251225,0.545150436459583,0.271437129191093,0.166276984117257,0.571375328132866,0.250689688482706,0.433166000861319,0.326621097406079,0.408418244523258,0.513885525100412,0.466498310177598,0.546751520683776,0.501255379543322,0.543799959992331,0.359494782707148,0,1,-0.125,"F",0.0601098532711003,147,247,168,314,0,0.125
0.613941067380714,0.406749347530836,0.182347729829573,0.393295209277115,0.619866906022152,0.525324110529477,0.489014210715178,0.706941195823292,0.760701288868372,0.523337438567771,0.453819801188494,0.48812931871257,0.721731578996182,0.343763505275294,0.752205183958496,0.367736069249376,0.320954543752244,0.795557795623224,0.826080203536229,0.507534438678977,0.620230310427388,0.439198849929311,0.569564963314949,0.50258560482134,0.523252928067252,0.508350369791757,0.628911441435153,0.521523442343469,0.269478703104892,0.601220910332895,0.690807346334045,0.558985082835106,0.538171539722558,0.36595255626148,0.42229028415867,0.279018739211946,0.616127348384946,0.43395361924704,0.350881463565141,0.707656865671759,0.315628934394349,0.44220163195567,0.723647101450883,0.562613872776663,0.443576874000685,0.491460848968285,0.231382560324829,0.752145299544706,0.591127993942923,0.327655185399422,0,1,-0.125,"F",0.0617423464146292,148,248,168,314,0,0.125
0.446724402130859,0.618107738607899,0.524518660842165,0.314107591915788,0.615527893964843,0.862474145521661,0.425081737334374,0.383974988262215,0.719500978987327,0.442515804188542,0.344373627176748,0.359048253798289,0.695552961281027,0.423940641727722,0.790748255209379,0.328499019369374,0.475495477519219,0.553735034569605,0.481578131687843,0.598487302558833,0.600328521250329,0.446236620489213,0.325970127952703,0.567632782046476,0.576674284627535,0.482622827823081,0.513848614275473,0.440712182266639,0.404962442722119,0.528442933660039,0.298062599790183,0.397380347338366,0.567723957648363,0.396092257312269,0.705893298904363,0.504033638736101,0.639257333878355,0.506268397146939,0.481083676114965,0.743862415059103,0.460031642101012,0.570654367393355,0.564383927688733,0.458492465668498,0.457273340563124,0.551413453721241,0.494748594413498,0.610236389667412,0.511510151985423,0.298730070183079,0,0,-0.125,"F",0.0593456629064026,148,249,168,314,0,0.125
0.55452656843058,0.42029138333921,0.508989649155556,0.435964065150937,0.472954170817673,0.355141430408264,0.578199826446775,0.614242998232199,0.525321426213724,0.580322287100512,0.843101881169048,0.542681993691301,0.702986891620609,0.343449681275486,0.601489668686331,0.116643884041456,0.449350831957442,0.200822674099689,0.437721924898233,0.424531127955025,0.581442855413571,0.338971450894099,0.50021401978722,0.647062265534761,0.717070033974926,0.277429438054085,0.437443428352651,0.505948976379303,0.277092295287421,0.506973238006851,0.430521173311734,0.543022196711144,0.554939130616916,0.37364938404765,0.601641098474566,0.616900758785758,0.637268231582374,0.615383296422923,0.4659643497554,0.755607129218223,0.505086766345432,0.420953377588787,0.805792523752508,0.442648360079115,0.749884774852022,0.572843986635385,0.272479357968488,0.544216320117387,0.724619059818295,0.328983253818789,0,1,-0.125,"F",0.060968152866242,149,250,168,314,0,0.125
0.474194703770946,0.3608543113779,0.472327528094774,0.372920473352997,0.473212995362864,0.704492669922038,0.727060789388221,0.299384362349476,0.679210077610187,0.476426609939008,0.520146369162225,0.414207152003784,0.661002832990776,0.52048573161186,0.620177043494406,0.482905662583485,0,0.316927207079894,0.456336209243842,0.303443140808059,0.261521074875217,0.349267668172432,0.512895794213867,0.552940978850136,0.315682999579993,0.542842133648627,0.628672512866245,0.692652913684907,0.490635741399036,0.898705883958312,0.159496812399935,0.776204479392817,0.569393697862136,0.430788672728317,0.481419412322932,0.594422097261328,0.629697708494617,0.715673722957296,0.37287435378981,0.677101061030938,0.454247946145299,0.381452830034451,0.570432438186158,0.471220351806316,0.603129686820751,0.398332121985614,0.241418175196416,0.549545829492144,0.291731583387523,0.236746051468496,1,1,-0.125,"F",0.0594920634920635,149,250,169,315,0,0.125
0.514404921956478,0.299314315710975,0.408299135691178,0.612428470673308,0.658811164499803,0.671403250034494,0.469622780441179,0.542711606051393,0.553547110209725,0.115918015423214,0.389846613091122,0.521641045055642,0.672374332947755,0.607213125512067,0.766530112129636,0.550464877929133,0.360756932459741,0.43768992544428,0.766884454430231,0.281508572457974,0.525108612141682,0.581404163983251,0.485493203735835,0.488735441899432,0.531772867284499,0.319499994814687,0.681887783571481,0.41555425139472,0.569407540442453,0.573521955151508,0.501457382037206,0.482766597696883,0.372554152557218,0.595309497334822,0.221733942756408,0.554802961172529,0.38505103075615,0.432594567499904,0.326897721906652,0.437652984603641,0.617417940075219,0.215571716845908,0.503636849881179,0.331642630535597,0.480631184369456,0.399929119887843,0.420837638153056,0.58977382422025,0.833659753471099,0.421693782647014,1,1,0.111111111111111,"F",0.0611016252450516,150,251,169,315,0,0.111111111111111
0.561660167792359,0.825496118629638,0.817459704104723,0.293752446071211,0.404526365832705,0.443102676636605,0.604890113913081,0.663224009314994,0.689696484473193,0.303219506967063,0.628259402120974,0.624329979052125,0.302680637645973,0.741318256130237,0.623062011855121,0.29027106325926,0.798806559265071,0.359133747327244,0.599167322392193,0.190968126105009,0.469698682800612,0.516421808541257,0.426642981175768,0.457792306030036,0.51286569000809,0.411751277502172,0.427954443643703,0.61443296969122,0.202885953133453,0.633054333827816,0.143734995957602,0.846011799717725,0.62755261602103,0.827747256902707,0.608271541478646,0.463016558247988,0.344481875828307,0.510164824941086,0.632727801409942,0.238550732563885,0.378543094190921,0.179059260721357,0.514183388851926,0.472920385195545,0.304943969801298,0.406720658295395,0.195364415642449,0.432210260470903,0.952740730236794,0.501656208318237,0,0,0.111111111111111,"F",0.0627994351707096,150,251,169,316,0,0.111111111111111
0.428342832046061,0.620305809214661,0.352931086629844,0.366506901550746,0.591873988872264,0.374464858462951,0.605461967234422,0.419760866162022,0.721698692509246,0.518095493213358,0.27595882704796,0.532054976557034,0.399954504840027,0.651600312684589,0.542405577148055,0.0452452690570978,0.610755179700753,0.132766088282749,0.740174447930742,0.286984726120286,0.433552172393007,0.5297547257408,0.477540841265473,0.534054308979776,0.426032623432176,0.534555203643433,0.484493469340215,0.454826784027192,0.668278155950634,0.805362953056133,0.514464358617642,0.394087254672661,0.528046552418269,0.688125443013825,0.582773962910708,0.574960137336566,0.47324935572405,0.599597641967663,0.424051075596293,0.585911383551421,0.440334600443096,0.408585771216388,0.421329729734985,0.439000616697155,0.752644127106735,0.497626421028358,0.186345767519808,0.731926316958379,0.386206775012248,0.607556653095151,1,1,0.111111111111111,"F",0.0643962226240707,151,252,169,316,0,0.111111111111111
0.453065122035683,0.327944517616511,0.518013412480389,0.401598723200315,0.588418789198232,0.588642586616708,0.542312142757023,0.64003085471325,0.517208432981624,0.545192552353254,0.482296391934383,0.438057273953342,0.633582303312764,0.634031986934167,0.555166241514031,0.397193709566936,0.327862299967072,0.477528327652301,0.353460400931032,0.415733777662457,0.380978519846531,0.420160147582096,0.478578427779087,0.264988095615197,0.619673851699743,0.399411787688289,0.763060054209345,0.588103702615597,0.236828952482228,0.522062165103243,0.192522900831915,0.5194695079912,0.387055769567266,0.598487123161002,0.213633398302013,0.323199265110658,0.403936324343387,0.45697451526746,0.575046088584955,0.897072486032328,0.508442107199648,0.48635271042864,0.378951319336985,0.487452415173972,0.864402505483777,0.777660458100761,0.502563320926054,0.639029412460983,0.568825518987058,0.545908497210268,1,1,0.111111111111111,"F",0.0659803872517136,152,253,169,316,0,0.111111111111111
0.388344536693635,0.471179735679442,0.268152711424266,0.604769245627731,0.425444866283332,0.222303043545093,0.341921095267679,0.333141352882988,0.506645875752373,0.510388019514849,0.272252960263437,0.277248704243044,0.405237991234819,0.540646882356668,0.478172621253561,0.126156292961052,0.258658506171915,0.607150750310912,0.646357481323109,0.418691858418491,0.44083624208598,0.515791071474273,0.687710753144171,0.555786752295271,0.339681366839632,0.689585382348468,0.65460543883498,0.621642426070097,0.540108321396034,0.744225555608412,0.234773731005103,0.493757146904299,0.481837881441926,0.55633940605832,0.433747662087871,0.347074008813915,0.718653700199506,0.753380532115825,0.520886755888704,0.408928943917506,0.147436686245007,0.260372669534898,0.486535772652543,0.257797488971456,0.473176022306944,0.659215919537318,0.351932744144443,0.654428177639593,0.606195604804297,0.454104416236115,0,1,0.111111111111111,"F",0.0645129113103328,152,253,170,317,0,0.111111111111111
0.439184710240274,0.544922400894857,0.465159493419128,0.595793586598676,0.303675755178487,0.777143064834808,0.335593704936544,0.430317064972195,0.46944719130828,0.3830273065552,0.413544763159278,0.543825455331,0.395031189425561,0.690182199915803,0.468226848535541,0.589198991930644,0.309979264590308,0.46312911598943,0.241861719243443,0.419220426950685,0.427877313245303,0.6193466811277,0.711763555434831,0.253293379811275,0.890111879589647,0.497098244265685,0.40017200702022,0.561502802829785,0.41256169710962,0.612397025711892,0.583206707786734,0.551763800257418,0.397268673571517,0.82541311835925,0.333097104204428,0.597050501509955,0.59815641440076,0.26540234221272,0.200093302663635,0.506805974206154,0.482840064812931,0.534867158444296,0.415534089846578,0.23144691548844,0.362876756222039,0.565323068607118,0.338260899015099,0.60384877494242,0.442776867337968,0.705110419265703,1,1,0.111111111111111,"F",0.0660846022007502,153,254,170,317,0,0.111111111111111
0.161221634385025,0.594727708032122,0.614083791228516,0.285453209347451,0.488757847254176,0.488427948325064,0.335883225459194,0.433526365767544,0.655578529505263,0.272376748139048,0.308254839410595,0.557552188534611,0.525465319606673,0.563764517259377,0.770820244473378,0.663698961099033,0.462814274682462,0.277683345087317,0.607635633405834,0.330639450054201,0.307941755146463,0.386533956872667,0.338344843568994,0.518849885652995,0.270652408544328,0.537134877439603,0.258354953450409,0.56223918698913,0.337012240291381,0.458792638552654,0.352694963296185,0.80193390044424,0.487099886349839,0.697946073508492,0.435333844643341,0.540492773190717,0.520833711275023,0.630239379554886,0.13489886887202,0.555446312308453,0.579314650631763,0.430511616912303,0.755667575132847,0.57040222306124,0.326478702914023,0.51860212778221,0.510845361107082,0.774244617753876,0.488754153144516,0.610828078857739,0,1,0.111111111111111,"F",0.0646263556678057,153,254,171,318,0,0.111111111111111
0.324464244315445,0.410038313661554,0.286270830248483,0.447100889122274,0.59224503193108,0.479515130488505,0.432376082765979,0.634598446400952,0.665502251003708,0.768150211897005,0.390336534299622,0.309284086789902,0.65644636648046,0.757830898885898,0.550290394806968,0.677377931080289,0.566701000450735,0.352852965292755,0.398827898343755,0.392827699894993,0.571670149682178,0.587109167058792,0.465212907664985,0.50477511842759,0.571896083885461,0.510830921825587,0.454520412819266,0.318174066509571,0.472669712665764,0.444824187951445,0.439776248827526,0.572015232451444,0.289993201345309,0.56407806080785,0.397424301512443,0.768225245094993,0.310532403510381,0.420325411811438,0.516534682347735,0.311299184388845,0.718831844941707,0.459989686657175,0.398552747670713,0.583239103338193,0.461973226579771,0.520834055777013,0.232613974101107,0.747605086483272,0.332423596119377,0.449424672312417,0,1,0.111111111111111,"F",0.063177251746353,153,254,172,319,0,0.111111111111111
0.336576541097503,0.410321283167433,0.490711069877601,0.252995997861383,0.604673705526487,0.33250962178436,0.608115707927464,0.581852394327308,0.376056779174879,0.437102584533984,0.539339062104553,0.142109191433804,0.423591430394217,0.619119671109444,0.843427724070587,0.303259283191204,0.37822624205827,0.662140761223254,0.650310107178919,0.380770973106599,0.569770494442598,0.496062183708975,0.381213013758804,0.59721612443127,0.874379182793119,0.407114847251052,0.541197849636312,0.456481004475295,0.870044266053538,0.189036321968964,0.37569785920535,0.550544011748216,0.476632523993349,0.733369736439273,0.645887964611912,0.511007632617366,0.704484735491145,0.663571019432656,0.686546042381095,0.619005743463866,0.534627380392916,0.315902892544848,0.19922721178367,0.369757045187094,0.682156042785546,0.372267736236423,0.347307512051839,0.513772744791791,0.799129185157262,0.533788757813474,1,0,0.111111111111111,"F",0.0608150470219435,153,255,172,319,0,0.111111111111111
0.600459164900225,0.227052241888782,0.519538199433916,0.67277315325588,0.665487434476513,0.329603073948863,0.500777899803894,0.774730561479213,0.621715464185186,0.546525438382994,0.495572155735248,0.438452209328571,0.501993845810172,0.793640912069336,0.548551208827713,0.323588687332537,0.507721722511095,0.397125366513686,0.659469139585518,0.336607910095253,0.408696433779017,0.46486622857177,0.46765270236018,0.528054428519044,0.466703840852044,0.575315700790127,0.502290354591185,0.587178946124932,0.500020027279456,0.69887437829272,0.605941174748531,0.489871495037561,0.596972849121057,0.601922989591498,0.414428152400554,0.765511331703767,0.50569044094363,0.499476898577925,0.5382813714692,0.824355858360777,0.488874699917014,0.308854398652427,0.621636307416281,0.505359614609024,0.960826216357472,0.44811572642464,0.3710242144142,0.640215351710493,0.495894421338307,0.621448694466595,0,1,0.111111111111111,"F",0.059375,153,255,173,320,0,0.111111111111111
0.342272239450812,0.204710742060218,0.55006252019541,0.559231899530444,0.482504366680567,0.414791590963921,0.195142014504092,0.634258523492802,0.615266295531171,0.59494379270875,0.0933639944763959,0.435747760796134,0.621758460504052,0.755467268970877,0.596417121758178,0.582088499646069,0.458437623868003,0.48278786781088,0.540400075837175,0.110518611185081,0.300276913482842,0.209877806393331,0.789295670822117,0.389588699321826,0.251008937343066,0.515980745171373,0.427557535497411,0.620937829680129,0.505902739851016,0.491822144329637,0.391578784543591,0.665554309273308,0.578658255402184,0.744268305792629,0.442992449834205,0.63812190076865,0.522180270706684,0.19562262166827,0.360906444312916,0.404629024939309,0.456399100345311,0.353779457878866,0.205243051821745,0.581651137239951,0.435814212323478,0.576395655942314,0.325542175803208,0.593017788572913,0.188237692487135,0.522265857226337,0,1,0.111111111111111,"F",0.0579439252336449,153,255,174,321,0,0.111111111111111
0.783547751966519,0.460402525818194,0.579666538263936,0.664663833022689,0.695471843176445,0.718222640501558,0.557291637380979,0.637082725901687,0.417692114126,0.644764344634768,0.754631327253168,0.598923591761635,0.464110150371469,0.374397610524688,0.747841608711312,0.636138502616448,0.477047838812527,0.531261025283522,0.606241400928039,0.303676869444514,0.554185250171387,0.148374649478959,0.756243252782334,0.330506926089426,0.589304046268095,0.580562948441629,0.553184190077417,0.572268911290235,0.412768002748328,0.675785414832338,0.4643190011558,0.349549429684672,0.41326546817929,0.557182337799396,0.180612495821482,0.307631531951816,0.55830058468036,0.648717679310019,0.435482065994406,0.651179067884899,0.442376325698013,0.289034625051766,0.558301196804663,0.385496507202767,0.456660854008744,0.388913677802786,0.571748907366557,0.615112346246547,0.682583730417948,0.709501096750086,0,0,-0.0833333333333334,"F",0.0556001752336449,153,256,174,321,0,0.0833333333333334
0.370373182092316,0.516004894703544,0.0607237610394959,0.523565777707897,0.705714965306045,0.55790193729936,0.208955283291299,0.738709570724546,0.612790069644971,0.480668058675917,0.490913194187123,0.531917931193974,0.454457682333041,0.60523571790655,0.522245194351086,0.508731921634193,0.350939922756894,0.524428973877355,0.650586626930649,0.300689566290132,0.576560989107419,0.213098133326986,0.566080022420618,0.673693286984115,0.386793209829195,0.557512109693696,0.565664933991738,0.528677315348031,0.600107324497242,0.714295838820534,0.389337647153767,0.649350770217863,0.254203929556008,0.753476506061295,0.445395820531774,0.771432318307436,0.518727518577232,0.497780813714321,0.143955766916871,0.418065602639313,0.451755897281734,0.469976415958864,0.259120126099455,0.420722956746518,0.439951160951424,0.594355396120052,0.626631139515161,0.451696021728346,0.664996920152948,0.559721930525187,0,1,-0.0833333333333334,"F",0.0571657151169134,154,257,174,321,0,0.0833333333333334
0.621353414999747,0.240105098114871,0.663177245510325,0.484590076635774,0.794242963683355,0.598905882797762,0.649250643635442,0.525853333126735,0.58503890460141,0.427675098403395,0.803939984522521,0.46850230816063,0.408730403893271,0.409070334994779,0.466213654895805,0.40040779842455,0.697411669682592,0.377037196383011,0.490729691134568,0.421835917146261,0.350328816363756,0.60800918756604,0.610187475755517,0.296898545858708,0.550447977034564,0.202856312907734,0.597744074768145,0.542671165607823,0.234891743708971,0.441828290802943,0.348132225996348,0.493925189745317,0.404326501446678,0.61598096174977,0.793997243830206,0.5399807624765,0.602673005235917,0.857191909674959,0.435271842487727,0.286944163683385,0.322968024408545,0.418582715721547,0.67277837988484,0.436187067843862,0.690280158752555,0.828903792538972,0.578728565520015,0.610568877065964,0.328189571584505,0.468570475138934,0,1,-0.0833333333333334,"F",0.0587191190320945,155,258,174,321,0,0.0833333333333334
0.556278455009954,0.356341938896964,0.372355051438873,0.519091433441924,0.637442485052576,0.576729602663263,0.325408822588313,0.660378079336293,0.718416788805652,0.443722304773136,0.451873565580923,0.252097600511069,0.665086687626143,0.615180776409188,0.649107616002805,0.413696765176892,0.335584741922293,0.510047704184952,0.574938887529563,0.611855499097229,0.362437125129344,0.406595355906837,0.42085060253174,0.254104173890892,0.43504917624525,0.48973879198835,0.6849623411626,0.473866264242626,0.368518363646183,0.689316901620399,0.328138331418114,0.675331379842774,0.616315533302542,0.738808258993026,0.66476133060724,0.617730571767232,0.746766901846897,0.452840265790159,0.332671478411996,0.599129333650624,0.582883357909551,0.453341389595647,0.513359840873812,0.340083458654993,0.717454283414332,0.638069208061872,0.320705275751158,0.245508623572223,0.301183258945004,0.492528598942829,0,1,0.0625,"F",0.0572969329288844,155,258,175,322,0,0.0625
0.642500795768827,0.434859006872453,0.602818904189403,0.513201155625434,0.516156776673613,0.529381136985813,0.324366435881156,0.603890802557813,0.675789893114653,0.427173223875109,0.722125075526252,0.309081511463831,0.584500043307852,0.210605980713297,0.612095819303537,0.552358038328077,0.466902294759513,0.43207954083291,0.701519355540764,0.481461470433123,0.508283784712202,0.26268962734397,0.635867453632739,0.536699171004758,0.420908190801838,0.555065669670324,0.434767978371602,0.299727830556994,0.370885407496134,0.723527813886795,0.228688027250252,0.280018805674728,0.132409638704855,0.671012691873733,0.391311136307344,0.549754494755368,0.612797137397429,0.64994055020725,0.325423233403553,0.565434049669372,0.736301450761049,0.316438671282329,0.458068066150115,0.460712902049997,0.614555194081411,0.26740130440169,0.407137891204978,0.276168297350165,0.668507723952065,0.484773484326132,0,1,0.0625,"F",0.0558835529315765,155,258,176,323,0,0.0625
0.156093373668272,0.446809009465887,0.36378629070091,0.575172102550585,0.193297384784166,0.375993411048681,0.233927287119204,0.52167643759519,0.352533819558487,0.530571828763961,0.657799755550799,0.505468890225346,0.546201625927903,0.571364832434487,0.497341034354347,0.508139081924829,0.609779377194526,0.454451365611271,0.416705831705145,0.62389597677209,0.414216826765706,0.246985499265146,0.541656030195631,0.394251009262443,0.65071222205722,0.30814373020247,0.511747027088324,0.368583873366773,0.384585671210106,0.588121057645928,0.548787866819005,0.199649755769313,0.516377897723571,0.610723092258031,0.382874344611451,0.425876521075906,0.560526163870569,0.521773274895466,0.215175940831355,0.605818026044644,0.554448746420511,0.408460814090156,0.676506266025368,0.401349065924383,0.345486487713979,0.50581246529245,0.254237470716157,0.524304372444425,0.533469924762106,0.55198815531815,0,1,0.0625,"F",0.0544788975021533,155,258,177,324,0,0.0625
0.723548306984638,0.208426162047766,0.512698830009222,0.513372003317467,0.320148737044724,0.404944076337631,0.497036673128619,0.892799104646872,0.347897234925152,0.345510107929507,0.542786621265472,0.495375562884307,0.232626619295135,0.754949917700655,0.75407507279847,0.73396918117882,0.332166209805192,0.48775271814321,0.487261043181664,0.708862708591182,0.646625145992005,0.447196279749058,0.352281324111527,0.359666470141096,0.387248857319251,0.754988732782736,0.56418703037545,0.696494661449296,0.352184057627268,0.464503757995676,0.314699948960726,0.480098633268381,0.563859839208985,0.542737436116481,0.797976410207857,0.503501632576917,0.531419226920224,0.643671560327975,0.705786758374956,0.683832953757308,0.472459362094768,0.36023433177057,0.742467365548442,0.686223918108622,0.66406189608473,0.763022910165486,0.469216372363221,0.715063866372149,0.432373434253963,0.320481498563861,0,1,0.05,"F",0.0530828861061419,155,258,178,325,0,0.05
0.607602222743775,0.708944439317945,0.311600097293294,0.38606115151463,0.375517395427514,0.706225480797634,0.603385226147753,0.462862917224395,0.568765001783942,0.438357077796495,0.572405903778897,0.760016972729133,0.537276222608333,0.587712555080811,0.627829378096987,0.460272626428218,0.71232148395793,0.639852615842638,0.249077307074529,0.462884930129821,0.211752255412318,0.175572809382357,0.350459897137282,0.13269396269818,0.661331228365588,0.629551442012286,0.552306678284938,0.339321841263072,0.609967252109122,0.694357666633901,0.26855170983563,0.183979652900544,0.539035337404125,0.491082093057873,0.333290955790595,0.548921877038055,0.463383031097639,0.637870815688851,0.708102370804461,0.573654996459615,0.515026231237065,0.476812936420282,0.701187530109562,0.502720067884396,0.744793760707728,0.49939324709543,0.483461334447474,0.404700465238556,0.499282859452658,0.272031901426483,0,0,0.05,"F",0.0547629238597993,155,258,178,326,0,0.05
0.599015490873883,0.233667194530129,0.354049013294054,0.64425444905411,0.39327534281131,0.329447913701286,0.569469196137274,0.571708724755232,0.411543830673587,0.445742907503915,0.623891707000787,0.458173114480788,0.496812272686637,0.340671142709004,0.392676929486855,0.356944163716846,0.683748479220758,0.557358783780661,0.669739661955414,0.532423734769821,0.564487618836712,0.383135516556302,0.410662093558147,0.425696464294828,0.460908992964159,0.779739123840585,0.287014480982796,0.444501171348648,0.205443083454722,0.612074849520411,0.196804114949938,0.492368301236649,0.709518267653899,0.449393551353814,0.531662579783243,0.465686396776327,0.356406297133264,0.672769639470314,0.524138292811373,0.782595676725349,0.558333950350661,0.280797534656953,0.437261262805141,0.596817334908433,0.623610065093411,0.407991015584875,0.511413009023423,0.69184289979708,0.564405358383506,0.767867995341093,0,0,-0.0227272727272727,"F",0.0524433285169482,155,259,178,326,0,0.0227272727272727
0.116400940942407,0.727540036408218,0.393046674964526,0.421036875736093,0.438083447538914,0.583219528287905,0.553941086807306,0.498624566585987,0.397336653997452,0.695813219899253,0.633770078634489,0.481282362021212,0.530384814032008,0.478966070895438,0.589401420832142,0.460947978849406,0.686164244263869,0.310571510524942,0.399691470517546,0.559036759847709,0.535445931575861,0.528574380253433,0.266746537696901,0.457591215569783,0.514173544119013,0.541198762508893,0.638147703380278,0.430699760682115,0.300886980220795,0.565125321956144,0.679794584733186,0.34579523829154,0.704920024835103,0.471644925034157,0.53495678474687,0.467770080721788,0.509377382281618,0.443548765426244,0.685523358081172,0.716062670590333,0.528876328119455,0.187975623076044,0.27475078241893,0.639377527690655,0.682427196197377,0.236521422805194,0.497859323741084,0.478777366536407,0.33627220718545,0.704873469047938,0,1,-0.0227272727272727,"F",0.0539877300613497,156,260,178,326,0,0.0227272727272727
0.424861205164772,0.559292619706873,0.37579734070867,0.394167057287393,0.690704514756084,0.332134056779741,0.578858520330541,0.439821256453259,0.487052512348157,0.508139458747958,0.383721791137351,0.480823343347897,0.337675724976979,0.707698242563507,0.537219478560933,0.221417031771715,0.465053751622907,0.519826213866356,0.497138347557219,0.35373549464402,0.523354116998256,0.278527271561715,0.313703246668674,0.452282316608517,0.372784770681711,0.550659723225207,0.293013672294943,0.407954454955318,0.720997329216086,0.602872983682005,0.398138616318613,0.59956243631046,0.766510142005949,0.30968361074505,0.566521171283274,0.328601911252723,0.629995594576407,0.650724599409317,0.378024532200619,0.691753576793107,0.458055119459708,0.595126475578845,0.579223435695748,0.456410203142138,0.573602854916208,0.4701175853004,0.333206310577704,0.696164195632661,0.791543171621313,0.468562596478461,0,0,-0.0227272727272727,"F",0.0516888794866371,156,261,178,326,0,0.0227272727272727
0.306989881929993,0.62538388127047,0.333301180488871,0.571772228898681,0.421964382224042,0.471905115622976,0.773201049195656,0.698925708595364,0.654247501988209,0.680532060978037,0.669194312946282,0.551279886370517,0.632995036951737,0.746021446028989,0.495749115145303,0.475791677351858,0.462842684883026,0.376873138405837,0.623519495603137,0.592047222892258,0.395866620017869,0.474799302839219,0.408886915747021,0.575247957909679,0.581344877131573,0.512349524165423,0.162886213733182,0.210016981333637,0.497185738310539,0.78345965095649,0.569736217814426,0.642254333728477,0.728041445694401,0.630999698732697,0.507794707700995,0.50516525921956,0.385565815793343,0.403563590306996,0.5771264251565,0.257079445713603,0.52577640359295,0.466463926984558,0.533402017652491,0.575231694459921,0.444552358906053,0.517934747976905,0.611420380284696,0.897021281065487,0.212997597951153,0.550325221920392,0,0,-0.0227272727272727,"F",0.049407577389594,156,262,178,326,0,0.0227272727272727
0.377421869454753,0.60530486504686,0.338410194078337,0.444874001241033,0.430001802087857,0.392201359296415,0.53881381941753,0.334594200706099,0.757504619096596,0.771020382596404,0.783737850691381,0.296618539891043,0.581014928574652,0.283463613293973,0.590272073407318,0.410394053100254,0.276632654567005,0.274836085302792,0.546830969399618,0.463705164959537,0.506959344668904,0.525577353281227,0.477753876011059,0.601195487235328,0.808302171509972,0.872096710947924,0.616527560381944,0.318726262018625,0.320979584632373,0.62082175544366,0.440490916415103,0.571733559017052,0.719729455764102,0.44612971154719,0.493343971674965,0.534249531379726,0.590336660681049,0.824192230455528,0.601228054598163,0.386005370166395,0.287396589632035,0.298124826666027,0.546293992283796,0.24903626259838,0.308767738595759,0.657490974817252,0.4877932284082,0.436209853853696,0.623160316276862,0.430718251115339,0,1,-0.0227272727272727,"F",0.0509459049662927,157,263,178,326,0,0.0227272727272727
0.220611627314538,0.510655634830957,0.411663241817695,0.561560824356223,0.405911018618159,0.511719511932188,0.224605550274583,0.376771408880629,0.373869233317596,0.537565137886426,0.309907482409667,0.34226585521855,0.502087422353271,0.444265402677013,0.523839495099439,0.620312117032023,0.492346595293125,0.570742691695389,0.461714175461908,0.570834186330896,0.35685328903884,0.319470896977957,0.479594234689226,0.602962071330563,0.454482744350057,0.457933760697216,0.47161798002723,0.411259416775391,0.390410827885479,0.529659045579245,0.470432165084715,0.578093329486808,0.670521419806813,0.599032137617164,0.398416963810767,0.393093612925216,0.516574062060477,0.316515608955562,0.577709614779523,0.644384338618123,0.476082439588545,0.551706930149252,0.835932661645989,0.539005376382465,0.566565819715684,0.3443294411817,0.127246781072974,0.547381900806889,0.570029705292224,0.433992218220242,0,1,-0.0227272727272727,"F",0.0524725785461982,158,264,178,326,0,0.0227272727272727
0.550653837619522,0.330458596155417,0.304178650506329,0.626808788261742,0.814206923063235,0.481433188966325,0.396498408561138,0.596331047667893,0.270783204517634,0.61264847290055,0.35421079361089,0.716270499521966,0.400175786835994,0.555940927682991,0.641860133367322,0.31482899613988,0.43567580733223,0.562067545239184,0.606742010541988,0.699779473482798,0.661790584984562,0.554090016667691,0.183707744590829,0.480863515698707,0.700624569771783,0.405334113914331,0.228042509187729,0.087356471463617,0.30476553315622,0.570390190310428,0.435542137231052,0.626541733889443,0.647153754724294,0.364497369020998,0.36426327397805,0.474844304531134,0.559338343871379,0.523676133903235,0.627857494617092,0.611747457799183,0.342868433288774,0.517587350922481,0.814920986405055,0.625629067959167,0.37958317117637,0.739862524912471,0.384260518920913,0.626438628177318,0.342205315185253,0.601362850386417,1,1,-0.0227272727272727,"F",0.0510842368640534,158,264,179,327,0,0.0227272727272727
0.460046367243773,0.617530033110588,0.387176007652398,0.501544187178692,0.493724736724903,0.45913081231407,0.516436463343301,0.719146577763317,0.355985614807845,0.548212249302901,0.556602552240205,0.53437862724649,0.48162296009853,0.644754772055166,0.113504110985342,0.332472091700094,0.701942158983716,0.281018196912559,0.193820557453113,0.317297920196018,0.581754089828231,0.5255242795539,0.329148825849163,0.28116717621403,0.56175163583613,0.856092321828241,0.49601157956568,0.401884092584366,0.394813966144108,0.775449621241513,0.38926934241296,0.553572518787915,0.719983088674069,0.182274165258104,0.427956886982155,0.371177738190039,0.286411359967035,0.61895902434489,0.586659252204687,0.636273803556467,0.276088088172417,0.418506388960058,0.51629384001415,0.602910770608271,0.525219368182316,0.537129535847324,0.621182921778482,0.415539304834518,0.344398205103422,0.421934616248178,0,1,-0.0227272727272727,"F",0.0525993883792049,159,265,179,327,0,0.0227272727272727
0.63597923803509,0.379463394749944,0.309353877051679,0.408083576070698,0.475532895467555,0.513748294833653,0.286136268826653,0.453360630202567,0.15234941314038,0.463384977615738,0.450072620906895,0.395412100910885,0.672775299244287,0.612896519636001,0.482649676582047,0.613905042513403,0.455640212614133,0.233106962562536,0.65976752896521,0.514116271776993,0.487907457701695,0.27103757067599,0.458205332599593,0.51052684304471,0.403930821239963,0.497916147027365,0.0657368408760195,0.365199656781903,0.298730993790573,0.729193636653717,0.350473337023559,0.363412860586867,0.644893687582466,0.489020721541611,0.805679956478659,0.454885143283897,0.450273078146559,0.477134094025533,0.727730342310481,0.334213442516189,0.36763053612888,0.535032657834433,0.512218508402809,0.412402794293173,0.592181342847926,0.311850366691472,0.330121755422548,0.422884238404513,0.329813811277267,0.326794036288351,0,0,-0.0227272727272727,"F",0.0503437492814606,159,266,179,327,0,0.0227272727272727
0.54078465468594,0.394542893926471,0.333695065279578,0.230051009568885,0.411234157104338,0.375406351637693,0.441268780284811,0.27935515476363,0.478997910989894,0.245623394795411,0.574186180206538,0.428313369977419,0.232259111653987,0.736286175934858,0.590996634380599,0.585881003313775,0.444921938988401,0.737490189949614,0.394863505887442,0.411834051678284,0.402016990364316,0.214964117260634,0.352862369745645,0.419264630143853,0.619362634226353,0.525065830343336,0.586999831380111,0.325514525153344,0.298253621176717,0.522346597105389,0.487300850356206,0.384050633901978,0.659039996662888,0.516999388765921,0.675013240506751,0.3921738836397,0.48503544641281,0.450615700163939,0.464252075918231,0.30932542353149,0.625169295788894,0.272432502016322,0.372874974631929,0.812118462890439,0.585499506792741,0.831823490678607,0.298363547441232,0.648217545799915,0.308419019784055,0.928968717607398,0,1,-0.0227272727272727,"F",0.0518503247087929,160,267,179,327,0,0.0227272727272727
0.613045212423648,0.643232747884665,0.699839303840175,0.426698682823657,0.518633285915098,0.59109024275662,0.605255547231555,0.320312123323055,0.763283049593343,0.51455370947246,0.842040544839282,0.294069854014317,0.688566073114491,0.377867960750364,0.572582116072794,0.22729110186773,0.207075955763305,0.359078663967741,0.665492411778382,0.432434758381821,0.539966023974439,0.702834186434525,0.181754090515277,0.447357144883989,0.457720636663387,0.649677159307438,0.681906071409466,0.547174348561028,0.536538735694593,0.39122289555378,0.414840705027782,0.599655980812153,0.313925770841735,0.766149147368911,0.31230654790528,0.937228683847742,0.26875994435084,0.474909422123712,0.47479160590968,0.525973733343491,0.363162275960341,0.421280490268973,0.407800374018076,0.524630926913164,0.624414098935654,0.451254287587301,1,0.583988163605974,0.580100278712059,0.389622166174507,0,0,0,"F",0.0496143137523392,160,268,179,327,0,0
0.345558482098859,0.41381498976288,0.569231062977629,0.578887002909303,0.778544241083796,0.649794798774535,0.34266562019521,0.42341595295656,0.560336889099682,0.477629607923551,0.444739200655234,0.367560314616771,0.815566810700903,0.48180850002819,0.511532600076682,0.365369852490509,0.406928290999725,0.305680417868795,0.591973003472363,0.348019768689585,0.655441408444539,0.414851166393518,0.435433381290427,0.506354241971338,0.526395660712937,0.454654661547368,0.545637869095639,0.594558297812341,0.772481596354982,0.364330175790731,0.41924797482617,0.462070611316449,0.601997773728998,0.763571336901561,0.471878823681933,0.505146617086628,0.539186039652593,0.903126800439296,0.482977122539054,0.691922198885136,0.677491758367264,0.404337287728911,0.671218383964624,0.585871339495871,0.670703472442343,0.555380646516845,0.782483992886565,0.626173684090492,0.51433545809361,0.515273971626909,1,1,0,"F",0.0482344375682562,160,268,180,328,0,0
0.434576120834587,0.369153410073436,0.146283768889108,0.514154019514,0.8131651349209,0.613687872648071,0.537370180101082,0.472335189158907,0.57668107778245,0.440089260030044,0.349247899508817,0.380339009631501,0.572422798419191,0.585900098050676,0.626006810087536,0.422776497284444,0.745657262665809,0.362410796687809,0.703092946027489,0.346423914183335,0.609901805589178,0.554799988907493,0.616798210199561,0.51700325306119,0.510562645641231,0.583340380837618,0.623778932513187,0.322341055782414,0.345094294287115,0.749789895062337,0.270179821950286,0.109365736193841,0.669946971524922,0.479333135546047,0.814455035870214,0.470936545952868,0.500363001837179,0.49844094051591,0.313103246095619,0.589897664835741,0.199916215826825,0.385611782018266,0.526900564580554,0.465821572778594,0.537990717463057,0.535060311987783,0.593965353711667,0.593766356406311,0.643402731732887,0.209614617615913,1,1,0,"F",0.0468629496892436,160,268,181,329,0,0
0.592452119698078,0.483369081349257,0.671136112012188,0.395742809298662,0.578708097291622,0.724761123425455,0.536178265923886,0.286420521310913,0.558058094767007,0.366455019758917,0.351518221066299,0.639337763423236,0.455154094879172,0.298597459614977,0.949251453976974,0.494173136271442,0.45460023080265,0.457696161662965,0.841209214766883,0.528894120127697,0.395133358513865,0.489845695428678,0.391118657830439,0.412215286581761,0.33135668293261,0.620519639302525,0.372911863425395,0.27370541021956,0.507820961489758,0.480433392807457,0.403815367023006,0.381108859869415,0.452461578555145,0.669357969887464,0.547384954970915,0.543268686275375,0.647903268880493,0.452320015058468,0.557894000073916,0.618917988877695,0.367712379625581,0.619476254814316,0.62730138194527,0.477203932774474,0.639437588510231,0.259575423677007,0.698703468596995,0.220802835383156,0.437072262223919,0.811541442138976,1,1,0,"F",0.0454997738579828,160,268,182,330,0,0
0.453992003597906,0.505459481149577,0.346437290187067,0.345410368558979,0.265286863295423,0.326756538464186,0.501314088292638,0.441714428893611,0.679161779900687,0.381943203879477,0.393832380103988,0.534122036141359,0.633244768715744,0.538637855279929,0.584022908887351,0.452384944186817,0.326372943617621,0.475616799666342,0.247870560820318,0.333179987442633,0.568245651605632,0.716324325124419,0.646515438559058,0.713081204282518,0.405036775464706,0.598770519434387,0.481270919848282,0.392711181550562,0.512882843370335,0.465198992183061,0.215715152821866,0.480583234784259,0.682375914492946,0.665657942133315,0.475613766036836,0.525791330832,0.400679827679026,0.520969249997903,0.611893528360781,0.659309721384475,0.563150600208426,0.476115123440191,0.687828577335306,0.55329369350686,0.375817721873778,0.337807107763417,0.197898190604961,0.336363595678766,0.380172232504145,0.320448225116796,1,1,0,"F",0.0441448347386932,160,268,183,331,0,0
0.417001759074597,0.67816486634876,0.461891788854488,0.479930723832355,0.610894105615514,0.45927635707527,0.663169025402366,0.600239355412006,0.841693195522768,0.326182183401995,0.410734805357349,0.260782427063717,0.323487745161153,0.50085631915913,0.638666276483684,0.48351106754797,0.453293272062206,0.861657020758555,0.19357101899259,0.287979406719732,0.433276841533156,0.473048820995807,0.551964048731963,0.431617108602176,0.626674092457612,0.654353411060453,0.36753010509264,0.333156559647274,0.255080066069398,0.511231268989684,0.351092758952215,0.456785718418256,0.871214813901315,0.511238026653847,0.593076791644944,0.62694422922657,0.578150027316616,0.511441807612394,0.609554869682858,0.335862558952141,0.734367810090541,0.500834727320683,0.586127465552117,0.497785974093848,0.521616151041327,0.378919883536646,0.45941934253976,0.40881676551544,0.440104043150335,0.297603041423377,1,1,0,"F",0.0427980579032547,160,268,184,332,0,0
