X0,X1,X2,X3,X4,X5,X6,X7,X8,X9,X10,X11,X12,X13,X14,X15,X16,X17,X18,X19,X20,X21,X22,X23,X24,X25,X26,X27,X28,X29,X30,X31,X32,X33,X34,X35,X36,X37,X38,X39,X40,X41,X42,X43,X44,X45,X46,X47,X48,X49,F,Y
0.4130073885814015,0.4477325755414106,0.5348334010965657,0.4779246092285798,0.5127298703859797,0.27659740428156404,0.369184989511688,0.6401984865147734,0.740940330250887,0.6543350883437611,0.504968413194932,0.42011626661920026,0.24772049343812555,0.5732771736586507,0.5840204667237933,0.5814301279736631,0.5148073403560817,0.5734167445787886,0.6578987342044925,0.49450201736213145,0.3842818858442989,0.5703245594538436,0.7719817268316238,0.4765930698138674,0.20067130100153854,0.7629022229579125,0.5467238581680961,0.5344931990897894,0.13297579081210315,0.6683754668203743,0.411268205616565,0.4278460237839462,0.41402459559994886,0.43701852925539336,0.37494285496375507,0.5625555806977794,0.36977264044433256,0.7380211761680688,0.5420814576452855,0.5553363853312165,0.5258747045458542,0.3662094255693918,0.24348667383956338,0.22762118340341275,0.5339588656737327,0.5316782037346452,0.6182298410727484,0.47652907871455286,0.49402349249427147,0.5444944998358777,0.0,1.0
0.49767860316496576,0.65730067671795,0.3394051767782801,0.5305926085957374,0.3184527887002426,0.7610061870873118,0.7568622378224966,0.5528683542233428,0.6145432993660426,0.4517500337415373,0.604581085543279,0.35879275862339766,0.6327651759076532,0.6791948008283968,0.41464685365878096,0.2454016426755222,0.371521427763058,0.4709189669774812,0.7034117848614502,0.41794297741965764,0.5220027668986122,0.5084538307431324,0.30266699487261184,0.4445887468338578,0.4491851831514495,0.43817822842464516,0.3971426332420757,0.48832225922981537,0.8857177786290146,0.5068549356236551,0.6282568887957274,0.7251529706337326,0.5457758483833215,0.5198559610728554,0.4682224794872296,0.20269241605333116,0.49575084609294373,0.4015501985336877,0.4512864791675846,0.5227859338251514,0.3123637062837663,0.6861322015140826,0.7093267209891195,0.5825268071965172,0.622561435718372,0.28141096503847024,0.21163541797443794,0.7425797614518136,0.43453399806431553,0.4980628919734794,0.0,1.0
0.6736245369954104,0.7431055398209826,0.3399743993500699,0.408201121146839,0.525050686767986,0.3351476263178474,0.6071323740000185,0.5145307971212763,0.6060540662906866,0.5770590252713571,0.47839673787938247,0.37514029241721386,0.33887482412628656,0.5577562747240464,0.5021272585716946,0.7102466275576088,0.3958673609665735,0.6413484117939994,0.13623200550753342,0.2876169788990185,0.34322692957479817,0.31701626005628664,0.649314051992783,0.5251420180870536,0.39787742502784845,0.6079823516763723,0.4923888027361836,0.19131584096454737,0.6038289283338077,0.4370436725687864,0.4606376308776105,0.5701750909639383,0.49500515098917786,0.5680004490621942,0.3532185206483899,0.20155265970903363,0.4123567318998361,0.42056695709720654,0.29063178374349,0.4261943730872885,0.7862934267238576,0.23802044218212268,0.5011094345078785,0.5080193233700016,0.6460894369078101,0.48074875947477375,0.6398076784648591,0.50951030852578,0.48918189596110034,0.3461028950049792,0.0,1.0
0.3913429439196112,0.399124780103941,0.6394077966607782,0.6827113114695614,0.39545662344580823,0.4968419651687442,0.2649723178368933,0.5171033181862408,0.5970647317493569,0.5210395295226614,0.6315861598735683,0.2918460251021863,0.6651407081628895,0.4471928685103446,0.5385064204474579,0.5630011448418051,0.2688463529052253,0.31719477689070885,0.4252391909173391,0.6061464802122595,0.3772019634511557,0.6610919066847172,0.1709300272159516,0.6279121849182019,0.6810115187858709,0.4374139188014942,0.7484552257357414,0.4927117261066117,0.5464729543734299,0.847627788805962,0.4665599277463088,0.3658055025485456,0.3162017726113411,0.5671441245555322,0.577657229723844,0.4231436040654957,0.6859974035581715,0.30854067654043815,0.5421048881438912,0.3554520713332034,0.5416826910954876,0.5256650612774335,0.5949721429063326,0.3445302752214292,0.2067622903190217,0.33114147277263234,0.49891191959690573,0.4594118053916492,0.5801638707023364,0.47504354204798654,1.0,1.0
0.4074275500069989,0.5255650692068533,0.3998636832813194,0.4888837549060038,0.5264446684311732,0.7088199209794209,0.5293190174892102,0.5312144087241158,0.49239402446394037,0.5338029612467068,0.5320561388779241,0.6340348283161555,0.24588932227208565,0.5537101878352275,0.6759096285588629,0.3487463979019985,0.242215284741967,0.2035592933600962,0.5742239487290314,0.33983859675486255,0.6193821192657633,0.3826376651265994,0.5924924416918868,0.424660380317841,0.3983471239506461,0.5899378688413688,0.49411122145068753,0.4491736812190768,0.3548017848788742,0.20594069366101667,0.4134102157694359,0.5487142269588728,0.7869556428338857,0.4619432454737681,0.6341455877555067,0.43387637795346407,0.8422248794248339,0.5662488677023868,0.5141789149585673,0.5387692669954371,0.4387793508642851,0.5283589044364064,0.69865194049409,0.3067481776372632,0.4914714281290948,0.5083799015424283,0.4478159320138806,0.6725569443420771,0.5601470592364844,0.3602094003253884,1.0,0.0
0.3090047512700292,0.34483484831905603,0.3676638916335525,0.5968667564548155,0.6043925218668669,0.200804422875993,0.33217890839887615,0.5448624279123844,0.7274309001644175,0.24005955728109454,0.5725156857971936,0.3978235820895682,0.4758106748040893,0.35559162331691674,0.5577733435128968,0.19368768940527048,0.42994493930317546,0.5059809803137857,0.5494626414878373,0.5574377946092325,0.6014372828046249,0.34915388183768203,0.5125748893511827,0.4900136864652401,0.38347268412768304,0.5809495274322373,0.3967714878235652,0.6240799740335643,0.19320312786979227,0.5851120277771775,0.22198539107529489,0.5050040484234598,0.3595989714012522,0.621958720113537,0.702566258759662,0.46775361528631554,0.5504336226240023,0.6499452883889759,0.48818617579017476,0.8052290161829851,0.5181775010822709,0.529669508969043,0.35073698820875376,0.5093327226195998,0.2594780484068756,0.564358630437179,0.648032791510598,0.340941713784857,0.394662954075706,0.40996046066146286,0.0,1.0
0.45442169527437004,0.34236897806078076,0.6745481766546804,0.49519009886944904,0.6082907301785774,0.4922274419318097,0.33716862747886195,0.3434077978155276,0.6146474206314325,0.3611934680906303,0.5278060523764757,0.5652235692598676,0.32780978442490033,0.5296975237697436,0.5249622173466303,0.528031889587566,0.6173373980242856,0.5010543060198898,0.7460277417157382,0.43413946640455053,0.2853280882207764,0.49837874310436,0.5441636235237531,0.4660218250009673,0.4713165027741905,0.4621538905461672,0.6861082434600795,0.5812024425906702,0.28087970203837315,0.1588257506434235,0.5210141194745662,0.6378977304891357,0.4617742518961894,0.6315254777922594,0.6244412754970109,0.41214309758782286,0.5679733243085537,0.4503178384915792,0.5210222920344948,0.4214413537414003,0.4100017264502696,0.7002564280481886,0.466670947018417,0.6108739840988321,0.4774898566175883,0.5302415927006432,0.5889528809031451,0.6520588433472041,0.3937325801937667,0.09698180133066035,0.0,1.0
0.29282925808780896,0.7520428993304052,0.5486580119958506,0.19892738662089895,0.7065729321986578,0.04161228001125037,0.5566491895239225,0.7094318600043622,0.5922436893755852,0.3793948445029025,0.6475450939153533,0.4499965992739862,0.43000940759558975,0.8846335773307741,0.31369105700870514,0.5258528168127898,0.5399336174420676,0.5461671074849096,0.5558217880834798,0.5861310587732182,0.19278461514024217,0.6067264453381522,0.47080552757919136,0.5401047766382525,0.30948943991212596,0.434707854677719,0.5709927544010474,0.40120954159260896,0.182895822326077,0.39149573924339925,0.33083161893724417,0.799080771349316,0.5337269607097168,0.49926250661047394,0.45198496897933754,0.7173896890900255,0.6265240068020321,0.4269435272506731,0.5798735786561973,0.8793804806884005,0.5283280308048941,0.4009970613596282,0.7911308142631408,0.8354950385887743,0.44241553212707646,0.6136867386936788,0.3856540194280386,0.7250262361433663,0.7136634354346765,0.4555201631754649,0.0,1.0
0.3896000018507503,0.17351256077657656,0.3997036814410708,0.3964435501069552,0.6952220798765378,0.4450371966517351,0.6440066582511483,0.22842627612832653,0.5714374378957868,0.35782728582647516,0.41385581745506506,0.26446755115882914,0.42293326493237016,0.6159096160793317,0.5285716871756719,0.4397871159778096,0.41724076432447,0.6063552330280909,0.4649266143353552,0.41818326509439335,0.5172598141354209,0.23629511236425582,0.66042195203544,0.5553290689522828,0.4515627390186497,0.5016397030058407,0.34754024117541205,0.48204998309473734,0.36424043569566183,0.4289025913817066,0.2606442463062158,0.5319930889410096,0.5535670795335089,0.4492765782443599,0.7734534931075546,0.627065364572538,0.45804546111462324,0.71017295449679,0.31803479261889983,0.48617658390964535,0.5548362255092504,0.3482242357071417,0.5926187788377858,0.6452174329069702,0.5529624837313316,0.804607834416706,0.3182858218585711,0.6619388424532602,0.2873213560065597,0.26321748807939604,0.0,1.0
0.052188117066338,0.48786627199704835,0.5268968236646494,0.5172632799002503,0.6397463169089083,0.48711202339320997,0.4482665520782164,0.571575072436758,0.40519273901700337,0.38741354202683065,0.6759601388318628,0.543583783541584,0.48716764614204133,0.5431364191453347,0.41476056403472655,0.4524429567613865,0.22113405319957852,0.4301770800221723,0.37552073985591916,0.47289029496029916,0.3409592736505844,0.529423861771363,0.30580259246457686,0.3433307516416138,0.41084146615745076,0.41938214951941216,0.4337701629564684,0.47748657639048336,0.5460423521405777,0.7439229930012743,0.4084320035767538,0.8451991134890794,0.46677368138085334,0.3393393119205836,0.42911749254272,0.7286457912609353,0.6402510472765458,0.3831428979549355,0.3137497668718462,0.690959747458933,0.3500870551888536,0.2717975269273038,0.3568150008078085,0.7541751766701269,0.6430148942443243,0.7202247798230024,0.6405647138268736,0.9064487182299725,0.4430693398549935,0.7569771276265557,0.0,1.0
0.4633386386445296,0.6081085150224564,0.4872728503434332,0.3603610179710061,0.38030692421570633,0.6794653735108791,0.41275152576916335,0.375850135707063,0.6476629687286852,0.28061066433826665,0.6936553848995926,0.48357970616988766,0.3886530032553149,0.4454731041198773,0.5193892120689718,0.48469172742954086,0.40378352071746504,0.5287207856185796,0.7636599383479981,0.35602617831711497,0.43313033491223096,0.84202815783377,0.5243552695771801,0.3294997107547955,0.48129610732310485,0.595985047834272,0.4806289388348007,0.3175779903314319,0.4465203359853826,0.5800291211253562,0.3946868949729661,0.2976812338822103,0.46447458214075577,0.4169271164931605,0.3745605529249186,0.20582877589696522,0.35388058953951446,0.503967407724901,0.41054449974084944,0.36882157514246616,0.6306044176519993,0.4729702094142301,0.6598466591368578,0.43492496497684163,0.7946453699284348,0.6090379406407206,0.6119200418944583,0.5326819360046586,0.4480598939298968,0.4551491580378282,0.0,1.0
0.585840290803773,0.4405681686614574,0.29690722357698673,0.5023469782631295,0.38229594082443763,0.5473304671903454,0.4934250858047658,0.40965324053329283,0.46627783945174484,0.6037475607436468,0.5657384258096463,0.2601017934529018,0.49435855408874135,0.2924683062354011,0.5161223465912298,0.5379413402660564,0.13003702790101293,0.37866677254073433,0.3251155672200464,0.6436205992558248,0.46841822012218853,0.5718260109307826,0.5381287616362793,0.49645506389555677,0.5384272563578257,0.38920589196789035,0.519648967376232,0.8167852960530976,0.6494920651769411,0.5931180407223074,0.529771626161342,0.6104462618531352,0.8881733539726702,0.6007675063769442,0.4008219694222583,0.3519760843556288,0.5765760538288731,0.3974600338536749,0.2858605883208989,0.46931530896741475,0.5063763951087872,0.3731964709135601,0.5080414491897475,0.38596293652417696,0.42259201922391465,0.3592615668831071,0.4148721976048531,0.5652172272934979,0.6391269268406713,0.5450631995826132,1.0,1.0
0.5032141401543694,0.40415934799239456,0.2910123530959413,0.6656926587588686,0.34844898747928155,0.37705849130319313,0.5142954271200301,0.4986295088062474,0.35537167138871256,0.5690008706050059,0.5277406562815268,0.6200853607387734,0.8610900748915195,0.7578990981888116,0.4723401313908283,0.23141713995166846,0.3758103603417984,0.4212598247611335,0.280703399239212,0.5699827711429186,0.31571337501118807,0.49536466327627177,0.3844709425635863,0.7858321976174405,0.6378911188026674,0.6407855633713049,0.5603318680446787,0.5748619477898476,0.5387020267821564,0.3535966087163391,0.5144033429824735,0.5738693555486083,0.42469865260083156,0.6075028068913475,0.7615173604312535,0.502165600679681,0.44953426724815876,0.37114456253133404,0.3477825272714606,0.4735581312511042,0.46429533722194966,0.5048497713980522,0.6744012243314057,0.43241788144652255,0.16704942215419544,0.6389634453077948,0.36620763671562173,0.8090665246858747,0.6598034502508004,0.5010146105611127,1.0,1.0
0.39818804195511215,0.20968859464938605,0.8010473143137272,0.4343306778145301,0.49687369217596855,0.2847405057863676,0.4122042765522204,0.5410533158768297,0.29319653362397985,0.728400804730353,0.48458753523502,0.6101382923927806,0.5541340653082978,0.46778779759530104,0.6371589731454675,0.46907789337158745,0.4046856155501596,0.5378324356132395,0.6288406404817527,0.5408183012687222,0.3021664445532117,0.5298884625341936,0.23055411129628373,0.21890697184789562,0.4995849009466201,0.6886363331798933,0.6832898223271834,0.6224207913704457,0.343874065601037,0.3020774834962379,0.27890880576478116,0.32234161797827976,0.14372332354101872,0.6503445950296585,0.6320914975102957,0.5949832020624641,0.6186039583058309,0.4735449631281067,0.5621464967404718,0.3741095246959885,0.37219654965305393,0.5206212408411995,0.9333482365206089,0.46582179141064955,0.6063300296603076,0.3562069817895268,0.49535820349829335,0.6190961989841328,0.6460504364779701,0.21966024177103136,1.0,0.0
0.8004728089943107,0.6182722443312264,0.6072662757668792,0.6606215265684655,0.5941470793209487,0.4375188750052754,0.3779064103760755,0.653700471732764,0.6455267307849498,0.6540562323213895,0.10228389062873414,0.5775690351793902,0.6136978295899624,0.5314561225870078,0.7557090965766803,0.18488666129816303,0.5906130509278684,0.538837267088812,0.6531063794608987,0.6246719015103163,0.5336762704067435,0.25260788438665377,0.3175463106642406,0.4515435018778947,0.5455677052286285,0.5139804623878745,0.3789182494845437,0.635964930927989,0.29923628052407236,0.5491663404632001,0.458220946657684,0.7603323759676124,0.4461912154595259,0.3842028878049506,0.5266803140558417,0.46568769221578754,0.5357332408344779,0.582890852427456,0.5712528103760497,0.37527448728011115,0.4275913734540124,0.28451891849993965,0.1272656149991656,0.43336735003309285,0.457969956894308,0.292431148427143,0.5613128183956723,0.4958348547655006,0.6839800197476614,0.49946833641027827,0.0,0.0
0.6800194611550039,0.48974899982873826,0.5851047760815874,0.872841890851061,0.5598381688391257,0.5949868509249919,0.35307619596547973,0.6741008135183693,0.5676785500776309,0.5155997349082388,0.7074875692770975,0.6785764743514754,0.6194488776535585,0.47680960981527,0.3125495524300073,0.3615800258022244,0.24118083418413705,0.4130971471749699,0.2405682452606495,0.5543364362378107,0.5706902647698996,0.6393421716924754,0.42678847286378413,0.31932238994570045,0.6714244368221722,0.6560836780705829,0.5899584306098826,0.37186156228044637,0.5179873579835188,0.404773425261074,0.5011080028917179,0.33402861633783665,0.6316930596267185,0.4509230115223812,0.4437362161299925,0.44556976205629967,0.40520430264530716,0.4931171623580581,0.5073253936982015,0.3815277049296409,0.4511513945642299,0.20176796625231508,0.5768806420918451,0.6292203504665443,0.819001018428599,0.5542152611987949,0.6532761431658884,0.6218230424087203,0.261079731607521,0.5199369851768907,0.0,1.0
0.43629810796762264,0.17865098754695316,0.3846221317564933,0.5168295703338939,0.5954110460350821,0.5542065756162396,0.5389652001017783,0.7998251906442345,0.6437590753757733,0.4621955556275545,0.5160081593511097,0.26710016831546657,0.484307587253334,0.12493808385304092,0.5661286478967159,0.3109760530708816,0.5188665020828186,0.5135754540865588,0.6157125243761783,0.48822957006662754,0.5772263637890483,0.5944581508053646,0.41667412540146254,0.6196742130551689,0.5400224962809738,0.6844697955961112,0.4339218916958655,0.5711033231365145,0.3255522188276579,0.5816922188328164,0.37929261930059394,0.6735994619191399,0.6401391273565559,0.3943452893185022,0.6455334590676998,0.3974412854020574,0.6919662483144875,0.4042353094434575,0.4584571432436688,0.41327441247789537,0.2882169045555956,0.6209534697719985,0.30610648648400646,0.4223983419997849,0.35246807633494315,0.36318651477300856,0.0,0.6666153309988048,0.35530150090721685,0.49789980680826,0.0,1.0
0.41752806455428365,0.6039315334412405,0.6883586894226289,0.27074424369648076,0.6660279021583813,0.49954306674294613,0.532776020048044,0.5322135057390174,0.335823887172125,0.5779322574585165,0.3764016218633415,0.3083847497420973,0.45228757900473465,0.6308374782445759,0.4847790686344453,0.39177040168855687,0.5293098021116291,0.6566338106920445,0.4685270096051396,0.4145670975359498,0.7408781093023893,0.5135547305402431,0.47242710616905015,0.5665094828636291,0.49619225694590385,0.5163721858811954,0.40031265153354967,0.3427156095143496,0.29843962058220025,0.6127007634422109,0.1173130340122559,0.6924091373954215,0.6065621981172787,0.6946446274515794,0.5450759087716093,0.8284081871562555,0.682681091069816,0.5484773033634417,0.4404162668634179,0.5019115418961689,0.5937704964860956,0.6670582134767281,0.817029614791959,0.323425243352654,0.4835525684283774,0.6640151667467428,0.2877562561702897,0.21133916244481127,0.6035343313988245,0.490808768498913,0.0,1.0
0.45091245538029157,0.23082686256961332,0.3801182362494561,0.6686715792029417,0.7772224187555083,0.435664195588152,0.746815720527446,0.5737409811005701,0.7287257028045472,0.5595271689798367,0.6845006184406535,0.46064666144897853,0.6097068125471898,0.9217572528663426,0.4674861401990975,0.37575678730567286,0.4840692482486379,0.6339777545339561,0.44130998957868117,0.7620833447237176,0.4389333455476444,0.49229729335423983,0.5669706509891034,0.36658686224414005,0.5584624304311755,0.6348918316815554,0.4019143794836794,0.4066489953273923,0.4018152197296806,0.7327431222050389,0.5164953900756177,0.5374862557656064,0.6363622250934502,0.555680159382474,0.6062986298703611,0.4922991356968345,0.6490589427699007,0.4380573211588749,0.4190388857006572,0.450998752666793,0.21617485633701553,0.3243258609118815,0.46154642037866794,0.37998577004414996,0.5922258704668257,0.40891450855657596,0.6808508165852043,0.5533120552716967,0.5821810820029776,0.3895524151875076,0.0,1.0
0.6656013826506031,0.7635855127955762,0.7194508153928677,0.22213460456350315,0.540252817200875,0.6162895455187458,0.4212192781592967,0.6165140231298609,0.6634933346351866,0.35407055320870984,0.5295362235532286,0.4530489417154755,0.40254257631825097,0.6588108901101932,0.44054865687548495,0.3389990912201539,0.3082807982321363,0.639818504801663,0.3992066052711308,0.5313969655172828,0.6876502567138123,0.6197971871549272,0.3489836638843631,0.5688531231535601,0.5733262885040378,0.7750938425928138,0.5204976545103348,0.24397291506194116,0.1105267625291873,0.31444945473815783,0.3965224242089287,0.5482954012930294,0.7157071671768214,0.6465417845286575,0.25497772845375094,0.6415411712139283,0.5500095022939969,0.6376645789382863,0.6768551480650471,0.3175858257839544,0.47886320412768324,0.5557488896704907,0.45504574984651325,0.4949838327283173,0.5455331358741032,0.6419041690646381,0.4542962225638452,0.661410194298445,0.309995327524719,0.6068636426585918,0.0,0.0
0.19998571485329852,0.4391203687330443,0.5187665694552005,0.5321515898123623,0.578355358370997,0.47322823195356173,0.5639451054882489,0.48667247735780905,0.5735779578862717,0.34643579844241573,0.4387341129342539,0.20931021413603726,0.5780300311188968,0.4113266610243852,0.5810477587356703,0.698568890246373,0.3536199097351081,0.7802005557386104,0.7989041428771085,0.5147334086702431,0.6058781043508705,0.4880897091663602,0.42249088077629926,0.6981027123915017,0.5130502893379086,0.557397186671846,0.5415232750250227,0.7481986446106729,0.40406240274468735,0.3635988632567237,0.4136167359250992,0.3104627207950567,0.6478405648638713,0.34948307162745645,0.43034990561705355,0.3942362994792693,0.3963047826599971,0.5077846325583262,0.5229312831695366,0.49798510620510317,0.45986779520399756,0.36392196213501693,0.5377232557156618,0.5160021464770483,0.47894488697069626,0.6299289319236534,0.4570123714766207,0.5556987587875658,0.5882050396677209,0.48540810678272556,0.0,1.0
0.5730471909382137,0.507466010956774,0.6369378952926745,0.4761868322890161,0.626922443913211,0.4408126313979258,0.42347510743310735,0.5216587629721833,0.4489470855318646,0.6538239339355053,0.3549474402160362,0.5576740591841377,0.33020515539665724,0.5732453673639979,0.5804275375465496,0.7223379620913414,0.6489294595207649,0.48127647004980206,0.6392053020208429,0.46591715992406824,0.3004960427495915,0.3318843943010762,0.3733933256020216,0.26450693656480484,0.46156312404019656,0.6003846699013623,0.38979275860351054,0.5266490037153775,0.7240638116534157,0.4809557562471236,0.7476004513312965,0.45033943163840895,0.23291880579652482,0.5950661745832158,0.48496679562686845,0.7878346886818901,0.12817792610338838,0.4852551667236974,0.696680506029695,0.5244533904387955,0.3111669685688169,0.5726664082773486,0.4942567433159127,0.3326040506240045,0.6071350027774863,0.44869246126484325,0.5026988460265955,0.8257334135366363,0.585689075498227,0.5968232140111426,0.0,0.0
0.6474984789374331,0.23854653957105948,0.6709279782198587,0.4954686652745364,0.541424867669731,0.46866937821600224,0.44805083777287985,0.7275883524712902,0.43941506079815207,0.33115753648141,0.8038646279680103,0.33836031321643006,0.40574283504429076,0.6257421898319552,0.5565536443301256,0.5576519731132434,0.6845807082724182,0.5892221564520129,0.06856867515208062,0.4951086186951209,0.5753628409333014,0.4385420602590527,0.500300518152577,0.47213103736647183,0.24978151009269703,0.646570474791942,0.4863159797882988,0.5654926097009866,0.5309782991194089,0.5410655853339922,0.3441489583018222,0.5174294255301051,0.54185607762684,0.6711985892138339,0.40916787592584225,0.6398702984326836,0.2693488064906801,0.21702837696060745,0.6096905491573545,0.5184801664166049,0.4119100783326303,0.38304927215031587,0.4093568889136161,0.37074295012985153,0.32234335126241587,0.3789986007243732,0.5828222565986685,0.5950574791395498,0.457730799536642,0.6459197672286073,0.0,0.0
0.5863253798308167,0.5632813590726371,0.550678852912455,0.36106903288388714,0.4931995399708107,0.4621942169723183,0.5793698680279175,0.5299096084211352,0.6721375357163757,0.7672116532699619,0.41537565060098997,0.32615034103708457,0.5819095919567846,0.2672003587817414,0.7472113380323611,0.34009823386380517,0.2370522523539634,0.4597203495205222,0.7610315201585008,0.46525586817453746,0.690395548820243,0.4821315973454769,0.47538811823132854,0.5654290018182393,0.5773400547845174,0.6897826098247966,0.41567595969631477,0.5245379161584782,0.5507898780542533,0.640416156852095,0.5206793349562552,0.7767893331690677,0.4612798331876357,0.6504694645848482,0.43472257925277114,0.6242087112865722,0.4030168388597416,0.43961993835935537,0.6897055282084956,0.7148575650429131,0.34163692352315156,0.6824145872872319,0.38503024935541036,0.7523015219569141,0.5329896535560354,0.738969220924818,0.6309274648602037,0.6939349614348929,0.20280108517197803,0.4935563129167369,0.0,1.0
0.42085141930092573,0.38839652209315634,0.32326013456262986,0.47465035126249955,0.3645347606586179,0.13815324322268832,0.45850896021125137,0.7777490498807208,0.48415567173270857,0.7376726406696923,0.4275018224965979,0.42119302547542053,0.7092203984453211,0.3177053816095918,0.6627282597510146,0.49050869144965825,0.24028050282643668,0.31527293380434246,0.7631314375999004,0.5341442351424304,0.574776578707845,0.6515858373742756,0.4913634702188928,0.6787819672571129,0.5070960908784911,0.6570895191487137,0.5239461122880368,0.6251269880372183,0.5057704354192062,1.0,0.4864890316456412,0.47019180544870254,0.7881564218271012,0.42350481021390995,0.37629185561761014,0.5249872177211073,0.521175280897489,0.4917340696864999,0.44570148905593066,0.7132757970756197,0.4090854011055697,0.4366760686813596,0.49752513234207757,0.4615228158154522,0.6743465803875356,0.35522264928778086,0.6486516649402306,0.470001182990092,0.28056121870681866,0.3498589733174244,1.0,0.0
0.38006811642552446,0.48920535279973126,0.9281123010782527,0.2091127157806525,0.2585732675300312,0.5000931595809599,0.47907000183731935,0.3175127023918771,0.5229020761772332,0.1559515949500469,0.7045888009105423,0.5910646791093556,0.9951371914757408,0.4436514408192324,0.5147444656890622,0.37314424139453356,0.8318663549059093,0.23623337559950647,0.6119175593323911,0.24202559952394376,0.4339639106563917,0.36662431613900986,0.6405852169597679,0.36302156522622525,0.2872923430331101,0.5648434164709222,0.5581125338187901,0.6988602454343907,0.5501532384474963,0.4137554224305403,0.43551740271125583,0.2897092801912808,0.3416612252902322,0.4333392776501937,0.46049060287943694,0.47662078515185313,0.4964369127057195,0.4618759859381441,0.3368513044540388,0.4557395742669069,0.5405927049406888,0.6674413920890483,0.7139060171947785,0.432166955841488,0.6494928907748313,0.3701938684801126,0.69626515232478,0.3662232385222386,0.45731693474020535,0.3380394320789044,1.0,1.0
0.5510132887133481,0.38112289673294236,0.5327340766521296,0.5482551432958527,0.49190224280184136,0.49683047669039776,0.5345323547204699,0.5550577328229965,0.43479613454069427,0.343210152796225,0.4641420614954592,0.2791751677266364,0.17355844032430207,0.4891071348909196,0.36776979911545365,0.5894760039657426,0.48987658851864146,0.44805479109142254,0.5902217734056453,0.5138569729627772,0.25729164321606485,0.6166559863110401,0.34380049880859925,0.4742814880255223,0.4655833184227433,0.7591906258011546,0.47942202288241353,0.4236763688380208,0.5102673083324958,0.411557999242987,0.6788318545266154,0.616285642880703,0.45398335342408824,0.3726649806320737,0.6726000924997507,0.4151487835007259,0.38302879141012375,0.46806587336215794,0.43826546595309424,0.43960047541919134,0.2864591371625547,0.41410773428648995,0.4573003428453717,0.4388550444641927,0.7405980266751329,0.5740388953608528,0.2586943749414591,0.42540438418097337,0.48689770802096954,0.27338897417980734,0.0,1.0
0.3269478646805261,0.42497700947245987,0.41057983354707656,0.33263483410090827,0.4432654757734754,0.581263552144671,0.3184446825766605,0.30319387840043527,0.4676958445123758,0.5045199747195401,0.5626295484221133,0.4001493496430803,0.5537774386410551,0.4587521136886604,0.6396781795648138,0.4034655306075583,0.4717146688658888,0.6039742624693051,0.143969356070436,0.3618941374078155,0.3502758372150768,0.40116643547224234,0.4991414454200357,0.4406916467274507,0.3809599852357691,0.4622550662670499,0.39809854808883643,0.6339645369900818,0.38370372134070946,0.8507098080223603,0.31858180790575885,0.4213785263664163,0.4458808817323013,0.5332837295191835,0.39919304189278976,0.4570784371039334,0.5272769811205271,0.3979147291099448,0.7008350052766449,0.6684908154770118,0.47875800180880657,0.6785601119905245,0.4244894186053963,0.624833774094304,0.36987192401798347,0.5679392379281065,0.3504295125073135,0.3637836226352305,0.2833870157318689,0.3514147390669356,0.0,1.0
0.24394506546555747,0.10084968705317564,0.8532282925636758,0.32565490731352487,0.5304239130440632,0.4758634157413325,0.5265415330540485,0.5122588297353814,0.4875225541064573,0.8504075894657598,0.23225930959866484,0.4095361063176136,0.6717017466388174,0.31516376676007274,0.7105586974672637,0.6342697992691446,0.5528782523940365,0.0158277053330448,0.8286555850790631,0.6003296079945631,0.5146829310753949,0.3449474963760128,0.4032870146118962,0.42228183265320357,0.466676161951418,0.42374595811702764,0.34277566126016723,0.4153909078861798,0.44935539490798276,0.7261679564349216,0.7206745350286533,0.7029821609917201,0.3049678675581357,0.6593161513573417,0.6053119350245951,0.4666926950277753,0.48400962682245574,0.5043541755571866,0.5355095000193891,0.4715836695993303,0.5745410561965577,0.359398849598098,0.6325027471816231,0.5851392162774394,0.4992018036178428,0.2860185791152651,0.5708323409043267,0.39840729441344525,0.7442877375754049,0.6505792199386897,1.0,0.0
0.45006281433955225,0.3769318820828966,0.2775861286620441,0.2528633156692077,0.5060983447275018,0.7283570477339991,0.24606491862572963,0.46609829621854326,0.5556812644638417,0.3969146813405015,0.4084511262105007,0.46805986173907327,0.5109367822145652,0.3900386897299102,0.49678926872177376,0.5380948819522541,0.44295677413904033,0.7155895755818623,0.6188784840649989,0.4391681551622839,0.12378997799538599,0.2923970088042385,0.4744344296288474,0.46894078235012443,0.4335045611245934,0.3688804411488462,0.3934214643759913,0.5278138076624741,0.6755534128316655,0.6931767566564244,0.4374017085373782,0.4438237896491321,0.7637105618663339,0.4663692633925853,0.7976676934188193,0.7125946809828183,0.5168486463920832,0.4062747724394346,0.4061756036243375,0.5411223718065296,0.16706812474351315,0.5123064564383184,0.527885905996504,0.5221363379196062,0.2597145504269182,0.26889145683064963,0.8887624731823176,0.4926854891140519,0.3425248997991297,0.5331081437583799,0.0,1.0
0.313743829416761,0.6892377848214556,0.47365713499023515,0.4123040486431612,0.5308203730297344,0.3886771306704973,0.39542868755021765,0.3661851349629766,0.4185200255229271,0.22346051231935396,0.44145298687700596,0.4215819795337588,0.7442567926063547,0.8639283661338684,0.6257126625286277,0.7273724614319961,0.34784190221592987,0.5111379426183638,0.5799759561951066,0.42540632444831966,0.7211010686352572,0.6319728224692512,0.5445834315427444,0.47825549842956816,0.41786699765659335,0.4114874854145535,0.5042339232807194,0.5072213173573353,0.4412094055418285,0.36967030968104464,0.3839444028276361,0.17610657283478617,0.5094555050818417,0.5967898747578516,0.503786537633792,0.6343502410590864,0.4949174061021255,0.8181721971689699,0.30583083661059773,0.640262692906397,0.39120616980047024,0.3518972884288707,0.07209248163612764,0.333392959490456,0.5512237326972559,0.5201435874372089,0.7265600379766755,0.64602427346514,0.6311429808503803,0.5145846699296491,1.0,1.0
0.7937720484233055,0.5092114265862211,0.48129859598576996,0.5184676143262591,0.36205695619842904,0.5976086547053332,0.2783789820194531,0.3986648160096185,0.4806210152321428,0.25455821660851013,0.7180295352479902,0.33850137127633667,0.5015361175152541,0.3864684514829765,0.5589511396019249,0.5018038071423797,0.6357871556361786,0.11772785096385416,0.35523690305522915,0.5126811883097204,0.641750284714628,0.44001567305398176,0.6024271071552211,0.4013569749493285,0.41716938806768117,0.545936044891027,0.5907776936959029,0.5725465880167621,0.48080258981330093,0.23783844170218083,0.5502299129279654,0.43283387667218576,0.470137310642607,0.5750697657585954,0.7272458869178009,0.3702369962248796,0.30683333214789,0.4749509002072729,0.0382217005893773,0.23962196687774082,0.2190490339588613,0.44180050843404084,0.6541001564212825,0.2749981039239353,0.3015117686438929,0.40450258598996053,0.5064669963776861,0.5407916111046513,0.4936223331460183,0.5115170044092627,1.0,1.0
0.3270527667966962,0.4671566366864496,0.3937003237433995,0.7025025533055325,0.5984864309306723,0.6777596454995943,0.4596687963185214,0.48581148556081166,0.6989215481733317,0.3951053942110839,0.6946662264971143,0.49735363931350196,0.291521760877095,0.23473441869552072,0.46878164780070025,0.49143862896581597,0.4187965480383456,0.3084887351756478,0.3478067381958163,0.5858561980358199,0.19861370756837388,0.6195964724863184,0.4298822866663183,0.19761862178990136,0.29916993875195586,0.28597220967955334,0.4704243577629458,0.25449305308215975,0.44661773356417667,0.5008331906085313,0.4106843153268867,0.49449171747103493,0.48930293349590215,0.5615901042439055,0.601877275600237,0.4428451046835834,0.4293849761263713,0.6167044854429083,0.45874574452632305,0.5322061390686152,0.18911732997923494,0.4695106169465067,0.5280044331075899,0.5276357864435307,0.4262720492266255,0.5111934177669587,0.38707922683708257,0.8053095008815705,0.3429450816740927,0.4499121974809562,1.0,0.0
0.5373776454635534,0.48364756816302373,0.45417757442378515,0.6408547208666688,0.461652263726999,0.4245368417721181,0.6180279000499139,0.5393839733953851,0.6913522548893716,0.22947396103064896,0.4266699462064353,0.6409713886197366,0.45634196247987635,0.5659425202406184,0.6254126116634763,0.5777495848568249,0.41465648679848355,0.49794743943986974,0.7075206349425639,0.39940177763416057,0.6018927500569081,0.686616255630455,0.5351059338258036,0.3492749404320449,0.4307711241983672,0.5147211078214157,0.30297528284124675,0.24710242768739457,0.5082793816115697,0.5320992762659544,0.4086876767683261,0.5253623239660322,0.45404062660695693,0.4783045861176154,0.49448067034580184,0.8530273688381327,0.5937661490697181,0.8086782066181496,0.2815453398258468,0.4445086655767089,0.40428358201170844,0.4596389543469322,0.5069820815953391,0.268249398270302,0.4453463023597463,0.4011279299039834,0.7001057239479075,0.7697392619054203,0.4289206650253484,0.3868169966016258,0.0,0.0
0.5842024110461852,0.43273162159567713,0.17337731673740236,0.5940454455318185,0.1219094253641338,0.41959989147729543,0.45116997508704465,0.5824308200502923,0.6476732404698187,0.6699567233239586,0.4830029497995656,0.5279687816090974,0.38694169168608256,0.5421355586936345,0.5690040905268444,0.3453309827589271,0.6227668484131408,0.3320990072432958,0.49604898146062437,0.4268289107119639,0.46890249394511535,0.312396157742336,0.511000181347308,0.4594333265555257,0.4415811992773661,0.5926099188757304,0.3218416209219487,0.7704627121913938,0.5597686605308005,0.6198357974748709,0.4943787583776713,0.545652478374488,0.3310786522581611,0.5530901081032339,0.3388591015265287,0.43670203912829963,0.5121623007045436,0.7100705826029311,0.5461373980129441,0.3256661464655952,0.5392008725233408,0.3965457566033539,0.5059886798912013,0.3946525579246775,0.37244255711625324,0.46293286234924524,0.20585046332677073,0.261352275365727,0.6704069315959936,0.4345392399765074,0.0,1.0
0.26628441858862123,0.44863990059681963,0.4521055377059686,0.28306084931704184,0.6731629921811527,0.5003497420940763,0.6987550617974123,0.6192139588701596,0.40704763417451345,0.521371445779444,0.524384916306914,0.46522489536888817,0.5613917354891785,0.42267118613006494,0.5378385813049965,0.22710411310210754,0.4765515013787952,0.3830977622709889,0.8817950113227847,0.6131711390611382,0.35970350668267126,0.5247741012948063,0.6023495904407745,0.5408191671663447,0.4541032364026275,0.36208382148316054,0.4038421579996838,0.5066871436988136,0.3206831492644258,0.4534284112601238,0.17237544897040127,0.7459403669710233,0.2346841170464694,0.6488656685503196,0.3908324238178718,0.27606986283895935,0.6040167148292824,0.33746678926121004,0.5482870205170628,0.7554432016519794,0.5285406918208682,0.25443855876535304,0.6118316194075324,0.6003074176034126,0.5269102916030902,0.4284372855172622,0.45388537847958454,0.3732821765619612,0.48016176023217416,0.6835366634753562,0.0,1.0
0.8429566680453303,0.5680149626753758,0.6382222774756927,0.5296837405290273,0.6130949677547525,0.5450528547793545,0.407766941542763,0.3214543928035268,0.8884509166996727,0.26351288544574775,0.45341041885989847,0.18507148075169483,0.449209464553365,0.5631845660112597,0.4828330834100866,0.5788122953536602,0.16915083912940013,0.4248166698226153,0.6017674872390499,0.5578865726851695,0.4320820546892986,0.4843278038146978,0.6046593874274813,0.664560299056482,0.31037250389531373,0.5683774222762286,0.5106130050535105,0.5927655306181633,0.42089681573143417,0.6487947030165647,0.5029434632588026,0.6754332517410974,0.5269188624087323,0.6889640757670763,0.6122311402690659,0.7039979114813746,0.46631759221217184,0.4756155802988282,0.3367711120477746,0.8923298627806541,0.30998014550832165,0.18941126947639966,0.4427529039555746,0.5980515730230701,0.6811155223955336,0.5328806793096426,0.45014068494473986,0.6504452883873894,0.678228671430082,0.4837257959074315,0.0,0.0
0.43661334788629425,0.48964577631679057,0.21822588552075542,0.5670217298784922,0.7315091731724868,0.6242304719642788,0.6052025538094268,0.5549010691845389,0.8101313884172023,0.3519946546166842,0.28906807115700023,0.53216694023199,0.31716945689742854,0.4711667574041131,0.5207224154476314,0.45547226352583153,0.008123060058488552,0.5023692205146612,0.12869189781555443,0.5245457426176365,0.7057055045974496,0.49857601831404197,0.37100343786742923,0.5348078974937408,0.47468115701612734,0.4676994192026354,0.3066632097435789,0.5438222670867431,0.46818475645117646,0.5688702119969331,0.3337008068136515,0.3569440148474722,0.6185744882261264,0.495878252898682,0.3897867035561263,0.6158822160690542,0.6257327507902837,0.3534126084090575,0.6248842786117168,0.29796530998215004,0.695951803156517,0.544621218792438,0.7673550028997513,0.7015224671128077,0.44879236706020004,0.509262920441352,0.49960438370890864,0.5067171927462896,0.5997259044242383,0.1819731361063433,1.0,1.0
0.4326995707708516,0.5664516438573045,0.2781137214530921,0.3427675733493667,0.49909224224039844,0.7715653900988098,0.5482913529641806,0.5390288704887395,0.4817762891404559,0.509298656283551,0.7112824069628416,0.6787274639441253,0.5383066748538616,0.5508674575198969,0.594315380626372,0.27927373432385816,0.6022583092318516,0.5288914291805671,0.7475964741156493,0.5329899135984728,0.6488626151237235,0.41506688980021256,0.47169740038787544,0.2711187935622824,0.5444038697205044,0.45743374765164097,0.37418141896322,0.38078431449342287,0.6850467719815421,0.34729438409304586,0.5664702726932822,0.4725368156279504,0.5590242887680996,0.587106909346692,0.5289591078672345,0.35395880201133617,0.5383269203431649,0.7205796146883674,0.47876287731417194,0.543850477280538,0.4700661570223101,0.42391898757025737,0.604393537992391,0.334687343141774,0.5735412827105457,0.6110407284901476,0.4582894477521459,0.6419130328659959,0.41072999056330495,0.19282143527232554,0.0,0.0
0.7106809312683626,0.6888998949229408,0.5550323159872462,0.6803831379990494,0.3482757195470499,0.4881360403948395,0.5687365841803111,0.6673640799003249,0.6974168791576317,0.6273429364484533,0.6797275028174695,0.40056450161151913,0.400925090518758,0.8815430138873351,0.3900935924787766,0.19362180533459858,0.34773084391963077,0.6179138433777329,0.2657041081687305,0.4100261126442813,0.667521686465591,0.5384999855833931,0.2958478678219365,0.3127594349024035,0.4152426064390105,0.548214638953835,0.5219173662993949,0.23908440143238352,0.2739444454701206,0.47569097040031405,0.5820104394639724,0.4926426598405197,0.5340840785660782,0.4491076661032952,0.6338943100716179,0.5022145693019453,0.45997484453089177,0.6217561125153224,0.21959286560868593,0.7478356949463778,0.602357004791869,0.3259905989138132,0.4429027043105468,0.13988717632897574,0.44408603797238416,0.749052025625764,0.6412776780922637,0.14701351671505228,0.4574763188372649,0.3688839084887647,1.0,0.0
0.4652089982733507,0.36892275057771073,0.39459810855932437,0.191522992232678,0.3819853587669597,0.691277772356295,0.23772546765832317,0.6666895684841626,0.7291672881906036,0.41667198365449265,0.5594295813622286,0.4352751590432399,0.4372927526200133,0.7270619386506771,0.6781910425063419,0.33361079311680436,0.550694956580485,0.46295791204936587,0.4315363731933226,0.5978452327885981,0.5278638621346797,0.40981627076398763,0.6685673621067003,0.5312774383504613,0.5763739572024444,0.6007480756021537,0.5271809763790524,0.6987756686093793,0.334958669137823,0.6368342296695572,0.6230412913088829,0.8317738692126767,0.718049581652873,0.571115289257122,0.6316570815631647,0.39138200560141684,0.3044730628899027,0.45325857768880834,0.14005469683549623,0.5557041715546495,0.3937458321272424,0.37796576009758787,0.6429518319235159,0.2808980789159566,0.5086014333523043,0.6863331073986898,0.666973401894879,0.4393083480061093,0.6919380270110427,0.4959649985830378,1.0,0.0
0.38888823031200836,0.4755547420550513,0.5281115235523816,0.46733821331268777,0.4930199306347004,0.6472914359696867,0.6495194499968888,0.34300147312931634,0.5240130068838782,0.32889895892117305,0.42839712721256906,0.42792992233226945,0.5728032275827486,0.48103187259369934,0.644861312028139,0.2761528983743071,0.8383809823395364,0.7192556340404248,0.5808600951791122,0.5809699375248422,0.4958050997452932,0.5532023836279821,0.4624894881828971,0.29896618082099935,0.4201396518285889,0.5338167546871242,0.608365127314362,0.5275153632042981,0.649569660406024,0.36147725841189027,0.2621265553775247,0.7350561167668627,0.7500861980881216,0.39011290634219603,0.5430708549402747,0.36800920715623114,0.47069284636931474,0.6697376948978012,0.27470675551861534,0.43835690225261686,0.5848984937624735,0.47160146872120534,0.7075840656374369,0.3193663509407559,0.4989741779174285,0.0,0.6158806911466899,0.48295485806234123,0.6548864278479254,0.4621734653037621,0.0,0.0
0.463410469077394,0.40951193694452453,0.58464698931176,0.4375026718205803,0.41718800525356237,0.7281044245906446,0.47703728781551397,0.5210932459346111,0.24529893699778424,0.482314349894712,0.458748753318621,0.3660671025301111,0.7290077211924918,0.7775749903493879,0.40219093539835027,0.5181233380380177,0.5263348889918307,0.4726982079640798,0.3218967884666775,0.6972231886663717,0.3190964129292668,0.040915885119671265,0.4215615035814926,0.3921711319762276,0.3262441640450844,0.47224887209168476,0.47886862959628423,0.3731784005937174,0.5143569267787201,0.709962083285043,0.46128155622853095,0.5517890480162949,0.5400501060886774,0.4247539729702711,0.4250603451552409,0.6480917267045277,0.6166385344467833,0.3976336233532099,0.641626303625994,0.6736592716948921,0.43542504512129526,0.3434022044085506,0.40439110787201293,0.5350470628900521,0.36424982422596963,0.23506777716192873,0.6379985752647915,0.7036633164252022,0.3163270446340733,0.5582931364409,0.0,1.0
0.6060240921893174,0.646845156664519,0.7065858607257433,0.48936333717430613,0.7009639283842996,0.3724451129991293,0.5152110329897437,0.57371565638131,0.5814029396115401,0.2659182465991773,0.4084047258871988,0.4158159320042687,0.4335601175783165,0.4549332626240004,0.8111150649359685,0.5522274819786689,0.4284453727740962,0.2809412268159819,0.4481465854751504,0.6391207826571926,0.5297111251230807,0.49889588464391144,0.47885812657544224,0.4445765634700027,0.44240017061714576,0.5647533884177773,0.5626982504442166,0.544096238567172,0.40885887582646074,0.42046645917925907,0.5644147073612852,0.6777098949594672,0.42866344703079023,0.565129771526675,0.645544050924811,0.3761980763683193,0.47704589405893355,0.5202234592727294,0.17542679446990042,0.6387293533822026,0.3624607538842872,0.2705353492456064,0.6485439215038953,0.48438445241758266,0.36634165178137995,0.542554180425175,0.49710003813817205,0.5570355867721666,0.3777159922640955,0.33315770136511424,0.0,1.0
0.34161297059369117,0.3388448484099552,0.3732421491404188,0.4663816671279507,0.4989320477797632,0.4655421507056621,0.3758004143751866,0.36265936765269174,0.5406284934981535,0.5653527860024818,0.6261104062028764,0.37905915180102434,0.48384132896552984,0.7302216631244027,0.6822178548047838,0.5028631652702666,0.6718214688842981,0.2568610286570596,0.496004634014671,0.6733648514388257,0.33102469619290503,0.7857995197522886,0.5359789895369407,0.5739788579405948,0.5812410204413864,0.6053148795931411,0.5549905830730446,0.5074536855860691,0.38799084412710605,0.49446565537169035,0.518505977014366,0.6313682811364859,0.4701786656991656,0.6641831187286427,0.6155047208343727,0.6222060022842693,0.44945226999559457,0.3293329521928202,0.6034625979118736,0.729462911732126,0.5177534563501041,0.5033133389286109,0.5895172286772741,0.5707863080364689,0.3610647647065023,0.5025955546040061,0.6260242086069655,0.5389832731710308,0.8418999275243655,0.7555387494357116,1.0,0.0
0.5537469051849853,0.5457369893504823,0.47623540908994566,0.4392600705752974,0.6747448920641511,0.5361473010050728,0.2563182359022892,0.43441539235183374,0.38861219678640707,0.518113252660048,0.48714176823926825,0.5507252516112234,0.4568806936503505,0.4531046964463565,0.5945293877496742,0.2522912837901255,0.46155788854686197,0.4984247072496003,0.42041209082763975,0.4779367930701623,0.2680926378430817,0.5434199116423557,0.5322045299027082,0.6751966247446263,0.5624944064159478,0.7062444908475511,0.8168595608130947,0.6783941732449027,0.693078979272364,0.35860652765461326,0.409933909178031,0.5663343868687072,0.7013803197223643,0.5207357060819886,0.3009417467191987,0.42606426975092393,0.3068794629548219,0.4816226109652866,0.5447465163394112,0.40714277246364944,0.1992023555242095,0.5408633193305283,0.5698876010827473,0.4485225812897107,0.39276724452234385,0.38216313958470527,0.3388186709763722,0.3314083876633447,0.6564655153176315,0.2494171807100413,0.0,0.0
0.32145692872078996,0.03002791170029467,0.655234263576066,0.38659357188696125,0.6981200678366007,0.6256667624204006,0.32272991269474427,0.5510523826770468,0.4235240641540919,0.5263269018996011,0.7181532452654908,0.2787522111864613,0.5401035879638779,0.6218053077515998,0.5780663159097473,0.5963115068306503,0.2925696788198742,0.5202457239025383,0.48262030658023347,0.30414482064600873,0.3237340662023821,0.5204361121858374,0.5512677631020612,0.5834973310936706,0.7227076131717707,0.5883751378381064,0.39230985033591265,0.5077600540271784,0.5227128622220567,0.523923795186234,0.5182782649979322,0.4127133390547023,0.473433335897806,0.26570978523883443,0.6654331471009394,0.7650850508837223,0.4991180675692687,0.4976938730715938,0.5313404177990564,0.4856894973789933,0.27057586337374395,0.42046456249783093,0.44457475592184637,0.4451775410410024,0.4861374731158865,0.4964241160612481,0.733618780787474,0.5804907759883138,0.562101368450297,0.33175298307427226,0.0,0.0
0.34004508461812794,0.508517679197081,0.3301923421071718,0.6610713636291637,0.4397479699685421,0.3227807447412394,0.2634446781414189,0.4269694558546711,0.3613947500849867,0.398654819326174,0.4547136995676399,0.37102811208768777,0.610105797354042,0.5333546263019184,0.7095632538150177,0.4275511873977594,0.39036221467208604,0.36098377094228856,0.4708159884156585,0.462074731344062,0.41523121768207427,0.6284416617191135,0.33450066881901874,0.5068210681595668,0.6396156298498449,0.6144736214958417,0.649737503740967,0.5038146263077278,0.5171690169741555,0.771648498136572,0.5612018241764126,0.3111173855824227,0.6477359964079927,0.3802237618726651,0.2530500755706803,0.584019095337822,0.6481154472383359,0.48383719266020864,0.6523294142687135,0.550067069179009,0.1994926345776073,0.5884004429327367,0.661685095231471,0.5837126613033153,0.5630079427436933,0.39086189780612723,0.5550471682507967,0.45356975882990286,0.3637577660538839,0.5266450401396291,1.0,1.0
0.7884345246725785,0.29962754269850467,0.40640129839192163,0.6820077354513414,0.5240917393230394,0.6110151242661598,0.5314334852538503,0.5893630580525914,0.2276863566655458,0.2558193218300715,0.5827822333332383,0.46053009754587704,0.3955700616764374,0.5545818678404536,0.5793227829545885,0.45492861735041,0.7253439179711136,0.3109817836146505,0.7305275005542075,0.6290633007757563,0.7088411497589034,0.16926815386984628,0.5418089553824604,0.3842025778913759,0.2966116488125889,0.415092253701477,0.41966771378597134,0.3629491444806441,0.6007597165885272,0.6078956598348242,0.3414760456403794,0.36061580130433424,0.6047204344678487,0.5094984657830502,0.48565007076951616,0.48803218870869486,0.695120277941508,0.34286073336181305,0.4141327835494845,0.27041796318691114,0.32520266321808816,0.18150312891914505,0.704683565794233,0.4955950718366542,0.5021632066669103,0.6401725381723672,0.754273100674779,0.38886824556312377,0.3720040213370215,0.42531091433268087,1.0,1.0
0.21105630050382895,0.5178942005638477,0.7550174113041751,0.15944715861038608,0.5949226870141036,0.48534173672895914,0.14577418743323697,0.3391394074464477,0.7042497883968194,0.5589985812816928,0.23623639808310942,0.5821149564329148,0.5805269603066684,0.4475604236674583,0.8030529754089875,0.7408213546349476,0.5209324395555663,0.5028879529132804,0.5909406194443475,0.536491462056368,0.48228934968350456,0.4635811458040106,0.3475423880469251,0.5426940918980768,0.40386190342714406,0.3976995298230461,0.4832062037994753,0.5214530201186274,0.19441990334837977,0.4074962390054599,0.4499030879260694,0.5375674597818593,0.24720995579678573,0.35555791368265544,0.39960655410465323,0.5527318588281225,0.5603497370950266,0.6671514513830739,0.2089044753023231,0.5999922393609315,0.6718201288718704,0.36394741268995634,0.5768561586413508,0.4901986708525464,0.5048822505186109,0.34467209930079523,0.8121383069253044,0.3001310274356255,0.6452845421353591,0.38705935216083565,0.0,1.0
0.3588203436410535,0.62440928928721,0.5290351190059066,0.4655401487916406,0.6050731658775508,0.6458183153153355,0.3765161048547022,0.7980008550476007,0.6494176728117946,0.3563557462348284,0.6462947279671577,0.4485121168289031,0.7884123309656704,0.49260273750470196,0.5511918918212159,0.3476435181356399,0.3957897989232931,0.43853589872621485,0.45379612060046526,0.42101158128940425,0.47276867277906254,0.7875586268505749,0.7188794408869661,0.7432072892234486,0.4961520082732784,0.4802735117347606,0.3902493266444456,0.28606585410304786,0.5544720505511266,0.3919521867397695,0.3943536217414476,0.29607902554922294,0.48935309297257873,0.5869963002286681,0.6344000887135575,0.4934536970788833,0.851212523805293,0.713093860261034,0.3912052031451304,0.5564617260402228,0.286594571812812,0.4729249182688203,0.6539357444643836,0.5053026884551324,0.5099655465946314,0.7284014405331681,0.4475591541245596,0.724311980786225,0.4002387396066946,0.25289003222815926,1.0,1.0
0.4175055621718737,0.49119722340717586,0.5448064678268715,0.36826663045833197,0.6565367946055726,0.6029419481485165,0.2877245149314147,0.63650361637332,0.4987565734394553,0.6646914565454788,0.4398344816690085,0.3911829572696938,0.393740548741744,0.4456849009344095,0.6231589035371742,0.49850231045107296,0.5623190399369732,0.25963777767250135,0.6251678827782171,0.49555058912959554,0.2828284799247558,0.24073762554986372,0.5491250957900815,0.4583578319998298,0.5952886010773643,0.6703158189816881,0.442634328617153,0.4274617635610045,0.5584786504568704,0.4207027261918884,0.7790739529736517,0.37439532436053435,0.6500118887927107,0.609144232679416,0.5676057013974947,0.6519675200183223,0.4852980259994697,0.44015555927636435,0.3855713859618388,0.5465156899504767,0.5207157572985008,0.4989070873551221,0.42980009939849667,0.438661271577801,0.45978047722268045,0.33951981317042923,0.5669551825883138,0.2612530310454222,0.5387354122081404,0.6226019892666237,0.0,1.0
0.3411044260325594,0.4150112253324181,0.26663450613141726,0.5747116165428677,0.6067601961097636,0.7200003495907398,0.46242077159974887,0.5251284999327392,0.856542111935414,0.5882050274381174,0.5991492502093518,0.42055792021793426,0.6108550807601715,0.565477603175656,0.7196984611111666,0.2843088892806073,0.5575503348658748,0.33215237086617005,0.2819338487403725,0.5727003823939953,0.37377372868107644,0.31481170417964804,0.29906098914360796,0.440626948354933,0.5356475226522787,0.3863849539904056,0.42067175449328376,0.2587879103915031,0.43057278185029235,0.592824511183429,0.6030821939166203,0.45126932620105487,0.47922193831342624,0.6017127349050001,0.6697583585681142,0.2935844842087787,0.5815068310065611,0.3558766491282282,0.47421387515722546,0.5207572661182936,0.5410975137507521,0.4901507978359516,0.6340293907003879,0.4795708405261191,0.3835592878121133,0.5999138764713245,0.5764817061665146,0.4400450348283268,0.4329372590169892,0.47299636304423837,1.0,1.0
0.6951386867217579,0.5337295516758599,0.5407318111340182,0.15547500014972646,0.5308879685907769,0.4307905430089196,0.29614124157857674,0.46015849721702606,0.45422536395175933,0.5272898819203086,0.5194109333439987,0.35359081701179,0.3908177253841091,0.8450948508764641,0.4645275845393047,0.6590313970634022,0.5186569930931,0.6273540358929187,0.47220340527716803,0.433418388413473,0.6401452490174662,0.5495311068590227,0.4607325148678766,0.7223187577815658,0.42795562803077825,0.4219227483961732,0.35601063362545105,0.39000567193946856,0.37525933681191753,0.5384497941554507,0.33751027968841957,0.6198517630363293,0.3590342793657819,0.5692323024563467,0.7056038985091585,0.5739466141796372,0.3690460494118742,0.606070494849625,0.6410306041594813,0.508610906888365,0.5042269935985969,0.22315670580671165,0.5084720916664852,0.6046883956627335,0.7715150588904055,0.6385585254686473,0.4112994951158786,0.5219242443851386,0.7899082220277722,0.47883715859863485,1.0,1.0
0.4174660791358921,0.6149552948443021,0.4267179075881417,0.7668622885807155,0.5100532377237822,0.4796156211654521,0.579400179057895,0.30089680244964534,0.8545240718405095,0.5130674299634863,0.6762597260289486,0.3195918473065721,0.6210679695954541,0.6170978778425591,0.3808104007729569,0.6644162794664401,0.5590278459468327,0.3179590433647828,0.7316943791475983,0.393596554650429,0.4577477104465462,0.5897926719847296,0.5120648322835379,0.5446868766935463,0.5115772056289638,0.4760645777895249,0.4132888123664765,0.5645677359745026,0.4545726375414911,0.46460791358034953,0.43470380842597356,0.47081381666705624,0.34938668805056544,0.41068166376036613,0.6492094654548674,0.3013255704608362,0.3649248343310509,0.5516890101980064,0.4693088854322844,0.6283925588308117,0.390371033453184,0.8159380995197384,0.34887959949393926,0.9276442938995023,0.35375433093582737,0.6610803675651566,0.5558127328335275,0.5468307587993076,0.2610533717085843,0.5087962297218916,1.0,0.0
0.5014434320841593,0.35807600870387407,0.2430509215823906,0.31043741567962607,0.5969220213553562,0.4461924598250051,0.585332208192461,0.5258985870715915,0.6210164737529096,0.33259534646968286,0.5449182775605406,0.4579272405684348,0.4684437359044698,0.5699606676279876,0.7453711320935633,0.42364057265586763,0.23715707598890914,0.3913320550191376,0.2704332365010875,0.45230643936145226,0.24023518036445354,0.28903455461972455,0.5132578872872545,0.5804069790060219,0.5334801692894988,0.4862943185195792,0.38236553686593505,0.3405271869210425,0.6149707485881003,0.578737506204027,0.6005940668608979,0.5682938732849204,0.023294511889773474,0.48115453491128185,0.7286271304726181,0.0496418151233887,0.45467832583381423,0.5063698324895608,0.6434019533503824,0.5348422572506432,0.544462186570979,0.5199765336990498,0.553211764109266,0.4161820454306187,0.540495175261059,0.7713309024786507,0.49051833666531414,0.42303911275974126,0.5473119912456169,0.19644703818711995,0.0,1.0
0.11753258769357548,0.6083072992492954,0.3975544393838133,0.3053703726067685,0.6876644422104208,0.6374886979471855,0.4609015335084204,0.37062588646705474,0.5437343264767471,0.5977619807001704,0.35821021956157534,0.25746350567973025,0.6009101155887864,0.475716565445777,0.7359119627937332,0.398398302175397,0.2954910212914217,0.31911885560929565,0.4789926030076533,0.5349325243204036,0.43006141684837385,0.6966156567408818,0.4165299646516812,0.3378016484085528,0.2603698661891189,0.47658324338458863,0.43164067434895376,0.4401437388012057,0.32299894788634276,0.49664361043431565,0.2586788519743201,0.4993477906438143,0.7342113174581256,0.2365902251906274,0.2504058123185207,0.5849876926364157,0.5419451933948992,0.31117258271407183,0.5231667242481415,0.5028399465030899,0.4947524026384354,0.3952530482709734,0.5684841035043555,0.692014765033918,0.5039271120421601,0.4075864557748694,0.7390224437433451,0.4989047717452541,0.40517635973696514,0.6551802826124367,1.0,1.0
0.5276710036281618,0.5363028990053301,0.24197566790846736,0.4083497447276433,0.4862532042724293,0.5719092460543183,0.5648441042382076,0.5394092016743478,0.7707571205316411,0.3185158778413242,0.5759983096845309,0.44672428943855413,0.38545193844010417,0.36563864885049313,0.6198528767756988,0.6878216159321402,0.3070403587158714,0.5187013812268917,0.2841588541671264,0.5242789088073387,0.6625665919284114,0.3944869792753106,0.5289370184694815,0.545302877099404,0.6082437566995246,0.76224911364216,0.6648361903119956,0.41978579081886624,0.3037595893351604,0.37883003447045194,0.6847745761498939,0.7136328740003965,0.561119291675759,0.24039393113144364,0.25734219211043874,0.5179193633471293,0.35803801189728884,0.4549222213866389,0.44924184605298745,0.4126344542661654,0.3208837571624928,0.6960469092389621,0.44083024076234967,0.40553126483049234,0.26918095133865966,0.5356494755534965,0.4967678458951726,0.634696362661904,0.6480744586110908,0.2109646904226101,0.0,0.0
0.5539640697786102,0.5229184804887869,0.4537435671195661,0.3349362956220834,0.4947500016441189,0.4917177070441591,0.5626582964920248,0.5270567185400749,0.6704972800473422,0.37114739662118473,0.45214369182825404,0.5172270913581622,0.7109751228900612,0.3852181062506786,0.5707962804693325,0.4626368690889713,0.3306228300845748,0.45574165382430665,0.74522196774387,0.660403101220111,0.5394022122233841,0.46091043534041826,0.44219048748621204,0.5246289695362634,0.2541710185278087,0.5422560554658512,0.5701576337113836,0.46964945104039096,0.6014555631314134,0.8899039999742588,0.445624931992526,0.5069642613465889,0.37183543385113055,0.11965301767977427,0.4154355233171386,0.5792317550589585,0.344981185557643,0.46636801824036,0.3872515434197325,0.5786744209767117,0.6763867177608767,0.6231017224408998,0.6912923042517778,0.5688741826614498,0.4913329215556711,0.5129385015282114,0.25852816658471384,0.50624553268562,0.16063640243570093,0.838738175190846,0.0,0.0
0.4118396563386783,0.7200926761445506,0.479775904193318,0.4785978327076418,0.4031601293770956,0.5083564121301543,0.548458937518592,0.7340839474276518,0.2922271821384495,0.41675145441281053,0.6792852028221192,0.4521197115193912,0.46553831406931845,0.5357778464743316,0.683680497312068,0.5626450327230971,0.5966481024797775,0.48918866967395247,0.30198222477970027,0.7208739412731039,0.3444893183660616,0.4540940860727599,0.35776794656164695,0.44669439325632243,0.5085003757438576,0.7470741598871715,0.5250448287430374,0.8597675651290181,0.37217060897851256,0.28587794440097763,0.5278433620781192,0.6416855398949324,0.7244956354660357,0.4179912485489756,0.6372702902253602,0.4867828315008538,0.5626434783403019,0.6110132793258608,0.3990142599149079,0.5552837333532747,0.6680843865280519,0.4141381596363945,0.5596647710644963,0.39737168600612194,0.21599874646157097,0.26640678453364114,0.4111265211521483,0.6284695161631811,0.46101776576659603,0.5380579021084291,1.0,1.0
0.5863504503849697,0.5019100928709661,0.35225331188652015,0.6183710534517388,0.37293747560128043,0.5768722779136627,0.6622357600026472,0.3418483957310329,0.3572388095762302,0.4793537007410544,0.34820006114416513,0.395593082172012,0.4381687107486135,0.6435330966816907,0.6468650381552233,0.48339834509759677,0.19674233975486877,0.7300650176109811,0.4365277235608414,0.5466082298268045,0.30441785821825645,0.30916393596909614,0.531647933025571,0.4808072857902612,0.48135512606847625,0.46471471127080904,0.4808966880510076,0.36757192397492966,0.5295311624811976,0.5110880940211757,0.33746837543803243,0.37409762571143435,0.48706428891360765,0.5402915229757833,0.4311930096409832,0.5646653400677576,0.5891643129879333,0.6035231728488842,0.6839734458390702,0.3140981487164944,0.4928661398702854,0.43782624383456903,0.6030533530186536,0.3583650536158952,0.46080278282663717,0.2680907592707761,0.518399169785342,0.6639401185652534,0.6228668797117729,0.28220982293016406,1.0,0.0
0.41098406344963856,0.4782974849396016,0.25255906578285187,0.5049910740232346,0.2732495044747812,0.5612012423500411,0.5858790441577941,0.4706483995691904,0.8022387514594135,0.4809905309102428,0.7302680095373217,0.380660972157783,0.569582355966684,0.33580855732675113,0.6058033032319313,0.35444542443222066,0.5333787628678225,0.4637125678700114,0.3381317656310991,0.7236308556486597,0.5525758961742125,0.5864875033019917,0.3904719256596598,0.527975982750717,0.47442022459955996,0.3987348606307395,0.5498864764102322,0.7015076124954807,0.7011792248498728,0.7996258534747803,0.41555171521056333,0.05727017186370656,0.6609172022438639,0.47939535295541896,0.5046527288166881,0.4540329308375018,0.4359902502901839,0.3457221241960367,0.439546012023157,0.43881126827276135,0.394987129205566,0.759304490049569,0.7891322388727601,0.4752938299224122,0.26936946484218355,0.5160933656253257,0.509315252168821,0.763957083660007,0.4199331783831948,0.2715270249212316,0.0,1.0
0.708011523627419,0.5457265299105102,0.7537176281193972,0.34905605863447103,0.6077630712802519,0.43891888350721625,0.40921469389566845,0.6384800270909604,0.059905486725797805,0.5558866178669569,0.14922279920545414,0.41871856650117956,0.6034817010308332,0.5839041207026845,0.607604444489557,0.49653987596431803,0.23843914239475372,0.21835242947620065,0.6055242917746192,0.3916519163237471,0.41469993746639766,0.3981933914608408,0.5785590538665172,0.26014811722921516,0.6812968980151026,0.561763599624846,0.6054323940581641,0.42124441472960406,0.16106427907750595,0.44139238823182597,0.6540012420058271,0.6957936393737586,0.5146221672120461,0.6971044547864267,0.4136973749696975,0.6074466288915252,0.5294493173108862,0.6789716860945495,0.3318502095861004,0.5579431591246107,0.44407004953541684,0.8169854705450812,0.30080669166985513,0.42679795562658773,0.8552012681128166,0.3331843199194205,0.3191425555569878,0.47211770722149526,0.2456767932231786,0.3666827044252437,1.0,1.0
0.3927197952073235,0.6123767800872008,0.3559225962098295,0.18822366622980238,0.6069413864335453,0.6991941776488461,0.6407739454431762,0.5858015487802586,0.33641551175519474,0.5914611843772405,0.39588160382621035,0.5027472599150972,0.4740921817694005,0.135852966768214,0.5394754240831391,0.26039554561659584,0.48773624003808314,0.613702464550081,0.7063102056616936,0.8870624941421079,0.57401841212786,0.46965754322890724,0.37066815974005046,0.5825295156806299,0.8784195607088257,0.5729646193268678,0.4394844891390396,0.6083755162757872,0.2930869538199017,0.5176255228162621,0.5601758474364126,0.49141255153362756,0.4981957377153939,0.5276746680820957,0.5297174413002332,0.724334922689716,0.42328533804456775,0.6184628740861512,0.3343956245668307,0.5105739096046192,0.6035717222901134,0.5312405120138769,0.56975458842821,0.6645011290095807,0.460924731708919,0.545801153913174,0.3057939634141457,0.5668889639106096,0.42545940652012537,0.5070422740114967,1.0,1.0
0.41515496910644545,0.41526735777916435,0.2789665230557308,0.5956289931910212,0.7318601310255279,0.4965787766087067,0.688618773812252,0.6338852291009267,0.5569457978590333,0.4227833137410402,0.5228250440119505,0.46089658371436,0.5243899460612746,0.42831214052632904,0.5027605873231334,0.6815912123214186,0.4981981111119056,0.6354440833974802,0.23808385727738063,0.5591671457511315,0.4874918051463238,0.4598817287653489,0.42194460197895267,0.43502781713435756,0.6436919785553673,0.43584446896994516,0.5871095047549237,0.5961230905441808,0.26337330166773004,0.6866559179419801,0.4941564672301433,0.3648671349902111,0.4997446770364363,0.3704280006367101,0.4687893099689096,0.5298220369530885,0.5148026493494131,0.7013392369134913,0.45959459175432077,0.6040142770011888,0.6167746320469454,0.7050502905135897,0.7591947155819693,0.5745848804186353,0.33786779613327145,0.5676764971087113,0.44010298265217646,0.6976768204655269,0.4024408935706523,0.42915114024431467,0.0,0.0
0.6232546970426687,0.5774273972783661,0.6872946830343032,0.6168278506845319,0.5050710341155467,0.6577323006160529,0.20735841551114526,0.6048766254863697,0.5108338980243834,0.7274020355808517,0.37877820617819785,0.44372282564313426,0.6017804743677153,0.45799457058296605,0.40334518363657523,0.681285489224375,0.4229104890545893,0.39557927142324606,0.4900354722715668,0.3078234523935511,0.44078140278578276,0.7453114213979185,0.5070694881368631,0.35109487945551876,0.4799660030153687,0.6672524353547789,0.4077716754567641,0.160203502864457,0.6476910597691298,0.487800890840109,0.40346696840722357,0.39048892904523225,0.6919843534052793,0.7317135020623801,0.7148917434286497,0.39785675730263365,0.5751387511226634,0.6095997644803063,0.33977485625332543,0.5364791752002854,0.5730120127590288,0.5873327218377608,0.5025551008825562,0.6064401203543953,0.5942420918234215,0.6049169472812045,0.37407327253400363,0.5593892007940721,0.5233873398052525,0.6432650903895626,0.0,0.0
0.350947544781401,0.5934463208793099,0.612487408290477,0.4471495196291643,0.6236862342052135,0.6855758275172313,0.35240217966038795,0.6142472211067189,0.4541597271439719,0.6016259565943821,0.22792533936007012,0.47247100497837896,0.7272397443299443,0.6346898361710406,0.6562119386973846,0.6072207660194395,0.37783779624423297,0.6376570496780888,0.3397927180573966,0.2824088186317966,0.6432394107409568,0.5609550613751162,0.3928413705199681,0.47650573863716095,0.24038395917322786,0.6823215717233101,0.7479503529411058,0.48918408410510184,0.3794188137640575,0.2802478595350553,0.4094927149943991,0.6573429628097309,0.30226604449267214,0.6310062193957385,0.7486744361183932,0.889131119202039,0.4809771557706087,0.47883014266405594,0.423026993130929,0.5530217551943262,0.4447517800057991,0.39559319790170444,0.4113759591176292,0.6749534848951482,0.541184333032276,0.6838696377579558,0.5039623839565422,0.4234127206512642,0.5997266053215841,0.3237932655640467,1.0,0.0
0.4660066818314579,0.3525721886528526,0.44668950666148477,0.4990016849345515,0.8535576001576325,0.40652290177114464,0.4488135803443234,0.32736347913975977,0.1780766348641014,0.33125187470933176,0.5995851206359649,0.3365416759760244,0.4886547122297935,0.5693574870669007,0.47272830907837154,0.3760446774929187,0.43142910708166804,0.5043154597171724,0.8694665895548717,0.40175588867024375,0.6475851128624164,0.45130128604997877,0.5413001751934772,0.542486072047615,0.2780587251403829,0.3924568252696365,0.7891018646956517,0.4953686017580736,0.2926114007783574,0.3700706385990082,0.21227124290492902,0.5650659426401821,0.7717054979668565,0.6906475748887873,0.26650646172084774,0.6495850269568949,0.5064774469210397,0.42575647645772374,0.4380127995215367,0.43993626768046673,0.37229340749409123,0.2892587461464558,0.649402004493109,0.6536145775918493,0.407321652579079,0.6336956099653587,0.7249006355931237,0.6213809955143212,0.6715925397289297,0.5250362980686757,0.0,0.0
0.298584567085277,0.5276495907169079,0.5521637213525541,0.5431593959699694,0.6259967813437829,0.7130924544341256,0.2774415557955243,0.40732757524962043,0.5543287035854015,0.366321735350044,0.5080380102728828,0.42107074798548055,0.6406055560409882,0.45749523127393943,0.5832594920179014,0.575408259180163,0.6237447810884491,0.4975684322994988,0.3589274381072022,0.3416486846421914,0.4510455314503205,0.46675977933967605,0.43292958010780186,0.38799218043141426,0.4909851923827926,0.49603659877257733,0.46909500817017274,0.6645321325568783,0.2559803815387209,0.4864905988374384,0.3927476400005259,0.6924416470659264,0.6044290189858016,0.5778992290198607,0.27076447068549625,0.5101208798681435,0.5644578210945114,0.6110376119586762,0.6250893370411361,0.2531125287998319,0.4881414670263461,0.740467288319222,0.2955719876816998,0.5850862053177942,0.5434042495130629,0.6493094414541357,0.6998471109500977,0.5676789021899684,0.30766998183418265,0.6007291476056782,0.0,1.0
0.3650962280484843,0.44523409738766445,0.6241125042472425,0.5926247316687183,0.595029293221761,0.5612535476027822,0.3869251862743475,0.5076169188469826,0.3584924124449732,0.4043527932412372,0.4870989879975728,0.482384491918221,0.34265977719729107,0.5504923669906673,0.7367678436895921,0.19122547313888283,0.7684696197253267,0.6827195358109975,0.5790550267264184,0.41588592762288634,0.5557121644785724,0.43867195383091884,0.4306587152976672,0.3092241733471398,0.6800515487381986,0.3889363878464566,0.46241102505976606,0.29970429570034884,0.5717889759056993,0.6739031228500242,0.31160788447334864,0.6833397183940071,0.6258096082696628,0.31654259544361496,0.7569623065384389,0.5206705590401447,0.5317811261952086,0.4730447186515599,0.7050673234291657,0.6785226227612012,0.31745554219557914,0.36948351274989416,0.7683488709554611,0.566862790066809,0.3861278281788691,0.6943300781244804,0.5310041145985536,0.4059497664438194,0.5719413703283199,0.39918550600493896,1.0,1.0
0.23318272872479923,0.38777630675784275,0.6466948195013548,0.3616717451036292,0.45379244316519995,0.79838181031213,0.6553899387690253,0.7015522904901511,0.521397154632562,0.5826813131664469,0.4725119737201258,0.6464609104321569,0.548901965792583,0.5118391181953073,0.3853804181441809,0.32127042632591424,0.6091592855748881,0.2791712795750326,0.38706990845528655,0.5878256429604668,0.3677931015756187,0.593556069402401,0.580883770700496,0.6664841248783123,0.3413404581640691,0.5145230388624213,0.5685211766705709,0.3480491506866891,0.20868476422003296,0.6484525691907161,0.43410656871414594,0.48257671668250696,0.48640203512946056,0.7680308424935056,0.6087984511824275,0.25053598215118517,0.4827081192393457,0.5320113198622921,0.6194747283451085,0.3921040196095724,0.41813646229317447,0.1327678167661236,0.6733240362723708,0.35479840453342704,0.6803345464553321,0.4275685374597355,0.33792150909815977,0.43797134264534193,0.6168269812166384,0.5029225943893357,0.0,1.0
0.72891430061481,0.42396000994691746,0.5590447922449725,0.6597412233456115,0.6751371891013297,0.6401347383837493,0.7008049431947961,0.6777264326346361,0.25717165294874744,0.5077057547532965,0.3062522105261547,0.6555592531272642,0.39653329416584837,0.6086599124832475,0.6106722855414201,0.5297204648632468,0.6406191719689699,0.3925774249973387,0.49597521583404025,0.5648394248291794,0.3698412278952457,0.613145732647215,0.4946020733172635,0.32681556589197086,0.5889834774007898,0.4854276330791282,0.38728502492470934,0.33672879504934905,0.5237491523686122,0.33351440598701565,0.4364301044007792,0.7917613215114749,0.6355339050312341,0.6519160047357277,0.4404750625754908,0.7422939569134874,0.790612482645398,0.4838984131299588,0.2594906637153242,0.6498367382419212,0.379449561826815,0.40544529922727024,0.5310713766520243,0.39759891896514177,0.08634528517206873,0.6455099520752059,0.6071806336815498,0.7146669463652715,0.4480558728281427,0.8412468142693379,1.0,1.0
0.6501762169178071,0.3830393996622204,0.6133250101866776,0.5922880078044668,0.48379979946909185,0.5001077326607102,0.38686059820105617,0.7586023719946396,0.701677649148472,0.48671544211097667,0.6123297583544727,0.3848544087902615,0.5396564827372105,0.36299295888984257,0.5623681315609586,0.5366572029344723,0.2675044264448012,0.37633587309660954,0.23892381218506506,0.6518615422121983,0.5463887585243159,0.1395846528106538,0.38792587356386693,0.42963151908616465,0.41125693284842624,0.6337321017881548,0.37379701354922634,0.5694626696178221,0.543708491020672,0.623382628474609,0.47623691335658985,0.3629243529178872,0.5265447338505345,0.8032698879546615,0.41270392203446604,0.24849102350607652,0.542278760070664,0.22598943745137454,0.3843733277686802,0.35521101609428324,0.5259580770205403,0.6166678534014672,0.5542963515534443,0.5172011222147829,0.6177135436747684,0.6079771152177927,0.6546937511465126,0.4858106391200488,0.2658107628419713,0.34904642904465855,0.0,0.0
0.667071125430384,0.5420950516233025,0.298344552298786,0.6058889409381516,0.5137657710381779,0.4349660702938479,0.6032838127445391,0.4942192855515481,0.7384585228335121,0.6066276712779574,0.5003595842490999,0.5413677599964716,0.5632239625965425,0.3885925752430782,0.7011661354530273,0.4462890370843276,0.23633227123585304,0.47911041800735665,0.6267032420248393,0.4546372309829758,0.4601276236627675,0.4634536462890263,0.6606208951336076,0.5911248087534984,0.36049116637744183,0.6426055064478031,0.5199878516350648,0.3229110317598177,0.6114713352259693,0.742463500661105,0.4239906095728031,0.5709297417720657,1.0,0.30921684414594525,0.811028325754359,0.5582143726816661,0.40016968428830213,0.6800041350276959,0.21017098203674914,0.48659258623480095,0.46160596892584865,0.24626199836811777,0.48899618826351254,0.39419596713780974,0.593052046195104,0.6686845554022153,0.48004584302623227,0.6382976170587072,0.19401958977883813,0.2773114535727944,1.0,1.0
0.3590928647761383,0.3925104321294917,0.392626983262222,0.4737993831188401,0.33125310126242813,0.7809627296353256,0.37409004652120864,0.1352703551437519,0.959123318854323,0.5656550776403383,0.4998959127365934,0.3941654737152829,0.7092657041415278,0.8013822844095108,0.4451807316896495,0.3814687435826463,0.7595700940146884,0.7524962803767761,0.6029408893160668,0.5342240724666517,0.4148409808900259,0.478926658284283,0.4512230458179737,0.6976984825538755,0.504805946706027,0.9114286707110035,0.5192095889071204,0.30582140705788025,0.530564858610154,0.6917347940180771,0.42796274691199526,0.6135426768055295,0.39599536668670615,0.7146090093527906,0.5054861729551355,0.48180871617240867,0.6390922881628326,0.5800738659853696,0.7301223657860545,0.3370753923417624,0.7201325202629586,0.588932035312333,0.6306471517076755,0.30241766395800757,0.4169696968901615,0.07147058898326221,0.6323234028072491,0.6492018809452562,0.7871590627756373,0.4953015092576194,1.0,1.0
0.6414473145980614,0.4373901663194972,0.473851406195744,0.5669416712122234,0.546206310352739,0.6085270753594464,0.5062676175362208,0.7970829185081622,0.6123254781017681,0.6129412143784861,0.41141352500380085,0.3646559399780551,0.6602679316048841,0.5239796559842691,0.3713491866392238,0.2490664542005484,0.4019155342687729,0.25767422457028694,0.767431069887424,0.79274705018104,0.4097002383759475,0.4415612980447528,0.498690929600538,0.33509457074138876,0.35169798414163794,0.48540264177605896,0.39952441220438945,0.4321992955277594,0.22595644583149285,0.732149795272837,0.45598836390659586,0.3159867067875149,0.5277629302055724,0.7671922893720432,0.6135345794086343,0.5340063638879721,0.643239492111038,0.4233441400864277,0.6126602910654644,0.47765542520545823,0.4855324950759005,0.5841153477335411,0.5033544780224548,0.5229278865010751,0.282364599113188,0.5105225919594344,0.6158117210792221,0.42579589168814735,0.5322445383107514,0.3905585455288906,0.0,1.0
0.4448646282439697,0.6143114254193837,0.5861892994798262,0.3383294951731493,0.5731877505223836,0.6999983249241802,0.29206647343475206,0.4938855122512094,0.3872546351946736,0.9016346913144603,0.6030703764264742,0.6000873357552037,0.5597053223292014,0.6256334395432719,0.7302246001973208,0.24894110565220598,0.7539494124412796,0.4454413702565778,0.5913438340404598,0.5155934417176805,0.6037405939289735,0.7199564765605347,0.42674977609176423,0.5727070032245349,0.6251602403426183,0.539518084899098,0.389979089924683,0.39618202315914114,0.26855497572133713,0.4407136522120642,0.7289968141082951,0.4656088482998746,0.5242242888505707,0.4656334585121365,0.49961418252241796,0.3422252279726001,0.6774595550263821,0.41570264550482433,0.510251309477132,0.21775486470574767,0.5940211490449874,0.3044802766549501,0.536430580674269,0.5393048750211152,0.34276448357767125,0.31963482313764563,0.6023810114337054,0.4392919411943841,0.6277677860233762,0.5114058281414771,0.0,1.0
0.43767892942107056,0.2875244281880027,0.5649883449534364,0.4646459738376171,0.6736557460304747,0.5086408829067463,0.3376407192332429,0.3801977852006478,0.6055741972328569,0.6951740479912187,0.5891898175172657,0.47024496779840486,0.35705047837534215,0.451541142320338,0.5842979590382266,0.2616916804168902,0.3612178349756144,0.2994638961847298,0.30425611250276907,0.3242650228797685,0.38113348776385786,0.23037634529396106,0.5508842682060702,0.7515099587321693,0.34988213086756575,0.3886377733933033,0.5521122905501744,0.4211682660781796,0.082489216109009,0.48673852110558646,0.5725351982869179,0.7170416998710568,0.04176592578725478,0.575367950303229,0.30964795137226947,0.45134749120286105,0.5970561763475883,0.4843853609360361,0.3782430867774737,0.7085515618944046,0.6434496508848798,0.6579815316394755,0.5445256903939859,0.5097343789177113,0.5054050301368282,0.21418118488534946,0.44795822757685855,0.48907816122293657,0.5251798301303388,0.1995145406964141,1.0,1.0
0.42681171454729183,0.5343582126737356,0.3352701264201746,0.5576330372286692,0.47716786776860626,0.4927947711858049,0.436733547136521,0.6921292937092827,0.4528587758282718,0.5839278357146678,0.5686222097707692,0.36624230302232214,0.7168486670016645,0.7385661678670384,0.6248078484053042,0.4519421161998947,0.3032221281321037,0.44822893260025826,0.5585282027958193,0.879420424162917,0.33146224614243835,0.7004325267989118,0.48448922024822505,0.18636391232605928,0.6001452930273509,0.37407962771750203,0.5821971462720131,0.39844013822912716,0.4974430943162327,0.5039482410535282,0.26791113192692717,0.5428434848944929,0.5439035988739255,0.5065958983343087,0.46298951793684784,0.44681157030797936,0.43467715686983427,0.5179971649931374,0.3901455721694095,0.4701483004596117,0.5486550907518976,0.5087343013570067,0.639255603814993,0.4769204692552283,0.5197980977240618,0.56785124593894,0.3248497416114263,0.5649287190058006,0.4217059160443817,0.5648023020405701,0.0,1.0
0.7827806845323209,0.4179784310541691,0.3729222683328853,0.4257508774529063,0.37058310142105305,0.3790242307481302,0.43132846227180077,0.7051227197053664,0.9323346170012469,0.5270536011961042,0.26089840628758726,0.4791386717775322,0.6333072015976998,0.7185122185025418,0.6219014616315077,0.4788668294159932,0.4004114788778125,0.31617328289808155,0.540944723183628,0.47702972302744334,0.5273426987300854,0.5618951818280001,0.2568982519468818,0.4971002551494642,0.5170339194508158,0.7672658859147773,0.569949878913291,0.5967395163965167,0.2247168924852228,0.3575483485375759,0.4675189256755492,0.4404827648592944,0.5381552732985735,0.5819160515098055,0.665645643519492,0.5186232666944082,0.49183995726239,0.4601146246311569,0.4287236435179816,0.5877719721246748,0.5195822297779102,0.3727191089499916,0.6189242324897871,0.3336593964471637,0.5083537948918349,0.923973429779328,0.6057309527740088,0.46465507754946156,0.6904379124540609,0.6863560169862467,1.0,0.0
0.549378755012062,0.36424783646209896,0.4964538979180322,0.217397143775862,0.6708557620943896,0.7202726080536228,0.30238645600795555,0.5657440520290432,0.5148358609682147,0.2932848952215518,0.3362051686304161,0.4826105059478051,0.2930108342377502,0.5167038282220512,0.5365517974627402,0.5224890739440972,0.37433744076132314,0.34303034868614635,0.6030762210175542,0.6251455329853566,0.26447971577350227,0.40936554090352356,0.3968957875029145,0.5072446355953989,0.41083837900454223,0.3434148492801554,0.45644343853122826,0.34054832699690135,0.1750986889798384,0.6141791249036799,0.48834301247157114,0.267347570282419,0.6627680269997294,0.6658748448325805,0.7648723056760497,0.15398028002063605,0.3781766509940264,0.42632428027257174,0.6490699475857287,0.6103779801653766,0.6392404941115263,0.6833770439667931,0.5702146839704105,0.417646782880815,0.5505836489728353,0.5201216108062353,0.5833091056501808,0.8705894688358929,0.44912292483801697,0.3161264820892523,0.0,0.0
0.6974369369412278,0.6391183144465125,0.7151210532051364,0.676992426139916,0.4299426555543634,0.18537139477583092,0.45082010183469146,0.8385554960055986,0.6060207108958354,0.4633513548931205,0.29210298349216995,0.5443925006836786,0.5252344851986643,0.5582092544088613,0.37671155823474883,0.3422096597908613,0.4735754262904131,0.389317642478946,0.5393843188254575,0.4607955355704652,0.6081145874388194,0.32289727093795095,0.32046562057639943,0.3670334259894906,0.670411251662806,0.6363068695073167,0.27148667689810024,0.4467750737205333,0.4818645944689634,0.5526669872524592,0.47623438912231525,0.5014516719652174,0.7941249230042793,0.31685892261803295,0.49868777842641693,0.4851659427298099,0.35496696990197857,0.5354418297764577,0.47304527164705606,0.6517793189364575,0.5073195742772199,0.32213199230582373,0.5580708133333574,0.5113348246615657,0.656127220458062,0.471820289404063,0.4586831045602229,0.4819628550578805,0.8252756510975864,0.40111597636691637,1.0,0.0
0.5876574343329687,0.43133478914140794,0.6458391776084103,0.46678799560076645,0.4614052733412271,0.2057342954842322,0.3626577961444856,0.5972571038927652,0.52332060371169,0.4230772647565521,0.604971974599579,0.5354960561451196,0.6676580056558064,0.36452352820869244,0.562257966631425,0.15560195283262918,0.4320445111185471,0.2932561315840419,0.5256094497822412,0.5167999331420139,0.40356758371379015,0.5206427663615566,0.6572286274992358,0.3870691990202487,0.6932384522831937,0.5595675626668659,0.24476130047948852,0.37957438065982996,0.2549446786962119,0.0915158329387167,0.3605851370614434,0.6422227137260074,0.49860721951327935,0.4761638120018573,0.5661649119865544,0.2623576784218567,0.3495660398908928,0.656060819960027,0.46118203440772765,0.726737922635534,0.42056993880079474,0.5459360926136002,0.5259944506053583,0.38675544863201006,0.4393201275984803,0.4453398909503565,0.20747878216768761,0.42737236618895086,0.41464332454867225,0.3074884473474568,1.0,1.0
0.529542824824435,0.3955681689832516,0.5769645872646132,0.48435112648758316,0.6239201427220664,0.9320459772071987,0.5415813808085416,0.6464639434147686,0.7800643295078108,0.36064866569089327,0.3534524279399894,0.5215722949834966,0.5457937995226538,0.4208027416271488,0.5830386250292979,0.329697911668189,0.384229656858271,0.6948000402955967,0.46256236634844355,0.46767057973120457,0.2935739022579278,0.3533641564890981,0.5398356055999181,0.5831456175905079,0.4429727164667021,0.4732631025451393,0.5203542409945233,0.23773408760379594,0.5075655062089016,0.7592087241282597,0.19600748555294664,0.40191366590127925,0.38999258845954404,0.6176092381641687,0.6575674086943541,0.601339839913491,0.38442391023999944,0.5106314566462269,0.5778856851441723,0.7117163377964179,0.5819551072964746,0.4342777009949548,0.4547254367072085,0.519405184701212,0.7028884914918021,0.6996992544613252,0.21513559342655544,0.4766855560902409,0.4629948694152839,0.575861825128764,1.0,1.0
0.5559580310461946,0.554919183089715,0.18381670879695713,0.6621744218851544,0.6283633712355969,0.48359378990913215,0.23579166706204996,0.31854851927922273,0.47871453075983583,0.5258292250119914,0.4587695520245578,0.5203252327817379,0.8477330980337663,0.3800695251931861,0.7548053183730979,0.30188722921145833,0.7139678293637218,0.4768418037077607,0.5861616836144746,0.5208756366817652,0.16295256634872202,0.5487398034613572,0.16177776422366832,0.5194660782277013,0.5763236263592915,0.37613491119661974,0.6501893371654215,0.31763425176640653,0.47415638944684374,0.3384373656825837,0.6415737293284633,0.5813717622724244,0.42938539724572355,0.38054860797547513,0.5432469777519485,0.7382822633419692,0.7290654647007918,0.6817503313280183,0.7177880429326907,0.8135614413400839,0.47967657057235363,0.19532234857505484,0.7653972603936653,0.3465965254316855,0.6938315160813585,0.3742461727233789,0.6464337876359665,0.48329963754246963,0.11986277428362747,0.2383575700390383,1.0,0.0
0.20179055345237387,0.3815381897831041,0.5064883067530909,0.5925989269630471,0.5275610407467116,0.3650836167973283,0.5380815179212906,0.6092439979728727,0.2658804314728529,0.3158268244985945,0.4770630346080596,0.6329531246656295,0.5348787566733615,0.6480240585381781,0.5864243524178694,0.3109113382542786,0.39099912971370904,0.3610519655313363,0.058606695372444076,0.6229994086450024,0.4485003028406935,0.506569609240165,0.5065976452824097,0.585568528055366,0.5357222810056222,0.3836126839144896,0.6054173602374991,0.35114189325736644,0.4706746398466563,0.8966802208807113,0.7163804983186537,0.5636064798628143,0.6034470316114949,0.5043947042821206,0.730876582164193,0.3748929820147901,0.6712572393092188,0.5315152496839513,0.5763871335112888,0.3375183551691054,0.6163567001837993,0.5905747236052638,0.6470142266177414,0.5213947225296658,0.344705694365605,0.15281912302712097,0.4171075448256215,0.4160654251308998,0.4006983796406107,0.35054163692142387,0.0,0.0
0.3935891333827548,0.674105213585906,0.521466014712017,0.3808709910841753,0.42924849968139694,0.5999956889566377,0.5067563290242473,0.18159278841200632,0.5438824142721774,0.3284061053172432,0.5173359382081908,0.4716070078578548,0.686855886016436,0.60157129734,0.34541179376345116,0.48408027234810447,0.5803871752263957,0.5754451710557306,0.5661703701646353,0.05424416719311414,0.3201665480296135,0.7565059801229633,0.3499876482351864,0.3552524407398598,0.5797277155902794,0.39024642690255795,0.5170941327548669,0.35222519948408304,0.301888884477298,0.28211327743386033,0.38412437171502894,0.7860548117254189,0.31663266866914186,0.7102690744276771,0.5177700050377747,0.5000474988376031,0.6087347457200797,0.3423056495646154,0.5586750050975148,0.6430166928087984,0.4885466176413678,0.4099142889610123,0.6052617034274964,0.35366966220533147,0.7808326382199902,0.3225126204771508,0.6932529478606962,0.7319456582046563,0.4791045240670673,0.10903580853755493,1.0,0.0
0.44165491014898234,0.28609588926007423,0.5346582886435886,0.4716015888730917,0.6713897393108236,0.37725593715364064,0.14003867486232388,0.4775664873970324,0.3381342710660835,0.5283879692131914,0.6328890691620436,0.2201335858784232,0.5748099164406203,0.322367527366984,0.7268101474792158,0.28895015479565717,0.528539563904162,0.4403543118795159,0.580218581323317,0.5841757281271656,0.5029693977819483,0.7091453391493671,0.5570099750477574,0.3889944998760624,0.5635358418023403,0.5991436236590764,0.429175194595846,0.1839762710501886,0.48560479579595217,0.4033310872099274,0.24906004943648488,0.5972612658739511,0.46641544504870797,0.4396638032621596,0.7034306559359462,0.5374346650834271,0.4254143591143437,0.5583944001766871,0.5272432806528783,0.7744339530314569,0.5863842493598171,0.5128421141115445,0.6306532026788572,0.19389534340472475,0.7798086021560762,0.6760331788073308,0.1703314295788062,0.8451025081111776,0.46792190695501923,0.7496372683905309,1.0,1.0
0.4013924730865707,0.27071055307321173,0.3885679429342611,0.40670815797570165,0.4504942498061278,0.6128871020313754,0.23801642841981047,0.46648846989316534,0.37805927079102014,0.46611288352599817,0.7617956781843702,0.5281005482164416,0.47710982123779805,0.8157198372425941,0.4440236011887096,0.13091120142442855,0.40590309375262945,0.2736430032725126,0.4166518850015084,0.5570199361637949,0.28463657375098894,0.5543868901897261,0.39518846325746143,0.4411088594726597,0.7057270216350453,0.43861273791430266,0.3734076896246701,0.7425953322012793,0.40959482521111407,0.5398603876289071,0.6784998355628014,0.02178076243873115,0.6208477459386705,0.5016104537182832,0.47189127453490776,0.5202256820300303,0.772085041798552,0.5415069008028804,0.4742732184035044,0.48457910232800555,0.559978783581079,0.5517468306620248,0.47325471873607594,0.6346189412448883,0.24863754478946315,0.2164308547296024,0.41347072779179694,0.5224422357365865,0.3847143621563789,0.5194491625396119,0.0,1.0
0.4302348090426846,0.8089472821285149,0.5986378180661402,0.5583094550979165,0.5069664270796991,0.25095757080216735,0.21679787745154047,0.43731436585820127,0.24110915308209796,0.5688247825318441,0.5128694116550593,0.49869469535914396,0.6755715357633533,0.43456257095668976,0.5282869276274504,0.22820683053304097,0.47344488486194924,0.41285954948813125,0.511985756312405,0.42211366801220573,0.5748548003091172,0.5173156270756951,0.2500716420724852,0.23678250511990806,0.7070113853550977,0.6051517639291876,0.345956544999007,0.5823424188742621,0.5355261875695734,0.5343221766404367,0.423499716155119,0.6462285013575352,0.37346443726047834,0.5964212871843017,0.7002291867226905,0.5706123592930364,0.624441676290782,0.4555847267427204,0.5549678829183412,0.5866752889444224,0.44226746563588515,0.36606205725067686,0.810101894544148,0.47413210939894834,0.5474228516728202,0.631938941563509,0.31131518239011124,0.2355699534140269,0.6400654023454256,0.24551261348188308,0.0,0.0
0.3001016628023903,0.5637158216958424,0.6811328855630534,0.7676476874603249,0.7924597915658332,0.5568370634531957,0.4519152798579468,0.8701182850204338,0.7458757043469781,0.2712109768543163,0.38485720026453984,0.44631139818143584,0.2441603794101099,0.5158466173883122,0.19981602669058823,0.24994302721356298,0.10448046414465537,0.3761263593618143,0.6127439186153385,0.5559809720190152,0.5395590565868406,0.3767921946789431,0.5036616730969339,0.29956475479509637,0.45089280385733665,0.6096981706532217,0.5754913232341113,0.4066702085516572,0.763867011874316,0.21791599502778972,0.4576750029694776,0.453841440522287,0.5275304935138992,0.6239009088552186,0.6672419823442827,0.6329186813718427,0.5802604505293241,0.35118741467733305,0.5822539152889115,0.7665368046314858,0.43341517505037264,0.6898558073977349,0.6656507959020321,0.569866900083862,0.31155331268310815,0.5347360303310223,0.4613842826102078,0.6279998131377879,0.38872066929073673,0.6668509101678645,1.0,0.0
0.6327157976870472,0.3855566883361583,0.5518065436387329,0.4484446074283006,0.08872395997821389,0.4541413718804717,0.5649492263528844,0.6681746516751697,0.3671330053096262,0.30097738907501165,0.3251517355385247,0.5086668747048539,0.4129029117247407,0.38697550609514364,0.785543266049818,0.49968339314710375,0.5417619255970517,0.42080919313903836,0.3233268885284644,0.5894620425549031,0.4306656137703046,0.6411338181076998,0.3623006810064055,0.4253391248877081,0.40691474087639184,0.7075008421478202,0.4346774101527305,0.6380130605913571,0.4901712643307103,0.5254474293383838,0.3297512312790932,0.3094088545865042,0.46703205321298813,0.6285520871295804,0.39496931898613746,0.6264284159823695,0.20390150232762835,0.7597232968925987,0.5098924499081202,0.5948101919466596,0.4000424833544649,0.591609520836982,0.9798203736385409,0.4814722992228443,0.6293053604572328,0.6112952632505047,0.6850323780737139,0.5900449020382709,0.23177461034092733,0.45622400573947064,0.0,0.0
0.39359635783205027,0.5233639111569635,0.423959348303511,0.3309963767105081,0.5495353361681825,0.49690170635354763,0.6553415497076903,0.49420789387431,0.5732990472203455,0.5534404491532985,0.5924698223964237,0.46196853532805726,0.7951991344342451,0.46503122525999074,0.3364206483625021,0.47982772726147793,0.5239618371824962,0.30421920466812874,0.615881969108137,0.5160475753411512,0.4550995908961016,0.5871341326470566,0.4822684548864135,0.5875053994447418,0.33301409137216603,0.7740192064411907,0.49159521348610064,0.4005256115744514,0.3700849823093216,0.3614729933856918,0.26850288763172786,0.4021052930704976,0.4421925127354493,0.5481105889744673,0.5240017092186997,0.33315758294410547,0.2350774745550968,0.24389096276180997,0.5110847676661455,0.6450654558737127,0.47577851656543874,0.6347070666728474,0.4421247126138231,0.31784779541372926,0.4569622053671958,0.47620708494149677,0.38091412985312956,0.33409642678759466,0.30080608596129677,0.35888746434145075,0.0,1.0
0.5085143884317926,0.4824851592646215,0.5230808127895376,0.31677409917295385,0.4279493361185003,0.2093323228998829,0.5691144128823571,0.4296231122099975,0.7458306084168904,0.5826193083233656,0.7442010865136812,0.460362025755952,0.48183942107439326,0.462653323125334,0.5862057344581373,0.39880301815739577,0.3443631452469949,0.47234680826222464,0.3625569442872642,0.4783942825091636,0.46405736208809983,0.5414458456108121,0.8941899545119607,0.4055687683674299,0.36668262130223267,0.7387082482921894,0.5915157192130875,0.44309928182054964,0.5524884609982019,0.5748470906037279,0.5083413315028906,0.8352399000784819,0.4342261777173707,0.4177492261256695,0.4172701460502683,0.5646365071569026,0.5445557509135572,0.29594751046914197,0.3784177525296931,0.36371717466094305,0.4614613991913263,0.31187780414010424,0.3283379581050785,0.2965576772532114,0.44075953944223173,0.32870049118681893,0.5838426399025614,0.10374897799244671,0.539522350698585,0.31032060071657125,0.0,1.0
0.24865730963996638,0.48202035185867115,0.11002933318959136,0.547000779442944,0.6583755191153712,0.4976266229636105,0.37326459305869164,0.6130763879037388,0.43985985413599893,0.3994107084989446,0.3037820909710166,0.5255048122605863,0.5940837965993044,0.37761499097895695,0.5093859605086689,0.413383957156695,0.367187370084794,0.29750098317554974,0.4496705800617339,0.3373564607816217,0.38754537703845054,0.5391011545018668,0.31297213412274927,0.7094585170136233,0.48113032675189404,0.72919764805281,0.47773819490031033,0.5152227699990488,0.6429211742171719,0.3258198303380776,0.4023444545566791,0.42398677733515516,0.21305103391627242,0.2360336182882896,0.812882946934592,0.6983792772916533,0.26568686541719516,0.7628974449449061,0.8372063988896817,0.5573312625196722,0.4747471057293524,0.6714369382278708,0.7468770173450444,0.14364193560687247,0.4959751307100408,0.1934902146536575,0.5480247890850942,0.5439298177029706,0.49943584463542895,0.4842994642284131,0.0,1.0
0.7306236818077495,0.3856057040247146,0.36791682299069856,0.665763386870012,0.8543181730227899,0.28075769309796605,0.6983769230440522,0.5100492453081955,0.6644777139989396,0.47281695290463915,0.41288768033568657,0.3272623969571244,0.2813262790483038,0.579511595491781,0.7281295113915375,0.5794303166165584,0.7623046812150901,0.3793901358932364,0.6573379115118728,0.8240327477749327,0.9149636363282279,0.5309362001916343,0.5618589748082362,0.6290841639900717,0.7000320482780157,0.5206983818892186,0.4688616485680112,0.3934949460267919,0.4450577426307098,0.5100911973297166,0.36791716918997125,0.6420057257676549,0.2910473101130807,0.4875589439252621,0.5400248751111052,0.4592660965664945,0.5447889980956913,0.47133365940317284,0.5276848128701476,0.4213148195965189,0.3151464093246724,0.33410257614322475,0.48926684594222414,0.41219138159494495,0.6537317431171402,0.4941351010818226,0.5569638869289654,0.5065085211294638,0.3147881182261539,0.13834802202136995,1.0,1.0
0.38937992091364587,0.4486118526191462,0.8205573068446563,0.7652492767330472,0.382990450496478,0.4276105728025555,0.39155259064292075,0.482341348927568,0.5588675532538107,0.67729590695046,0.7898796347384766,0.4486995086801246,0.784796805169409,0.6507429037075286,0.5672205785309911,0.41450869862882783,0.5561058064869159,0.36688247705472266,0.19282087264655232,0.5842102647134932,0.8773436513369572,0.1853447251812506,0.5678808990906262,0.5581711122865719,0.6332480537282104,0.6181008254872262,0.5626699291951667,0.5026919910719334,0.2516891968217502,0.5361099694543661,0.27397718210945754,0.47244389389315405,0.48486213653361326,0.5955555026418888,0.8224666413215129,0.39591429540782436,0.3998228009475026,0.642855617495729,0.07182231801415705,0.36065626730933364,0.46297703690319486,0.45703642748084516,0.7044579432360475,0.5417087927336609,0.9140173657767511,0.32364932145143477,0.552086430925537,0.7575055820407324,0.7744634299068364,0.3902542722226292,1.0,1.0
0.3986341730047895,0.6242536333652036,0.5126171050889203,0.5246272623085185,0.49875328880305475,0.5105487990613529,0.3214443929385977,0.3559780635245172,0.5436793491259293,0.3902700553870349,0.33913339548197063,0.49539278474319093,0.38942496696052287,0.43134306377640813,0.6919926318957464,0.3465081900195616,0.2997163432312132,0.24061595395285762,0.36370340710539306,0.37379673050720197,0.39653830577334576,0.459695268040136,0.5203047443405087,0.6923850066330709,0.5176839568338405,0.546509214245966,0.4407866676400769,0.545279247583522,0.39677327413430324,0.5480113495397338,0.5526878692685263,0.5064682801181588,0.5997078593765258,0.3979524961887148,0.6838151574556327,0.30111600159078983,0.5120458355854599,0.29994923322664646,0.4151505661015187,0.6098461633786193,0.23643576973154984,0.5078348391490687,0.8575315998435487,0.30742133231624996,0.4543381322056746,0.5286406352869882,0.5611723702089753,0.4285675488476357,0.3525232687886802,0.33842694678665813,0.0,1.0
0.2772282570746029,0.36400904104933174,0.45474147641358553,0.5795994221161601,0.7208920023769351,0.5301574978930923,0.30749106092431,0.7066494329859722,0.5207559403100194,0.43985346091272665,0.27165525809710567,0.4995083434064935,0.6952924845130863,0.754488760044774,0.5391283706959159,0.8453495292885767,0.2925552075249287,0.6004889065547527,0.5414982557138853,0.431257939012498,0.6431209135013269,0.45378866944466995,0.42807328254129096,0.5962380527653908,0.4796300197234986,0.32604964365648886,0.222686824581625,0.45576410558605407,0.2769031910943532,0.4689002016958818,0.3657101055527456,0.6786369648216348,0.4615252739783171,0.41166018151328837,0.3915865849465258,0.6678412923253115,0.22419161534965232,0.5413506993753171,0.7097206785143876,0.67015123648095,0.5837668176444427,0.6022607210575442,0.41785846765238416,0.3088764157481339,0.5605790160414794,0.81451030391317,0.44304194390279555,0.451206054577749,0.5505327298787293,0.27501615650049,0.0,1.0
0.35503399874097746,0.2693021164205641,0.4752931896767715,0.38560237060869074,0.6833806786682285,0.408022662282846,0.3066458813572254,0.7551251257728525,0.9240291611616924,0.4424191346320598,0.3997672252239859,0.6354199489639083,0.5167961712361931,0.4415062759953522,0.5666439097853362,0.3935263887804134,0.6124592174707635,0.43545982972476227,0.2255488137016583,0.5082956541789254,0.8753886275479066,0.17869823575095176,0.351604995793116,0.42250426975453065,0.3780673133511355,0.44178866027459784,0.5809725490835113,0.46162424655727075,0.3960469020883457,0.6457022938217317,0.18878107262982455,0.328966771254515,0.27838326677893926,0.6658344781720972,0.48332081960231515,0.44778159235517656,0.6912139857325292,0.5705185301192702,0.32121276917778113,0.32077779019219743,0.5204584046770239,0.43849142882663594,0.4332270433612294,0.5314580294024299,0.43193741567200034,0.7054029908468142,0.5854825783321818,0.7192925265772162,0.26707069983482123,0.45694125037296696,1.0,1.0
0.48908894976037404,0.2322899346105638,0.2813139776711425,0.7783763237118639,0.5190195209739792,0.577913573924329,0.14067867498131104,0.4935466514336406,0.35509630104880685,0.6936297165744744,0.43071962110098144,0.8188111093110364,0.4641873111399884,0.6096139097930365,0.2389967252175877,0.46734357261697723,0.6455087089805815,0.6010727784019237,0.8078230866489458,0.6697230228395308,0.4485777665115351,0.4630079254110978,0.2656615553986068,0.2031616129712197,0.2973822694039852,0.31885051285488764,0.13226816438030162,0.5733080836774678,0.3719548394342109,0.3918607542866625,0.314140572654469,0.49735885625391496,0.5599505574254067,0.790091401728095,0.4786890749880585,0.5630043668133372,0.4984103277408667,0.7410749026045803,0.42757354427170674,0.587311783170847,0.6267144290203823,0.14011793049631105,0.5622386079778725,0.4271848327087928,0.6275967785702471,0.38129959496933724,0.5709392641423796,0.33800277211799096,0.6178669649988853,0.6789124552236225,0.0,1.0
0.5781475617447918,0.4011406029103844,0.427945587820743,0.4437818917264815,0.37013250516921675,0.649404229526673,0.3697736159940647,0.4332745130025232,0.44123537952477393,0.3343437132894147,0.5371677984996903,0.4523803730912935,0.3456727941334649,0.7450102346493044,0.46899360225121467,0.4462222180229292,0.33443884221104264,0.5388297544903766,0.282142534460455,0.7182184177755961,0.43929378263054086,0.42660806724071837,0.22991239395494717,0.4727027987161395,0.6019271516532779,0.5006599113543329,0.3846248339350519,0.2841943086691025,0.7229213380964996,0.6375983865949757,0.29597152026628254,0.37995642660070134,0.5843861311954837,0.7364486469555328,0.6305351276209017,0.25220632454538555,0.445868528118937,0.5765223092202482,0.23359194978797923,0.4367186688729764,0.48592790444515244,0.6483341505426978,0.6550824888289074,0.6513960436121403,0.5761684109630224,0.38774349289304033,0.6172646947655986,0.6344464248530151,0.33093183506382795,0.6135315620650972,0.0,0.0
0.6555913890842635,0.5979578674338045,0.37223717821726104,0.2736928279694949,0.48544578247340425,0.40794800042196816,0.3933133333708564,0.6444712781125654,0.4424203065217849,0.494347886365528,0.5762417195998696,0.5109559281360131,0.5854870314229639,0.6854377577857644,0.49453938150345345,0.3502463414976335,0.2323600151960409,0.5547371305178267,0.5823265672420662,0.5794629308179672,0.4194310311046256,0.35230766189659535,0.5817114158967813,0.4813717846645439,0.33550518896929815,0.4367625920272193,0.2631218773936879,0.346615645819433,0.6338078361581935,0.4501137350457363,0.6367490387491894,0.617694781819118,0.4697198286861333,0.3938680642220494,0.7674892096580304,0.35939933990890266,0.47332696940329116,0.2587115026863319,0.7281239972603809,0.6087503625499273,0.3555662239318583,0.3555739026217293,0.7327367962150793,0.41836659064540616,0.6112494078903884,0.31238794631533673,0.5224436117626576,0.5276881325795061,0.7366102350793822,0.5053005911712389,0.0,0.0
0.32092789775294867,0.26661621768441796,0.7137384258515219,0.7081495041947132,0.548136060746062,0.4706452887270223,0.43235170743968826,0.7917202104618268,0.5744378237568208,0.7182026000795065,0.49111269836558774,0.3189357931698563,0.9962402525435707,0.4523273642861933,0.22270589678072228,0.17242287616294139,0.5195522013308038,0.4320167495011803,0.41327577664002757,0.5141230116810572,0.6574408661177341,0.45217705415325643,0.37755486103486363,0.5920149338516797,0.6346738402162952,0.5170252140833106,0.5566253647081316,0.4262189582801769,0.31296871761356837,0.6942271909719777,0.7631927796465741,0.3843692400170468,0.49273603823533796,0.34582762984748405,0.5349737123926347,0.5595742486088412,0.658604064674048,0.30666806867284996,0.42747286002003687,0.673182417453613,0.356244987900645,0.31221750459413483,0.7529627856350496,0.5490285973186945,0.544911856813898,0.6048311250651667,0.3578321427183561,0.7416662200902183,0.3065087085783186,0.2690051733724946,1.0,1.0
0.5695599209431865,0.3397245638011285,0.3691450081239091,0.3010894594209844,0.45768252155331146,0.7153857472945497,0.3589592806846595,0.5324293560059072,0.5222157214081317,0.4434224215511857,0.6043404995813376,0.6160538149872612,0.5760564320597169,0.5359629414530293,0.48420946419426125,0.4553804920262982,0.6332921566727379,0.15531385743278375,0.5153075961313676,0.3626779595469703,0.609540262356959,0.389580140550994,0.4909308755383971,0.37408651373810203,0.4983959224941545,0.5307792066041225,0.24303672511522662,0.5087645171979049,0.26183074492030195,0.7190802751294015,0.6179684425521569,0.6562638164047809,0.5002932013865484,0.7364044779574462,0.2939843092175378,0.49057126053099087,0.5218628167175241,0.5386798541564735,0.5649096641256041,0.7807208471134187,0.3974806439321915,0.4352594835562771,0.8625700359868886,0.2574616621157772,0.5892014726541708,0.7139613091078529,0.7480022257046555,0.20538456686765452,0.5594497581089596,0.5673042609112975,1.0,1.0
0.4839955051345179,0.6083206151517583,0.46620303969134075,0.44181118018429383,0.39975230793361666,0.6998962560047911,0.5674276572812897,0.4188682150053469,0.06028654793259588,0.6719326605265128,0.4547516695007655,0.5824418180488526,0.5497907197394473,0.8421645459609494,0.6565432868232347,0.30188639125656547,0.6117908786117524,0.46710785330726573,0.2806699416726845,0.0,0.6324423133144323,0.3909540732377235,0.35943132898487284,0.5056356725780453,0.5077488985287593,0.29045429750215446,0.4239499535972252,0.6713628251822301,0.3969943519358384,0.6366582351241314,0.37238162570551775,0.606380444680095,0.6322106435195239,0.409607193016065,0.1173060138480354,0.44081946827853163,0.5689287398148148,0.5125916483766764,0.5417186642665514,0.5795521232610148,0.45141785872978163,0.508628648109215,0.4418139068978303,0.5157338225469872,0.6353073937766512,0.5427906917235761,0.3380373811945644,0.6773162893345098,0.08914398824168714,0.2452545152786248,1.0,1.0
0.6088292618564476,0.46002172267266767,0.5836295673552984,0.5067151092994432,0.6034637739899171,0.3471982438760256,0.5859443141389836,0.5202085669614578,0.3683590735814496,0.5164261846965019,0.6201975096627562,0.4135868258069931,0.22371779631900854,0.4172341647552742,0.3800543611397386,0.45452377485675927,0.5275998646284333,0.2746252045253703,0.2039264286576334,0.6377009873066024,0.38280661783854497,0.08957053191938125,0.45748446691180417,0.5434332730870939,0.5517922676839659,0.600641197910687,0.49908517537563085,0.5577434353976026,0.4567866654346134,0.3953722575957049,0.6664909441990486,0.4185923692489324,0.7082027133606539,0.5752899426981612,0.5603643063122669,0.1548696112327124,0.31573747341406105,0.6212065978579216,0.5601247611146519,0.5125213799842231,0.2038415592408906,0.6129162536400586,0.3414457040746278,0.4605235336464807,0.45451467389308203,0.554415546581794,0.45641986597398576,0.620973084506132,0.7329720612153322,0.29950568210986683,0.0,0.0
0.35311488845387407,0.7052900602360713,0.4483386738806264,0.6038076683301623,0.6332652236857734,0.5552431966026492,0.6280316998683114,0.40116279026386303,0.44772101514120366,0.7082134686798885,0.7127262910020307,0.5717701265474768,0.5379681582769772,0.2403973800411555,0.438011942284872,0.5042954468433061,0.6473270470167878,0.5807893993682653,0.3499866722838326,0.48952646584482423,0.5664767743394041,0.5376256911442107,0.4698511064440838,0.5197987071374911,0.625189212370302,0.541785598424673,0.5217095404105551,0.48401795315501317,0.514126876292717,0.7096767372422528,0.3964731538116989,0.2917364707861771,0.318856231089119,0.3399328408232618,0.611738708589482,0.554318641007646,0.6714530018112695,0.4172998471391693,0.3784690815289903,0.39696100728708916,0.2672440746684816,0.1913262205298998,0.1671187744238149,0.5208196660774365,0.49787993891024707,0.44966558704109133,0.410706226708212,0.7331810598306391,0.670121674592701,0.5922787292605075,1.0,1.0
0.29575423790171435,0.5157968018628388,0.5103580860406031,0.4459080531620498,0.46127174821802985,0.5910645144854619,0.5792041859329002,0.48516540313017575,0.46953073248924254,0.5506579893687192,0.4338303565114055,0.28862885818019796,0.2779658306896902,0.647385009450962,0.5895455567325022,0.44256130214270845,0.23556284049243664,0.5020806625024338,0.3529255276505265,0.32423379593972124,0.386768861219614,0.30879641432447613,0.3422899425651594,0.26965076139068345,0.32812163053037374,0.7416622950336927,0.5113564815577305,0.5904638637932826,0.5483783117749987,0.6516118381994186,0.361109116478679,0.3061644764118436,0.6673996959549789,0.605035470895167,0.6217509003614942,0.334262521427525,0.8380675102957562,0.48302589151707903,0.5331901956129904,0.4810029951648472,0.36684616498180667,0.43100581858114523,0.6109266489228707,0.39932129104517533,0.5891932651930865,0.35350223750129883,0.45623929844527195,0.7838754087888378,0.4389134238273946,0.8000474485496128,1.0,1.0
0.15832245708714857,0.47272861470613553,0.49333939778644537,0.6664572496117873,0.32761830915046614,0.45521313977974975,0.6049080159490369,0.520266980609098,0.7537176141774911,0.38510280015117626,0.31172438880852543,0.3875957112808159,0.29927496686106986,0.36412138059140714,0.6819998986379547,0.44374333364384594,0.5891985141552593,0.257198402290396,0.30241937423656506,0.6666152186608427,0.592448172571471,0.5244606563059313,0.4250699153371808,0.4450848197468681,0.5237577908018469,0.4942585931390355,0.4324301960040231,0.5969863579285917,0.63857792918785,0.8112906746821852,0.5558584103208554,0.4919951427759996,0.5878046831890784,0.3694922747994743,0.5135376334531438,0.2647652602624932,0.41189684347873656,0.3394667812317653,0.3710444222452811,0.5716092746016308,0.46940938713835517,0.4939932919435746,0.6433748129366581,0.3894426937199625,0.3419619481609713,0.3266933955068085,0.6043093034112356,0.22674839526705232,0.6206785480550606,0.3874797138612588,0.0,0.0
0.7638781649613583,0.6573013618220764,0.6283815493250775,0.39286548672091615,0.8237847206918406,0.5473818527271329,0.6772792409231977,0.6722231966942972,0.8563494856366342,0.5291075657868807,0.8817273716963935,0.25645296622059727,0.8884886727296871,0.48830886240796373,0.5127362284471672,0.6648531895572549,0.6697156024933777,0.3766728752273627,0.7558448113826101,0.64752262200738,0.29180726192244505,0.5762752208776375,0.3395057871513325,0.7040163558745122,0.586788847594431,0.23262826005624296,0.39745566965419593,0.5675777787730668,0.40287904197097496,0.48045719197973197,0.7889089469863492,0.5549783349084919,0.6651580167062259,0.3945337361622548,0.39930224817920507,0.5291192280300792,0.517756919208832,0.5913102436439841,0.36262725780972394,0.34724237705365657,0.758680505211662,0.28973806807235597,0.7899747429403761,0.27745806398914347,0.6223540250651596,0.48096306520884297,0.7990598538656342,0.5216672089900127,0.3932952594801983,0.530088712090626,1.0,0.0
0.31022689418603705,0.6106996674137042,0.3524889395475402,0.671778813010968,0.40848427332016846,0.2852936486051102,0.439969665852623,0.5041569826866025,0.7579362237846853,0.4734722122718587,0.4931034393184388,0.2746705169339399,0.5525244716934964,0.4420610938348149,0.4142163118368292,0.4188041373924362,0.6504972909051335,0.39306660704745017,0.404395934347311,0.5100766428088068,0.47391926664886835,0.5672341468217924,0.3752510763506354,0.5238587281409001,0.62748133873143,0.5284683424608294,0.5083990426213768,0.5694758300422261,0.3204335470814335,0.5749175988122645,0.32392056929587787,0.5422800387414389,0.4707023832613721,0.7386149281564982,0.4086192170731527,0.4358548271390711,0.19207449514666686,0.5130937710697309,0.3880791946480599,0.47081546341716735,0.4490845028361812,0.2768078001270132,0.6816267091585921,0.23344698004955505,0.4403915226016129,0.4646972924235307,0.13422589800937118,0.43159831533336407,0.4669157452855286,0.3760564271277111,0.0,1.0
0.41181027262686737,0.34991160134196775,0.39595561777997285,0.545751584641876,0.5277950886771274,0.30623816200947623,0.5429182639785951,0.5065036041185357,0.4156302184350079,0.5798579783049728,0.5789490605709352,0.485185841703591,0.4395426491176097,0.6097000451918732,0.6467711549077698,0.36500444383043223,0.1292656751319044,0.4744646745324319,0.8105466908390712,0.5040050077530372,0.35420052584462974,0.6136207522983579,0.5410964621704605,0.3165718691414706,0.969886358009351,0.3801483407254511,0.38079837285110407,0.3681270162076993,0.49576921363228693,0.8442427826183844,0.43493870913997035,0.44890213649195987,0.44578690656627296,0.7044032810612725,0.5331944392014,0.6237291701912351,0.41392137851117233,0.12123161381264005,0.2663058180674473,0.5386460731755813,0.5226216299297758,0.4689487107649334,0.3569987986888023,0.40222323054685,0.5885532312684739,0.7395034143756227,0.33314728584243525,0.8137701599268905,0.4184650178917689,0.6924232892422326,0.0,0.0
0.4895032487686371,0.3357378062100073,0.343171533693717,0.5295277453422876,0.5931003722446827,0.5510708511868656,0.6215458251308511,0.5290250018995034,0.734517638925104,0.5805957877836362,0.49420563537726264,0.44005708668727533,0.5743381523475879,0.5997012039345351,0.7253015847016095,0.4347935051636129,0.08460245373101406,0.4275395421520691,0.4682368724822796,0.4763565992011959,0.6816520224824096,0.43642409436005186,0.549440037798857,0.5192477001288629,0.3655268720245016,0.2399189068875993,0.4011413916108225,0.5593429654941027,0.41444335164902524,0.4442133112522312,0.6062292854720399,0.3383295547751607,0.47507820078317836,0.3911074713364258,0.5203590835225991,0.46390114857991793,0.7112390214944756,0.6187942666786871,0.6464490845443386,0.6053852055971598,0.5019651353074172,0.1080538071671067,0.21913095163181878,0.24622576520740994,0.5480020079291391,0.6472431169680949,0.5943216749588445,0.6536537809648788,0.40757884901171143,0.5264376279161015,0.0,0.0
0.32800835328010647,0.5773570936082811,0.7080264217176464,0.6857681363631964,0.7239938269803183,0.35729539872127447,0.4427764073305888,0.3827841265806488,0.4880233549889166,0.4833278346279867,0.6168362796250659,0.2585698652805132,0.3188034472912796,0.8429675278327703,0.6131500622016587,0.39687065814529354,0.5642569124352593,0.5225863447817382,0.5206409998146828,0.40201999855026105,0.4986042647671866,0.35342746630409483,0.28783640618779543,0.5442123420989297,0.6217363740257171,0.0,0.4561797854706202,0.4578586144944832,0.5560663534348009,0.8558536745425035,0.5719732957297731,0.6725494815246773,0.647031126391504,0.5496159377080713,0.5000718017731898,0.46881171250101206,0.6065334539657139,0.5791307229414829,0.2009710595870685,0.8772331307415722,0.503228756434528,0.5010744144427586,0.41960742549586116,0.5392324599049757,0.2404559170079007,0.5181765111852104,0.3615793163267951,0.553395924908428,0.5161651425995324,0.749531958297926,0.0,0.0
0.48217722832282134,0.6289987580429667,0.565903584657127,0.2850771219054011,0.8016664048443936,0.37213149386912303,0.5471076531145044,0.6509974908655989,0.8401921090309814,0.47011005878718,0.5157207735847044,0.44380653141334825,0.3266446120819778,0.7418017751591688,0.5905109539200969,0.5122859519898124,0.5438317979877809,0.49080714801098085,0.5841938204091562,0.5366249194352916,0.3905407084186589,0.5714436297477687,0.329798250203437,0.49934254706767983,0.5476381366541295,0.6802222721240011,0.47750028532846367,0.6452413016475671,0.6441192433949985,0.5345771743882657,0.42581382697409687,0.6183764832091821,0.34334536536154237,0.8402523036262056,0.6878016238802905,0.6318222636858641,0.26716411900503867,0.7472793776572387,0.2507051692690199,0.7222813396284001,0.4745172561720993,0.3057892591988997,0.43291216928171417,0.5395044937576668,0.715710423576399,0.46040493330152354,0.4065482407522764,0.3500074695110027,0.7430941671518642,0.4771890649393294,1.0,1.0
0.3631045883057134,0.5514049354828598,0.7201323890345828,0.5707799215958175,0.5348291944277915,0.773667370368308,0.5809886554316843,0.5684693527744021,0.5031132648229613,0.4098545571063614,0.6456890993777427,0.3220903500912355,0.5217931003732771,0.4260182049553087,0.8846283867986231,0.7856801291761056,0.4394999163825401,0.2774639590063316,0.523549648660122,0.553805164569117,0.5883660948515069,0.19069102783961003,0.4782215351799061,0.41443023332442,0.3427731374706463,0.6854672928638645,0.502071916225967,0.43418053550458885,0.4600182281160962,0.6828676583577872,0.5997078716922684,0.753459037502076,0.7086591790429454,0.372058974681735,0.3655161975456829,0.21150333748398104,0.42598745324743187,0.7198345031547506,0.6317230167755696,0.6077759385260517,0.3763751270338298,0.2589184787494948,0.3057718447695616,0.36971973161761235,0.5964608325663904,0.4149908128784779,0.5174583069057488,0.6133540662816261,0.6652574640545841,0.5307699405687849,0.0,1.0
0.631641882554226,0.20749979117730263,0.22217278978934998,0.3060733396418263,0.6510993352459673,0.40235900903604915,0.463754052287604,0.3787072933676994,0.33130267287498527,0.42900103459523575,0.6282046816866625,0.6537457726219579,0.6718081794422145,0.570013890975073,0.7725929332730653,0.41857608155037734,0.44301622973713756,0.49950745414656106,0.425581976970813,0.6410609427597657,0.2606035302484948,0.4724932545082413,0.6003907964896587,0.31999717633375846,0.6580531824428009,0.6843683666186722,0.5625456714322166,0.24127610470679228,0.4971402335992738,0.6188560341318445,0.40660033799340184,0.5957712330286948,0.6466291304746588,0.31859223166577194,0.68552345237762,0.46252004240846073,0.6169720206904251,0.8148628220125111,0.6067614112533016,0.42802400309750754,0.3304334120173057,0.3816527726833591,0.5817949100599706,0.3860317633373767,0.729416125481944,0.49030468079530826,0.2663165742041769,0.4030514062668747,0.5201256346621558,0.5744667648422219,1.0,0.0
0.38140502622885836,0.47498514443043366,0.5679325346684518,0.6919439387103823,0.38996719365679977,0.5607047463244941,0.7347605128909194,0.5257282307176219,0.2923763349262926,0.6831519706647419,0.35265014633823466,0.23137817484299497,0.45372333464375475,0.3077667828117941,0.6188604217380924,0.6714941188249481,0.5676541226030087,0.28907289370206696,0.44958356387712173,0.5507131551540688,0.6496099894615588,0.39776486102741465,0.2738127928453583,0.6274116117844923,0.522090936824456,0.44188921662736047,0.5172329447030597,0.532428280555347,0.4739272030417479,0.5137972436078819,0.5457653007434815,0.4139656308929551,0.4868605848255864,0.5602804647427262,0.5311464460188053,0.6163952659408556,0.5762890299669609,0.2713324322857795,0.4657026992509191,0.559779348965995,0.44619654831653544,0.38574779642302087,0.07478621518601798,0.6944797271275166,0.45259287267092685,0.5845550848645275,0.49683914772439347,0.6063478940280047,0.3370075045118917,0.4239064926549489,1.0,1.0
0.5319610794558856,0.4734505887538408,0.3259125813658486,0.26659343166463806,0.6038799926879685,0.6698926439643255,0.7054353196690321,0.46379475472409337,0.26668791115507723,0.46266874585581097,0.5382841634875388,0.3955868088353238,0.421263823322695,0.38653487108892753,0.36925790501043976,0.224008769600661,0.37359512808315554,0.5057541798859279,0.30963613295530673,0.6064040049074122,0.3711073927183776,0.3899862658288219,0.6208773992531033,0.43780361447350935,0.5824701321237035,0.3640224868960995,0.46211928223291854,0.4507039405344356,0.40381669994412284,0.516136672200187,0.5304263900411631,0.40531314661799117,0.571589636866306,0.6172136565317979,0.5468321310831046,0.6060704079418529,0.5308628470418265,0.45043631820595564,0.46890829626638364,0.5359159700000306,0.4109621557512938,0.5901534442313658,0.4479288433189851,0.5149762208069194,0.32222205433249584,0.35042025199882626,0.41919671993851015,0.4544882990908284,0.7142913949216384,0.316287757132256,0.0,1.0
0.3991703839439884,0.6988384962323569,0.28346703654987565,0.6023300059417475,0.573880145106113,0.5433608917924198,0.3195178324990393,0.39980810532213024,0.34356563435569665,0.512804515779672,0.3833959687021566,0.2933645160673253,0.4626138990919317,0.44728723522745073,0.40651153362712256,0.4994305657191775,0.4229292834338122,0.4594601802408453,0.34880103747370794,0.6363816916923191,0.2053342321194265,0.5389292725655938,0.5495627178257838,0.1827298272607189,0.4568734883055312,0.5326153528569715,0.5030517095714548,0.6009811708102618,0.6060161848637186,0.3567883703374409,0.45888908501686604,0.3426436055996736,0.6050836553246928,0.4169727081331516,0.5697468076666977,0.7317953896660947,0.7943631107514417,0.41281146343239783,0.7208947058563077,0.2400070366533519,0.5105555437298588,0.40170203554472006,0.4314268943141841,0.3266100324211362,0.5311591327340329,0.42018731276267773,0.5547463519382497,0.4761491578283862,0.44175844923988755,0.41406868449866496,1.0,1.0
0.5567825740520932,0.5282553335403934,0.5463816050008266,0.5529962055087216,0.5092448607467156,0.4072850426291199,0.38086414660133244,0.6968342072815756,0.6569293495670104,0.4837486348052058,0.41690743009062675,0.5691087991189777,0.5473363139754823,0.41006162845859173,0.6103036052102349,0.3819379783828997,0.734588519597066,0.6261035139809144,0.20809838093657795,0.2589354168793365,0.5973515290511198,0.419209779258583,0.4701620592005304,0.4610538096002951,0.16829376255671688,0.5617434637224125,0.2634697956744174,0.4156515632328453,0.6331634291982227,0.5137356492256958,0.5201906890808256,0.6372699248073624,0.5622612737508361,0.04184023493958818,0.19094302039515298,0.4486790506913522,0.49924712601937926,0.6136583254590366,0.6549434218871695,0.39075716174422526,0.353627401362789,0.5613462708500183,0.6876582980088994,0.4272013354914238,0.5747776229131037,0.080845934912562,0.6355499004625246,0.5007461704366281,0.3644952795651328,0.5413137942666871,1.0,1.0
0.6861529418239238,0.24190028962774815,0.6173071197810974,0.5670619816062398,0.7520540714382933,0.9049063513228661,0.5329884390531007,0.623613915448505,0.6464261787218407,0.5267318881159841,0.569713982580725,0.4833457104145706,0.5292706808768974,0.7144912109712599,0.5901646001936084,0.38453162401677116,0.5537912451115651,0.5204392174117516,0.36949642237120073,0.44386532118919847,0.8259773030260626,0.5850456794972695,0.5209988924156993,0.42669923212182376,0.5960031741419743,0.6813900085897954,0.5549376799548053,0.3704429441771957,0.494529156786016,0.27571678331623145,0.38388805039925483,0.4936532206235955,0.19256154889909974,0.7022533182284793,0.6115716229737211,0.45063329694240456,0.5480840746292134,0.5768567284221011,0.5199593423524965,0.5618050083246868,0.5697673105445219,0.5146067182126742,0.395476798577983,0.3651256781435609,0.5191961327823272,0.3967554831741792,0.30231619756244255,0.35472358623886113,0.3220289159649703,0.7052699098328787,1.0,1.0
0.4898572198049532,0.30464284499303457,0.6337974084650605,0.8549210640068536,0.7560283121103245,0.32237309588552726,0.6718732700814761,0.22219875396647318,0.5433161155662698,0.418000077838053,0.5933465507837872,0.32032617380520406,0.5513376931012659,0.6802245771536615,0.4996230874198163,0.716404366396723,0.34443511451714826,0.4023569152974827,0.23116763315192188,0.7420336162814343,0.6041663187783901,0.31080725490253974,0.7427498950711248,0.4636921555502515,0.6084287050184389,0.6381199604411291,0.5317466399565417,0.4816776753491469,0.5426457242520784,0.4609250455487647,0.3926771926974154,0.7080153217640004,0.9883814420687432,0.6149896190337631,0.5849609455942286,0.5636749645185081,0.5195686294730453,0.5939154389193991,0.8007998860392849,0.5520121778759681,0.42149292186631154,0.6476841363143521,0.3679778808793915,0.5617919954829764,0.5404551894577858,0.2784139206854187,0.701985499559977,0.46024999604948075,0.4986511172038961,0.17579790063858863,1.0,1.0
0.44723433006870006,0.7130474705915908,0.4533750903404297,0.41468640456871325,0.5184021553493288,0.5104688964849726,0.6680534031728356,0.6258276686084562,0.7650140814487858,0.3847689072301045,0.4281995095305557,0.18242388182603686,0.4424255250739404,0.5794232030715758,0.4281320424800226,0.3367115776338364,0.4045880768117697,0.4982311670351254,0.4834620121564419,0.6557803476751369,0.6531681884160339,0.5473586110112899,0.2866590281166773,0.44797025835415477,0.2925333792760844,0.3464404670387708,0.6000623037863544,0.5259121374453819,0.37574420609017806,0.37914571819482534,0.3183171842886772,0.5678695522533226,0.470172507487742,0.13490715465701048,0.4559148722716959,0.3257720172699867,0.41951815117432933,0.5111759673159061,0.4630396392068411,0.6221127134934351,0.7403777069980914,0.5865236110271305,0.696079390378325,0.6617218522394925,0.642687474536322,0.6956614896725539,0.18808835911562521,0.4849912376085667,0.42280141554860823,0.5408154723128576,0.0,0.0
0.6712453688693601,0.5445258914183142,0.31569984097161924,0.5809096061138624,0.8979081574497372,0.48507494835254367,0.5091820463788972,0.4164646286255088,0.6353844323598012,0.6654167773990661,0.45382129178194264,0.260660802467243,0.5398166637061281,0.4668549299968388,0.48420633094754845,0.35177129368247706,0.5338339229903877,0.4010783783071006,0.7405403369450994,0.44425558334910986,0.4824346783678021,0.4713445994122309,0.4927557145815741,0.5374564526730649,0.43845390702097653,0.6133580908693865,0.3971121443589059,0.6671834065618056,0.48408418072938647,0.6661296095439299,0.45931256484483923,0.6225428181299906,0.5072660816311497,0.5782303763259365,0.5057036901677768,0.5420681207056712,0.5285827311596125,0.533538557933077,0.5483905445696555,0.540691614129211,0.5403602811347462,0.3279525683535447,0.29084483199124594,0.6807291503003157,0.7505968130537297,0.41922528174255064,0.4806183299238775,0.4352157220738901,0.3255489509713306,0.27307262778897956,1.0,1.0
0.3767353569527748,0.3701262928393487,0.5839599055132618,0.5386073444202142,0.4606217191587966,0.3028142279501,0.5421738326232725,0.43070783400687707,0.5363774681849609,0.22813179425900443,0.6295685863272055,0.12266459588977578,0.32872839553902955,0.4595224384824756,0.3979927214406904,0.4594280253491741,0.29303123762879274,0.6769379002100608,0.4461188852696819,0.39654868180496666,0.5225982884551967,0.49942111942897427,0.6124788107091356,0.03758862976137011,0.49032485215509747,0.3842880618429344,0.3413887894951199,0.2648125899236382,0.6375377560911408,0.41981753595829396,0.4919222115977727,0.6707746855972238,0.31184688400163224,0.6230638413897229,0.7937481952510286,0.8561808548613814,0.5273625351766184,0.7518312396268868,0.4714439136575794,0.676425817479015,0.2962271419510606,0.36579551135010474,0.42647627530433774,0.6358577126603626,0.42936689010064377,0.6026044964276761,0.2837125715091963,0.5840460686469621,0.37693442393558657,0.6143263179108758,0.0,1.0
0.3722542358815462,0.937357039516994,0.4843301002717638,0.3419851959769526,0.6186019908579238,0.47706635013149595,0.6238144301233238,0.40333423657986645,0.3288282607738634,0.56841892930355,0.3437649498318085,0.30957362164593555,0.6148401785458816,0.4618050682833917,0.48656935198089885,0.24965524447698198,0.23674717870876263,0.4098407408358075,0.32712703996594333,0.47616444744889697,0.3640581533986005,0.5330858212653714,0.5004058588671497,0.40054177009069103,0.5557632109684865,0.4792113957988056,0.4510132144540568,0.3601040157628566,0.46790249415912144,0.8404035294709975,0.49341762989119864,0.7435749562286493,0.5699399222078748,0.5510930571101812,0.4887820680369376,0.4787682807654908,0.5704320668448809,0.6666061034168654,0.6946668200498628,0.5534551176751762,0.4537301583069061,0.05705462925534594,0.5420913856409235,0.45783292581809254,0.5285614339470374,0.48275686159039927,0.5055307575879675,0.2123608635335068,0.6892912101377517,0.4683604845094397,0.0,0.0
0.6213534149997472,0.24010509811487082,0.663177245510325,0.48459007663577397,0.7942429636833551,0.5989058827977618,0.6492506436354418,0.5258533331267352,0.5850389046014101,0.42767509840339535,0.8039399845225207,0.4685023081606299,0.40873040389327087,0.4090703349947785,0.466213654895805,0.4004077984245498,0.6974116696825919,0.3770371963830111,0.49072969113456755,0.42183591714626056,0.3503288163637555,0.6080091875660403,0.6101874757555171,0.2968985458587082,0.550447977034564,0.20285631290773426,0.5977440747681446,0.5426711656078234,0.23489174370897126,0.4418282908029431,0.3481322259963483,0.4939251897453171,0.40432650144667753,0.6159809617497697,0.7939972438302063,0.5399807624764996,0.6026730052359166,0.8571919096749588,0.43527184248772655,0.28694416368338543,0.3229680244085452,0.41858271572154737,0.6727783798848399,0.43618706784386185,0.6902801587525548,0.8289037925389721,0.578728565520015,0.6105688770659641,0.3281895715845046,0.4685704751389342,1.0,1.0
0.15739552710946955,0.43692273054524833,0.23421037789611526,0.40093396240123513,0.5550727552289177,0.43664084774716366,0.535712014569775,0.5317755905831604,0.6551521832478923,0.30438607246273425,0.723787549382755,0.472974509672259,0.20697145636512349,0.6798210120158611,0.6045253136692756,0.41085029361119235,0.7697423215492175,0.45354055091640066,0.48148971650951,0.3858475733885004,0.44394555378030875,0.4383352013179452,0.6930883901691957,0.4954821660864683,0.6566936343525586,0.5316639994208686,0.4205365638183252,0.40860771430711534,0.46727215983849896,0.44802573678367247,0.5561159749181018,0.6904731431883199,0.364803726924224,0.42360867045525913,0.6513508346063133,0.6152734245805924,0.5623038283541425,0.6447212100987672,0.3878768398175103,0.4897589086902531,0.4448963592465794,0.10570237808479872,0.5081467516027182,0.45755747836558985,0.537288738666609,0.3018531093295352,0.5138423330233743,0.5193653970012058,0.73787591003227,0.10697397853252723,0.0,0.0
0.3659751352669253,0.14695860415719705,0.4704838830251642,0.25284969074894476,0.5997637519398,0.5778438784387097,0.45630665422497957,0.7010231779261482,0.4279784929251586,0.5940237757493013,0.42899774253859074,0.2547773847377662,0.619861778533288,0.5980867969993179,0.4037285217409341,0.5360444895761973,0.4772264964387399,0.31218690894072604,0.33120696387753257,0.5589670308718323,0.5073995830795848,0.703674473443697,0.4394582848965208,0.2879196321501518,0.49683039065928986,0.6408292000960546,0.7182345663682824,0.7504750480654662,0.5124295059137766,0.6354036281701295,0.33927526270030706,0.5084211370014141,0.4873798765048791,0.5469677003875443,0.43454449284544544,0.8114509738713499,0.4799157744534091,0.4671363653673207,0.5910699048377059,0.6407036878597641,0.6477509937972664,0.7484614090535526,0.7651345459682984,0.4725945873502131,0.3100779398502966,0.48642313313402746,0.4886104644366827,0.5412888684146685,0.425023133958748,0.4269621338807085,0.0,0.0
0.5919102207568587,0.3929851506161682,0.4636403377967518,0.4672051333351256,0.7692687060588103,0.613976530515002,0.5576742955225054,0.6137171294318989,0.29761909037254614,0.613670036351836,0.5660260160580904,0.34666817874261213,0.5601883731038397,0.6494325328897883,0.5827157516199374,0.4794319601505674,0.4391847011939053,0.2252511702277471,0.35421723196327415,0.6055831731311672,0.6550338393985847,0.4130618080345706,0.6424535032770091,0.31011702650918593,0.43089409242699095,0.483282433780294,0.635113522952369,0.4951009802895465,0.4136646779521253,0.3422061571355222,0.3993096271897887,0.683243032493339,0.48399362075486285,0.4831708314995183,0.7129732609305999,0.38281664444610813,0.33689020518881,0.4343758650037207,0.7951106081692838,0.7023012466728813,0.49549428189125533,0.5905271263009286,0.4637057609734846,0.48095440254394495,0.6310921924708981,0.5118889726896991,0.4829118857541933,0.49570811761420763,0.6533741318586229,0.5468263031787944,0.0,0.0
0.6272891132265275,0.6408808452269678,0.3640932733140327,0.4246824199438311,0.5560863549609014,0.7338381236339075,0.5483846240830962,0.4763156341365975,0.5866443632010683,0.4748445729616072,0.40581687085524726,0.2808421509279227,0.323357868639661,0.5025397397526827,0.34065656106014797,0.827836463315239,0.6318198685839255,0.5351318018540577,0.4596292851190993,0.39478817357901974,0.4851660721537048,0.6070733879981499,0.41127911166747355,0.5700681727087135,0.6906830621817247,0.3015782560705739,0.5147258610363306,0.5152559714935178,0.6456485139227548,0.17277845472030648,0.25943240036863296,0.6745062477061492,0.386937386115633,0.5859450793497168,0.47332130708215836,0.511140727988564,0.4265592967533756,0.5447400306391632,0.5116162613037907,0.6425878040649586,0.6695057386414245,0.4592026416896276,0.6263290151499947,0.5926492225070272,0.672706458458607,0.47525837255308856,0.3740558025158776,0.4459482681740771,0.4562201398918275,0.34272651662740317,1.0,1.0
0.3037916529799999,0.6738147868215588,0.5828010712242155,0.38833781430398395,0.7461194638181695,0.5392220015768193,0.49280897877100815,0.7001117047815545,0.5048612189946377,0.3542697669258249,0.3970923681741771,0.28122755001530014,0.5318686176734295,0.8113888173628675,0.7772102798366188,0.41077744480432854,0.5789829278357946,0.5553561840878944,0.15715293213830012,0.2951811700412291,0.3903613209313713,0.522875582558095,0.8083296098710908,0.5064908339016599,0.3339153044573098,0.6461243389588869,0.42232425616511154,0.3548740246219213,0.505003452921713,0.46045954065428846,0.42203036589676163,0.6405347127349434,0.7287535754453883,0.41109481648298213,0.4808454853654258,0.4924603443313507,0.4415623947339825,0.5350909310607348,0.4981950653891993,0.6087957884795379,0.322137456615654,0.295252204929249,0.4574768204167298,0.601550356913892,0.18517687268352587,0.43129061403321645,0.3179886750852773,0.38862968147847643,0.4826293367403754,0.5003568016636196,1.0,1.0
0.4268162162187839,0.38549149477740674,0.5251520045208281,0.48210899242475336,0.5643439692527046,0.4546946501988284,0.485695077939821,0.6583560801736424,0.5490425685388896,0.5868165922035273,0.6581983334936329,0.3810608897664097,0.5783169185540323,0.7312014382859379,0.4686601686012852,0.28569441018672975,0.49518548801106865,0.49420866446658235,0.6279855411091281,0.6241240414702953,0.3279985138262032,0.415200165173518,0.4290218938292008,0.6256534630330164,0.29562007223085135,0.6172952386355859,0.6205495259573184,0.5239226453808085,0.49831377902761814,0.43477871553035286,0.310625452232357,0.7728491609749388,0.5857041163326971,0.4897164018120673,0.659788091571673,0.38692942114301915,0.5004753620376784,0.6420105879895647,0.29391844394202943,0.5369801489672718,0.5703774047953707,0.3792741158450204,0.6544004915618203,0.5720576247818968,0.719266496637876,0.2371762174384835,0.4160474262247448,0.3959571049685127,0.4446404722096293,0.519096434879532,0.0,0.0
0.32501576212784067,0.7991460621075089,0.5676876272751494,0.5274669854003925,0.7394474695523504,0.43832175017224057,0.45376849502192124,0.7789240891740068,0.3023911852779773,0.3770014593163249,0.4869717593306369,0.20819206393849227,0.3958514320477862,0.48037795944710976,0.482936120677576,0.5025244232682938,0.5027018086333354,0.8596071280136015,0.3723416910816893,0.3363030606729111,0.3547985754704047,0.5771491500713317,0.492897733943936,0.35089475622402017,0.594410275144572,0.643471029050462,0.7632107033575185,0.37064711612951146,0.6307768144108367,0.7829932438442954,0.5537548714811406,0.4926441509705942,0.7054971964164507,0.41857595224453636,0.4107357806790286,0.7611487215648808,0.4036005268090838,0.4365180266485849,0.3542766631333037,0.5841515299878894,0.37708091411685957,0.3884052678040199,0.5773965631351765,0.6255189066910064,0.5842002186885112,0.4634801577242345,0.3348690366070815,0.6122502550911915,0.6001532417040962,0.6155136239295684,1.0,1.0
0.5769945914294418,0.3684154496483283,0.3933630554269642,0.48703201059182866,0.7048041984003783,0.6223563850083674,0.35094426148742064,0.5182213351321816,0.5138755990611364,0.4262654593338233,0.5198974708697269,0.22767961540188852,0.6465509412931119,0.6182632006679835,0.4791653763306499,0.35719776618882115,0.21472493922093472,0.38401382861067385,0.5107951555640986,0.4343910579358558,0.5130313163950938,0.6600361424966924,0.416470241654179,0.6122009000873507,0.5374603380743374,0.3970142165241794,0.3702405099815049,0.45390542067940287,0.2847284369176332,0.5381208790397622,0.6252953574340885,0.7292681582576773,0.5659737601116246,0.4540911866467413,0.4929927751211029,0.2495554765742199,0.4573324205936374,0.615078420397745,0.4145334617536542,0.5957497701094382,0.6248796871031718,0.3805209810946222,0.37644871657292134,0.6858803780919229,0.5173146038578366,0.30323495406471296,0.3492935362675035,0.5145631364886063,0.6667886964229951,0.48091213178767056,0.0,1.0
0.1931430914634728,0.4857247146178898,0.6878529043101678,0.2624392692347569,0.44856821918252504,0.6052875913763973,0.2669990845589751,0.32989845738652057,0.3169532411963004,0.5520082107829523,0.7324390861549429,0.42147699195579286,0.7270921273613237,0.8792154075806377,0.365152743986462,0.6304121235351627,0.07157831141717255,0.3583998426812105,0.36309319800586726,0.48142747117665613,0.6308809509998734,0.49570931553433256,0.4463893615724979,0.663603902905316,0.39141191249373736,0.43894653811453394,0.3469184254392427,0.39390363667265205,0.6471540024284484,0.8852772346010284,0.42282067841365034,0.5266667762601033,0.4241445545743142,0.5050602490085849,0.6824782739237274,0.5414660450773807,0.4622017106407338,0.5389852050795949,0.6048778484440653,0.5233569363249715,0.24948736300117672,0.41481916918463435,0.28743722926061294,0.5409873883108767,0.43631158454132674,0.3681999654742163,0.34228492106498476,0.7604040289846957,0.707743509367761,0.23323839567847307,1.0,1.0
0.516136487341267,0.21088932082714032,0.629857772511698,0.4209864010804661,0.47616890605951573,0.5311645317780292,0.5939402502085506,0.29056236522134476,0.24483134967775705,0.42887547087431005,0.4206895139170324,0.5162817292170433,0.7345826655087804,0.537741566218429,0.8393363781076529,0.41240468505680883,0.3953688122413512,0.4050659484896393,0.4733713124394968,0.638196471429803,0.5772940011140357,0.44560337072380185,0.48191918468950984,0.32371483976574994,0.732236531069497,0.31719074122046875,0.36715482060182913,0.27143621127768086,0.4215012142856018,0.5421926101995796,0.2855669261721498,0.2440748281157033,0.6440206251815448,0.5609916702035234,0.497861282065532,0.557746617272533,0.6256053142910294,0.5833438414033656,0.4610878835654615,0.6249483504786872,0.30788678912507483,0.3984209265071052,0.6494243801698872,0.7027047910971412,0.7179132066434596,0.5672642299888808,0.5868657908558923,0.8355172735627062,0.5977592224878335,0.7397314897250461,0.0,1.0
0.4927014886899372,0.4236824999130179,0.4252400632936547,0.8458834302450766,0.47219046197524056,0.6834125724800831,0.26097121045413696,0.9969781134085948,0.5029725984315025,0.3929585164177635,0.5228095438303569,0.3107803156608302,0.6137182349790729,0.7187179344110824,0.6208392502187585,0.49864996105661635,0.5188345198934139,0.3064223011085532,0.5586421684211542,0.5094277958325556,0.7734395413846264,0.4706375193133366,0.5236800623143216,0.5208742866058398,0.7463329749489326,0.6750058106857999,0.5288898316472713,0.3486658532893016,0.8154412777883199,0.5901212056047701,0.6971700198046318,0.5395937528486553,0.5063075579718035,0.3564209013571831,0.3939833260641274,0.50319691236228,0.3956333428118883,0.49588597946984714,0.2650464449728986,0.3904540434202015,0.4050675400510283,0.11388721907021021,0.6678759614551042,0.2273946939387694,0.7278844368180968,0.41023732972979077,0.34909660332576525,0.5626215052450431,0.4633581125204729,0.3922505528082313,0.0,0.0
0.35623063154015094,0.46071632022239084,0.47587137838769106,0.8009234717410503,0.2981629447202952,0.3604416712314195,0.5172282920479849,0.5765192619644294,0.3403345573127497,0.7095745045238319,0.49642887766028415,0.37450631973419374,0.49218471824440224,0.48968867769219926,0.42468931177085145,0.25442093370180574,0.5066639650990397,0.1901702003053426,0.47933492615545725,0.43803075712096445,0.4473749159478081,0.3635679784248652,0.4201656439472522,0.24501575024813996,0.32103014088251147,0.2493539770345239,0.12529327824422934,0.5104140676075494,0.5468065251297929,0.4357627531375315,0.48391989091478005,0.28551377036758024,0.48178941547488446,0.1721102940283092,0.48239757703229147,0.48912867812451283,0.42101912027857846,0.42166976280083535,0.013833180285281436,0.5694375161297511,0.6252228131123236,0.2616032986331571,0.8184796186162443,0.382967310743775,0.48949089463103174,0.4445264442742176,0.43701703843026085,0.41387566428609074,0.20619279140646557,0.3079075044391098,1.0,1.0
0.3817526878531396,0.5651094547821767,0.5238319236084084,0.5329219287901611,0.48350367562494473,0.4905966914621585,0.7637847364201089,0.543019856622053,0.9267464706704283,0.43918750497343517,0.7906823380847097,0.45432983484422507,0.3237950570352596,0.502041779692292,0.4071446199062434,0.30358391877661406,0.583278042249887,0.38954915640959303,0.5973234826583902,0.4095726986344823,0.6855616938508617,0.4192806598565605,0.5270918768101691,0.450257903417096,0.868815830283934,0.6360938612820166,0.4534439749388507,0.2870093589280176,0.3287977370250848,0.5722592376376914,0.34927624926873646,0.3960178844183257,0.39952662260949057,0.4679350416398682,0.5992811870623668,0.49629583049378934,0.4651123699775325,0.5793370805291215,0.1971808178096518,0.9142722288154786,0.45531481736786733,0.4956120156334645,0.5107765592582562,0.6159808979561745,0.5827969700817542,0.49194538189909665,0.5160832249314706,0.6246118990879764,0.4473807350188655,0.6394662082291948,0.0,0.0
0.4853109756325313,0.5271558757742755,0.5991961528999413,0.4293851212964749,0.6310676707393742,0.6392635744827262,0.4594968911157553,0.5585709493593443,0.42910518736725334,0.7592915388871032,0.32919083529509785,0.25696678043003124,0.6752772698648942,0.7660729764596552,0.6137179671284926,0.44066862887742037,0.4628447937352058,0.4224870251115911,0.36541898198107897,0.7998048277737346,0.473631676477555,0.7302096002749282,0.45454724011742864,0.21246671515301235,0.26045728959686,0.6380960283827658,0.3005598758535341,0.4818125469038041,0.3548026964593661,0.274354874196174,0.5858115652744238,0.5412892063482843,0.6224366536763583,0.6321076376037563,0.7745675305164438,0.5356089573587244,0.42701689956573946,0.32607615870934076,0.8441409249694746,0.6157683302703127,0.4762229029687709,0.5277464196414422,0.7459883457360674,0.5944067529118892,0.3604535166219374,0.49550756203964585,0.2072934578916929,0.9047841657921126,0.6431625827936748,0.385976259645791,0.0,1.0
0.43284492681154113,0.8307250071697763,0.7556443188738038,0.267632685520747,0.5843591327441793,0.6466000919435355,0.621752346348454,0.5054268737771614,0.4004122491251959,0.6229209709071102,0.48972057277910297,0.5297848064273991,0.5357496601992343,0.6056324151993153,0.4985103904564377,0.39616921273370503,0.39737807405261877,0.5925628541926615,0.3512355313533051,0.4427205266791597,0.6260363394896298,0.529681832216823,0.569987291415189,0.40820488637115987,0.4541623538841531,0.430108425061917,0.5639751681362685,0.6558863508775781,0.5323394891805231,0.3801532801542283,0.5001758386596671,0.9191742271127131,0.7111148917514761,0.617178769109339,0.5347945732953323,0.566765759406104,0.4523551482385496,0.48400449839088494,0.8120561442547183,0.4612050449041353,0.36617408727036643,0.2757736459779209,0.5179730273836932,0.5671158761133334,0.5521784265986373,0.5317992234934258,0.1990894024188548,0.5867638025165975,0.1465627715237911,0.5097913830803816,0.0,0.0
0.47676076129526457,0.45949262326184526,0.6028248527186338,0.4000163854648362,0.3594836863427272,0.4653159402483939,0.2840927119684136,0.631260115611292,0.34416243845399674,0.43597132569446956,0.7623187248107841,0.6973834037513748,0.506464812200644,0.41918920129897563,0.22662076870494666,0.45827987240279905,0.4385775575924731,0.3309576208604842,0.5788478146738021,0.3510172342756003,0.5772537185605796,0.5153204488712056,0.5078803003037865,0.5819429554230673,0.316033490170443,0.5549165698265363,0.4038381895480669,0.38146675646744854,0.665823346311378,0.6835954801501455,0.3628758116589611,0.7239993444071091,0.4039238951662523,0.3200317552829939,0.4493871954255085,0.39193392638770025,0.36641944976904883,0.4781884602546183,0.6388999581563288,0.28949220321470726,0.34637220530165275,0.4768232481913441,0.6944471275411811,0.4464413045136809,0.40186795925120755,0.3727679995468799,0.5494429278565862,0.5449922291930681,0.700993904207073,0.42280271975980405,0.0,1.0
0.38037753303600746,0.4375787106146897,0.552582075140961,0.7380749358178779,0.376262795498028,0.3999844047798573,0.7054905188953572,0.37714843558845884,0.8714308860214053,0.4871274430894677,0.486416061797408,0.3166042303232368,0.44671323734840934,0.7252557599165577,0.4594166155503125,0.9623912531309978,0.35267971143960747,0.4134731677673152,0.40835796105046257,0.34424459658490314,0.45411698413722845,0.15534424839498412,0.5180490492704364,0.48359964044563686,0.43846111051230585,0.3198932286636047,0.37067891756422666,0.553768819014257,0.4254474547055311,0.7168824880543514,0.343292068887503,0.5476124288116688,0.28874557704282333,0.3772902706431875,0.28527734507814745,0.2717143883392206,0.2925414920971833,0.49634243269101574,0.6687367782101928,0.7121724196484068,0.3607576025984173,0.44427286323378395,0.4274474919607819,0.6551925012139912,0.44340396693239587,0.6999476247338987,0.6226097216268164,0.4335740373433905,0.3221292961959431,0.5297734918071771,1.0,1.0
0.36663573885608625,0.7109800559328655,0.2672546887043349,0.3080735443489856,0.8352121744564052,0.565054979724857,0.5933646466331824,0.45208943197593143,0.49175512014299655,0.5285742338020274,0.5962795351893837,0.5585215768054613,0.6888398951294047,0.39995390648535106,0.6773275169277839,0.37372769593188654,0.3908750710357331,0.5554091603080522,0.7205936690147736,0.48639185331504187,0.3020608626177758,0.2957702987225095,0.34364299349232463,0.33159198227521497,0.4119941658209978,0.43687989639797015,0.5395538277911706,0.5728565031872396,0.40230742554351046,0.211784834008936,0.4604696634736857,0.433402711748674,0.3743054955367797,0.5561233197059858,0.5598105163655442,0.45694354220722616,0.3336045693661947,0.5113623393719546,0.6132928954818088,0.1263817863445897,0.39289239851517554,0.6319022427672917,0.49994387266764556,0.4458878691202207,0.4074759604208511,0.22476229524735525,0.30111198477248047,0.6530100430661855,0.46721084414985065,0.1305174570289438,0.0,1.0
0.5751357256311513,0.48217029875946865,0.42539715597560057,0.6154609746563239,0.7620994897398732,0.17758650807919985,0.3968002075159377,0.6517257527236597,0.7254089553450348,0.5619189883834673,0.36550348680370337,0.4747827650318973,0.6688480188274372,0.5892885486578936,0.6077761517942409,0.42202756149777537,0.40702694051442345,0.6529800016980506,0.44809448249384887,0.6261855360923104,0.4020839864498133,0.7463395724702347,0.4161935335265634,0.49283071465881007,0.7299490855339273,0.5824194096966433,0.541106532705075,0.4092641894050555,0.38419574986398486,0.42787802614876336,0.38671948218703484,0.3619415945881558,0.3540904198547052,0.39198692949808017,0.31042623992119683,0.8089428138614433,0.2348106683031107,0.4289182269018064,0.36112454179460113,0.6084324863470464,0.14992095793633367,0.4350277798423246,0.49514877674008917,0.4297037119690554,0.5699329956574402,0.581150621651598,0.6424783998460465,0.4474180424342596,0.5656818823515594,0.334502087281455,0.0,0.0
0.3566040871464048,0.4027234607566633,0.3591763330306055,0.3008369101532803,0.4827569618207884,0.43337084454751773,0.2861395487166064,0.5033964403697732,0.6674991582737909,0.44606874910577765,0.39978479991106697,0.38663820770921437,0.4553003755108621,0.11627235761863511,0.4623772721598736,0.6249710092023857,0.47308600896938396,0.38023426074272154,0.8523406625810312,0.34179417630145825,0.6988358332923952,0.5086727869260517,0.34195128503895555,0.34223849664676853,0.5934746160906311,0.5333678657228341,0.2513775099169555,0.4719459899577469,0.20283035528824922,0.37142826419448005,0.5074896605193551,0.5736506703565912,0.37639750248727066,0.7729063645510837,0.43640648668476545,0.42658234534854517,0.636802748525797,0.5614358980862416,0.382401297937105,0.4534367476817279,0.5581778405005209,0.6817781740686507,0.2891138641242854,0.5663366894298077,0.45895698408227636,0.5824896232043388,0.34030591445769603,0.30141377743896175,0.7059998881418492,0.5586699412198376,1.0,1.0
0.28359235849898684,0.5610241609096929,0.43225532880230355,0.5291524975520038,0.7974276444745534,0.37374624447195515,0.2404626898049509,0.3381728974056959,0.654499283120978,0.5921996111479508,0.5652506796034928,0.22757856954905695,0.39814241061753464,0.46306473630465844,0.5959816352926982,0.6904090882537073,0.24132004796272083,0.38713197761166407,0.6063330840169434,0.48673624749840194,0.38419186413973616,0.6887573503774628,0.4471538048082852,0.2713379487886487,0.26971712973626677,0.48618557881466146,0.4020584346890369,0.731488958860171,0.4898003343718271,0.6317982473525036,0.3059602441156632,0.5806148294266177,0.6771633967060603,0.453813821755898,0.4494953741190131,0.7251415284063006,0.3883653342414317,0.38561046568847673,0.3746957973869047,0.3960002981978814,0.5818104149499158,0.3436467891330198,0.37318895092727994,0.39637055284419,0.43160857617736254,0.48803690108412456,0.47778309080938786,0.4166370653008809,0.47849133104868874,0.508175703748798,0.0,0.0
0.2709097169635449,0.40971791884653935,0.547512392764388,0.34397801901938413,0.5200853253593991,0.46380374404176544,0.5207184548652773,0.49200212014635,0.5478195083752391,0.5983347093197098,0.651309268567934,0.4400046408867358,0.6460280154267759,0.6701050522663696,0.43900790257457606,0.5384494566822039,0.39863372743129133,0.33636050417713015,0.3507746820684079,0.5513775013836472,0.8042081458957236,0.48432630729799425,0.6086916170127519,0.4674899672865796,0.14277548892860328,0.4602112355280021,0.5755964894080108,0.5371622297984597,0.5978785791374795,0.6860146811677336,0.2635819663252412,0.6253799933874533,0.4342750488934961,0.4873025327307496,0.42130136338482593,0.299484128081419,0.4384120140106399,0.38969736105766684,0.6584805157369777,0.5226960732405531,0.35561013710274003,0.3383165594112665,0.684298239832389,0.6155394603197645,0.6398565484193885,0.45854573673784155,0.3137406627447699,0.18385453432549528,0.7750456248613279,0.4547546134502999,0.0,1.0
0.2280127600062899,0.5192682005309788,0.42603550774722976,0.5937645189470386,0.652726175199178,0.3677227076947438,0.5642611262033528,0.47670822747972147,0.6065511120337146,0.20356901051915868,0.6032491232326967,0.5027859029434415,0.19633592058768962,0.5792489189091615,0.7644501557566424,0.3523130282007897,0.3707989486630611,0.6080038152911577,0.6067042858697643,0.5223751831666719,0.38137505595930776,0.5717733841968099,0.4704432518602262,0.5822237850432659,0.4612187921612232,0.6841292403242926,0.47971850090380813,0.4403077475726186,0.5599868978408741,0.48905320348262266,0.3073438139684855,0.5652056739210126,0.6135229223453831,0.4857852301432341,0.36809306897483157,0.43198541937600243,0.5993472955760071,0.5219047531302813,0.5990579580727649,0.07720850894755413,0.37771329147379423,0.15096578710691747,0.4038113679188986,0.6267146230645398,0.23346084330177724,0.3545764507639338,0.4072695802129375,0.2762506759319259,0.5227223798544476,0.5141870753980279,0.0,0.0
0.6163468182145182,0.45567240949381754,0.570520864455633,0.6484279950919238,0.6738117434547807,0.7728386024599931,0.6054990023567538,0.4588476397485711,0.5126914277637343,0.4648123867009285,0.6038042400543076,0.8120236135132536,0.49396376198976033,0.5643535251861423,0.6112445305358171,0.37647403858095285,0.41463965301464384,0.32533656687064944,0.3696124916697915,0.48941436485984036,0.5390380696168418,0.2819439581563859,0.6499041046814502,0.428089002420566,0.32646856148227515,0.5341673064756584,0.4618427368281664,0.5925125884166381,0.5040527493581046,0.7572727406026312,0.46303094983191956,0.6903901115724271,0.7861327959117944,0.547097931414274,0.49103557805685516,0.12627566127551632,0.32141352560366354,0.4148173232219281,0.30366667183445034,0.4722019304507984,0.39650886564745247,0.5935741664089261,0.5247882921338398,0.430167072741963,0.3566294215100322,0.6173991216313667,0.5455987888700125,0.3778370937586805,0.2510461117699009,0.2947332961162397,1.0,0.0
0.4250736108007592,0.7042626114668034,0.6218447425681075,0.34088654099101307,0.5994315567230907,0.5962337907416576,0.7335907707185764,0.4527129004071104,0.6418176681694329,0.5448217957609174,0.7072223016936265,0.38274596439026276,0.49464971612477526,0.48711744862091155,0.5637371134631108,0.41472110327813994,0.32477823850099485,0.2919262556280069,0.44682346691111063,0.5287704648767644,0.31319199376962187,0.4768160172084687,0.27157038361421354,0.2827544605323863,0.4475358346569797,0.42251630439353177,0.6179926013054156,0.5060627169157896,0.3302402275108174,0.44686007477468287,0.43717404822825384,0.6809058172925082,0.4858835385271877,0.730551326363799,0.4365695327992222,0.6732872307247292,0.6451426303857583,0.5953213085755686,0.4668846848859093,0.4940964089343385,0.5403810470607459,0.4701556541221405,0.6005545501085999,0.36567420024775354,0.3318334856371804,0.4473808287751659,0.5377879109279212,0.7215452928454604,0.37128681188142565,0.4014334464441024,0.0,0.0
0.6456675632735035,0.5661042718931035,0.672356468349805,0.575787216589945,0.681504739263687,0.6324523854411163,0.4479172714294761,0.5521846383797178,0.4627499572204227,0.5419849964824143,0.6477639525568222,0.3272047168712695,0.46315591342149476,0.6802789482439742,0.4549390787479671,0.6959297485905808,0.17087493917357577,0.3546520925217067,0.5179160964413014,0.638283443515909,0.13324993694481266,0.4179814687592839,0.5669103944395041,0.2567450043803969,0.2632326927211047,0.5547987401039762,0.5355242273759184,0.3780963400642825,0.4372099428595485,0.3844935939827834,0.6509557595661782,0.6305469529545789,0.6221964861928782,0.3558287534677041,0.7439878207380892,0.43684231510176424,0.3649187204667407,0.5188633473635043,0.24396227699667014,0.6382517568376939,0.21450782691070713,0.5048593439478173,0.5414266148143467,0.5135755593922909,0.7139643383128793,0.48094376010914397,0.4533812702682165,0.45824495457438635,0.3866110658568022,0.6274690331254539,0.0,1.0
0.39429022911742234,0.6576683098278266,0.5219422684038363,0.41934021210652683,0.5121348372834145,0.26995847119772926,0.4998230425307311,0.635412423435981,0.23904021475990037,0.21475067139591342,0.6877924755047645,0.5543080108957786,0.4064377400752896,0.7604296290252028,0.6474477174679786,0.2467916213404098,0.5614636166901585,0.5703066396425148,0.42546146569727317,0.5770182509434569,0.5148503395350392,0.39747731711940426,0.6886862911941262,0.4301813888398078,0.2228584341610827,0.5218843039473224,0.6716961900389182,0.3200385004507238,0.4422882046409973,0.8402185541505,0.43683160792513953,0.3583779235053997,0.2713714625840336,0.4313477793930533,0.6369535537251296,0.5465978677933263,0.606717837795336,0.7642905541035406,0.5383069777148254,0.5741706068929029,0.5083049630484453,0.5263611064098448,0.36969377463603526,0.36585661044913326,0.49959837826595077,0.5771281949643828,0.7479942664848943,0.3513092758440365,0.643499491278683,0.5787303415645518,1.0,1.0
0.7622476458618405,0.4863588305665672,0.447768021613765,0.6223212627617462,0.5024576861367582,0.24857208681413373,0.21962671600053948,0.4157573669369742,0.6700504962608429,0.5366446420819342,0.8741227868916807,0.5374817559154874,0.6444447374266686,0.6419173466699982,0.8689208365462258,0.3485109478902045,0.3823585953841834,0.6713937629479386,0.46138171553307344,0.4045633402547153,0.5037811799230743,0.3015224722846263,0.32993808750162706,0.46543022846152554,0.32107219449656704,0.5886388439992808,0.5508312561533377,0.3654707786782978,0.2070138241233644,0.9022050620200188,0.4549349433135164,0.23723813324029075,0.6985010207970378,0.5949485227621053,0.5462387575691093,0.5431734938314589,0.48528513341980883,0.422898827554641,0.43927500345038895,0.2851016704721082,0.5555931350643585,0.7445225852554439,0.32672497603318673,0.6195821793136671,0.5957619396882109,0.6270825514166962,0.5616073600216863,0.3351004493370766,0.31476223031635964,0.3279126480647375,1.0,1.0
0.3895804885999404,0.677469168660831,0.3000668992720697,0.48671223264998864,0.5802389940161388,0.45459105863904037,0.7023176719485882,0.5298386771963837,0.5935849768589511,0.6050360954745635,0.4708654878787971,0.6013400307018274,0.4554132882993135,0.4332811783951122,0.5298426330240319,0.37577113876549184,0.690053872129214,0.5062812650170937,0.34755011584404794,0.5290882283486409,0.5371880476194106,0.6209168078463225,0.1497137663300181,0.49603383651079125,0.42201480220236565,0.5224919348056489,0.456045050906198,0.45375928633505774,0.3434070545811582,0.8967998445821967,0.45151008376624385,0.43453872964073953,0.6195564217992795,0.4478805420571553,0.7301787679330412,0.42356130656276864,0.37198970331913456,0.6227368193242705,0.5919833812707743,0.41062220698985663,0.469521639243521,0.636700076305632,0.46855136864675323,0.7438309209300242,0.47188672942767834,0.4857006292690519,0.4059027869891495,0.624870303302374,0.6922905006482332,0.3301536132980147,1.0,1.0
0.5126337449705117,0.17172583985926426,0.4324938286705063,0.6001104945082034,0.38077388250830263,0.5674740311132214,0.6795589878933411,0.6242750394724147,0.4283157327200203,0.26438915694277604,0.5786882685893072,0.45898412988910264,0.36713034814869416,0.39006725763434125,0.5599732064452755,0.561510261971361,0.33535068434522963,0.33329182573429333,0.637118593551288,0.3306873846407373,0.5294560062706646,0.6351369438484842,0.5221006410535841,0.471945258142275,0.4186776876299394,0.6337836692189516,0.5404268701870896,0.5510012526073929,0.35755990482052424,0.6266452269122477,0.262653377964127,0.6759552239227107,0.6396685137435432,0.4292659109474881,0.4683962857686304,0.7025227906038952,0.43119994642366344,0.5544489558914611,0.32160154368835137,0.3236518847995647,0.5093755063900544,0.5736838962808095,0.5408071425171522,0.3822947128959353,0.34824775674142866,0.6490901221997534,0.2827353884886732,0.612866992974435,0.5139041539249457,0.20436745212662552,0.0,1.0
0.5644631437364769,0.5169348649816637,0.7695960527185646,0.23840487821778653,0.6217923288244264,0.5657373691038734,0.7357461295078805,0.7024825790019333,0.4275285802582257,0.5082655510131807,0.2752904772597441,0.3094644107100058,0.5324044102561175,0.4375476740051803,0.7424338198800032,0.2480454165636572,0.44031521063215384,0.39649422933413525,0.4152496986294859,0.3705197224153393,0.4100932131757596,0.44325032323403135,0.620436296178072,0.4599353349128045,0.35926550087743103,0.5679150967835711,0.412731136114081,0.8780175268750943,0.5798473857797727,0.3487664439833663,0.25768179599755087,0.38056344671695913,0.5826038859452896,0.5248548521868492,0.6437722899794381,0.3078480304069842,0.440660967797907,0.5483510800816972,0.7328507021056153,0.5926499113399807,0.4354367383421026,0.6194472509305081,0.542513957183553,0.5178799181017104,0.4355676839579934,0.5223430853466856,0.611450468774072,0.8087327907185451,0.4662937284168721,0.8773201820133688,0.0,0.0
0.17653471331766657,0.6404352866847852,0.29358688221908913,0.503681015584845,0.7275600744470258,0.44513550636455745,0.3589927379364063,0.5022567628673574,0.643472840426721,0.1900536090370301,0.5074017866613496,0.5124939731048371,0.6510745855272132,0.8533012398400135,0.366429552263855,0.3153256222620342,0.4399604388301757,0.3209343680268614,0.38079262231716426,0.7297479212146034,0.3969220534435868,0.7585598636117057,0.4986491854191441,0.54638860189801,0.34042903482565157,0.5350907524245054,0.5427310236406904,0.3808061550032394,0.45364116183568953,0.6767632945507863,0.3132546156932894,0.3901947111328146,0.5406964321571831,0.6826369467600114,0.5207606904914283,0.5780913078053398,0.46509786357642696,0.5034989551932512,0.2730114379265013,0.5877176110308667,0.3078583225930984,0.3212103646604182,0.657564666149585,0.4814676788168364,0.39375420743242445,0.6142949217277696,0.8383070849729468,0.5784823374973508,0.4797177677867845,0.5064280051634954,1.0,0.0
0.6416093006881602,0.4560263835799519,0.4505897049866772,0.4396049728461132,0.6211477976708779,0.38471071412914026,0.4528434422403741,0.5971355499586293,0.42900339475450117,0.5807919363857426,0.38516283137430185,0.3624123002860948,0.24853752787626554,0.38288872440684396,0.38654431932802946,0.3603883558988926,0.43178213651641045,0.5223909213996253,0.4810086372939291,0.3977643162635962,0.3883016060548113,0.34472786651038295,0.6076976505881482,0.3701152656596706,0.5157224215022731,0.4037223146372313,0.7002873744256775,0.43646043827107545,0.15484755943480014,0.6465609791624327,0.36810396731419964,0.5489515961963938,0.43194320130191016,0.7432852610600945,0.47294436132442974,0.7312297675866231,0.26111387033893,0.7268280954672478,0.6540492877337372,0.492084140263552,0.32433493659441603,0.6104359714461879,0.5704340337804018,0.27654055485102447,0.6491918915672757,0.7000108578297196,0.43109500653865873,0.09368196517866556,0.33515977557140414,0.5284950597091532,1.0,1.0
0.5144876956283906,0.6151504642776879,0.7785156134990694,0.4271040253419061,0.6156467125487443,0.5103029251224188,0.26664331986993217,0.7513006236574907,0.31192215387256755,0.47070305982675353,0.5845039941647868,0.3525187270923724,0.44246450490778094,0.4813866820968608,0.5169355239966844,0.6141630125458317,0.6328641706329733,0.466730171879773,0.581411278265077,0.3392009223160026,0.33632470259498365,0.07257153570902591,0.6567394551506278,0.26839902580283065,0.5615964119559066,0.7919443424238054,0.5394725156187391,0.6160497727138555,0.5358910355341954,0.3307615886868173,0.5800749484269755,0.5313406591408572,0.3944287275958826,0.7261473667724907,0.32743293604361784,0.5484399257675688,0.3488707132415896,0.6021300736746307,0.7287913329804695,0.5089594015238895,0.2737441975953481,0.12769859416965462,0.5187716289741668,0.5373506218603509,0.3786886962130313,0.5539959825311487,0.19642554504270138,0.6004907671953712,0.5992092101133453,0.45407266512451266,0.0,1.0
0.35629378778684395,0.4700209799865428,0.7537839786057964,0.48167311179527245,0.5630386360758544,0.5172555609159603,0.36106596374707634,0.3945271172625295,0.476605172312743,0.38635750709811467,0.5634889775381401,0.47400656889089426,0.5119851511044494,0.6352648451715237,0.38400639351937016,0.49266807615217884,0.212323305032406,0.480349749800056,0.5639152572635124,0.6302078217854712,0.7904280396052388,0.4916529005203507,0.4863718844801374,0.6041449502757511,0.7336681871350412,0.6870908030112783,0.620198408302367,0.2667404581759014,0.42676708650967543,0.5990380561313084,0.5290557147298703,0.5063722973072272,0.6895428872118192,0.46480837205605685,0.5731760563127758,0.7836797152517585,0.3953111540640593,0.6576948495195833,0.3013915241976636,0.2388166796231502,0.210742873343288,0.13519928732568307,0.5397299825942244,0.5519544963717868,0.3178333993515664,0.6761395079610215,0.6619458926200162,0.4682858901802138,0.28992287631042957,0.5369371658962292,0.0,1.0
0.551154951739784,0.22477637729865174,0.4470582097108877,0.49087352503228204,0.7697759278119709,0.5097995857202656,0.3655630470064172,0.5209568560142754,0.9281161033487573,0.21142066129762946,0.7381981211749971,0.24652018026281428,0.556988533059295,0.5141006162764774,0.504202967874782,0.23318170658396,0.39579423609533765,0.24930573257224234,0.5474858752482982,0.5256123722127972,0.4511206961323087,0.5747217418453496,0.4011882793317434,0.5372870119482825,0.1986329567418829,0.7538289120921995,0.40292025035316353,0.7933108405291863,0.2624092049969883,0.27617644209561654,0.41022000941172587,0.468424631917493,0.6598843737725665,0.3484375316334778,0.4455407604864106,0.9991462248036941,0.3924388835937555,0.528588837597829,0.21940589740365726,0.46379914694211233,0.5934094474577007,0.210996296172628,0.4140936400935222,0.6215450053792595,0.38369190745832515,0.4941307402387721,0.44666283868007556,0.564480158564651,0.4200994768695261,0.4922892797821623,0.0,1.0
0.8686393351638948,0.37444205816976334,0.6232773846043222,0.30086497470390655,0.693703350936436,0.45780481812002305,0.5237954689318991,0.3564535029331385,0.44092463794497,0.6455077084223733,0.5277687648782647,0.31827369677572354,0.46132912789422736,0.5364993203515217,0.8675929622102702,0.37012370212571355,0.3716455056240453,0.32954998669817787,0.6709850206261205,0.9225952166258434,0.47231658823772305,0.27012518522771856,0.34605934946787753,0.46925648397790704,0.6566954894225583,0.4406680869383048,0.5094805185341694,0.6351812847523592,0.1654255596366433,0.3832368201018231,0.6223616225980845,0.6674532929777134,0.35533266825051557,0.2091337590630236,0.13715790410664558,0.4970594240823358,0.6042854183424806,0.45236693632689257,0.5981731231856549,0.4122530545092889,0.5502093216080073,0.5191425831320701,0.5629463951478136,0.29453372586048415,0.4730166817604415,0.6784285317915291,0.7972100605635348,0.1555219366148626,0.5061695618025458,0.5810680572908135,1.0,1.0
0.4822670825834754,0.7028209779309045,0.743826332231627,0.42745862876507407,0.5295750838851379,0.4088040060757851,0.7557989659254518,0.3170515909128628,0.4683317934223514,0.45348979536831263,0.48683378086845075,0.5368226960346528,0.5981628977480455,0.7499648956747161,0.5828519588366281,0.4722953853352202,0.3479916608825167,0.37333182392487496,0.5261761789949687,0.45176595116671686,0.5576956999354099,0.6149306489938096,0.47533709633103494,0.36171214426066245,0.6876443576082332,0.25809515428169594,0.33258684696291874,0.5996861753014453,0.43283141912333295,0.5551081541925145,0.6101268262846132,0.5437782867317039,0.5249306137495572,0.6743826381130026,0.7320596380853512,0.4738786506780576,0.434510156619431,0.8408803624124184,0.4399395515020176,0.5673234015499881,0.3735665807086278,0.6706238427319764,0.4759103040660428,0.41292980280058156,0.3390733301130425,0.4146361055268844,0.7395945537686038,0.6066566079664231,0.6963448430946985,0.14519152593709667,0.0,1.0
0.29389282679980233,0.6601508681513701,0.4271198917193122,0.39267283098494327,0.5662720145315525,0.6058732355864088,0.23670943220123958,0.8331700548390967,0.40788760574269933,0.3454867763451512,0.6092230878769055,0.3231815817589657,0.5967791082813412,0.40679302392164485,0.3487799963474101,0.43957198931454927,0.37765144577320725,0.6380995192090181,0.6653136092778628,0.6798933323123565,0.5957405931073594,0.47338409213340393,0.707289208517409,0.3804710342230507,0.7292077853871943,0.6063989693139018,0.19273942932323138,0.46979004012535347,0.21394963244434795,0.5040815477121977,0.5682417713142746,0.19812951444930035,0.5042471695439422,0.9058764103771353,0.46530506392745,0.38448824632092776,0.4745293986155914,0.3727720923525207,0.8546152755122352,0.6003175569629471,0.3209473305114928,0.48641366546091674,0.18413915116432025,0.4565684382454622,0.5038097011038583,0.3780950919450508,0.6906711626238617,0.6058655916858413,0.4225097913634367,0.3667279115425526,0.0,1.0
0.32496108890217684,0.5362372267667894,0.5977952394922644,0.6503403637961271,0.6847646954246027,0.7102720498734577,0.37775032669286707,0.5287744883897851,0.5754915947798176,0.229758296372879,0.479304870070793,0.4091476884766645,0.21755909213441726,0.5291805411143082,0.6620617092953547,0.44221142439161665,0.3576669899653817,0.4782778986270551,0.31006517191131105,0.6387171570530727,0.43859575600841594,0.5270372138453634,0.5585944501925291,0.26042131404913693,0.43546395868923615,0.5899789088617423,0.38715677056950015,0.47399770166715216,0.32937158784524273,0.8287049530997095,0.17437727018771043,0.389088127232809,0.39436716108318276,0.22874460366479327,0.34790800164515967,0.41040821351671924,0.3134685911193407,0.3029994121714676,0.35065777411912813,0.6020848087790959,0.6379496297798743,0.49270843743916803,0.49300526656180843,0.3520464275643129,0.4663138020944782,0.5025888005812915,0.40864757510841804,0.33339056232594727,0.4574687190866233,0.26498025106191947,1.0,1.0
0.3218957104464522,0.46953227461740643,0.7637470104603287,0.439535999752451,0.6316544586808153,0.5725009579334014,0.3104727795152975,0.2056686694633492,0.744482439379475,0.5454010795308369,0.6292685583280588,0.3092535825248377,0.5103593906212672,0.48629202068884775,0.30127844348707267,0.371484233838931,0.3875077941309972,0.3410801719142907,0.5111088317178447,0.700370856405565,0.22430740775642646,0.34261149523409373,0.4770877882319548,0.4168370528914806,0.3397610966203832,0.6550044133188726,0.4513249376138867,0.40619498147062216,0.5974539843779519,0.25390596581391517,0.6815138201614842,0.7964971809522982,0.4006454814558652,0.42209231561260774,0.6332031835025039,0.5218629516561837,0.4066907464220958,0.4143905477803139,0.5651912905403504,0.7320113459339267,0.4506331022678098,0.4376745116552623,0.5283399317559324,0.6040077878877378,0.5706265147021816,0.49470434616917336,0.6930879845991734,0.5193769760727457,0.38348996465883767,0.33414379873262484,0.0,1.0
0.6746276386097003,0.5249957585197006,0.3690559542728036,0.476220934695873,0.4543238683972515,0.5628186420894651,0.26632699182112096,0.632394235213032,0.6125002887915361,0.48494620018246404,0.537244177256529,0.5658447267923109,0.48461473608524064,0.6020458075436681,0.5115612278523817,0.2877917718012986,0.10857587287807173,0.21727873585543075,0.10825017343119263,0.4453171216100717,0.42536291310408436,0.611686334573168,0.34204860520737584,0.3801818765189088,0.5206829371863143,0.5665911280061962,0.44395392269522027,0.49679370810711126,0.5178521804994537,0.5176596117110263,0.5309012745607085,0.43952173757015583,0.45647815317217194,0.607440940619523,0.3865449573982911,0.5218750780347268,0.31887817258508677,0.6073502197499935,0.4974291668955398,0.7571893654622933,0.49086372511172044,0.47330626919242297,0.5350084272583389,0.5083911953686524,0.21042743510077888,0.4620450031713977,0.6913722883893463,0.41953152598071164,0.6511722582899548,0.45454740205456273,0.0,0.0
0.5213554051179435,0.23574265504414765,0.7644437132546809,0.4479994994425899,0.5413714387282066,0.5017447843314207,0.38552797922339316,0.40112220377329166,0.6934218509510738,0.7562102957644166,0.5628250715076102,0.3650039719423717,0.44668333111427183,0.6022974375118784,0.522910324004172,0.3639710046345013,0.4446476540415908,0.38825584165191923,0.8727737494855529,0.204924248075945,0.8789252712206921,0.49345424088263024,0.5615042659036874,0.6664664032668418,0.290642055051404,0.6127319330952897,0.3379889092589842,0.706964121123918,0.5917862226302366,0.49697269839106795,0.47748206143345023,0.6365515970057573,0.715580272435186,0.43685181050961214,0.5824047885569364,0.27272623979588695,0.5682860033082268,0.5030162669889,0.3835530459749174,0.4403240118649376,0.5501667691745962,0.7249314960105966,0.6108201572527844,0.46607657455285617,0.5173676688686721,0.5758008363396948,0.21588332576424252,0.24357362799434287,0.843181903640893,0.4026942401027767,1.0,0.0
0.3359142857750172,0.604796198729678,0.45681885975492065,0.4314753387989328,0.496756467873875,0.7588551826560691,0.4263357809553384,0.5054500629543355,0.6673519289159134,0.41241178013050517,0.4886846311117635,0.2846233541215274,0.6021547330204758,0.5552554586789987,0.4050773466361234,0.6740354351531692,0.4214886516846803,0.6769645431494992,0.8186422010716897,0.45082637541417575,0.5995156907541697,0.47626917815008135,0.42660084519417635,0.4181642945527216,0.6348570130635678,0.6672906884644714,0.4870966499065998,0.376434365512193,0.6268231227714528,0.7214394935724003,0.5425527701625232,0.41703131005499805,0.6940658759051884,0.3254109285324559,0.3541024009650821,0.5337789826887906,0.6996583105688766,0.6805622267956859,0.38994395137044047,0.6592120377180412,0.6320164609118648,0.37623763832184987,0.41624915154372244,0.14887327133664777,0.35637455748259844,0.5712855940438758,0.5577922737744785,0.5022602724173842,0.37532511577397704,0.423466578204741,1.0,1.0
0.4687918263564287,0.8929978565555845,0.42035097948166533,0.23839420311064496,0.5948728771032779,0.4999530656966787,0.3637462735857539,0.5245543828127253,0.5445148314500409,0.22694644703676764,0.6388587173124538,0.5177072155644313,0.7869939153354382,0.535624103831243,0.5371701760132345,0.4514424521171519,0.6738726111330977,0.44939651493933336,0.6652013529112979,0.6431863790178602,0.3464585425114924,0.5530140291103129,0.15086953389836366,0.32973737502262823,0.2807328632196957,0.4896881239647026,0.2592667918769625,0.30895507694664404,0.24507981606040113,0.3979904042123492,0.2764572372439315,0.5694899123600837,0.46392459271178443,0.4685951043083522,0.4829369873979414,0.3868918694296186,0.6516449626547915,0.4979082130507945,0.3963727070327368,0.6784190970260316,0.728041285582385,0.5310042592336675,0.5212227057191178,0.41055499611051244,0.6308445252525566,0.41362715066547434,0.3225800535400224,0.453032187598297,0.2982127177916229,0.11784511777692691,0.0,1.0
0.6468012325351526,0.2841246270752318,0.8628733615243186,0.6422202557600009,0.5459787340510628,0.17717461376396376,0.32220386589207495,0.4916158593330926,0.15125538286035614,0.46766896389346924,0.602177001968007,0.3331055058686946,0.2704779622574563,0.559392288225462,0.6903918739294426,0.20867588270305187,0.47362629004932455,0.6124740029579944,0.3962898422851191,0.6083748604285845,0.648996193685641,0.428018329017195,0.22220151245255987,0.6148944013835572,0.7326095428001972,0.6084453443377756,0.2486285520687445,0.40543404312677817,0.32739660653186997,0.5949974688194303,0.41597559593746497,0.549549130997643,0.6313702541368067,0.3266467947370493,0.6636762927499494,0.5643861052456608,0.5965199097600952,0.5620656670313149,0.4057975592625919,0.44277196595046914,0.18376389041067376,0.19715659410790354,0.6942569152833705,0.2826347501687759,0.38555481250881457,0.405299904070537,0.5466794388523488,0.45734008564084816,0.7492398177635026,0.5652669425731345,0.0,1.0
0.24326107855819432,0.4586750059300372,0.33613836081278914,0.44052620232086837,0.5339581359690709,0.6135446823740008,0.5317091485727029,0.49501634515123555,0.27798390795529615,0.4238021724982544,0.4076013085711896,0.3933542035713555,0.5630994532037369,0.5455873254309271,0.7112882049590078,0.470469843084242,0.4110773533348841,0.3990132504157541,0.1959387276876222,0.2980779372472279,0.4359298562949904,0.16604927934204808,0.3434542962558957,0.6284447587960105,0.151508121438063,0.5123090717783535,0.608350416332898,0.44762138525888395,0.8174008255843451,0.22933518002041867,0.21057196941159145,0.5944247014689573,0.4899265968833665,0.39762435559433995,0.6279244557977556,0.40872659745917894,0.3331404021997119,0.38502441312800423,0.2526581263841832,0.20144706216113714,0.6885338908210558,0.40471873189424545,0.6380393857643292,0.3440407085303599,0.4752489872485085,0.380594030571999,0.2886336415969307,0.2976018933027595,0.2704078083615235,0.3433385966466091,0.0,0.0
0.396917196189341,0.6859812542869962,0.4862687480774968,0.5333460530895299,0.5792404660406096,0.6418384513351237,0.5685979402493674,0.4725867021691905,0.5760957177851633,0.5545030976580999,0.6515343280090139,0.4288009438095888,0.4112466853084449,0.25107627035146973,0.6110428127393034,0.537310210808182,0.6937625812854615,0.41074738498327784,0.5784855999583436,0.421924077536816,0.5256003228630121,0.574284998159413,0.7215523670010996,0.5409832525203536,0.3444188031912762,0.36075722456755144,0.6074443536990813,0.22040410864433854,0.41444913381863285,0.5536838642291774,0.6423852786582932,0.8053379534171488,0.47725855036657966,0.5631431582767553,0.6346682042426971,0.592298339836351,0.23635392273632477,0.1811960435271003,0.5029617071122965,0.4351193436674537,0.6018335605822578,0.4361156264184892,0.5841395071339803,0.49739343451591744,0.5221195789451589,0.5554723632184215,0.44968916287681643,0.5031438910486613,0.4291282054780111,0.40596617762104065,0.0,0.0
0.3640268566333916,0.8279420807307802,0.23641952939469593,0.6566750234475734,0.36274560029407604,0.5535593314741611,0.4901203604060004,0.6716007922360999,0.5615076451614834,0.5635869578691516,0.38092882247026744,0.22580894418881367,0.593020368472419,0.4902488636283147,0.49965557512382663,0.511395283376073,0.32632353750896653,0.7808105536460769,0.17894539593031722,0.5041583256440855,0.4909631784593548,0.2954798360209184,0.37397297903857313,0.3051181160759881,0.3734689794840522,0.34513073723929294,0.4534508425785603,0.41954679028516473,0.6838404400617003,0.5119945734752798,0.12067586440177698,0.25761763546916944,0.42097859422457523,0.5201023431195946,0.42968139990388504,0.5420505178036671,0.34401737139242994,0.7388294231216639,0.343266636888674,0.7990472488913131,0.3395420069503592,0.24390250925987714,0.6788581656377544,0.5447792564528068,0.39155188257295365,0.21456246901261003,0.29705108388976464,0.585830008202901,0.32866588200222124,0.4645086860306531,1.0,1.0
0.3791764146351494,0.680688413213262,0.30646813074250806,0.388618622825722,0.4425490411770025,0.6038207934543693,0.4896173348112845,0.16074074111213218,0.5257667979170536,0.46515957479258696,0.7004651867261671,0.2597997687354716,0.6719009594383485,0.7125576575489482,0.5512039627786113,0.3033937383014503,0.7834787543679506,0.6720410243414798,0.32176242946399425,0.5534605511672902,0.5741740462812194,0.4655361583618564,0.5067980779957373,0.27488394944425615,0.499423673888863,0.38951206105330627,0.3876974986507853,0.6014642628705149,0.5115315871072745,0.3946321279456313,0.35723823795122844,0.5196510269675327,0.5887236362074819,0.6933340917498179,0.47530321794600894,0.48589020737229427,0.48800947076731876,0.5120984181541517,0.39863038048045885,0.46505483583849305,0.44721918285770945,0.5345688007853397,0.6503823813710413,0.415915109060046,0.38365442735146743,0.5357733755322396,0.6594360324668556,0.733476080765693,0.2972757916209373,0.37397835964450593,0.0,0.0
0.26125908705263234,0.4226407757467752,0.6917824262628193,0.4742046166405193,0.8627541053691545,0.6030831773257861,0.6273002512004919,0.48595941769284406,0.44020394497591187,0.2783616304515461,0.3610887369132712,0.4857685624876654,0.4742068685954961,0.8752232175504915,0.3945630050139292,0.5739487056503212,0.4604354035600484,0.40149542361854307,0.3293059422095362,0.45826149432644636,0.4074654530624035,0.7690047195365434,0.5989080215289942,0.32343976832796706,0.6693531191428655,0.6554421940435148,0.369027473720724,0.26446456362380155,0.63994704932359,0.45677875557189523,0.22999193457566494,0.44832083206199325,0.6000343847815445,0.6510238132576998,0.5380239592613278,0.6392654625418042,0.5035113497263884,0.4764986769423765,0.503592601410627,0.48994858972468924,0.4607944552622856,0.4818807729557441,0.583827688733372,0.49514107595420415,0.3575151695972728,0.34864731344068933,0.4993214917579812,0.4670119480069202,0.5430384224418378,0.5302759671899356,0.0,1.0
0.3670996101914985,0.3646412802948585,0.6552704077274658,0.47165237135688126,0.23694755549959304,0.4998013503905649,0.6342642929956914,0.6100739642306572,0.6360363639834693,0.48771856231802824,0.5903083993931497,0.6095305218598437,0.5706110468729353,0.8472157694958753,0.4686264025177515,0.43627873644250026,0.500649104009257,0.29032857365867626,0.4798936073208088,0.6231776147406537,0.3990440460648905,0.2865543375118117,0.4279906602380756,0.3615077883217557,0.4137051591310866,0.3305227848966938,0.4107345709366115,0.5565003287921849,0.417895376499628,0.572981577084924,0.4049997374512064,0.5506898250978507,0.6604823245181868,0.4743664594998198,0.2665967865386646,0.7161545824526985,0.46123801667969433,0.40081725546055835,0.5220663392173827,0.5730102392235906,0.5262960610974995,0.46994539532398827,0.0332375342076646,0.5418183802933587,0.18194480813543515,0.45898861438251537,0.5753269518221973,0.33621040130211544,0.3694486201961007,0.5786170624353331,0.0,1.0
0.28915708254804484,0.46114952708182644,0.3442242476226783,0.5860819062466515,0.7254368410706662,0.49076990198813186,0.528523064769504,0.45914285660759085,0.6549773552257682,0.5550083662773514,0.7029622258029736,0.4234619468080428,0.3020913473342347,0.31452231229037597,0.22984239560183817,0.31143620707587877,0.33411176020280114,0.37557711334721455,0.519833858355845,0.3756411542975775,0.263293132901993,0.5407518187465362,0.8539805150458348,0.5498414528564187,0.38637638149494297,0.8065178271442951,0.5791491430811949,0.52706721129287,0.8207383170744422,0.5063025252985419,0.4811312921379861,0.32429823279150044,0.5977870632041041,0.4158983332341878,0.41105205945480594,0.2245330973693205,0.32218037217468065,0.3097114963048819,0.2603853998809767,0.7681719732547201,0.42296748694954756,0.4184374197567173,0.4549718143105938,0.6500575159617101,0.6075867949323709,0.28898917742555136,0.3560898396312639,0.6731985784845729,0.6290430266253211,0.6972650861576425,1.0,1.0
0.47291616387930907,0.5283542320924334,0.5032230051187769,0.6453633255215487,0.5533861823667845,0.6963606376052185,0.46600615526938033,0.5855536417564501,0.6638024982986362,0.4456899181376215,0.530866676735075,0.46301712697069003,0.6969648762336386,0.5597058460726182,0.5384138017900342,0.4230813289577302,0.5137739701566887,0.3199433994533117,0.6406194071608416,0.4931557475765632,0.4035969352055731,0.7340275185801433,0.5971549666127131,0.37874628550589,0.55248668897792,0.46712025182755496,0.5452256764718372,0.5478745436900285,0.3231773420841525,0.805764887472379,0.5761160576479009,0.575022584499306,0.4370018331416374,0.5880146775388879,0.20705822061947862,0.4299493255128801,0.4471655777963555,0.49397454528112805,0.37016371226748757,0.6681001047074948,0.3485564008766148,0.4676698072295803,0.6184958249951766,0.3658609281039926,0.45950530353923097,0.7860172147117984,0.36573083620672,0.5806903494903433,0.567176919635786,0.4277886600405361,0.0,1.0
0.7625425152983845,0.7255950127626024,0.2650874289097248,0.5066991919844972,0.6587274766511175,0.717713569632175,0.517022508610828,0.5123233919259319,0.8206558608058686,0.4382791048251743,0.5571750522356428,0.4273645798908331,0.6369827394932817,0.6649987694389609,0.5781222365045686,0.32053747812369976,0.2276972141761335,0.40873151191993073,0.6146853076134869,0.504410653645279,0.4696727184888082,0.3029081757132006,0.45336301212394164,0.412872955310082,0.7821147545118784,0.539747969848504,0.4781784441468603,0.42676301479495676,0.6485455879262946,0.5438303283785589,0.41211678707013805,0.7953234294905702,0.3750395321551117,0.3986937140000407,0.7114364833539336,0.3116038754468357,0.6941301753477008,0.4889790944214981,0.5370390487621555,0.7134637462020822,0.2201969383494734,0.640678779386537,0.5098280799501222,0.47036339852927,0.26177088540663823,0.3838072723325446,0.6659642343472428,0.5033081591763028,0.33823493667073823,0.6031364103263169,1.0,0.0
0.7485033121346196,0.3925149241056894,0.39019893695786895,0.4072871250691232,0.4871886255157795,0.6957745746756042,0.5153392697383732,0.5603022204840743,0.3157051083169159,0.44226084275237065,0.6665442585031942,0.1893726157010504,0.2538792109372997,0.8127379278446434,0.45932271565282196,0.41397454030743824,0.2411799296195958,0.682958604217307,0.3740370725016883,0.42869406512446695,0.3296218117772353,0.7266001490060007,0.4816509630180676,0.473625876039058,0.6266506506519343,0.3854641881711356,0.2562907707500918,0.3193346676311537,0.5778963403710103,0.3146877950354281,0.5097434078627503,0.709855451826275,0.6312636410064258,0.4077375236713805,0.34149161553755475,0.6225693662723274,0.6246441248816209,0.4659017976420225,0.6559559317680175,0.24659750471960523,0.4603282316477907,0.6127583490437283,0.41975497246759563,0.7491320534790945,0.19012674668168772,0.42329723703966826,0.5950187367262173,0.6618801143976469,0.46887086857531546,0.4249964681393011,1.0,1.0
0.5380796311711797,0.7326700022000251,0.5574618662614084,0.4037181146182063,0.45249380066230077,0.8003009912639877,0.2565365974526481,0.28939368707552393,0.42641579722397094,0.7728936921974748,0.5887110247062673,0.5380975746671391,0.32580499457040213,0.5978458496619639,0.3776269730123793,0.35057070221942194,0.6873674799491211,0.8392993531001796,0.48114256603534694,0.34615325437678907,0.4609043291004206,0.5363989063761236,0.35891909674516753,0.2934007743744748,0.6266865964613532,0.6107665963510867,0.6207178461810563,0.37935983450505734,0.4828246820342388,0.660847141637929,0.4436965082277408,0.6549673134457578,0.6334597195949156,0.6620615338067588,0.7823566298079822,0.42942766792015774,0.40565930890893614,0.5875414736601807,0.3677022132815743,0.6405213166407854,0.48049006768743197,0.1904626941425169,0.2581981881544968,0.6400645695832874,0.19101911909957361,0.5545611442726552,0.6422049413761108,0.6675138643198675,0.5738598008844553,0.31753825146254067,0.0,1.0
0.6224964250671831,0.47728754085383035,0.21052907365898912,0.3107387328635294,0.2928275589639386,0.2130629539883152,0.8312359372327769,0.4416664024368274,0.6559560941374262,0.4802429437757741,0.5669001975166575,0.47458957152219805,0.64669278504719,0.6473483882712264,0.6223524360013999,0.5624102028210295,0.5367936390772057,0.32325774994868745,0.4694325606201105,0.419075872640197,0.5965304286910114,0.463924356803793,0.41276417807906896,0.4979844787340052,0.7179201686066042,0.6939688876294247,0.5716632511359067,0.7064786853387065,0.6889864200738842,0.7620017985073586,0.4332383135530296,0.6053589654460378,0.5712552004187709,0.43028937562042735,0.39971687784588444,0.5379410098646429,0.30616373613192016,0.5443544170447353,0.2108283657869626,0.7986505437808724,0.6135120368979108,0.6575200170270407,0.7378094523784858,0.4914273239835325,0.7379094985155958,0.6535063134746243,0.316139033898146,0.4436346898501787,0.3439639353976548,0.15362616138363752,0.0,0.0
0.5366970338418636,0.589920926232275,0.5962902841062189,0.6295257637112003,0.4929564526828514,0.7088847828709729,0.5395788231759512,0.5371919454640934,0.5570708181689136,0.6085942632796515,0.44024260202359483,0.25854523393115264,0.5543694032564305,0.4313101106857282,0.26546958491051476,0.44020488325640866,0.33516260516410884,0.508631866572221,0.4634898458507591,0.504479462306488,0.44432905211874435,0.5322333849463013,0.38600905774498684,0.470002836727022,0.459330490565746,0.6711732775932091,0.5084817138480133,0.4330300720941842,0.2657085225000453,0.6013378982385503,0.44757301474215117,0.5189135700697595,0.3318983544097084,0.7170507582804057,0.580707642240389,0.48863409734035657,0.2798323180240399,0.3574745718128818,0.5903271144174201,0.5450902469833951,0.5180673963304772,0.649133675943671,0.7999777356156863,0.4988710855069473,0.5032172726237866,0.2487240671267701,0.36200361329438396,0.49966693850550437,0.4105608643947909,0.4831294758398945,0.0,0.0
0.7460246075644974,0.36783536872395206,0.5854173295259611,0.43065739656114255,0.322432035584006,0.34808587995020535,0.4371679238958496,0.4079473779662335,0.6284909435927483,0.5256607168551151,0.5154383553618019,0.3450969472021278,0.3340282533823957,0.5152299356371182,0.40254220711406663,0.26572261972515754,0.48501353935773955,0.40289822786943935,0.49381498768121707,0.4570384868701093,0.40230436554526816,0.4888952752605893,0.43651655945430873,0.508835524843497,0.6788152848224872,0.7145912478441585,0.3307870255126959,0.6474835103482869,0.13533187751357403,0.6046580314017673,0.4102060280124072,0.6940225589878471,0.4122090224833561,0.2640259903812679,0.58063659112823,0.36435052045907473,0.5048801184375271,0.31323873894779075,0.4539636081120665,0.5084770465687408,0.6099755445330972,0.4962412665040962,0.7079001249328353,0.34461745393593257,0.5605220805987553,0.6371061850654811,0.4700111193547613,0.5849684283054558,0.4073770508536542,0.5606450225556909,1.0,0.0
0.6075471428117247,0.9876762218190256,0.20151880000202926,0.34251474515498226,0.6778905542250322,0.5299710721242681,0.43930201899480326,0.6078738158881749,0.13554564588993095,0.4160806575796709,0.8539999666952979,0.31208271770556834,0.6334698397060733,0.3302668820630914,0.6549692861046595,0.6085355707573522,0.5639992984324149,0.4857606251170287,0.5841359503699853,0.5109684085258831,0.5818421574030279,0.4353647431500699,0.5596938380147803,0.7081064261402514,0.3776954159943485,0.5711283401174003,0.6520052102416625,0.8628673546639565,0.4769181182162888,0.552926096751771,0.5081951990465946,0.6181435517812383,0.29769305197935947,0.644171437370249,0.4864143450121782,0.39893342210189076,0.7121620347467483,0.3027643824820704,0.39217754247566555,0.6362960453944685,0.5464871800374675,0.44275061368504215,0.6210799739648735,0.581386008369816,0.4338320014162495,0.6148506247207796,0.25617656310504855,0.7780717762951607,0.5856065182974424,0.2811987857195154,0.0,0.0
0.4676540256523279,0.5179348423727451,0.6823026101240379,0.6549190080315777,0.5142452968005897,0.3933887638462244,0.6607421695700242,0.5601915251192953,0.7633433492334855,0.32526958928902255,0.5498385809616867,0.29858287702485786,0.38998841056906614,0.8448288822765022,0.6288985898335313,0.37003134048866965,0.594002280586568,0.5140148992801199,0.6366617711715858,0.3160955369473999,0.4046157281073235,0.47216273368672346,0.5030453807999453,0.44559826671852243,0.29397348840721416,0.6714583627056588,0.49386095777982186,0.6416246044465284,0.6137326391526648,0.29618909517792513,0.6977917638366066,0.5989249844673656,0.21905758813422466,0.5198459043839991,0.37881378025197465,0.509325799227698,0.6237601068664871,0.47503221159026154,0.5002995485545294,0.4354829172782364,0.5280654002266508,0.47547962189886295,0.653873112793104,0.4655677145406173,0.4437663285204454,0.5126903877454224,0.41420303032261935,0.3207907604044906,0.35080342375477935,0.43624092244984286,0.0,1.0
0.6874357129681894,0.5938517046254611,0.790027665402504,0.3311090842458056,0.22329983103858503,0.5431330378267746,0.4291871770217831,0.7159784686686498,0.5447147625045402,0.6181396604569926,0.5527932420106602,0.5055193635846916,0.5382644100797043,0.49509854308273693,0.5757828876034604,0.6922257984296234,0.42863442872218976,0.5103664219703734,0.3392444504762442,0.26268905937488396,0.42140907848600623,0.40285032529601894,0.4486250177428886,0.5153031608866834,0.36889766003834346,0.6082373953083495,0.364095789398231,0.358653375610949,0.26502686214237914,0.5758187517902535,0.5431417423931828,0.4446555440274254,0.3848985913814455,0.5237118472771897,0.20828794377734663,0.11269452333984181,0.6122906804450338,0.3686790095013769,0.3861492238459736,0.713261264998476,0.6485201791839396,0.3817068430331362,0.7754811058406815,0.6513699368734301,0.3614217926913314,0.6157439987539106,0.4596759396961343,0.5225293658457736,0.5577156985741559,0.25642614839533595,1.0,1.0
0.45125335309785347,0.4282620315764423,0.4783482177751808,0.21497730105958487,0.6193797159800348,0.6685438317022961,0.6013226754126055,0.7035861016844036,0.2735127690343405,0.7281349605816847,0.38313720943748675,0.6934285032887089,0.32708049766508107,0.5573353119216167,0.5839875015194426,0.5829622835478478,0.5090739795646563,0.5007369872607527,0.922680010567931,0.3208107640442259,0.4545439519898079,0.3264705173698273,0.5309378629827749,0.357550647557734,0.4384649803287798,0.5180972524388462,0.8659335916057642,0.6987153052060919,0.3630005036372398,0.6628975116568415,0.13162129750635218,0.7199123990627907,0.5570167193255202,0.30736257406720435,0.4888107779513155,0.5427045956727992,0.32432849682290676,0.46647059042336503,0.2664680140038057,0.5845858406168729,0.39262856622421366,0.6323666916089068,0.6234482286057415,0.45221369132172934,0.21045708614496694,0.7412568671853447,0.5464458960008395,0.43434922142902277,0.4872840273109488,0.23836373431214347,0.0,1.0
0.5924521196980778,0.4833690813492574,0.6711361120121878,0.3957428092986621,0.5787080972916223,0.7247611234254553,0.5361782659238856,0.28642052131091256,0.5580580947670074,0.36645501975891714,0.351518221066299,0.6393377634232361,0.4551540948791724,0.29859745961497697,0.9492514539769739,0.4941731362714421,0.45460023080265016,0.457696161662965,0.8412092147668835,0.5288941201276965,0.3951333585138652,0.4898456954286781,0.3911186578304386,0.4122152865817614,0.33135668293260956,0.6205196393025251,0.37291186342539456,0.2737054102195604,0.5078209614897575,0.4804333928074566,0.40381536702300636,0.3811088598694154,0.4524615785551446,0.6693579698874638,0.5473849549709147,0.5432686862753747,0.6479032688804927,0.45232001505846803,0.5578940000739161,0.6189179888776949,0.36771237962558057,0.6194762548143162,0.6273013819452701,0.477203932774474,0.6394375885102307,0.259575423677007,0.6987034685969954,0.22080283538315562,0.4370722622239187,0.8115414421389756,1.0,1.0
0.43140720181569164,0.7489934831422742,0.3349822753861011,0.6702284316140737,0.3499813134210487,0.3668441246203656,0.31566681527936186,0.8679650235780607,0.6174869868189284,0.5955203656252489,0.4977223666778653,0.5228828198404051,0.5845176409937446,0.5088517148595783,0.37870956370950165,0.4888899931808462,0.19671620007824345,0.42027826087686526,0.714418217446745,0.7436975279454323,0.37415232068466237,0.29362635853752933,0.38520913676354873,0.059504329492363374,0.3209224425998922,0.37121231228837004,0.29711777898411895,0.11524945310408578,0.7577018251295998,0.5190059725434251,0.6455144802189581,0.7260009010438531,0.28397751215142386,0.42994713751186486,0.6589858647073427,0.7828872775602772,0.48133538836309925,0.49651933386305863,0.4820284850940441,0.557960735434038,0.4537864892676744,0.2599376450589391,0.23953952608387954,0.4379837874367264,0.31042254119729595,0.3045976223990099,0.3031065928413086,0.4553725980098309,0.6062898060100593,0.3156087325670756,1.0,0.0
0.4902027510615583,0.5304982504604331,0.62834764547715,0.5321663573110511,0.6100669120494152,0.586469299144846,0.36737613929407603,0.5701930242573598,0.4840442900176638,0.1657651563488634,0.3187671787915881,0.38469063047397284,0.7456931743068659,0.5188626242809985,0.6633204866947873,0.35240364029322757,0.417453463224873,0.5909952940227633,0.226862943316523,0.8835494414239572,0.676116381068466,0.2531368645466346,0.5081100351871064,0.3834894236045933,0.5359947489445945,0.5030280597411589,0.4453309462403573,0.6440985833801961,0.4097747698925443,0.6581078327840288,0.5875858455104311,0.5498677998582685,0.6591784524712697,0.4602970179356248,0.68662364342395,0.5798707527376079,0.5637928983702849,0.380240754157027,0.4680222074071483,0.8540325501177222,0.6150872689809369,0.3470948544151094,0.6426308500536725,0.31606017109370504,0.40217635741220514,0.6944106971601616,0.1923140344159329,0.4468138759031328,0.24500416647338358,0.3456113394017303,1.0,0.0
0.47622975072205054,0.7771125896981989,0.5497702580978001,0.5538632848092203,0.5764168294174323,0.6035684207347478,0.5179886868689876,0.4266487098411187,0.35448946273791276,0.6534063056749719,0.7042871440552306,0.4402176012663822,0.716619284191208,0.45909232897593893,0.6066532349878319,0.3684401186249391,0.3665069448007693,0.3437846073417234,0.39519046445164874,0.2496985686480913,0.5841341178095878,0.44572230411063807,0.5764105396400805,0.5789571433934771,0.22253639207382894,0.45840125847581564,0.09555081159692372,0.6557184413180563,0.6116469357469152,0.7644383688475302,0.622660432404538,0.4343763829407625,0.281595328440469,0.5811483643524609,0.5751718333285979,0.659439626390032,0.4368181625290241,0.8512595677756555,0.16924968138956678,0.5030312438743223,0.28873472352391766,0.5699101414470363,0.5900085548322231,0.6312682835283419,0.5564774572369455,0.4444723463875505,0.24463281321453265,0.5905586766726246,0.08536234045533082,0.4071210408989657,1.0,0.0
0.7050340820710324,0.6935662167547688,0.6959411703114695,0.6917566973878806,0.7857753584445689,0.7858706232199206,0.553561111846536,0.45245032468380014,0.5494011020562807,0.4509147283938308,0.577290503470204,0.650568184088364,0.3287317089586714,0.5502617093722827,0.6046425046467675,0.3564756464464849,0.2538533001642185,0.29583427671661666,0.20013648142370538,0.23859105719309295,0.3639705684250326,0.2620977696595693,0.4862728003598037,0.3677786975316402,0.4089948801244794,0.5594332698452161,0.3750090156815169,0.6422908285973635,0.23092880859875337,0.5292447653023243,0.479017101628882,0.658155352112786,0.2852722297582199,0.24314483567383252,0.5702278003020211,0.46290343423349534,0.5487685998922822,0.6256377885461354,0.3634210513619753,0.5267820521956192,0.5671714380389389,0.4245578746512352,0.6922392345779911,0.5309198576146015,0.5613008077287919,0.495039443520057,0.43352037631504087,0.5323118478441478,0.5704172366050261,0.578493997561698,0.0,0.0
0.7714634708083609,0.6343436813154499,0.0028920944751142895,0.3869192356033608,0.5327768812698016,0.3703710039667458,0.6799595547942684,0.5189514022519581,0.3624181630174241,0.39800912346106476,0.23959595267220607,0.29685463886869673,0.46169192031598266,0.5485154468934266,0.30590118818298034,0.5637145775061929,0.39882766089715976,0.3445660331845636,0.4594422783874432,0.22549907423395413,0.3860171897623783,0.46051902685698454,0.4723369591503748,0.4092650164110257,0.3580371659466984,0.44710933626451727,0.5930704221277447,0.5030178264264122,0.4464642175061374,0.4325488636325873,0.38825831559909674,0.43566031109568054,0.6562050134062711,0.36446087733007354,0.6566274654691587,0.42019292790898916,0.3750979312917583,0.7779929458022277,0.4042508769516692,0.5633087456485136,0.3885062308748714,0.4811669073879943,0.5434655946506209,0.6774216131788727,0.48788890427787024,0.644249042245199,0.3594853409128391,0.5586931596243098,0.5693500161343215,0.2818291883456269,0.0,1.0
0.3365765410975027,0.41032128316743294,0.49071106987760116,0.2529959978613833,0.6046737055264867,0.33250962178436017,0.608115707927464,0.5818523943273077,0.37605677917487873,0.4371025845339836,0.5393390621045527,0.1421091914338045,0.42359143039421654,0.6191196711094441,0.8434277240705866,0.30325928319120365,0.37822624205827,0.6621407612232543,0.6503101071789193,0.38077097310659896,0.5697704944425983,0.49606218370897515,0.3812130137588041,0.59721612443127,0.8743791827931189,0.40711484725105246,0.5411978496363118,0.45648100447529466,0.8700442660535384,0.1890363219689638,0.37569785920535037,0.5505440117482164,0.47663252399334916,0.7333697364392733,0.6458879646119118,0.5110076326173659,0.7044847354911447,0.6635710194326555,0.6865460423810948,0.6190057434638656,0.5346273803929162,0.31590289254484777,0.1992272117836698,0.3697570451870936,0.6821560427855459,0.3722677362364227,0.3473075120518389,0.5137727447917906,0.799129185157262,0.5337887578134737,1.0,0.0
0.40753052773391224,0.5146604425344697,0.5901071784024945,0.4630156605293279,0.5025996410864617,0.8536035800528416,0.3007426166738092,0.6130283835410418,0.680081890260753,0.1860157895243167,0.6328543037044458,0.6653387127378914,0.4485128976127266,0.7113512757164836,0.29105357246040425,0.5546328237166013,0.5238694062612794,0.5792644844816401,0.3678017835866285,0.8049652816410373,0.6029606325321586,0.6290470408745975,0.4729390317349431,0.503727387452325,0.4621621924303438,0.7669016835325007,0.4743565924861132,0.47513248157565524,0.2581098402170391,0.6410518781594795,0.22048021213368502,0.512900738239621,0.6971252200258019,0.17992327967922797,0.6131072199874747,0.36533431997929156,0.7622652861688735,0.68546844349354,0.6649026804549728,0.4002922465001448,0.3633397987779388,0.4442791781386846,0.38991891396024514,0.5601145694257115,0.30181153275346906,0.39817867083603337,0.5330542927417198,0.495243787321387,0.7219223786854034,0.4706018958454948,1.0,1.0
0.5742941864107702,0.34187062324250483,0.4577389492759257,0.5972214329038735,0.2874198304057581,0.784700890964537,0.7035088791342713,0.3868247434987686,0.669657315624717,0.2958897362994139,0.7178501943699716,0.4457651497738884,0.4905580873790208,0.760864251913144,0.6783432402681064,0.44345939051270394,0.2929907973670828,0.6041100610374671,0.3313127550294294,0.48983169992816494,0.611976711852741,0.48472875962994627,0.43191751877856094,0.580207060864052,0.6266827189831127,0.5048977974530658,0.4270314304068123,0.4717226063746768,0.4072847020220051,0.6155121546187222,0.3464893515470638,0.4941837027839505,0.4674643302965901,0.4928070566246246,0.5270472480577972,0.6674165969574254,0.4557943767269747,0.43280299235068176,0.5025563019094087,0.21209926718594804,0.6535784113409032,0.600861389408418,0.6340569966075805,0.44984106728776624,0.4479340660700766,0.5681557571031697,0.47662888666236125,0.3752695866173003,0.4038166858291766,0.4964668255038697,1.0,1.0
0.5202076925245217,0.29532774650095,0.4225105611300006,0.6107875778811619,0.6426397387392498,0.6363428735911087,0.5572430318297759,0.49742224003625707,0.9062383091996292,0.7300932488768874,0.9057220709016892,0.39263223484034593,0.4931430103526123,0.5733967388869535,0.5901030799925634,0.3141567020838982,0.6003398171623725,0.4117714325113634,0.6646002044619898,0.5942916118547249,0.5557936965123437,0.49563571565159836,0.3494324628572225,0.5551758882700774,0.5324007034068133,0.44058016450118825,0.5555576946962798,0.3114443047494705,0.737594893134009,0.6267953996971924,0.44049928455587367,0.6481963371527819,0.4056150890423837,0.4574008251864009,0.5714527226167498,0.5493338115322518,0.471698266470188,0.5451720487765729,0.42860106197067854,0.65961293359379,0.3458405985331031,0.4225865899977281,0.5045940113889701,0.23390684821967725,0.20913016825746425,0.6196624890710681,0.5893151021495323,0.37478097047924747,0.7093168253379644,0.3998070783977112,0.0,1.0
0.170846743320988,0.24245032612268805,0.5014387797207308,0.31930164082863144,0.3884705592130943,0.605613139767159,0.7653619323934202,0.6440726267124317,0.5780265915896137,0.5055408484962387,0.5512671683839026,0.38359544965039755,0.3781999304127617,0.6043234297522629,0.6292908650678501,0.45231882591420547,0.4752033398217571,0.5618374350736838,0.5312577273128068,0.5739837579692455,0.34825427785980506,0.17077817110249033,0.29945760750288736,0.6058596625539487,0.569224372804176,0.4438937891439064,0.6400136376276793,0.5753044574638506,0.1985392236554185,0.5466284591629322,0.5003951083540795,0.24401028889775983,0.32606106010866115,0.26913321605610324,0.5733589977310323,0.5844347136967799,0.6607648833768266,0.18068642591379713,0.40209081602606045,0.2657463109328549,0.5622903379801578,0.5459037121414722,0.4757839846230041,0.4536097906465896,0.525690637919101,0.4981828277913966,0.3935850118370732,0.5583702765681751,0.5817509363500919,0.5638903674045128,1.0,1.0
0.27800010477598397,0.5967833838467722,0.2487791630839847,0.6465740026616877,0.6282172545558847,0.5867669220065433,0.34908873638844123,0.7116283635813719,0.6766665867142172,0.23103076757777613,0.40346412949294724,0.4242428009012984,0.42481419468438386,0.4673910359954123,0.4827063102764246,0.409285043754394,0.2831595707602325,0.6419650739517112,0.5645490830600095,0.5566214407848525,0.45338172200687205,0.6161489656554271,0.4718946524844511,0.4570805194077005,0.12053801947765033,0.5434002736543984,0.28355696489411036,0.4176494875151802,0.37442708199034985,0.5365291123728966,0.11631692057938985,0.28463376246991384,0.31201583157792007,0.7439798989244033,0.5628174213272296,0.7589893812551473,0.2909693117357322,0.6741895465676052,0.5186346229340058,0.47629382298991907,0.27923277512661293,0.8756225849277459,0.394060855907802,0.42206382789483377,0.5459194634306823,0.29079942948364235,0.31978968766315075,0.8169556821610138,0.30064083949175263,0.5566383801004957,1.0,1.0
0.47142843797041106,0.36499584789370076,0.49201079240133583,0.319898851947419,0.4201895262311478,0.723565013699439,0.3095604544475147,0.44341969615529514,0.4650412549143639,0.4144012656842932,0.6948304217298719,0.628379135495204,0.29667466094235423,0.470067143770025,0.5374510719689174,0.37474505836542826,0.7199648191535939,0.43635904365469147,0.6527288904281261,0.46932361269670486,0.47379469331833274,0.48285703622008375,0.4085672341637985,0.30475089878363126,0.36963227869574994,0.33658604114513463,0.5130185407053389,0.24461589071701278,0.5289160564561356,0.5600045684216236,0.4451691761572718,0.4513007878449042,0.6361302587197898,0.5970697172103934,0.46441696631544244,0.44783355063626124,0.4635717970044722,0.7115108939544903,0.4012563608216265,0.4684004218263522,0.2435753505265498,0.8156950193581914,0.430328708011593,0.512677811118961,0.5384305561585678,0.683782065414002,0.4861546939925329,0.2629417450987083,0.4973673285664292,0.7760058741864002,0.0,0.0
0.4926788052958753,0.6453995426930866,0.5231989099892518,0.4615779918832079,0.4514947629989162,0.5079395048314727,0.3964012102945819,0.6423460528004139,0.4072962608081408,0.5547831390458052,0.6670584369904939,0.5013829100932671,0.5659085779927191,0.5426419334032379,0.3855937690135173,0.304412484554954,0.4086538429099967,0.6195997199607706,0.7140835155233359,0.4996019752389054,0.5228339337794164,0.6166456270980252,0.3198507634533553,0.27451286543354436,0.4542277263987009,0.5903821160291349,0.5903312787181739,0.6014555834563445,0.48917453869604,0.8154927210384275,0.461684825365262,0.4272500231946806,0.503775652844711,0.7003014036993489,0.7609572455225161,0.45750470349450656,0.47133356183042185,0.446565786664996,0.5625100529423936,0.6617275486976324,0.32891492470010636,0.3509136046015402,0.29885072084868264,0.6428642872789199,0.4173039676580447,0.565113757543886,0.4000484807848643,0.8373744536091408,0.5539722566082074,0.3138992785163329,0.0,1.0
0.3284920945302635,0.5046023617903587,0.5008582787339703,0.5130313426067749,0.6076003755807545,0.49130037908306834,0.5923990484537861,0.8714520979150883,0.8558680418245259,0.5546657886777189,0.4757772841105678,0.5971172506777845,0.6999110007444183,0.3339598940527765,0.4583358607842285,0.4716519863484952,0.12684574506771085,0.32360679168799195,0.596415484351298,0.4194027362727935,0.24345802568456104,0.5296628925491513,0.5613771178465539,0.34868239514636007,0.7040388454003945,0.7020828363923737,0.23941396303521548,0.38905754703591844,0.4853924852628244,0.8286971415823738,0.20399081212754908,0.7206576523907012,0.7661305160354871,0.47631505649440703,0.5582765944669432,0.7285448592487802,0.47388155608953775,0.5509843393910123,0.407534602591548,0.432930210283463,0.32313641112013336,0.3112039078120125,0.46311680213690193,0.8098232589612825,0.9377289043742117,0.6849779679122392,0.584260079180147,0.5451610053128507,0.6178255991122708,0.43471731524582635,0.0,1.0
0.6008761211317611,0.3909690238669067,0.34398375300968,0.5003984699803155,0.7389526701220825,0.7380285273373242,0.6873380442856672,0.500584495606222,0.612718728589709,0.4408212846753469,0.7984847815864772,0.531097129281684,0.39529370137368675,0.7429607684037005,0.42110615403391144,0.3431025987097877,0.2503098061131357,0.20666360641458523,0.5113783146320188,0.7954314495781685,0.5267173970162499,0.534486567253339,0.6949454808508964,0.3370629575021701,0.30151446609545346,0.48397213826195024,0.43164439852510167,0.4449770855850022,0.4107227352773053,0.7017963691647682,0.40935698491467487,0.6306012496118035,0.41923113321463157,0.3303536941232313,0.6589822982497354,0.6393692008505613,0.46091248188051887,0.5910577938217603,0.39286283464099614,0.6152700619379284,0.18930787054738768,0.37152956259359005,0.5299581236287304,0.5213917213916609,0.1641097597681398,0.4971776677843595,0.7614988908103911,0.715200077175874,0.5083668394124193,0.7401242473822117,1.0,1.0
0.7146166394561655,0.5360271996398005,0.2868242680796981,0.2320468295021806,0.35021034452661987,0.37067662293945847,0.3373831443432571,0.6520629811802168,0.5306433933113051,0.5063153671159136,0.331528300838978,0.42372430237684416,0.5468808560682431,0.0843611076876547,0.6732156421071697,0.33786197645783284,0.5760455932212367,0.5505118561784279,0.33940064940632964,0.4876785958519165,0.1719742948443083,0.46370737160561226,0.5259519188883733,0.3124683932947203,0.7235540391953721,0.775038337242907,0.5184341570322444,0.3479606640539718,0.3282132848775362,0.5019804761805312,0.31083574599962427,0.7224469490466849,0.423191330416748,0.4369753034391537,0.48534393026440326,0.686404685915888,0.5565720742182972,0.693395995609757,0.5086300952932963,0.632238088063732,0.4702446149409333,0.2164533107984154,0.24751491169071016,0.4100739892025139,0.5740745693355589,0.4157052840688631,0.33716135712115464,0.46469330010182414,0.47722142230768494,0.3317197440179733,0.0,1.0
0.4311704037942677,0.5330929614245472,0.513498871405237,0.26750542769955166,0.7461700469430714,0.6059655399470504,0.7583454264655717,0.4366040205797677,0.5120661385030453,0.3565272925209423,0.8120548514922573,0.4769477162326245,0.8775875616014014,0.787658852246943,0.706072035913469,0.5105434016186187,0.3087436387023458,0.4644145733364704,0.41262665084895833,0.6479149218404324,0.32127651090435055,0.5678524275414732,0.5930098173352644,0.4368359611567184,0.5758313654049,0.5977450012613266,0.6185613195370192,0.5027755552781383,0.29575801035846716,0.46798025793997533,0.5715502871228912,0.4074563563135643,0.7008274778758995,0.4860666448683837,0.17738010137086732,0.5561708487536757,0.5687839083960016,0.4901994377197595,0.1738366509075009,0.5265487471258775,0.2968533392007413,0.33293709873531063,0.5458679363484162,0.5121215422103338,0.48619032723826217,0.4737171588811985,0.4925441651748895,0.524984610987446,0.5681395023881349,0.48029439394809637,0.0,1.0
0.3103562122695961,0.31201071917072537,0.4304412374018903,0.3902996669832659,0.48308480972928214,0.2837793520835061,0.3469172782577251,0.5306578699215826,0.6195745933582819,0.6596920820306026,0.3166510190907213,0.46686753034417344,0.33182376501405847,0.524104296863811,0.44319795249409283,0.4966025244628065,0.35681645864873157,0.43539063409535295,0.21062858007101043,0.5161168262621666,0.07919150612841698,0.33682689021772505,0.6693330170503132,0.4891881293291691,0.7044388353609775,0.5735273312395301,0.6338353028314864,0.3310897967841911,0.6666546426656773,0.45651396063096245,0.4457961105204501,0.46234278531386247,0.2667668257841649,0.628116435500905,0.36982617676464136,0.6792238159228805,0.6439412555764158,0.6565648190990658,0.5505393591955121,0.41139997680158014,0.5523209961894612,0.6541800788614764,0.6120414278518742,0.44264308804418745,0.5105674122000087,0.47278379413436505,0.4309691119912202,0.31122230630630754,0.6058297354376213,0.4559604833350252,0.0,0.0
0.32265833132764565,0.4448400860679163,0.4678641328242753,0.46131761926838805,0.6010875319290915,0.6926679247338794,0.42365971381714124,0.6203241805182748,0.5865409609975684,0.35456520934373636,0.6608193352983279,0.3809598256363377,0.5207508909479629,0.6703528969574518,0.49846637616320105,0.2570384792453642,0.5127908842071324,0.5502096180425732,0.7170939001712316,0.5704605279291178,0.2226666209626882,0.4032795744644461,0.5524185286748875,0.6898699631723147,0.5663890107012959,0.3892052070830425,0.607476475435198,0.5623145678089674,0.5535398644518827,0.20363937483903194,0.38130789233790324,0.5213433431119766,0.5848603797131936,0.5914105647753414,0.3760056885124424,0.47642743766547346,0.5004606830903208,0.2864281626222182,0.7305085919747389,0.6807393691129981,0.5526043803575913,0.38294710986855723,0.49698473014856664,0.5347289953311744,0.5788129240275809,0.36293529066002694,0.46046062378939834,0.25865787613442626,0.27612395360592473,0.3726219465373543,1.0,0.0
0.3853792165882988,0.2293819201367016,0.7199381009981082,0.48769863508838807,0.601478424876285,0.5237719899538703,0.679413413543139,0.38650702455265695,0.5896672025122921,0.44372920037772234,0.6478071829744118,0.34670507181654464,0.2834945475069703,0.6139602175125871,0.7601260472026271,0.39990868411787006,0.665732202632925,0.38477195918769963,0.3670445128765966,0.45891608944100687,0.38210834639904506,0.4377355510969921,0.47450532960848985,0.5981685707708684,0.6549490000290158,0.47038271731447084,0.28063753429004173,0.6047259420819663,0.2500043480395115,0.651624944628632,0.5579459132589849,0.5850116370674926,0.8241726009234939,0.5050337980104684,0.5276804802069709,0.31961191026727487,0.4890782573687147,0.4105260221146596,0.6692319316600475,0.5162140972440754,0.36250238449948285,0.707962423706912,0.6737673106572948,0.38627561999336285,0.5826446637252733,0.38254570387109876,0.6162959554341748,0.3080514293001444,0.6204228083393828,0.32071584407606896,1.0,1.0
0.522980273359121,0.4330010399414103,0.45683041255967666,0.6175322965617388,0.7165769588846415,0.3358386275877228,0.24325183796907882,0.2944062626167491,0.6030529256504584,0.29371647781031757,0.48984571040930086,0.3450261206912321,0.3018883279760607,0.3878772256453115,0.6529674686883209,0.23760072268468155,0.5178626119002022,0.5308088473897603,0.9047048804118777,0.46956170880182047,0.5162687549115091,0.542357926402093,0.3281241171731208,0.2802870263724798,0.540170841453777,0.5084674970567564,0.30932275789007874,0.7021463517909793,0.48763367131354973,0.4885744274270162,0.42246140828219825,0.6738327139295525,0.20927232767664278,0.28387978540798703,0.3767669797523255,0.6617424259286473,0.4997047275737867,0.5739582251516936,0.45228496630510745,0.5704627843634188,0.5579558736390723,0.6089471066408698,0.3534719126686327,0.5855385876688625,0.6797403540413706,0.44655526909753085,0.33515571891514706,0.5103658783984993,0.8831204214152436,0.6661014520579122,1.0,0.0
0.5651130812397848,0.3868211300643142,0.5469623263015545,0.48933548872940125,0.49818206170187296,0.4168534318777412,0.704244483259436,0.3509895086266719,0.7162715473400768,0.417176285097205,0.2816828249430908,0.6899292060175951,0.25462195576997526,0.6931394590008888,0.2646473209953009,0.6807940165065374,0.49212006839571054,0.48493861610263966,0.262344160219034,0.45235408731061966,0.4612153877597864,0.4286403235258885,0.5240232643730846,0.5030856507614845,0.24248268059507885,0.5046568818576236,0.5862826173382581,0.33460757369828603,0.3404888378453927,0.35044164912661835,0.41344256345883607,0.31147148306487066,0.606349801222359,0.37011461656455236,0.5022618809867221,0.4943642149785834,0.5756499537258332,0.5446090723432718,0.4742682105369726,0.26436686719890856,0.41996046301776424,0.09216876509723794,0.43838041050114823,0.4824287265884466,0.4654366465578106,0.3487067221971784,0.5614244537554519,0.5031151391911189,0.5688558078799947,0.48708993748614554,1.0,0.0
0.35926421640103395,0.5346407689106907,0.3943265212395445,0.4650240300329467,0.5413378141887265,0.7528093852022294,0.5642534696377336,0.22939857252842324,0.823499746466966,0.4795541777371243,0.7420309052224895,0.42671711626180314,0.5940057321786278,0.40491166749912616,0.40247688745970517,0.36458063982492056,0.11934869484975597,0.45916202249194604,0.5508075220897765,0.25701370103023224,0.40261117105168626,0.5004047958111916,0.6546885878532028,0.38964649400384427,0.15810054606903662,0.767605799336186,0.47553955992188385,0.53992114513947,0.4345270801993205,0.4042687102442986,0.24927151759483646,0.3679331040996973,0.7130614224780724,0.45617198144705257,0.3795816835016614,0.44660988851353944,0.46853742228521866,0.6506877595400139,0.5030368665286596,0.5179692956613905,0.29186526913032723,0.2703437368474173,0.5685959043821868,0.4350519837901354,0.6656195699393246,0.521693581124959,0.2763318199627577,0.5766345308093448,0.6124852557214314,0.7660567493962557,1.0,1.0
0.5438069396081016,0.4745584348313387,0.2673569520121003,0.340654141717053,0.3802706496073686,0.4601172603073961,0.46257527212633087,0.7018064574143471,0.7564729577737705,0.4483251529738839,0.7140910705157102,0.4144685092225733,0.6591788931829362,0.5465422640205603,0.7216168683371268,0.524583941665429,0.3990420051924253,0.49147625969614844,0.39256133373754637,0.5403987488426915,0.703279410687676,0.6115465545069109,0.4241669244773942,0.6770265491618357,0.6332289363040934,0.5194732883941489,0.45958856658216785,0.2980482131280712,0.13049824034124538,0.5330547134194273,0.3661270375782425,0.3909274444267006,0.7266115328506785,0.5115695179081152,0.38497984433658977,0.6105888267104992,0.5722440256647733,0.49040842971468124,0.21017538331075117,0.5436167455212888,0.5627734581181295,0.6104007595348357,0.7132110882202192,0.6670424175838158,0.2855332363604172,0.40877816117643423,0.811574421749616,0.3936534741476016,0.4176483026687353,0.6142284779476207,1.0,0.0
0.46507543215852776,0.08381135348829537,0.2871596086865315,0.7797584405622865,0.5720310936750838,0.41215536776228323,0.4459102472719869,0.8474921791573103,0.6658722370193395,0.6310210547641771,0.5387665811253124,0.26585775376285625,0.43705306916231623,0.620541370777449,0.23485244477912964,0.5107094713754059,0.6050431593973318,0.23702105170071755,0.5602100424125221,0.4898697847186634,0.5392253254944452,0.6708077588822632,0.5263836609196565,0.3938499656730668,0.30924404735333594,0.6187005382699622,0.4422377743256071,0.3218979029185521,0.10000202263191382,0.665786563387575,0.2781992271853109,0.6795495099508044,0.4945738004485255,0.7722183903019418,0.3891695680820692,0.6112828365453398,0.5903958938522507,0.38669545634230634,0.48595443213769157,0.560820033425709,0.4147327994902546,0.4961836484772747,0.3240394172582386,0.7729711298821366,0.27821884193413365,0.2832466826779507,0.6264235756696898,0.4340272718135814,0.40789647858640476,0.19604842616334708,0.0,0.0
0.4157331466240394,0.48802309604494093,0.5277827015222196,0.20150099146620476,0.6556874917343439,0.49212598234513827,0.7887613965968493,0.6303911477851708,0.5395035738580654,0.41789208305724634,0.6466541245839524,0.5101715986808987,0.45525145812414347,0.6210944558541545,0.6071694569732062,0.17648413508686178,0.4463024845479013,0.4515614554846087,0.7020576477729736,0.4542628081519653,0.6706065893358226,0.45218155799897447,0.47749376970484375,0.6358358538419359,0.46610874307413047,0.5298226608783427,0.2946602411780067,0.4959573060688898,0.43304885404109733,0.4413734275015665,0.4629476556791975,0.7749804521652972,0.6578956903857952,0.40856436927450945,0.5864465229740244,0.28979170834194135,0.6107083388867901,0.5270037273500795,0.28206871756345453,0.7311532958377372,0.5875695088106607,0.3942173725114915,0.46868369900361323,0.5326234121924753,0.34051774401230855,0.5268385255313974,0.5175638986992432,0.2627018753598794,0.6782528565507786,0.5321116543589282,0.0,0.0
0.2296386108349049,0.33349048907940193,0.42743552304035565,0.6539761748985793,0.4449521557134599,0.49898629692207014,0.49277191998054093,0.5456161232873914,0.3185769262961614,0.3269103440703705,0.3045250095649607,0.3637161753003104,0.6264668411129796,0.2943005150224,0.7148545362377688,0.5574296307500971,0.41019954676902093,0.44464572066588304,0.3335507407544218,0.572301616672801,0.7011151088185841,0.41785581627837715,0.6634661085912762,0.19613610994822347,0.3690114883161048,0.6310221595956106,0.23156632866257051,0.3582122677279602,0.36327959514898445,0.4660526407176077,0.5294656337705642,0.6422262560638318,0.6275094114834591,0.5842934197461892,0.2689680275192021,0.241010276997543,0.6632556462685091,0.48075037807014787,0.5699728935071521,0.5839691769426963,0.44530581154552196,0.4479522733705167,0.707791856890003,0.4601199863719533,0.5011676714243746,0.2979458390309416,0.6052925849026626,0.6581009360859486,0.40601879938945196,0.3475384463462411,0.0,0.0
0.45876071257781065,0.7527087210537021,0.49381262074642185,0.440483731092443,0.5413978142259519,0.28545015089862574,0.4834859861235668,0.7009394761719989,0.36407655406924744,0.6439503944573555,0.5621605804440798,0.4359433270441333,0.4332009216463303,0.7223028927261687,0.4817582384689094,0.5597810105725233,0.7030442402890145,0.4821527213525843,0.4535539644035804,0.3970142065672363,0.41613367279275776,0.37430961203789825,0.48684626045183016,0.4642109709824985,0.6436515527951445,0.6888745522999383,0.4175806154806211,0.43123944343819454,0.23207154933690305,0.3212010843063943,0.6293954004009391,0.5444944380844957,0.4875410166328508,0.7104210317474403,0.3642214945671439,0.7362318602291356,0.25793828994279516,0.8938014900674782,0.41855920157482224,0.5918191306641185,0.5908067317986968,0.35041493299772725,0.39840832837837464,0.5031278202822916,0.46739742654283234,0.3745258785039457,0.5917292280259706,0.7708308583924794,0.4186673380133272,0.46519101322859246,0.0,1.0
0.5958545445973296,0.3828446778091395,0.32814292242752,0.5645202156732501,0.5786824199334664,0.6933286324712895,0.6407275431798206,0.5886957151931642,0.6330529284813046,0.5799357720517863,0.3748203539148219,0.39400474961752807,0.3992506391919042,0.36936045972318693,0.3418239813945456,0.5218039875323236,0.45241979893081824,0.294383832502958,0.5485422055733706,0.5788114160718699,0.5830791809908014,0.3890256846786175,0.6165792072226903,0.30916831007036516,0.5368540373266241,0.7999482886384216,0.40690784989395556,0.5099926400292375,0.45119664587563607,0.5815313387510082,0.28419876804069655,0.6766719600544128,0.5356955395485954,0.4096856034625162,0.6492485688567383,0.5678630783475218,0.6472690241530956,0.48198120397231026,0.8639296345110513,0.4656777586366501,0.2526202112347905,0.3082469518943222,0.7013572145695286,0.3632197065829536,0.45377912540789284,0.49295388149253183,0.3392816180613884,0.5640036850282532,0.5749395013138743,0.35268785483672965,1.0,0.0
0.67356558656865,0.5175302395930508,0.37347040044310564,0.2473292986106289,0.5984301404275914,0.700840487499819,0.46300171886018476,0.6219929106398299,0.6111874569629026,0.34349689501098285,0.17682066245196243,0.5107412076224294,0.3860052132382848,0.35692565359190187,0.555872239616978,0.3860830435135932,0.40482604948598805,0.5533878527869572,0.5678757679219684,0.6066761390606361,0.3990958811535845,0.29246326147144136,0.190067926852096,0.5126735655901895,0.4916741289666392,0.8511458004574611,0.46138319614612927,0.5907378399771782,0.36366053952504285,0.43647069470227096,0.2835932940735094,0.42587809586448655,0.25423063168494137,0.3352156621621186,0.4011301138937908,0.3993459198059585,0.6313782988121395,0.39329416710297666,0.5409448489898518,0.5591505524494439,0.32888273307050186,0.5146075571218661,0.45253327355196155,0.517047832909923,0.6839227433075568,0.3246249936320009,0.5945680721553951,0.7173421647805779,0.5202076975712844,0.8516717579080023,1.0,0.0
0.5927391565229887,0.4621025943765005,0.6703295980534069,0.4949813408210092,0.4718467909564447,0.26997001926199393,0.536913529103988,0.5426436571426257,0.28374407404226915,0.5184214307634851,0.634130630397335,0.4670215798214071,0.5547615789708258,0.6704072163946693,0.30016607613071794,0.35272314181036174,0.5364250051217482,0.7676764891012704,0.5176040295710131,0.68523404108023,0.7145294507797426,0.38446365399705335,0.49564104109699736,0.30420343476376016,0.5724377109560069,0.6430087411166863,0.4243516918555733,0.5549572428735084,0.47081585891122546,0.4814289306957598,0.3849945681545306,0.6299680461887973,0.9037660323566026,0.4578253145029954,0.6750209242438702,0.6071358339706642,0.3839359201525115,0.9330575106783002,0.42404104438155543,1.0,0.23486436881194447,0.38524347320963703,0.5357067720570972,0.21549700948305306,0.5052397494594626,0.26036310953021835,0.3858374929085222,0.48934373086429084,0.5928478018453991,0.39585660038825776,0.0,0.0
0.5645181726824372,0.5127425334180821,0.5287132928032425,0.40840030390384974,0.47608768683657826,0.536887790191065,0.30915700316668937,0.6552511574169892,0.42630848000196453,0.602574430571949,0.19638426986763996,0.4050898893458716,0.6680022659834736,0.5924612949110619,0.6611840250663427,0.5818008981542561,0.39234424773371107,0.5747987859488859,0.47859999302187867,0.7147263054128965,0.3835317220706739,0.23957934029915112,0.3272933073491758,0.6247924677980501,0.4208224849593028,0.09268208314650293,0.2750290863684191,0.48809497490587195,0.7026300168747147,0.5584639628757725,0.6234932487673389,0.552547722148984,0.17412778069123058,0.49753968049664943,0.6411951095451891,0.5687065068600611,0.1961828066092025,0.5088458662157517,0.5585734502724045,0.6217003104117454,0.35026310351619766,0.5764110124777734,0.6962332373376037,0.5983657674539778,0.47222730436002114,0.7352289214794189,0.6664291512531052,0.5007810918481176,0.46343367446075057,0.5348430381503135,0.0,0.0
0.3683723395214286,0.7657829617197649,0.6565636360275134,0.2900883235048271,0.3583368204511027,0.42940946252052115,0.5477965161063669,0.5519692549800843,0.4565073546660405,0.5074389457663897,0.4625416561964511,0.3920012167704929,0.3660110557127972,0.6982383876186886,0.7760609275744399,0.4078701882368075,0.34799488224092284,0.6520587760548893,0.5636500156973775,0.5808699544419693,0.5323719992455649,0.19331492142794574,0.3276578901566271,0.26295009283609,0.3512615136182305,0.46631379467806755,0.4575997549290687,0.6665750795273774,0.3422265707413145,0.3331200139070405,0.5858040668802256,0.5429948646242122,0.7757931538843338,0.4736332769527007,0.6735416281325456,0.48862758955392366,0.5325069219672214,0.42698923781335507,0.21067443770439995,0.5324022440779053,0.36093842252508845,0.5106197633456607,0.5215571673667896,0.4678627051749031,0.44425395132140183,0.48985816897847734,0.54327827246209,0.6513236818771417,0.4152162432366437,0.676522330375256,0.0,0.0
0.7013172123917091,0.5283415638785749,0.5840636490357219,0.5914832939078928,0.5435214891426664,0.3345570422770486,0.406910859398929,0.5332922435606807,0.5480125942139735,0.7449344212766345,0.4977401331392187,0.34815881080596695,0.7830356608211334,0.4947795842117626,0.3153193448652215,0.4183217684760126,0.5396153184260875,0.5725707694449855,0.27949872908052037,0.8239004691448646,0.1640586332657992,0.46065983917701386,0.4812434153654181,0.35562232566690527,0.29610559327644126,0.5027719048507354,0.3595916684501905,0.691081429835388,0.45091802552730714,0.6331840361300181,0.6412206352365952,0.3279697895155249,0.5910329942969962,0.5405943794565777,0.2284164622432613,0.5456913001850294,0.512729915563967,0.454717019555794,0.312963697926551,0.3927443194047702,0.7649228278491828,0.5449837903986583,0.6535505704627145,0.4244797968472989,0.49078748361220825,0.5350550792458705,0.5322809801655153,0.2512990043962124,0.36689054835428714,0.6033690069731391,1.0,1.0
0.6620250229183313,0.5938513638374211,0.4725661999950159,0.4728606566675756,0.42107422831230923,0.5411909457305725,0.5494491261519987,0.5284640449105612,0.5694929493334508,0.398211391730857,0.5137147064060608,0.4336356803992402,0.3679033207548518,0.60556403932054,0.6104230402988265,0.09537697009259775,0.35528982931282876,0.48952882127607716,0.42280619841557676,0.5313220489444097,0.5075981172645764,0.4387827799493739,0.3641534488745799,0.5387604546466248,0.18096378004551666,0.6578607522435905,0.7123693538506938,0.3721913662545312,0.5194680243681035,0.5539878732343236,0.6949407782028099,0.3435419247231668,0.5000493548106455,0.5705226925423358,0.4737133097508067,0.6543318928017678,0.3757346196216677,0.6367208259366212,0.4427553298928059,0.48807002300416946,0.43615719229037075,0.611368740338809,0.36719071651895463,0.5510917773024483,0.32534298877355955,0.47614942946147637,0.5999785715539803,0.37922854326700467,0.6727849455764403,0.4955837293245164,0.0,1.0
0.38320502322954575,0.569861991197819,0.5791053255596349,0.5631870333205875,0.6397179571980962,0.5333821040200535,0.6476833218676437,0.6469583937080391,0.6727542442473151,0.7465843756485918,0.7843005615801821,0.3713712113474048,0.6274411221115296,0.4828340378492059,0.684009183131215,0.36795491783571593,0.7516703592405286,0.3988749005767966,0.15286800659325572,0.5223439501997353,0.35850549580703095,0.18238765413660482,0.5129468686651677,0.4735579131736699,0.4148417899841763,0.3204283213103891,0.38298169493500633,0.5298702434071412,0.6171272286766739,0.5396207037116783,0.5423004344768797,0.4921417273394362,0.4474990598631357,0.5654616847268183,0.47635464728095805,0.5223837007422036,0.5197878405585663,0.4977130127910727,0.3964663853681444,0.35951037056983864,0.619416552916369,0.7193467431263822,0.17236234170391102,0.4033416029114528,0.34070854457461497,0.5025997893662184,0.7633181018813987,0.43141600432504834,0.14563153014587105,1.0,0.0,0.0
0.48551621624121855,0.5697579402953127,0.4663330363434623,0.3554524586256004,0.5766404275634344,0.5650107709597537,0.5007993180303834,0.6017067408687444,0.5554577813866737,0.5349737142182068,0.5749991584849049,0.3253344383379416,0.5099446087214429,0.4864951311284706,0.3964284642594708,0.3435849406450323,0.1648781165699454,0.8429188188577206,0.721272307493823,0.5222112742366871,0.32608274273269583,0.542489669539496,0.5077412091085329,0.13249129849630245,0.5245405178488876,0.5681216051146637,0.3634310883763138,0.49257371753414103,0.3541440576561858,0.36616712457302775,0.4783198825676145,0.7307018215014154,0.47915885269129066,0.3704212950237,0.28277098136805134,0.5644136961094678,0.5428038386401096,0.4057820731337933,0.3280438276497963,0.46819226342371806,0.3327624599571608,0.31331611019175537,0.7158815629967574,0.6866028987590725,0.541936501982325,0.5375124765313682,0.3308807442469273,0.6127156960586401,0.4047136923109438,0.6260876793118232,0.0,0.0
0.521793252129743,0.2817720759413377,0.42180852707866723,0.5212365000387387,0.5780743776091776,0.5283826739010328,0.6197116923319076,0.3587755503079089,0.7307570434588894,0.421965536047184,0.4977454496086101,0.14668395121753625,0.39314083763258056,0.5141635982470706,0.7325869532708841,0.5231733602756882,0.19745627763967763,0.3034047094426745,0.6166731667223804,0.3603643751497091,0.37251962361824725,0.484041806284453,0.5939904899073469,0.2822637694368213,0.6852273975662985,0.6647170216786382,0.7181111191893208,0.6389450811891763,0.4600528931266645,0.5022078828319888,0.38342317167830103,0.6251306561354443,0.43654661354029034,0.27314971683545236,0.5832401218939763,0.4573513809610686,0.3638849552298006,0.511366393715663,0.30331978047086533,0.25661812228083214,0.46485691750166136,0.317755695007481,0.8053672665873385,0.2805988043170524,0.5346042773093896,0.48133860806983186,0.5727717197977851,0.41489936509507197,0.6215684467708336,0.5702798739878107,0.0,0.0
0.506737675737408,0.4726125271945358,0.6279363586926802,0.3070500180164579,0.281938740133593,0.6205116973436171,0.613457758975006,0.6552318451281423,0.769139375083714,0.6162261253769991,0.194818515444519,0.5091646184505072,0.6498865467933805,0.5398425663652272,0.5124465044727139,0.7011675472859217,0.25798393271084086,0.43472311789172047,0.7024446530228026,0.6537562097389591,0.47725055275633044,0.33600745484415107,0.6022381209450817,0.2677038135546964,0.6489583613035994,0.4668566899490663,0.40003210755355084,0.6702177144950755,0.5235545720548697,0.5039663753950555,0.6602718627287572,0.4155627406316472,0.6234028117833644,0.21977993810257812,0.7085484364475658,0.4172889311921507,0.5549449904587008,0.45552423459999014,0.49624172251099596,0.44107506986588985,0.5115687870416068,0.5863517003113419,0.524265127176904,0.2527625182551538,0.5010855576151283,0.7294630802946814,0.5347611463278613,0.2993712083749695,0.32407745725101766,0.5543134193051059,0.0,0.0
0.7184211739677748,0.5830163270196228,0.46991735414263985,0.7693307912696706,0.4439016561656101,0.8374349677808335,0.29503020086864606,0.41192345900734734,0.3303526961489233,0.5668362084237685,0.7605932180987586,0.5181414857593312,0.5468898989688212,0.45289049446036256,0.5564836050666895,0.10453132661999673,0.4031669725810389,0.42190922627925176,0.5402100030443836,0.6822232018520673,0.3522330550352133,0.26924177793860943,0.4922168291340696,0.27555563445440273,0.5947565499109936,0.47362183699595556,0.4888735536282605,0.482390779358702,0.4210409762154435,0.5828653763985882,0.4508734546043489,0.4467775954139309,0.5500204888038801,0.2963688658681771,0.44869092461691806,0.5828351855347377,0.4220146503259752,0.44647210985814034,0.5695542625505642,0.3407003642592206,0.6315211854090098,0.4908921430073732,0.6711143568432403,0.45145558118716667,0.3147754257508206,0.32271038430415266,0.5101321578434601,0.5731463565088548,0.694784719644066,0.6880117276112786,0.0,0.0
0.3778695880187277,0.4255337018569801,0.7496952269567969,0.5673858073011483,0.745794646484437,0.7289314929310545,0.18230279154473358,0.49433785250409684,0.7331650289932365,0.4405402959801988,0.7427642303913549,0.5306652359809786,0.21165561058646185,0.582386627009337,0.5099794110257242,0.29487155531582493,0.4917208147688725,0.2320626308434861,0.45711803645224475,0.593420049134947,0.6254008217163369,0.37419482615392424,0.5435048543905843,0.24984312890415472,0.6946885814413404,0.38506265661915495,0.562166326430754,0.5946400152175039,0.4737014221100409,0.7807721432772214,0.39356419641804113,0.6129619426562644,0.5015328563956343,0.7180783059665898,0.47189698261718543,0.24175236234586445,0.5954870139661329,0.49482273547958755,0.7488105872128288,0.6340890096549078,0.5783756708974385,0.5456047691035423,0.44359714041118264,0.5633619671947779,0.6569037553152326,0.48651142260218544,0.5148193946417955,0.6622026962931535,0.31764530880462133,0.6651016924521453,1.0,1.0
0.47156659196580586,0.4226245615208909,0.23739281352534972,0.392244777543083,0.5932642505836717,0.45036169465136827,0.6296154549311743,0.3962741007212929,0.3623308217677406,0.5408371552221874,0.7788319979187194,0.5853501636397738,0.5409868314848503,0.6319472445560739,0.659286193912649,0.435425724163492,0.29226656666015494,0.5420650846667696,0.7147534337399799,0.4905335745454597,0.41780708763189944,0.4842792654361949,0.5474909820465413,0.39516348782386773,0.135063748654265,0.5598592697513396,0.47133323724267484,0.44525855219626254,0.6054595084970561,0.6269074355490126,0.4143055745001252,0.6312563740312939,0.5820413209898866,0.6419252331751153,0.664509213707774,0.4784302983038749,0.36050157716007497,0.5187354937342485,0.6733609745910029,0.4820044941015807,0.6029202910524127,0.3213881942464377,0.42083641891835716,0.46186402550252886,0.35851939074366646,0.2559965759727208,0.364173910164366,0.7244367352357035,0.7053380828570932,0.4803112388346157,0.0,1.0
0.6233493485392914,0.0900211716385667,0.5240813430203265,0.7308507512739619,0.6742785238994894,0.34023204812654734,0.5940340930301052,0.5567257928283132,0.5330970144052318,0.6190262867442723,0.2306258250737284,0.3913480503469012,0.3063744783438836,0.4431063960544322,0.6771463578016512,0.36665874395004383,0.5352809564856479,0.20387465042783356,0.47138486494371135,0.7252991182829167,0.6256040538612218,0.3929603281201719,0.6817411711362283,0.5162504995733949,0.32294387272948794,0.5483157494152866,0.48972939139320126,0.51499829082238,0.5248353264034731,0.6109456520029578,0.379498282938043,0.32067722635885804,0.4328257782959105,0.3922263021390158,0.475527556029084,0.8758066955347069,0.45864218539515905,0.3782908646736115,0.6320647596530483,0.6952075581311129,0.5375326749259081,0.31370990369226426,0.5432566288183108,0.6162619700249017,0.6030550282704947,1.0,0.518650817223554,0.5065267589039745,0.5326518525137144,0.5044384503233814,1.0,1.0
0.3828042124385723,0.4159008056161014,0.5558587203492318,0.6330336195719439,0.5033970332182035,0.7119434488227714,0.46937626536949895,0.6182597162523554,0.6539890525283549,0.2984741949450231,0.5921655529337304,0.5497670848277014,0.40864887644522435,0.48427107475568293,0.42618521004580723,0.36080107550319707,0.346095062313985,0.41937380356155274,0.3002903886340448,0.5779552935088363,0.5327181782219156,0.3927635242018786,0.5521463987067811,0.4035007502201789,0.3445575687286743,0.5271747546166141,0.48154881726164567,0.6826131976893077,0.3731327032403308,0.3887248926458878,0.33107024911600286,0.4137289011370593,0.5657694632313486,0.3723238862813333,0.7100883450240365,0.5102808095797372,0.5917608761524555,0.23013632391083724,0.39359621569685516,0.6069436203516682,0.5343543180442335,0.45560473708572974,0.2488810362989546,0.28708518195317767,0.4111074076810711,0.6690136448966022,0.45125783834689115,0.21436912814975814,0.2541713369598322,0.4011957248494559,1.0,1.0
0.5534445457325603,0.5664867964582049,0.5206395767336636,0.6640175550682703,0.4709123809587283,0.39942177132082957,0.29989125898087937,0.5085260845185255,0.4248984695182209,0.5840922993330047,0.5743160817203294,0.4354735099896382,0.5867554817161406,0.6271415990975407,0.5084673165506134,0.5460117272204934,0.4733435228328483,0.578487347601439,0.8461533408259378,0.3138345399084277,0.5733096605759851,0.21654496350305985,0.28288222792733947,0.631528504903995,0.19076257302838476,0.4426077306554632,0.5289096018605605,0.6427713584977107,0.40579430764718705,0.3668728970265389,0.27526461986300915,0.7073656755165504,0.3706158751077093,0.6121386727614982,0.6693989879750856,0.5338259786056718,0.6321006383853952,0.7681810168591813,0.37749315454380006,0.4695429812830654,0.38942747633466535,0.4675169572838399,0.5807036162711675,0.5536221275567257,0.5581769084030176,0.7323173555177153,0.1832380460464982,0.588861908710553,0.16515136855063375,0.5400120768165159,1.0,1.0
0.5785302516749495,0.5053398612795367,0.6202730396582106,0.32785334470906513,0.40699220859499713,0.3124117871136276,0.42780909454376576,0.4669033145184643,0.6349986732917872,0.7155849714383832,0.43159384614070656,0.4022342242974048,0.42004897277727915,0.7139333008320573,0.48882133684197393,0.09935388932065363,0.36650411035768227,0.43451216560324624,0.45302215482330116,0.2848303203863811,0.5999999211833457,0.45241114040020614,0.2890754311076577,0.48493413049858997,0.4532364704950872,0.6478002573148053,0.36997569162472155,0.3598060241757528,0.5331810125405091,0.6549645746730399,0.647662762162236,0.4498234193383641,0.8912435824591365,0.4149583776563524,0.5364218246310763,0.5056372857597469,0.5380540088391975,0.5869067593392642,0.4205676317599009,0.47827046538884066,0.6326496756680882,0.4147965612990141,0.6257866697798828,0.5719697911561586,0.5480281014095476,0.724895479479851,0.40139930050642353,0.2483214931368784,0.5286463496706653,0.31281190140000914,1.0,1.0
0.543931437591645,0.3253251247003199,0.6456934440972751,0.7497866249171513,0.37359710426710574,0.9022508527185908,0.31596541264114936,0.6008019984248473,0.2876423178710268,0.15335455733753042,0.23528466354582625,0.466721005310045,0.3989918316999684,0.7113476493860715,0.8974590859656811,0.4263978840883215,0.19633752300117482,0.43374256754298157,0.701877568310004,0.46206501860104554,0.40913051373472864,0.5937133639378093,0.5568362202739365,0.5082856388488114,0.5878683462123919,0.6576406284071984,0.24190142515992435,0.6511385534827504,0.5186768181068865,0.27133091273409327,0.5064150605044352,0.3144489345776802,0.3434767139602878,0.4113943989014036,0.37521096445965085,0.3566847272138905,0.5129722121354744,0.41547016917406215,0.5023021059999978,0.5689346254117423,0.5410040022270789,0.43890872391288865,0.657391236261008,0.4532037721056886,0.6523435630484964,0.5694190501460592,0.3529576598544989,0.42229467366991275,0.4314795445931299,0.39369501476680124,1.0,0.0
0.44867885251701906,0.1471638073841133,0.3411734996450302,0.6023961122210802,0.5014834800050381,0.7742504431181366,0.43457634212726415,0.4626517450233192,0.5886840861314435,0.5011458772931786,0.8411772237251346,0.565981778347048,0.4367907116009222,0.5129842735701845,0.7365431230655057,0.26657895754377825,0.6374528147783839,0.39677645641130976,0.4973122011658118,0.552395792337762,0.5069941700781897,0.39036121626158604,0.37710812847469805,0.31042468846342924,0.31853799808487576,0.6833803688691757,0.7160923396430317,0.592899651401684,0.5908584221680884,0.3785661213153025,0.5793067670585966,0.41217797849376514,0.8215136019282144,0.42891608394229463,0.49785386578143404,0.5534765572296539,0.3141519672499404,0.4159239767624822,0.616974920470963,0.5494243307957308,0.3675783276234061,0.7478683528021652,0.5283228417998636,0.5569146082257939,0.5425627514793057,0.5931256882058432,0.40332083467040475,0.5848114308869842,0.48125189813704417,0.7106589528800386,0.0,0.0
0.39479369010526033,0.4631154362532943,0.46140127791310215,0.24359272086264624,0.7506041080525189,0.5161329480908854,0.39990478892171866,0.5876690982153252,0.7646564115149868,0.44072364928321134,0.5885410309209249,0.3034319628940482,0.6138080772219736,0.48897869687172685,0.3301525158912041,0.42776505095489686,0.4144998803540039,0.44477255617689165,0.30516296133967796,0.6267891181311617,0.4018497739492555,0.6055463632546614,0.4753565674689877,0.6674008133737949,0.5695955990345339,0.6022009416674499,0.3456407823184849,0.2483685918620312,0.4607210683337402,0.6924037848142112,0.5513931663924216,0.36418145258416873,0.27550869335268097,0.3692477934113625,0.689126295561363,0.3258615261502584,0.39553241808369294,0.32537609049172095,0.43891384992891574,0.42978138357434326,0.5098780064957609,0.5124273211167647,0.583072260611544,0.4956976351803969,0.4453451117026448,0.4030873765723349,0.5076227938876235,0.5122914522350634,0.12605545163137508,0.34746976612633945,0.0,1.0
0.7130916873643866,0.7281980691548133,0.5730954955162678,0.5502521061811362,0.2745242043173999,0.45307785099569187,0.3495082133841874,0.7281580750315638,0.7132662800126235,0.6524752248577511,0.671078895488474,0.40754958789872553,0.36058810444268796,0.7233445477058909,0.4604692982261091,0.40247221994072085,0.5311009559510518,0.4405050409965262,0.34120081348101944,0.5490981743312593,0.3861712387572283,0.26957639247632686,0.42297616908981767,0.5791161058846463,0.3170345356412736,0.4356273751281308,0.6170182296540602,0.5295346145463813,0.5298285291307475,0.4721673528859077,0.3907417297576124,0.6203583609980645,0.6624026005752502,0.5856583107242579,0.6189168795226249,0.48809370977806177,0.663617252753942,0.2659782017420628,0.19753697554594457,0.704762890374133,0.4227710069873343,0.3576305857826629,0.4498921723175317,0.5699193905902593,0.5729130913137562,0.7213658929220664,0.4721126763624984,0.6725641654970343,0.6602062029603335,0.2663306929583749,0.0,1.0
0.30039266257312497,0.674444535415505,0.5254392212597203,0.4521797812665128,0.5585268156895608,0.36726605731917467,0.4692019712992065,0.2972676364867885,0.5207107673097527,0.3533390276143823,0.3839252607173791,0.36619179354612597,0.5395730830651824,0.4236048808108383,0.519757050693299,0.5794902265581579,0.41263250826789705,0.5707961589234253,0.4155839559374163,0.19588110298378691,0.3784115115099908,0.524147580909714,0.5196192008179167,0.4658471474968346,0.4288691884437295,0.4690531284904368,0.2724516578217611,0.4608572138560633,0.4574381203353157,0.42402002377390324,0.39578992126362805,0.5876569791320623,0.38695842596815516,0.6108681090912348,0.8575912513930337,0.5963273738702359,0.5114372681937895,0.40787031625471587,0.3323159437298478,0.46518223057700775,0.6195680839603617,0.3943052249192551,0.33960078087891715,0.42225250360344246,0.5634304313370038,0.413059187340227,0.5544648022102553,0.5167594847363397,0.18853337097484948,0.30004168793905384,0.0,0.0
0.6393697526343717,0.5427311412096334,0.4941117892095165,0.3784866216874894,0.5237977131783652,0.2777134939651068,0.4076948488355335,0.5424876405218074,0.5223263366300537,0.24815626378617936,0.7103075732183568,0.43030291913003466,0.5329313581572677,0.31245820658256973,0.4620771677324881,0.6246150692092456,0.40718235226897403,0.5137034487302204,0.5034029438475107,0.24971974307422232,0.8321637911800587,0.3217124724566728,0.5983716635830437,0.2725520464062697,0.5354470475054387,0.6570284322805323,0.34012581800959335,0.3156552275969861,0.41835805714379065,0.6925428666846147,0.3810449960515471,0.40348366384715695,0.4250009549356063,0.7487038167760718,0.7525960369585332,0.2581220521699842,0.38310812483937695,0.5648486359888172,0.582032839679361,0.8354676517851708,0.2937224773378217,0.5532934870007027,0.7100574657601822,0.4711208737489882,0.4589504043317937,0.5398009469310918,0.7195138822756054,0.39562904984141434,0.47984687699412204,0.8224424403268933,1.0,1.0
0.331616629959699,0.47898211946098873,0.5204937891711098,0.45584147595089686,0.45129659462175464,0.3824187270940968,0.5293417248411942,0.6662952229890402,0.29286836182058096,0.5062709877433975,0.6207300210916844,0.43651704131311025,0.23473282574054732,0.537500583342286,0.4227246547000498,0.2626077986492388,0.6226030618176761,0.7330717449603154,0.6040128269160182,0.18274790478190814,0.43326756238510505,0.6053461964458602,0.3712881788930254,0.32997701199029483,0.5115934138524005,0.37545053183696286,0.6262574315449841,0.5640229663415052,0.4259694706509953,0.33593562645809305,0.36906421900548675,0.45283452045209016,0.5722448832610123,0.3680792531328466,0.3774370641922391,0.48280243017168584,0.287566860766501,0.40592763080376876,0.4012259943179522,0.7301096298830259,0.5293884459730122,0.19401970924569856,0.5491257633209534,0.575572643070012,0.39863734962076475,0.39868661605204436,0.418507131126377,0.42914973334842843,0.4708322928093392,0.7208383150240872,0.0,0.0
0.3827100939429268,0.6282131757219004,0.5020505037328571,0.5765308343869432,0.308724834640151,0.47875122284929095,0.18194418791254754,0.6856388674513859,0.28427534987254627,0.6016257641944732,0.4993452040139809,0.17705791642726318,0.584606378228841,0.5831771358347735,0.6388591291854254,0.4299084809345866,0.4818145573535657,0.3917343374969446,0.5153670288678999,0.483581620609022,0.3840063487520519,0.285193238934523,0.6361463864723379,0.601117782355025,0.5981261060269052,0.8190591789716574,0.7178996726895109,0.4397338070376202,0.33105289217218636,0.414698227994993,0.2826979566849702,0.5339985745597048,0.7211703444423581,0.4713037192130111,0.5703370062303392,0.681307701895619,0.5233495094335802,0.7330516405023723,0.47936509670282096,0.5445818784125358,0.3899601975980506,0.7171275371658232,0.46210884748033487,0.454210401356384,0.48628570241588,0.35434048907135096,0.38265679365713223,0.650798616678705,0.3399478467893905,0.6684227262120622,0.0,0.0
0.3534487236586871,0.6560119573778108,0.43546257296219415,0.09560096962714883,0.5816073946941073,0.5348658650730728,0.4356732274383717,0.3034756370470278,0.7169097338014294,0.6906784034102444,0.4853792177329916,0.17072350734573938,0.5947457951832001,0.6184968196192014,0.703280837807654,0.6299245493027886,0.5546860035940148,0.5743163207010304,0.5362234918960654,0.6559379261701621,0.41386571500356223,0.5213563424974067,0.5341143012807412,0.1710922068281394,0.4451993029537925,0.7164579789661424,0.22742116390713596,0.446458252143034,0.32231595178762684,0.6513892044464249,0.6408216021070615,0.3637030740445221,0.40292505159713704,0.28621176232413537,0.32814932915330214,0.5836080742425622,0.5744668619187837,0.5177798266814534,0.6099352766921744,0.6092061266157017,0.67528139056737,0.2774897130136071,0.6143777933309159,0.16621753220036073,0.36453455644924865,0.6340696093016873,0.13127224541816415,0.30856027046232226,0.5684117006417214,0.5813014200403427,1.0,1.0
0.34135289389889656,0.6539507548340053,0.6274250251337199,0.4676500863099452,0.4558508370684373,0.44380588730444265,0.3118342878843461,0.4869638837010277,0.32817904856245644,0.3900390684658094,0.47863627159295163,0.6047916507885077,0.5402179891718275,0.6885827919226885,0.5219068147641187,0.3061385340049318,0.4429053791857645,0.8453380535516124,0.6776844568780076,0.4454106366157427,0.38313439772248425,0.49988669858232065,0.5340480011638454,0.5724469249641639,0.48255664262545506,0.5688586725024084,0.23958192014724547,0.5086083022684188,0.37245128065598015,0.5405982069906917,0.43160005409675256,0.39618817546528734,0.6879803759632487,0.4307064406321603,0.5741222809641949,0.622443415245878,0.37377322439207733,0.5864292419722047,0.6233736627899774,0.5007874342462583,0.3246034948096443,0.3354674851559746,0.6129010141390854,0.46253845675612026,0.2744223940196818,0.5432770589271968,0.2985410416601212,0.38573233419983993,0.17106633601129562,0.37310183511247635,1.0,0.0
0.5931860163539693,0.3516175388657162,0.590177945134775,0.32047531244934097,0.6065422630273091,0.5087785277717964,0.5996311572285254,0.5521272808595432,0.40669817231377914,0.3788866784973383,0.600238851202387,0.581835880527884,0.4867390728544748,0.3797491394763048,0.6251213993352217,0.24125920998230604,0.2982461905862269,0.5143378961659711,0.41433862439636887,0.43967307374412307,0.6980563412471966,0.5216702236686089,0.7035148486793235,0.37372831527049216,0.6632032902235404,0.46898869199889337,0.44978206547529187,0.6097346494919886,0.6385850926193001,0.48281643157497767,0.5000807450725451,0.6037684564100242,0.6435460053806985,0.8934485865634622,0.6305268331224554,0.35855429166748964,0.7201548621132406,0.5007686632296473,0.4607812307120135,0.8394899834277203,0.4851503325211764,0.24792811372117773,0.7479852936705521,0.6616736066130557,0.5085994327703655,0.3316337402639073,0.15736955965084656,0.5213589424506261,0.5350182886755573,0.3475179385755926,0.0,1.0
0.7199137967189926,0.4547460174326011,0.5910700849872004,0.4757132837589203,0.5649736801310599,0.7279686870214477,0.2812194338428917,0.7717834297513336,0.4999164459441719,0.5414230397528019,0.6455502561808482,0.340448147312187,0.6008084172991915,0.4193217112148851,0.37884200773241244,0.552029537585132,0.5838549379531658,0.5375870997096137,0.5476591051931057,0.7394347547817611,0.869991260964103,0.3237594401517189,0.35570659034990004,0.5179906945842394,0.6931073211587802,0.4392864449401367,0.4714255419322287,0.205098254091144,0.1884456195913329,0.6302990779021693,0.16062642068479713,0.2847864827158019,0.5381513147524125,0.6117127038776897,0.4949245561122775,0.5688085481889995,0.4680807827001254,0.6390140234635207,0.5806867824280336,0.49222406906062205,0.3951892790709031,0.5103554448689217,0.539842182841399,0.3798009119747509,0.6267505012576594,0.4310556989040716,0.4311119150909449,0.6726073395619713,0.2549655713828508,0.3143944200632895,0.0,1.0
0.5800800062020338,0.4096433787546687,0.23393612867835725,0.553010398828665,0.3581689960437815,0.4401018500482425,0.4488684291538764,0.8020016995600855,0.4711751226310701,0.5822694019472774,0.7099431879410218,0.4075539998082199,0.8228086266042215,0.50175225593492,0.571400220092992,0.7128135763452864,0.6259200452346331,0.30224907952549596,0.4839865466381124,0.23836534903137857,0.4342485569121067,0.40221440756239873,0.49612280170207285,0.5353357940623359,0.2887223194156333,0.7810543365332856,0.5464733706930709,0.5442159987874742,0.2851879656533504,0.2816502082194535,0.4193171998436555,0.4934215916005549,0.6025833405012356,0.28079888861731195,0.47535347643317455,0.3097290494804138,0.5109821552271995,0.4304837182199165,0.553926555115607,0.5464850989528052,0.4621785952558627,0.42393174802832856,0.27100567644544343,0.3778091795582589,0.4654957340776887,0.49749463146376754,0.2852189657591864,0.6097821944387465,0.3754311738912702,0.4397930867355528,0.0,1.0
0.32953384837378535,0.4130136533890294,0.2836758277596134,0.4244939068222859,0.3872906545658717,0.4676826278604327,0.46142883444349553,0.658165711825415,0.47405567772005147,0.5185815268426817,0.5775540011616564,0.3737475946414036,0.6453318526403289,0.3200483274864883,0.3551074076297389,0.5482798687780569,0.49391905634973426,0.7568211541689953,0.48158445762270363,0.7144312316246556,0.3621496570848589,0.5307400703634151,0.5496439320455916,0.5142572567440468,0.4890556564198441,0.5478368808113189,0.4559164691452423,0.484140498527067,0.3544844659316084,0.46790641157657764,0.3473565708341276,0.36887740058927715,0.6506948743264989,0.27946770056436715,0.786529301937305,0.3866416173954571,0.5073222779411407,0.43349512827932757,0.7245504013374774,0.6243698598756029,0.45494623682604224,0.3460768751878003,0.5523989309304995,0.3819091394972693,0.3267482844744556,0.3948192474754753,0.34977133210877254,0.6169492875374523,0.6225258639933292,0.4906123695938834,1.0,1.0
0.5600362860854612,0.5346223690737646,0.4291803827648241,0.5639719113822933,0.5208195268250393,0.2695407352328274,0.39478394649309817,0.22421276822066705,0.7140740095082478,0.42873148082393026,0.1534750512236689,0.6207845337568291,0.4138050712140823,0.4928377376432277,0.8190198020615042,0.42019971551445695,0.44462020343502595,0.2996877823415159,0.29466714642167485,0.388879436294557,0.5539785541125832,0.3415287707582132,0.49919054948322794,0.4486321874809352,0.5644323705065026,0.5489536052515341,0.6065718191961562,0.46608119509333534,0.5607032866548068,0.38006244349390583,0.6686716772768092,0.436688366579727,0.5854971786006854,0.5918381920035413,0.590539967974527,0.676078992446409,0.4557865039887162,0.3223131212871138,0.7473268760838063,0.8998974976617692,0.6631045004891807,0.5824860115961542,0.5635756720965132,0.37161889704821216,0.4728252887605558,0.6008258658964457,0.5445072152345449,0.4205870688545038,0.5491195134400328,0.4963151867689674,0.0,0.0
0.34616375262011784,0.3872223194067871,0.2099268479669048,0.2213664431615986,0.5101193131872855,0.6922420886083978,0.2759097366294314,0.2513571674759501,0.4499381175310643,0.2444126405709381,0.3483308548671726,0.4062049697119619,0.5488050692566979,0.5177601400255673,0.510513884839924,0.35905161225585597,0.5196803039096412,0.3822175853096224,0.459825885130635,0.441935090285954,0.5280601408992086,0.5615219173067465,0.5778742341435446,0.561879183243113,0.34240391273534826,0.5815631246692196,0.417990267072468,0.7271153336064097,0.1959278402751025,0.5168848654163585,0.29749326163856826,0.565032200283128,0.33518096833637573,0.5475791577291512,0.5616057552293331,0.3700968528784175,0.7028237081617691,0.47407863642509246,0.4689640617678002,0.7521170999644332,0.17334216003952646,0.43845965261233816,0.36001802615200323,0.590472832467502,0.7439237237590729,0.17012587849649613,0.4232866586052106,0.6228924652432267,0.25426755023340913,0.7194513397999031,0.0,1.0
0.5541459244611535,0.5512860996240476,0.18432791758361408,0.34626239431329425,0.624667085351353,0.45608078928656615,0.412457627410963,0.8136535255393216,0.4775311317386062,0.35922378612744665,0.38163673674125037,0.3350114974379814,0.4548216659623889,0.3885127682961632,0.6864006056811811,0.8139155250635144,0.5557750118639857,0.3370149145686262,0.5705030159625584,0.25464395788934635,0.299572754546915,0.5404584399080118,0.4268049185783902,0.45544100039970503,0.5565642078808817,0.7869512567677788,0.35208548875440593,0.41016073479004805,0.6234830034957343,0.6423259631674234,0.4639835463743406,0.39365888593224924,0.5008141180548057,0.840824279561888,0.41933930316537854,0.29595289224737176,0.47151093660924553,0.2885182024085019,0.6889370388766943,0.5780519342762603,0.47543452020551485,0.5914313686563238,0.5133315777811962,0.3715928039207363,0.525716121366502,0.31010254553971434,0.6513902681860573,0.40092717156321644,0.34459479585939495,0.26316183168472934,0.0,0.0
0.4310660431438981,0.4719435832948828,0.5142299374138483,0.3924599223157309,0.6804054108061863,0.46832661923911306,0.4987907955954495,0.470525250002618,0.4628402968920178,0.3975113963104266,0.4828996937716121,0.36998967661797794,0.2114650877156364,0.3218524622509479,0.7229025492892639,0.4001187292712429,0.19853465218358787,0.37943105672076866,0.3257164826404064,0.7524042432046875,0.4195335312359293,0.46853852251560973,0.4759085749438443,0.4864905226674053,0.7106295719366332,0.6572893954161081,0.41203800355706266,0.4453474636164493,0.37435212478697244,0.46939753557284486,0.6189558851574292,0.5403411475250979,0.539418074593225,0.5704398087442227,0.5333380083423562,0.5064267096237544,0.6010056458168979,0.6207884131750271,0.4026396728994854,0.7115075916051157,0.4942336215625191,0.4118406295254909,0.6518580635044026,0.3762369827475801,0.41341295626442426,0.2841494564028272,0.3646519656501532,0.5851599709743668,0.2630260345718281,0.17101264497422558,0.0,1.0
0.1794035928197467,0.4616858994697201,0.5416410880200185,0.6586595198280022,0.4917266929810587,0.480104136444732,0.4036163791590725,0.4491648585906692,0.5914013657495427,0.5255934815379637,0.43986072985838753,0.24741301200013457,0.5163954786436277,0.5264373244348691,0.5916463586812533,0.28068381860130015,0.18861353877504553,0.6617591477834128,0.45259657177741675,0.39119260306518017,0.48257468153618205,0.5629154809435876,0.6033570213515747,0.7398774726105698,0.3968791768257467,0.3919325021130582,0.3875017201287562,0.4979305578996942,0.3203808008217981,0.39986090802438157,0.37540443999252465,0.2891062733840071,0.3208075534720863,0.6190578464414485,0.32269007750711365,0.5289558684162567,0.2725066566666464,0.40305686086359327,0.28622127511793094,0.7211599290176043,0.5766028707179375,0.49193534585235044,0.34896951549159194,0.38138042653029924,0.5252882390088701,0.6178151418527736,0.6971176875540124,0.5521623466081313,0.4632311485681342,0.26003914391437755,1.0,1.0
0.3738398070328141,0.5343500368289553,0.47941941944217603,0.42857701904514756,0.3893420000972545,0.41755406482892904,0.5347263573127459,0.4487209699490788,0.2540047096549842,0.3147007829471383,0.2525925583873409,0.31342749726988306,0.6318572476571445,0.6486904099739842,0.5739293804599466,0.7461799369980697,0.21154101666189218,0.2797428232402044,0.7228888227462157,0.39353022554044725,0.680342951919352,0.6555248602704107,0.38360363960189614,0.24286916236898903,0.13854764971550665,0.68163988478402,0.5116591919186972,0.6709596992681508,0.36993793853150964,0.5428031673535414,0.6151654574553255,0.3034572876169272,0.4490123398825913,0.6474915740136654,0.45376469703748684,0.49309085554738596,0.3973028204748812,0.45402719061762087,0.41898520086725166,0.454870252048914,0.32838270910461337,0.4439688053217498,0.5769893342595855,0.4538268510343698,0.4702465479357475,0.2881404290554696,0.537073711772875,0.8895839805448574,0.60895735265769,0.46999553958650975,1.0,1.0
0.34227223945081164,0.2047107420602185,0.5500625201954102,0.5592318995304442,0.4825043666805669,0.414791590963921,0.19514201450409227,0.6342585234928019,0.6152662955311707,0.59494379270875,0.09336399447639594,0.4357477607961336,0.6217584605040523,0.7554672689708768,0.5964171217581782,0.5820884996460686,0.4584376238680033,0.48278786781088007,0.5404000758371745,0.11051861118508088,0.3002769134828417,0.2098778063933311,0.7892956708221169,0.3895886993218256,0.25100893734306584,0.5159807451713729,0.4275575354974108,0.6209378296801286,0.5059027398510157,0.4918221443296372,0.39157878454359063,0.6655543092733084,0.5786582554021843,0.7442683057926286,0.44299244983420505,0.6381219007686504,0.5221802707066844,0.19562262166827046,0.360906444312916,0.40462902493930886,0.4563991003453107,0.3537794578788662,0.2052430518217447,0.5816511372399511,0.4358142123234776,0.5763956559423145,0.3255421758032081,0.5930177885729133,0.1882376924871345,0.5222658572263368,0.0,1.0
0.4028768941159367,0.39846921125118934,0.5964848690746347,0.2758172991424518,0.6075058735332287,0.7825781586039732,0.4880234071036268,0.13941436592985917,0.5621571390602969,0.5880245901236564,0.35784985366697525,0.3836773719231461,0.5982491052106023,0.551891892007581,0.7349224431948965,0.3185351614564569,0.7311327979644806,0.49764375734057964,0.6463219967697438,0.6654829965084694,0.6990586402227251,0.5015194397065331,0.4581468133216006,0.5306904006867751,0.2920139591347333,0.310360429347691,0.42008293068157887,0.755573856567313,0.3837837356130829,0.5298433249765249,0.35842258940516586,0.36235983648968884,0.35671195941453143,0.5469998546474499,0.6721627890630177,0.5107948307916791,0.6037495156609588,0.34879149506063906,0.795198084879571,0.5451542415909839,0.16368098278091042,0.5230342143734832,0.30822634520959874,0.8049105137613499,0.47575077126096665,0.42834565420280446,0.30735835963877306,0.5010188873907995,0.45887297393891224,0.5155261512552963,0.0,1.0
0.4903044374734884,0.313607506512985,0.5727085106433032,0.5721193244549082,0.4397446718750447,0.2537379973937118,0.5898914995009852,0.6244840851145927,0.48053115939159197,0.4571244088000236,0.3506936597056259,0.38803311434114046,0.6371431484729655,0.34398771320839283,0.7694763880502248,0.486204170926042,0.33585257715173694,0.6694595011225047,0.34979251410315654,0.7852444231144738,0.37794079082240967,0.4387825134865346,0.703920002706374,0.3854664982509461,0.5143477227440737,0.5430420516246593,0.5225951523565916,0.7985911373054023,0.133331899144848,0.34812153567560467,0.2537676326019425,0.37051580386748834,0.41763263315333216,0.4737157687488229,0.49492637918206756,0.4051504511056367,0.35039233772957784,0.6050474297438811,0.5863005659363121,0.3628415743106847,0.4626211396619374,0.3806350918210936,0.6899803654462829,0.30254716778348484,0.74247515611134,0.3484551931885941,0.6411468737642443,0.6763999771525152,0.5958683959057702,0.39379878522395817,0.0,1.0
0.3326894665365466,0.530846249755967,0.345878349549974,0.5921359910661452,0.4904952123619777,0.5362203476808804,0.42257061300156684,0.4047521287733292,0.6355193989388979,0.4754200230983042,0.8005743302839763,0.34546154287885095,0.46772976894687057,0.694029198967688,0.6404257498104313,0.41781933739081006,0.5833355329956011,0.4867533489616558,0.46061547612844217,0.5780340667618337,0.5714098210854173,0.3664231979259678,0.5034953059798427,0.4496575251004404,0.4221696721700332,0.5389150807896739,0.42900967636065757,0.42346737581904126,0.9330587516426032,0.49635542450508296,0.5993024916815419,0.35513365613538594,0.6360278489625059,0.5100214279557851,0.6149769245711536,0.5695206733486955,0.47172381445967826,0.28205840901804724,0.48598048119457216,0.584430528631751,0.5293137505227435,0.43133392061735587,0.47113080133185975,0.40143483517922035,0.5518117052476286,0.20602136841454866,0.39840686596783004,0.27301637407036405,0.6059300398340768,0.40329117364465017,0.0,0.0
0.4780565670039819,0.4034635123934035,0.5758779330832042,0.5814290657734122,0.4803840191296597,0.6061364437113979,0.794665379137605,0.4755994704666116,0.8983328844803509,0.6619213002712206,0.6003049768333399,0.26057186682089256,0.5404178578856332,0.5577810055540747,0.7051866894438479,0.6274315738737635,0.5571533603918918,0.25663647934974587,0.43400934704245386,0.285617879188417,0.5355999277676675,0.6602156416704549,0.413751945388505,0.41237929084109565,0.5362602154635797,0.6498487890031351,0.42710151451413136,0.3084855718953259,0.4250395080532857,0.480807722085385,0.32492528764572,0.7803277431898836,0.5613539853546282,0.5857264910772731,0.44953045303716954,0.77252891752598,0.22766177448266436,0.2824552243590847,0.44694919078152273,0.624780074692009,0.6172394784365633,0.29364384960928025,0.45759885126293076,0.46525738463241695,0.3788791185047829,0.5031115429997947,0.21258962269224516,0.816787875558318,0.4723961191166251,0.5713512663396663,0.0,0.0
0.3607912149168762,0.6979604749550646,0.3944193212757064,0.5921337358227866,0.5320809147805939,0.38735969708441537,0.6134170803287098,0.41516439727115,0.47201115929300697,0.5348392805159281,0.5633965828040085,0.4527833133889848,0.36960703105507453,0.3391651245369221,0.6189513116617468,0.5261650741345943,0.49645837355983774,0.39337789209102325,0.6103429587363072,0.7820329527315427,0.3123372091715379,0.7170283929649053,0.5787742081583773,0.5940530071814388,0.6037163706026731,0.33880609968241643,0.6409407453967377,0.5437648248699508,0.49486340365297965,0.5966510158328994,0.3870843151324409,0.3544527038102177,0.6681661118364357,0.5564733416670639,0.609913739797539,0.5410314674783806,0.3975740049090945,0.5820676624572515,0.44611255009422646,0.520483843873522,0.39510122983401547,0.41624904294129983,0.3499385336282345,0.2972689133404549,0.6193836487012053,0.6653592312997924,0.6819506569797716,0.46343346527487683,0.4410788838832929,0.4475416407492921,0.0,0.0
0.47430654721636534,0.46073036267353257,0.5267752653886731,0.6106921886210135,0.8077495853424477,0.3709934739868612,0.5717274226458144,0.5039398132126479,0.6293063558036494,0.5544958229807478,0.30900745993207945,0.7240006956822553,0.5178051683744533,0.632752473860854,0.5009707605465302,0.4202372184222511,0.6313679557239938,0.6601344716426445,0.8797564106816745,0.6175295267338774,0.30411903465657325,0.4797005076142516,0.2791165438232192,0.5531267813245445,0.5404415705969569,0.4651582043729038,0.5377623374310422,0.421292397927113,0.29282035238855664,0.3782253015590138,0.4066820089189727,0.4237597431740284,0.5336281079850417,0.37490536210216685,0.4314981302711186,0.39906350683911995,0.4938543357716481,0.4154441685310736,0.5121487133036516,0.5315044032072281,0.4818162708551153,0.734120727420149,0.26439885785874934,0.6866790266084287,0.6484111471317532,0.546342854506809,0.5791605279662039,0.3682867096177899,0.6597744073780762,0.6196966091935295,1.0,0.0
0.6305348325375931,0.5828313185214111,0.534210675482631,0.3106343494219507,0.5230045414833783,0.36118034546584327,0.5846480319501318,0.39661719884566904,0.7541600807761305,0.497226250076609,0.8110249041965975,0.5245469706586086,0.7019159615680707,0.2089241116682545,0.5699096215656688,0.40448864619836356,0.25383471820355485,0.714758841393635,0.5225978325590825,0.5508211151825863,0.47928444215523747,0.41045174880546154,0.3273346188701022,0.31313923382661213,0.21464632637147318,0.4902720305346826,0.4489656075279894,0.4297219866631261,0.5084560455306741,0.5303413375290248,0.07945481231221481,0.33873733269893086,0.4656720355811495,0.3705847307960622,0.7330513659182755,0.466519833807293,0.48649788333402283,0.5436558930721742,0.2395981835531525,0.6263277204921316,0.565277991537186,0.4052696525992666,0.4191360600414015,0.5619673679552528,0.40807481666533135,0.8270664444196835,0.4591784963463803,0.5648351316463011,0.8578483450831055,0.29041890342492943,1.0,0.0
0.2152682534372091,0.5495628373516985,0.37021662346273687,0.5238372915330153,0.7289521250720038,0.4758699934418088,0.4437420782417424,0.4699318146554909,0.4425226470169322,0.43191314438272366,0.43791650324502474,0.5390677452059498,0.5244880358135852,0.36757898818180174,0.6743283985538899,0.6439833292462187,0.37163809363429906,0.46498658608862337,0.7357133732996242,0.373489040336358,0.5555153696373349,0.45758797076730057,0.4286261674551573,0.4473594803175437,0.3041586731824123,0.28144357248836605,0.41465395431862734,0.4749141528080517,0.6103342687345816,0.5578331397542236,0.3914988781096052,0.6763345944009241,0.36573117888560397,0.6471648384402215,0.2915495729278043,0.3333507316696417,0.26686867566532274,0.48304465937043506,0.8460545187972561,0.5474154982779318,0.4988107850343494,0.6749395332241461,0.5118759874612199,0.430081004492848,0.5979413209898131,0.49529231985986055,0.15292044892729095,0.701743754117449,0.47469314698172516,0.3368250739428977,1.0,1.0
0.8084563210666851,0.33078476700676024,0.4300845769075544,0.5516643843989855,0.5859038281875796,0.3807779313119342,0.5835571540904616,0.5271219804729538,0.7265103520811178,0.48448689423245334,0.21555533821588016,0.53427805789292,0.7380199491544379,0.5000882525927276,0.6832701486224513,0.5162147128215918,0.482808474769732,0.2101967544424592,0.6674306355374311,0.6316445547812851,0.12655025903482486,0.1855734297906055,0.2601472049476168,0.48567446180226026,0.6811021490555349,0.7094565916674166,0.4702597872552021,0.5519078468089341,0.2523829299737086,0.6382139741862054,0.2710874241721182,0.4930423762935722,0.44141440833458345,0.5479813318291238,0.4341099205101179,0.3662020075135216,0.67838045335086,0.3975028785091643,0.3473673204603773,0.7759274150940437,0.4761459864783859,0.5964812972819478,0.6662466614140268,0.6681455190121164,0.20067393333660727,0.4070146098576538,0.39354095824423657,0.42336914344182164,0.6400201655703127,0.4294441144029533,1.0,1.0
0.6707325589152059,0.4391521467601635,0.0956639207139179,0.2569910149918233,0.5719900357460052,0.7557858345703811,0.4889553299692244,0.5464474731767391,0.400136442682256,0.3576949988919749,0.3162924384875549,0.4637326887637135,0.33752814732387565,0.6910167797012555,0.5128998000549772,0.5086475371800765,0.3438008454762705,0.43695763578836994,0.6081095422466601,0.3933155035557344,0.39184342922543186,0.21985864786385528,0.44200134393414464,0.3106461377145549,0.2894611896755292,0.622140450088793,0.4016770768906353,0.35044568548854205,0.2845722454552852,0.6468088192694872,0.5603767373056263,0.5938802411644366,0.22076542217702558,0.6250662682148139,0.46340121483331304,0.44698517790152803,0.5518818492489251,0.8332649231863261,0.25912804991196675,0.5075988376752238,0.5527173018890332,0.5769937317160043,0.40041834407631177,0.6744290243630705,0.3657417589045558,0.5672366857408376,0.5162748599904403,0.37998513943132234,0.5650761236105538,0.30810746051518534,0.0,1.0
0.518158658403158,0.7005674253738482,0.19057034896819383,0.5626650938563571,0.6447046068281647,0.6174639682493743,0.4470493479637344,0.5745612788695329,0.46460287830138336,0.7365172197312566,0.5769314558326466,0.37075070326590825,0.36172791135910287,0.568815153357683,0.5212195563759322,0.2876873367419174,0.4798102196660981,0.6242234905825743,0.48927036996794404,0.5614374262466238,0.22870421479875694,0.6741374917928581,0.2950967412746275,0.40847821903705156,0.5590821497055523,0.689598357081854,0.5128762406665182,0.2267505469758867,0.5949701430324135,0.27844912048279724,0.45752809321648213,0.3517674326416081,0.6070883833704521,0.6794400929244353,0.21818484920554493,0.6302802896314245,0.5203941800695259,0.2783809984040483,0.8407405887913519,0.18008222466320703,0.4757948743910445,0.6136639172832251,0.8449749804311742,0.4531558220646276,0.34918730180478336,0.5754335027377341,0.5780490873360037,0.6214347165675098,0.5213392717409562,0.669440901847185,1.0,1.0
0.6156623219507542,0.6098024994809949,0.3749251926667083,0.6422195125455155,0.8791410153194106,0.6533930313780779,0.4511841872191971,0.47945554472743174,0.6894295549974833,0.28612650933959966,0.44952592213194,0.3707737968804775,0.40262227680100887,0.23787656566173876,0.7268463013085696,0.21699495779687142,0.5547027664443283,0.3659616358529863,0.22960027379197273,0.5831953368533794,0.6932025629948876,0.641718224045679,0.5340519009915043,0.5069693787868993,0.5624041790032536,0.4612670067539443,0.5248162569392396,0.5807255136634243,0.40849493457113356,0.506281229440426,0.5826015770037227,0.41899358569028083,0.5243668260452188,0.5050622360282563,0.2270778716443397,0.49858285332056784,0.6542123981511861,0.6253368547348044,0.24013309249127346,0.7501693117898598,0.6829801126256355,0.2595315283376339,0.6610441225718044,0.4971044248138194,0.6251534227488914,0.5403378655432141,0.26716075772905207,0.49211989301031006,0.3883021082115879,0.28740652509273,1.0,0.0
0.589453703650337,0.4570679081328519,0.3840055722753747,0.5318118232026847,0.6473999888929377,0.37893915869509515,0.3378689201626204,0.556526551163124,0.9499125356479144,0.45949619147213455,0.3578529291684632,0.30134114921079624,0.6103863753315104,0.7963678768068962,0.3338068067609174,0.6578751367107599,0.667120283756448,0.3683865852312892,0.33531578672689444,0.46746086300294964,0.5030540480996598,0.4433637187489918,0.5286115929852672,0.594347854388501,0.4488637662230165,0.6471853551526864,0.5051663809510512,0.35288502492686613,0.5189783169960507,0.44792006670635537,0.5814507860947513,0.2622991950404688,0.5531733980233876,0.5413762015424155,0.42178105937471283,0.6210509166728609,0.69787889707198,0.5206698432835645,0.3337981007068942,0.7948519096084404,0.5088486554628563,0.48011957653566295,0.32954008760302844,0.3410423190814048,0.35053118124968186,0.5551037409843105,0.7873025518234291,0.5965923921348409,0.6287315949662574,0.5058773873801897,0.0,0.0
0.44432492166458554,0.5790673143393088,0.6490822748846463,0.7219876559458136,0.7574491772511904,0.6731956532102095,0.42006557332526623,0.7840734904942922,0.6687818758956208,0.36318189693808167,0.7084002336069017,0.4683040463228319,0.5504276199635836,0.5680026964998406,0.44084402772394693,0.32404932680407283,0.4428944885320182,0.5061007811642753,0.8060367275330663,0.39822754673769784,0.5926288973125435,0.5140605392503486,0.5608356033482879,0.3097254481652032,0.23251994846152665,0.467389740515221,0.2699613059136477,0.6369715139057323,0.4346535844025596,0.4680972431983378,0.6001547751815026,0.5907796743040493,0.19751252127765626,0.7341311344517765,0.5992673760086852,0.2475237198098207,0.4771537304699635,0.6948981627367582,0.4021283927100639,0.4512982373922722,0.3296074335216291,0.538603574019924,0.34982305285291504,0.28627552172491394,0.2830953533083123,0.4372875045380099,0.730992448997393,0.6299119554579933,0.5082238371002522,0.3440611175830061,1.0,1.0
0.15893456195807912,0.2938744801518985,0.5671994274772424,0.32186208999710236,0.6084571794506424,0.5461123095196417,0.4858536840121345,0.5920255303537804,0.5305725332868324,0.4970346200172086,0.6760142468171887,0.22566017216802908,0.6387164904893774,0.6650708336546388,0.33578831102741163,0.38079737032903505,0.6730390370210699,0.39303899009899823,0.6486570993821597,0.34889770623656163,0.3705026900567893,0.6148386065999,0.6515437103284853,0.38936349382930946,0.4766125686003696,0.42628832969078734,0.5917913957529441,0.3942362547292498,0.6340577804091854,0.6609369967390973,0.07675716945398076,0.558046983036736,0.5459354461156274,0.4544115193350999,0.5760785154607748,0.5684082681728144,0.6057767356385195,0.4824940221050326,0.4973159340039945,0.6100404242275146,0.4467774564577982,0.3606561063787683,0.4239713870168283,0.4997744431477093,0.594986096328672,0.3822297537656525,0.2550398397545572,0.4416226951224329,0.3405866173424126,0.3260712034560757,1.0,1.0
0.6182029482506648,0.3892839862781611,0.7076946330740892,0.390800813023092,0.49671430846950365,0.9518500944927456,0.7252438195744929,0.5634888739718266,0.31503696492643835,0.4136733292311148,0.5536349226004281,0.5907927711516145,0.5584246643954531,0.6233342868213543,0.5022734927143371,0.47337984706563296,0.5422046097990092,0.3750823680763546,0.4536998605629114,0.29385791508561426,0.30029236074447746,0.6058479708509357,0.6606166243468835,0.4161766058393565,0.4281278465409022,0.7223621441160436,0.5184569831208979,0.4203817756453555,0.2122366438245133,0.35519514374626276,0.5658201377918903,0.2774690768492229,0.424702609980273,0.5510037054106464,0.5011434929759052,0.45734219685035576,0.3687523767341939,0.3091533679536158,0.36588500390583195,0.6700390445438654,0.48476200372431827,0.6408971887452404,0.5723159565971668,0.3080092675512868,0.4855620419111694,0.5264886439368112,0.39515084358127905,0.5781458476669618,0.16654725837769557,0.33701797750561374,0.0,1.0
0.40658873731959877,0.573145661482174,0.5132199700217782,0.10798757910765178,0.4633675869423113,0.14276225754602612,0.834367923685866,0.36285629350491305,0.33756725423486456,0.6271956998568505,0.538881477324678,0.5845567354022623,0.7700105957271413,0.5645317030053494,0.4437271770183026,0.4630318841752171,0.5571539988284822,0.5685089893740269,0.2360764934447179,0.11072900445491787,0.3183187146488565,0.5090025442663101,0.562898780931529,0.22124470353983125,0.3284891940058352,0.541057030923519,0.4555395325303121,0.13059288201878716,0.2880213887685488,0.404886292562384,0.4669638650090974,0.3334755163550311,0.554294001555586,0.2786090037122965,0.6192847162371937,0.48519296406182644,0.5201705270073088,0.5291906345438727,0.5027061680929475,0.5168984365462641,0.6727804796378477,0.40053494058326905,0.5737630424638579,0.42812746118068934,0.560584883887874,0.4929608679940957,0.5589181107950101,0.6446167535805077,0.4673111126727253,0.6434511823213589,0.0,0.0
0.5570340184718063,0.2417329572227201,0.41591243024548974,0.43193695065442195,0.6507990795233772,0.5599127136502814,0.42769805713289805,0.49933802018363377,0.48895514634943044,0.35151348727887777,0.5379060304391545,0.08739895008957013,0.7946785314227611,0.2273865688930557,0.461426856539121,0.48507994778288266,0.49391509262867545,0.33613572193321656,0.5436885240573248,0.45757546050644654,0.47155122532425814,0.7622335430758083,0.431874852913288,0.4950996133290094,0.5840717169192768,0.5507136938816036,0.5703926642455702,0.6022456413561311,0.7111497096060728,0.38915794867804837,0.34002347763708085,0.6691484699388647,0.7733757368266561,0.6496179216693752,0.5407642701955941,0.3669414217550965,0.4349866953696228,0.5549168389778785,0.3313187282982135,0.4791402210098087,0.5291745318989258,0.6336335951449961,0.8945486522915322,0.5518501805151983,0.47915943573056324,0.6023327636523876,0.6154782634343362,0.5595892572446503,0.26902141268706387,0.6340205446136865,1.0,1.0
0.5978311320642264,0.3897122669364703,0.2879167832058769,0.5824981585152025,0.36754075146536563,0.6967165952484944,0.4741247013183572,0.5141062706219259,0.8913491217627655,0.5706157682071218,0.5529598106731735,0.5381952642498016,0.3871804566125334,0.5076547972108606,0.6177087882756195,0.8072814284258266,0.5192802504562525,0.4685184935249041,0.587207137546559,0.441103752518068,0.6392571800316537,0.5347515211764355,0.6096156039980556,0.3836190857806707,0.47289566854382836,0.4742440163977489,0.2146823613635031,0.5614827372604128,0.5141669818960327,0.7253763783090849,0.38192222460158837,0.6721048635670966,0.40966791020174176,0.6285715908709113,0.5769128119817073,0.7785809134469692,0.45624968740792227,0.5811061538001128,0.5073752252423624,0.656548198627935,0.499390901285301,0.4778985612477384,0.4549967893450093,0.36384826109595003,0.6568278075780074,0.41227508327846585,0.7885345445165606,0.5115609459785744,0.3614750636268484,0.5387926592153635,0.0,1.0
0.617440721854312,0.4141146301849483,0.4833678216093884,0.5690955090589789,0.30107250386291473,0.4238939829367835,0.641682208926429,0.45271976764195987,0.46028002551081504,0.44113348306639805,0.31971961260408605,0.5104112667787487,0.3913167351202961,0.809326720049767,0.7528593419969057,0.6606718582517895,0.45648142386781565,0.6458777542841042,0.7684356514078381,0.2939427500550695,0.37081496349993825,0.3787782622325036,0.41004453979521654,0.5148716114229787,0.5990468522670024,0.7349831145073893,0.11455002964503533,0.48639165687855734,0.39304082966122234,0.36191659575019486,0.5770490487667584,0.6519231586081659,0.49534469868108255,0.5360079404905991,0.576175800438516,0.5069617062544841,0.5091184916549887,0.31072376620489545,0.5200881818563455,0.6734221644062854,0.6365224810510692,0.429046510143604,0.19172309003701926,0.4811569169496481,0.7251619245417525,0.5487752609916469,0.32847693631584324,0.6593733467330251,0.5346562864832399,0.5923172454057614,0.0,1.0
0.40774376455688927,0.46498353850594715,0.6050186463053714,0.4125322943151316,0.5408925985391349,0.45698409508506566,0.42862055318198,0.22865339084529446,0.9598758621966541,0.369781573160479,0.34664982737727695,0.5125152821715455,0.6296023282865041,0.49336280332894383,0.684445812862524,0.3481430449860849,0.4603859240104221,0.5565953204291837,0.4889005546779179,0.36694607605358026,0.48938952368933497,0.5109457042536892,0.5194309017662846,0.43082099878539315,0.3660542299770232,0.5117668596637728,0.40150716152727894,0.6063913708586232,0.4678608440400527,0.5527094317927017,0.31424323478714766,0.5084856352111422,0.4353889390901201,0.5691392288401477,0.5111272561987635,0.782630274829792,0.5823863579628654,0.3697062939686496,0.3000817894292116,0.5732508457587556,0.42059699691514624,0.3828154002960184,0.6305508070637464,0.5246283271962793,0.4501093703949399,0.4702915489373606,0.5798974220846992,0.7474067004657036,0.451570857936899,0.2511462298811934,0.0,0.0
0.34698200012428454,0.5075786735925109,0.6019185060005995,0.509575518431655,0.5159422827572169,0.3946735396409102,0.4057648467261528,0.6254149672820147,0.43024697961937003,0.5302359070576448,0.53975069951536,0.2109675783339309,0.6912107714655917,0.5168826148812099,0.6582842887009845,0.44271931889701555,0.5102985779724304,0.43323682794046886,0.3834682175646612,0.3646184044708427,0.3965095494751876,0.4607106756215136,0.3983112284644194,0.6190008392219322,0.4748792011308693,0.7184263435991967,0.46406036854087945,0.6035830895442492,0.7252515844891535,0.4794489535366113,0.20335276299556393,0.6529870692843788,0.6172983652471903,0.5755380199441722,0.4245537600142305,0.2980064537554974,0.5124018616815014,0.5357907811430208,0.20134291061232695,0.6482355268766015,0.4821142255709618,0.7436839857482708,0.7172603512962704,0.5906318393333223,0.5236420755488568,0.6040396157763833,0.7448606491396302,0.6433661356123391,0.6971531095133862,0.46142073297427894,0.0,1.0
0.6369464430796827,1.0,0.5120955992576692,0.7033634584007987,0.35927079792892797,0.6549107654346652,0.4592892789599711,0.4469603693914655,0.6057957984890161,0.42219028009124077,0.4797547786341423,0.48240570275760125,0.6026163393169812,0.788087502275346,0.7658840403129004,0.6596608166324791,0.29319087748540745,0.6288855566768871,0.3295528288276995,0.4194112087445224,0.47268370565437284,0.42849538160581835,0.5225286624495296,0.48566031210987165,0.5699678816967443,0.4592442906531959,0.40205522534140503,0.30141964221647116,0.6871596487856468,0.4041205892241592,0.26511014901304475,0.3818060619414714,0.41222695515521585,0.511427130924519,0.38648841694417235,0.4259817241707316,0.6743850160612522,0.6301774235671456,0.44527038826092996,0.44179812960558207,0.6440419905335261,0.4943821348511771,0.47663502181142864,0.46477324562308636,0.5479731334795799,0.5386009099840151,0.4525041168342341,0.7615071260870568,0.38417578929299695,0.62096398646872,0.0,1.0
0.5630015606854507,0.603520736559293,0.5157472379565603,0.6472675356561571,0.46623321390712985,0.5364039350343558,0.38901873921026425,0.4666844042703861,0.6523913562371775,0.3703525486762769,0.36814379752998777,0.5662678701371212,0.4752716807559501,0.3974534292747796,0.37602096613326574,0.4401985123631403,0.5859919799879268,0.7250152669028844,0.5209800594148425,0.5722116738392454,0.45749032237384607,0.6609505912492657,0.33201667255188094,0.5193253327098288,0.25462734624204203,0.44297013354712217,0.6296817115614378,0.700886065484209,0.4682369746285643,0.7690616330228277,0.4687442645577894,0.644715868492376,0.4960697143616203,0.38779941880394886,0.48931403680551117,0.475477305115704,0.5982855452522485,0.6395537566695466,0.5565990318900701,0.8239113088599228,0.5994939873508044,0.6009935667358157,0.7896806544133179,0.33630463403005617,0.7394871123863184,0.6804672220498411,0.5453851051331832,0.8284246057744191,0.5229810406501829,0.4816444894127575,0.0,1.0
0.5352139735978356,0.43946319961077335,0.501859873356646,0.5342703748225102,0.37143385244738975,0.2781956099758663,0.3530759335725256,0.2671308559942285,0.7088801676777721,0.38329744918442765,0.7098864703045534,0.2718976561484927,0.4472575911131157,0.4652795783470432,0.7551229383201304,0.5008245657285489,0.4520688908132245,0.5061002645555984,0.5240065120372799,0.6021026499040802,0.49317109773604245,0.38848363646730155,0.582303722877013,0.5217798022924901,0.6640592084875977,0.5980037331129561,0.4785561552870748,0.39340709313528904,0.4475707558004033,0.5316106065508718,0.2523474472782596,0.8369290297625332,0.6623784357007645,0.5286076225592551,0.4999641748377564,0.41693161026638714,0.3334672002502936,0.44359679274766384,0.7019552824660403,0.5608696035200358,0.6926801871109406,0.463559800795693,0.6180108070036447,0.43867257518611164,0.4687750625055406,0.545351308338725,0.4842224634405763,0.47636378333919643,0.3981256880847636,0.40198680883194654,0.0,1.0
0.7184950193448535,0.5442141564765626,0.7047286993939054,0.8572839507582103,0.5850374664350363,0.4707162672809671,0.5517608519856705,0.5144542809979484,0.5658060742840271,0.34768405198790164,0.4024219684810077,0.4829412446934295,0.4792658046801952,0.42276791485982224,0.609040265169909,0.45370357102800185,0.6211536537041678,0.5083635323902729,0.6325797763424018,0.38669426240487703,0.22758332613195756,0.3417564234236248,0.2240100699665494,0.565711612289859,0.5524749574936758,0.4426178652585343,0.481025141741319,0.36242987661304527,0.6525850731952179,0.4432732478675964,0.4287158233670095,0.4987801598780492,0.3320446790385111,0.43083630617295454,0.36997490321421883,0.39749962903654207,0.26987910205036975,0.5490258019618827,0.4335770383618227,0.6515125487702097,0.253055125832418,0.4600235006098069,0.12455779097189978,0.5939937884618235,0.46531786873984077,0.25693433051514186,0.7103516567294974,0.1679926659347642,0.5648822161656601,0.3496838720695746,1.0,0.0
0.860807620453157,0.4871210242172009,0.6159048246891242,0.361542410850296,0.3836570602510005,0.3510507125768769,0.560096476849206,0.5371574982177099,0.6589776135773227,0.4016977286347506,0.4559409392986645,0.3812669199935832,0.3588413111431621,0.42633107910869,0.42294641158351276,0.65350331882737,0.45789513458355735,0.43029675916218607,0.7234883223228732,0.530062030667412,0.7253793735012191,0.532692945675127,0.6835297320868309,0.6138514906797581,0.5362844965843201,0.4329617448012072,0.3583215618419297,0.3809484183169843,0.5361080415758397,0.43290454412766655,0.4616547590378807,0.5494731684156391,0.5490329584205826,0.41533186850993,0.5218775465024226,0.5875130879626689,0.6322242036060373,0.813599552250335,0.21116406184715175,0.6889212114430493,0.509344276474405,0.5281687660430802,0.3764604294845778,0.3049836021475659,0.6089563415202447,0.20721815697818693,0.3683775741270154,0.7068192929379503,0.45789467294466457,0.4838528726687153,0.0,0.0
0.5983695894516369,0.364828035193472,0.687866685147639,0.20356457283203955,0.6076376868748539,0.5825565781398483,0.32697316431553114,0.6311687570896682,0.7074961186853401,0.5518905938970269,0.4444781625129249,0.5757624900734101,0.3564584927632313,0.6581912675991584,0.41229326091260193,0.6586243503103736,0.61659573829513,0.43266316599655497,0.41557917965765184,0.4819713737521133,0.5946841364409776,0.3288098225065097,0.5710776474349065,0.23612160514794567,0.7065432521749524,0.49591310474937816,0.5432529364193265,0.36894429582238003,0.3999841619148427,0.7982832621399243,0.5490413927269637,0.22074436204139852,0.34501811749263217,0.49177174977169347,0.6442416590496102,0.4233367479582576,0.42219328279649976,0.49701591491112873,0.47189483780538405,0.5390587255415819,0.36229503994409606,0.41665682281568356,0.5352789861921231,0.4108075312861391,0.26924195939440226,0.6844847858502426,0.1786022770337966,0.2226361179648795,0.48359810525864705,0.26704302010077935,1.0,1.0
0.5401763399157731,0.5478333680358193,0.6882774383397834,0.6437728548796842,0.5559395372649192,0.5793679401749626,0.7231683120179481,0.5116585641441465,0.5292137283614019,0.3976124129915681,0.8765111945781663,0.47508415244658764,0.48795599333772877,0.7202517956543452,0.8165770598780018,0.426557635773532,0.40351479458060974,0.45405561757605095,0.6819559793038386,0.5004718634197555,0.599324883201156,0.3948766550312075,0.38113788764202317,0.5638889611952227,0.3859364292517285,0.5363709039679616,0.49010166193660576,0.4314687186156372,0.5467996021170739,0.4164880770543072,0.3507523903266643,0.5751600749004604,0.6638856346300475,0.29235055817471467,0.8290889590644723,0.628041641192624,0.7769359508809571,0.4816331192800483,0.6857335503827715,0.4705914749488119,0.4775183083425898,0.36830626907671954,0.451629105087397,0.45913542817435216,0.28129466111276796,0.6194738423616115,0.29823084959290364,0.7967644208700265,0.5405944970347316,0.7777138506369043,1.0,1.0
0.4013145976749362,0.4284875124764782,0.7798085620566796,0.4806085191989518,0.6927386798868606,0.5102505501275791,0.4109171808579912,0.5575316063163407,0.8747236351774311,0.4987899739110673,0.15216479092613655,0.5280031234514332,0.4696670212492318,0.5899518273686764,0.6396281830698851,0.4235244636666893,0.651647883719081,0.339898484783723,0.6505007782486769,0.8107216579040056,0.3030855487785883,0.6793563776681111,0.4145904247588194,0.4138253402604679,0.4970945564151143,0.4444119625320445,0.4817722012061445,0.6498354427037021,0.402941023307468,0.4430230753602623,0.6624264151025543,0.6385458393448091,0.2518197564346285,0.4527319799954129,0.8317912203277218,0.4858525894694205,0.8084987118803956,0.3145940944438634,0.19407200064257374,0.5926507104601331,0.3257746296604725,0.4206996935445914,0.1945295974736926,0.6619647160473184,0.5170123482443227,0.22904334271297555,0.4694477111151053,0.5951351875474903,0.4535606956529545,0.4720938439924003,0.0,0.0
0.4210245910405656,0.23459777093477296,0.7655867356263055,0.5655745946840472,0.7265565664648749,0.40443641373757383,0.342628148401483,0.6565884815121659,0.7193220335536121,0.6707578803864868,0.5788808503215098,0.4770205998176621,0.6361081986427333,0.6049111508505806,0.6980511658458788,0.44701485486921244,0.518654700100954,0.5153747999665758,0.3763772525198268,0.25766526985012894,0.1802899844061581,0.36716496730540876,0.5390901603355491,0.46762918468752285,0.35902787893273713,0.6591417341170054,0.4055226308156935,0.5917883518473819,0.597125962867519,0.7530359457179178,0.367501731153459,0.45927410022731424,0.6555720997490618,0.4467882950479252,0.8310455301480469,0.5688159840691989,0.43839264023656815,0.5063518918059835,0.6526631534124202,0.6499708571387589,0.6717480792645598,0.3323902363430278,0.9111207485680809,0.2877843691793715,0.48310403009499164,0.6590389968824476,0.6325449694975228,0.6044090560800218,0.6993608303008536,0.4231277981817211,0.0,1.0
0.4218672954720441,0.4038060235870573,0.7421785126681142,0.30396399776620575,0.5471065886727992,0.4998890747643793,0.48988070185337435,0.33716783194863464,0.366681671262895,0.4392426326066605,0.5779764952209803,0.3490357888338812,0.8124278531658614,0.7779524842666841,0.39967091037839647,0.32648563083315657,0.47653709818134626,0.5009687790621866,0.37332122628487463,0.4670686375243693,0.39123971393719137,0.46671543921241826,0.4235067080428083,0.557029544684369,0.4425120520351051,0.6555052264485702,0.5898407950713909,0.492939395073859,0.41335391908179125,0.25208603717355355,0.4164004564371464,0.6305695882036191,0.6048907942045384,0.5805781602332541,0.5704635365629709,0.449355309064818,0.45423032607313224,0.41971311757043217,0.39502163671146984,0.3839223369306071,0.4224030870600542,0.4237597013591768,0.6772085605672736,0.32884898538468227,0.5245633919565859,0.5791343921328863,0.5481696024539946,0.40331971444556347,0.4166177538495428,0.3779163303465507,1.0,0.0
0.6845551798564953,0.6033867187887542,0.41682454219143544,0.3945333548338171,0.6815232218396857,0.3299677744194782,0.6471823618906175,0.4899144513629324,0.37705315004330064,0.7640362886765135,0.49500699695798056,0.4894672975507292,0.38816206468208264,0.31844157552719177,0.3217357148681435,0.4602659508613754,0.6043789687524384,0.5607752570848321,0.45661072212702114,0.5148875474408711,0.4585635293431941,0.48708395505754754,0.670007258979462,0.2633681732102542,0.6003718492746161,0.6155421805581558,0.33220566006355473,0.5006883574798793,0.4044367508783101,0.7624116842549075,0.3121558383064279,0.582118727116041,0.5525582695046742,0.6032452855254696,0.5509713382105851,0.726323304750084,0.6208289365199118,0.34041188905522785,0.6597843271932796,0.5179990826468264,0.36126062593879793,0.6957718651379499,0.44375638687127245,0.43012310230418954,0.6877043358879407,0.4872037548764738,0.6481382085471119,0.3766827152207521,0.6866198307097867,0.554934070421437,1.0,1.0
0.4967793931269244,0.45575643248519293,0.7122546380664888,0.4655219141342051,0.8564796125981614,0.6882755609248125,0.43396839125904524,0.47849865544023357,0.7375361165056816,0.5674848562330165,0.6135738147335917,0.4144376158195928,0.20837351140254973,0.36051780048959536,0.7223506449773389,0.40781785512064633,0.3847575230330612,0.261313704476559,0.4279511925542453,0.6774032699005036,0.43607165856542995,0.3945668127539656,0.477835732406223,0.3437636698676917,0.43237813201747666,0.603837180587118,0.6872844592209201,0.3881495092655803,0.6580098882093646,0.7284737320097373,0.4632722173930177,0.38620802093229545,0.6326497243261141,0.3096010400002699,0.2530441734890994,0.3765047153633527,0.3190152796238269,0.347653584747666,0.12280244533320502,0.6459414917893861,0.24303358142757087,0.5229706335648582,0.6874030136404794,0.5468787613908914,0.3770680253521856,0.6308910209019422,0.7191094507832716,0.32150127656133387,0.5403986497812381,0.35960448005321616,0.0,0.0
0.11366648124990725,0.7653384961687119,0.13948764078450163,0.39944789690683913,0.3633642043683867,0.4594602405410106,0.32338151286071354,0.41262958129064836,0.3422806736770201,0.35803999142869325,0.640821848554407,0.3076207762805599,0.5593689474658516,0.5128422835861964,0.2828645971619848,0.3760490924892025,0.5454278335541092,0.4894298242271907,0.4437833698938634,0.4155910572068593,0.36372115369848346,0.26312925412036237,0.6043216686942561,0.35600979225568435,0.25662571473789836,0.3958280945563493,0.43975634723600615,0.5064099845191063,0.5254527673023737,0.6348487861521496,0.5839712836164389,0.8007530366696145,0.5353782323255354,0.49535175184029173,0.5100033737136501,0.525784866577222,0.4947093166330044,0.60291655756301,0.4757232916067522,0.35319118598916754,0.3125087240368112,0.45062394073359446,0.7696748115528665,0.5005321586189341,0.4525036023848751,0.20088189066274426,0.20328689915210393,0.5842795341966024,0.3694014181095958,0.45290985601014083,1.0,0.0
0.9642143363612377,0.6756540550281754,0.14588486447798363,0.6871554431471283,0.6198753571833271,0.35047383605512705,0.6088811998495486,0.5101548917722908,0.6176945592920384,0.7148570501172995,0.5224266918340015,0.711409874469576,0.1385386394891005,0.4460444025149439,0.541170703543598,0.3706748119949084,0.35130611421621155,0.13579751513786992,0.7174535450692827,0.5465985968616557,0.3302638177308596,0.6949635914016918,0.2633685494468215,0.6471925790003104,0.4397210678564165,0.8143539240727721,0.3132894979950811,0.5627606557284683,0.16671511763849897,0.48919654246337324,0.507638485449995,0.46915021603945267,0.5364244574472685,0.5009336314963019,0.25618865696599014,0.08393982104446034,0.5606882649166952,0.5780032583395184,0.44575678399128826,0.4726116821385439,0.6390495231062151,0.17552665106366208,0.6261742808231461,0.6714614955673395,0.6692618441421168,0.6658105648677431,0.6811606238029173,0.5373214420717416,0.34362030462748655,0.4516918324280675,1.0,1.0
0.3654434274325613,0.22665177184534765,0.6621302324150515,0.5168443585594833,0.43379655394375805,0.8488333396697837,0.5202007327977859,0.4880121735352242,0.45088607168465994,0.3748610574265641,0.562632157523834,0.3514119390899231,0.45340271797644394,0.4439069228741914,0.5596762542986392,0.4971803514759739,0.3751010474367913,0.4739511304978733,0.5015633330800425,0.6032914867806253,0.32628778253921326,0.48743381401526975,0.48528261482918983,0.4946744294417185,0.541800503987729,0.3714218570383483,0.2084507167068015,0.7280056973556714,0.5730557841329736,0.7421335952120948,0.3255686651479847,0.584566773889796,0.4056935303482274,0.6264262662203648,0.6761683054103667,0.5303939987455685,0.515825143189736,0.4845830495251401,0.38262434004974355,0.5626547681972893,0.7359007762503882,0.10071778775886736,0.4965815592162142,0.617756725379731,0.670988492392031,0.4582799290704656,0.46865993156578434,0.3971320759823742,0.012877355445206143,0.5622872923667673,0.0,0.0
0.6965965170417547,0.3992360171761016,0.5991850872301911,0.5620684010779534,0.4649913412758884,0.5134747940851608,0.27899832215312137,0.49698425902564164,0.6042075880179629,0.48957585473753834,0.7014527178847412,0.4719560687316909,0.47653513013542287,0.7193683235142727,0.5230422539812415,0.4087021199849527,0.5668140787342636,0.4939383348462452,0.26710508486000817,0.619647894929834,0.28785260655815975,0.5458218261281671,0.5855516518096908,0.36682095539651866,0.3931798000397513,0.5844397119217303,0.42292897443507543,0.4053192117846257,0.42335260583341083,0.559261126857207,0.5190113711322484,0.6369737337189961,0.4273283528159857,0.3590777239297533,0.6744287080256252,0.19965721364335595,0.4145065904228618,0.7082274263080128,0.4103660721374367,0.44779746037519286,0.3570375306364841,0.28881470637024065,0.3506893223249212,0.5638280808860165,0.6478827282952113,0.6270756879758268,0.5800752737562365,0.5448287348610305,0.5502485282258702,0.3136548801870654,0.0,0.0
0.6164192792054672,0.5897111415190963,0.46080714975081316,0.3079193582458654,0.4730098166403672,0.6264693654976259,0.522460786034933,0.4787155641775245,0.8094531698484569,0.5647002760175276,0.6001586821555731,0.5838419535827399,0.6273255229063951,0.5583200598703612,0.7587958749500558,0.2690229880103293,0.30311284699748753,0.6629073980503631,0.4666819703487653,0.513773786729673,0.4259038091750132,0.4390654409028792,0.462520931291683,0.3945932459213338,0.4186848359334001,0.6463038061253702,0.7550679330040629,0.5695811207535603,0.4557131236402836,0.7284374045083087,0.5842120995900056,0.6264661428428119,0.47748044333605394,0.6443586283023964,0.5367095221148579,0.7526995716437233,0.5477740399702703,0.35837807041161146,0.5215260513334846,0.7008862175192441,0.6065942116307225,0.48798659668222694,0.49446882189389396,0.7439991069388695,0.6851807872648006,0.46176245313145226,0.39824133344089596,0.3166204620442632,0.2722777142103485,0.3006697757366269,0.0,1.0
0.4401164263942031,0.6356703941950801,0.6769144651502372,0.5855393598058509,0.41933981330757203,0.5224547179072246,0.43090279596753184,0.54495618341443,0.8984105892916909,0.34211326078037363,0.49778244039211617,0.27265796303315565,0.4581373738805216,0.5055336396501626,0.7436231815720513,0.36250966007958285,0.2122883804746388,0.4422359279502011,0.5408266082882395,0.43906218528503815,0.26043856661389353,0.9724447768626733,0.6409031569014833,0.39504847409845156,0.3407234167905279,0.7349798090573058,0.4657625589705276,0.491917398474114,0.4159372380305244,0.6931288705148023,0.32569922042340477,0.5009218538805947,0.4140098428316622,0.602390846668512,0.5580062715548458,0.4336398681949916,0.5522813085492825,0.35782926622965605,0.5117696893638176,0.46601580930901937,0.2688465561511119,0.5011977458975863,0.3957787318561303,0.21308979439065412,0.3970352188420368,0.7535954374722444,0.27039944410661765,0.4071955687756415,0.6040731252171021,0.4355235158503177,0.0,0.0
0.7178814316632637,0.2900540013469248,0.36971388767208524,0.5773662926356647,0.6264149398914923,0.437391911991214,0.42546457195118215,0.32809948572937897,0.7319899713727696,0.5324242120270212,0.35413191202961936,0.7632093331293639,0.5035823125856908,0.6942237429931534,0.6818753058372625,0.4323351804656304,0.40447651316349015,0.4172598755028308,0.5483897112586458,0.4850402934040746,0.49942067332389917,0.2903083050235825,0.4805097732363212,0.5319822127848604,0.42533823244069197,0.4746572451132447,0.43836930599448753,0.5569350674656939,0.3075513912544194,0.3300214641956726,0.34054545862059155,0.6063266669947445,0.344415432546332,0.22295820629071866,0.5549890250943047,0.4918777083204244,0.48860983375256684,0.07432957953842464,0.5270399018790909,0.5767811433609673,0.4342262919097292,0.49537309631016885,0.3842391208414484,0.2608641942873971,0.5467463657120967,0.2797732408660533,0.4574329680077937,0.4968778911359762,0.4358643488966977,0.7375578775673968,0.0,1.0
0.35457034757472744,0.6146474287555038,0.4720016272065852,0.30206946395607,0.49223172317882435,0.33559118281957695,0.36746712861779995,0.5034308338203409,0.37022454391754156,0.4324835228569407,1.0,0.4049937192256071,0.7131876467885007,0.3592793595670679,0.39073586601605775,0.3391882733747317,0.7138055253775166,0.4948690737224161,0.6753639386292578,0.6596161759027939,0.3940130103315763,0.45791993692630395,0.6445929990428695,0.32921423424019924,0.5364426596008357,0.6759659597696512,0.09769487325971632,0.448751604780418,0.5034231707786001,0.3186617449950131,0.39404358296058567,0.43969954707359826,0.47376664587590367,0.4535267032432814,0.3579885526150989,0.366818309710416,0.3481471797598254,0.47476733519084413,0.5179420995183261,0.5699241071558673,0.16668745309292116,0.6031816668638538,0.47956625947649206,0.5307908411058633,0.560837473315019,0.47240168828410606,0.4623123319149063,0.5633194562479489,0.6919571411298051,0.30481822570834266,1.0,1.0
0.48300699463715513,0.5704314580106424,0.3565457581304995,0.5969176148507789,0.41822553600680284,0.49212862364827703,0.3419355468027298,0.3414518840371965,0.5713128447165668,0.11612684639577676,0.3283808759043129,0.3440761675598231,0.5028055859694545,0.42966046539602,0.5585902861392369,0.48339990311405584,0.3422979970398024,0.6578233001611444,0.47954413030445436,0.7449030203339805,0.5633820420870196,0.5600622123236951,0.6688345223687865,0.49499110757734627,0.6283034418922525,0.7097251214158874,0.6137467133926892,0.6348025962350367,0.419098300903741,0.2506797615358038,0.412490022173441,0.2711956462106909,0.26711686454660366,0.6932978671946701,0.6904140713980272,0.5575355793795819,0.2391639468238909,0.558605782200354,0.5937286464956721,0.37714282625170586,0.466125234183804,0.5476384605213069,0.6639465050428313,0.6477982058253604,0.4599996815720755,0.4710716711788985,0.48550658212481324,0.6615163337490424,0.2839431956055018,0.6028379256001247,0.0,0.0
0.6176516949907658,0.33301010577005946,0.4550191848154148,0.2225185740871704,0.6201874545664816,0.4840526666436548,0.3785531530206656,0.8350603849579408,0.29189829262556005,0.4857150505730692,0.6450358108558845,0.3299918034116628,0.82668465893612,0.663566663243005,0.6927626927745296,0.35090528971378365,0.53325083628994,0.5232967258034669,0.6172535498479398,0.46012048624480073,0.5867300621814885,0.5963173229296331,0.6780433474602279,0.2921149160830477,0.3108731821444023,0.5595638922946212,0.5144859900528379,0.527337841776131,0.3161247778263902,0.35305364129510464,0.4655163252517494,0.6544970526056341,0.5372045863106316,0.5009359392657085,0.40831695757800474,0.5503005212553759,0.6344199909159723,0.4211824820594891,0.6593898917022163,0.5201455417516758,0.3143024409530874,0.674605673804332,0.5875318526222777,0.4705588069849545,0.41556267528405716,0.5484569453262147,0.6913144324714025,0.4979429047598466,0.38421807156344,0.402421488478655,1.0,1.0
0.7277647432327513,0.5055210664531595,0.580855953415825,0.459956536966502,0.5944809603003598,0.3914501057041623,0.3382130012832554,0.3429909173282451,0.48533748982468217,0.6094468923708655,0.6404962451288572,0.3052459076145131,0.5958521617872609,0.6542484017167987,0.4650870098277478,0.4264086781309683,0.2903920627370669,0.23720718970282179,0.842759066698073,0.5021951291117819,0.8852906504615728,0.38797874591791215,0.5835316402334462,0.45913147884782635,0.5700679758041091,0.6271094491936836,0.665040229855679,0.47417957635527486,0.7497118809352965,0.7413229071869432,0.46277876095364745,0.34210272350738286,0.385000401731446,0.3798046428588153,0.5443903069094482,0.6900417229672652,0.6123545703298681,0.4691218640156724,0.5477114634783684,0.5352706037961462,0.5794733618223028,0.6792224732613548,0.7472085831985888,0.8440859772869115,0.502997252861752,0.41125393530277593,0.7655273184703347,0.6094492055304426,0.703863078449564,0.5621564538058584,0.0,0.0
0.6039524357087986,0.5015911674808632,0.38659038236183585,0.5017284626862059,0.6601694054645526,0.5571447254357593,0.5747267430302001,0.5357881714175041,0.6479376387293839,0.10975711851357606,0.5535418672810353,0.7848135509056108,0.6553725627849194,0.7884646968975738,0.49572871470566593,0.2895650930714024,0.627572253179004,0.4290914431666011,0.43287795029147685,0.13916697541234796,0.3531083510001086,0.5155162621593232,0.3721024110320147,0.33318067652181205,0.6748936330731706,0.5119878721694634,0.6172496037890428,0.24454778777820918,0.48713323390010765,0.787972784542062,0.5525174795609019,0.9336579833969478,0.45814536857161126,0.6488947346244084,0.5395810425496005,0.7231639126846238,0.3761236474324742,0.7911249422773281,0.4522266871175332,0.33318537925932123,0.6756347492787761,0.44914438358255687,0.38466770152943713,0.7107629388123391,0.5967615780864043,0.6610912146747323,0.6509485975976629,0.605337119024326,0.5698801999493743,0.30713303253830154,1.0,1.0
0.280890297571763,0.6278422087763069,0.6297358814808496,0.25294189540853573,0.7141287771986782,0.3139132136216416,0.6541810818568673,0.5346678654337456,0.5836397019738713,0.6986770914081398,0.4429923267084063,0.4970221037745866,0.4887855782796524,0.4057255056493889,0.6219428610363529,0.8814933723619931,0.8220323080214791,0.488629883126864,0.2956391822587711,0.37251967718693724,0.5410606746759682,0.22359772806835485,0.2466599267900649,0.47699683201667287,0.5304868912760812,0.34421634573856147,0.32703753896559745,0.46117292174235336,0.7566061826749308,0.618951245962564,0.35026208309742707,0.5052314366143188,0.48917231864192207,0.32586446853120343,0.40725806890692534,0.49293529781370393,0.6474325658833764,0.4759496885536566,0.3286887899953644,0.6116725791721881,0.3013769726193127,0.5888737786149355,0.37022741587369573,0.520610118781951,0.6514832504211904,0.32845046649762505,0.2843344699411362,0.4540799768230964,0.611021716719499,0.45438790162727344,0.0,1.0
0.46288484350014725,0.40889226327370276,0.54908068595487,0.6872925428998297,0.6527982979553876,0.4040701739133283,0.40603815153356626,0.6795735961598376,0.6471561885990988,0.4742128584664694,0.2103129813537113,0.2811375799842035,0.5486777546382874,0.6709618106492827,0.43371199931702836,0.3130843046948686,0.28560617291286094,0.625463766648825,0.6348111216253117,0.6454782635265119,0.28593171947194973,0.27639148534814273,0.5165841009183707,0.5037309985282147,0.6117509028175173,0.6573095285621386,0.38955822682932917,0.6716712007600353,0.5076501662239425,0.42841913135165965,0.3722835657106384,0.586539290000723,0.5679003355610269,0.44515881918055733,0.38290525803540504,0.5625511738247192,0.1939504494547017,0.5233366419359647,0.35194654585964846,0.48273972358351064,0.6572899983438265,0.41891821954005837,0.6568363385736877,0.6020080765687487,0.4187545266331333,0.4498461010673648,0.6688100783159945,0.3259566003397293,0.4471903155890924,0.44206337569534154,0.0,0.0
0.4527111835551009,0.7141170575952553,0.5481732162119954,0.7026149073875279,0.49009645285793885,0.5045811665024728,0.43048772782857103,0.5130861939261974,0.5243263579899313,0.4470991541595758,0.6283492293978968,0.5362459206463196,0.6936961117599706,0.46798787441120565,0.5879057535708695,0.27632258791013325,0.6059583736897609,0.6031123642565869,0.39252799070807187,0.4319946051086902,0.42231025237110165,0.4961784056386071,0.8675584833128815,0.5123771688114089,0.5266510377529453,0.7009948496259624,0.3401305514601133,0.2769994579897256,0.6059335331205657,0.6091371317347322,0.312513264097117,0.44459063671560606,0.5878640923615355,0.29065119245401794,0.6280889339492601,0.5480865149067259,0.6091034494284242,0.34170967663338575,0.2940147213905768,0.2481956610750822,0.5566517490276981,0.5040990898269649,0.4344856133224133,0.48288068154801017,0.7664013988470484,0.21589335920860162,0.4784770204563351,0.2314940894899207,0.4762686036967647,0.6385712276932743,1.0,1.0
0.25374747577465717,0.3509121999272484,0.6170289664413937,0.60997665409641,0.8044514164276897,0.4895337303544134,0.3489783503580112,0.4304206107392354,0.5602307850888089,0.481050021956415,0.2800724143979879,0.5135523100484377,0.3959973081847308,0.5974888584140076,0.5418595304798286,0.23568769509786772,0.43493380686229716,0.3983823273815155,0.6472849052048752,0.6034522679821485,0.5827321301922783,0.4113437560502901,0.6172494865305155,0.37947452464414394,0.5088790379161556,0.4824725687093108,0.411259145687526,0.6296103848856567,0.42001786281889714,0.5443161244072763,0.4712987945369915,0.5472364629961367,0.6997682044990478,0.45020603006452703,0.6096834486785765,0.6671566240342026,0.6805805236472435,0.4662753001187159,0.2829901492709653,0.578649290518098,0.4239254097651685,0.2987426872589617,0.33199219635611343,0.3540820846804978,0.7082270673327196,0.39458953332010965,0.1897873292100595,0.64455592646064,0.4623376782044487,0.4830466368771968,0.0,1.0
0.20532576307086498,0.4231960063855544,0.6131893336440519,0.42686164670441,0.5578303346827884,0.5900485538436355,0.36015686652008766,0.5986821767813064,0.6740091110434866,0.498505516045767,0.43635918916271565,0.38752683991138037,0.5797427680365332,0.61142059002823,0.3543496308211559,0.22952438393230315,0.4208780797332124,0.3551836020626107,0.20348689674881978,0.9184180485650124,0.5308200298171094,0.15901150431944402,0.7690968680991769,0.6078755918639207,0.4963552840138105,0.3253723778584676,0.548943886761247,0.6551197342083905,0.4098492206990973,0.37674302596431664,0.5002351453963171,0.3876962675346033,0.5782226686016876,0.7047748866740712,0.7099860079143193,0.43952378220171134,0.537567150554338,0.5478936200590206,0.502961296538859,0.6956540568104447,0.43615928752873245,0.6588643162087403,0.22792646009566583,0.29621168897861616,0.1348789027966666,0.6500448822493431,0.30895456541990185,0.3331724456997727,0.2959637203954038,0.24506458483547777,1.0,1.0
0.5241567217941477,0.5203896552853282,0.49799703399239026,0.28739109392766693,0.743142946576074,0.6500322190013847,0.5128375768364916,0.4462494566103691,0.5519907823070728,0.4620946025937024,0.5171821139780279,0.4433363122556184,0.4616164571960397,0.6138489372959474,0.7671258133662147,0.43927319899484185,0.7948682783257517,0.3272268353064547,0.05775781438928901,0.2853934054799005,0.5429823905351217,0.39608839569874654,0.5300227653470635,0.3304153998219387,0.6577500696481512,0.38134629754884397,0.3704853975135548,0.3526242398631639,0.643341145624618,0.5752011812934833,0.3848531955591499,0.5401992792046699,0.44860929956023643,0.5434430668638941,0.6868283129733365,0.48683460718474764,0.34341024348250926,0.6091612204334125,0.6063784811288288,0.55421621216304,0.39495587391968323,0.5588103531293049,0.466752501590315,0.22101471930292574,0.46628609535531823,0.600608331937049,0.6217208297335897,0.3034313798576158,0.741954077791819,0.7080428435687262,0.0,1.0
0.3146723987998889,0.5718430509929903,0.2757993707215211,0.5296871389965946,0.6358374356085593,0.46366760122897877,0.6348897230630708,0.47483135543204846,0.508809745637403,0.35641046509571217,0.7398164481120744,0.5444977086242696,0.6343770171946683,0.6245368835804473,0.5268323664266921,0.4948160026355485,0.726318074273074,0.27391260976283544,0.5778748400377739,0.46480321370268435,0.41347184219224414,0.5090594341047092,0.40068635934990604,0.31396251411538634,0.4751964300479584,0.3345779767114705,0.5623202790076498,0.36798599776846935,0.5579989667168852,0.6075739702252565,0.356339851918033,0.11379847381057764,0.6705220308249221,0.3820762892394942,0.5113740974610339,0.23685569452991778,0.48476500901690556,0.5679095429194564,0.6739515410415802,0.8013599765326376,0.46165939763904584,0.529553758094414,0.6686597124854401,0.5167334293908333,0.49001030965221914,0.4278991070257278,0.5089337078868594,0.48927853870548976,0.4172549975781167,0.22450267791167627,1.0,1.0
0.43372815296537853,0.401496744010426,0.5107931688710514,0.33956368573174095,0.4608241694210244,0.6284533113395633,0.2983594586777451,0.47390454738634796,0.5534221793051766,0.40885318311703966,0.8013319559265927,0.5402043963064125,0.4959194448509757,0.6087766137177225,0.5252054858845616,0.6150659467530684,0.4659987900677983,0.12781769928783523,0.5774998888181191,0.4105119387888904,0.6072661322761453,0.4739619334140735,0.5047297884232085,0.5702208405080316,0.430889183410176,0.5261027839474038,0.5270413296437545,0.5251353525156109,0.6554770547161615,0.5464600678176583,0.44438766152362313,0.8290385292554123,0.4209312365355635,0.39157433507692435,0.41653311493648326,0.7165317732524156,0.34498821306425453,0.28208108425695894,0.4061895275371879,0.4160249118322076,0.5697126249775001,0.6450478462172641,0.7403330260357683,0.8172027701248809,0.3827368708417587,0.7064718978724343,0.30871589345053196,0.556717535830761,0.4049271384254304,0.3572623051295751,0.0,0.0
0.6039154963753397,0.5088154310604468,0.4346590405685552,0.1907808048615885,0.7251474544086338,0.5195045439094917,0.6182598615002615,0.7677475417203863,0.5128253450687127,0.2732251584314026,0.22088535738872425,0.41341214496227735,0.48210910593452255,0.6770551693214678,0.3611669554065719,0.26095050220188065,0.3680594598196988,0.2003575690042738,0.2849320170115815,0.4540609312421746,0.6609203538658939,0.19907694281579452,0.8035155670606159,0.5859248866573818,0.16077281675575786,0.6906954237872105,0.6879333167489364,0.34768686271746546,0.6125542121693759,0.4270551346224369,0.5575323742225355,0.5825510804143507,0.44655588564897536,0.6851982540076283,0.46065751149226547,0.24739107322649162,0.5747165182742245,0.46944664438157463,0.5256756238698019,0.5674988642319726,0.5110513708316933,0.3960315736864972,0.4497727264848403,0.6224381317099844,0.512544045939533,0.6446062115826344,0.5548148061917569,0.717357987790593,0.5178398623702472,0.7313303394681373,1.0,1.0
0.5773848020166642,0.2767384856593223,0.2627251147240143,0.6009437743359303,0.6153656577195705,0.5187315984285317,0.506709620072239,0.4277761679021737,0.5195963457232748,0.6265166091390435,0.6349414357643793,0.648229963084551,0.4403509736678837,0.8243580711332595,0.40419667257064845,0.5360433200353776,0.6401350601779614,0.3601404556544735,0.5880913253471632,0.3005154263226186,0.48333837996534856,0.5814725909464752,0.5023463276020841,0.6036752360545554,0.6345266553571668,0.4203988048566506,0.5453619439657211,0.39809880881509835,0.6740629597073945,0.5559563685873423,0.41141538174248066,0.5287995008270239,0.47463269026347854,0.4158031194962174,0.4865728188322896,0.6321462586644331,0.5699378177040387,0.687313865985944,0.5094420503669598,0.2969282079871561,0.7568349461081332,0.44299271608337376,0.6332249060010573,0.8619898098899522,0.2727113921831251,0.45322346613035264,0.0872633591940039,0.39815055963134766,0.305614153184584,0.4966034801450555,0.0,0.0
0.4101303141325669,0.5815013152833498,0.18564940740668748,0.6498614712874723,0.6375749211757148,0.6019580147561632,0.2887225819874779,0.30777139080955984,0.3911499321773024,0.6194442063086596,0.6581416847548839,0.4299325738939971,0.5073889563006897,0.6388642836395323,0.7144881866460757,0.39444305170707605,0.5162272998781766,0.5712874841713392,0.3972263498424001,0.8445443404998553,0.5080847955644882,0.7805109002024982,0.47406878584334367,0.6424991280127225,0.6994027091277153,0.4100877379016211,0.49662193345297767,0.5450011808803059,0.5354548522954684,0.5964825618864418,0.25698345518585597,0.5420573673538911,0.6577376937833664,0.5790740980077029,0.5111768362704883,0.2931090828945432,0.4962998700715658,0.5161257066103797,0.5515734359357726,0.26054800795361255,0.45905911242914527,0.25246265108902805,0.5244596116855168,0.5320551689686074,0.6639747859079758,0.5143107986050723,0.4360946878207236,0.579547459305427,0.4992764886783329,0.23679653388020167,1.0,1.0
0.3011071645523166,0.40220854205036616,0.592752127248037,0.41148350995942024,0.5691384361705548,0.7865029137106674,0.6123850904606633,0.6000531033645337,0.38873944884238865,0.4311421467797522,0.5341016347341568,0.43931804604579244,0.5702987070878462,0.655941611485917,0.5540381213955503,0.5603007226116004,0.6211329251427062,0.20134040346435902,0.5234805878303567,0.44269027574166964,0.536895767556319,0.2905363262428925,0.5067534487486632,0.510104112887708,0.5747636468735322,0.6526865562513533,0.6626170432953289,0.5775180054583898,0.7662604014478654,0.6725173447384687,0.247576351046488,0.4644980513528198,0.6074673372067929,0.3691264521302735,0.6115231370352171,0.5359414417368566,0.399640609649757,0.8009517707876614,0.3890798738820612,0.6276713114577153,0.33204452562447107,0.6150043789011703,0.42521027567384556,0.5856223522277928,0.38909269135683067,0.48100209232466457,0.6328646803430209,0.5557813907465153,0.5239990108587224,0.42802228068270215,0.0,1.0
0.29054125220181765,0.5300757724350498,0.24616514951391028,0.4692198689754842,0.6593901390019935,0.4687621153384387,0.44962328942209245,0.6694517402780725,0.4075055652532003,0.291514309191087,0.6236724457565913,0.441464588452836,0.6492529425748255,0.677268840847892,0.5812437202542935,0.43697212101884153,0.6345194408611773,0.3147255909294597,0.5185194766462872,0.4519642396794598,0.46825194368581863,0.570907249726721,0.618653232348661,0.4246964245190472,0.3007144367449455,0.4222670730051944,0.5862641889934255,0.5949155677789749,0.5063682470268922,0.5052118277861147,0.6326518539066517,0.31345867895876867,0.48268116285472523,0.5676585458523218,0.600266022676054,0.3112334459110928,0.5890176405980619,0.32233603745791317,0.5848712896505237,0.5984144674078555,0.6421963707902277,0.43241842353769055,0.6075440254328979,0.3073006118355385,0.5630790858799617,0.15983020806378131,0.6376526731844286,0.41222297173748407,0.5188019668497817,0.4868755458976744,0.0,1.0
0.5759529144074146,0.6573235748177977,0.5948349584187793,0.2984436283263694,0.6466737230516779,0.4672125447294762,0.7188800583821081,0.4709132257493758,0.6630846876405911,0.09635461415009978,0.607677916691664,0.3301365696677578,0.4760442135251561,0.4702900240287916,0.45840198413109173,0.5510736502839096,0.49599970647582337,0.4134810060037463,0.47442444794298555,0.5597603871012651,0.7478741186867457,0.42903568182763174,0.35301121043843625,0.24217382968643622,0.5763220800387707,0.8704408230121372,0.39095824817645786,0.5047287745912777,0.3269402942611819,0.8084860099950723,0.2894711320280492,0.35959652125934416,0.5491291343792385,0.7842522483075547,0.2776635572008005,0.5131329872868176,0.7981689714873437,0.4316955600604415,0.4152266012823875,0.6290459694973184,0.426863297865277,0.5455483574244316,0.35334150912755896,0.5677239813071899,0.5489475697360067,0.13875862462189698,0.4106806075245744,0.6023961510670315,0.15968486098992782,0.3107278195945547,0.0,1.0
0.47761913272410533,0.8620448922371793,0.7881590974815555,0.6646193552979051,0.566857750788995,0.5432055132977176,0.5024585793125654,0.5826378261505054,0.5288701456719518,0.6072943284237731,0.4981711936392015,0.35159268440617164,0.48692598359530276,0.5224352450434022,0.5580470337008991,0.5087668866813954,0.5806214972069835,0.3284645047433764,0.4645587420991207,0.285806025397795,0.5507040286406018,0.4642808193612119,0.41169126881248047,0.5566390685243231,0.4782000689505834,0.6202208063850894,0.5597434073016565,0.3475930725801198,0.7780295532341345,0.6309427368745953,0.3390556073309494,0.3188389954043688,0.7393456802153413,0.26557778892731676,0.5982138596360393,0.8017056502117949,0.5332763546629923,0.6153454748154629,0.44209676191322006,0.45318531360242803,0.5461265253147183,0.297202806319112,0.5484567423956458,0.48346629587215145,0.6375729569196334,0.5625306161392118,0.416873718260273,0.4736693956672328,0.47803327984191546,0.7528991642410757,0.0,1.0
0.5382662268240352,0.4421116800202462,0.313303902198452,0.42188163708060344,0.6481194102107369,0.4656637272480883,0.6839796432299091,0.5678907003961424,0.31267034432654073,0.25225373167353726,0.5311068022987384,0.3319698778004867,0.5548773932270077,0.481520489100752,0.8629657303962315,0.4321129768279834,0.3111165123182779,0.4828408430865752,0.5370047492502928,0.3519427505827665,0.36219653973456756,0.5248952669923501,0.5216705467165376,0.5147035982485486,0.4177425567893454,0.6981243425688989,0.7455632910050428,0.4924034286956104,0.6078856045018324,0.5116769614255366,0.42025987714791146,0.48223659720370665,0.5501097442701587,0.49315405560183495,0.2205733488909467,0.41736059022193295,0.5423288070731233,0.4570008211302539,0.3201726560259895,0.4895076412580584,0.2961682453223793,0.4428418031550052,0.4864093180658715,0.7295341032007899,0.5295121673328338,0.2960107781050521,0.5484865040034523,0.0,0.48133861875945283,0.3558537820446036,0.0,0.0
0.2963405440951575,0.6687603118401919,0.5561329058281296,0.39141211350232935,0.38633052909645776,0.5121318577403252,0.17310584613468855,0.7457641441113562,0.35861470974588816,0.4457979048950804,0.5965492891044669,0.505473715238872,0.5794821436084141,0.7559802397400014,0.44069546968944934,0.5878506835599169,0.2768152328555626,0.2551853366724008,0.32025034702652894,0.304994150557805,0.5583524441065131,0.6074427510433821,0.46183229498700346,0.3140084940722009,0.326108160592747,0.5345445257221862,0.45354505009563434,0.4533295280794569,0.3462349774449888,0.5932248077522615,0.2948139017340971,0.5031764945873731,0.16703114113294404,0.2787181129431209,0.6782754537870532,0.4244495765307607,0.47647875809938767,0.5085553211718381,0.5741632060019775,0.6825295646392913,0.48972856601080705,0.5626638398983449,0.52085626267122,0.30679318060010363,0.4053359498235927,0.4571953762569811,0.4143853821536123,0.5866250232712071,0.3434906624480015,0.6618780861796487,0.0,1.0
0.41145261534256683,0.1898375905187873,0.1158187331989925,0.7260155793114144,0.716569311000595,0.5056248628700836,0.39221089351767563,0.34830325230447057,0.7585499292005233,0.39616561412088325,0.27885864917023334,0.5012156562571932,0.6149166837970246,0.4494577456465823,0.5863499946840385,0.38873075617813935,0.285770546309628,0.374676031155531,0.4330758708386631,0.7312660133141267,0.45423344537709665,0.417943261721084,0.4479044844703356,0.41142832931426004,0.4774192068838999,0.48752640365759475,0.48678863977223463,0.39962609938073784,0.494361202534559,0.6193527789856857,0.5226827547340209,0.49634787873543146,0.6321401552735636,0.3549310182688047,0.5493155122398923,0.3806951076184051,0.48728730208630927,0.3838656922916854,0.7377057776514765,0.773725982418064,0.3792660037196565,0.24941968672681497,0.4485208806448087,0.4967876368297209,0.4423339512650345,0.2893449811614105,0.12948112303987647,0.5590668439497991,0.6377802407179368,0.5286509743870204,0.0,1.0
0.5460932666418704,0.43290410727773665,0.38859119149348215,0.30092678181378596,0.6632988019132332,0.6049470464530486,0.5617517567185893,0.42354134154480394,0.644408013501615,0.427310320527562,0.4864423974847045,0.36793867613663295,0.32218480983432074,0.46508236950555987,0.5798005090205413,0.5684593265694845,0.24483852038668533,0.3328398401582134,0.5439588688556585,0.5060447101229344,0.41571054064783003,0.34537642099163823,0.7339588196868972,0.45232950994249205,0.7473122496748951,0.6976534231329284,0.43550427519769735,0.6674809149974995,0.3880979032179869,0.5113318597634106,0.6319202801218795,0.8620525542137211,0.6506664006450391,0.5117040431862512,0.4752226898342182,0.5900168264235556,0.7534984118073853,0.3067757305762221,0.6442460158518643,0.6991923101193565,0.5822175176714832,0.43885397083699873,0.6544452048931623,0.42682737038410756,0.43770469282858265,0.2780033489851747,0.7759585440740558,0.3733154335497408,0.4178836738535325,0.5806609934545142,1.0,0.0
0.23808144269202908,0.6483842096282947,0.4219219453412863,0.40843288048496085,0.5305141825217377,0.5122710161436046,0.6633791265595884,0.6344712022083792,0.4954649508131055,0.7708432050221815,0.5517023486905819,0.32283936463682494,0.6090877158438409,0.41639765790807753,0.5864933611862196,0.2561502959605852,0.3675216104569909,0.6986317203728495,0.42168543987706497,0.7566839342501238,0.6486179724804803,0.44761907815939755,0.6770429341968315,0.6554425111667604,0.6001655510238411,0.541080450869719,0.5493561072999141,0.56443387405003,0.2676237025083425,0.7442112556622796,0.48576405669706285,0.6042851064183508,0.44019050397191894,0.455428751066754,0.7629593272065921,0.4520039474084058,0.28647546956110187,0.46498245638692126,0.4213160666273535,0.3592286819196506,0.513975349558457,0.3533715185271543,0.560975817730649,0.3868308072813904,0.5003026198183786,0.584615082350905,0.5778873826813,0.5920146579505013,0.3196893903684889,0.3708401503478043,1.0,0.0
0.4160011691275577,0.3191887238965242,0.78063528153816,0.5265783621853491,0.2728587887012243,0.42317729403354526,0.5214787207234884,0.3611651193740889,0.5593325888278199,0.42052364277045634,0.7280610107865017,0.4501496617654254,0.6853878142639456,0.4523530115407377,0.4744364539093846,0.3181985852641658,0.6312327144707346,0.18540152555581083,0.546612532373835,0.7300447896952741,0.44959322165993304,0.9124773315593641,0.3959930297389487,0.5309834563644134,0.5914950902640138,0.5829182050702704,0.46994324162158585,0.43108168392888613,0.7775541206276102,0.6582815883615133,0.18008122794456927,0.4437076833458603,0.6458734827952582,0.5119758399693282,0.34982399918652607,0.5193650845437895,0.49368575001163156,0.2515900880334546,0.8653971118100634,0.5527286500693238,0.4368487062449223,0.37716039435929916,0.735918985388188,0.6452520012339382,0.8034876822167967,0.47933695424655093,0.497852275849573,0.607758527099235,0.46030857888692794,0.3453935129731613,1.0,0.0
0.5655625894133435,0.5939953823774103,0.718126817013238,0.4010222111129819,0.5811795572957446,0.5776940961506684,0.4263247908638524,0.599562527576918,0.5825616595322028,0.7937318432539575,0.41831320819155454,0.5878445159085566,0.5434450163056399,0.5595559983848054,0.9198532059756002,0.5581361059785432,0.5187766145511645,0.5832389396461306,0.31546923780515135,0.4636167854023512,0.28696400745336714,0.3824585315514085,0.41351145421016566,0.5772978166877745,0.3248940183874267,0.44763079821050633,0.44639841232837907,0.551878525990556,0.48181202892784375,0.6288234239921775,0.5797590874338593,0.668222070041343,0.5751499449876061,0.5302926001790711,0.5454091429619988,0.5135314847583123,0.4120530306123756,0.700786781561768,0.46934181910432216,0.24146005563134693,0.5870886720576891,0.38405951705438945,0.6714652497144543,0.7732780847257408,0.5426323540973932,0.4894701744952267,0.4257997658376878,0.699940332051216,0.4385182792925133,0.5176067436752746,0.0,0.0
0.2256613066261946,0.4084707028933207,0.5014654206621905,0.44547525920447334,0.7852622594019657,0.4691168627427843,0.3457142276451975,0.5657631771347,0.7097689743080118,0.4717693534920253,0.24211902329811472,0.4081526683946953,0.5397970421029017,0.6230981932641926,0.6000145069599359,0.19638910320350075,0.6320627361957978,0.4835016472789569,0.5203078284953144,0.28304497683152735,0.4562602041604115,0.6187418102382894,0.5706272829738959,0.5402212178787258,0.6134898017591313,0.5683408778048299,0.863748911200379,0.3008672671463712,0.7014292137766563,0.465674182721549,0.37238685373461916,0.24131905082054794,0.5088435600509875,0.23180769912411184,0.7149169216646932,0.435008253497626,0.3324709788299469,0.4804075316323975,0.3780912397376647,0.4423880676051414,0.5669992061267862,0.5842140297374405,0.5551449100366164,0.5091561717296651,0.548580080408694,0.4579811053349126,0.5494686516811778,0.5934427221778156,0.6097303318553331,0.6898395726913127,1.0,1.0
0.6509949727944044,0.2342390745983054,0.42722089956031006,0.3857534569728079,0.6914708119027794,0.6874830065221006,0.5472630086303403,0.5529720144568908,0.3438947518206109,0.6642736821763007,0.690256248219773,0.3371612454817888,0.7414542533202823,0.49688269726015394,0.7289115085983502,0.6361172884771454,0.5855001926319915,0.30979652642011135,0.9660292692581459,0.3112463917413733,0.5793642822754453,0.1597364658178166,0.5866041870621392,0.2920772536468294,0.636516228954775,0.530691104240234,0.49063225962760565,0.4638233549600446,0.48034290209621977,0.6928910854733124,0.19876296368137863,0.5153550879169051,0.5577644040899725,0.6343922583120898,0.34978001112041573,0.3885819343301495,0.4088435136499215,0.5111647219975218,0.6613226958726361,0.4078915635769002,0.393401809128692,0.650819642388676,0.4268339647768341,0.3460425431332756,0.5497484543724945,0.3637974237027089,0.6452026975938522,0.3858416167511559,0.6927729108909427,0.5594509086799796,1.0,1.0
0.3201402708846213,0.472707574159236,0.386639337853625,0.3614743879590106,0.6232994970790893,0.6932395332339593,0.22259176089149282,0.6856002286361441,0.607160699672554,0.723375725921777,0.3576332884194171,0.3702700238794977,0.610442678244089,0.5198598721181165,0.5673090133578861,0.4105287767272469,0.5413084517418195,0.5008751212419389,0.4372133547953249,0.884950420050589,0.6254208262416577,0.44524640888350653,0.6512781816890796,0.2482116665441316,0.5463968286090217,0.5918049035436885,0.5948409963552046,0.24417244080831602,0.634988762694167,0.675978611539627,0.27388824928962097,0.4820630979818124,0.4019462127406057,0.5674095347775101,0.4674609694558537,0.6843482482005109,0.4113022449513745,0.47438516676512454,0.7812317806274942,0.6421578440376067,0.2561089291163092,0.3369620324051736,0.49095889209145044,0.4021066568150773,0.27424609766293356,0.4210901614754275,0.44260270094059334,0.3582516508872956,0.3894456442270775,0.2928302963720522,0.0,0.0
0.32587782173453567,0.36546955827275734,0.23912238600365177,0.5655533662112067,0.4184909589897735,0.2838750359276056,0.4086909665132643,0.5269999875690159,0.5327441511278714,0.5864210790827041,0.7109804935966629,0.41163689043786433,0.4131550994528226,0.5057746808941916,0.5331042403374293,0.5434807274103125,0.31211524510268773,0.5283973080268174,0.17159529660140818,0.4566173282333929,0.4432746066307077,0.5269113955105329,0.6579468664850304,0.5733577142052386,0.3691838979357893,0.5085410533615172,0.44186906846468466,0.37590281743590476,0.5243096648523976,0.5316716199089265,0.4592669134825905,0.5167131414149069,0.6709159375138409,0.5817460373989579,0.5214433481483914,0.4122332183371897,0.2039281512895707,0.4297919441674024,0.6712911216654194,0.7399763489099986,0.5906128068481905,0.22504100768584348,0.7522781481120016,0.5948087450743111,0.3954362173839568,0.8666390658962072,0.4130214459509472,0.4636522481372236,0.5425795375794957,0.3467582299832756,0.0,0.0
0.4431802701954282,0.3737108460371158,0.5120417984379151,0.3939360146079335,0.6599546214592381,0.3630117619157053,0.3299579599111039,0.5902578563557411,0.5770434524247962,0.6492201858437718,0.3109578810630382,0.35173947697741054,0.3494497646548293,0.46349527101561,0.5447326482512274,0.7321119269341675,0.30132362262880263,1.0,0.265898644716176,0.2814571845521081,0.3831510219715166,0.38432675240568287,0.39378710926514704,0.3527147647412404,0.365215348877137,0.4732968616542059,0.6304731057366159,0.4892597930460099,0.3986131723187733,0.6359366977363614,0.4844802746196339,0.5817557096959464,0.32149324454053396,0.5964730082295725,0.5748980948930058,0.3835423368373102,0.6681162341803856,0.5954391684088662,0.639402647397741,0.25026869992830114,0.44500324390961676,0.5244227226327135,0.34293587756884764,0.6810290089577178,0.4367791250230667,0.6032706825015165,0.6866990031995421,0.50988973700092,0.43028717673350714,0.5873895344097765,1.0,1.0
0.41947218027398436,0.1778231974625443,0.4119479058340089,0.2195532894565345,0.5206518911065587,0.46464790949874013,0.6685186181110597,0.4282980204579574,0.5491068676014789,0.33140606039253123,0.6006429440363337,0.36807860991346664,0.5658609897941629,0.5875406949254538,0.6756173446252102,0.3580925658255295,0.6887627537846229,0.5837071832384462,0.3921924729801812,0.5218736050179785,0.702377959240215,0.44523231844144157,0.7510928538191917,0.43910353482844144,0.5119554382444332,0.326148038854617,0.5968818823145816,0.218660389099028,0.6903417550622988,0.6505876051274196,0.3148959482330022,0.5687475194309748,0.3385024787140594,0.3171513375512703,0.46551963799837254,0.20677497402617984,0.5470756664542533,0.4385545105171028,0.8730691032671601,0.6216810635942019,0.6089066323751776,0.49760146325543053,0.8053228212607989,0.5225627571901492,0.4241818064836366,0.6294054593712527,0.4351264828472037,0.5115831035700203,0.49388270264707823,0.48834866185120346,1.0,0.0
0.4832059534194156,0.7774816967978112,0.33652196846107535,0.6088710297615644,0.7182869111648448,0.1429132676102373,0.5395759978534741,0.6102777659444721,0.6241267719088811,0.310213373330473,0.17114297059772554,0.5629623213274291,0.34163553415661563,0.4719611360413874,0.4956320348507414,0.21305087913342574,0.5197601135228028,0.2896369709539431,0.28909293518351625,0.7036535285310874,0.42897360844291466,0.33574017526643085,0.4752362243060622,0.6333206240167943,0.6829889219060155,0.8187782146314451,0.4463440903795564,0.6261993744008206,0.5177157203958425,0.5621558759613504,0.32123238429933776,0.5509789522268346,0.47935746550670894,0.4309786307819363,0.4453349143132817,0.4384198833199515,0.3978578842020543,0.5541690536400534,0.3508752526176942,0.5609755279789822,0.4613212514799024,0.1492291264925791,0.39275236362736554,0.6408404104138202,0.3566456869012441,0.6107312707228092,0.3568352499457953,0.3836608636803002,0.49603143634433616,0.35763681552709836,0.0,1.0
0.6033061425890485,0.41299295611514647,0.9525434403193451,0.5067250524248365,0.41429397432613185,0.6781865256659861,0.434430439556709,0.3676596985456225,0.4650754753201053,0.3434745162865467,0.5584065020857061,0.5546949114047656,0.34625519842934677,0.6546713223817603,0.43625668462767087,0.37177166900913267,0.7732838234845342,0.3858444240240556,0.5343006965736103,0.46035664069695514,0.3516539740302556,0.4753804964018355,0.39490382492603743,0.5774225019566173,0.7150792548093415,0.43621378837696473,0.1763860579085486,0.4616913126627381,0.5524968554786779,0.41733863005541505,0.568561675895632,0.3990045774311676,0.28632923972248514,0.6174156546459142,0.474208609961369,0.5751544492314541,0.4870010311665526,0.30603907505121714,0.5014769083285081,0.5222204124318961,0.41446090658066276,0.4118798204008911,0.8255024650968058,0.3986173237036384,0.5044227300678181,0.5668455322212038,0.4333508759339828,0.36111599474010486,0.6761511782204489,0.5415318190782358,0.0,0.0
0.3898441406261678,0.5808514406830846,0.5582251282495688,0.29234407627786674,0.2677783322399368,0.39321416848768354,0.7046870582617881,0.7233768096554302,0.6547849203791851,0.5206997971374091,0.6633415009692862,0.4854041906255317,0.7539885664425199,0.4207839355398412,0.593910199294743,0.5718834290246928,0.42267390358430673,0.6321144030215615,0.5765440412436986,0.563238303793209,0.6806483312677306,0.5503449181529855,0.6207155653932096,0.19500059131757588,0.5528017070739494,0.4955204839958112,0.632906859142625,0.31569016879705464,0.38873757719128643,0.6042759203885768,0.3593565380212891,0.5754316255381005,0.2598874532547454,0.5394895748430886,0.5447302449273664,0.6906563584081912,0.5944743782738163,0.46802153436641936,0.6357066508817688,0.49326294119348396,0.356474399364725,0.510057999742412,0.5270763296881059,0.6668952223920087,0.49845604788357645,0.5704715390231883,0.639086433835175,0.7398401128119282,0.25677534686030346,0.7630982860780552,1.0,1.0
0.30561791575542746,0.30952780998199986,0.586969148347329,0.3679121729356922,0.7371958763068809,0.40995283458718407,0.36704080646106696,0.5241139920219536,0.5185238730924336,0.3874308529754851,0.4875270253234404,0.5202916821524715,0.8150235467136407,0.4687650460076741,0.15005700142619036,0.6975860007886208,0.1403271728208513,0.605925353209284,0.626696547837539,0.48549454268514514,0.4297596872875563,0.33085128416561765,0.5749148930429445,0.5410088543778038,0.35055054494580434,0.5045471760667211,0.5422716896725616,0.23580019809807434,0.434772680097678,0.8665744645029355,0.5350297388601793,0.41950827310746164,0.6136787694732203,0.5123499795634326,0.22919148226002917,0.3005431153478355,0.37462559793554123,0.576695555359838,0.34813912335141495,0.6129091354283118,0.5516648609480697,0.7269409110713532,0.9167950899013465,0.4567340080343014,0.40370857444752334,0.45791555903870634,0.3970225468878574,0.2744720993934625,0.462255516560061,0.4728790181950806,0.0,0.0
0.3644527012539555,0.4320695052515456,0.35428572988362866,0.2953527074793276,0.2932719310849932,0.6079882801993683,0.4729798493635192,0.6938860997045535,0.21941166855290173,0.3648449188655352,0.41449596665502814,0.6141017511896846,0.6296140107217293,0.4702395180010556,0.5781822930990912,0.5722610025428175,0.45921901128101283,0.24575320628019398,0.5549672926357562,0.4205766536429756,0.602734388908257,0.4317039828334943,0.5086415074381798,0.3658804934641012,0.27500942609912704,0.5787412489869425,0.4673055695132568,0.2739498256333685,0.6419756186842402,0.39353762917930885,0.5331293457042456,0.5831070729095451,0.5493120523876075,0.5053512483951954,0.6422953595818538,0.5077484127098563,0.20577863736289587,0.4359554735563782,0.6833908691677297,0.3979216858127546,0.51193525262329,0.43341970821723635,0.2450391115803098,0.6789117035982257,0.46864967656325246,0.6748726233422271,0.47759080718248326,0.5014280279089149,0.4477590773128039,0.46199804407880196,0.0,0.0
0.45685489343311075,0.38565890978863193,0.6978599842298898,0.6588179887107395,0.5541834241719961,0.2696761328487427,0.5809735425428219,0.5775829162453745,0.5967533558998774,0.41126110761934914,0.45684759878012626,0.37025080486215184,0.5731159103395922,0.7068902399069061,0.626698547545402,0.4036575590431038,0.3149508689790462,0.4294008628760624,0.3728488011078238,0.7598842885009894,0.5454730306732434,0.5476024234651956,0.5879431742324681,0.45623905446840984,0.340651203692176,0.43592306331401603,0.19924703455415885,0.49585406346131344,0.4523995150686632,0.6952771887536443,0.46857423432949113,0.6949472185818647,0.615296901434509,0.43585042185893286,0.6633683318272763,0.5455790458093874,0.2692564408094767,0.4883937747897788,0.4778703665431923,0.7997829606519632,0.5422521468302669,0.44369282564481294,0.5760936697208813,0.76645369841284,0.1816449227275927,0.49958224953630653,0.42100648122256135,0.6034738877415438,0.5361268219869653,0.2874522341137862,1.0,1.0
0.8276548341924377,0.6237799222985116,0.500100605308122,0.5452489627218448,0.556291104227384,0.5194755734341349,0.4444210334671819,0.7833949058068136,0.31992464409562044,0.5533011023019968,0.41906543398932167,0.6704992253527637,0.4069128738199383,0.4301810317927563,0.5014717450742322,0.48321024579146,0.32951149287039233,0.5258228400383668,0.6997250040084726,0.6091665197923802,0.42511427975416133,0.6989327362657957,0.524755440156047,0.38419458462377176,0.19977583159038384,0.5604150191885404,0.4078570064437914,0.329040100852187,0.5273012893196771,0.4976395777376992,0.20597619388402577,0.5706842290006144,0.22162784087133416,0.5786814516282776,0.5349820319316151,0.6865232397050031,0.27979111698426035,0.17941558183493225,0.5332971825073751,0.7475225462662268,0.42460985821627845,0.4480632798008328,0.5593486882447181,0.5224762431396931,0.5841820661797175,0.6191494429913871,0.36369969047874295,0.6629849503896208,0.46393165142270854,0.5368279477237958,0.0,1.0
0.5077618857342129,0.8217533601038478,0.6578893485941291,0.5666234604542617,0.7397623806280812,0.3073531387203048,0.31441010952756315,0.4537488488305895,0.503172170833248,0.39279826762248643,0.40486078311563806,0.2630425798734224,0.5088346593708989,0.6241644231444178,0.6740869889454555,0.4255835254478799,0.5532178705243338,0.47629622865862015,0.5476172395758568,0.5184873711773701,0.39602714058069993,0.26636353817653163,0.6794249612857141,0.5405148237167545,0.2416253533931502,0.37320407659573746,0.15431622918369498,0.40590034850610035,0.4087927489680273,0.6744109727952236,0.5033016454464223,0.6970278617785295,0.42080253682705115,0.5648612349239313,0.579229380293268,0.7070770604332883,0.3873915161589943,0.157332087340465,0.352236817236384,0.6516716086550198,0.4383046415780997,0.44859740225160943,0.5998539361039772,0.6977084082600132,0.4808429703795434,0.4167792545991512,0.4836160606500134,0.6083870717825881,0.5609303488595877,0.26709737214401624,0.0,1.0
0.6500236667523746,0.3420687575795592,0.3913624495963047,0.5716647639580158,0.4923901364993403,0.4548671667023062,0.6012828606736977,0.6445879802515826,0.4543350103828161,0.40556973884435216,0.6838272561996716,0.34233903073281374,0.5652246165629722,0.4243942413186718,0.5165805974443957,0.2609246310356454,0.5421089130136691,0.3659578940329868,0.4701780367930507,0.3967416317394248,0.3736953642636954,0.23923296593273013,0.7888437090320367,0.49119911121334436,0.44549820220925307,0.6087317579624086,0.555573354250498,0.6232195461793665,0.36381389062975705,0.9959038747700174,0.14323065460259313,0.5740089528308472,0.4889061155879708,0.6924463716851175,0.7005110242078543,0.7437210802094958,0.4627587734465684,0.6565601230821257,0.4651424470811943,0.6996566958210507,0.2615405807462673,0.43080931153322255,0.6022679663725559,0.5483042746650355,0.28557233318755987,0.47110979576199724,0.5945373100152423,0.29273829253076544,0.36504508382047024,0.23775772963106065,1.0,1.0
0.1753366726670453,0.052398050016921945,0.5577212485168918,0.5900056276858261,0.5325325640917112,0.4918273039166257,0.6657107488586193,0.5308387227578217,0.38608316869509146,0.35409480812937033,0.6844169145695005,0.4185587955424126,0.46442857613608013,0.5298207575730766,0.5325698775941191,0.37758850859371124,0.41612540318280156,0.5201434985607284,0.4151260702718166,0.6596177326340673,0.5433308786822036,0.29790403325161996,0.5581884496215479,0.45085183865540807,0.2838888496290114,0.6273827241136848,0.641330685639312,0.46678310723402416,0.44436650985047477,0.9340145165089023,0.5762447803711239,0.46641785867898444,0.577374072401401,0.4130255813134426,0.4621446705564987,0.4567147781941046,0.6472972783370905,0.6169859426738218,0.42364387769816186,0.2518142535175216,0.46468804410382775,0.4633487798198406,0.6537002634866461,0.45238105457399286,0.5604778486026638,0.751364711940341,0.5366718552126654,0.476408446385355,0.44323601812849095,0.24683396135585126,0.0,1.0
0.4113685048162289,0.4590901011334084,0.4803953552521423,0.25948366978923554,0.2948481770091279,0.42515527961273336,0.47043130096395674,0.37655411371343245,0.4455523206139848,0.4985106658363956,0.3685483950301879,0.3380796809582826,0.5073472712054677,0.6800618697111986,0.9478703369623342,0.4270734860683767,0.15148313471274036,0.505609342828315,0.6015125893123924,0.5492659313055981,0.5202724629502162,0.3781175446037481,0.558634473828162,0.3078618361210581,0.6344269969018477,0.3383866342152989,0.23994769651406425,0.4364469462763291,0.7794908532555672,0.3685114359683409,0.45610280427129785,0.5215076730522062,0.6154949358310381,0.8285188605185457,0.28534805879729996,0.4227325689353861,0.5548308184329229,0.7256531337733013,0.5444922169063896,0.40906360209952125,0.4759614174516063,0.34082926818004117,0.6980353484676731,0.30047537318475703,0.7449254469574271,0.6631927935655858,0.5002845880054214,0.4521441837435345,0.769290866295008,0.22934275648236666,1.0,1.0
0.6569639123796371,0.46355946951646326,0.620704437531601,0.5423789144805733,0.5559075999312261,0.5245460821212137,0.7480890953770412,0.6643618091226333,0.37602932565136693,0.471114068104168,0.47976151367993347,0.5691194018987489,0.5965056121504547,0.32983370988867655,0.4546379211660641,0.5415998241498005,0.5290652288195755,0.4417842186822529,0.6830054634831394,0.5909799058503975,0.5540292843035377,0.5952450036307856,0.5128542263935042,0.42906834970879004,0.41882656010758884,0.7673116494573888,0.6204087464179443,0.6440254275447403,0.3081255919953092,0.5109182250081029,0.5413564417128738,0.659376114674328,0.3097391619330183,0.7128338207899171,0.2747222424306449,0.6056735293200446,0.35716507405787146,0.6482652283083931,0.3605500773390969,0.6174237806833636,0.3998119217139008,0.20315659537386463,0.5459238388386161,0.3885560556438207,0.523423597376155,0.5896504262056785,0.13957457013601712,0.42332208330367743,0.5652854385599348,0.5812796700533209,0.0,1.0
0.39299172300084634,0.5477872295560001,0.5513619990679672,0.32904511787818297,0.3607549307628277,0.5532434478486966,0.37376003224111937,0.7653523182070505,0.7371613496974946,0.25648022365206763,0.6188503138603333,0.37193378699185303,0.40614749323969035,0.2666164295029473,0.5722201648618341,0.4654340595117956,0.4788536911649717,0.40686042231130914,0.7124335988962064,0.28141959278160467,0.43459341020828995,0.444122414098459,0.5734155388183775,0.516292691463859,0.545903412853626,0.5226334253257652,0.5496953807934094,0.5194861848653692,0.16222818517008597,0.7123594985500095,0.5935309549314524,0.5523968247931933,0.6773126439767282,0.45721224931927146,0.6436017250331472,0.5428773418959584,0.5309505459149054,0.6135772443069291,0.8819277741988231,0.4224636823336266,0.48552913158180927,0.5803519020860812,0.6673203217293874,0.443729480494493,0.6608658854447074,0.6996219534942609,0.20515164014310383,0.7310213883168363,0.5193201424594014,0.5434415552796947,1.0,0.0
0.4547211441836674,0.3192514188665952,0.35861096234354034,0.4012498700532606,0.5607289102658931,0.7725389885724018,0.5955105272074831,0.39339391969041204,0.6177165748723941,0.5751312771182118,0.4182766704904813,0.647458281937762,0.5514451331550748,0.37909203639202044,0.812931409597364,0.33305522996119,0.31333088950522336,0.25819331130861894,0.470188796662535,0.5689539708786376,0.29916941020214705,0.5988355917363279,0.4467795535874063,0.5284697360993994,0.4803893972065072,0.573181261368482,0.6764205259037026,0.3925015471433314,0.7358974360818683,0.41422092956033385,0.4636530161068684,0.49555541386918933,0.16535552857141578,0.5270460551232732,0.3655780942603746,0.4624808082333233,0.46115648375702795,0.5502709392735641,0.5098139942890992,0.7349605870671162,0.5383328550990572,0.5454296714573021,0.7416817536138567,0.6251303801389176,0.5110375791429611,0.5670511231226022,0.4589878291555347,0.16459682839672118,0.20964608569031273,0.5521022402755615,0.0,1.0
0.23439076583331891,0.29851467344130345,0.9311698460066612,0.4649549850576187,0.48571763253457717,0.3581521471628573,0.898471072722234,0.3579991926351441,0.3385590848477806,0.36325413421812464,0.7071424599258788,0.1364972973155152,0.7099060477426337,0.4433708416947031,0.5630864917699908,0.5234587086140977,0.4900905815972263,0.4483688226547063,0.2463694585492849,0.47429086733928205,0.4898913864306325,0.4729693011465166,0.6198643157388576,0.46280350222565736,0.3897350471419719,0.3442097669318522,0.34698872438574024,0.47611268425906506,0.3089568960872845,0.5781420650363832,0.34018253170954277,0.1211925077478371,0.6697712848973514,0.14529921357881184,0.6384832941408627,0.48694955704923437,0.4523303314579099,0.4668562095932364,0.7219588548026424,0.4259937579312582,0.2730957818675891,0.32493681912031486,0.5594667857494618,0.48489624421993166,0.47160646577203424,0.3507112376881661,0.4044227491524789,0.44966963770742624,0.37173030698537995,0.4267617576052777,1.0,1.0
0.6425007957688271,0.4348590068724526,0.6028189041894031,0.5132011556254338,0.5161567766736131,0.5293811369858129,0.32436643588115566,0.6038908025578135,0.6757898931146525,0.42717322387510864,0.7221250755262519,0.30908151146383106,0.5845000433078518,0.2106059807132967,0.6120958193035368,0.5523580383280771,0.46690229475951345,0.43207954083290956,0.7015193555407638,0.4814614704331228,0.5082837847122018,0.2626896273439698,0.6358674536327394,0.5366991710047584,0.4209081908018381,0.5550656696703241,0.434767978371602,0.29972783055699376,0.370885407496134,0.7235278138867952,0.22868802725025192,0.28001880567472787,0.13240963870485511,0.6710126918737328,0.391311136307344,0.5497544947553684,0.6127971373974295,0.6499405502072503,0.3254232334035532,0.5654340496693717,0.7363014507610487,0.3164386712823286,0.4580680661501154,0.46071290204999715,0.6145551940814109,0.2674013044016897,0.40713789120497756,0.2761682973501654,0.6685077239520653,0.48477348432613204,0.0,1.0
0.578489797365683,0.6241123087092507,0.5631927056957053,0.37734199309290867,0.5132250335889358,0.9259022348404009,0.22501944147723782,0.7259010675854042,0.5052192823109093,0.36089093747874834,0.35719562609139155,0.3062155854719194,0.29997028413564236,0.49614307780590033,0.36133536846330133,0.3999924245389652,0.34715802562684656,0.4275880209403425,0.847092322539522,0.6219383106336257,0.4885670696876409,0.3678855939573328,0.6250283950479621,0.3248475351181835,0.47451430596900673,0.6514046587317139,0.7725065412718918,0.645071657274592,0.47597747359031695,0.44277905274321516,0.516906646836675,0.5662747712689373,0.6266553166913221,0.8642835654268805,0.336091534878794,0.6495377307003608,0.46571236304734026,0.5406612052126424,0.9409594637085692,0.3853395628033311,0.2961564360964998,0.32728333657740316,0.27867132444245635,0.6536511202697547,0.7240455330148924,0.6641288922518063,0.5259633321258713,0.26387827146470844,0.37601547083578807,0.4899173237706091,0.0,0.0
0.4835776520686009,0.3332563322177829,0.333324048644992,0.5926227543615308,0.663784455555283,0.7120770018156285,0.37105278723243934,0.8408416824454723,0.6197372721401766,0.3700430945082732,0.5166028927341095,0.28875140793921145,0.4104895006288633,0.528294542616085,0.3745246018493093,0.45236452496018864,0.28010917195477464,0.4544403631868535,0.5181001762473827,0.21556096646269138,0.5051078630213093,0.5333376246417942,0.41173669856965195,0.5821608064116026,0.5867248115826054,0.5563210738394113,0.3546764855804095,0.5961132696186502,0.5430244049914948,0.5425835347389931,0.6519276372037314,0.4290245632248091,0.5569802856838422,0.29403262182454304,0.5017069946204489,0.5277802175463397,0.558237700842209,0.42677126841586116,0.6694762105078462,0.6614543081458716,0.5881818050392893,0.41273758660325505,0.6409176526345289,0.5995236156238765,0.6688458281644882,0.29861394069450226,0.5107895925080017,0.2834944606241364,0.48895773231165196,0.3177845540312429,1.0,0.0
0.28376491478210586,0.5629453091778499,0.5486993238339275,0.6416842776001378,0.6034460303717807,0.2876588507786962,0.5653802661514696,0.3995335570715666,0.5210868937697216,0.49551256275343947,0.7202464607935168,0.5568781976467218,0.5823969298849884,0.7600083597509895,0.3553867978111449,0.6049097379528865,0.20506017483184186,0.5809763817372897,0.3252820303539172,0.49525482345331784,0.3066804995389195,0.32523840816870786,0.374786405550296,0.3697378510437397,0.4949211559985747,0.474434490316368,0.1510405519683769,0.42424060652552553,0.530846148652472,0.8652394959246029,0.22871505240318363,0.6841179162693899,0.644744950801612,0.3857320037730768,0.40277554313369374,0.4964431119716378,0.34063337725660325,0.3013036656828738,0.4359482099956955,0.6108912406964522,0.3376417209689345,0.40375950334786165,0.44545995921946085,0.6244461881200227,0.42136323684031735,0.7941219943549199,0.3197234826809854,0.4926581845793997,0.26768232372662265,0.5246155436723362,1.0,1.0
0.5368877667266098,0.5489288165588585,0.2821814338891956,0.8068743635947173,0.33373662509692886,0.36446363505623974,0.580949934623902,0.5951418053274016,0.6044576911155498,0.587329629991848,0.5063638506234237,0.5960198966122755,0.45758533196932444,0.7023013072230219,0.6648530749859424,0.6918717299832271,0.17486046361648686,0.5909136577963064,0.2942868512123183,0.8381204680512694,0.37769535217249406,0.3827350893235649,0.21717266263463264,0.5936582981565636,0.44784321041722513,0.3168555924182662,0.4482346994773129,0.5419947805554738,0.39300498140627266,0.41659353148132433,0.2656385397219863,0.5462978143256398,0.4603195201415086,0.5783832137214107,0.6819685610760273,0.46662779009595734,0.31158616832175273,0.43940213919287635,0.7477204552878239,0.5642874933076397,0.577165565837433,0.6085181969796839,0.5011464321368104,0.6112425445903585,0.4523511534628697,0.37621473754222096,0.404147402660594,0.6663822065510707,0.42773203811586513,0.45965657278628885,1.0,0.0
0.40674189152951795,0.5136752672273336,0.3721138935636103,0.4121592883441999,0.4227318228107959,0.7810755650243764,0.41150707951521687,0.5316215788697067,0.4845793515922069,0.06460036439379706,0.4392867759386484,0.36796637531411197,0.7680538911705795,0.2992870009203883,0.5429058468582347,0.47234756406103845,0.2792157849269525,0.45673083888534444,0.845866739590764,0.596797739646175,0.251853177697385,0.5276298839442288,0.5556295267736455,0.22948503400986772,0.5964986440762171,0.881935798028346,0.47186121347634263,0.2602322158101472,0.4949455341305119,0.5614635313956776,0.31006521516264285,0.5904859499685708,0.6355202158770148,0.7858707024985742,0.29537519428946957,0.49503205916361387,0.4587452887372239,0.5564173761582408,0.5230013368355816,0.46712765358844255,0.4376438384414501,0.3822034658700552,0.47873054434812623,0.27009520643527885,0.37000630472671314,0.713550641063152,0.5452688634888102,0.7476612292493241,0.784184095802189,0.3454881892008015,0.0,0.0
0.7718646800226932,0.4241646723211967,0.5331468928472475,0.5206496420544285,0.44829160650493644,0.12908849308200218,0.4568890612559887,0.5249811233621139,0.7891786592961196,0.6670291556921487,0.46575895829282565,0.21872895482643423,0.5182066845323827,0.31790463522043205,0.47648855894890996,0.43390742684905215,0.6188531110925869,0.49448394881115026,0.4503839737481047,0.5807645426891896,0.3845832867483898,0.3970307817974541,0.4836465450480324,0.4138671072094882,0.6109769059527206,0.6798590736179452,0.5757988655070119,0.8486068152968044,0.4567304752140929,0.41381697822510544,0.31113415443669246,0.49931169495440814,0.4516785721379215,0.5299661899592749,0.5313285990295344,0.5371038140838487,0.4479045235698099,0.4758232359104536,0.502304047466449,0.6165144308880295,0.4818474241842544,0.5003869357372969,0.6817633936486713,0.45165215160989913,0.6234882704946715,0.5002106296134333,0.1879695098761692,0.39909820035367294,0.4913952560681761,0.2881154783522817,0.0,0.0
0.4437466941429898,0.5777435929799218,0.4920852853872807,0.5579943346531985,0.3312864261375964,0.8905367355225048,0.5053686227989865,0.29834083139484646,0.5737316855466817,0.4645271363389267,0.39256673418331933,0.8401723944607647,0.33165877114619163,0.6627118682331978,0.5292718448434854,0.6045221271698408,0.5556740618743439,0.39414647302942285,0.3791621851643027,0.3208539391555994,0.7257812622659143,0.347860142050118,0.5285834930078777,0.4738005449004392,0.6507100049998392,0.781631538865551,0.446152303654908,0.6743559002540097,0.5821861881839314,0.34042802079609297,0.40764795944141136,0.5199761272436115,0.4932184786677245,0.3065884266948286,0.2098603225770849,0.7412757656481047,0.3299501530058725,0.7926303940667668,0.32369347366689394,0.5755168345584258,0.604871053142178,0.702670601088174,0.5201031240565444,0.20129068363430933,0.33910847601840516,0.5335150796855851,0.6049728088301826,0.3255223433676837,0.4117566170647409,0.5729405614983187,0.0,1.0
0.6619139231111989,0.5628256104070143,0.5753963291992054,0.11231976321416261,0.5408319578874333,0.44087291408165213,0.5945774753920705,0.855033901963659,0.30545795348476673,0.49446041018477505,0.5039526540379615,0.2514517831081046,0.45068514670584986,0.4901064179584951,0.5308860751508445,0.33318338590681434,0.7492979203119162,0.4466752879753048,0.14651250698365825,0.4268713141716869,0.35694644597936703,0.5307312396220457,0.4963156148801614,0.5169398206098448,0.5365818829021636,0.5797432128798934,0.6393590211676916,0.33157135871826315,0.3438514680435978,0.4496584250064802,0.586853746090379,0.509418869388845,0.4195731339684989,0.8000677179606619,0.49536929903391175,0.3482563240403941,0.7901702747871984,0.43926663223001483,0.45389401856287376,0.7641923244229875,0.4282254536601447,0.6559746076987539,0.4702733134055696,0.43121426228960036,0.25986274396180636,0.4957259448423652,0.5445216873538218,0.6579251958495779,0.31942071026431945,0.4447597926422159,0.0,0.0
0.4497315274267045,0.6185563530567679,0.7562408832741513,0.12857848766760907,0.5990128169041645,0.524459558603615,0.22684146516265646,0.28750563417828645,0.5265659692732509,0.3099726148905948,0.8511552516276911,0.3930408160243467,0.550404798460607,0.507257927089869,0.06526022365641307,0.49248077134213264,0.36699421731440457,0.379656444303984,0.47946332106172607,0.7585266656469815,0.18137727861386466,0.24172627714510062,0.45674407397587785,0.3931792468639218,0.5094364463013624,0.6563334164527326,0.4292091067075375,0.4621580795252611,0.1924421556185551,0.5566498952488443,0.4855794870960722,0.681797150187987,0.6799410488828076,0.531299980191411,0.5622083409063712,0.43635452316011775,0.41991080102994777,0.5485457578161688,0.3504039149918175,0.43254280084699637,0.3666282024824741,0.10317981501657211,0.5613405495208836,0.49474446504029823,0.6723949940968112,0.4159006544532251,0.4529225716562029,0.3939804472347999,0.5614351117041655,0.5215950900393926,1.0,1.0
0.4692270164055548,0.45029302096663176,0.4881791824723625,0.35687885498371674,0.6221572954217721,0.6402018151183649,0.2713261793315649,0.6241633465397085,0.7197124950140877,0.47217845653563845,0.35377848496816433,0.3598984407472801,0.36873653865382805,0.5145665495158767,0.6236594022849871,0.634684276068094,0.38622075297292324,0.5114598392612391,0.399352930613911,0.34653200713758225,0.6932205073121513,0.5998464792085763,0.4649347821931867,0.5728864024938122,0.5420803024878784,0.7311105621147953,0.5639447144271909,0.4695500756497645,0.3922055170912792,0.6686694981455982,0.5143438394408507,0.5521286707980918,0.3248738557309925,0.37733358894062585,0.20155264041108095,0.27218953241288074,0.5411675696444855,0.6455935506997059,0.5251058375989983,0.48691565733094805,0.4768030539334813,0.4526016393243109,0.7582576747360558,0.5770136406295899,0.3896271636295667,0.37177413778058754,0.3738957046670955,0.3667118621488014,0.316213767762182,0.2897506344249181,0.0,0.0
0.5990154908738825,0.2336671945301287,0.354049013294054,0.6442544490541098,0.39327534281131016,0.329447913701286,0.5694691961372743,0.5717087247552319,0.41154383067358663,0.445742907503915,0.6238917070007872,0.4581731144807883,0.49681227268663697,0.34067114270900356,0.39267692948685545,0.356944163716846,0.6837484792207575,0.5573587837806614,0.6697396619554141,0.5324237347698205,0.5644876188367117,0.383135516556302,0.4106620935581471,0.425696464294828,0.460908992964159,0.7797391238405847,0.28701448098279597,0.44450117134864847,0.20544308345472237,0.6120748495204107,0.1968041149499381,0.4923683012366487,0.7095182676538992,0.4493935513538142,0.5316625797832429,0.46568639677632717,0.35640629713326377,0.6727696394703137,0.524138292811373,0.7825956767253486,0.5583339503506609,0.2807975346569534,0.43726126280514066,0.5968173349084334,0.6236100650934113,0.40799101558487544,0.5114130090234235,0.69184289979708,0.5644053583835057,0.7678679953410933,0.0,0.0
0.6104269438486506,0.5715655898542832,0.35537266153722724,0.46415845679036083,0.39062613796741946,0.33650066494852426,0.5768333171203046,0.5999881460031685,0.36286421577660194,0.6291201272530083,0.3838667092767189,0.40407406508335014,0.5031083931537506,0.5036176682303105,0.5089663615133025,0.5816791911085543,0.16638483154574502,0.7632145069172503,0.5445039360988129,0.2886680793462585,0.7385307558048503,0.5777508769289863,0.44884944531854487,0.5731911281219667,0.4458369024638591,0.7205003462379693,0.38257061189401786,0.6549343955098246,0.284097333059393,0.33518558747481286,0.5669265595985509,0.7312895120238879,0.4571975668220478,0.49983688682786304,0.5693733224694149,0.3672069704412495,0.37642059597458344,0.6446974943199931,0.4739177474702599,0.38294792906551894,0.4640097555450804,0.33708134812391044,0.4537598359712824,0.5742351662242583,0.4248777410143044,0.7708564863310857,0.5889729394102424,0.6518079721865019,0.8793680288242157,0.2310925918564131,1.0,1.0
0.45990761734631025,0.8323212495462603,0.43259506758401817,0.5562397777596304,0.7682902827910822,0.4210840062560246,0.6217071548437482,0.4722464243995064,0.23357624249674558,0.5783452923676777,0.48980636672419303,0.6335351365461178,0.4881649726221472,0.5432188008036399,0.6238524244535645,0.41436405183315833,0.709310164149247,0.4340025233328394,0.5773879975849863,0.6368526922867717,0.5031326092279741,0.682720703582683,0.5875458935628185,0.147632213590765,0.3530939043041916,0.6702285025706559,0.3839059350234601,0.6257377386945004,0.5035141239445804,0.3395909266243708,0.4328601829753254,0.5343120616705114,0.5720715912445747,0.5351209798545185,0.4911675716044965,0.632983761926879,0.43907372050167076,0.4005983362233212,0.5980702365478631,0.7487538991736319,0.6827101265180057,0.4272587089836669,0.5800362020188198,0.5275040216032566,0.5075874343708939,0.2792845075364642,0.3909235529734046,0.5689990897034855,0.4952994933949379,0.3809491119356179,0.0,0.0
0.46042705557625446,0.5371079476824407,0.749890969452842,0.7342017470273183,0.32511386571315104,0.38763393920585704,0.4004184417673854,0.653386840048692,0.5930365076031547,0.37967432284622693,0.5699456668446217,0.5296879078255353,0.5287851532202881,0.5977320480540369,0.5291268517799377,0.4272673022980696,0.3842634231063217,0.5072825612647098,0.7609797796416778,0.39197915199066774,0.5769763988096573,0.5448419147700663,0.32824936384499936,0.2306844666799547,0.44197392998876894,0.5698328021510711,0.291083964040058,0.21853955786133672,0.653214381093989,0.5623410681696857,0.4650385690405061,0.44155016022895477,0.5044256096898935,0.2675405305275201,0.6807540407603219,0.4418443339680216,0.4503966871875606,0.4350284059733456,0.7147073434336866,0.6446950634499028,0.561943014996522,0.3515869216220425,0.41400759859724356,0.32466099472045756,0.3032566552724037,0.5841453512391914,0.43443631092252116,0.7453183959286979,0.3281626178634161,0.5981628958602258,1.0,0.0
0.43202740113725036,0.364126968003463,0.2637221415110507,0.5328989156050946,0.6861327055048675,0.5905240032478791,0.2188801275402029,0.42413229173621686,0.7329935693926932,0.47919123888590986,0.4936178394991266,0.34484703091176666,0.23901646335619176,0.4273977652867344,0.5714955279996876,0.42699636126990487,0.441987473349789,0.5334887450823825,0.47463133166560545,0.4588238879724843,0.5932149077511416,0.5498555743227631,0.44727030991486283,0.2442810924163596,0.5319027739864073,0.8865720214116688,0.4805133496963929,0.4621459894477175,0.408763514558609,0.5384440555258133,0.45568797752160173,0.2768590658048618,0.6577994706262446,0.6054200241688834,0.6344541843346748,0.5411565483383426,0.4777769629327086,0.6670768435621938,0.49669761544287255,0.5760174337518947,0.40898451326157953,0.48204453340212655,0.4882662376424459,0.570819436680214,0.29261315232502844,0.5272708094515108,0.47023175197416517,0.6778210592301248,0.3969234471677211,0.773789969758533,0.0,0.0
0.5705334252685613,0.4972948648788951,0.5983837828515682,0.3620858763419078,0.5354138600891043,0.692174479428309,0.6834971057931385,0.3665899904670192,0.6512451610215566,0.6020237170597723,0.5997493424656154,0.6301358003539427,0.4850096921193958,0.8256169168348328,0.7344836726909271,0.5342453925017787,0.3892517071423773,0.4343240642136752,0.8161975199290975,0.6705463425414877,0.7054807748703641,0.6100546975169008,0.3955517895985289,0.3486258529361399,0.27766542458062127,0.526677803781612,0.5262137996853816,0.4896898017896654,0.4033916452018699,0.6369256166273118,0.6118221565535681,0.5679547625906002,0.4667588251822718,0.30231467413714674,0.24974404880350054,0.5819685140635067,0.5656247876008779,0.6711708882064595,0.48575659438839236,0.7195883054203801,0.312586099627336,0.4037030647819528,0.1309092670517855,0.5237830339190632,0.617915834023556,0.35253503804958297,0.4560963847163085,0.41710762686392144,0.5630849355907751,0.339644029093824,0.0,0.0
0.3557503139680328,0.4827214887874389,0.38201026782003544,0.5768870341686124,0.43762496237682674,0.5997148283778572,0.34944885173421836,0.5356583477178419,0.7716919366831939,0.5753778023785553,0.6543808964234379,0.3851781220719711,0.5937192082741977,0.3839865759386432,0.3553066065160626,0.3462552014238578,0.6016986386126092,0.45131223351242544,0.3664052228602176,0.6256610016301024,0.47413912278800746,0.1923076863718751,0.6178107428742966,0.23864796103064784,0.448656440718335,0.49177454942436266,0.538392864812575,0.6674011470584212,0.7488062449223624,0.43892896728220093,0.47677358006284953,0.6557231261702803,0.463820204017676,0.4574655144562149,0.8779779578414831,0.6581275264590546,0.3068612632050371,0.6147370727082601,0.1978859499328076,0.6037490215243879,0.3736732034850045,0.43752479073892947,0.546958061851935,0.3711632355585278,0.7339343544822313,0.693682675081683,0.39303767726941297,0.3664769529331594,0.6057583812658941,0.6996433578025724,0.0,0.0
0.5360511339250593,0.5478389597225127,0.4237129220101329,0.5076333583668816,0.6573779849995888,0.5167786526338289,0.1277511168189013,0.23250229217914994,0.3653167511777817,0.4837854849498196,0.31621460293984227,0.27179953452012157,0.5197951609915706,0.4647938970386618,0.5938824028129066,0.31919477853981715,0.43425581673814484,0.5570881973130202,0.40468917837202695,0.7133695323962933,0.5447181547527247,0.4318531512084099,0.583680015715878,0.44584257334064414,0.4438058605236571,0.5797696661505886,0.5344507290927341,0.444977022834677,0.3347688085717517,0.7991137327465238,0.2510166651980858,0.5012003783205918,0.16149925919780658,0.5521296930391114,0.6153230711432169,0.5974607027455787,0.46019601695429635,0.4336562595444818,0.7766845056641944,0.4606037002482285,0.5841598650646938,0.13664155699727895,0.556346566646263,0.49070970523566637,0.6800892268836028,0.8282252082703448,0.2999120557019048,0.12759040717270886,0.6285320560023325,0.5200012676822854,1.0,0.0
0.30601380975450543,0.3706854038614089,0.5541698777968789,0.4544320681814608,0.5182571574368351,0.7474692167468725,0.5693766337455286,0.5335918639792313,0.61486125047566,0.6527852494746295,0.2359576920705609,0.7247793804163261,0.25903194296322435,0.5285694135222775,0.7033889711109944,0.7193101612969119,0.387391121781368,0.40918014498591276,0.7343904934036333,0.6405849177111568,0.5398479674510291,0.2849738372340947,0.3440129309664026,0.3235171416222487,0.4709111599286505,0.6598166285304204,0.5231089025729802,0.6623278729115686,0.39436989922888294,0.30946779028316157,0.3231020328260673,0.5723182347183506,0.6279304124249447,0.4745079275096024,0.7560332269305022,0.6325507677823807,0.1862046009947471,0.5426864690568495,0.3145567924674648,0.5533380150615801,0.2919299118831717,0.37466084967142327,0.6886673383674651,0.15667657381502728,0.5741423495503649,0.4210521274843368,0.5628029814116522,0.3339813919045116,0.5860525294908199,0.5642623928311926,0.0,0.0
0.7892723832383638,0.7387182412727712,0.4323019941957254,0.5457113455212882,0.5429832668668548,0.6214861564155509,0.5092006992400758,0.4335357694663335,0.5264558517498181,0.6369582821784443,0.6566650631280517,0.1789173558986436,0.4358133305483555,0.6654862233822686,0.6658337464506294,0.5543499986681066,0.37370520603189333,0.5312981300363501,0.34708451396089834,0.5629419000283445,0.510226304776571,0.27341511903442306,0.731614816013877,0.30637854667958603,0.24745746343198385,0.44009411246393315,0.49118402643328873,0.5735808417221175,0.09893708867130727,0.5421790835401747,0.3890618196596814,0.7170085048805738,0.5006040137409459,0.49578393995255465,0.679658706886599,0.4737964300525442,0.708140258677691,0.5950261754214881,0.45227868629045886,0.8509519204358873,0.34863449320800116,0.485662443988077,0.6737220840908784,0.6669106857201184,0.3909955645100784,0.5321881575871028,0.41663662682700586,0.570965523873403,0.3003879146763783,0.42081633569474236,1.0,0.0
0.6883109835017259,0.41459033617627417,0.40287635906074365,0.5620205295523519,0.5825017424193684,0.49279038319166973,0.5281615060321664,0.3251336770115992,0.6946566553567296,0.5276136461489295,0.5714382368809345,0.3929334729419568,0.36429287751433687,0.3603902210103775,0.5305704624687287,0.4709763916391036,0.29912780688636387,0.5223778255551748,0.38312481879885846,0.6033830642316514,0.41333346251183056,0.6362906588022602,0.531976147924581,0.6206081868236657,0.4202094269836043,0.6270900386238285,0.48912733380519186,0.5641237775324117,0.351499213631948,0.5251920063408807,0.43935883806524206,0.7472012213389753,0.597380405620679,0.3346287311142469,0.44322722007551707,0.5571629122683784,0.742513575503991,0.5650373908053221,0.6198024926087226,0.6271264249522638,0.498278617846772,0.594616167455842,0.7551054461991755,0.5739163289168897,0.6720530636651414,0.4615669501467986,0.38371757050701016,0.5378211668897432,0.4381834140135089,0.3511097185636301,1.0,0.0
0.5728622597732326,0.4407342989153267,0.5006532318761427,0.2659659857975645,0.469657784181188,0.4584135117647688,0.6437245912060079,0.6334289010389385,0.6051849640509807,0.3928319529975507,0.46925421801198375,0.3433477218240135,0.748660599724593,0.5300668040625235,0.36011029996551297,0.32071467944733245,0.24838843880332576,0.39186528523235287,0.32951085555149695,0.5224753311850557,0.41399417962565743,0.5595241728075923,0.5177321566056798,0.5283401778745251,0.46116392242338833,0.5623847816337549,0.6000450364453308,0.5462850584918348,0.6275192658056569,0.4063066750277441,0.48309702812116156,0.548408929960567,0.26353946958233004,0.36131348543745756,0.3738585276227529,0.4840539521725849,0.32583106193254646,0.4918282333114375,0.30154029534183524,0.3802474802399407,0.5264626026744148,0.48984980963895636,0.41155010995473706,0.5779100146293311,0.45127981769354253,0.5273139265579938,0.5115550405716719,0.48976506296110506,0.5472732743249592,0.5742307393081226,1.0,1.0
0.5508005773726449,0.32427260828375815,0.6188661820707325,0.48610436178921557,0.5110809510461858,0.597445916175925,0.6079313130144793,0.28595512832710324,0.4315878743455622,0.40441999833097664,0.4918836414840212,0.4671133177038355,0.6781528527946532,0.6018678436637448,0.47242643774682225,0.07557340353715727,0.5281755725576966,0.6279097295771239,0.5085686381386839,0.4115536190115712,0.34412568878316474,0.8130028117767419,0.36849795698475,0.3066860366055514,0.4037398608941026,0.44782965190587687,0.4238177667997717,0.25640744587162057,0.6063758244039448,0.5300453906821275,0.39685286443404005,0.30780672810674414,0.5241139491078302,0.39338948360178694,0.8997495141824434,0.6471054603053044,0.5573969908514608,0.6463429957634969,0.4914481126115372,0.3303048512589013,0.6411500135566081,0.35081545893720983,0.6937613399533702,0.5057242006102806,0.6236763068263963,0.5218847573767352,0.5179839096493583,0.4249660787925301,0.6299960219729087,0.5381994989507343,0.0,1.0
0.4714349787121022,0.4874915446942554,0.44072883506430977,0.4316720077599165,0.6074482782634693,0.719748503586888,0.49669653627214927,0.4678283977413491,0.6633527646339624,0.5661892492021184,0.6645071620153746,0.48355139074391945,0.42755016003244123,0.5237310832396452,0.7339796959692289,0.7328158154351389,0.26031335536721645,0.39728552164999814,0.13726497310556005,0.4460878413338606,0.4016843784025951,0.595895825402967,0.6900824713018309,0.559564685413032,0.3876896851337398,0.8062478287282941,0.23607617615310642,0.3025654466852132,0.52055406442967,0.6707953442305407,0.5398282135563262,0.3879307780149152,0.5076747844090359,0.4911515813295604,0.3492560499246374,0.5521031287658391,0.5120990805376174,0.6660091708911201,0.5877019355028938,0.4911236301705452,0.22386732544728513,0.42981209654099173,0.5041135958366769,0.48513613062416827,0.5237815822827753,0.5091454846909725,0.587562877989358,0.5849343626515252,0.6430066343905614,0.5795693864702648,0.0,0.0
0.4915467693322038,0.2757111666571666,0.4619001998623543,0.23257291092009444,0.6819305470896679,0.6126178850300966,0.4414629072578835,0.7013512508023608,0.6625002383375039,0.5536735829623206,0.5969443881546246,0.5160876095978053,0.2490051121123159,0.4031095230025228,0.5595302090472124,0.3078174936360605,0.09421437423897285,0.4572545691572524,0.4841505913686266,0.5337441592202332,0.4981867589960698,0.3830735418060449,0.5433292453475905,0.23357748790073338,0.31409380778865525,0.4441252753820575,0.16061282254377998,0.38019415985819827,0.28391178994356187,0.6034264075872484,0.3587794105909457,0.6784309349643707,0.6002893364582013,0.592220703378666,0.5560949864797365,0.6414496084689141,0.5767608077259058,0.5841989576778086,0.5142563439018568,0.6527741546827567,0.28093227942272264,0.31061655249830106,0.2339669428442002,0.3095059166495707,0.42827525814487954,0.3920794237044076,0.5395540388251789,0.4516648907902903,0.45951958355207917,0.3637808760307024,0.0,0.0
0.5678838982361535,0.36946942702265834,0.5032776302005709,0.37670587164941816,0.3552868584957675,0.6641708080793008,0.1303077570173784,0.43009248215133306,0.5476140258798957,0.4342897358921781,0.4755151641179065,0.6542888536729758,0.5975367161642345,0.720979160376549,0.8316054159339413,0.2890202211939709,0.5135731192163332,0.6369555100587944,0.3077650490948172,0.5448177034113322,0.4021112203981849,0.6993197387864505,0.3437188283167103,0.6024168620756736,0.4392315056887359,0.5081480343410217,0.6994395041612939,0.4946187617755762,0.24940342831442924,0.6190154044477364,0.3256716667539503,0.7366844871522185,0.5325622212346953,0.4410019089323975,0.27944038587221426,0.6984734688591991,0.4774313991521912,0.5589219095490179,0.496975788871567,0.6350935454643948,0.3250882750575179,0.5772868084918702,0.7330796405567931,0.18654801083651745,0.47873462959689084,0.6816252446478878,0.24678887282599077,0.5773279731928141,0.4838720213606643,0.2799714423206507,0.0,1.0
0.3083152311133826,0.13148748189204318,0.44461870559773087,0.6648747851054035,0.6010095160908816,0.16334161593551086,0.44215319700373124,0.39104416425208294,0.687543812860258,0.6250632585880301,0.4929180672705317,0.4624146754936523,0.7587188386856032,0.4524089837746081,0.4210925849784675,0.4007321290423315,0.3371575272893021,0.5042727165086461,0.45106241673124614,0.5960848239213853,0.6248026110066306,0.2797966839407782,0.564629630690279,0.48718930405360095,0.5065699151016063,0.6301389248787594,0.3402943171263963,0.3675248220863818,0.6442118892282608,0.5574922295696128,0.5370256994722981,0.37153147656192653,0.1979791907811747,0.4121448693421553,0.48995082233584003,0.5818836074150444,0.4999280033472047,0.2647110819263033,0.6803883615666989,0.4474249231706143,0.37511981629151575,0.5079084713616393,0.5506484870385393,0.47872516871798687,0.6049996590502168,0.3680813400522276,0.38121739585308845,0.3646668988325137,0.6300366184068771,0.516456696358867,0.0,0.0
0.319765834473691,0.28701066044025664,0.5292210285638295,0.5170391702948028,0.5257560988430028,0.4788423016867055,0.5476461883559537,0.6433191978840497,0.4966779370923555,0.38330556305508445,0.2469459721024755,0.44546518369244475,0.6538440273892048,0.5472212075926123,0.4533581560534628,0.645671191005591,0.3981752948833242,0.4952577585940967,0.3310139365569344,0.300162102120891,0.5831671687869852,0.5072077505006589,0.26178443180701483,0.4275675851850277,0.3557343809626894,0.6408493350654462,0.23363896726498706,0.30713585355657835,0.4700696613131397,0.8642751798287953,0.48454230785756053,0.48174881242613316,0.3484641103165799,0.4701966015102035,0.6090601271227799,0.5522586057783943,0.35540032009612216,0.48426602709842803,0.5643302747348694,0.5276476123960793,0.3505597848652367,0.5190748942538727,0.4529668897033002,0.625614155583594,0.48701589676619644,0.3714147439888573,0.33606978551342065,0.37040627085031275,0.3991408069203273,0.3842007101544818,0.0,1.0
0.25343219842931,0.26329620219526334,0.17078975419742484,0.4501017450087865,0.35944530742169056,0.5848568455044169,0.3897521438179877,0.547955314274578,0.6068757886579316,0.5622593393991385,0.8475088880622124,0.4002957567076743,0.5522605237394049,0.36559090661061305,0.564787540865893,0.5409495348571134,0.6629069612825237,0.6052988257303878,0.7111507448366223,0.5429739534089532,0.5112061474119985,0.3792618415000314,0.4944433735611278,0.52653558530657,0.5546153987569639,0.5322026215174869,0.6508644321747745,0.4057871310361416,0.5957852226508774,0.6674316361192626,0.5381054616836386,0.38471671737207275,0.5250414004916693,0.5961903862633762,0.44922331805941307,0.6413097909767534,0.6348299722756143,0.8968351636673058,0.33768087731798346,0.4215747305769003,0.5090393350275594,0.45615519332992316,0.5204036974055768,0.4065086273796722,0.3941173421763115,0.4716928649784919,0.20319843769141865,0.5519504687167855,0.5491738436019319,0.6300147121647952,1.0,1.0
0.2529045793863479,0.5076832050335046,0.4367396444292915,0.3057357687451787,0.35759900194886163,0.4285506307669035,0.25772566020706955,0.4599599318976596,0.3897732485586865,0.5005667075616024,0.36965104583478897,0.6833895625290253,0.30821410440650265,0.34803539233832986,0.773449503417156,0.5199297737371857,0.23204840323818882,0.3372160304267351,0.48236450338156384,0.5681739491582725,0.5664328460789769,0.4742165566784006,0.4093358018996334,0.37963576829164447,0.3941337841707561,0.5560822355700337,0.4811247077051775,0.08369414170002291,0.5478569228361778,0.6959799328601445,0.416047988697346,0.3727923319919586,0.6311826075593137,0.3046335435572112,0.5544326604839853,0.2623312857838149,0.527466087093472,0.8031451028973888,0.4061890873317304,0.4190869671524339,0.6444249846754411,0.41140924045385985,0.6845020321189027,0.34114966307807,0.6534663931053722,0.5473581613009927,0.5618091375808373,0.5800493889072166,0.55344965786583,0.3577164833579959,1.0,0.0
0.5107628879760364,0.34518760257010955,0.5150163272890501,0.5973915319026105,0.5736200547814438,0.34469651607893254,0.06279216861910163,0.6938131706886228,0.3389757531332918,0.4369654641873794,0.6776744377834866,0.8203466302426525,0.4814981296601858,0.5626459197087039,0.37939916694784737,0.4077374914759173,0.41085959103821057,0.3203769819041347,0.48109100176487934,0.5176947954667351,0.6258378366090233,0.5933454404114724,0.3648236050819336,0.6594100520784377,0.65030173096951,0.511443119521077,0.4562914136134345,0.6426268357891739,0.6031770229192088,0.46667985117491945,0.35505447099992177,0.8403024516344103,0.5197273381776593,0.23085871767420013,0.4898795590259881,0.600277825241362,0.49215383233116955,0.40837347515879097,0.6208996045647774,0.6882320775503962,0.4774286633803848,0.4857230042344725,0.26683402843598436,0.6067181772287245,0.6030295664207421,0.44876283245593995,0.5706816807155385,0.5377567772374234,0.5585180378877515,0.5591549958365946,0.0,1.0
0.5599964364763907,0.48403638952052563,0.4991478383548742,0.5133697830089345,0.434741197830515,0.7648972880762324,0.5760668748431507,0.7750249924963508,0.413857416501076,0.27403153582622714,0.10025944975727005,0.3119582281126197,0.5560584643922364,0.6020405778388489,0.7897017395754473,0.2422375912292674,0.11678123256675421,0.6379628031764504,0.5385629516116495,0.5602643146158816,0.5352601719610337,0.6830352220937834,0.5761609166528201,0.5155328129073515,0.497953490338511,0.3069813422114281,0.6757061277207324,0.5872405045732058,0.3847459570538271,0.613234919862557,0.3149703209298928,0.5633912663903011,0.772348244052052,0.3452114996929948,0.713651659197629,0.5004426985240942,0.3570040261401247,0.5735996578109089,0.26701419423901146,0.6479870140100696,0.3135784928200243,0.7178621475666267,0.8807400367596058,0.3384759089733935,0.14408318635113215,0.37943284715358866,0.26805174916743485,0.4474870509019418,0.5946698175968936,0.24703448505040987,1.0,1.0
0.26240814257703826,0.4573492378584232,0.5175911747356521,0.31982113323852857,0.4552341016908641,0.784970337783865,0.5691056693615097,0.9454711895939739,0.8249446356227871,0.6366075457946927,0.745588795169638,0.5774912427874036,0.34186473629127834,0.6915552499244275,0.47929961794174764,0.5577398602187973,0.532362099871736,0.14432853264644535,0.2664030419893334,0.43325089390115085,0.456975186494903,0.39105810029620436,0.6074593231799629,0.5009944890526375,0.5297574501152819,0.5417236656845887,0.36219059395134795,0.4813324097541801,0.321961357282203,0.6518545045605005,0.6539511828730655,0.5771806638593729,0.46810097934283934,0.4527646269273278,0.3829367838322189,0.5672480778351745,0.6997345621835463,0.6488677899941901,0.49066259325392353,0.40646084784252734,0.45381694156739394,0.455901672712739,0.5271922204596595,0.45951764192934735,0.45495793102354715,0.5367720009136425,0.40888680468252736,0.6411064761804591,0.5859769830027998,0.40980119256740455,1.0,1.0
0.3284390545292642,0.7008352064564816,0.6468995506690782,0.48914082415430743,0.43668090685901856,0.5773442076661798,0.16128335537355096,0.44253559050114616,0.7995696000036471,0.5825833694483566,0.5247729020350522,0.513119405449993,0.47131253524245353,0.8021845386680023,0.48525350683986923,0.28371821364167404,0.4403884178461745,0.4274200517631493,0.2566255417672907,0.2983337244873468,0.41337545096454675,0.4555590115620482,0.539448030531353,0.5315277759587933,0.5724893194319717,0.41090955003247553,0.3328386766375037,0.25154008409594575,0.47184782291733274,0.3588086585475258,0.7064509026815291,0.4737807959703231,0.40557201056583025,0.6136840143946259,0.33429450364614594,0.5878353667272412,0.5854718909678647,0.5083393921576363,0.6901106120525627,0.45245981309294403,0.5702336830277814,0.3856409954093589,0.15783969700909947,0.4878175460145968,0.708782720645132,0.7617664538345623,0.4441851782985866,0.8683692607489837,0.4836546459604848,0.7938988366261571,1.0,1.0
0.7297063680842393,0.430286142447682,0.5546317687441121,0.38153350990275164,0.4533050897967578,0.6525816016284063,0.1682638428274165,0.6380577736029023,0.5684621584676732,0.4509879738947796,0.6285413503286729,0.5759988840488524,0.37775719563587246,0.676249477248121,0.26353176775681814,0.5702718273181816,0.505273514716694,0.5542231852908523,0.5000872017819847,0.5469278632194986,0.2827732986342121,0.19551099554837853,0.4293816593035899,0.5929005135936152,0.5224217572826215,0.49677953490964016,0.43434386512929923,0.4600436410940856,0.513454616435234,0.7710595535659563,0.3883291655512907,0.503899715387433,0.7986601969986697,0.4247971407741265,0.6288575204337264,0.4800625215820287,0.5669916131883252,0.2720489790262287,0.3154541566203774,0.8150686969505722,0.10260013886718407,0.2629226664971825,0.5268319830142768,0.5373367266252143,0.33056919328209267,0.2882127835955091,0.4447057089939968,0.4268539726875114,0.5864485876595694,0.39136235456039087,0.0,0.0
0.551893476521822,0.24200734951074523,0.6312488415520802,0.4495441897701431,0.8025484786504562,0.793541757113463,0.6455915487373647,0.5319170605239811,0.4218974491254182,0.49596184993415626,0.5332690998776672,0.41739013220981963,0.684406860419195,0.6994410865844974,0.4843738246229111,0.825918093071128,0.50606716741652,0.23801817907112055,0.5342525614377214,0.46625641178359717,0.548471666777582,0.5417678540070774,0.44133392524913856,0.4104500534363593,0.5013245938237267,0.46750252547152343,0.28491391158757917,0.38793974258936414,0.8581779744089015,0.64989640239289,0.7676899412534671,0.547060291266987,0.48003530866155203,0.4725083524177904,0.6831474776625487,0.3759496294729959,0.5754926557738907,0.6537864902692827,0.655654960897262,0.559117163635939,0.8672959371993519,0.6142387363566277,0.739549897835446,0.5475174045588957,0.668844919714068,0.4062200270759344,0.8071534199848873,0.6395560711541012,0.4509010503809269,0.5193006154500833,0.0,1.0
0.7605941597008743,0.7506535740902877,0.3702777780146241,0.3779399853305628,0.5646522566188666,0.5022721488210812,0.7650292640513882,0.5096657217111641,0.45465723809568626,0.4367820959055544,0.3495706757868117,0.4946038993921886,0.4608901101296827,0.6666636875947777,0.5533450307413673,0.2946412262627928,0.46136966714686495,0.521855076127,0.1403840318536102,0.32463981692729255,0.5587487407782473,0.5568544085523439,0.43267895671574164,0.5293379299910597,0.28490476043435864,0.9004035589521222,0.44109998271893547,0.3967054018688988,0.40856668937264023,0.595212252425614,0.4626722147557202,0.653029615403256,0.4706452615638137,0.27338542270997757,0.3884549268111826,0.616098999109255,0.45436221085811246,0.4880880521410089,0.6150994744637199,0.4501633438945944,0.5325500528109247,0.25336827302569975,0.46983307766905374,0.49162416144398025,0.5359355422464567,0.3132689712532829,0.29833445750869353,0.3756848593276509,0.3923746743842642,0.46533704757345595,1.0,1.0
0.5890486512105574,0.40733813172254224,0.4847166245149555,0.3058694346735878,0.5067961803126722,0.6744839619828443,0.5088684563307874,0.5514801837787594,0.6362928988337642,0.5087215756058876,0.42368523779153583,0.6135910982831176,0.3166747538863529,0.4217725634082887,0.37209537423896316,0.39783242370042277,0.602663987054794,0.3914036259528885,0.696171804946236,0.7165837063432026,0.4138585465783158,0.3651730068980817,0.47459644996561967,0.24402477601322387,0.6301273971945818,0.44630522595757,0.14546535977936387,0.6181370666454169,0.30561215232362804,0.6701430994169587,0.42838809366420266,0.48343894487258005,0.44417861125732033,0.7472871308404206,0.5305717885587521,0.559222317396967,0.3536890882345231,0.575582836705266,0.5791382700539067,0.32132242200058164,0.46595889208923885,0.5646070477284484,0.6609797461222656,0.5854017365102693,0.5036759691761572,0.46869674924863414,0.2876065251265427,0.09877500062571033,0.4441864385013411,0.5613810194812997,1.0,0.0
0.7704322214086161,0.3065856591924268,0.6450137809430236,0.468409009297851,0.4014573881711647,0.4618986106095919,0.4622901780957613,0.5444518060989694,0.2185242435895931,0.4403839539719217,0.3162643825879051,0.6476011020463395,0.406931534416229,0.42803411231215066,0.22958276747955747,0.47075423356490254,0.3048714587453473,0.5742359359987232,0.2182069353583953,0.4169050739281116,0.6508286181670487,0.30163816502789864,0.3603021977019622,0.5766262075262688,0.6490800694323128,0.4051938268543715,0.30824610014557446,0.4957693515103723,0.7361247497542895,0.49906464485761703,0.5413429005803735,0.643485946173509,0.5162335220384467,0.6049968644092606,0.4921033455640366,0.5207845381548575,0.5214125383723759,0.45646101849339826,0.21359524453463422,0.8171212713785697,0.6601910416658281,0.3296878149968821,0.4256596576293947,0.4072024840454856,0.5342264449657896,0.510960498147536,0.6142765983789444,0.9290364139976134,0.5145262799228489,0.6283045489298651,1.0,0.0
0.6661209014265886,0.4462041780039796,0.5604219746372066,0.2354605852304318,0.3846672099810711,0.5609273051424241,0.2050980377950084,0.613268632097077,0.3669258739838257,0.2954590441004588,0.4971790237492662,0.35933080113793564,0.4471868171902263,0.7586296258269204,0.6668562253067127,0.29881601752369336,0.15556747183411304,0.38826434525098813,0.5334675785566766,0.5275678648526142,0.3866198236710656,0.4022897884889327,0.5295156226226426,0.4294508146949221,0.35155459973293623,0.6919642304183613,0.4310442949279217,0.6794651839983848,0.748046224156215,0.31081938979649193,0.2990309812524606,0.6380730107915566,0.19427466095229082,0.4890074807043936,0.6272091533986803,0.3441428608397583,0.5864027105043115,0.4156492921848199,0.532731041236426,0.38958025448111105,0.4067474714791886,0.42015550874454755,0.4988587467842095,0.5763603739356972,0.16431987495205014,0.529316616062702,0.27423273415163996,0.9064377776597787,0.45203706986342446,0.4626490782658853,1.0,1.0
0.6104580754491836,0.5243715255668646,0.485494340159037,0.7484547241870433,0.37386638338307937,0.7605067237593861,0.4841791014267928,0.5418592936746338,0.562480823854944,0.16339952941122246,0.4110206806827266,0.33215524944239827,0.5862119453240273,0.2535610951006058,0.6386482181681115,0.54793403652219,0.31227808736017426,0.5035071474070386,0.7372289608516641,0.5581733803775083,0.5507925175908336,0.40207790657986775,0.21574207512921406,0.3391960373857748,0.3914731236987831,0.6188343586122806,0.4668040217904809,0.509595304569298,0.3079110562689702,0.5942875677574212,0.7185138425399831,0.499609679748985,0.5213786659780288,0.5724586193206572,0.5926377995998557,0.44241890797858874,0.44297638524109273,0.4942253854368495,0.322064657178662,0.4685290113420392,0.44309841302426944,0.4711442177976002,0.5219453263498627,0.40156947228598705,0.5833580912482366,0.39009264179584513,0.17666713495352096,0.5231018269230829,0.5102780726931813,0.6260331305579514,1.0,1.0
0.3434461426606206,0.620145169156517,0.431469095773956,0.5427339862629809,0.6341287580713658,0.37178389019681835,0.5633604113355539,0.5694028871943688,0.38425330556545856,0.5968460350695886,0.4922826578203098,0.11278299681495683,0.6320708098695176,0.6767483943062552,0.5837141170204618,0.17229376077937145,0.2597238999287414,0.1316339088072264,0.831090147482723,0.863281255133281,0.44850052166146465,0.6056241270538609,0.2903398030559288,0.4701294321135194,0.3636317453838203,0.6139537219219713,0.4375586159338586,0.13055421753987226,0.12937934945436036,0.33608702133315926,0.22998270227113465,0.20088822418186678,0.9102830633295279,0.524828100439,0.4450405266095221,0.4235937798896643,0.4399950895484646,0.7873592549805417,0.3729699605017624,0.9909566607341269,0.4638082971819659,0.2529018687594169,0.413376080282647,0.4562365433363679,0.4363436577018688,0.18294197638272733,0.6282568492655503,0.4962325419837305,0.6403550030039504,0.2960509532271853,0.0,0.0
0.5905833945956086,0.5921921681164266,0.21132654535553783,0.4608522564971497,0.4766772410807861,0.6438150246860401,0.11234121397990678,0.4531868357327583,0.39203566153610137,0.639699584364368,0.7418447869564826,0.4257526809266867,0.24430599796621444,0.6648486376180969,0.5222791881383929,0.4945132396508321,0.4834630010691543,0.5717020154185646,0.3609769650537097,0.4554306555020562,0.7049809309235651,0.3012403301243126,0.37099984504556954,0.4334660089859533,0.4254081114413175,0.43165979593682113,0.18162108990357206,0.4508355422315001,0.8158087548008556,0.4134858931647898,0.43427566812031,0.6229450806923998,0.48874014692971524,0.39832949669695333,0.37767028481967346,0.6785299852821226,0.7179527750305842,0.6405104000973821,0.5718437731423439,0.47667291766263015,0.4611427408652722,0.47365039427712424,0.6482099711721149,0.16807526953332647,0.45548195798412394,0.549024674330637,0.45265254824877427,0.1908048321555701,0.3455554884460069,0.3292715146024941,1.0,1.0
0.312413550008563,0.45646124291378176,0.490185100760609,0.7640112017284114,0.7087747012590768,0.5375080903295291,0.2522976067317698,0.6156686220312572,0.5686536337150815,0.5263368459148263,0.5688770697387967,0.32176879649017326,0.36577400779198854,0.687656694067268,0.4827869556075414,0.4622863396970493,0.3523574911368548,0.5416488664416086,0.5665611670404305,0.579793263477585,0.3066057817791353,0.6075599840190123,0.3146699376668316,0.6900759287239606,0.3932321281437247,0.5059131095817401,0.7211878263087697,0.38666628594542174,0.5748258825944065,0.6224476051281781,0.47579007489903763,0.5445976020393558,0.30087363343651724,0.5665444801510423,0.322898776571036,0.8144145639637485,0.3757941039405722,0.6783593007548128,0.5156953184601901,0.5400035823942378,0.486719710256488,0.6524937655993999,0.4019692100409788,0.43801318969882364,0.47333234497839893,0.5074404662641011,0.5518213254612288,0.1624567749373259,0.3391944467415419,0.5513639487434145,0.0,1.0
0.35983613944872506,0.5804143903255065,0.47937267670050887,0.5797478751071422,0.6159244131585706,0.6085237170901622,0.5504220493823625,0.6093137512375001,0.38771082199063606,0.3077855638696016,0.5443776077520457,0.3419887282246219,0.5953604528544986,0.6776776491582016,0.5900140303927034,0.5707956447883926,0.3612169476204632,0.5764525996799476,0.7835295341639215,0.3289393806938539,0.3410956759770215,0.34653848831900813,0.4682122498145531,0.3046369356871938,0.3114347032069777,0.5741806762301307,0.49637578864060794,0.38068058463490173,0.16035023434926454,0.48777685705559043,0.3765402172153789,0.5193992690544849,0.2175225570548774,0.4473438353368866,0.5863508110168889,0.46624102616687035,0.41755287425207605,0.6247393086984436,0.321347326957034,0.5746905635079459,0.6100511510003296,0.16718028203018936,0.30170694081569494,0.36251941592453085,0.671630461415908,0.591003281308908,0.5077261921261444,0.20457555118654625,0.43036854802082586,0.417930748694145,0.0,1.0
0.5451466305379973,0.538072587077829,0.5566084505391219,0.2569331304616054,0.6917970263563119,0.6037820210011725,0.35877080020548396,0.6055888489846615,0.45843091211770787,0.5294015469562985,0.45672670999895787,0.29614031777963395,0.4392246366775944,0.290148277155487,0.6142760291791312,0.6829567729819609,0.6149011593154294,0.33188345561470517,0.4669267394284682,0.26442251004025935,0.4870029028587219,0.26267402426687614,0.49655520142189785,0.431955764600809,0.6778312515875297,0.42713920626010493,0.5695532141459334,0.4289646788672269,0.4877979737282114,0.6319470634152541,0.2933191587873618,0.4953283351531834,0.4002602504891931,0.5659466642785329,0.47458533318318197,0.4526762268625095,0.47634345682530715,0.6608431453471011,0.3808084195348684,0.47014204177116525,0.432949853322354,0.26644155152907595,0.5918306565768989,0.39268004991861866,0.4215390632539784,0.6274378186387835,0.2853367540220738,0.6565223196490529,0.4999836870515992,0.38929076481940805,0.0,0.0
0.5894875349737804,0.5265183046253417,0.610604266935362,0.7851160621368888,0.5011792282652133,0.35925198250583396,0.47360971820842324,0.514260468567742,0.6108984681981485,0.47588443212160453,0.8265940088689477,0.3529147865288366,0.4895494299836817,0.6649538469620446,0.5769130538474031,0.4505363322745,0.32014600465874743,0.5656925163199377,0.30677601412069383,0.6452281755910457,0.23695919626765283,0.5595296724879723,0.5310718742830155,0.44201812295217846,0.4538906443493192,0.6946222538035933,0.44157728346750014,0.3502006803603776,0.4535351422598664,0.6749409264323178,0.3930061041349002,0.5775573078771084,0.6147592616659712,0.47370883956032356,0.4877087539320667,0.7708621112877924,0.33993077277340755,0.3323585937739263,0.4879131251496141,0.7957705298679095,0.4406276489107687,0.6240248173674197,0.5507986738278758,0.5642533282467734,0.4235095902010655,0.6163209192907754,0.40263135335441014,0.6768282709348408,0.6827962898777004,0.5521898460105924,0.0,1.0
0.16122163438502482,0.5947277080321219,0.6140837912285156,0.28545320934745105,0.48875784725417565,0.4884279483250644,0.33588322545919386,0.4335263657675443,0.6555785295052632,0.2723767481390485,0.3082548394105952,0.5575521885346113,0.5254653196066734,0.5637645172593772,0.7708202444733779,0.6636989610990326,0.46281427468246195,0.2776833450873169,0.6076356334058337,0.330639450054201,0.3079417551464628,0.38653395687266695,0.33834484356899397,0.5188498856529954,0.27065240854432837,0.537134877439603,0.25835495345040865,0.5622391869891299,0.33701224029138127,0.4587926385526543,0.3526949632961849,0.8019339004442403,0.48709988634983903,0.6979460735084917,0.4353338446433412,0.5404927731907165,0.520833711275023,0.6302393795548858,0.13489886887202002,0.5554463123084532,0.5793146506317628,0.4305116169123035,0.7556675751328473,0.5704022230612402,0.3264787029140231,0.5186021277822096,0.5108453611070817,0.7742446177538759,0.48875415314451626,0.6108280788577395,0.0,1.0
0.20442964659158339,0.6378038658290156,0.41396051090119246,0.7223191635815092,0.30197422210177016,0.3294006470655655,0.5336205033241647,0.763891527520502,0.6054904936740388,0.5042648801805234,0.7518552925620572,0.25328975238615,0.6821121092195355,0.7745175485109742,0.6864735165483633,0.5267849284066232,0.5685285113277497,0.3747022160181621,0.7978126233299622,0.3348397451648349,0.47930197989768697,0.44933648449517866,0.46548402843713715,0.35921743460073785,0.4180749252269922,0.5832003334185133,0.3280579735202251,0.5145757550668059,0.5682827073616097,0.8414376298313233,0.3290428461441705,0.6554960874905894,0.3791721371603615,0.5466180931343545,0.3593690827303564,0.6207868479288934,0.5340466527236098,0.4772985285459203,0.24458972764217435,0.5584980666772809,0.504423448869928,0.6035955085853457,0.32258445052918333,0.5050294112678902,0.45909282760497716,0.16972975211161545,0.16361497118631677,0.6750979013944594,0.40468911350785663,0.43184290894854577,0.0,0.0
0.28039040685880734,0.6778719338346855,0.7574648966969398,0.5292137229009757,0.5474933057657386,0.5455994751997069,0.3420516105859853,0.5198076133422854,0.6505127028061105,0.5871719269966275,0.3653576654897696,0.21846986489055803,0.3948277305977608,0.7553948763270155,0.6830145353062576,0.553130063823485,0.5786285592265504,0.6802463632671131,0.42167647713677586,0.5830866848562454,0.5156593352864428,0.30888728089556267,0.40466011784047,0.3393499468153886,0.44502462624955397,0.5391805232967011,0.25019187560448125,0.4773173752895094,0.6709771790397311,0.6526592107426501,0.5714870252932472,0.612592456163625,0.35545557277728107,0.7493122111372726,0.3697573737411545,0.6514221154173614,0.609875573306254,0.7429327557794013,0.18412398594589008,0.46802643663531107,0.704881402261267,0.3650521733855935,0.6980210825666814,0.5342748573357493,0.7192937339468397,0.4776291291413121,0.5223938030464372,0.31717070585582113,0.4938080025099563,0.6151990800330481,0.0,1.0
0.6709839632367307,0.49539900589948355,0.5439623480988319,0.216910764915477,0.639736605493957,0.47152364496374044,0.2700946736538371,0.5210783416571968,0.4645414510121739,0.35656704759003494,0.3898759514344477,0.3161150370752322,0.32601855473674257,0.43420822702757733,0.5696728778799282,0.430977764637471,0.40510608932719044,0.39473872941793986,0.5435104505420226,0.6918085418454809,0.5478906342852521,0.4976198234676701,0.5465642316597877,0.4235056603380395,0.4414212555813562,0.6072588859913948,0.49813409549372206,0.4879593647501013,0.5066032521733559,0.6757319124015059,0.2938591905477561,0.6352711750923014,0.5465544363547667,0.658356658822501,0.7362586055529793,0.6699083363150821,0.6067580271487112,0.5891559263520312,0.4376679343403663,0.47720096696091624,0.3796436542718615,0.7598084288238827,0.6069206792971945,0.37311317175905645,0.6889030622705856,0.588879927411041,0.5785589449531696,0.5594499147485033,0.3059716490401487,0.8934351215955857,1.0,0.0
0.3634548834614245,0.3252903984044339,0.648916977222106,0.26628813504928595,0.4312849989808863,0.5741569256825794,0.4719798320106427,0.45246515124701675,0.2995511029950876,0.31066998906379706,0.28022022169110494,0.36015182610315144,0.7030064690631254,0.7506496224302218,0.5235135931235286,0.37830944910120956,0.2317269301408234,0.4754593063919721,0.2575492077556917,0.4025825073016397,0.48180032575821957,0.26407238641756003,0.2884637131921865,0.44813559008629833,0.35595327910379515,0.48384273606284994,0.7408315303803806,0.6098245923491433,0.5866567408895406,0.45769191302880696,0.40850872589610776,0.5768940266234593,0.4425722335001396,0.5210706109238742,0.5116952547701439,0.346299736512113,0.5750946101225519,0.5829743450578327,0.571507259619441,0.28601513995571576,0.4045706819407724,0.8229028449288485,0.26516141718578384,0.4915784210993,0.4685357822242856,0.5078971346550933,0.417839066382904,0.6754678462656415,0.34779606694198,0.5004225399072899,0.0,0.0
0.4448501426352023,0.20351906593238597,0.47404808608289134,0.34887496732145173,0.3706510852312097,0.5151685377680779,0.5244689130908807,0.444658748507169,0.2234664278354077,0.5359191246283462,0.4427813636251814,0.48635910759916506,0.2512174627457995,0.6012720149338574,0.7110962906298453,0.5866247629492883,0.29713687110010795,0.3878066746378233,0.37341399235556844,0.5736176614089389,0.4471816346085912,0.6784655912820127,0.4807123598050994,0.20140695940674172,0.5235258890223057,0.43178753283378785,0.6860824388628872,0.36678756377375393,0.2849885487050416,0.4862462330326111,0.4488321572238963,0.5683923793625731,0.6123354244314037,0.5800024624223317,0.38902478997442036,0.6096926348405918,0.7220890253400833,0.48420919281980157,0.5332105952129962,0.6542763332966577,0.3891723273889715,0.24359734786235565,0.798646083068976,0.5502699860647114,0.21840867624013618,0.31747302107663383,0.4402201084010291,0.33574195834285026,0.6872682348032326,0.6524854660580709,1.0,1.0
0.4052443505303034,0.634772946980946,0.330807509126452,0.4414107204974048,0.5063730197826932,0.4843138260389199,0.43986455319581574,0.3953306837241736,0.6210192189871708,0.5185173109473288,0.49340798643511524,0.5062333174850527,0.4167633342381663,0.5057102461603041,0.4652048345476655,0.7417136330623656,0.6633716643866331,0.2369277485905378,0.377591845464412,0.7864398909669031,0.16168959371579172,0.5180822099072084,0.4688691207785646,0.73796874538674,0.2603372630124676,0.5909735572795932,0.5189258677597824,0.6304675149450735,0.5633710870054892,0.3636394815460297,0.5593827377710907,0.3871662243212168,0.5588296983805182,0.5736690995220217,0.5155303532916772,0.6354922336633271,0.164062681848356,0.6242301572611886,0.6980140603748518,0.42082455569561783,0.5863131976257068,0.5449478661253468,0.43410116292920814,0.516003059331674,0.4030909123445168,0.7187710958181855,0.4450058902927668,0.5160406250774708,0.6043658886884321,0.5166124554771624,0.0,1.0
0.41793150092526016,0.514648397778982,0.37287980109528174,0.6231755206033853,0.2788154687337046,0.6217896927343826,0.44347679300234777,0.7620218836742146,0.41459293563091426,0.42805008954041296,0.43969289234318265,0.4190390228626956,0.2557311141968173,0.4825498536083784,0.3996828222514099,0.6544417325352838,0.6306183967610348,0.3705987897988579,0.6411663814082812,0.5898541376776695,0.608078772270306,0.6391736771237309,0.3936861453672236,0.260340292036063,0.7016124568438958,0.6592373355470199,0.4781580643775162,0.6367988999656892,0.31231098936169605,0.5965110902464696,0.45908827495632876,0.5031289686771353,0.5700493715898024,0.570354055221847,0.5799114706037544,0.514607716608731,0.5495504468431934,0.5308380282794819,0.5553235990018388,0.7371377175371362,0.2645173817918399,0.54354821983218,0.5912180996472758,0.6005931208060085,0.6543465468324493,0.6993750382057476,0.7151636739638514,0.5701178917429364,0.35254569954666504,0.5990341357009895,0.0,1.0
0.5934017078901349,0.6535488807583556,0.34383589371800427,0.44901719700703835,0.1791598248314762,0.6331002738820898,0.8808110177688628,0.7721096744375475,0.7451308761002494,0.6891158412124722,0.4651284930849039,0.422910020785223,0.4864988789384404,0.38981630156134073,0.4523708395090179,0.4115965847911217,0.5379391734966834,0.6357919230504863,0.5900755878542664,0.46487687769381814,0.6480889445974447,0.51026326948233,0.5723228238418718,0.7133829333217552,0.5133441648775376,0.39072745642916756,0.4969923053080275,0.214305286862617,0.4440578626716382,0.3938781041918625,0.3601836726662395,0.38832979297092046,0.47334667943430137,0.4189736701162751,0.3859377126473916,0.5245785449187115,0.3069451417010949,0.37308984027969055,0.7419260200474255,0.5482407420219193,0.46512634815780146,0.38272979236546917,0.2872451480486243,0.5205185478901052,0.6660256651427204,0.7935440917016254,0.7339267230083242,0.46513300664735935,0.5025538155761194,0.5626558057219225,1.0,1.0
0.19053227166211975,0.3668705199968002,0.4801672390441546,0.2673559389378525,0.4028399575674761,0.596009132871686,0.6221812486498629,0.4695046495960715,0.5681096030581185,0.4484107411408356,0.7057665315030919,0.46453988209577485,0.5144878091679934,0.6645995115126542,0.43855846638531804,0.4874163876811466,0.2193122731570398,0.32150686195679357,0.8008535980956332,0.4778957702734432,0.37431488301403193,0.5720628983627867,0.6083369681366004,0.3566588464588362,0.6944056134853553,0.3903588523702645,0.6013529157085418,0.6799061310308399,0.23014557282525286,0.6517163307161143,0.24812353130195688,0.5898767790298292,0.2911263169747011,0.4619523198180864,0.4772726851040132,0.5532004208140363,0.5409007412051283,0.43847197192922405,0.6389282896413578,0.6821717817194036,0.48533098824413357,0.34039191460068496,0.521977722676415,0.5714439135861626,0.5349070206181897,0.5981376209300939,0.47010547886723303,0.5213664935263453,0.35765295458818147,0.3699927495734471,0.0,1.0
0.6862696202158675,0.5372894299289859,0.6701669704571637,0.27085233141857873,0.6638176810596457,0.7517142354941463,0.6318635976683339,0.4586922098303525,0.6292848260665644,0.29463513783798556,0.33808498080781835,0.5410014970785731,0.6283723303538932,0.7680409847496605,0.5206261986595427,0.4870607962871481,0.13716955786945112,0.38887559433609586,0.44045593634022606,0.3928229034895227,0.3987330441952598,0.5352543216042283,0.5593569171605233,0.37279856510921044,0.7426306464015915,0.30377295906888063,0.417481901701333,0.48779743413428217,0.4537715917381355,0.5833904885235742,0.526047003910523,0.5856594259138753,0.4170086634800255,0.8069000048157743,0.35385954339146103,0.38707252381924007,0.618038376105539,0.42968886631905895,0.29312866574444596,0.43325810200983145,0.5298676430638201,0.6663170297409552,0.6590294284373203,0.5846914790870774,0.39846255215634424,0.3167561290930216,0.5969151040115465,0.565654543189538,0.42476525198447945,0.649629696352312,1.0,1.0
0.6754197633676151,0.6363227643279764,0.5439687300751459,0.4166130096263746,0.5823527588494309,0.4966660673334123,0.5231748476068893,0.7363883290916626,0.4984570093694091,0.5097478173433859,0.5877513743178466,0.3371240927644965,0.2982159953199793,0.43593218135607753,0.3612026161012595,0.4188393776396476,0.2444239301262201,0.5937326974839989,0.6785447549979138,0.44698908699761186,0.5370066640929778,0.5547155136459342,0.5614893233506245,0.44507816288480867,0.5425841991995993,0.48275907394364714,0.5166349063755787,0.4086999587828583,0.3357178144211068,0.5420263979281776,0.27937942932878346,0.46365641596241575,0.6384066353673113,0.4899974823719265,0.5237641524953252,0.6403444699962414,0.46328899967589826,0.393441683582712,0.6242266244088206,0.20554616320456542,0.3509376585724735,0.26916628922791797,0.7040140069555587,0.5960775808526819,0.5281230496843965,0.45881354398856466,0.5651047874234469,0.5595817269156345,0.6826354296571543,0.2772955268717108,0.0,1.0
0.7420780717202394,0.06473565554816556,0.5807439155747353,0.6863021155928744,0.6948844009874411,0.3769073396684984,0.3678517005415955,0.41075524642323125,0.6815322125374121,0.3579757445235162,0.4044698363176751,0.5168897901165446,0.4290696703726036,0.5706535056010031,0.5912721164621999,0.4333096525218051,0.5040336961588358,0.4712298783612187,0.7570893130947058,0.5348154812720808,0.5217326430231339,0.6100578235508137,0.4884099358952129,0.5149772281523772,0.5397919477471703,0.6199071749484588,0.7591517313699241,0.38151553356503604,0.2581690750350499,0.7711603628444929,0.5423740420353115,0.4815308414728153,0.14106769540542563,0.279282316508482,0.5975239568854286,0.37678215716832475,0.3498880441165559,0.40572879447600635,0.43304930282460863,0.40515684356744813,0.40239172283053204,0.45980063812033006,0.5201743445239291,0.3870732142637264,0.40259939926980987,0.8374528668530026,0.2698079123546754,0.5946593511809831,0.647794952038203,0.47424486657233045,1.0,0.0
0.47727912711609616,0.399753248346487,0.18016914168149667,0.5787162385913264,0.5564350832338253,0.5700597381131065,0.4629652097198002,0.5773781312247532,0.4405635282699795,0.8176677481865459,0.5302202659410108,0.4748526466301457,0.5249050432770915,0.49068674013830255,0.5437221079952359,0.3222508950670177,0.6427649413496808,0.3777637265691306,0.40234951574671457,0.4936309026165507,0.7439101562474949,0.5305706497617529,0.6464917188543435,0.5143377954560978,0.5192266797798087,0.7571957105988469,0.35812554088077053,0.7577343799066035,0.8027910681427538,0.48145196667458257,0.426493721503177,0.6330706838594444,0.618289389769065,0.4720674186922365,0.41187209602989205,0.5209364985350643,0.5612897504485871,0.5150998193105092,0.32559788226800496,0.6551950160314567,0.37929246524545734,0.4942522689716015,0.6361823890924677,0.5205511232488879,0.5584896012733273,0.7873532454211237,0.2389270630786174,0.28838506012664683,0.4524375783650901,0.5911634994139445,1.0,0.0
0.5041676048936065,0.47767504200537986,0.5440750846248801,0.5273833166446993,0.220019138927053,0.4804627654108753,0.5312295488778775,0.472257544583329,0.48638248551439944,0.171451982195553,0.4728376302277653,0.24025696039625127,0.7262144714046704,0.4186913108544584,0.5394171432430171,0.5817852299540786,0.5301451541305653,0.5507997792579101,0.5653824176319692,0.5004005515389177,0.4570131350231401,0.6057537978532415,0.37926247902531196,0.5174236762867022,0.5487255796242262,0.45047412798023123,0.4144615370002139,0.5537222556894635,0.5877818808277607,0.552012186601504,0.4011427582996616,0.2167961110452984,0.5583636490806887,0.8254432369708503,0.44910401012452045,0.5051424789023944,0.4108151064534858,0.5573774723440055,0.46001377798694765,0.6946961448444495,0.5543292276275289,0.4578470307925647,0.39233158438371724,0.0,0.6332916907792021,0.5554073594051148,0.2574817663667025,0.4793258486114725,0.5415587360879212,0.48433516843175994,0.0,1.0
0.522585073554097,0.5287698695555391,0.3731497645068242,0.5785625966862856,0.6054994789185717,0.3506143004727026,0.7759919511269378,0.46926677870503475,0.4387762924558278,0.5430156653757826,0.5689719937458888,0.42959039726050424,0.4826523469181551,0.46485037013915576,0.677273175718847,0.38720378818638973,0.8230003484558526,0.5517888384391464,0.37880968837553236,0.4346998463270855,0.5500984190290461,0.37012264884472124,0.46558906348219276,0.4635998189410552,0.5904891015188376,0.5397151049415858,0.5572521718622374,0.3713128837109768,0.4861042254136823,0.497326950086254,0.6643410877698771,0.6710666301801942,0.4970017422986748,0.37472727821381246,0.3810443782864734,0.39834327940004016,0.3543426318547825,0.4649597433368329,0.45816420860261714,0.6063347395796552,0.32822625107506925,0.4719386391440145,0.7248362126002131,0.470020083400867,0.6662144371376044,0.5399013029448859,0.6342813857636905,0.5081586906848706,0.5579347751746786,0.058855242340192765,0.0,1.0
0.39034083948285253,0.37781234783023365,0.5041738805349724,0.5536523481493494,0.4590185568605034,0.5643140893687283,0.5959941314050762,0.4102285847349629,0.3074157713937563,0.5624989828538288,0.1630399047943406,0.23600190724566575,0.40730242725650184,0.4440140415352853,0.6423829112161864,0.16123868261767668,0.400287836415528,0.46825483895378467,0.6480563982295178,0.6234776560677614,0.6416299565731195,0.5253385464860549,0.408067230067301,0.46695716060711345,0.3027242581110569,0.5382665771419337,0.4330129792034929,0.6626087412059367,0.12536342912913173,0.4367600902916469,0.3813781522695119,0.4275733946663248,0.5740517405749568,0.5218884535714192,0.4314172405483096,0.46257374442892696,0.379709240635367,0.6859611382459271,0.6709097030944423,0.6444432865851121,0.39570397817815217,0.5821786066616604,0.2956726569183427,0.4275369042824867,0.3726053333265556,0.6503865274529316,0.5802800964838871,0.37544552219883265,0.4751816893992745,0.40896201686183786,0.0,0.0
0.5683641833519529,0.5906504353763075,0.44369123611676814,0.496253742588508,0.6072463980274553,0.5528941997076655,0.044546045618012314,0.6273392229476429,0.6459567476560206,0.3151665419460818,0.6103184436694449,0.5571673428327126,0.4137015691018539,0.5110811149330515,0.5091798725985177,0.2890172378891536,0.7844555464352383,0.4069058447455424,0.855946131311964,0.5121993192947537,0.40588564468438787,0.3655603765494656,0.6218011484500698,0.5544222662633462,0.6434074231725103,0.5675794912582293,0.390006064370287,0.24864210592944466,0.4956433275193849,0.34177887557901954,0.27075301212170283,0.6970695356971294,0.4323268336805363,0.38817690782658165,0.5003823073891857,0.6747781448696681,0.3314547127795013,0.5385297769286433,0.4453345631060506,0.7679015806475502,0.5157694551603418,0.4647440709643142,0.5111968051532072,0.20862536588822536,0.8391339803479082,0.25237174187904926,0.814851663496559,0.7514556249611268,0.5058018383228787,0.5637838088870786,0.0,1.0
0.6383219291001053,0.32150739359996133,0.6543361992630411,0.3573575362826104,0.7274620620424914,0.7491063346176485,0.47892148319055206,0.5521223004852311,0.5455795982245797,0.5744646243028528,0.48519676302861686,0.49599598227636155,0.6628396344337613,0.719280697745582,0.5698817378837704,0.4039849665284243,0.28004660270854476,0.6786557532414688,0.6967350499679454,0.5825136142868692,0.7614590534716382,0.31753225721158773,0.339177624711696,0.31146696688588166,0.6328760822811966,0.6254744237706115,0.5447959281113611,0.4628244004764058,0.48441515304293375,0.6051626537653102,0.6190642408378293,0.5696623662496837,0.5233072089097429,0.6945858955113965,0.4716753126889919,0.23153859052980344,0.48939543406542807,0.5046387484425967,0.4736305202038048,0.37977121864675245,0.30132351262036194,0.5545905142712994,0.359836548513463,0.6689141809346058,0.5408287541572823,0.45181144703251114,0.45742227058007073,0.43854459741084767,0.5255270099026759,0.2137881787010387,0.0,1.0
0.3721534162100404,0.7238705689286302,0.6226143537830109,0.2993081687629319,0.2398029462682689,0.37946766096673656,0.38478774675140565,0.44499859015946175,0.7267229659187987,0.44389497573965414,0.3778836682972095,0.26105274697080233,0.6414447127109837,0.5151700978868238,0.4557308429595156,0.4138583887450125,0.3746823173972039,0.514943498437482,0.45130818448449445,0.27546780393730785,0.6218247335088746,0.6330640918389094,0.6577135513886778,0.3907589815132254,0.5658989781652497,0.6096338567937237,0.25748984248126394,0.5545011407247108,0.3473122456604157,0.8226457655976106,0.39540367595156295,0.4268693653989915,0.37180119537119966,0.481221279226656,0.34210107155293,0.09890571273106395,0.5170045597537943,0.3486989667489959,0.7451673762747477,0.43888646338988896,0.6028935657129227,0.25330622491880855,0.7218962603053926,0.5629810383886837,0.24914320633544745,0.30206211593552834,0.7849408945141058,0.7685658060898237,0.5973704879679355,0.24745863741945745,1.0,0.0
0.502526858551458,0.32170622688553807,0.5974540560102024,0.6711053916724101,0.7889159098643633,0.5443349899648893,0.6645528375961258,0.6402715143865577,0.47737573809113587,0.4381947442375624,0.6282657540414697,0.46935880718067263,0.39892662629393594,0.7213702478279396,0.6137152022690666,0.4392822966504818,0.5308098656367585,0.4381471634414253,0.5402750987357702,0.6030334686213694,0.46116205681844563,0.46560014327067545,0.5409770505739193,0.46184660764854046,0.37493793692738625,0.4835264268567316,0.6273453829380043,0.39756170389676715,0.3242578159249608,0.5805859695641367,0.2590345885619878,0.05569129317386533,0.3797573509893752,0.5140570412502352,0.7823286516321454,0.19954264763893656,0.4840233170926532,0.5345372124183243,0.28374062127527955,0.7020254748803596,0.3102408729702565,0.15034818810693573,0.5249211434401304,0.6170031398014137,0.44404444575984453,0.41392009541318725,0.3098910894346736,0.4307413412515897,0.40613521672571096,0.3298219659127001,0.0,1.0
0.574035670473444,0.5340054810335254,0.5586527336713877,0.4169029335794427,0.33604304449164524,0.5236331599480294,0.3103637463224384,0.41778352286371206,0.49685487671526807,0.5675276440108129,0.6059045366883125,0.4166076792626835,0.7000138774914874,0.3354863523677004,0.567732744857215,0.26695725041702945,0.5927202574462371,0.6846775574214491,0.0,0.4177103174270216,0.4050979530712207,0.4173163286148204,0.46071958950583697,0.47127628726655635,0.6526041616963356,0.49615991290403666,0.3538417465720344,0.34574228099605947,0.33685981141381605,0.5967038819513959,0.5054435593743374,0.480984560453746,0.4881380048304293,0.5478070568306873,0.47794064463194785,0.4739188703658512,0.40611530337803126,0.6957511110642329,0.5716433943659626,0.14672476417442287,0.4177582284671636,0.6957066538383955,0.5402400642433846,0.6919332757621871,0.357748932854004,0.5471918993471946,0.45945858249934124,0.418976073759097,0.4842677213193549,0.5259209612939453,0.0,1.0
0.43745516301887927,0.3926066532361193,0.5776370623573339,0.4902285367355973,0.3937646003952577,0.5581144360589687,0.4378332425514417,0.3272123891921058,0.4389993642258998,0.5471053993272981,0.6025532294623348,0.3832816100088567,0.47230920200185444,0.6466423057294132,0.43995464684304764,0.4228037029367656,0.47745476832115435,0.3997757299351791,0.23409879283050794,0.7826240447564438,0.5931375003024336,0.447092838746266,0.6042208916983927,0.34542063219253455,0.4870206619481845,0.5626400110667173,0.5269360572717424,0.2971065232548694,0.5391614145433274,0.6691083258107777,0.4235023526579435,0.5573287625637404,0.45755591678746776,0.3873934443127803,0.7509098936712151,0.650678147314597,0.5763946198937347,0.47146209019393376,0.4639595782655859,0.4263840957883234,0.6990536167920671,0.49074254514407684,0.32118817345956896,0.6062049798646125,0.5753493685309077,0.5184964299892513,0.493215759134932,0.6480463305957104,0.9576616869826327,0.6095382320346385,1.0,1.0
0.4127947504427136,0.5023122032175324,0.362419345061149,0.5424215083077469,0.6095548963765232,0.559050342437664,0.7673686181093747,0.5423852657972771,0.41514376401383124,0.37147644656439954,0.4151523182060815,0.5388483568430809,0.7328962779818594,0.16646988543819122,0.7055454754039024,0.29558462240013345,0.38103143405355877,0.48246383266098775,0.629515879904166,0.43920630584326303,0.3642044492912716,0.4714170434928959,0.6490630477555884,0.48831561565318177,0.6677025385465687,0.3147188995206206,0.7461516905516388,0.5101757679680287,0.4377262326497821,0.24820037299634629,0.47346617498824917,0.3718781879105926,0.528537943269756,0.5015594470992804,0.37403476460879925,0.4304215365671185,0.48691086850042564,0.615412935510567,0.45321193350590566,0.5009020301211659,0.3622952500671995,0.2838023382055909,0.5416732053179072,0.34353455588325726,0.5902197016440934,0.48243215406763645,0.3598652189800119,0.8253150918779106,0.6294702352008731,0.9041556915576398,1.0,1.0
0.24721017864446393,0.6286095144127658,0.4795048612205374,0.8062875311541899,0.7824476634688284,0.5389033987973234,0.3217804391465463,0.7018423505221777,0.6865011587429334,0.4561884121212851,0.569071064127145,0.40065067879992033,0.5155750431410488,0.4628454381124537,0.5596166577270337,0.5251151513900056,0.37455418277548874,0.3426114404763785,0.5955476265817987,0.2772144482345553,0.2637527258325317,0.32761775589207903,0.712792546533882,0.5257439913682647,0.39510542079836286,0.5279529608402608,0.38011967599001806,0.30547798301021417,0.5668530529776433,0.8421259779329957,0.29013810374003,0.5084314384664212,0.46324399255735205,0.5757591417459955,0.41473165177530585,0.7014538571782485,0.5587205620548831,0.4585628021577635,0.4333290894294304,0.3612306703698025,0.4555537139540103,0.4831464735362102,0.5012822732526223,0.4234216419494475,0.517959076268722,0.6204420909539887,0.27929162080271247,0.7774572467674085,0.07975951552958235,0.45473504233976314,1.0,1.0
0.605970811072747,0.4739509598047714,0.5593311502805467,0.3113203735299442,0.6358157070357514,0.5493833885586058,0.19600847336508564,0.6806449936357664,0.6144308430196298,0.21735191560457917,0.7468986015127185,0.30221265461059177,0.33434178703285333,0.8788565993514403,0.6988412179604725,0.36226047232614833,0.6678340608656828,0.34249882280105926,0.537939291343789,0.6031263953653719,0.42017249826544,0.49675991818102544,0.49346623743450435,0.5879660996672904,0.3213300472165496,0.581091911296352,0.4359562497641662,0.48658144875025916,0.5496193846632267,0.4213610393443895,0.46503094264016664,0.6970018985526494,0.9045475009426546,0.6944121550844055,0.6467734143228729,0.3359433601974488,0.7701937646078844,0.5956221879479057,0.352190080291875,0.7411220581251724,0.5796026231865803,0.19559794632442704,0.2880746805886082,0.2849900231833097,0.5486957610894506,0.6809711385298485,0.6227789805773275,0.6222103702229262,0.5628854111604925,0.413339823198565,0.0,1.0
0.38569274576184515,0.49858668937086514,0.5765122715261624,0.5453901517888886,0.6475059292838441,0.48537746943712134,0.41846350852061537,0.46051742141841545,0.6089979599179707,0.4592283676060179,0.6501210319520286,0.52817494651818,0.4383501588229938,0.7370796153510759,0.5540374770016935,0.6190000533790331,0.6517005629746554,0.7066633510127915,0.5468966528051288,0.5201230484690386,0.6298513833697383,0.5952105797440643,0.6224192025716492,0.4529621292632652,0.5924487515701724,0.4425055174130383,0.5057538896839084,0.4265347114425733,0.5442020401360879,0.5216404494798293,0.2171147056468094,0.8058199765622293,0.3840700553669684,0.5875121349429661,0.4908100253453538,0.5907971897324776,0.536591120266747,0.5157780431958737,0.45196667532217927,0.5123452156338604,0.6057357148895076,0.3041874687266666,0.4183403527596457,0.4993251213916695,0.5937091319220424,0.707799397619531,0.41917450121572125,0.5968904580704152,0.38076006350512526,0.6605647823265273,1.0,1.0
0.41574042956511903,0.5504637396830565,0.7163094897302908,0.37192904734385535,0.3357337087040812,0.35895044847605123,0.5158599835189711,0.5037819500873949,0.6409295094234274,0.26089189549937897,0.6362135963215992,0.4575796825076557,0.576457826347722,0.5489447328768604,0.5274449377196787,0.5989045020271047,0.5478125890989511,0.5324008630129191,0.9512311846811194,0.731695183099066,0.5022911864770694,0.22549700015330856,0.41291006475113745,0.3510518204293862,0.6528226402170572,0.7123198476829038,0.4155073312388803,0.6385269926511455,0.2460634057252218,0.49361773765187184,0.4701106173276014,0.5524973202073171,0.4294583657445261,0.22361428856561355,0.5899175941579562,0.17224730379751443,0.6008195430201075,0.6696117858991288,0.33074699163583504,0.7313111758189039,0.3668671686047802,0.44416317999781507,0.488103777207832,0.2890936094930468,0.3851814302506258,0.695690843024697,0.24374247473335717,0.5325215332196307,0.4240329366575512,0.18064180262016752,0.0,0.0
0.32191840977079583,0.507052208839999,0.5540044784758957,0.46520539314459736,0.6411654221910016,0.6935199937237889,0.40818642678959083,0.5350496771267678,0.7966045918202191,0.5114692744676799,0.41812470375186844,0.6150335482523595,0.31415540462209357,0.7023967305273635,0.16811855425858424,0.5242505102012912,0.4213933119237891,0.11434875165304255,0.3944087787628833,0.3884530791841543,0.29537090379886,0.6220388890232312,0.5721354528506527,0.4625055162319935,0.5161211015252725,0.4956258304542583,0.3932431153971189,0.35236546238231775,0.2096264166474616,0.5547625005818949,0.41597049483376874,0.45491982500099826,0.4435396659981293,0.5129437725311142,0.5661141292489548,0.4799086704766378,0.3263891908801794,0.6058498689851162,0.35044565234211894,0.4333073143636026,0.35636951628331004,0.7544655796655296,0.4799561284380343,0.38057235826062014,0.6396434481784223,0.7394741020542804,0.3118817762236109,0.5039069347357316,0.46588647253325943,0.5664102339041374,0.0,0.0
0.46004636724377307,0.6175300331105882,0.3871760076523983,0.5015441871786915,0.49372473672490325,0.45913081231407,0.5164364633433011,0.7191465777633168,0.355985614807845,0.548212249302901,0.5566025522402047,0.5343786272464898,0.48162296009853034,0.6447547720551656,0.11350411098534241,0.33247209170009434,0.7019421589837159,0.2810181969125594,0.1938205574531131,0.31729792019601794,0.5817540898282305,0.5255242795538996,0.3291488258491626,0.2811671762140301,0.5617516358361299,0.8560923218282412,0.49601157956568026,0.40188409258436575,0.3948139661441084,0.7754496212415132,0.3892693424129598,0.5535725187879148,0.7199830886740686,0.18227416525810428,0.42795688698215534,0.37117773819003935,0.2864113599670352,0.61895902434489,0.5866592522046865,0.636273803556467,0.27608808817241737,0.41850638896005765,0.51629384001415,0.602910770608271,0.5252193681823161,0.5371295358473239,0.621182921778482,0.41553930483451806,0.34439820510342245,0.42193461624817796,0.0,1.0
0.6322497665394908,0.7866372638785774,0.40270836370402785,0.5995645954122636,0.4550697954171873,0.39962296897195854,0.6084181106128024,0.6279905641432881,0.9550154500170718,0.43654224872259934,0.30339741234035755,0.3155844078847095,0.31256002803145594,0.4107562092386205,0.43349610627196256,0.3844324173527761,0.602341924480277,0.44078876114212356,0.1089680621418487,0.32142334904546893,0.5106234413930223,0.37090549141720425,0.5143076463626917,0.23256546442308512,0.490359723732957,0.46124767335105477,0.5971010087899103,0.6964157594150473,0.4047221018060676,0.3582967695303579,0.4827629657788033,0.7948396812014962,0.41290404714092704,0.7258445067123241,0.5245282877870026,0.44656883973782985,0.4553774937872424,0.5613929716813001,0.5264120715839593,0.5128737225702558,0.5917546764848712,0.4961445563464794,0.7059561926790117,0.5545470309912122,0.5760222291236718,0.5933162663567038,0.31215841994509763,0.5408525239238768,0.6452564016281743,0.5103898632402275,1.0,1.0
0.42326851162264517,0.36084747995972605,0.7216818530363356,0.4058367428678065,0.8261916665201764,0.20927620309990067,0.6528088350217258,0.7139958756948435,0.6945887880912278,0.5611716087378559,0.5884374555320466,0.626610676869663,0.36970063043222773,0.6917526036187798,0.6178758562587391,0.4532555709872271,0.4212292072535118,0.34994149603933206,0.19608692493225924,0.6716720698978658,0.6490309256000788,0.36906873841090615,0.33609401430302904,0.4698176894945865,0.5175735421666493,0.43164461769888196,0.38793673980587917,0.4826826236865007,0.4810617594661091,0.4939646235823628,0.623040553348703,0.6927126182607071,0.4909268376381295,0.43458520691730007,0.3591903714627516,0.7242607355520816,0.5811942959028684,0.6000599909676692,0.10062078885895027,0.786760799018564,0.26130030871705195,0.46272363544220785,0.7625600975672113,0.4455709121318386,0.5040637302350659,0.41625355381701773,0.4447381905613984,0.8366307098872602,0.6438730431264448,0.5487776924511407,0.0,1.0
0.6461934228681058,0.5310609370487122,0.3932094177445736,0.5394017812926334,0.6652058665115116,0.43283366866149114,0.7562003488179924,0.34512962351198745,0.49571088172228156,0.38232504232720055,0.5106052046917041,0.3596815365915414,0.6996466978404117,0.7834771474376586,0.5600621393611198,0.33411754219487194,0.4788321348700864,0.5115133181722399,0.34940988117053884,0.5008527362063342,0.6945910895682192,0.35188085431715505,0.5220047218251421,0.4667513322054908,0.3214191317686371,0.43851103049645435,0.264870119963363,0.43097383067373973,0.534499011001456,0.6826980524901587,0.5398341593164768,0.3679309714016377,0.530642984316447,0.5331337513817211,0.5901630319296125,0.5969973134164731,0.41388684669372,0.4784619067464227,0.4120145506571306,0.7907150091530424,0.4247885097924841,0.43542686692827814,0.3540504523400363,0.5134084577335403,0.3264028029817533,0.0966006948487874,0.7458160743270519,0.31153210339172377,0.42108425128885413,0.6145852812633366,1.0,0.0
0.3280377186532302,0.5983001080341941,0.5412313177195196,0.3256541972741576,0.7156633158309573,0.4314913411522915,0.5776159869651942,0.4428606692498885,0.761429699644792,0.39381122072836683,0.5680170114013702,0.381237748910222,0.6689102800173684,0.9143749933231515,0.6438093034609932,0.17098141039222953,0.3963006130299161,0.5717275027650822,0.501206046909805,0.5372519928879042,0.6331352413672416,0.5188649262017176,0.5340715378869106,0.26596525048989866,0.43755252260436683,0.547550122941266,0.41468714086127534,0.4388572909698373,0.5657194523426413,0.5649313919284151,0.4189679233154313,0.48698649555305956,0.5701676954446961,0.5262559653579864,0.4401126549340136,0.39440861552705797,0.5521767907299215,0.42799107697615346,0.487290674107858,0.7146930819096406,0.3463934208602189,0.27591775169073035,0.4624357243175794,0.47373634871798925,0.40497699621239736,0.44603617335769513,0.45242127309551594,0.6205634963866882,0.14365087854369532,0.5760994934516549,0.0,0.0
0.7255183855582454,0.3644291368234083,0.27359404993098724,0.9802325899960247,0.7126806784817973,0.5806974394228669,0.5412051680257002,0.448214258386429,0.6490540378978557,0.5323790906086102,0.5688999922020035,0.6517175751329785,0.4173063199726517,0.6728747874928804,0.6415684374021604,0.5432132513814626,0.3194900059344987,0.39761056413857593,0.5240706342594855,0.55679839903582,0.2976521546700204,0.30607280478495197,0.4489372549740025,0.5079261135691009,0.8215100348099822,0.3603581342332043,0.4230530176844236,0.47434185962928527,0.5096053091711853,0.5739978075588854,0.48195110560686427,0.48837224879566515,0.7630218487297338,0.43951196645587975,0.5094861989239217,0.1589925221156284,0.5303610138565041,0.4914200070868442,0.5249863012795651,0.3945100515330493,0.22496788149277788,0.5836044160329111,0.7226295323050552,0.5802487086845936,0.3874828265783201,0.4667189949506623,0.522465473397998,0.45928431799868613,0.30036645352166685,0.6380840014319679,1.0,1.0
0.5317594925829313,0.48118271963891224,0.7607031265731686,0.606000430603591,0.6117096407654,0.281649012898778,0.4994152436804532,0.31228297538562627,0.6494781390858219,0.4095508671287359,0.45195782606839696,0.4622624321831599,0.6255447614513183,0.3979344222759863,0.3698775026905688,0.6757903490682268,0.46552550909044993,0.2104312737359616,0.32514973248238355,0.47622332459075645,0.20736877911937107,0.5601654033565735,0.5921673736060143,0.5457671621621071,0.35866349674915415,0.27273711933318784,0.45466975236404944,0.6378628850753081,0.6336615830260919,0.3386682818135457,0.39554377691413,0.38669407209845097,0.40755471374392255,0.44855154428383753,0.3156763231971008,0.563287596063317,0.30100946554411107,0.5457929390417263,0.5189969519185459,0.48635449895536603,0.450952563938005,0.6662607194630481,0.7415585621401296,0.40233226897984253,0.6265395872884727,0.49430673370382827,0.33055047584576086,0.29966331276990477,0.14474109051710393,0.7519163178631949,1.0,1.0
0.5118405517734281,0.4515610919464516,0.35163603927889625,0.18905019101957504,0.44938293290688813,0.4717719166178693,0.413051531577782,0.501324843937151,0.43919939633449845,0.4942219154138855,0.36535815753559026,0.5074694490390568,0.6544249679177055,0.4944150333277664,0.6625650769768731,0.5077602237491343,0.42943504004355226,0.42872676704237067,0.9110376980185874,0.6941839304467398,0.4535243427749538,0.4005708412568944,0.1437424138026002,0.5274650051032445,0.40627687415954145,0.6611767098587121,0.6248649332764193,0.4555623877399214,0.7078595269294957,0.682236481915052,0.6585256081223677,0.4088676635209752,0.5584050792206522,0.5390739672636258,0.5446112298144614,0.4339163915276473,0.34552973293622663,0.19288117907593064,0.17277328495499253,0.7024935293760467,0.4775445581145987,0.5462042694494783,0.6436058778959162,0.49335306575281457,0.40707094152539397,0.4060314578962378,0.50350865482479,0.7292687416297703,0.43291729320229694,0.4719138609148719,1.0,1.0
0.33351836627885373,0.4397800744015466,0.3818362162690169,0.6917732280463124,0.5915775697108581,0.22935574447943893,0.3654666748658351,0.3769260947485161,0.5553627453111792,0.5872316412861466,0.4342327050164587,0.3957473427678423,0.5867186157990814,0.3507639769306523,0.5630377719902316,0.3584397843670882,0.333862250131333,0.4340417032337744,0.7850119369673602,0.33590291318832816,0.5729206769324601,0.6047453459699432,0.42691579086333514,0.41398677927842403,0.7337497929470215,0.6184371454920066,0.4610236103976899,0.49388371641729406,0.4192789892501782,0.42007364793008145,0.5218971305965472,0.47116162071758516,0.6255423841922326,0.6169677246363114,0.6748329700679485,0.7170622579365581,0.5915042978022217,0.11017435687766093,0.25756485143289404,0.42959899529931944,0.36014070909821305,0.4144415163899054,0.6448496550464285,0.2162743101890211,0.43349771111237445,0.5029981615288169,0.6790015525617924,0.616477492566997,0.2511473514206999,0.49066465076643745,0.0,1.0
0.4488255204772695,0.44289913036077616,0.38707592187571876,0.558170367888689,0.6078306578220888,0.44444552639170526,0.6606916996574003,0.49974051456869195,0.48443430826903955,0.40796279546463526,0.7080774888581798,0.32186102036795766,0.3821719406512371,0.5488972927783338,0.38049632120926086,0.4781138671184842,0.37153119982435173,0.4855244605457477,0.36044325908884894,0.3069759718363075,0.6738853396174058,0.3192882320666689,0.4181603590124036,0.5361714054057682,0.5524493452747312,0.40613027145679403,0.5586088839580565,0.6340190965978225,0.3740659705703241,0.48780942201600797,0.36545055226116574,0.5149465542927033,0.7645429525762164,0.4926732954185155,0.534531981286005,0.4454966982933852,0.4372849600558842,0.7146166094553231,0.8711134226109855,0.8105125133986247,0.7664336857309799,0.35745139822968136,0.6951051375189607,0.6611993073886867,0.31667377412103725,0.575481575492005,0.5739402282209467,0.9834488429213162,0.335755697415339,0.24595617155535598,1.0,0.0
0.350240759900074,0.5381756147731749,0.3497270829887428,0.4925670751873185,0.33800183114044585,0.6568633719986792,0.50083517083766,0.3550019176251346,0.4225239988856765,0.5503530279559325,0.522006086335062,0.17223770685366024,0.7193663880487856,0.34657215956223714,0.8779655415446438,0.4875436674507175,0.7679166805895837,0.37824257092837527,0.6050020483608405,0.2703919926498722,0.3634046579897854,0.15062296989250792,0.5279438994405126,0.4672047166152558,0.7587719371454779,0.2341546929126544,0.6117664256034975,0.5149473777211911,0.4551394929230114,0.42648461186365816,0.5612529573916559,0.6054779900221059,0.522143841020244,0.40390244417616367,0.5035142558464103,0.5815278417964673,0.3849288049204819,0.33919043487694983,0.3262551227450942,0.5466054907348389,0.15395297228669008,0.36585565197608594,0.5252459655349919,0.4594320695180056,0.41439015859402517,0.4160897488484663,0.7514923479035346,0.6335224934683277,0.5223657935169292,0.5776133892498406,0.0,1.0
0.3971877097189892,0.612988901228796,0.6535867787941959,0.39473708393842155,0.6042651075664889,0.45932660295985805,0.36976792598306446,0.12229553567714427,0.20695298510004903,0.330816230213829,0.643922947237872,0.3624726582481139,0.616081088470366,0.6277979866672802,0.6531627028364105,0.23453148385011946,0.7218178587846483,0.45214369603394766,0.7177136120810874,0.6299320813401538,0.47878297125170993,0.5085092017272518,0.3026187524933228,0.6873571779401788,0.6186079755056946,0.3315788223134073,0.652958698918391,0.48250217059652484,0.37694256850084173,0.6069322322544712,0.5352148506888561,0.8409523776723418,0.44378198387243295,0.8429200893926956,0.5887314364053712,0.5732860393273317,0.6124809459787128,0.29201392573240426,0.3463873637098982,0.45519609181431386,0.29368586986598166,0.4773784623548862,0.4907712358083212,0.2743715107901994,0.23505337927165254,0.6982514822555497,0.6350435070591183,0.3126872522193316,0.5745551495456717,0.280004614848383,1.0,1.0
0.3275673448301687,0.44413809354970485,0.48817722070081926,0.6599405155792514,0.5691949962263448,0.4291236750867219,0.4219851630261114,0.7229579124920528,0.7889912515424524,0.6353505593444174,0.8090724442225018,0.4864295164091093,0.5456701915354388,0.485249803808338,0.453205696000273,0.6265084136628688,0.48212418715445854,0.6188814671461563,0.761041565299223,0.4548083289256546,0.4493992039084986,0.5322504078879338,0.32698923550993786,0.5477818091950556,0.6558384799835035,0.5156452624716523,0.5908345192821762,0.5507540311756511,0.607702432802881,0.5235573799013342,0.541240240182927,0.6890630532759137,0.6535117460666519,0.6043201260802334,0.2582896214915517,0.2628732691046726,0.2699141931452948,0.6341961255025267,0.5330467321907406,0.6904155981538843,0.48402098833201285,0.5072355271862797,0.42528019889349156,0.43135057804616606,0.8594463590480856,0.5844171373528007,0.2094964824686185,0.3489924461377601,0.2607764300444519,0.5483516494434331,1.0,1.0
0.33060298256047654,0.41131569538759594,0.7252601715592628,0.2499480368881494,0.8263930488007272,0.4249029846481155,0.5234000458418661,0.44735630031649537,0.5891443377517961,0.2127677916126676,0.5113732455439252,0.4825922822158793,0.5765135976948631,0.5674112456869064,0.5052230328795675,0.6369982550663793,0.42666297458206015,0.45084326733830393,0.5482055770126003,0.3138649296307189,0.38152889610283713,0.46442719615377503,0.295975382874747,0.47878766511315746,0.4748386810387914,0.28217787549662643,0.41859914338791376,0.5511070596741331,0.49423636236725743,0.7749689998320987,0.6356367396596848,0.4195525051433992,0.5663391224812552,0.34773882884161533,0.5910535683310308,0.40341369454432163,0.4429955749355775,0.4637154786849737,0.6041177341660267,0.686514976823015,0.3510254770147222,0.16876992398756122,0.3931805464014587,0.5430849560593592,0.47249100412083256,0.36626216338023365,0.44496359259963314,0.5979531526358574,0.31662552756631784,0.41905004031523846,0.0,0.0
0.4165097064472314,0.5960770931667324,0.39782210131563744,0.7253034816036549,0.7366995623355856,0.6640043110064607,0.35819097886629875,0.4962676933507839,0.5656034405359521,0.5109678664816671,0.49781191123947455,0.5232184335787423,0.6253054541840768,0.16289736020629136,0.5568707025075261,0.7130465313651057,0.7043486315321247,0.5433653237755336,0.5095601670190061,0.33271781641024245,0.6795848863882622,0.6026751185225114,0.27955639246025216,0.43268818777151863,0.5424949334479244,0.57523960110681,0.5936239476244508,0.5526152841735321,0.49043845999237873,0.6584766493700679,0.2957351358811799,0.4360039226544467,0.464241714031782,0.5363861535332676,0.5155597673624663,0.5529294833880505,0.5348237559212582,0.2675723770726503,0.46202028755963664,0.44318740450444843,0.5231854085311435,0.27281885656160587,0.4496045609316789,0.5757271650164196,0.4920969389668027,0.5231641194195101,0.42258937650216444,0.18249807433764323,0.3509008215038817,0.5307803019072482,0.0,0.0
0.24026347415778476,0.5888570043507464,0.4850361733535248,0.4505143714002428,0.3093980082873631,0.44077040314102806,0.4380502339140555,0.6741129909976057,0.4318803979933917,0.5482394133556351,0.5351521413845357,0.4568878440556039,0.48373085358865386,0.9649597676096805,0.45506488620133634,0.3291369714761847,0.524114651018843,0.3516805278995357,0.6008779377542001,0.4517574454602466,0.5372906135766867,0.501737427961579,0.575290494787958,0.48601075018411327,0.6555555201768954,0.4871076294212143,0.46575970802466954,0.7040872868439241,0.34586428193138474,0.4844089445409251,0.48795231068685135,0.29229999250807204,0.28636224362303275,0.45707446495407583,0.5513253142132204,0.4687005100667355,0.36841548949472436,0.4707314764292676,0.6226891763733098,0.47692618128004105,0.4765932393374665,0.4102709807806173,0.5209805128800709,0.528093537008652,0.7281627904527584,0.6123258588770624,0.16271700054619265,0.7092465109375538,0.13620380900447093,0.5729369958425268,0.0,0.0
0.5609466943792242,0.53952973818342,0.47725643563727516,0.2769459189327238,0.5300863711540493,0.6848479677468111,0.3591190514305126,0.573820902250066,0.37178688820681066,0.42135583427134876,0.6574906176068444,0.4078461965219829,0.23866672855487198,0.7657068987379405,0.5305342015418371,0.27831331279292726,0.32819808161946923,0.37470580410412346,0.27174803640328415,0.1359097101537219,0.32171168399823935,0.40572108904431103,0.6249987174013493,0.5121117190727295,0.626140064171977,0.5577243356000764,0.7558144083614246,0.42607636546682987,0.48726664438578654,0.3502747193743872,0.2389006237989138,0.6215440173679879,0.6696806838438618,0.24064308995524328,0.45761573472669653,0.5453508878183732,0.45420670703789817,0.50461675401133,0.2599447403664926,0.726357892477047,0.716399978317416,0.35166496072653175,0.4604023356136447,0.642862833672812,0.3181416820313474,0.49765347569693597,0.32627019712317873,0.39125918032684043,0.41587725706440387,0.2577024583848974,0.0,1.0
0.6537268560199497,0.4781459995817683,0.5391861206795909,0.4877306543670305,0.518633244088941,0.582449913160436,0.33170431113501214,0.7578570333419364,0.528044891709864,0.6079609097788786,0.5615204099072697,0.327692495593509,0.5147285290845939,0.5778749190928145,0.5484985113836145,0.33265726659441053,0.5743696391008496,0.33746078135519003,0.27240629884821116,0.3816068498170987,0.3209764246167633,0.7279302672134171,0.6725621018184643,0.3369578205964662,0.2841727025748659,0.7000377291154933,0.595314208647095,0.4652719252791934,0.3864031070354258,0.8205814090761386,0.7722319408765035,0.8898193446862833,0.866139234130736,0.4403673804493621,0.6169576461076319,0.775722849942983,0.5307090752742772,0.5634005920903631,0.599409154807909,0.641901570215338,0.6147065391622263,0.4621724617327837,0.5497611564703127,0.4727352307550883,0.3409647553910559,0.6379905277646652,0.5474804547650493,0.6906891331671489,0.5206223243514171,0.5395585487032426,1.0,0.0
0.40224930162441985,0.4394845729133146,0.32626992554780826,0.5882623669686234,0.6117191784854884,0.5081800114380518,0.38584926168395556,0.5596484745664381,0.5500094740979228,0.6956418888166577,0.6293434563968642,0.35159839648710595,0.36355808460218053,0.5874601712369092,0.8516311755988123,0.43730431154995497,0.39295527600891594,0.23624612000916595,0.43560431501621855,0.5048881236412309,0.47755759233964507,0.23981297120655512,0.7529231223042728,0.5112070167468811,0.4236108853416627,0.5939767036141256,0.38487439112059696,0.4147772712621428,0.42334136249958315,0.585399906221203,0.4577819520253457,0.4238419817194065,0.3635858774196555,0.38296733262341565,0.7447142733403833,0.39742706921477017,0.5624736318147381,0.46245790792593805,0.499402747936818,0.6730478844005255,0.27453918238787506,0.5979064295109667,0.35020706500403576,0.46091938420167267,0.7908275511898787,0.6576732664286595,0.46829040503338665,0.38979719707980703,0.4291029904602552,0.30590615888506506,0.0,1.0
0.3261803551077208,0.5331480748709164,0.5802965772758811,0.48680217280155974,0.4118575419521223,0.7859301727071436,0.4088927676944003,0.3944618503016109,0.520276596330081,0.5161142261018292,0.3150879930396023,0.22272167702164294,0.3193132722925794,0.6418037254030261,0.504861493476852,0.8019066181343619,0.3218697393961992,0.3169698687634303,0.3385884232532875,0.4505811427214056,0.4208776064035858,0.3867843378887743,0.5225882269820419,0.3456376368649417,0.4410586356295953,0.30864605758673636,0.3264316885024928,0.4660163480940347,0.12085005166693963,0.4175249679022532,0.49562963124830006,0.39300193618190515,0.6368106006528237,0.5991606951859719,0.741239626733897,0.5090765230801537,0.44053486942330883,0.39189602682134667,0.5470269420375146,0.5261087299254632,0.6688492196424604,0.3847543747142468,0.5145149160186071,0.39086450278519796,0.22587114614168868,0.22569520649440467,0.42507173905394535,0.4809580485971816,0.5470845662509287,0.2403514432567177,1.0,0.0
0.6009070414861591,0.5712114679060702,0.2611478507408535,0.1746721795822628,0.3709160423995086,0.669149651724405,0.6862601132904107,0.24010818615449966,0.6475152200376427,0.7485489567347112,0.5444279104066073,0.43747435435532106,0.47066362855447547,0.6574258245637037,0.7972344819828513,0.2382960519098029,0.3746726980960999,0.3210577990373099,0.39988098087083557,0.6439055277407539,0.4413288497797957,0.09476303419747832,0.32056032770483694,0.4904743584469693,0.6012811316592998,0.4744971241779689,0.5103628507543724,0.6244689037729583,0.4932192244592284,0.36269768217513215,0.7123766759252557,0.8332094458346501,0.6725924535260623,0.4441690920425099,0.49125558105956957,0.6120294914724946,0.3470081222881911,0.65336322943559,0.38110685425206586,0.5900145724972871,0.6046813924301374,0.5457201286811236,0.5081686707518497,0.388164050324616,0.5357616838038572,0.4707020328229539,0.4711888898483521,0.2653840972109281,0.43372218828797626,0.6623355388909797,0.0,0.0
0.686265570232481,0.37209272901149604,0.4501803976064263,0.27811690989599885,0.8589880612599841,0.5221091096009509,0.2613129255416393,0.5617749042131454,0.3142709488986041,0.4280234140999999,0.4721212595814256,0.25124606173369984,0.3587307018136082,0.7263685524219177,0.8667190273605196,0.4934562423245341,0.2577346822220004,0.3665741416342423,0.5744411367184896,0.4735734758961883,0.24672366791345857,0.2863862720639029,0.4846380760012918,0.3422098272182396,0.6447737443792605,0.4676453771439137,0.24455995018177407,0.6613365165961647,0.4432856686144346,0.30757482101332123,0.556097717951235,0.3001917487409406,0.6114400868086008,0.6255101651660625,0.42619024629517677,0.7081895009042972,0.25434679004968186,0.4593717520565897,0.7176927817830627,0.6888111849820762,0.5741038612531171,0.6701705894713513,0.5841324899418966,0.2718712794815974,0.24848680840163107,0.4237768813184275,0.2752596067072712,0.1783877029000563,0.48131422955657915,0.5382222063292361,1.0,0.0
0.35367214793441454,0.5278291411445585,0.33330495907018,0.3390106907159776,0.47208318670613936,0.5243337201541612,0.4409269617011735,0.6623862357424799,0.5839925700225015,0.5885920772798033,0.5382035197946041,0.2544405195882136,0.5120471563813528,0.4391280692022494,0.6205219417986239,0.47802585637286843,0.47121936637340267,0.5347534276889346,0.5620014337946183,0.31434969412239916,0.439803579221169,0.32675772951848786,0.546470156633614,0.4953999575568744,0.500763867050454,0.6254022217240877,0.3146805445089295,0.47119831676930507,0.5777718574119461,0.7019032720117225,0.6084658406223465,0.326899014384957,0.5434793620210104,0.7086311894536468,0.5293581709744393,0.2684789462964257,0.29829960710989767,0.7162016399145517,0.5605332705403783,0.5120441403022147,0.43849238741008695,0.4027732171369146,0.5107831615370951,0.35593708367286675,0.4898785648678736,0.5658010737330683,0.46499925682003884,0.682721201471514,0.3871955461627639,0.6605724085120014,0.0,1.0
0.4920772989817887,0.265501333440985,0.639991555619987,0.31123709567558405,0.5054815331355847,0.4473556628606111,0.30791694255120294,0.4106576994749509,0.6751641031936576,0.5466479590543917,0.302269108324066,0.6044936895603834,0.5273042967043066,0.6043691607694668,0.5727523308270531,0.6041025415691361,0.3229008254348226,0.6551722930219722,0.29608459561086564,0.5265048024418357,0.5586783358580849,0.4620002484528014,0.527520302649264,0.5370731580792906,0.223071432426583,0.48204192319447636,0.5186127353738388,0.8332057892895265,0.6785006504328668,0.6642758235403697,0.14019763188188497,0.6902543052042258,0.4893469753716872,0.5993207927322577,0.4863449919059664,0.5956325830927652,0.34792271992259893,0.5607446341295509,0.4907846878218381,0.48331454400998675,0.5076733703661803,0.45376677157622763,0.6600777698176209,0.3935807196842948,0.13225238906957892,0.4014390435664807,0.661312018095874,0.6959219199889317,0.6550323490510775,0.19336963186451142,0.0,1.0
0.6757539949208166,0.750459886379675,0.7424247607583412,0.415773180184454,0.46385465953537564,0.5404106880889575,0.39425278507683087,0.6296515733492477,0.8143020166841805,0.5726768936410274,0.5945847333972495,0.39150130167171965,0.4258210028047043,0.4675306488327495,0.6964738195645367,0.4616150610998495,0.7402290241328062,0.476366788193045,0.3546536270921691,0.5126101296335792,0.5678588646118491,0.371543838142607,0.4511538709844563,0.3178104816399936,0.6099992587591861,0.4996065919406992,0.4457438952923655,0.5265961391300297,0.8260993769161328,0.4593540867129787,0.6306168244888471,0.6537560334549308,0.5448837697590122,0.31049470578421484,0.7131887846667597,0.7201686118639898,0.520222412868243,0.07138527221948872,0.42708897090678866,0.3665916211316062,0.4640061075831483,0.3698793721947424,0.3008076646101333,0.5887605514172966,0.33733607255905174,0.43668148188539024,0.577488062046355,0.2907612372498742,0.34671284378760314,0.5424160683520248,0.0,0.0
0.6196822797928454,0.2472358205237125,0.9004782687074567,0.6364077161086236,0.48642697772705895,0.7484044462592504,0.39409917574402026,0.49824977191657677,0.33179859752655144,0.48640060484605324,0.3501675588804134,0.46578326291232003,0.8005100501309824,0.4966532780827043,0.4286309036934448,0.5861295767776268,0.4773127506171658,0.56518949766315,0.35781519178634935,0.5223720792591366,0.48054754346883055,0.445154453825364,0.46197221853852466,0.3830566674367048,0.5657588363204624,0.4819736709511998,0.80882318864182,0.40126318702929203,0.59029670055885,0.49689259644772743,0.3639165026764949,0.6070167317454673,0.22952368889646657,0.5139180011534992,0.5416181616744884,0.5671841465617743,0.41002878422988837,0.6113780751478285,0.6321729376252416,0.41771732720282545,0.273538012657864,0.6492574515249168,0.5874579313544173,0.55160310853769,0.5135158733808646,0.663335610109643,0.5635426489174521,0.6443812142195697,0.5206793076377355,0.4380940422545175,0.0,1.0
0.43975684189814895,0.7370893447753253,0.4314717152411642,0.6379337651414735,0.6623181723372908,0.6891077801319687,0.5038887901498627,0.6412082869752402,0.21957525223420243,0.4762307243385808,0.3675120849304316,0.5459305677622657,0.26922493307221357,0.6828406178249233,0.5485543424002666,0.5033967974598725,0.34545334211420037,0.4366164874086923,0.5379086325682257,0.37398848265471546,0.38253941065091474,0.4338453473423895,0.4149152922313154,0.6902872021759672,0.5228851309195309,0.43374785518698183,0.3531097317379626,0.4492527984308471,0.6141162091329954,0.4480016194456553,0.24335684008863956,0.464230351471221,0.37173347476457447,0.8464290027915395,0.6563665309145257,0.31760732220292215,0.43044700859239904,0.5245145014066266,0.4785620623887291,0.6370232832981155,0.7859195894657836,0.5308599081108089,0.5646667549585482,0.5453236378148492,0.3572893931413761,0.7581517767265425,0.39053851984401566,0.6051335367929882,0.32883330288388074,0.3793716614597617,0.0,0.0
0.44515730326595,0.44406814292362434,0.35922751839013517,0.48134591109382596,0.2481331139616586,0.4457571224388444,0.18523062090190862,0.40320527557424657,0.8603140412931475,0.6353015729199055,0.8693762499842024,0.3484243942428755,0.33450447879592304,0.6217789019919484,0.2672081839705565,0.26337901440562245,0.4158792835662612,0.4593217513832394,0.5543391702834858,0.29104220795585867,0.2810487810240746,0.5116828423721916,0.48285243408621825,0.502486160908506,0.4420695944073442,0.6271243603058624,0.33585590852841263,0.20797071332483438,0.29007049253927897,0.413256367876972,0.2266018613877369,0.5551258218956415,0.6004267330698931,0.424255857151389,0.6991137094216986,0.6862882452914533,0.5565396384907486,0.4431604786735219,0.3368706992162694,0.5483218683691186,0.3926573006987808,0.2616299045032656,0.782810467932274,0.5178570427746383,0.26039100998924547,0.4089740492864727,0.22044721892997213,0.5289324961620325,0.7482357473186668,0.5819630371480964,0.0,0.0
0.6709148918831586,0.49240304295469195,0.5157724465176704,0.39885318447386225,0.5038111496486628,0.7806247905641595,0.5124231054504187,0.6177517763085357,0.7364604334097378,0.5302688233615868,0.2783840342820189,0.32459946360618286,0.25605070891278847,0.43882760742696825,0.43383212858529746,0.444442000069428,0.32846546886192957,0.40674542690693,0.2674995717537287,0.32487543522052253,0.4365706247829701,0.4814302140466936,0.5877424298332481,0.38383179180801585,0.4937866930606576,0.6026794224222614,0.34896244697034645,0.2972524027083482,0.30190080149607157,0.5439538575518365,0.4823022721105686,0.3004166841577995,0.8376512504444783,0.4083662744688288,0.28837351493091024,0.2593377533364087,0.4402026412577196,0.6256492003730195,0.1035097782178122,0.7039670411704037,0.6666489836551123,0.605452735955222,0.4617968708403352,0.37256520207662897,0.9709711836056226,0.49869440465558446,0.41000428906563924,0.4836169246069893,0.4391486469839664,0.4237162913942882,0.0,1.0
0.28679420339962336,0.6179642710553616,0.5075820033229955,0.40690516033374474,0.2415347464089932,0.4724854664636222,0.6367818055823077,0.41173701066730334,0.6875126112163693,0.6991879570132014,0.12758432561085226,0.40640546699880953,0.8359934150401862,0.7294612462724276,0.6364940493385318,0.42169502221669264,0.6977334608912503,0.3315693800017556,0.28830597739418723,0.510920449057188,0.6941704332417508,0.4332318892179188,0.525361909413062,0.4333229884709575,0.46612276635587596,0.5023716572044647,0.3770290700602357,0.35096529092066336,0.2947343049117068,0.3394970501966472,0.272306213452756,0.4365278337899873,0.6054044940962073,0.7166973554487361,0.6222003768129226,0.6513246282789219,0.49219803332084067,0.49093661569521413,0.43816554424744886,0.49291461089355226,0.5152155276013914,0.2334766758773858,0.8008182075212527,0.4798719015361787,0.6153018928538491,0.6032508284975423,0.29003612848747623,0.3541062691999012,0.4550004696928465,0.5638299636184542,1.0,1.0
0.30723188968331316,0.49405243716196917,0.4525855976955636,0.5307497364474674,0.5380568131517837,0.4101420015783554,0.571598537618355,0.6010480697478828,0.4383890972387711,0.3365770886327221,0.35951900493025435,0.5651548356056156,1.0,0.4470121225789766,0.5798184962344266,1.0,0.576186872754318,0.5468423369129313,0.6663864982261299,0.45193784610376936,0.39931419613675484,0.19327049817052439,0.31647992243965595,0.49420909089056553,0.5141008737072968,0.6896010093103484,0.2921659172376027,0.6550981842886233,0.6424412395197915,0.7490346054230032,0.47138939695650567,0.48252680947886345,0.19178767202317634,0.5097214735610057,0.1439256102589344,0.43584615834915835,0.5833081221784825,0.6420899711321526,0.35784712187383594,0.47781896442839333,0.22650946362169797,0.5179031301190047,0.39454986084104227,0.591828240086983,0.47827426158118314,0.6141120448309596,0.39786098577145346,0.5371416615564091,0.38252737711413093,0.3095056249469775,0.0,1.0
0.6264132965652748,0.45380017692427593,0.7431982855372763,0.7680148074332609,0.46434559197825664,0.5165198468278098,0.64082755629022,0.718553962799804,0.6804379155708624,0.3074980656996888,0.5377550174606224,0.0911368989242439,0.30962262593697754,0.6623818000374273,0.8582364212868114,0.42626511714969784,0.33319781435612383,0.5658094106416701,0.3259868766125197,0.658955464662156,0.5576097281114352,0.6427551764314143,0.3899510861335019,0.5037684634952121,0.19199523221348744,0.6179241105247714,0.2672369412545757,0.4326064227703094,0.2223523204585878,0.3809655596749249,0.29268826744932563,0.6718102087070185,0.6148245034037156,0.3079612657651057,0.607576003878762,0.6742763452456682,0.4614344284134078,0.5359971930600481,0.4679551437918366,0.6646764214148311,0.5643169504298235,0.6150923151320027,0.40216067300591624,0.18276757073608263,0.40604990608099867,0.3290150544579809,0.3562248807184389,0.49056433248915776,0.3425470750414811,0.4883533812251049,0.0,1.0
0.27573763320195455,0.6795179231885351,0.6456282862076081,0.520757922636082,0.6301156275712114,0.47556307824595373,0.4800611961091157,0.73227118364041,0.4728160927524046,0.4093876680994258,0.5134244996828576,0.21917954763425695,0.4813761199406505,0.7914415218751182,0.5560624856207097,0.5453160689744703,0.7900192126770231,0.3170810928479776,0.7260893011961789,0.5365349196166942,0.6887164295213906,0.6253280482900037,0.4750756390932483,0.48920360763579657,0.42399266331916746,0.3357518506064555,0.493360646412471,0.6459042704908068,0.743439549740868,0.674360526041169,0.41935753032942974,0.44776240520540234,0.1863074068269751,0.4646710523043437,0.30577003124687135,0.4838512733447679,0.5566199879028009,0.42036096947153817,0.6602229892658813,0.6216569588270336,0.3256836201383748,0.3239561857564386,0.37069043601541285,0.5815524085699592,0.553216645117333,0.8074505409740745,0.3492208678790758,0.5398943301690223,0.4243278605862535,0.1869541035059476,0.0,0.0
0.33960849296326084,0.5417359449098978,0.08465263461507078,0.47796230523514505,0.5491440564415041,0.6498651292907626,0.561730954809986,0.7481354412014793,0.6202138525693727,0.41084798229843966,0.7465610851025152,0.45337130646775986,0.45896601150520727,0.6677594144977719,0.4687286923055832,0.6352154610970845,0.31214224282129166,0.7012327712021839,0.436813307802049,0.6266561148505555,0.29612941969740414,0.2059566270911457,0.542222093529261,0.5395103229314239,0.518308584111426,0.5325325245461432,0.5324554039090968,0.4393549230292462,0.5602555498957759,0.25485228509502617,0.5889868750162957,0.7112124340169096,0.5676554063401075,0.56565505553464,0.4959334783299357,0.49424733097012075,0.5542960515293578,0.7347203335669457,0.531939554449969,0.43112546922661515,0.4008937009718718,0.37147526288341,0.5823028060407737,0.41411559482235333,0.337194947703086,0.3183594507084045,0.03696836841592909,0.4339649699811865,0.5213324873271685,0.5614588816967834,0.0,0.0
0.15827490037117267,0.44513011735156693,0.618480587022598,0.42029356873920404,0.3732893385003123,0.4461414992674564,0.6128195662104154,0.17876509483059083,0.6553258410625504,0.7585963356813193,0.5836411220171083,0.4847172950433031,0.4720829955081158,0.31612860794597725,0.4215587851309698,0.41123680580157307,0.5670816849518421,0.5250981300736732,0.3251446801022497,0.43708096330515767,0.7584235585707223,0.4863676516442882,0.7757994644748699,0.5311207295166859,0.5266591317628664,0.5996876021805413,0.34685138723268005,0.5600866023379404,0.4208277836860411,0.4412369643422885,0.2136418367705055,0.6641106351296834,0.7954021231029235,0.3619373996663273,0.3341670767083166,0.5402213561980045,0.32020589169688757,0.7062029823039877,0.3162196933432986,0.6355133111717604,0.38382069748037867,0.5426176022035858,0.37467078160122125,0.661969009656484,0.5037358569528759,0.4064023380557708,0.524824563056855,0.46785575788208916,0.5742308826385844,0.5807573649182922,1.0,0.0
0.4709405377610914,0.5228293485049209,0.6435142842403112,0.5630888098364237,0.3238069538289146,0.3740735932055024,0.24256081833706045,0.7518465271467919,0.5818151406950649,0.24861191105227096,0.41421841500628664,0.40513654587867326,0.6863027286190508,0.3480459956240924,0.6841530200171366,0.3759591829816559,0.6390655330535162,0.4121521637911198,0.3865559339306217,0.4830171550648103,0.6258010481717465,0.309933478449541,0.6871641002951718,0.4338706566349377,0.3186136440835839,0.4842093990183409,0.6344445771106427,0.47107241986753545,0.5339777737134659,0.6915566661383767,0.5826148574517243,0.6863408492610807,0.6621501038866783,0.23915218116624296,0.3299002189958594,0.4251996706863592,0.8332847826659061,0.38613106689943166,0.5708747532358222,0.4082770269315233,0.6036492878468286,0.3698732715843589,0.5509823044488573,0.31200304966414505,0.4571513406348225,0.33502647899644783,0.4510844234691454,0.4446850484622877,0.31447178988207675,0.3469631084198588,1.0,1.0
0.5426478241490895,0.7122401487348247,0.7763047864893554,0.44927867767886914,0.8446415906122932,0.33178069489368534,0.6141335984297744,0.5840094348645023,0.5098383484218248,0.42657277597825244,0.7329879393212344,0.6161823319916622,0.665731727893466,0.584652639612047,0.56762743514073,0.19556823550875505,0.2165639478170738,0.2342174127928775,0.6684501839790918,0.16074335621868674,0.4893496010005714,0.5131799847052635,0.48516906769203433,0.41228706825941774,0.18978822171918128,0.46565633594524136,0.5305268765635739,0.4519302440977039,0.5511369336339987,0.4035195375913812,0.42121606744255663,0.5849681305621643,0.46323896887659777,0.5299715447283266,0.41622220138521676,0.5806704749578195,0.4789574203325738,0.7867875269493524,0.3078113911787936,0.4764848645125495,0.34203746398534374,0.4511996687078369,0.6767492336410184,0.5339766955580092,0.3612691834069431,0.5334656879204469,0.5025037268343702,0.5045555359280076,0.20852142085610784,0.4919091411632362,0.0,0.0
0.4700486908705857,0.4030409366066827,0.3894287656217817,0.5442233323912558,0.4853442507821149,0.3068112953704464,0.5416102648022171,0.534143302487513,0.5139377411131554,0.45762119899208836,0.5384573276895638,0.4229080265997323,0.5054274513079519,0.470514102201207,0.5188699591314789,0.34357282914360787,0.39606820007981647,0.17204149930767018,0.390912059417876,0.8079785057549181,0.4783092496614562,0.7162058061758079,0.4392221885907942,0.17321839596988456,0.19714390126451617,0.4156270006138758,0.3458177010801523,0.37498647224546966,0.8561505058643746,0.5851415699816347,0.48632287440137295,0.4140145378790734,0.4820078030336489,0.2008735255527312,0.8413566752356003,0.5781469148191687,0.4998728528872049,0.26885341337408947,0.4411216175413004,0.31077714686484864,0.2819911137581723,0.534177606723529,0.5518189850368069,0.6622060886608526,0.5786785165594663,0.48384204685441307,0.46872953877008167,0.5843400787304901,0.6248614956353682,0.5380939983697819,1.0,0.0
0.4456857295744942,0.7147266386758445,0.6557865940587199,0.597000799552171,0.31895895141198494,0.42925833853189854,0.4799889588856839,0.8235417264577001,0.4459057340401176,0.7233904389043468,0.5455188765056508,0.26939642058148816,0.3236190576879532,0.42043461055231984,0.33540009633903367,0.5834803760296612,0.4550758136721153,0.5224551552978839,0.2105064489638559,0.2499448861267111,0.39808212711899715,0.3998485939764581,0.3764938776572653,0.27760589101400146,0.465734194141765,0.5925615132037159,0.582946296053304,0.5440880438180139,0.32291670762156693,0.3240689198224577,0.46445710587477534,0.5977071208177545,0.7005422380749107,0.4916131330799603,0.5913482684768016,0.536468411918359,0.5091539724600036,0.28361726812596144,0.30213451605441083,0.45350167197901836,0.3848033332206882,0.3619907224405737,0.416956242719737,0.4435470709294494,0.7006912579499184,0.2809023847082085,0.2909823735253936,0.4726096068283988,0.31898978726072813,0.5479419958845749,1.0,0.0
0.3266430497805188,0.3546232654029491,0.3176897346045422,0.4812229667562355,0.692422275175354,0.5912115908543708,0.49159341109108917,0.5307384162400561,0.5854777580347335,0.6100775910743047,0.995948781009804,0.42447845872465156,0.3327220153281563,0.4196930744219027,0.4506899165760427,0.0,0.5304386883310732,0.6927861466415908,0.4700832748360575,0.3931975412068839,0.22229837321087353,0.5438802667656366,0.47943335655670716,0.4394377195565343,0.47157222813987587,0.43996462072582854,0.34343256132433175,0.37157934127350734,0.3365090461152639,0.822182349978796,0.3359533182552858,0.4270602010843511,0.5171041722784223,0.7608423008768772,0.7105699205588758,0.7250434168883951,0.3196660505476966,0.6581238228414541,0.6841159501567117,0.7339478261502427,0.4672503210811552,0.2913681143947672,0.885924785266661,0.5244167766255073,0.5339530807554852,0.19354595355151374,0.7026327116614333,0.634838585382816,0.3052812820072011,0.3621730695396779,0.0,1.0
0.5489722441514906,0.1648003104329976,0.4432861791149133,0.3281411792737323,0.4946907249625531,0.7012099847807404,0.40513808202867524,0.4537267657362807,0.6262835677484129,0.4626306215254956,0.44094059884965414,0.6104167082150612,0.3994785094256523,0.3558250653524737,0.533271970793835,0.02691519469724611,0.25083461540313917,0.4763129903531554,0.40286382698755024,0.693888040317888,0.4002554150981995,0.3880185576862034,0.24879823802391768,0.24073160679274241,0.6719715378481338,0.8891451084472481,0.43200573648180113,0.6747523116506436,0.30874706331709534,0.6362946482867773,0.35677551597929047,0.5142313858390646,0.9393642784046728,0.503032078141233,0.3427518252202989,0.5290704495261327,0.46603875848758414,0.4497523871756336,0.7040064464930391,0.24788163011619824,0.5958001424859453,0.24667689642384258,0.742276279519661,0.5234101417801853,0.27614058980603656,0.3816076548084854,0.5113440748375581,0.6399071703406874,0.42469969710356753,0.3626133629485861,1.0,1.0
0.5977406729831525,0.44241674003746584,0.6414188033706755,0.5289803410302003,0.6031928958407772,0.22852606356043062,0.42459392292859155,0.41494513150793655,0.5386621937257676,0.46763030995026006,0.2920626937919879,0.45319998274025847,0.45300641751286447,0.4607042674653613,0.6024745960205438,0.44570986313663546,0.28351008661878235,0.7635997888600934,0.4529977310576479,0.4731646423827014,0.5347698534812088,0.488144682992533,0.5620221339912131,0.5287832043414918,0.2557120520978642,0.43546058849259606,0.7204161049368717,0.47639149544597037,0.666094910235616,0.8266090478237496,0.4882437108306776,0.4796409333786423,0.30969639370909785,0.8860960739699568,0.3692929624399144,0.605864149012608,0.4163375860729836,0.5797007028934499,0.5818081596107613,0.4894750283944595,0.4801591402720541,0.47507335290411995,0.5377575383877813,0.3886052314328949,0.511265012810872,0.5675719071203983,0.5995213233682819,0.5903176400186663,0.512327657261124,0.3464302728813869,0.0,1.0
0.3071437848758382,0.3509404331665045,0.48145367133223044,0.814571249774947,0.4469038270940166,0.147032926844524,0.4761054103699851,0.6748884887326946,0.6936946298711609,0.5996844619858103,0.4063411848252851,0.5456893207793764,0.8924699586469216,0.33261482014519456,0.6977677138995186,0.6468460878809132,0.6368582342953766,0.3132750904360381,0.8177751168410831,0.2816809656040128,0.5685824193273875,0.6180024971755125,0.5007218707392779,0.6834295828619827,0.4551055342331014,0.6878597494913348,0.4082139650044998,0.22749238633507218,0.4873935283371751,0.5939694222648199,0.4321324755077212,0.7687732622142768,0.22998855210635716,0.4775483820893129,0.5174213869034133,0.4180790538683985,0.45463239687710827,0.65890183875497,0.36778765276804803,0.5901617540599964,0.26662654138295716,0.4700224577346373,0.7088982680337698,0.4104897241624535,0.744689161704923,0.6433184292493641,0.20147809967271577,0.707297705347052,0.3433537840519601,0.5353037942017687,1.0,0.0
0.5169031238279603,0.4005912995642383,0.3192548227301236,0.2759455880095583,0.34550740119992407,0.6115546622817823,0.24025881514582637,0.6834744554768329,0.24037586022463084,0.2766724885248324,0.7178666555468246,0.1659725411042128,0.6602318319252488,0.2989430024340588,0.5642397652854195,0.20945057952225515,0.387605536633853,0.41953598049872926,0.6803181749589762,0.526509736220725,0.2182485807175618,0.06856017908523011,0.5124112852006047,0.37218918284229635,0.5953225592726504,0.6248831369198454,0.44169268780840454,0.5381737232467624,0.3180945543520529,0.48000010842266094,0.5599607197964088,0.5809856355844084,0.6234075508347167,0.24707389248853293,0.3523520106305828,0.5324603032655651,0.5658259542598667,0.446757304802434,0.671305877076065,0.41424372768335394,0.25528412285152385,0.772480404508393,0.4685170174596225,0.6617174363730226,0.4197842718702667,0.40604450148677396,0.3128102788393383,0.3318919047275374,0.5392416787122536,0.6550576668306309,1.0,1.0
0.45251359151963716,0.3396544762457157,0.4693136078518281,0.1900964456939174,0.5840704419597901,0.1793035805717262,0.4184191074303748,0.5304439642512517,0.5904990688878464,0.17926246590854358,0.3176378472946403,0.5057729664129372,0.445438406129675,0.40546175495683034,0.746052572395282,0.24695391588432403,0.3746085754554686,0.37460442900979113,0.08467364125827204,0.33359629803725904,0.792511075334149,0.46578863330079096,0.4590060366595778,0.3149395779400877,0.401435305617109,0.4935270838563999,0.6420597217155734,0.6031103044531684,0.5531180173813516,0.5594486075883002,0.5529401146571408,0.3725722036737792,0.37982587905296755,0.5858100071137216,0.32785910660518636,0.48949725378565945,0.6224000611665641,0.33518295650295965,0.5436006457223639,0.4512241879583384,0.3305054783180464,0.5780403873385174,0.3000042498022221,0.4468113771079732,0.722992586478816,0.39487853383492827,0.5811412842446348,0.5125314447040611,0.44099241968054603,0.6048239616468385,0.0,0.0
0.598197524526114,0.7755715168677485,0.5580595453891954,0.6478917559102404,0.5670298788566042,0.3470529624864697,0.3648157543537646,0.3643289374895934,0.6424353897935994,0.37364893735143023,0.33906346248371455,0.3541830756109769,0.5444893244891108,0.5538348164573108,0.40369738867770305,0.5013874628290156,0.2888383943661877,0.5311634607178856,0.5771097532279365,0.45897269540262575,0.6946458289655025,0.6976228584273751,0.5627036696963827,0.36180404314159714,0.5842624778949284,0.2970564129842833,0.4436918794723967,0.4966019718277575,0.595574719714926,0.36334119913396123,0.3732465947187094,0.37624290838686564,0.3715890532050171,0.5408581993761776,0.46401556936566907,0.7018319120051163,0.5574550435044836,0.6503392919705259,0.7308074465294258,0.6398506514892568,0.5705723851978469,0.33215525721095596,0.6974475113165722,0.43124054161558084,0.5199982328293026,0.6782957253671844,0.5276371202843902,0.30352053966264647,0.5806955333320117,0.17145909520082092,0.0,0.0
0.16884196824707043,0.5802158943637163,0.38568925573973994,0.7015324073496042,0.48303985851829456,0.6133747142380543,0.4873326950288916,0.3139836613724388,0.408325807550881,0.46994787396563453,0.6325292532574525,0.4958505478568098,0.503420739066711,0.5738087911651725,0.4952189710046727,0.19885940466155724,0.2908394259398711,0.46506765206932954,0.45741252095334944,0.4846481696841101,0.6046656319903895,0.6976598957440333,0.5822659054345066,0.7350266128814399,0.48666073600930837,0.6269045612144002,0.5367604547928985,0.39624977255748767,0.42084119357600436,0.6108208241620714,0.5101704713292037,0.5583867458395638,0.6316625912252543,0.40659767477221453,0.39053252884421075,0.6548480332404965,0.5921211717810819,0.5536217409488333,0.5570229170285479,0.4446716273335371,0.3842291617021993,0.5207468853748027,0.5625780742604604,0.5613197307883113,0.32561087294920643,0.5687449275071257,0.5470574742690374,0.6186151211517802,0.5562141207825588,0.5365617468766075,0.0,1.0
0.47669336432851406,0.40855988903359786,0.5204129721954965,0.6063331851299137,0.35053952918797454,0.5979082713041655,0.6400519092696901,0.6174023045862636,0.5297022990400894,0.5550254816347343,0.3896811408385696,0.27145776193291615,0.36723338153476137,0.806747966275502,0.47953322333078924,0.5503481426250725,0.20731693422515496,0.3260931312612076,0.7606764094587963,0.29926517337275005,0.6762748072199917,0.5915167727281117,0.5312276612997794,0.5729094695015661,0.5427382485460749,0.476706344790163,0.23925070078472221,0.5464176742546787,0.5383816582604227,0.26897826869117375,0.508062080279924,0.6023237083180722,0.3673718078320615,0.5375015107995367,0.5025691496117881,0.6137923974636006,0.4435953481001972,0.4097418980806951,0.3249774171049514,0.46981255938368266,0.2546769309822884,0.47299600652733126,0.5563060906536244,0.37763965525359267,0.5284011063760609,0.4163920738650993,0.4970541231160424,0.6050458944719044,0.29380238569715295,0.7369504157530526,1.0,0.0
0.23739196161967627,0.2771524134311255,0.4580701137797065,0.2804394467597238,0.6751807060562152,0.5367420458188193,0.6770995116641718,0.825527226041836,0.6152352236558359,0.4118090233923739,0.2557458225648431,0.44180504501168316,0.5555906580095011,0.6499097723889219,0.41611975961531306,0.3835960025698872,0.6329089200915035,0.3833197346912878,0.42457622907817444,0.7083085702068086,0.6277499817307061,0.42979660954299065,0.49910362645257283,0.5128797936693819,0.522226821286446,0.5444235302299246,0.7638995306291765,0.49941959672803404,0.28449695955446097,0.4756093043628306,0.5491895793353637,0.45828389758893695,0.4986383850249453,0.5554803851784904,0.5570545120982305,0.4600904508394544,0.6429617741520558,0.377460076547113,0.5476919343629615,0.8607396006321462,0.30506995330474246,0.34046655555363475,0.36755556685000845,0.3216359103597232,0.6553723848080784,0.34001525894386103,0.4831417538830496,0.6177827726122956,0.43978156177517314,0.5342727310399288,0.0,0.0
0.47727853563589545,0.4041313160849541,0.6329833908170889,0.27399070502571155,0.629192148062124,0.29355259429303965,0.6472010970709833,0.6197198940291594,0.3590262222885034,0.6767390546749862,0.26600462668926544,0.5569732438005689,0.17480631257187043,0.3917203737928882,0.43255538243947894,0.47250241857123465,0.44003473937963694,0.3634311607503339,0.25991970490188354,0.46858620698637904,0.4422259262737052,0.7149000337037456,0.42064459176071634,0.6358035318757612,0.8047359616859717,0.5512323215616656,0.4342583164125809,0.4501691984879461,0.3704047067414326,0.7501581691745904,0.40163667905139144,0.9937121066619352,0.5970490180141361,0.6350770168958559,0.5115417883675275,0.6486054629760347,0.4246961240413105,0.46096334601015526,0.506704139382404,0.7295260322609806,0.5011778192701445,0.7163588815330741,0.5163675899628573,0.4102355329331444,0.6764858760745149,0.9769473219185911,0.6163144096364401,0.4299976273854904,0.4531319172259297,0.43829048163877077,1.0,1.0
0.14967320694975528,0.5532201915969139,0.5278505108927846,0.5075927653204917,0.4887350479656514,0.5464418524188454,0.6916542136128857,0.3332129481324809,0.6461659296838836,0.38788472009546443,0.5440090368625159,0.6531482708062122,0.7662775906985123,0.4096670228051657,0.5564686090099642,0.5984810654740721,0.7174869108084645,0.3131483290837977,0.6051275476884577,0.4740439719640435,0.30275111268034555,0.21936531430188427,0.4230981979070063,0.4658631698041994,0.527310482025973,0.2611618345074755,0.4512791725210384,0.5060020978440696,0.39295568451411794,0.591071693395478,0.3851952423589324,0.6812692625176514,0.3826435550249076,0.5188079582376822,0.3378529648345615,0.54245751082439,0.2588955078347663,0.5892694450607661,0.5846228452174174,0.6955672383976848,0.5927172302547145,0.32143904445377,0.47353062489893816,0.6498207264670824,0.5215630664983542,0.41735898638716146,0.323994702328944,0.4423562904373571,0.6799356986906903,0.647702994858352,0.0,1.0
0.3368379542857078,0.6679617217434726,0.6657335823444354,0.2599909863141376,0.5018916156099077,0.4214813944017779,0.40132838562386963,0.6013637952749248,0.5993213869852633,0.6504243428967059,0.4597212390673354,0.31812818910121277,0.5496614572282478,0.2022829500202914,0.2819449213246832,0.20703186967439569,0.42389216765619053,0.49006845291844686,0.7747232596822438,0.4452474565403207,0.5663090577452924,0.4739715214896038,0.5913912938701191,0.5012878669564473,0.42876555621387735,0.607787383338342,0.2417835763791149,0.342872560245229,0.5352542972678307,0.555361700171506,0.5109734639401049,0.5469029538430703,0.7587821149957773,0.13255305735737408,0.6990078603196657,0.6017719669732866,0.5037623832379561,0.3765570554786335,0.4731502155851676,0.5982356408519246,0.4645375581376441,0.43260692931698413,0.6826844649805893,0.2544956065419386,0.4708169282953915,0.5980477021425039,0.16832789905218803,0.4776983775848887,0.5401029076781437,0.5242299055312427,0.0,1.0
0.4476276762389512,0.5063999331780016,0.3855944454167504,0.7073006214194273,0.41846965608483977,0.5046413973155414,0.22861224778889289,0.3663171840198176,0.6021791359735815,0.447030491090777,0.6398724308847294,0.4499173594271158,0.6228634467227085,0.6501917416191099,0.5477756704265695,0.4622537230293633,0.21522068136935926,0.5322962083309912,0.4368061853681662,0.2828601419485482,0.1277972958361188,0.4358044888183088,0.5744917667967158,0.24268451645041836,0.5728481066632798,0.49738397279873553,0.11467407456010693,0.4313452082468748,0.4930605529750824,0.17082256474641058,0.47654881228091056,0.49271161963223153,0.38774888894724746,0.628931340831967,0.4415243582597751,0.5518457364838822,0.5789490106200247,0.36752645547278445,0.6172143798896802,0.2998455936200906,0.3987796243106287,0.3829420991672981,0.6307493757592365,0.5381331007863707,0.4538453048053421,0.10953350403498678,0.5708066873825932,0.7087372566491211,0.5595563140844079,0.38280698572443417,1.0,0.0
0.17293879347175845,0.7410430355564249,0.563965083671523,0.54747181487106,0.48604238963382107,0.46123170552742704,0.7015615103712932,0.5034882108083139,0.5940140501591851,0.21599840839726805,0.25474899051258404,0.42506181498204076,0.5018158822991159,0.5974902199986993,0.5300604312464957,0.35855236981309463,0.6563116687019243,0.3548513850388638,0.08839268136834219,0.7815391235095759,0.7125128809254601,0.35500127425959555,0.36864009303304346,0.4182196395527311,0.23123459577481711,0.7504919430231866,0.35901383220825445,0.47906532030069926,0.8015761970878393,0.6502986397433305,0.16740006072852592,0.44784745961112254,0.27628470772205077,0.5755172024474611,0.552701413870483,0.509672994813554,0.49565180530120523,0.8578311996500835,0.7367913866037934,0.3832741872210672,0.5095327926840987,0.552279235248594,0.6179259334355246,0.53009178393273,0.4505216624355533,0.4404154216077461,0.631168303873651,0.2850619703691732,0.28837353692206796,0.32125955651530025,0.0,0.0
0.6836832176999881,0.6753714677387882,0.5388695920522302,0.5557641322113386,0.2806438314381754,0.5923054169479718,0.33474625462011387,0.569213048756859,0.6802649607254568,0.5065768625283444,0.5100737804843027,0.6146122929635375,0.28022721453467125,0.453795710127454,0.4085168712624133,0.488927124469883,0.6313012214390281,0.7498203876843815,0.49091558073297054,0.4875644071074888,0.5228518281288885,0.48869702392671943,0.45307798175898956,0.546355347661105,0.340982886075855,0.49935905316828266,0.6244801085739102,0.42915307670954517,0.4184344297525737,0.5057948545468925,0.43573191267935474,0.7854033928539502,0.3458678466246912,0.5244374272370648,0.6801354069576048,0.24022604584545032,0.7988423207723888,0.26098291101955734,0.7335413373679012,0.5224989313751242,0.3758333758334405,0.2809150401923937,0.6380441061639351,0.4675294275135749,0.6211442009003789,0.6649347140615822,0.6829111034324625,0.7852936462096786,0.10164929699475456,0.6958444329602279,1.0,1.0
0.4428732364737081,0.8334209829323151,0.5224055892270084,0.2827348295414876,0.6997029737717172,0.22464181393186874,0.6134309761878799,0.5689158319804964,0.46927546921561464,0.448445224806083,0.6731668497344113,0.6600307975167147,0.6431957557612619,0.5509123677732238,0.5613635407771311,0.5305759887210502,0.38912224494881636,0.3971159524745778,0.4344260805210086,0.6333681903535114,0.5703899269218623,0.2139297985263183,0.39179204013814006,0.41032354144104854,0.4926909899060218,0.5200954044950213,0.3626727020838619,0.39692364254784085,0.4397976089445644,0.37161455072262156,0.5620847098034006,0.4715769855797333,0.514404218804963,0.4232301821208227,0.8147908134659225,0.46651079217061825,0.6273622869358179,0.6235894285488057,0.5229513971293687,0.5459948821475662,0.7128471563814596,0.4231410170619812,0.5490668319697335,0.1702154910003477,0.3337632992447577,0.7879990359347638,0.5427819978244857,0.4757872942475628,0.3339000522172601,0.3717045522011301,1.0,0.0
0.6290124526168704,0.5708779534945657,0.5675495274459873,0.4584089368849175,0.5487890799924586,0.386427170256653,0.25816940203866967,0.4443654921806965,0.5226231246050369,0.2883352997140506,0.4526521462868899,0.29472823578423657,0.5243898180093799,0.41439871112993354,0.41274053150306583,0.6930288499199406,0.3033712980128071,0.4119901714051673,0.2837691165695956,0.32271355289677245,0.42760869648448885,0.48459565290097023,0.5325830206996679,0.36621895503984153,0.5304239111094023,0.6134069291877942,0.48784616388425167,0.2296108067653476,0.4135666246444154,0.6942804132996933,0.3794663097120379,0.5643112687474969,0.6354525073685177,0.6283507845354729,0.5934025457390146,0.6265637094899026,0.5039237735902615,0.5460916504787979,0.5713931948184142,0.6392819607109125,0.4828588659993142,0.3863867948533153,0.48810925772029506,0.567340809536951,0.3756992588069461,0.3485052934221413,0.530423994303991,0.42622129080175786,0.7501111731078616,0.28856798242950316,0.0,0.0
0.6662565049852085,0.36178236291622407,0.43249334163050773,0.6810866018272018,0.7008319281848305,0.521793950216508,0.6663522716837722,0.4925113050171549,0.6430910823474376,0.464723151829693,0.4593839862652994,0.6121541177389797,0.6347637838995754,0.4844371625687931,0.4875909153499162,0.5058740821350165,0.4822155783763061,0.2607953227789199,0.37843906589439885,0.2124795303082558,0.6349532926463636,0.229528029187624,0.5535628170617226,0.27430202636955936,0.6569834987681915,0.7637226172552082,0.24625817097512137,0.9558775472660807,0.16386456894096696,0.30674605722309045,0.2121624776874817,0.350033414459615,0.5876945845630492,0.3099692335952103,0.5792015018221456,0.5520751972790972,0.5032917555891355,0.4133236880446597,0.5633114278719477,0.8100262812227421,0.5392037263264403,0.6667083654989706,0.5633586332630223,0.4858016466398593,0.5404275697810714,0.18958147926352087,0.320097131041481,0.6137423051432116,0.9115768590682952,0.24081188207983356,0.0,0.0
0.39052768961066,0.4702126868131368,0.5699746899641596,0.7764160760713799,0.46652173722489554,0.2947011663803388,0.5820141963196493,0.5421733010394708,0.1923468793350267,0.6625559276748045,0.5008090269113425,0.6148275660463343,0.5169576430493145,0.5852238460888539,0.42828816379898493,0.40409222570414305,0.5486925008729864,0.7398001017113135,0.41861400957534484,0.5438098647335909,0.6747412427682442,0.2899573908342269,0.43409045948233166,0.7111949358044879,0.4082380719158749,0.709652277839563,0.6117761130440937,0.5064227467918405,0.6984049130920186,0.5047976518681643,0.4260899907914224,0.2009840323101117,0.26511471768594286,0.5314728125618087,0.5427953429488589,0.6578122822356783,0.4569939501540058,0.6337697203467559,0.6716135604286301,0.5954444269639783,0.7364257747853916,0.10488963111507935,0.4901335154676283,0.3378476160423417,0.4264944932944777,0.37071508096850314,0.509535166558614,0.27151869441861265,0.11039575409843379,0.3950712059538374,1.0,1.0
0.7306192573594512,0.6473569668319591,0.513371026189511,0.452245202378266,0.4467346127920432,0.7773177318231702,0.38547342010223645,0.34361969063935893,0.7174295514304333,0.45916941911406856,0.5592252983210055,0.3661695448431269,0.6476076561350377,0.4939470085286214,0.7616664783522668,0.32923900723473143,0.8181787547206173,0.3769216724035038,0.7401265202317132,0.5405499272092338,0.4979356482427417,0.4439364900089167,0.32858759307805213,0.6694984530428039,0.29860833023519157,0.487373591810935,0.6118687116076671,0.426185699174278,0.5577405155099058,0.508947790804726,0.3221918028405674,0.4550837143292329,0.346865309145524,0.4355548778228967,0.7548481897909133,0.7508729399867924,0.5200539716937046,0.5972882666612968,0.6281701702129506,0.5456032261664098,0.8427828500617446,0.6928958863413165,0.5795497705297652,0.610989715051961,0.3812690518344604,0.6367994151306687,0.6371652250362173,0.3469344830848244,0.31575136051646835,0.24060566104113726,0.0,0.0
0.5060341648600323,0.5136673260898846,0.6205855015929074,0.4192224594710119,0.5677537441481857,0.5567276297786632,0.38443772197043913,0.8047160597323416,0.21309920111423844,0.20143726448397214,0.6450360770094666,0.6271115556492995,0.47092810815958563,0.7488223319105295,0.4823976645540165,0.46180859998641427,0.47937198366173944,0.5705638948153623,0.5265664116571055,0.5794815821846493,0.7285784794201421,0.4856925158862199,0.6311704031463721,0.3604942750913767,0.5756324433775843,0.43831677947239706,0.36910647609603,0.48797477558261493,0.08079295886899948,0.6262324665024998,0.3353565917220595,0.4553029662751686,0.6315664953116177,0.41782105240997675,0.411184633012413,0.499044746637282,0.5297909840517726,0.5543506312976042,0.49599826885702575,0.20582236800301906,0.5482658301825358,0.3916473398170283,0.7698383896310182,0.45805016262109455,0.5714081376360747,0.3676223390636546,0.3345041818847579,0.32019457790515393,0.5890900801778196,0.6672459881780861,0.0,1.0
0.5998691098454694,0.32125217419364444,0.6075014237981272,0.5830063228484874,0.5202357273586007,0.3533902436340265,0.2550555687797245,0.48827763498805,0.5175730302124374,0.3400173735108547,0.5636348394889534,0.3900358540325258,0.2687994188194626,0.5802237166463329,0.6740881651590449,0.14281247704010447,0.5322325565047242,0.2774726690281749,0.6166230954201731,0.3296362251664265,0.4442490440306948,0.11958359929722594,0.37985485227206645,0.48441206566491285,0.6468163335688363,0.6348126899287686,0.40141300389016055,0.44114438201456474,0.4642488491093014,0.655799279347367,0.3468895558382805,0.24492478819136718,0.33825756887296266,0.42196838422048855,0.6665395970440166,0.5324377946947096,0.5442893978363301,0.40622488216094665,0.4598670843575451,0.574729415733539,0.4874309604741724,0.09316595462031683,0.5034608983436683,0.38943933317538737,0.35214570319810884,0.4274060062231651,0.4947155293702637,0.27196997296114905,0.49448468992341554,0.37077563377091005,0.0,1.0
0.2834030965406921,0.7154994140102606,0.3064519797071425,0.39908407123031947,0.6845279577850784,0.6714579521915777,0.6124539443135592,0.6651772926191606,0.29773502293260745,0.23862110832439956,0.5824753447180846,0.3478196887305567,0.30475637681165363,0.5690897039844336,0.5613518216700337,0.4222846237814582,0.45916047443425145,0.5685212241265056,0.3982518955090561,0.7236070412480281,0.5929192171911318,0.4333195408216397,0.46224666270953874,0.4665235396850878,0.4661626952085775,0.6587731954379705,0.5810597078674042,0.6566434656098729,0.5106265525719675,0.23176448939836225,0.3490016742783289,0.2828917138155489,0.6132900021002918,0.49329805465046866,0.42530879415993417,0.4026454115681336,0.46972606439874653,0.6792333877727403,0.4210168779696152,0.3086240341957582,0.4172616403610448,0.3569489642334004,0.7325153461067672,0.7374500399627496,0.5251724292797098,0.09291246279097916,0.013455836440279806,0.30187387466797005,0.7267133492183714,0.6686232283030787,1.0,1.0
0.6030901093949969,0.5069723876898216,0.5778796160212883,0.37527572063813874,0.3985626988040844,0.49397494161481326,0.659511990472799,0.42989133500049387,0.4540697201178761,0.6377122633227014,0.5574940559865795,0.57416497090033,0.5145850031367637,0.654153896026941,0.3534843493661338,0.23716283068338576,0.14066783101785957,0.3794074846367756,0.5917919808843655,0.45000446535446303,0.6739608931175173,0.34098966848294193,0.521371796945932,0.5768948052507276,0.5646607602946865,0.505022938720736,0.513022375074309,0.29711932020745424,0.5754101756300279,0.4555685155346146,0.4641234387882699,0.7380143421210608,0.7689406898619323,0.4092396831669389,0.2338853543007331,0.6864440879524535,0.5491812321747598,0.3655052134700072,0.3448054660278706,0.5113573633281541,0.5980869190630186,0.25166605868810604,0.561594239004475,0.4396753322547325,0.7761050972942978,0.6127146854081095,0.5316409500936355,0.4908277386009318,0.4575839064865469,0.41857164880353115,1.0,0.0
0.5238705483536351,0.4602089497822283,0.09677011302929174,0.413681789587072,0.6705804405860919,0.5257566023466728,0.6184757647029165,0.6388072677436489,0.5159221121242811,0.5637963721749585,0.7231033664218735,0.43956983320353427,0.38403910298716415,0.6172988575855518,0.47695323218227875,0.4979378057759136,0.20586251267560027,0.4435158710775227,0.46799943945956035,0.19340584727378413,0.5781091859903961,0.7428316976794814,0.4519936432438098,0.5733141332446998,0.712595649578993,0.7461636438309488,0.6451287094994269,0.5376142575727787,0.49539901141226794,0.6481891117957108,0.4937305663190818,0.3636559075018136,0.5206127411955161,0.5852540359026124,0.40919346334686724,0.7538699746397586,0.45099869984953667,0.6233489956332819,0.423738802951237,0.69231945125471,0.4640332100762724,0.22010509624415595,0.48864478309074955,0.5855722116340496,0.589822052122856,0.5156216929340705,0.571860507221739,0.5106165590956485,0.6386383095969277,0.7230549913481314,1.0,0.0
0.5170266872087526,0.4990437824004516,0.5178227974802883,0.4933984686662828,0.7473189891393395,0.22415256760995986,0.42018603414133177,0.4805649984189386,0.5461942647194908,0.3578792082317396,0.3853995881037761,0.39285123014594037,0.632116556836038,0.41815539014757985,0.31588396017139103,0.3626256324325421,0.4216483999881909,0.5345002790670523,0.5165629298600289,0.4770360817519513,0.43688327737899973,0.5393359340192582,0.538607404410373,0.45918089077322344,0.5451584811125986,0.3973300052504576,0.5190906488684413,0.21421379380320418,0.4074166343528305,0.42146687548513717,0.39125777657446414,0.7906027104816011,0.26564382048083274,0.5246910040567394,0.3108540278619761,0.7464168250707426,0.2376978773140134,0.5323930084942201,0.6615048826393752,0.3764753316534871,0.5424600996389889,0.2688278549687917,0.6215783736490347,0.4392403122912974,0.3188126260916191,0.48844773165197536,0.48875057681379147,0.3731424367588022,0.28532865336191743,0.3078907647370032,0.0,0.0
0.3938603306104311,0.506617500156072,0.6881942633466817,0.46810298650345605,0.5985625951819001,0.411052598823259,0.19971404282708813,0.4974534972695442,0.45734956633789875,0.5136103195487389,0.6643506126580069,0.4748274427143739,0.2986670686221796,0.3026677302853989,0.6194157063692509,0.4800702928949906,0.5378700034204856,0.42761838319017975,0.4512181927876281,0.5509367087660557,0.6146647175195199,0.5449582087293351,0.8822106206580946,0.6158187728570795,0.5270770659826391,0.6088633177763324,0.46519780792496024,0.5392186252638618,0.526990448175056,0.6034088907129468,0.31247785983061205,0.4028319998686318,0.5113471541935467,0.2600133020610301,0.45815055336847343,0.5284964384430765,0.5814581941898944,0.483529531233138,0.4276544843266661,0.42211230660997306,0.42422971959377387,0.2950992178840708,0.6644687265815044,0.45116431969311427,0.5501641229460777,0.47421483708198114,0.6044982117574007,0.6054849620592451,0.469833437089797,0.43345560286063645,0.0,0.0
0.4048030627374268,0.5202973923420993,0.48650545197851763,0.4234780680981679,0.4312613232170959,0.3700834115927706,0.726237200192727,0.3956240328875996,0.7253232412482586,0.0,0.30923461498922605,0.4127930077067486,0.2657317354598639,0.6838714080128929,0.22349932447271348,0.4564574605873208,0.3436845813457785,0.1660608412568283,0.7593279572022364,0.4646100197653509,0.4321143464087327,0.6594328924502998,0.48023951544988175,0.4843308291195044,0.5637458358511562,0.3649775024212787,0.708943282214351,0.5388465195927179,0.5317836994909192,0.6904433762403516,0.0,0.49174138421796776,0.5062793881631563,0.2943192595974245,0.7359067514921412,0.2626143479608207,0.5815433092961982,0.6283326806308733,0.8998735266332386,0.5628324058900811,0.3448940365776142,0.2223235133818819,0.44540919533613393,0.4489576443249123,0.34013004360121635,0.507385311695444,0.4716951644552149,0.6042654711270875,0.36346511248702945,0.29682073902419326,1.0,1.0
0.4354747595078501,0.488209879903947,0.47785702786991474,0.6744252425797935,0.6071618121736638,0.6506533938593267,0.13814577864165428,0.5226789985296496,0.6144547651554646,0.4256955415093092,0.3818358403062734,0.5182401776441228,0.22348841152536528,0.5700644460031604,0.5200536289782629,0.08695799797168724,0.3593955583499056,0.4677294390382338,0.26756285939793834,0.7444110048067193,0.41042096110571047,0.38887690942784425,0.4125592899998939,0.5984539936769034,0.4623161206666329,0.5030089694894113,0.4137495526083459,0.41257128698648027,0.40906058063493367,0.5633725593327781,0.35656731599427843,0.4929370897938625,0.6462180685479456,0.3812966385735161,0.4656958974438455,0.6681949907914879,0.5952060213299432,0.31857795673450984,0.4010357916817757,0.8266783738758422,0.36020405317942983,0.6554131821519251,0.7299233717955688,0.6810138603243052,0.3246475635360651,0.44854538440639724,0.2819060205995832,0.5676146031857393,0.6039506546639594,0.4440851028568109,0.0,1.0
0.2830859935579938,0.3886257978056989,0.42880078643676295,0.7971845022900482,0.3854598335748165,0.4703182791241533,0.3814052437021978,0.40817763586680356,0.8732240413743907,0.4894026286663368,0.8114676909052345,0.3148743060010908,0.6885090467841996,0.6391547482546243,0.5590129929545935,0.678113288950513,0.5267222715149523,0.4042432254284042,0.6215182479940045,0.2670238756880191,0.2885948926238945,0.4289072951261795,0.30794266757968874,0.4819382101878921,0.2432879777990645,0.5314897136889375,0.5584568136065154,0.37701042558655173,0.7020213358597941,0.8278932415486248,0.7244908452909558,0.39252577838776415,0.504084711184234,0.698149155495545,0.5410117525647627,0.30128302246394273,0.5985729579526072,0.5144680187572772,0.45916845962134234,0.5116552095729167,0.5064062662391049,0.34627085381977996,0.627516712604797,0.35124578461676637,0.5873377266057155,0.4805463783574041,0.4499939130724444,0.5559496865323162,0.3542860656298954,0.4412235020683063,1.0,1.0
0.20033756393776575,0.49323547239925064,0.18165142113017255,0.4616275918764462,0.4666667398377954,0.5880891893623847,0.6474432778304106,0.42808543408238364,0.5687311653124342,0.473222479336631,0.598594341826252,0.23752122312871377,0.570925686318714,0.5559181646451532,0.42160617981729426,0.5739954927095692,0.5520762174509268,0.1343732460887539,0.4372821009691407,0.7006808920898573,0.513637771920389,0.38931221242714653,0.47447194966468137,0.5351977695973161,0.30976266485315335,0.735365623167703,0.3547815290239309,0.34386612530394095,0.3673554552897018,0.40517697206615483,0.7042141552751764,0.5631239229397146,0.7393772980034629,0.388792652732119,0.42969917548747055,0.447806969499411,0.3393910113955562,0.534931904962335,0.3987167199527482,0.3406734583377827,0.4942307111975715,0.5029699615729609,0.4326977967946944,0.29143477381132077,0.36432605712925037,0.3723108182182869,0.4497752360255413,0.623899287350303,0.5326115475535813,0.4570129468406576,0.0,1.0
0.35215961830791465,0.3053716683784866,0.4149957653347986,0.44829559244251793,0.6075875158662865,0.6416912586455095,0.5549824268212047,0.3853831988839781,0.41576103264976716,0.6555638541460393,0.5109939154292863,0.34313053133652177,0.5164288423792375,0.32195902749705835,0.7988754367584212,0.6012178811315579,0.4523076163018156,0.2531871316467075,0.38344684216012204,0.7619583162514924,0.705095275594797,0.4566532450822912,0.4300063891722441,0.5284360968115732,0.5145642600494524,0.34756088723266454,0.493086634196166,0.5438001280620004,0.45466667220092516,0.3873583173447932,0.3786378901904812,0.7919502466252538,0.24540653559948014,0.3324923912046352,0.4398400190275902,0.32014750805803344,0.28069486005817795,0.3547542134730479,0.45681599921795324,0.6248780211229931,0.3054162511568224,0.39807543750907076,0.399005246297624,0.2434355805194365,0.5730283087865904,0.6325157575534365,0.4065528408644136,0.4209245662543857,0.5617084966819721,0.6353223583954603,0.0,0.0
0.3601855606463185,0.26491727909886736,0.16347062455118266,0.48897255298742615,0.4935443511832631,0.5635802335312956,0.25293800866768335,0.6158129380847767,0.2806483213437773,0.2782319001503255,0.42301587221029446,0.6386452095065009,0.37532550730891373,0.7957175473597939,0.742204713715285,0.6988369607207197,0.4739518727764039,0.191796280212036,0.483267914190573,0.42220367618205,0.4643842218972977,0.3360806459013361,0.604281859595961,0.44852850986144926,0.5540304898600508,0.3002444652582923,0.5466150072199897,0.3928364885266963,0.25830898948989517,0.246924763920738,0.4256051889881683,0.47532191464569157,0.4354722047527807,0.5963440499993325,0.6195059040870057,0.27044347550641545,0.6912080382273754,0.6259955234619178,0.8210395637017517,0.6000908944074254,0.6979932293752955,0.6075856984125737,0.8086745500879442,0.20637705795207748,0.29921860905045566,0.3366496196874583,0.5304793748812653,0.5544511320623311,0.6554177791850444,0.6590098656538246,0.0,1.0
0.4530651220356827,0.32794451761651094,0.5180134124803887,0.40159872320031537,0.5884187891982322,0.5886425866167077,0.542312142757023,0.6400308547132503,0.5172084329816242,0.545192552353254,0.4822963919343834,0.438057273953342,0.633582303312764,0.6340319869341674,0.5551662415140315,0.39719370956693556,0.3278622999670718,0.47752832765230063,0.3534604009310325,0.4157337776624566,0.38097851984653053,0.42016014758209597,0.47857842777908716,0.264988095615197,0.6196738516997427,0.3994117876882886,0.7630600542093454,0.5881037026155974,0.23682895248222796,0.5220621651032432,0.19252290083191476,0.5194695079912001,0.3870557695672662,0.5984871231610019,0.2136333983020129,0.3231992651106582,0.4039363243433868,0.4569745152674597,0.5750460885849547,0.8970724860323277,0.5084421071996483,0.48635271042864026,0.3789513193369852,0.48745241517397214,0.8644025054837766,0.7776604581007611,0.5025633209260539,0.6390294124609831,0.5688255189870581,0.5459084972102685,1.0,1.0
0.7276699761351134,0.6550024636659123,0.34712038547011453,0.3701915294512607,0.5098819848549734,0.726378984759006,0.6863231165489607,0.4201023487411067,0.7644787442215777,0.572053303172962,0.5864125450400696,0.28632127354781933,0.31932106303488106,0.40673416261094436,0.48967025176838236,0.359248961767871,0.8008599800980455,0.3310815365357195,0.16754001770937704,0.588691335073255,0.5981759594489414,0.18907040269551428,0.656495542468621,0.3358558094343594,0.41448445136037587,0.3184466332553983,0.5155941558040298,0.30703099526801797,0.5146003104161355,0.3858365399228932,0.23752355971003267,0.5479537801401085,0.7182524379339921,0.332885654760889,0.7345560149960928,0.6584325207077805,0.38286544491728663,0.3425982300535443,0.7398595163959129,0.6465377788885774,0.3375950319521495,0.6419555627588821,0.45576752683863264,0.4121758231843756,0.5687324871504572,0.9221056278430911,0.7048444470248458,0.43609796045856153,0.2622324521147319,0.5473881371632119,0.0,0.0
0.5997823758872035,0.5384311996078764,0.65121998386242,0.5517658012801401,0.3848334293023366,0.4220084087017475,0.26754904922434003,0.45386425024471744,0.7889881818933709,0.40771012276197405,0.2755286378501851,0.531097558088811,0.3498797507566345,0.4121610038536297,0.5821816909116102,0.25528842743140706,0.38001146348912973,0.30884799725904644,0.19105949193239097,0.7360870309499119,0.43281136755644234,0.4626560437872522,0.41920733120987647,0.35033071359275025,0.4241408482035909,0.36690063677499934,0.6218542319246505,0.5561787884204766,0.5661807361982086,0.5947476815530445,0.2610694193677369,0.38244893408479136,0.6492170980009132,0.7408141620159109,0.48907713528243446,0.3946442870750097,0.480938078180758,0.5459017362036881,0.5742733922978662,0.5298777937355723,0.49156811910924897,0.5555516094230725,0.5449608731479777,0.41974806574756174,0.446026553343977,0.38613915231380574,0.44325228564701213,0.2990217388219613,0.3877965446891901,0.347949170228688,0.0,0.0
0.4859273255399606,0.48429833580667553,0.40184753443828947,0.4952177365113104,0.25051361480813317,0.5492739748693816,0.6991998961994913,0.549535049945933,0.6740628327269308,0.4635995601215306,0.6534942635778725,0.4711575660065272,0.4358247814565749,0.6284031582616358,0.7574209798521344,0.5212772736609392,0.7003252459547821,0.4554672780306426,0.6632133221816525,0.4933774663880689,0.46820045602093996,0.2649667478663241,0.7738013402697254,0.4718530500602232,0.7004588566030383,0.6691312415048047,0.40826497664965145,0.5201987738859178,0.313930882852076,0.6106052013951903,0.5029557892334892,0.38541473185600295,0.3305066207410124,0.5178546611389431,0.4448100935468765,0.4544384397313341,0.3897324576131218,0.6278533629584043,0.46707196260649153,0.386639562773868,0.3525494205500022,0.4077464110291451,0.5689633054621318,0.26078410546981573,0.4925947157840699,0.5288178191057941,0.18881125345171565,0.4972854252662631,0.3574377191000355,0.3647957393513888,0.0,0.0
0.4866132514004661,0.6516933453815326,0.3916286696113718,0.4767750208538753,0.6341795010953974,0.4551262127858018,0.5146878079925347,0.7061092504689571,0.8866649265868743,0.3620443911565253,0.5200767457801398,0.46268488734808333,0.6392138149595722,0.5126618243556965,0.7191036572715301,0.6302904771777029,0.395901592119434,0.6295213971716946,0.7491172435955455,0.42185119368317714,0.31585205051166215,0.723550924810681,0.6045480935258006,0.43880703132962895,0.5190606047713004,0.3551666735560949,0.4668130374695169,0.7461505198116319,0.4042007284122444,0.8260023797383595,0.5198130380046504,0.49617557669674067,0.6871954590444084,0.5349404598348008,0.6314391969274762,0.5984309283134046,0.5972103234808807,0.49020023165507964,0.9265315064365732,0.9173645411781114,0.13433376781074213,0.32048523342787144,0.5198374654439052,0.33712435303834093,0.5761594353549266,0.642158754744808,0.3981210700283211,0.29316922830122527,0.4662402588302411,0.5318115564947543,0.0,1.0
0.5090620616518635,0.3652058189314041,0.525003012042748,0.5033901878121309,0.5689119841267634,0.3183098708326484,0.6697188792010124,0.4111869008828567,0.8913037688743909,0.24573233498790717,0.5031475490405121,0.601357177656002,0.41158221182559546,0.7207957563729651,0.5666798938295652,0.25465081363162795,0.3360893639503533,0.4121650276537363,0.4513114269774539,0.5972827777171852,0.6485911484644997,0.5276817487133252,0.40269341150778243,0.5281405195047103,0.6150858079471884,0.6021480638933608,0.6186856947138916,0.44723285829355247,0.3574419744110711,0.7419993817407454,0.3401267797065128,0.45356009712272893,0.32317103911100326,0.3001663037651688,0.516223589590486,0.38506135608010994,0.6809139759277759,0.7702273448338818,0.6749809326061388,0.6114076003225347,0.4921976237348926,0.34393986571457824,0.7204082371882432,0.35626822092063587,0.44208590800884695,0.5381071783751619,0.6363548082640919,0.5654700087241393,0.5512520132548943,0.4302745609497792,0.0,0.0
0.5461648407277866,0.4625053538482454,0.3823747357028625,0.3857170216377347,0.8994603656852032,0.4449571092102239,0.34044972833560677,0.6201174251485585,0.5785181439682903,0.6737397125297212,0.6828160308289313,0.491893828666735,0.36394221462790405,0.7645009023312759,0.24298715703106763,0.3324939486337827,0.44438201560408397,0.6562303501160517,0.47056310657204103,0.6460391681937607,0.44924024536942053,0.15427430055659175,0.5194595531153346,0.750825858951443,0.4535833196929352,0.589898486244408,0.6028916037146027,0.41106230058387905,0.4964341798876398,0.643522800013366,0.33025881553684633,0.19162173934084142,0.42156879821186327,0.2981035348065663,0.4312842502117532,0.35948950932297224,0.4073332475044818,0.6544737440408199,0.26826600447962606,0.4782765492465626,0.4036139025534798,0.37540910003856826,0.44869931849893696,0.48794460140879936,0.8004904027523517,0.5203439950338399,0.44324252788098994,0.7534759867724994,0.6859647253217783,0.22198450806479683,1.0,1.0
0.5062560109652,0.4333193160023933,0.7058961967241083,0.6919926809436039,0.5400642078899898,0.6447933313613683,0.5098170612352484,0.38253653876147087,0.33664019373135323,0.5657127711882378,0.5815055058659709,0.31218765727393594,0.4387897121627723,0.5323789004604284,0.5098969976684772,0.5670211210430643,0.4449402139413471,0.3181024414475387,0.39669814998932434,0.2845644569058848,0.34875925988214684,0.3985326107611563,0.4479622596633972,0.4919505124420962,0.45890004795172257,0.7651672833477253,0.7194092586983862,0.205356287332522,0.47860309700322123,0.4857251223312867,0.4810983029932318,0.1299315470841635,0.46532865285953845,0.534885897384246,0.43968589152118576,0.505657798101272,0.3406928743166337,0.7116966057158874,0.3619691773222352,0.8688872776242714,0.21595268607700757,0.3027829637499981,0.5519819635476754,0.6120102577203104,0.6024818123783282,0.2847607212582797,0.6651535290982784,0.5588384400012114,0.07554654867777447,0.7022268974988312,1.0,0.0
0.3863805356141128,0.5397088865995494,0.5012124297793191,0.42092923917096453,0.6083866519316506,0.5493254270718377,0.41621206343795536,0.6145280098672834,0.6949481907732903,0.5740228843422422,0.19922817866260842,0.4452143416188229,0.48768259897857197,0.6841567894970242,0.4436529754583915,0.5364148591041106,0.39464701302933414,0.3220351624690297,0.9066151350882555,0.5021318347847734,0.5044184103610694,0.4436794583050113,0.6283391282488499,0.4162951425651057,0.6203846882400489,0.5682682900234143,0.39777137430868426,0.23816639427049557,0.7386682609011179,0.5359012581148245,0.5835851587723967,0.7405661213188932,0.5699595411353132,0.8366179529805139,0.526033952176285,0.6728566022761554,0.5275510134908008,0.382587904536126,0.40855228405549077,0.5569086450912171,0.49521140796828045,0.5010975056950718,0.8372978723808674,0.6127690821417332,0.627878776464126,0.5677219945069644,0.5623175023994755,0.4719646117137507,0.2128198135262105,0.6048476322771081,0.0,0.0
0.5284550193271905,0.4963287592490378,0.4133284564191476,0.247166016936758,0.8968320180644986,0.19121558555242374,0.1768737930115707,0.7379975210516163,0.4672025899295769,0.45227729449974896,0.22659415538567734,0.47704893223344896,0.5605610282029003,0.6262730075788078,0.8008500881129984,0.3970915407414911,0.7721304950030095,0.45504713996081486,0.7267275089752981,0.49112185282105836,0.3427341693073599,0.6640447707648334,0.47326477576137504,0.48059675385710093,0.5799950841591772,0.5400730624173279,0.6364431352384659,0.7128420865657076,0.5976219318631749,0.6580631528587602,0.4469300019514,0.6437056307458511,0.5337363072506254,0.6390749989248119,0.5979641928249024,0.5036321116115121,0.45328228743849286,0.3651136353120752,0.6366090675526849,0.4739039280964388,0.5944137126729386,0.4014316897132308,0.464581223711448,0.36339944439933175,0.33738236150565426,0.5486923462682131,0.4939124409629463,0.35320910818980544,0.6506102629085981,0.3872161486959093,0.0,1.0
0.8095391658582315,0.3727812034160557,0.5016049008629669,0.5852343246696028,0.6144779518125275,0.36189893758716896,0.49789596428444666,0.647585378057412,0.5078487075847294,0.5062200786343714,0.6440448441395402,0.5806435158046634,0.5609950774176288,0.6552527155773563,0.5616653796434348,0.7028243785657047,0.34911482833099433,0.4114552207439251,0.46682024606414263,0.5069877091448964,0.5424862570659117,0.4057173193649813,0.34528438860787924,0.543745083684349,0.2836731981233061,0.6125723721838875,0.3220127806355384,0.5261703763056564,0.4117824437602701,0.18304093134701607,0.4807805343273432,0.3734547644502454,0.6874494325390776,0.6616786097738069,0.5737202124999145,0.6685067550988674,0.6481052584287752,0.34442660477461357,0.6038047123253871,0.5807744694353421,0.5209090736934431,0.2709493886979106,0.2999660729186456,0.6928731437677408,0.4406556383526569,0.5656617422952852,0.2530049856748639,0.17527490803596596,0.40573220353067874,0.3778758322563105,1.0,1.0
0.4857680134604057,0.4524643105615975,0.45716339853535093,0.29740934738719627,0.438007347300651,0.442711654483684,0.437197711482866,0.7286716623234089,0.44816729122611865,0.34127016942577576,0.3534219582116902,0.2779983008903346,0.6025246087829133,0.49284982790739373,0.5395103573494664,0.4279838549487175,0.49347467746591944,0.5855318275926653,0.34435033748434923,0.4893919968233055,0.4444528593233885,0.5684113801438405,0.511556510769325,0.39345427215133155,0.5743016679899569,0.718179562580625,0.3649441626847925,0.2542052872829338,0.8180221633329426,0.6139461506812585,0.5549381763527041,0.3971925612108618,0.4024218018183622,0.6843924198521621,0.4223492371172721,0.31913559438000266,0.5325539954474819,0.5987567085300441,0.5428464382081737,0.7737733835097084,0.38398199442806513,0.5434980293385695,0.3138413000300908,0.39862226379455673,0.5948458039786761,0.5631136948299581,0.7024749815497854,0.47461484930056724,0.337449865050357,0.45391312390472704,0.0,1.0
0.6076152006696421,0.6696612126569484,0.3897713696514382,0.5627256531751789,0.7317299211040079,0.7573866418936367,0.48025211897259235,0.5594781976401548,0.6968446508813062,0.7868198837323545,0.3494099861471423,0.3435958527248336,0.4068723083214621,0.45925527172471337,0.4586097555849458,0.2621416894758335,0.6944864982008792,0.6660709656397957,0.6042296153823303,0.6253560416637595,0.4489227378210953,0.5689336696695824,0.7024280996037219,0.5534355373170812,0.5099940304794006,0.6221352156185767,0.5486948008233473,0.46632695160470955,0.5635887253296116,0.5356749243440363,0.6028971322753041,0.7834487729384092,0.6334772019371038,0.5398423376734781,0.42733475620651235,0.7171420412851337,0.6058524480704411,0.4645732335995123,0.5228672790183307,0.39467137289419363,0.7149036106751416,0.7376535162312413,0.6358371363605544,0.5132669301883924,0.48018685494832575,0.4440430148454089,0.5180141587328065,0.3420375879396953,0.6073212560329009,0.6981171683141532,1.0,1.0
0.6946702692029882,0.785006592713683,0.39475309471005404,0.5158559907009852,0.6924874102318135,0.6534023761995511,0.4963089922929542,0.5700487043047716,0.23296409652279573,0.5372919096830796,0.6138157195749484,0.6598580255749651,0.5588964519364569,0.3629505828123715,0.38252696220734206,0.5126992757941704,0.3906767427240463,0.39269593659962393,0.5204346894131517,0.5809495354802793,0.3857308904081296,0.39755223514501864,0.5514733847230512,0.44336940025049537,0.4579001598278008,0.5071442542225586,0.4301560355033591,0.5381915934066344,0.16989440740294412,0.3691959652732635,0.3809379531574854,0.5741452915427945,0.6183129165176412,0.35644542432149184,0.570710770691288,0.7279099001834174,0.5638616229150668,0.5431564803366971,0.5589274237396397,0.38927686578813386,0.30005766121264915,0.7310443494902416,0.4682485394820354,0.5667713458115446,0.157022428096024,0.2990728141973792,0.41333413455291423,0.7138682174445609,0.8894475091763677,0.5971536734970272,0.0,0.0
0.38921593262768434,0.6306348676938534,0.4319064946006369,0.6503205350063116,0.6447890006790914,0.4842819632488755,0.7360675814090427,0.5346949931140936,0.4072591503694198,0.30159528434423616,0.4313484234605241,0.5428275114804568,0.45597864243723535,0.19081862614948633,0.6903486412624505,0.2733802371211989,0.5098502775892043,0.45567693704704365,0.5492497513836299,0.39486711183116174,0.3259322262328105,0.24024332797429568,0.4343249395823113,0.5142354525331585,0.22956115916883932,0.6500443304867436,0.5029710506713784,0.49555363045258255,0.448568932596861,0.5571275581719408,0.43565208676609934,0.32722315815350567,0.6077351880775259,0.46502658767307414,0.6661215976510044,0.3407634539449766,0.3900392459022109,0.5091866304288781,0.2665049602346512,0.43872833223384544,0.5012253526494433,0.3472274473420585,0.5569753713658893,0.7185654946171983,0.5932365417225218,0.371123124986819,0.6771032490361226,0.5150888970180938,0.5936053966468834,0.3854446027678422,0.0,0.0
0.2696147514842077,0.6350945340578429,0.34803441550789105,0.4098964368339389,0.7534803993182784,0.6369129219585682,0.41123933749447267,0.6899171259270643,0.7624026080123849,0.38063702822385337,0.4608377716112844,0.6173009979428538,0.5765797042325899,0.3996979538798176,0.5401396375649333,0.4330478237109274,0.498041289335835,0.513662529678097,0.7230322333406817,0.5651720382993428,0.5086499531033032,0.5086102128937657,0.2994044847276233,0.5649404679299597,0.7690273404676411,0.5225211283705187,0.4405338989983691,0.6051829110241568,0.41310354500436547,0.6961347213677727,0.29958694579052286,0.3395813483796617,0.637819611226419,0.49383630929771377,0.7216777514995817,0.33751687125122465,0.5451504364595832,0.2714371291910927,0.1662769841172566,0.5713753281328664,0.2506896884827057,0.4331660008613191,0.32662109740607886,0.40841824452325837,0.5138855251004121,0.46649831017759774,0.5467515206837762,0.5012553795433224,0.5437999599923306,0.3594947827071482,0.0,1.0
0.44375912400496886,0.4458976807820813,0.43677812204266475,0.32789178613587616,0.5874223341249998,0.601923077922881,0.629547580135259,0.23511166612358964,0.36326909183931655,0.4337872731631126,0.5908585931253039,0.511935100424609,0.583461815515924,0.5213622037515565,0.6729005157227063,0.31593384286842613,0.35891144639522427,0.4968019407620457,0.6351217488390831,0.63846047682271,0.3697795243896177,0.20517239708285565,0.45716832283875763,0.316250809695886,0.4644400097267074,0.5572017016093963,0.544668723195583,0.3829414454276462,0.28924574654201174,0.6378687547646679,0.4602021147294543,0.6189102402424128,0.3741439910439734,0.46452349587049796,0.46950860662013016,0.41428661192227745,0.46648283701172855,0.5669233016249837,0.522373749055043,0.6298987016118168,0.4838346362201422,0.33934560861277124,0.4969690569733299,0.8684548590499558,0.6093824790276374,0.8538681798858714,0.0656678663526466,0.6420620955492808,0.6788707399363083,0.6844870482358181,0.0,1.0
0.41544220392299885,0.7564217480956117,0.4218021937566692,0.5549876198684789,0.6444146284346642,0.41684512806191887,0.2715769637997678,0.7375663759936331,0.4745479100142643,0.44910516644280224,0.6775261989889121,0.36371909064953983,0.5502108917997152,0.6391083485845586,0.6969166248444391,0.7168254488069851,0.46097470227380066,0.6106238510518074,0.6885182840577622,0.4891857814272394,0.6066257027233316,0.4539204886759035,0.5966945243623359,0.32078045327053495,0.4360607340301198,0.4155158254396703,0.33523591026562427,0.6391974067251478,0.436065203238105,0.6745581356941434,0.5285498820840676,0.7468309196065545,0.47939339283000365,0.2813521368753921,0.6419912368414483,0.5789942756845115,0.256993312806207,0.3749032428539807,0.3580625819331678,0.4606195296761487,0.7061645421613431,0.24796837670437252,0.32642575648828037,0.37527258697739,0.6756916624968926,0.47398628178504276,0.5201928896548649,0.7141875535988529,0.49434271791013384,0.298936282969773,0.0,0.0
0.6650880749260026,0.4713617591215909,0.48426501448098985,0.3840870650586896,0.5436488718616113,0.6494008512788345,0.4157780497606748,0.349605418960662,0.776943456889503,0.6584890612160659,0.8295108933669463,0.6113176475106296,0.28305230575720486,0.630240905763723,0.4617151170791908,0.5567110230627903,0.2219315863380089,0.46947186759428994,0.3668132524202423,0.5679760312237949,0.4995093883280847,0.490524756834798,0.3975931478318502,0.2786349084584637,0.3400914720038337,0.7231764523078626,0.33239670069031285,0.3450380784967942,0.4817574044417815,0.6994076961029123,0.5626059972610274,0.3941337351384405,0.446992388143035,0.38222050043636585,0.31682192552876026,0.797305135939596,0.46979485087269635,0.6091896207824177,0.6005040623740144,0.47500118526933927,0.6186252572701624,0.3869884049204984,0.4940668705751148,0.4516020009841722,0.4406868069677291,0.47720118070256035,0.6301122737027735,0.6530634107515587,0.40423793304315986,0.6701130558990469,0.0,1.0
0.5067258105134536,0.11047446907566404,0.32814245525496016,0.4944340649602733,0.2635627542926886,0.38258281633497476,0.4780376904247975,0.30859357443458635,0.7690799323310499,0.6182732927450659,0.5559796529385533,0.3645683471527715,0.821133233300866,0.5257078201746203,0.7869613833868235,0.6838999194026568,0.7144138337047532,0.40242935869485624,0.7674971599615693,0.584336972566127,0.36236155322838803,0.5634963592750507,0.3702876962210829,0.29296980395899347,0.41840263008978507,0.5657866685475735,0.3660591030604883,0.5763716560273215,0.5234191160948883,0.5895854091281272,0.35954995016689173,0.6915817527969463,0.11726481243289054,0.3533203729602487,0.7702397926468875,0.5727826087082647,0.5299128842642836,0.3747345461932213,0.5509385360139291,0.554361300665277,0.634933676907995,0.372259269899232,0.4129821588546804,0.39479561409420866,0.5083741211486272,0.893022994815724,0.5138677221813723,0.6228936899066935,0.584432779331055,0.45745857233654,0.0,0.0
0.4537834672008826,0.5783972308555482,0.7031100453287052,0.17162613663802237,0.4960977947948263,0.5029300328785056,0.628894770509285,0.3994097133180642,0.47915705232437356,0.5967872474896436,0.46534729490629206,0.41660786144877937,0.4902241238079903,0.8580519569303106,0.3744713957596229,0.2119854378809973,0.5274226813800921,0.396292008257907,0.4898163303058519,0.38909793271882215,0.28268421908085406,0.2743640313352671,0.6278987308012962,0.27915081312392964,0.2794885345489948,0.35902374674722193,0.5734153498168034,0.5123443370297778,0.671210537913581,0.6203741247250443,0.4206916495579124,0.523086032211762,0.3719869151903033,0.6474302978554001,0.21718999733139924,0.5016424880598684,0.5543226895275902,0.4079024818087656,0.3267188146773215,0.5426595644970741,0.5840357535049645,0.39065388044982113,0.7417688629735636,0.627635702642374,0.5777323675530436,0.5128735400705485,0.3352634525997215,0.30816994788540186,0.3871447610659914,0.6693157816230805,0.0,1.0
0.5505817213236347,0.4478755241006968,0.4957101856400427,0.43926906095030327,0.412207862337173,0.4902047262226202,0.7302602615370152,0.3911661359245011,0.4913961763079979,0.5682173091627206,0.6023358958363607,0.4663197383481505,0.4731659204831726,0.5469912218339911,0.6284256529924693,0.33735049560746416,0.49958449589093307,0.5460311634889681,0.5519585447168759,0.7587220769988016,0.409862166130578,0.459173197421405,0.40624803574994767,0.47501610136430067,0.6957139522475675,0.4537290807911127,0.551284235676339,0.4573067231283121,0.4209645270589637,0.6413142831043913,0.5855078818315949,0.8199238934802994,0.6788355176948969,0.5412791859567309,0.6332143996194389,0.31739697603012923,0.7477195049771123,0.3537284634717564,0.34813863237643317,0.3853162607294793,0.47599219581623664,0.34793421484680936,0.706038424594028,0.23446798587387563,0.2777093492791862,0.8769262329125708,0.4109984348098309,0.9006381391673215,0.6041587157632601,0.757165493729671,1.0,1.0
0.5142765175558074,0.32371303975857796,0.5238723653032394,0.6239061881813143,0.3450717438401628,0.48860733783394217,0.37568882803268905,0.37582661685250124,0.5865962124581412,0.5200357738637752,0.674428575832313,0.0,0.5225504565076476,0.6535361956809235,0.7006908966119283,0.5239914270959354,0.3014119826850474,0.31769467184088596,0.340011820443592,0.5724829670603749,0.32588169890759416,0.6684119180682404,0.6955841437730491,0.39916883526576064,0.619784585102379,0.6645309329091156,0.41384740544427023,0.3385819282403082,0.6513959674710867,0.43611663276738866,0.5277813278998049,0.33107790006506926,0.6357743876345178,0.22075364663165672,0.7155644570960926,0.656587203568712,0.6278451028853007,0.38437666316190505,0.5473863307442163,0.7599301683701094,0.6209479381813885,0.7049212570912889,0.76560666715206,0.45620169845585795,0.6033938128674445,0.3737787967736789,0.4179107236237597,0.3889536012540138,0.3189709164825346,0.597750221147047,1.0,1.0
0.5472362777633852,0.4183945974725646,0.6628427122407408,0.5697492769288878,0.5154325703675557,0.4531935705259295,0.2596410373519418,0.2906732190406123,0.46727533441539887,0.5825774259107795,0.21647646086096753,0.21330497304854598,0.44246650195053466,0.8709709086394768,0.5226076028635898,0.35829185212705356,0.39872445542778406,0.5457732973605801,0.4224603454076655,0.555365008347282,0.3680781128600548,0.4708363857095348,0.5246181273187734,0.5112918921269194,0.7936140390282383,0.8183304928713417,0.4919991586747611,0.3957613969738507,0.3870911663756776,0.6333629101371944,0.26134294243117495,0.4323677985332937,0.26353183473135816,0.44524119453090455,0.5168164570058277,0.43241470516853286,0.36068820157774845,0.40092997231955935,0.5814744073602133,0.6733709607310828,0.6066981391134701,0.6994605034801862,0.4827860440829216,0.594196610899472,0.604019897182061,0.5765818658593964,0.550487501289162,0.4108891437256356,0.5101160674763604,0.5817257176831511,0.0,1.0
0.7147638789983319,0.49184424121530956,0.18286229323022057,0.5480225781109854,0.5186707116708706,0.46297183258359503,0.5017286658858149,0.5709676788406579,0.45915759392053546,0.32125116074839044,0.4365448198602007,0.3390922302517255,0.3428402197503933,0.6293937451830955,0.7719569752916098,0.5549723584730476,0.49039512576024896,0.5876842294149165,0.43315018825207235,0.7277493514603263,0.15572265685489492,0.4655202178571915,0.6067283367886495,0.4885115152946936,0.3759882352091762,0.6224506656444012,0.3549760025718869,0.38192395678652213,0.17703510588629853,0.4826245302720483,0.4507529611937672,0.33513657124866303,0.5185382529274707,0.29310124450185615,0.546558258316138,0.3649065752170404,0.5008104811535096,0.535550797299674,0.428020525660207,0.6702960019898833,0.564038362288697,0.35904613833462956,0.46015036991293623,0.5475122575473104,0.6622432829331542,0.5107035093412278,0.36149722200799544,0.18698584736821786,0.43551887764790054,0.39243369750842655,1.0,1.0
0.3794599964138361,0.41471132147955947,0.5673918389589546,0.6220009787990665,0.49222700000756775,0.5663786714540547,0.2657519891886099,0.5124311950425801,0.47025238410786213,0.46832641612589504,0.44362203794163396,0.4399016813498471,0.6476444060709308,0.19850766620847157,0.5478247872133128,0.5281366103964481,0.8383411489022389,0.5446909551081996,0.7840284899024182,0.7601903084750894,0.30458463058339547,0.4493077091260723,0.5940155723489444,0.15399758343016573,0.233431807867418,0.6306464544151376,0.5459139698106051,0.36938901593893475,0.2720850784469776,0.6254882474539067,0.47499028965474094,0.5171121151425975,0.5216599898588735,0.5988424850714762,0.6062893378600692,0.2581117608190032,0.5979065198730642,0.5382242988059521,0.3311513322203667,0.3378390473815395,0.680304513904014,0.5415665635912131,0.6752846630590048,0.7277064324859516,0.6510077566137219,0.5985370894347709,0.6408670223758811,0.46997064891386414,0.2932045060708972,0.6286578690053135,1.0,0.0
0.7246343896859393,0.5920650123759128,0.2749324318520899,0.5830195808412281,0.34441064338685023,0.5987531166000808,0.649597670792624,0.5176847799839419,0.4807838174108174,0.6852727083332285,0.7263274789594151,0.5681912271856139,0.4234826965904937,0.7499085010175536,0.9131763529345119,0.7451110554942313,0.5339968978748308,0.5489565210954677,0.43559482484711015,0.6366206424180313,0.8158555106180987,0.3627192468740516,0.45797328854320185,0.41905084725797886,0.2202132057767721,0.5636466974502462,0.3559320946278998,0.2580378645391266,0.2750309793394304,0.5189476162199588,0.302606275431047,0.6592020607774985,0.4821355712276333,0.7162335954373293,0.5172555016921065,0.39732259450030183,0.6459695093562083,0.3945877324305537,0.365652964674074,0.6656427784017255,0.45673760063480134,0.3719153990706572,0.3260667137011951,0.3084309109692636,0.5283432718214215,0.47895555244509297,0.7145163240511947,0.4488566312490542,0.44660747658651373,0.37179059803246445,1.0,0.0
0.40432896298911,0.5109102020166266,0.6612907690528212,0.42687366176233876,0.6907227297917723,0.26746799949381234,0.5979492714954445,0.44457757950304366,0.3880403698080238,0.40137264701228864,0.4185491551855753,0.7307033950268561,0.5905903395804092,0.7804356221082724,0.5177708503041305,0.6169724599576302,0.6458695050799286,0.3997927898942317,0.1855232089341324,0.34988930529318407,0.353316361968679,0.6258587851466675,0.30836208160314543,0.3512538287240335,0.5476132158954087,0.5318738046017161,0.5563430023158726,0.3537599349267075,0.5274702839872549,0.8652883420955422,0.5898222668171765,0.5667353289362689,0.9660551285897458,0.4589685857482022,0.7608932136895522,0.5120425034893588,0.7831966749776853,0.6306524871287271,0.6957834034706885,0.4809547095618263,0.360889886332202,0.3303251843775622,0.40072799594604996,0.6399549629325394,0.49363598762815997,0.4656414706104567,0.3512445368163498,0.5792679513648764,0.26988126107656557,0.4648412184519022,0.0,1.0
0.3959179768197286,0.5861790745535836,0.328840031559037,0.5434004499431406,0.3992826442996595,0.5241531884943273,0.6408840888151136,0.7418572631971672,0.28937110805210353,0.3326063366507596,0.39408371519120994,0.48382688288421993,0.36796254592318384,0.38068274149968434,0.5596797827170839,0.6964228831702608,0.5693346157986544,0.49929572646039594,0.45984098809883894,0.49893496670875565,0.4466365714686124,0.6435348707967163,0.6128792318101289,0.5234814195794749,0.39350651563894584,0.40441584378436113,0.49737509131337776,0.48982839344152895,0.24770310045179278,0.39212862486890177,0.4703811260794818,0.25584149046260546,0.6008940395414416,0.4729115166876733,0.5831673893431651,0.6018834051516064,0.4272050827126629,0.43184864254993516,0.7718395417562377,0.7066156070023568,0.3827487460606964,0.584550657759745,0.1535937529949473,0.41728233137612786,0.49521712252637706,0.7199873039201395,0.36871371690988197,0.49606312217066,0.7611203000989275,0.5625995384895076,1.0,0.0
0.4703399190892476,0.44350405046652874,0.4966907267646999,0.5404146860159337,0.7574200150694791,0.4379031516102598,0.8410382957073382,0.50462376618491,0.6974938774732491,0.4971961901092369,0.5291914632797244,0.6945064995778524,0.56356436865768,0.44601365448414565,0.5010977371928597,0.6643970793387066,0.47076249665093045,0.37663163724333404,0.7218361438671125,0.45190241637823975,0.6277944129566909,0.5732957585033196,0.47424701811983005,0.39070121179628764,0.6757941017598429,0.4581490952424895,0.48383021875148774,0.5371727966122692,0.39092609772241804,0.6647492721076871,0.6637310070496893,0.8829639631045112,0.7647304490552781,0.42751845040934716,0.6391746578439411,0.669217985194475,0.4054890221476058,0.5905102534821655,0.2828738448715581,0.8286538271091374,0.36264044700013703,0.28038902224861323,0.7279177826124335,0.5135646237450597,0.3311568837026244,0.24105834287645536,0.37725961433367616,0.39878169277735737,0.54765136769152,0.47153004888203237,0.0,1.0
0.504361197442276,0.45561914406255544,0.4131189702257932,0.5486850160330583,0.6250523178877131,0.6217973675131055,0.605387791285304,0.46976764173247676,0.5274740334919648,0.6452909006009591,0.600540663763953,0.39120175098494064,0.6468252466066047,0.6064084702899192,0.5883542106239424,0.3332196182146625,0.4280930996634005,0.43511046300046513,0.09120284346547364,0.5202833349111713,0.16707803492071022,0.5335718574731064,0.5564144421703328,0.18288393352871646,0.5567331535280844,0.7730536664196517,0.3451626059395383,0.3810495511559348,0.042846594041656014,0.23290442633237998,0.6230394340297014,0.6054096643764312,0.5491570172002758,0.6399107284117409,0.3653366541382701,0.39636429181770044,0.6164091299829185,0.6753131274796729,0.547569101273405,0.4205063720324675,0.2751700028811221,0.4488255042844929,0.25359946084815577,0.5280370525445792,0.39583089962200146,0.46090093014321465,0.3133804526928369,0.8092363310488406,0.582649139074367,0.3214595585671702,0.0,1.0
0.38549986106160133,0.49191198303669,0.5458565255384628,0.3814870461405516,0.7643542211361122,0.9293014435071623,0.3563595334621074,0.6687446669062448,0.3365408868490238,0.598175084263338,0.48071912367994657,0.5262152559564882,0.36600586323398504,0.3741403029418606,0.4562794943887198,0.5686760595085467,0.2795686088616505,0.364108854178129,0.45519376807557665,0.627720894150866,0.34350968367557266,0.8749840706166235,0.3965182523846785,0.19398136375586955,0.4361816672866323,0.5122704152049584,0.4567532430005486,0.4884755901486344,0.6013055030334203,0.6795805628252641,0.31233168024747937,0.2242178748363993,0.40264906506317566,0.36795281111269,0.7031295263269919,0.49196844556958663,0.46184568121022224,0.6159036096746667,0.4070268370201375,0.5642799157886992,0.5448062279980697,0.5911938440942028,0.26454052390388405,0.43014231519493423,0.6226075952463257,0.20062577047311236,0.5757334858227172,0.5673347751172912,0.6003512151588593,0.33514236745787473,0.0,0.0
0.7552986665612598,0.46167176969947465,0.7472636487624887,0.5018368035727999,0.6591322673210098,0.7105584468996263,0.4445912633252818,0.4957579618659456,0.626831282546407,0.3760861234274773,0.43704312059739464,0.46942036191201375,0.6253513931650484,0.703984487488989,0.5685593774902918,0.3413644363315421,0.4172679525564537,0.49149947932765664,0.23383017263449596,0.48305866780022827,0.7134168440922729,0.6446577695222276,0.6404234522779777,0.2998257452826546,0.4392704914307064,0.6667289910313378,0.48795458744551656,0.5619024905400851,0.3015739482854024,0.5474055668310968,0.4100058380188201,0.6930427123414049,0.46128841995809683,0.6207200806959684,0.372565580711919,0.392211970660631,0.33998035739542865,0.392098632270392,0.657630109501303,0.6170061348960446,0.39221671102434774,0.47337342663486176,0.4267565192446848,0.38753609966490216,0.6542369567991849,0.23898174896986688,0.31274419984825425,0.6896249408297729,0.43832026129441665,0.3248822761914439,0.0,0.0
0.3184313067838975,0.3016738629304851,0.3853760077105337,0.5210426339830502,0.6424854027695,0.49822331172395506,0.5037792030782892,0.4175552108232804,0.6964405567163028,0.456446173829142,0.7868963767789667,0.24924008994090327,0.4528143766753281,0.6183637893279598,0.6745691353835218,0.7150619034025812,0.4446566317255182,0.48092135726870505,0.40905572452999545,0.4999964261295643,0.33597290624932613,0.4311905205350277,0.724750530407198,0.4924713962177238,0.28637013785733745,0.5904033652701247,0.23848446407276383,0.6900734713647642,0.2880665272636423,0.7830549105606497,0.2876947476768913,0.5831756601197126,0.5476183392754744,0.6804514489333988,0.5758171248355233,0.24310838921845784,0.5013653020018488,0.5634904925579618,0.4379372665524046,0.5392402028185725,0.3135560613666179,0.6736705816981535,0.35037572785890886,0.27213552966069954,0.5084742985117079,0.413326976416613,0.6286000540852131,0.5652530883037502,0.04148853381891648,0.5771346878868538,0.0,0.0
0.3137361961261751,0.6293760247175715,0.5257570089481453,0.4322898188585147,0.5897648317206624,0.4058653795092672,0.3562977906397969,0.36986199971168937,0.6420403266222673,0.5761595728090215,0.5691038341354865,0.3766520176305716,0.5020586794354502,0.7394579587914059,0.5647069894112179,0.3400723976869686,0.3522465206201142,0.5152746735716203,0.6705778230434337,0.5691145555977746,0.3619443208806685,0.40650733811316225,0.5813584056690608,0.4898300026975343,0.457216077032771,0.627784316090707,0.43746796667787796,0.5002840527740642,0.40407200088964906,0.6558355790902909,0.5079400304320872,0.2988699924861399,0.7145074978539837,0.5033958236114929,0.6775372161452902,0.6936891754850345,0.5882547662713781,0.434323042069907,0.43352121631501706,0.5385996499387121,0.3233039540213777,0.3402074544657378,0.6960154930569773,0.5263634348797783,0.2348029184960449,0.34005589048837,0.4133829134486746,0.3218640754359356,0.3702735406535907,0.7758863997757942,1.0,0.0
0.6210660650598886,0.50224776187995,0.299433348707005,0.7683103416214084,0.28813852831780423,0.38574111113021015,0.3309176585721572,0.48021555729421683,0.7071003845091097,0.22644568845336674,0.5649291137848242,0.3187102793545053,0.3379698548379617,0.36087410345759213,0.49328359218164525,0.30177931713818607,0.3988712772836781,0.4340524574400021,0.6373558411508631,0.3903686608311135,0.3481496532401791,0.5252309018258413,0.6738733631787366,0.5058109762781189,0.32634685099603095,0.5032254602889059,0.6422991489843068,0.432211649107233,0.2549262808434516,0.5626565756394935,0.5945740719735233,0.5947669695929634,0.3713924590511671,0.5413733370027382,0.49013818011216026,0.5236080997910235,0.31544745946995173,0.6291025607982837,0.5279009610815572,0.5466824372386556,0.5040850701896031,0.2719627922938882,0.4239907466599646,0.25882240980781984,0.6463361164239056,0.4387066099837645,0.27331380593945176,0.6328145372109037,0.4547557555002141,0.5210917277971631,1.0,1.0
0.5334176203029762,0.49620223080794534,0.44782731698620437,0.6170945848312421,0.41100467269394714,0.731655555580239,0.5204690270309172,0.5175148710390864,0.5245840752023748,0.7689684535020379,0.6752431814040294,0.6499136164331687,0.3878927826437465,0.7596986389667995,0.6029614315930049,0.2798787664288773,0.4114409755749775,0.6129318507675755,0.4304813282164467,0.4941304029411659,0.43975957347983313,0.6141366281675672,0.6014546281391331,0.5501321479785201,0.7610710501637633,0.6706942849065303,0.2784383348466163,0.28162311078085495,0.405653373173943,0.728119089163925,0.5892631629067672,0.633393879748048,0.4376944891687441,0.5018777233778828,0.4729673951191082,0.1244802280020145,0.5181030708712032,0.41846010837958164,0.3982698089702977,0.7130359715440622,0.2761422417392619,0.32518924808301647,0.2388404773136933,0.6111574283602432,0.6919537367286597,0.6888930296676032,0.34439177616763517,0.512603429263483,0.7751992183388638,0.5507957870850921,0.0,0.0
0.42810183375614147,0.6247164327209983,0.6951777942399685,0.3578198817903069,0.7987536894999299,0.36719400046984474,0.6412958405048429,0.45471751860089465,0.4285808986126198,0.5763910704004714,0.5184766870539743,0.5765853645483096,0.5300493810450081,0.8878620128008097,0.5957563409399664,0.43361460698246135,0.6428207998822573,0.4705619220046126,0.8507308249946375,0.6510123644186188,0.3717591504472179,0.3855003946567947,0.35303134395873287,0.3461152568183045,0.2052189521786956,0.6711577467463132,0.6215461853721599,0.5407200664699511,0.6665708562013626,0.585670301583492,0.23894697189771524,0.4737422372810343,0.41864795669738725,0.49647129850199334,0.7164515814840464,0.07666092851776486,0.39126719818176375,0.578223723625795,0.16823722771295124,0.7243544925945815,0.6354143546135795,0.509611922301918,0.7140211399791796,0.5727118876708446,0.8035629036212866,0.4053771078646788,0.520144014351058,0.2566156133203568,0.5233375318543452,0.6611255828222595,0.0,0.0
0.3359641220113743,0.44017671821022103,0.7388617067929931,0.613867699261145,0.7859590210076186,0.7055690703213476,0.4843788611753514,0.8207093687744933,0.7515344049865028,0.6676777132093694,0.6993009975161814,0.32282842245289545,0.49856475260021216,0.4709651416975185,0.5023158962034054,0.2042720958726091,0.4911122584106199,0.4679696139843186,0.645725509626481,0.3839233098630494,0.1723426704027707,0.43907441289834886,0.44014678041692246,0.20881717593035753,0.35021666240518473,0.5520494063246266,0.535820367489624,0.5741508419065982,0.4460261896389175,0.7510171307113006,0.6119713067767562,0.4524833772441129,0.5013400032852963,0.4409430203027062,0.9281197838616576,0.24632517646936977,0.5272211684073481,0.729351010105464,0.587047946470756,0.6417628959746043,0.5571610112207254,0.5613576395110407,0.611689122780084,0.3527827792177912,0.21036823995048223,0.5285793750877936,0.37497782849523076,0.47005770127488666,0.22332000630165458,0.4605197159690455,1.0,1.0
0.16700948904212118,0.2697797269369094,0.4538323440201257,0.20891588598052535,0.481890737926975,0.3765583433920576,0.44784851070311454,0.6456730676263551,0.46555907284695686,0.6646838441573408,0.3081965959285292,0.3078462212250381,0.45328135099705824,0.58634119253156,0.4992982174767004,0.6799930484801365,0.3951107501371621,0.5013951348310484,0.5028647650242563,0.5021582995933591,0.5683372222645583,0.46629518898410705,0.615101793815488,0.4848751380766919,0.6704411327141613,0.6409320261284579,0.8303437739187366,0.17639496325084653,0.6548594152351526,0.7398504352967062,0.35938483998581855,0.3172162420209625,0.540519879804166,0.5295185036673352,0.3457384758266669,0.6523034362078951,0.6362532654104288,0.6578478621640029,0.47225742295497186,0.33776863944754987,0.33247998970541714,0.42584428870449353,0.514358599948501,0.42943625729420676,0.4803290194813301,0.5537537114946401,0.2752925154150444,0.2655427305109443,0.6367366656004108,0.3649401490710179,1.0,1.0
0.3651250316594315,0.44129257702740493,0.7688812377297207,0.4369940550687135,0.5921973972503349,0.47175917654629024,0.4939696085060684,0.6322812608831657,0.4231026489281199,0.25361265457827,0.626763109930601,0.2992351460239835,0.20806547447725018,0.5949593646874842,0.6203207641497172,0.4181869676152554,0.22871219384187852,0.3666486452546525,0.29908549031814385,0.456370652138087,0.6238206559702046,0.2619611170304819,0.5249978016706665,0.3720785061057842,0.6143318726671568,0.6311183869183294,0.4221661499279391,0.08984546723874182,0.24664774246627774,0.6048108705308434,0.4843381302687276,0.5682791577241932,0.5302942632695115,0.5155053002270026,0.5661964039946361,0.467293881687648,0.17187598406837923,0.6639775372949916,0.4331403130835828,0.6899803371460843,0.45706492487525385,0.16876282145376736,0.6467206472930953,0.3960281775801867,0.4370373250809115,0.9015205008583357,0.6699148424685599,0.6178289367767648,0.3999791003400277,0.32702414365716365,0.0,0.0
0.14636628170955102,0.612802435407319,0.44465584582340656,0.30753157278167426,0.4370771894287638,0.6530045525878613,0.550428421397463,0.4137405928828748,0.7798997237026468,0.5806912479253209,0.498854337325944,0.5390317634027038,0.1609388029246434,0.4364168442312746,0.5082166161983213,0.2987998843827538,0.5444773551196046,0.4026831017634559,0.637781077755249,0.3764886888318835,0.27730856664572395,0.2848396548892928,0.6473714519391159,0.5680474608853389,0.5809926221441574,0.2726162646136281,0.3370173494478973,0.4081266507219067,0.32296074251803847,0.7138338372367927,0.49719917293141686,0.5835312468902353,0.615050232043389,0.38553703884377355,0.5293828479092785,0.46288971592819333,0.36158801947510977,0.5727786177270614,0.37697561845676514,0.5497165850566045,0.811058528938679,0.5121727022422489,0.31108787229645724,0.5930873720187916,0.5256674445471414,0.4302248477256714,0.36814284886643556,0.5221616548458883,0.2707786378096989,0.47065316517209815,1.0,0.0
0.5478684521536655,0.3424581082124368,0.5973676784687778,0.32242292927824096,0.4741896580764105,0.20732188243359098,0.48392437368337826,0.6614108314096451,0.4097098714539844,0.37914077940069807,0.48752341649526343,0.5488941824887664,0.7631598036033436,0.5040017536562791,0.7237217811724207,0.45099206217653426,0.5013880540999566,0.3953224186902134,0.5043518642664538,0.3657195418021856,0.2889520228593944,0.6447719030791946,0.5439443472897707,0.28215835808381207,0.2448257372779092,0.49246588584687395,0.31103216559890906,0.2949478698467984,0.6811378291359225,0.64079448749386,0.5273673386663195,0.6068633220577867,0.3292031666275956,0.8545105765825005,0.658288671794353,0.3338086852270037,0.47265955127545667,0.4254146308029194,0.5443349167500254,0.5866637063220161,0.5202569904612094,0.26727784600439625,0.754566197339118,0.5626659808821307,0.3133029214645968,0.39374190590694563,0.12125624684632265,0.5521585220746869,0.34992614763662067,0.0948943251530901,0.0,0.0
0.3872697174330404,0.5982801806657732,0.7284207710977353,0.281618463547209,0.7009046598916763,0.6401409733184991,0.3991893326650655,0.8590413659316155,0.5730436724096906,0.4463849081140857,0.5419760339726049,0.2860826445429302,0.19466894193645073,0.8146163135983564,0.5597319542660782,0.6728611655667279,0.5141013536719722,0.5359064170354401,0.6370437212609861,0.4375112299393883,0.6245213167406981,0.6750273297266215,0.4079146981803711,0.46392668640415696,0.2266846349136194,0.4992285286399773,0.5260646618581251,0.6482402697948172,0.5980923233391451,0.44368411612369846,0.366839787777229,0.6124440892419586,0.3271985294119796,0.3930025973853556,0.6300931726693029,0.47614985370130375,0.4764152827023011,0.47726301119791054,0.4865074538989881,0.32605793637738323,0.3209191699668406,0.7756614260651025,0.441336614452133,0.49858886445915634,0.5651550112628692,0.48408333447548285,0.2656844715583296,0.4660823977734123,0.4306543122849773,0.311570407673859,0.0,1.0
0.40701794731800933,0.5920476184622154,0.6979061757347425,0.3270305058472484,0.5701775553591518,0.5249972173596448,0.45507887503094574,0.3015662593682748,0.6659298659870232,0.551126069433117,0.43333077373997225,0.37151669712116464,0.5066412659992395,0.4612898272117676,0.46524574900065,0.6153923299546727,0.36636795455647775,0.19078273523680872,0.4174079252792343,0.5574024809619346,0.6747197307860656,0.4195662018860612,0.4620572176142878,0.3503112515331747,0.5697240694374803,0.4037100225299041,0.41719124956369114,0.3078107572604323,0.3741200111214596,0.43428823251254883,0.3188609686636966,0.40426328330693834,0.5260259719759491,0.4072413355380217,0.4940965527253028,0.5822778300238689,0.804267700593359,0.6668954443185015,0.858975217249204,0.5079185416672263,0.6926374327911801,0.46911826835618897,0.8077164102607791,0.2526877382006622,0.7080646177749521,0.5977407689654934,0.23131379341638916,0.5276924070754824,0.6374837310433684,0.4269261228405774,0.0,1.0
0.3069523816970336,0.4603989286458851,0.3080492055485636,0.4846290228059107,0.4843390161720683,0.4637608918648192,0.6650672818151336,0.5337435493805429,0.6322316237306433,0.24903941928993345,0.2715709642394242,0.5915384615833199,0.341090093756039,0.5624056463201991,0.3698540311952777,0.3099869227861384,0.556477050380308,0.4601601275821988,0.39658929783066166,0.6837727924793274,0.3793467566823954,0.4502604505175782,0.5834486786531227,0.48591137199278056,0.4482374705914663,0.5259986664823211,0.406265688299506,0.25797758521372127,0.45192423397957526,0.48361370414940186,0.4777945413101522,0.580887795194464,0.6626339010558929,0.41533120648364646,0.7457777488895907,0.7166304996210532,0.5280966576151809,0.5128200374880258,0.6873520062844753,0.7562755870173987,0.5268780725115414,0.5382786065846407,0.660547723151659,0.5055558990457384,0.4828103140965763,0.29164086647197296,0.45962397735880184,0.6279778444344456,0.30215528287424986,0.4913057545109387,0.0,0.0
0.48813329164367975,0.6738824491021306,0.6921549260874484,0.5976604633058912,0.74731018552808,0.32647832920977354,0.43380713783053765,0.4866001211175836,0.26697695311998226,0.5929397537894175,0.5672543320814906,0.4035715406501864,0.514543485486423,0.4987695859351633,0.489345822519898,0.41310105806804187,0.5149550280004863,0.383587843762652,0.6829953575258956,0.47291100410316905,0.5609790467821528,0.5510167349567165,0.440905969483293,0.5030621856006772,0.5232996453607142,0.48195338977301105,0.29504487661689177,0.4289305636147361,0.3565021960370947,0.6218855478872789,0.4057037435306613,0.7207598056570106,0.4991526550031098,0.5969242804485658,0.6083316751072835,0.25011441368621734,0.48260209586817465,0.5910572704700261,0.3639051960736978,0.5122131422524839,0.4690340817815186,0.513284729880021,0.6397781396182125,0.601847678991253,0.4369439488744087,0.5960968925251282,0.3593166270987093,0.6177142467462818,0.41997782303632974,0.20969447534270758,0.0,0.0
0.439031092261007,0.48332754441866316,0.430043121080637,0.39882919972865566,0.6444461615110147,0.6828512089080832,0.5292085330356793,0.5625499742645101,0.5830760500982602,0.26573634304647137,0.6147612551726165,0.45658216217597536,0.614393642291361,0.47177200738016556,0.26012261690689753,0.5104913730032414,0.6706547487823135,0.318143790549206,0.4226986904427383,0.3759096381809936,0.5352544096814492,0.5340720110152737,0.59181278452419,0.7522488331836399,0.6576592326479892,0.41919172226342105,0.3990952784537827,0.5398007533930128,0.5682015175044337,0.246250016141926,0.41561630696623625,0.627994888718502,0.4351862260349293,0.46214857842944235,0.2700597378557664,0.3924378562846808,0.266716372448754,0.4781670827207684,0.2537306469885847,0.6715199211985909,0.5518243525266695,0.3725548705726778,0.5014168094389656,0.44190769522607537,0.5409379764724851,0.6581720640824233,0.6032175862488507,0.5600115596369142,0.3908305467702288,0.1541859742137831,1.0,0.0
0.8135840508550239,0.3619288640857744,0.512770061251789,0.4801545454494933,0.7611431243276261,0.4479831875170514,0.44873281217977706,0.5592525826321165,0.36377103273734984,0.6636562210524195,0.5975938251495416,0.4670559652998615,0.5081513483227891,0.5704416626477805,0.7137652073111931,0.4050090159078344,0.30389640014182867,0.3994283402906947,0.25859953448606166,0.338923402059768,0.4248046860907616,0.46981413728304855,0.3344335426868254,0.508468918447841,0.22696823807927574,0.33761939625990445,0.5416836113489975,0.6800988641838457,0.41921999847935454,0.4355955122745877,0.5066258627785627,0.8409455149943715,0.49417939844384323,0.5244191060309407,0.6266519789286658,0.6886855692076924,0.6657008338632787,0.5117012597028261,0.7274318377321612,0.7539114562675079,0.2983984602306117,0.29077503869314836,0.4928170914117548,0.4752116436885374,0.30386216764481305,0.4420739647990954,0.6966033712388472,0.6184753801166761,0.4409788540790391,0.4590620133312459,0.0,0.0
0.709067065686347,0.37726927193416,0.3299995143895168,0.4548744574910926,0.45084431822254845,0.5615612756799272,0.6007227312281037,0.36598859202400275,0.7673615581436386,0.45820976978011024,0.7187149262085123,0.5367338478223725,0.5686993144825473,0.5230958372650505,0.5838141485544573,0.4785980227425291,0.4028217038070923,0.4886041522670331,0.5329506320286631,0.4868761182509513,0.1776176792460822,0.2969322706875765,0.5952282498123888,0.39623836983554495,0.5379445750496913,0.5024179760549792,0.3707912378419231,0.6035975792092303,0.4022453796899697,0.44950490496161616,0.281695745170652,0.6793441100909174,0.49942568751476046,0.46001186018415624,0.06330186884689779,0.6031204515849308,0.6292001472189702,0.23460300631178602,0.47459244105821496,0.4018909868548557,0.43784506903124454,0.6887633141204358,0.3018593173025489,0.2797216056747416,0.5432061519354332,0.459947910717359,0.44885793785226547,0.36717942913266616,0.44564841006759665,0.4359596682326839,0.0,1.0
0.3101754871445383,0.5716648537931467,0.4614823130886558,0.5648320940023943,0.4233663166085922,0.2732039987250671,0.37930463863838726,0.529329361810056,0.5561901157076536,0.6050252767543056,0.6185931555944509,0.47318357056544963,0.7576299385553813,0.617408774470545,0.40484532625262076,0.35212750333636994,0.7955727340392909,0.4125968660419515,0.8474113157623097,0.5160943336613546,0.39248249377029887,0.4527279290586556,0.19815064247342573,0.33747488217353006,0.4486069184654904,0.48682315090694617,0.3439540021699018,0.2593771642406901,0.6580636006956188,0.35330627271727993,0.3592223175585517,0.29133697323982416,0.6360215409340961,0.794531051791186,0.47736700361940515,0.48936502241850327,0.22376646559892077,0.4599786251623907,0.4045452260820396,0.48140540159731254,0.26278236999236576,0.4950814543378335,0.4228660333462652,0.4711217395174536,0.37511362937817944,0.6724954242660605,0.47923647141429043,0.39773266489230114,0.6399777455464313,0.6233911035619841,1.0,1.0
0.5630933925721441,0.5233147746524692,0.20539680216770262,0.49058315508175604,0.8937950134151466,0.5232261066261115,0.4296983216449422,0.4385436300286063,0.49016127042280094,0.4302823529417301,0.6116336070405956,0.4886307448934266,0.45670017808057534,0.7676230540108605,0.5089457126493523,0.6176679017174561,0.575714766001286,0.3529963684766953,0.5663788673101795,0.5223853889995244,0.5183968541344128,0.6373899672351514,0.40318427234334303,0.32896256377985217,0.49131959107242923,0.40475491969375404,0.2372441656331968,0.4015742932090701,0.5388617272742935,0.5259187382238513,0.24871455202537543,0.5257351620123075,0.8957131937025726,0.5562439937206473,0.6144030947956012,0.3254789226159032,0.3750648540177928,0.3637279466289064,0.14877869326803714,0.7360029077207332,0.17690921022256598,0.5410246695512136,0.5958548615219573,0.2861352923094147,0.7588194372482725,0.48813543514114294,0.29469306824018243,0.45587882047308304,0.48183003942066593,0.28340586353809877,1.0,1.0
0.48512672525122935,0.7556827715853488,0.7742530033013972,0.7458526690737427,0.6048267454624454,0.5932319937246793,0.2649279784686274,0.5337729050018932,0.4899906180600969,0.5438134784923371,0.6384345121276068,0.3523555216793446,0.45990619060154164,0.7057646661545033,0.5075833189481902,0.5340892052010155,0.5945083423058019,0.45182328537933475,0.4899991481683231,0.6343166151496553,0.6059326879993236,0.41133424970373933,0.5254496697072115,0.16267667333366295,0.2776913489261927,0.6425942577175873,0.38616281750474196,0.6449177875881139,0.5984524385257498,0.5554821923197409,0.41155274463611746,0.4390939987904434,0.5099112982830459,0.38654953643811374,0.41855725129108146,0.3309748420810204,0.49813705716056067,0.4187065134186116,0.49917206029644584,0.8257641714843593,0.3703273554289806,0.4775273563502767,0.4811531284375583,0.4086233809347612,0.5659289939389404,0.4298874480778238,0.7500890682112596,0.29517071539175893,0.4277424891545346,0.5774003365882234,1.0,1.0
0.508299983736641,0.6763962520753969,0.4070687848622455,0.0855569987846518,0.7001140150633195,0.42314956552127203,0.6136288181931032,0.569260573589539,0.3509463549580403,0.4842563946108107,0.6439275563204714,0.36489292780140165,0.5128378852273017,0.5328736029434282,0.32794175043259893,0.19682300961551766,0.6855157295150883,0.48988024142024067,0.3458444896951023,0.3564127804641589,0.4457155131910572,0.5046533276997449,0.5337499859652457,0.27802176974611864,0.5982333546937812,0.6726872190233826,0.5119922879593355,0.5559865340538069,0.49751164572498546,0.55279007235364,0.5149365652966652,0.5066935167550928,0.4775223810600404,0.5178753740953617,0.5011646850371895,0.39253111126654655,0.7247822235430066,0.5007749784284995,0.07341371005325638,0.48780858051072934,0.22176729852534788,0.26757612558102944,0.5851408338543203,0.36770004398716694,0.3132839080689975,0.6313783625919197,0.5095411064308427,0.6726691157816886,0.5875683655250065,0.1631420020666655,0.0,0.0
0.1729197784657849,0.5055341733115158,0.40820400228322395,0.45592005387861384,0.34128284302510287,0.6523809032073038,0.8035938824518715,0.3150495216097603,0.5931933000354954,0.3332087446251674,0.226540343375939,0.42778082607574086,0.44175681596323507,0.45701263254337393,0.34773581829696126,0.547986499606708,0.4721451071877365,0.47741523814991704,0.4924338848713553,0.20741582768204062,0.6798806925368527,0.46825310865183284,0.39280355109092424,0.4466087086174916,0.4839057246260691,0.3616912688335679,0.36536961676785656,0.5084082095804207,0.30871956469939016,0.8080355546033333,0.5004449297343724,0.7557058127202975,0.3886993822577794,0.6620745016140841,0.2607153595196636,0.3501469680773939,0.5228031633840616,0.507008497261827,0.49163141634155305,0.7022960869579502,0.40672087701124926,0.8248977049053451,0.3494741220226701,0.43940907806197976,0.5210344029334568,0.5940365706846854,0.6036343825642106,0.45149363085640554,0.33842691489148224,0.3047108773176544,1.0,1.0
0.46659153639227563,0.31367123429510774,0.2506454553740607,0.5647066122348405,0.7080824071728279,0.29247784515108427,0.47259760294399217,0.49971184245225897,0.6028389026302499,0.2779074308928496,0.515372215759996,0.5913032648450354,0.3881987590361231,0.4867333278767875,0.6097908129741823,0.48414912822059686,0.4861816147437471,0.3390149614639397,0.4772057812001254,0.47158035635851847,0.5636716744680164,0.4415232171060814,0.4195381944853132,0.34602977834622933,0.3954207289575564,0.6371537031121441,0.37811726998152484,0.6479494751088732,0.6478160696923833,0.45311253783746347,0.4511639868599821,0.4415455049862462,0.3237834702936924,0.6116091214721268,0.6402309163612775,0.5587857931593747,0.4622278254472145,0.5661358283071277,0.1759785276430203,0.5202275355602144,0.6059834226342109,0.14092364644584263,0.5354668377487372,0.3583528354463735,0.5137060383586528,0.2823378923378702,0.8235076392693307,0.3821877195541352,0.576679148827209,0.49756226646275015,0.0,0.0
0.5952890220591368,0.20793884299795934,0.5627098292519817,0.5446935083394112,0.5452953285858342,0.587605824719761,0.4539467848473972,0.5397507188428663,0.38883311642803636,0.4036651799331709,0.6261590646481577,0.22554583868819086,0.7547509681229645,0.7618034587035849,0.5975675159316041,0.5863137986529389,0.48950452259604005,0.5219528675620154,0.19252714875831273,0.37261116384659443,0.5835476768482488,0.5097498315887715,0.5880326912043593,0.6180150499523357,0.6003556465669522,0.7988149809691707,0.5547634105283529,0.21233701355664122,0.6640871490204793,0.5826741017487512,0.6840038279169244,0.3485645199598905,0.6525680335156951,0.64385263468407,0.561695660795348,0.634428072006349,0.3684397643528971,0.3367022524945976,0.6562224056481494,0.5943622498777575,0.40756850098554304,0.5570788733646401,0.44206635450855186,0.5293203837023849,0.4026005848010263,0.6603832769742354,0.48088536159263073,0.5764262731588359,0.5347835474136949,0.551714765708519,0.0,0.0
0.6710387179979457,0.6815930219341254,0.6914208090560839,0.769575472468103,0.4757329894514123,0.7756192736253045,0.27887826102201874,0.43532315536659677,0.8943596169333977,0.4512622899532227,0.6483442962094538,0.41944690470912055,0.4067701384747053,0.26503864200962823,0.28795729798521785,0.19628940734014136,0.3633379006570803,0.49545602373944986,0.6601320925607149,0.33944215426040214,0.590104241135407,0.4742697623840758,0.8420856346984631,0.6130491071651865,0.4618758522699086,0.7699074247343144,0.5280587522683862,0.4289854608583409,0.430114151572786,0.4536067990044839,0.3877592356603616,0.6349094515268603,0.44068337718809025,0.5387239155872426,0.4674925712724985,0.4040031736858045,0.8241449531543563,0.5575909698479787,0.5461194242385881,0.5881408867846833,0.4662221927681025,0.43460373792369394,0.32954097754996065,0.7117993446776771,0.3780655016235534,0.6134722318693575,0.12443520022173346,0.4675188029412404,0.6161059864303261,0.705556431770254,1.0,1.0
0.2686289341791806,0.4787710868003828,0.30018486965944746,0.7156413938586366,0.7630035129158077,0.7893872691847122,0.5215054427613982,0.5314741540376853,0.5772267093911551,0.31706544695111194,0.5981118140747307,0.3061619285303641,0.7446369765073797,0.6155650033937461,0.8180241986815021,0.5037879624868066,0.49997800346377524,0.6266359655623287,0.5798829488372719,0.48664574397506,0.3416072496830469,0.5363502451270705,0.26075801564378737,0.45984160072031277,0.7082211469267349,0.4819045212716753,0.6057248653780534,0.5051138674324109,0.7799269833412197,0.7984187177308675,0.4964080592796851,0.6894300088827997,0.43266879933713087,0.2900240348180365,0.6338016690965241,0.34600609563568197,0.39836272280722995,0.4647055833364186,0.3081127964277455,0.5258123074832397,0.5116683805072489,0.5639770801060023,0.45372559827762865,0.47877155923041886,0.4200823984977849,0.7515102159610435,0.6653546351326732,0.6231503100804733,0.7207313811176298,0.452063267656997,1.0,0.0
0.4652903035411288,0.23757074618469673,0.5301040432502043,0.4358735964170647,0.3314884907989957,0.41056939813465815,0.5174587831523444,0.4070183397814337,0.3474536786187625,0.5016717341599043,0.6499022328530452,0.3927175676161126,0.5798058491156753,0.41179430116389276,0.28640463507537894,0.3037380989761382,0.4427581165636829,0.46130810088748714,0.6663775159521741,0.7861949814312147,0.6376317488501693,0.3476186737085686,0.53398589682703,0.36651304284762165,0.41972194135761726,0.6779510403760068,0.5151300782755115,0.4628008181701158,0.41432157049045815,0.641086775302857,0.3768633410467755,0.5087599965056719,0.32912272061134557,0.41891713870581293,0.4042766605561531,0.0,0.431803701542422,0.29466855599235653,0.7157457948178654,0.45621135755566716,0.5730550365404966,0.613932253455138,0.30324377561278254,0.3497850388353241,0.6023297926913719,0.596392548545934,0.27785161605775927,0.4112150489615203,0.5827182049412298,0.3987468560995864,0.0,0.0
0.34579091504804266,0.4405954147011225,0.23173941979554802,0.44089664502737874,0.6272401262490979,0.5102727315091922,0.7400230916360443,0.2555925258224558,0.44304326729971544,0.28841763459688374,0.29236595986773756,0.35641469382061186,0.622461846286257,0.5236976189767415,0.3375159831427095,0.20515814117767198,0.62061954215523,0.4151249841007375,0.5966117748540489,0.7027305372867925,0.3752707180961144,0.493524922975484,0.5933855559106239,0.35092691346041976,0.3313006178487948,0.5801350066023724,0.6138027635413948,0.3401509235886764,0.2602868258971623,0.5138948060289883,0.3875604635790401,0.5649599652701629,0.6784263639140297,0.46986045441112134,0.667735048908392,0.6096879311763671,0.46751061387026466,0.42376396228524166,0.24534263567909015,0.735775471085952,0.5498668905376055,0.19515206852683512,0.4847176086138316,0.6069925843301932,0.5404098310490759,0.4867804798863476,0.6098643765313172,0.4807628160617503,0.4458619307559365,0.6539722898542855,0.0,1.0
0.48152935687147175,0.36251013684681255,0.4763562791717633,0.7182830548933,0.6050120668789815,0.6757799576194106,0.6298363783777982,0.6627537503527328,0.6048802391500512,0.6706761357273747,0.42642640337754073,0.5088951450208697,0.6425687989898623,0.6174750503727188,0.705069320472403,0.45188647369439094,0.47759290525346065,0.5801914592847021,0.2422077826207291,0.5072378278329651,0.7144429315992906,0.34309361496642954,0.2848290157376888,0.4817881430552434,0.264041557695519,0.647812037346799,0.4275056168892621,0.5833278148065079,0.5205066048463383,0.8304159700610533,0.5315883883933346,0.4442253750368765,0.3715444080359473,0.6514718843656256,0.5951955637000795,0.4410699107707214,0.828489466572785,0.8839400985746846,0.5174014386592409,0.44160560054115044,0.5703422442689301,0.546274923067941,0.5827850043108593,0.29063404843645857,0.33540969350395256,0.5703079438478103,0.33999490805053123,0.22873584868208552,0.11559571155434487,0.3995373584006181,1.0,1.0
0.49011254344831817,0.4823649682920406,0.4808119728752821,0.4791931122306071,0.6341470443004765,0.36477355447201015,0.23716333721859972,0.6513832887906941,0.6611007540269921,0.6165552481202133,0.6315683985217936,0.28302083698512026,0.5862383893892235,0.8412305071529371,0.8723579587435961,0.4915312242150406,0.6482881342030044,0.4132858260158374,0.6668339460707541,0.5172498727385549,0.3273631992478502,0.516935372200088,0.3347030010460216,0.30953989135444715,0.4660590769666443,0.45894558890256265,0.4838492605784661,0.4959619529755012,0.4575196742128461,0.5171169408937542,0.4898699483198523,0.1649498289342916,0.29094789258715376,0.4796008290093471,0.4864023553799961,0.3953111854464058,0.4361828585533429,0.46779849622724107,0.39193639402819797,0.22475926685003078,0.4947031433104378,0.12855755760682921,0.5333197037557317,0.3375760304072109,0.30612375998767355,0.5887241529665673,0.4690868510098965,0.7995058472476372,0.26450911251770887,0.5889024034492292,0.0,0.0
0.3485863496817358,0.7170203286679558,0.6236856295973982,0.3233138302580954,0.43878633661872074,0.5983975077420604,0.6399096698107051,0.6380961253258515,0.5224422855062215,0.5413774469560015,0.42405689258407014,0.2594512746486101,0.4032963065068277,0.5111050290758018,0.6180948624499027,0.606264218222458,0.4952784941557058,0.6822257716215462,0.5151521615778515,0.4661537599193866,0.3161486131728081,0.5699126013226049,0.5635320935588373,0.5341715820016246,0.43221097887528903,0.6488389007421761,0.712546195050758,0.6177857148059607,0.7137128164929653,0.4165869011451055,0.30824071862720975,0.6376573353142848,0.6908679927006947,0.6050215416645718,0.3919855888313299,0.6952523779370391,0.5972547241319058,0.6872130033564773,0.5969731284149523,0.5383134577434537,0.6426125240905415,0.5430784496425878,0.713233588469465,0.4798115409195393,0.4749251483604077,0.31919220777667096,0.6019993877539261,0.3382692922464091,0.5476448305606808,0.6307816751165356,0.0,0.0
0.2742597758634159,0.4502572098813151,0.42087534746641675,0.46104770432166536,0.5730938502194884,0.4254020885310592,0.3658426828940725,0.412846335014524,0.6519658941507013,0.704222225866774,0.7030723666647738,0.44726415108314377,0.6457225813079227,0.5683841451175959,0.6559604688414571,0.4747807926321668,1.0,0.64548638958406,0.3353240515352438,0.4259813301131154,0.3350980308734059,0.6123985651767891,0.4703505022502119,0.41944760930441455,0.7190739592694744,0.42462133082053016,0.6590297356292102,0.33221327577534787,0.364710093452183,0.8113749855653908,0.465765049547315,0.641198301503633,0.7221292489177893,0.3561012675103414,0.4653939865932839,0.5796727665583985,0.3790613846448975,0.1662370706606055,0.32772055500514335,0.8498084665413017,0.419682325896084,0.35476711323871013,0.6102578441642847,0.2166727034910415,0.6925797842984049,0.6806723721980807,0.657113666586546,0.5275786931035692,0.26501976661156196,0.35021138375274896,1.0,1.0
0.6068622840059783,0.46148096826814916,0.3606876985312586,0.7523392731562949,0.6504815320921443,0.6486515013504837,0.27496033196966835,0.37365728397965087,0.38156582873694517,0.4755091281821069,0.3959538193748991,0.40167212244737294,0.5003429275986839,0.5467064735099335,0.6292478153206742,0.30108912165018004,0.45520942419539606,0.40381696387397914,0.40218738012957667,0.7314547137352494,0.41315190796499357,0.4533837489476596,0.547532879598277,0.37222505160478225,0.5028873607574188,0.5158960144864477,0.44312686955967673,0.534734349620613,0.5131789208477822,0.22921645676322894,0.14127077582175918,0.5099559183600557,0.7190610610199709,0.46032660609298176,0.4180693428397255,0.5609723140539934,0.5892611668884143,0.43993911936278174,0.5992480277606449,0.6140002768995908,0.35246244527026976,0.7103026745949172,0.4652112915857499,0.5192869394181147,0.5589820783749287,0.4303203826087446,0.3724817690296663,0.5792955982379436,0.35381714239606277,0.27893749206808566,1.0,1.0
0.5542045433530136,0.36043873348743527,0.30844442509880277,0.4251388743186898,0.5510338173623781,0.6749790779852946,0.6528065165441157,0.47440812809049954,0.3899112265778906,0.3713915410598263,0.5795512507277117,0.5152717013013626,0.3218318808431955,0.5269974193857724,0.641938365508709,0.26212950268608903,0.3538617325544465,0.31714914037424313,0.44985580739171643,0.4173795090221864,0.3682274440814777,0.4305138948787193,0.42832842377403224,0.3810444630395096,0.7121554329996036,0.6329444901604235,0.5888151074374065,0.5231259762300751,0.47063712176250216,0.21572976573244063,0.3584274385921687,0.6265595026867483,0.6125426698303678,0.23339451643588122,0.3775271691011129,0.6093952483636359,0.46895443544130944,0.4342383583395379,0.4432116256620539,0.5223884888208957,0.7948612276727564,0.367365730258173,0.28428637772307624,0.47425022328631683,0.7548875612985538,0.5892720756255373,0.4596005631240705,0.2877239439219356,0.4274641391420861,0.4819195649621844,0.0,0.0
0.4627565533816205,0.2897138958474841,0.41447801008218904,0.309786910672129,0.5589183987666458,0.6175575847645993,0.4377409932427841,0.5412012638304636,0.5647203957406932,0.4154871948871412,0.49098636926913936,0.5076453525993724,0.4734635916680722,0.5787600033237765,0.7053354107355966,0.34595858593200873,0.3138813880413341,0.36277500591757195,0.5236181537211576,0.3709358526331342,0.6709389524555341,0.3919324207957626,0.4555161654542562,0.6247185658365344,0.5108486698429646,0.5382291657360291,0.5344476847329317,0.5166142768525115,0.3016794338350765,0.33121864143811597,0.4922492747731168,0.43899053616211436,0.6053391766300587,0.4583047117002702,0.3845349225614985,0.4071989424698675,0.5303288166521543,0.4136396498211233,0.6442118220272673,0.5060428185153396,0.3888188778001144,0.48028483432436425,0.6299245808930233,0.8365330126272063,0.5522046326251246,0.3240963014905873,0.5807580006028592,0.4981010986496395,0.6666519151195633,0.45881139960038353,0.0,0.0
0.5272586479666372,0.45004474552168994,0.5740173537902015,0.336653343300952,0.63988436041226,0.6745119540670963,0.37451687127714256,0.527337860775778,0.469423084120121,0.3587542307671343,0.39943896990216016,0.367488763750935,0.6179031557885394,0.8069163284074494,0.648951289433974,0.44683007523868024,0.26958927654353815,0.3097732569096914,0.8314567262037416,0.5461070066825341,0.33731737803367506,0.4985621281070786,0.5748986603876649,0.4667310404775083,0.6148526114252835,0.35417383303584066,0.5936573035010664,0.429656733241559,0.7126560163343417,0.39358435516010554,0.424963791251937,0.43926147711416286,0.5569227851240234,0.336419371529481,0.595089039620864,1.0,0.4715318247391544,0.5471815122587039,0.6022160783396859,0.769330466639991,0.41223793918176577,0.46376935457125434,0.7745426493017208,0.5396087658813897,0.5194365295054891,0.201422259348437,0.5084004866289811,0.7368019394208952,0.16623813172539664,0.5078420305066317,0.0,1.0
0.1727809386899706,0.6100964006675735,0.4433654007438492,0.4715551331593126,0.5816382460584916,0.34862087577192385,0.49521530187144464,0.6710484103826937,0.6716555498889353,0.5074242818167725,0.46272369985516226,0.33376275753233847,0.5363072520241662,0.36823221984021215,0.6211613260092087,0.48933842599900546,0.4565998655939344,0.6842948217938605,0.38103024826673887,0.43217891783288304,0.2357108306849671,0.5417446279501612,0.7185232592953604,0.5596687371006887,0.24521471766069447,0.5758419160752144,0.4383821981516049,0.5258886726887648,0.8148806109760881,0.5850923893625771,0.45267609726439306,0.5508826117927371,0.5486132304751835,0.4972995104745494,0.5924884280305277,0.4599365478683962,0.5733157579137752,0.48340695417854074,0.5246547160641546,0.6478286275400182,0.3362171363323696,0.24808582442282645,0.15098078772384937,0.5811078303319743,0.4948663543913992,0.24290170595098504,0.594181428474795,0.5292713076718747,0.3324877723288863,0.6052231064454197,1.0,1.0
0.6017863855946161,0.22196021380084435,0.3329356989496832,0.5472843643685951,0.7207364561712679,0.5547630465955956,0.36343715248458935,0.6876596276621029,0.6875590820815292,0.3498384228347827,0.43849264314501185,0.48299754307181125,0.5702156667784719,0.6187573346767288,0.6220813559176992,0.8128414565639136,0.6148821654075913,0.48881781407544234,0.5977125211323121,0.5958991476628928,0.5196039247780161,0.7092160142147084,0.5257060226030378,0.13225537105420668,0.760917615969781,0.7364203704028589,0.342389128575648,0.46546600227254203,0.6806433418258165,0.27829871702437253,0.6332762186419102,0.3903151467282241,0.6729282489272773,0.5031185676164778,0.8820181465067756,0.340661683565714,0.515387759255347,0.7285079253859127,0.41657573323962516,0.6971776469896243,0.4003174494313238,0.5960922714407222,0.18988123047459732,0.755996826513678,0.414993908288648,0.49796295872980345,0.7361218880904798,0.6519029834475061,0.4281332922742864,0.5645234458168822,0.0,0.0
0.3898543963456379,0.2211913653077635,0.2648037921444432,0.7085937057999829,0.40615254972857767,0.6488987010305808,0.6302739841295755,0.37771665295362206,0.6759705343257876,0.5774251642550685,0.5058734164105491,0.2832468212771943,0.6228930017262084,0.4732084661098958,0.4759745506152784,0.6873026868103034,0.6400763456783715,0.3856075717623782,0.363190272598824,0.5522716856209726,0.34515153366928325,0.4271969857499489,0.4012935861478741,0.4713206223942624,0.5859589231154705,0.5166554235797343,0.4721506184945132,0.42452715824416093,0.3994571943950669,0.5114620420934493,0.3828172512726613,0.3997394526458221,0.38286156998138554,0.8106980211552357,0.6009741627836703,0.6336982406112652,0.5502946398928724,0.6131924689776463,0.5536081592653366,0.6186677621870332,0.4958327238603425,0.528128452905268,0.7293160588680188,0.33510109337553085,0.6119639680211986,0.48815734863031823,0.3838025539062903,0.4627328351397244,0.457108036692507,0.34219145586433697,0.0,1.0
0.5639510205878603,0.47616753992976885,0.4347077204432354,0.6361222540418863,0.686906754719388,0.7957687299429582,0.4556120186165755,0.3514768768399629,0.7195138067934084,0.4485696561190874,0.38921681910630457,0.5565968070595395,0.5721629802680932,0.5001639437850377,0.4148517622096756,0.5338076187943256,0.585151398555877,0.42484952171988355,0.7340396407413863,0.6447385374894883,0.7052683469293647,0.593667070629453,0.5053520404363574,0.5249940396981142,0.5740904587047723,0.59943572428025,0.3444161882375844,0.5276996103228192,0.3008794863959944,0.5439837627051892,0.20248167517066576,0.42555121781470373,0.656895460428447,0.5976336429715601,0.1584490062677487,0.7833991377341472,0.3183036147700336,0.3325333421201066,0.384619489667263,0.6966714079745511,0.5620159015248049,0.6652822712152456,0.640859088080868,0.6993189152364236,0.42142678377608705,0.22449947201929402,0.20536018066040487,0.4280976847145367,0.07804110872985343,0.2156101652223823,0.0,1.0
0.57860410017991,0.6268684955469871,0.36051247567096034,0.4788290168965116,0.5519876410696419,0.6221166786672746,0.3920608516969994,0.5824308457562688,0.44478694899597826,0.4202714296398184,0.6427181720254302,0.3206911093711835,0.48468963498289824,0.7802811066068819,0.571845013605745,0.32584965474868743,0.5307627707420586,0.7396897832490242,0.6058962255044408,0.35605403801699553,0.2307666192088343,0.4378918149996588,0.5968295273863433,0.29232653523579033,0.5286672485378228,0.35356680559316694,0.45131334385797206,0.6629506835724327,0.3244872535777482,0.7489235481835647,0.46061321811868183,0.8319127204585766,0.3126337006833294,0.7509468301126353,0.5395494999433569,0.4936261248549566,0.3355726109599898,0.5576146744843055,0.4530768457668542,0.6438183317977001,0.5001884862648525,0.538036220085653,0.42582578699104245,0.3263330544087822,0.5941200211906528,0.34928320718258365,0.4466154858494479,0.8170029327423367,0.6389508667860565,0.7163139363610207,0.0,1.0
0.31442150750753095,0.5291322415071401,0.0,0.7201526014717939,0.5967854346745746,0.3027452134736157,0.636349330485226,0.7084380040123067,0.5557627222298458,0.5258229980464711,0.4932715570064627,0.6097157594997659,0.5554769125216834,0.7314243530269905,0.5493354153796445,0.35728688830215855,0.7578120677305938,0.346999472382459,0.2315223048946536,0.5353929540195408,0.29543383870908635,0.46517359661180463,0.6427509440893716,0.31678899101219155,0.656059724918446,0.2979959700952987,0.5080093907311676,0.4622153203270361,0.20574286080384843,0.5733502598127936,0.27765965002227255,0.6021991181065314,0.6603933794056688,0.5306868287474925,0.3978015205165996,0.7412444441876775,0.45852906289914586,0.5783753252950715,0.49494829957774217,0.7270635994422614,0.423486127050701,0.5694673070913466,0.4145271157708224,0.4144593489051906,0.43536301181560405,0.2752404532756776,0.45083888897725743,0.49510821902048496,0.6439588775571233,0.5802518416631222,0.0,1.0
0.4264097678644567,0.48585195729213265,0.5872311950355341,0.4286410461184118,0.6392172485025142,0.5145053120799316,0.7330186076336034,0.42535195187765684,0.5679566721614652,0.40120508756471884,0.476313170647382,0.48531290518304904,0.3848313534703365,0.4481316904936121,0.41194838913974674,0.31156364434416767,0.1422435652783228,0.5523763613489605,0.20677104572004454,0.4689497009894724,0.5196642844388608,0.6407507166188653,0.5008095321561746,0.5981591698312865,0.6638877395243399,0.4359889325247534,0.4125859083758439,0.4426575884524817,0.3540721028611998,0.4779618829665203,0.44251280363999657,0.3410946283363913,0.4438280867476072,0.5022472344817954,0.35349253089715754,0.4120366925893881,0.42190859124551655,0.46225156227805003,0.2934597434517351,0.5724833694964353,0.39574921291918425,0.7087097567754289,0.6537895333289416,0.6068496899371891,0.6328143002083614,0.5882274587994321,0.06412072478415354,0.5757120160026336,0.6854105734313103,0.4437198728792782,0.0,0.0
0.3997335335224764,0.2652568244597607,0.16069987204074238,0.5298235211577593,0.6536048736691787,0.6070645406633106,0.38465308554351596,0.33185323110082954,0.7834459155928967,0.6246879552771437,0.6848114322063588,0.5141977542519637,0.6293600202312478,0.5708567307119656,0.49739106484131784,0.3854492900402767,0.5720707926148958,0.6890493162586866,0.5059316430664941,0.4399045794845368,0.4779229251346173,0.543304239059062,0.6836172851224736,0.43734136008331825,0.41250461164273383,0.7617863619691779,0.5010275781692463,0.6895004425808932,0.6858062860081086,0.6570057371117524,0.29055557692809547,0.4422978963757532,0.7781431687743473,0.589688598061991,0.23835539354154353,0.3148948522309551,0.40088603721062555,0.5178691845244087,0.6228111895510935,0.48963999366779515,0.4722353133232936,0.41997329235635034,0.8594781962371966,0.4796894350006313,0.41259081102458633,0.463113446094114,0.3666254729322588,0.5525668744433161,0.532903661305105,0.3531289721029188,0.0,1.0
0.3760545684126799,0.3594388508319123,0.46201690356829217,0.6621618914246675,0.6269575327571046,0.5456133998881022,0.21260003921519066,0.4306907873118823,0.31702290782484377,0.3576515807494309,0.6422515046207597,0.4500345546063508,0.5296926728584549,0.676173075337911,0.7437320264184337,0.5998965993089692,0.4990132377223071,0.34766871571168373,0.43643818279798036,0.4974769421186295,0.3197019901531367,0.5868847427044981,0.5663897354269335,0.3973857339584982,0.5916862817454599,0.5056675238791283,0.3618432705981774,0.42834727994072413,0.554916637770615,0.4913043269682927,0.3353790105258137,0.6111087559196082,0.25108533422730817,0.5116797815730946,0.4685620498906085,0.6948911539887793,0.7813325200526656,0.4350028864567172,0.5109813574890326,0.5995907380214389,0.4739718573532959,0.5405064430719625,0.7807865036914081,0.7954197247262452,0.608522216279212,0.46497781220116696,0.39079983540392005,0.3110550145974241,0.5319266724509603,0.6887792429815063,1.0,1.0
0.47051146510465014,0.7505397238256767,0.3432352623335224,0.6395891315176266,0.8347272092732517,0.4551475502302501,0.21259496721594956,0.6307341284932633,0.3682978733309307,0.39919016282863756,0.6592466175057367,0.3833651321865636,0.2921805677704495,0.4231425420397058,0.4705423592978863,0.7524925337344648,0.3121261707164527,0.4694509233847454,0.4467577737660736,0.36087948431978917,0.48042346837309396,0.3432621430246522,0.3892844124266137,0.5019311143997832,0.3965672894740084,0.48466427374533866,0.33712177341705085,0.5025404132706653,0.6071263134630733,0.4515999464666354,0.4439206368302534,0.5976980045555927,0.5389683093332409,0.622878570372173,0.3858136715953718,0.46771885032659655,0.5114928480120592,0.6003799442098176,0.6123225493182868,0.7083663928281674,0.42723115298903735,0.34819747973655324,0.5053890378588797,0.6724365167951192,0.593399792661601,0.7863265500649523,0.45929559076684195,0.47228317065516356,0.5412345271997457,0.6723048634631371,0.0,1.0
0.27113370724547203,0.6754235741650642,0.719230745457119,0.5739099389168848,0.8111953548061429,0.49185667145329803,0.2113701340858182,0.5870114897717987,0.507141042164393,0.17390149784453401,0.44000216967711053,0.6126469635431007,0.5734414896460379,0.29904711638989184,0.6271190300471594,0.36375958775410583,0.5708612138515341,0.3018483119428155,0.5683894387501652,0.4735122387503276,0.24734379393694303,0.3778153258684451,0.540372690726631,0.21827966458513684,0.5836971860776041,0.5464413969115065,0.5124244718787411,0.5263852317708076,0.4981083271108175,0.5600596780857293,0.48762301445993483,0.4917916025267845,0.3479756687833677,0.5970625899778889,0.5281007696772229,0.5129683389478045,0.4554498855011927,0.663737612857343,0.3068810776036723,0.9039188934693106,0.581295256732457,0.514139862568214,0.3733247284629679,0.3038111108821186,0.5486868323228994,0.3634087737632659,0.46972756044440717,0.553535850708024,0.5289694406857449,0.6708858547492638,1.0,1.0
0.6500912049296204,0.36315822990302765,0.5535489954397212,0.3161088195365693,0.6619444793691333,0.5538226013576926,0.030019272615622972,0.4342195770833464,0.7930884223280232,0.5271013709875112,0.49478365177652794,0.5327585870749973,0.49956622084840746,0.4583225596586269,0.7526923169378512,0.538024982956245,0.5396353026951995,0.23679956043648992,0.47708904459129364,0.6118370355993955,0.16524706402040193,0.5860880383734872,0.5040313556033922,0.4852538412032486,0.8241238622720966,0.41270739337591744,0.4906909685567417,0.372225196142418,0.6447844189953027,0.4229485384712057,0.39532271508861566,0.48109716522287244,0.7655422021347833,0.41330259212663795,0.49754069639048,0.305687419295651,0.2955190502803567,0.5054207013696418,0.36940892207590664,0.6418391438780148,0.37304570832864625,0.40694881152663026,0.5743649094930713,0.8061023025232429,0.517726024775764,0.46902368859246896,0.524663020650792,0.5003376763518638,0.7217799675229651,0.6228878428988924,0.0,1.0
0.6269576649056232,0.7884781350851154,0.6593160096313722,0.4968225750312541,0.8371291787440764,0.5790875455761457,0.5386018790848647,0.7295867382894946,0.778812606656179,0.32917238999817144,0.27915497561669994,0.5632342951443742,0.37923076087658514,0.6547189823642421,0.7548337784762439,0.6331098868607549,0.6255702038463653,0.53500239980034,0.5527276099693693,0.56879797108339,0.6335085377645813,0.4715995213667103,0.6262152490298538,0.4108916296358033,0.6013597303244541,0.7185923632971702,0.4239736543787671,0.6093427666295648,0.44084805538021415,0.4837245933223692,0.33474086304390105,0.3833389348619635,0.40995088062418833,0.48204371715933697,0.40166682449196317,0.521597032799024,0.4090099870643434,0.5276150125004875,0.7017035690296183,0.31240514813715725,0.629919615698031,0.3891550829441189,0.5551939654879571,0.6309703151351904,0.6771589231057243,0.5670268013589999,0.1806421884365696,0.4995677526878094,0.5683809126737326,0.34305414651473365,0.0,1.0
0.38797090435440296,0.2785401255720338,0.7615823681434403,0.4319845309468308,0.7810896882879487,0.7495901834395209,0.5180128122632909,0.506043846737926,0.6159274456823218,0.32296021036749534,0.6966160672176371,0.5629662418578737,0.5255240864180011,0.33812840739799566,0.4346500694261546,0.38316772443117386,0.3607210726984138,0.4514180467024133,0.17586573331041672,0.4661649201605042,0.6330692509848967,0.4517513324533915,0.39885045415186476,0.375145323852746,0.41679768672200307,0.6940154114527459,0.5929737475734453,0.43278197692010467,0.4869992174342109,0.6454351763831208,0.45625897929724285,0.35925540710535564,0.4251505646689787,0.446910228250369,0.2902220605827953,0.43346363724884435,0.502975988454093,0.6075005016319177,0.6501205694425466,0.5729384169445297,0.49728334020871034,0.4473314145226433,0.6053595723350369,0.34730042691671076,0.903883423204436,0.2143913017572957,0.7474355414339998,0.4665483147550927,0.18464382788045078,0.5695623520728016,1.0,0.0
0.4418256126682063,0.4198391571336248,0.4997788075701393,0.42795543332833813,0.501435583030641,0.2715165280759459,0.6101418352329502,0.6448329462018082,0.6618827437742819,0.6049236373117521,0.7111238490738909,0.607062423399514,0.5925879429873447,0.7547246504161886,0.45893322047441104,0.3505326796378121,0.3732944288012721,0.30487508401270624,0.3143484522842287,0.6352177952557139,0.3440724620240291,0.3298691824137302,0.42512568624895025,0.6134078047035444,0.5849395258311789,0.36025391839257764,0.590151994969159,0.5417736646901894,0.629609610049804,0.7478433148088794,0.3715988427279024,0.4595942094789274,0.4433028697669245,0.42544532568355553,0.6088952534183228,0.16673233144650526,0.7078643640006287,0.522311633068647,0.5667470133274799,0.39743957335998975,0.3980686853801285,0.7161264250984753,0.5271484806288007,0.5306242531320832,0.39114812399735577,0.5279968565983619,0.3073072791442956,0.7323523888398139,0.635862136036084,0.7123543993896401,0.0,1.0
0.6929779694425413,0.29236144864389696,0.6222678251331203,0.42860755268860457,0.38519074878235626,0.736444312451353,0.5544862800232684,0.46821686783385585,0.571519530095175,0.496842778603441,0.38168977347138494,0.3747555847407144,0.23749831146302636,0.5381267523515184,0.35343379264618846,0.18030758883820389,0.37828651051250206,0.2554956959752182,0.5188813440622108,0.7210368390903849,0.7180127424177702,0.44455679027298645,0.36046570834272323,0.4269275022206297,0.4179822278490869,0.618440374019631,0.24638407858531639,0.5285964326134396,0.38658214195600127,0.43031356378619356,0.6347314896064841,0.5870584615825866,0.43104924682166523,0.8163959053391647,0.5644362512380593,0.6026785224910609,0.41288547410396415,0.4974973648820295,0.6606899345244306,0.6934189445446689,0.266361769124425,0.5952335722588684,0.7328110283299768,0.48030752873858146,0.4779899545450484,0.6496653996682085,0.48127092339733657,0.5306309191628601,0.2407831374915079,0.3124368156255183,1.0,1.0
0.6279580238620716,0.2971280104900226,0.2533919630406362,0.21396701501184237,0.607076188238747,0.5466691576581917,0.6107161255641579,0.7491824728596049,0.5223771843619361,0.6757927980264808,0.17973873265984644,0.25947265958117394,0.5427262913942419,0.615277150670562,0.4929946276850583,0.5608772426632682,0.22998146935560876,0.40823906000893995,0.4600094290314753,0.6971869742591819,0.5369273655425517,0.39621009704931737,0.38604354217213527,0.44441779868214387,0.4752993661378613,0.5873248138443282,0.3702345297728471,0.49717621390483585,0.5511724611950053,0.34559250566018634,0.3163401278890141,0.6893612559528686,0.46067874585774754,0.6535779140846181,0.5270508988212281,0.44421352396085734,0.7600594722778291,0.06756444992473865,0.4427239561217689,0.6062223192422855,0.41226300120442416,0.3294586399582426,0.41220860673987286,0.6388074991363271,0.514915027906333,0.3675198357421984,0.5578956064039412,0.7557652618915185,0.34210279906321783,0.3772203081967767,0.0,1.0
0.26069443775331513,0.2981104591335336,0.4488209088457059,0.42567860332329904,0.3706901532483277,0.6799564911861563,0.24477694197569702,0.2786446984453737,0.6927440738939068,0.5413907810963173,0.37311556764389037,0.19621026168309588,0.49434976098752115,0.7804065158751967,0.5802656394973913,0.3156321731772851,0.2715784763395013,0.42004699817805685,0.2997211833041632,0.5907076222349759,0.3455669868761033,0.5654897402844661,0.5487088079093451,0.24259784036335932,0.6467677283863561,0.5088822264574864,0.25954502463308227,0.4760825569205646,0.10766299645780637,0.566063045155676,0.2979534259936191,0.41044579022209193,0.5049682870088779,0.6453148648672605,0.595277095708211,0.5005092050168618,0.6148558994588413,0.8777956577727236,0.511289090005578,0.6506182374823367,0.4907489012757373,0.3794373950012293,0.04841916514354499,0.4809361240549886,0.6847783547137702,0.6000182124403244,0.5299345758173436,0.30481169211546794,0.4619865968272171,0.5173068695432765,0.0,0.0
0.5205818699994427,0.6891055290750225,0.4349232009242956,0.7352891856261841,0.5363409147080266,0.6654621760006163,0.3473357257472308,0.5338306528101578,0.5093620869913598,0.5274288424484845,0.5545680868381762,0.408798084182896,0.48312950507213515,0.5089526343053865,0.43115253671734866,0.6113188754699781,0.3796848499862853,0.49525536637045553,0.6251554587889377,0.5209373098747687,0.44616508017978335,0.4911497236044327,0.3626328008437261,0.14509280191866264,0.6403458333907435,0.49884571069828854,0.6930613954863568,0.4010506514814217,0.5730829036860435,0.7211103069871139,0.48527873468587746,0.6478068349774652,0.4487957486726142,0.5153039235232756,0.5464399785765235,0.3471523932120646,0.5359295033365158,0.4968682767555249,0.4693045801677694,0.8822584109619669,0.3498710753554978,0.6710305145602988,0.3376536789222137,0.5140234643326619,0.6395215875733037,0.4212253104133037,0.4556692871771161,0.627329569100013,0.4706286635962681,0.16387863847322673,0.0,1.0
0.6574582291340607,0.5282376297091133,0.5510553393487813,0.5654600545371454,0.45191013322058865,0.37036748331789,0.41360522598510824,0.4569953112102437,0.5837779240333132,0.40944753916311083,0.46004839409046666,0.5039598180365213,0.5318505667518977,0.9697484832065446,1.0,0.39813019184137777,0.6848384359328321,0.6485949573274162,0.4160791912054117,0.7195559252309839,0.6026501638300141,0.40663508510491375,0.39249781639642756,0.5191616343337163,0.5520186125536836,0.5109247575503905,0.3210976992632428,0.35968566995255963,0.6866994535074582,0.7462696391142016,0.7051718024252598,0.3160507233027283,0.5067981221186082,1.0,0.3194122391050965,0.6315120899499448,0.43781178933308035,0.47886342757506084,0.4255565303878016,0.5277760016192798,0.3976099020894835,0.6217200159863081,0.5955168020727175,0.29740881638140326,0.585799868493596,0.48270439075559374,0.5346599787770149,0.6339409167255823,0.5268651624195345,0.3632867692831034,0.0,1.0
0.2500788111772239,0.5516621148767598,0.4784191373776682,0.2694979713273708,0.5748096635465963,0.4164801380387564,0.3245590147590801,0.4723809847154418,0.7083369478948802,0.5762287964105636,0.5508859276452184,0.6137220039568839,0.16855516263901096,0.48984491967505345,0.6347348679414874,0.7534837305409036,0.7020021656512384,0.5139495984191675,0.41254518552062014,0.8465058124590815,0.5389708534769067,0.2868478985969669,0.179671590356795,0.4633840469101409,0.24544545587642536,0.43231539735731234,0.49319084901062377,0.6119293699060159,0.23208352851972322,0.4959081843434412,0.48211581634686124,0.45763496946252125,0.4353597567285019,0.5092939096164304,0.4446011708830226,0.5062157302198143,0.532672403294013,0.3697345921990362,0.7713638872795711,0.6877015601116262,0.3139621753475248,0.5626761355676229,0.9319836675471312,0.5269186688419285,0.8563074663195623,0.4873531290947409,0.6980286495711981,0.543758904630016,0.6443289418339947,0.7247181412843194,1.0,0.0
0.4308879274643556,0.529671573620223,0.6951750440849399,0.501159910943147,0.7052772532599294,0.3545337484399001,0.3709160995670021,0.5957873705978157,0.6707004652890918,0.28277709197750583,0.33620563393715114,0.4379316182811038,0.4652660532243141,0.4938605065192596,0.41668173762263794,0.6627271434350795,0.7148245844051886,0.44292075939610964,0.34779120241876005,0.5241045690135621,0.3083568007853099,0.5721248479024491,0.4116643201802418,0.4132306583626597,0.639224740046498,0.5555428721551585,0.41499195782950177,0.4849075352886562,0.4268204140263483,0.5558871238574,0.4684142354094008,0.24897132442568087,0.5779318759581316,0.5259951731512494,0.42962709830923185,0.37739114844351346,0.5203511288313712,0.502408578621231,0.4800404554350234,0.6400989763222573,0.4672380450209457,0.3484257149346709,0.4636531126605231,0.2585365075932272,0.460054322135151,0.5341280474632907,0.6245066714536206,0.536608016679289,0.5607091080028647,0.5512924102031098,0.0,1.0
0.5851062304582155,0.4150503311611735,0.5436267626353707,0.44342163009276947,0.3702613154800042,0.498414363982801,0.9100242379567425,0.5097719217817615,0.5203918976552293,0.26538415021464423,0.5448171829406976,0.43390635259204113,0.27535469560657183,0.5974309745237311,0.622521965506822,0.346107525793994,0.3030350477298595,0.531686226924607,0.3304163082341698,0.599892116144151,0.3745677114785581,0.3767177138127459,0.49629894698970467,0.502442123267907,0.4950848254152458,0.6177274960371412,0.627395968050539,0.5334057850411005,0.4098440570423445,0.5494791960513673,0.31020449445425585,0.5968173130158725,0.5869800123764983,0.5148553363760262,0.5036405653333716,0.714498898094354,0.5101150688868827,0.28168851431424535,0.2165527398910137,0.47216125336297654,0.5408915726781548,0.6269999798618967,0.48668303971382104,0.5506739473440885,0.43587830712044284,0.8405128874680355,0.4638736851842727,0.5731887452832134,0.2856809074208441,0.5414001840281938,0.0,1.0
0.3969799676512259,0.2645459064599925,0.3856825585226804,0.524474328318404,0.41109805217848205,0.49205829960889974,0.39571742442070384,0.5089815773875292,0.6450383875859926,0.5066955020355508,0.4446017251111452,0.4328353238907983,0.8573070062591492,0.6511763249219805,0.4451901651309952,0.3359106496539629,0.3992208184069506,0.298859527583501,0.5197565910279167,0.8421136362476602,0.31251356575806094,0.44448339779251217,0.5323244351918919,0.29300098378644235,0.43855979992122124,0.49425155882493105,0.4112496999343046,0.4507678862288582,0.5787119802004691,0.7151305153528958,0.4211481660841005,0.38287878290690963,0.4990001621803197,0.36519723942144766,0.426728815474746,0.48002325332850004,0.800839082637516,0.3446138073089137,0.4196393718246045,0.5883065118012427,0.5485826526357107,0.43829193867822125,0.5287855721144736,0.39064393214513116,0.6173860479659217,0.30793100715955135,0.31018904309359835,0.5620155905942775,0.37079909757392515,0.5327517727805852,1.0,1.0
0.5258640063913431,0.234053863247758,0.7409528766010933,0.6819488753498206,0.40662624469568825,0.26104379042367504,0.6045971692535945,0.5272934201765316,0.38426237459122703,0.653344102563286,0.5691835709394635,0.606485712365956,0.4310542043009748,0.5468482243104056,0.6068820102879532,0.5361735102995607,0.3574698992070066,0.3202678978027619,0.7435333913859068,0.5816969428631465,0.50996546123215,0.4531668000885212,0.363829346493909,0.3847874637081577,0.20328270080259409,0.6397758696046478,0.6472361812664517,0.559248685572895,0.5763894276061526,0.5994406048024825,0.6242709517295573,0.5518197186087374,0.7000794137891413,0.4191569752567717,0.19306475124418118,0.5439559282122083,0.658460820312035,0.3545772846702276,0.2904411565043307,0.6329790383833866,0.4881915412980241,0.3256027845000782,0.8531459078276519,0.620116499511342,0.3718278082978578,0.364830602508218,0.4900150545675244,0.610619820941469,0.6237467078845372,0.3773722500399962,0.0,0.0
0.546776938898696,0.29750788385172916,0.3606591205767172,0.4070675854974433,0.7059587032134726,0.4774455830518418,0.43441866783766353,0.5181337844691569,0.6243251390264857,0.394784274015316,0.36041148107929183,0.2782764650370009,0.47650496974470224,0.5461888022016327,0.5658292777406241,0.6370780720818537,0.3436745178380583,0.36887362328771783,0.7795694439771028,0.4666639155688291,0.4889643552700495,0.7108314233613686,0.49212450876343455,0.1925798097264591,0.31127208454887034,0.7890871619157277,0.27031834228946755,0.5299597594290569,0.20979941982174805,0.4498642600061005,0.47068176722075794,0.6563953278155239,0.3160932687927071,0.095280037635871,0.3826225319976587,0.6922172268287617,0.13392108387056093,0.6305609788174418,0.2544118734762847,0.44413899384360306,0.5281069345535018,0.44751985981489667,0.7006485992266126,0.7244556334304973,0.2683199603271634,0.653426346932528,0.7529130924545697,0.5767790292704451,0.2806789522421052,0.4697657440784511,0.0,0.0
0.2912502151182304,0.6909130281940881,0.25877524393190393,0.7681726906739019,0.8847326921601772,0.21366712125179524,0.4558021438095364,0.48048505800296987,0.585141086809079,0.5710359849078561,0.5467931831919839,0.552550831373161,0.6934241116709183,0.4634869322129234,0.5217613547150507,0.3388457021188636,0.5388077858593027,0.4003473961163236,0.5180963735922309,0.6891710507113495,0.5750195842858801,0.4609980151596573,0.421390977855832,0.46031492455498485,0.4263975241393291,0.7537671434508758,0.4241597545846273,0.5305554133707201,0.5078259448606851,0.4900576950122374,0.5157774222241039,0.6051635424453853,0.635048410892386,0.412046366165853,0.4892869637600186,0.6790154682120724,0.7732592447156451,0.4046166201168748,0.4366698419164725,0.7382952663282083,0.5542538642556625,0.3183846962561893,0.49915400476859395,0.5720497991521812,0.4883670882137489,0.33130873638181857,0.5876301168807455,0.531996211708797,0.5836471100697801,0.38636446840949124,0.0,1.0
0.2828399322894203,0.3635569548999498,0.5307615553751058,0.3443777503037529,0.6132108992886325,0.6681610512070582,0.36297909222290486,0.6143349301853704,0.4685466633997322,0.592283840638481,0.3652374486743074,0.20324627797848335,0.3905343071945189,0.7855577761528845,0.6774236760243744,0.15947349379855238,0.4037389564125999,0.26234622989717676,0.807864335900958,0.47242484397533185,0.3029337346607336,0.7099422413511868,0.5167711790006579,0.34493962817377744,0.5611538099055955,0.5881888062869032,0.4376322209930447,0.5551778891998572,0.7014074018754458,0.3917240098553802,0.29771290470638917,0.6814656341049361,0.7895133230196946,0.579324596942586,0.6018945789340207,0.45267004874094036,0.41769477101476726,0.363818894155236,0.4105387607995999,0.8784907088401459,0.3872213957443085,0.50585677403673,0.33330496551175337,0.524682013681032,0.4304278022053286,0.43822827108104406,0.47837175230660334,0.6145842830909783,0.5797204238625906,0.29622618815081825,1.0,0.0
0.5354834568950754,0.7937053218473076,0.3986742803075627,0.3505257136689705,0.7491244665847108,0.6702667539978637,0.41220483497861304,0.5460166598019083,0.6503370112856593,0.6215891496199881,0.5206541195538572,0.37673070815089155,0.41079923217846115,0.5803895309482088,0.5520533099703838,0.4086808588920978,0.6368310331980834,0.5012976467105331,0.7750520500983995,0.26861790497692084,0.4682434477220777,0.685803356451312,0.493387474565304,0.49924456170722525,0.2812332312442505,0.4592533158602891,0.44272992731774263,0.47438522624517326,0.7947435057979697,0.5666089024311836,0.4558310311264519,0.6428810054705619,0.5685328943585665,0.5484739843590085,0.1779250596544561,0.35627651707007435,0.2979887368625605,0.3871572983221141,0.5864942471417443,0.5719222108340869,0.6057440850245623,0.18693611734660345,0.3804779753989747,0.7306276169869169,0.5671353040269872,0.41298399034320704,0.7598738021852082,0.8630733707576808,0.4789837949860331,0.5478728306529963,0.0,1.0
0.13634936640485312,0.47407696395296506,0.6560957882776892,0.4479034680938156,0.4050992483928932,0.5496187696675989,0.6099017805255083,0.5212126210073074,0.6741463807530068,0.7114186058090068,0.7201431634560511,0.3441421155847081,0.5043258495491736,0.5853823481039743,0.6283496025481943,0.4592034180777865,0.7417879288415178,0.5173557647649611,0.7662665226021113,0.5096532291119339,0.740750900340819,0.32922894688203946,0.5205946325294704,0.28719187693708986,0.8720598298605179,0.5271239546399782,0.5838674415491407,0.1643397684943075,0.2556456418489476,0.23149131974148918,0.4217632147287379,0.6303244321364003,0.3208761723254112,0.6611432941741713,0.5944934283892193,0.290592508476336,0.7568146345826381,0.5488940792832425,0.510673143424801,0.7821953213947341,0.4547566845448255,0.219409582684577,0.6503550489784973,0.28564048422071636,0.9587982070223509,0.5872712036812023,0.18406939836808792,0.3304509132491232,0.5178884524315925,0.5956257164145969,1.0,0.0
0.26381677173566004,0.505311176402904,0.6340921449095037,0.506437396544092,0.3990919650924259,0.10459797867808228,0.34839048847537296,0.978644421604416,0.20754476900158034,0.2641636495128264,0.4843751771576727,0.5208933349417136,0.5957617404186798,0.5762620921783275,0.3312340654064071,0.3470671501541857,0.1516813576855057,0.3972477148156246,0.7806574989279506,0.7340610151582839,0.3727839999822224,0.5967775889143994,0.5849212212375912,0.4515487269130262,0.4245383021010036,0.498904654501605,0.43650465200660177,0.3867270268520853,0.4408720912535382,0.5484776342476653,0.3270816251192702,0.8110396186860038,0.548272737374706,0.3273514222754651,0.5972598125258837,0.42336381323933747,0.39263051968554996,0.4627997296726791,0.3909374161027367,0.4991305835763469,0.4140920826511702,0.4840702652494599,0.22225773865602683,0.46972129857638745,0.9648169536807987,0.22624844231657099,0.4681062970602342,0.40334040042429853,0.34314967497907994,0.2703413790546689,0.0,0.0
