X0,X1,X2,X3,X4,X5,X6,X7,X8,X9,X10,X11,X12,X13,X14,X15,X16,X17,X18,X19,X20,X21,X22,X23,X24,X25,X26,X27,X28,X29,X30,X31,X32,X33,X34,X35,X36,X37,X38,X39,X40,X41,X42,X43,X44,X45,X46,X47,X48,X49,F,Y
2.462555458818797,0.5458226905313793,0.9992043272275164,0.35141137643102266,0.4760940720319272,0.19667985411627045,-0.4634044957403221,-1.498819697913771,2.1511764107903404,-1.5089989834341546,-0.4192118250945272,-1.9398534702852823,-0.4185569336410915,0.12225106310612835,-0.43180872421358096,0.8495467594945787,-1.887464513288292,-0.2059971011545728,0.6551828529477333,0.3636796523298957,-0.2693659045687392,0.1240115575874067,0.9507418329475772,1.7272528168791843,-1.187222221498595,0.2459607948111619,0.3122950535961314,0.8113810964247085,-0.24604776058516534,0.7445235840574077,0.5000011865205889,1.0113693708817817,0.06558903170491083,1.1313823650960069,0.6740140270969445,1.271845981152561,-0.22577167432620784,-0.1919876597800804,-0.9894785545406429,2.1982278644105584,-1.1241025666536273,-1.6151824953815357,-0.6375914659226221,0.8378196035492365,1.171603905616633,0.2993592389018596,-0.1543513126908446,0.8880130334985941,1.2858145688260647,0.13299604920359906,0.0,0
0.5579461620620741,1.9779409395639584,-0.5542730691080333,0.1659172883955612,0.252349364986492,0.09530395634935716,-0.4542216176495221,0.2772794144197209,2.355117133720512,-0.30306027171100497,0.1761306641819686,-0.09054513491347438,0.5176298727895209,0.5596724466399955,-0.23092802358403056,0.7204822314986935,0.3632435329467717,1.2569101278674952,1.5051461227649543,-0.5623476250972638,0.2409515046526333,-1.126282839504105,1.940560934682772,-1.2923707946410323,0.04735873905124705,-0.5764689784003549,-0.24345113065489254,-0.614266327813388,-0.5549547312814996,-0.37911884447303495,-1.3789675836473758,0.2939104737774618,-0.5562700901139165,-0.1517267888620169,-0.14793428252663787,-0.6692534168328912,-0.4885077804677055,0.5187239073385143,-2.0531811036701213,0.28073932739383106,1.2160277088711038,0.3907178158941291,0.7394183962254338,-0.3657504221439452,0.5566024549995426,-0.7044633035895441,-0.02155296313500595,-0.7984452704735823,-1.1662470439306658,0.1991243454225684,0.0,1
-0.21193217466934536,2.596950681841782,0.9718422570497998,2.1590868700333994,0.17395008649562127,0.984536443679626,0.6529971273645547,0.332848879963618,-0.2600469195849128,-0.4331673614741043,0.8782060145816352,1.4299063936288259,1.052521492617429,1.4147269462447822,0.31035162445448217,0.37467840425063975,0.0283002188716694,-0.018115950322810482,0.6560602453114055,-0.3600694114413065,1.4813368413654704,0.6487275662534192,0.5161689996439898,-0.3980369686101892,1.513956897759527,-0.7643596609056071,1.0506735736725683,0.5008597852385478,1.2171638779953993,-0.348839664834358,0.3112124519623076,-0.11244180624712002,-1.4016471453158958,0.7784734162408321,1.1993122532921014,-1.3639734917498982,0.1829406983583741,-0.4726238563255573,-0.1057205084917572,1.1276082642535283,-0.5353979506393839,-0.8107226622458412,-0.6156375836009604,0.4657644809430058,-0.4671477559419954,-0.4253570297902546,2.0319965647479465,1.9607821005011508,0.1256557596703937,-0.34517319854979056,0.0,0
-0.4747673498301184,-0.5509095124222435,0.7190358546653608,-1.3609781291463334,0.4370772326989502,1.7274885002828977,0.0851781360009317,-2.825231927710743,0.08458172021840893,0.773921453497651,-1.0353060041729285,-0.3937399894586231,0.6032089442981173,0.04663079485819603,1.381545051510532,-0.8628976493727609,1.7855748963654,0.313139594305712,0.9130090215634952,1.1121802089513562,1.5334973902994702,0.24163472530823055,-0.19177893203616211,0.6529332354626705,-1.3128681268800622,-1.7386672197222266,-0.3763611140235803,1.9115946015651075,-0.4893485571511041,-0.04178626867326782,-0.5684523422135485,-1.0630454355446066,-0.9868338345218259,0.19944639037270698,1.0803276452716228,0.019471689077617437,0.8029654543166335,-1.0768866636250178,2.030380440561675,-0.08147065999152661,-2.2103957294550645,0.4287361678758246,-1.5161843911395259,2.406691588632282,-0.12974808630504708,-0.3977128148446624,-1.1042212248394638,-0.09831067139826656,-0.1503105540046356,0.3385735156382919,0.0,0
0.02215589076203294,-0.19093648432844354,-0.027173034762409603,0.036252611474789566,-1.0327615457109114,1.1696449226459458,-0.9192055978086312,-0.7163700774703016,-1.9636489986658976,-0.7949772565890035,0.6296529357518275,2.287789939436596,-1.3302288656018109,-1.2202897745211865,-1.4327443119762422,0.3971630745906181,-0.6976970308937092,0.6044825819276425,0.7900843072159741,-0.3092936007978658,1.4072854340305527,-0.17081261518973534,-0.2565491270512861,-2.0950482854403494,0.02182303686203796,1.2763174153760393,1.249533384707039,0.16767819480432658,0.4233714430850613,-0.09319459075543793,-0.3092095280791377,0.1562055296910638,-0.8746070404294537,-0.6352339749824918,0.2690138574335719,1.1758509795796794,-2.6376007048699783,-1.03044078796234,-0.6374133714382253,1.5596570242562635,-0.4235432796850426,0.4039498448058579,0.036160209310144714,-0.007472940395742068,-0.11783608015913173,0.5087389342398879,0.9911220020295292,1.1949605484850112,-0.22002060199900586,0.07172217362405363,0.0,0
-1.1119304849559977,1.260471320839779,0.3645111468073289,1.2823597632874195,0.8625166855335991,-0.25294668119544683,-0.4162569454742265,-1.5765676101749668,-1.0192148735714632,-0.2779765539390846,2.0800439674526747,-1.061661300656829,-0.3711402861019085,0.26219081266441263,1.030398398492056,1.1025925032878847,1.313318164266292,0.6225694664006042,0.02386864262391076,0.2620130956030428,1.0106947548498322,2.1827288114962187,1.0652579660372328,0.3791863180608929,0.8688819691876336,0.2756605835477305,-1.8318757425211862,0.24412363080852725,-0.19021157914007736,0.8835507130771367,1.8701616226847448,-0.7270523339945185,1.3392226733963322,-2.184705187990846,0.5053159981934445,-0.6952240209549349,0.05972679987022433,0.21362084613488647,-1.904845061200436,-1.4433844320084686,-1.0690493486826007,-0.6639640511817211,1.6481942630305058,-0.14317504552744595,0.6001597460007089,0.6292528159026163,-1.2479927268177615,0.7606749035085736,-0.5501991624769229,-0.3353177454656314,0.0,1
1.7433251416213706,0.8358780339953632,-0.4687081446844593,-0.5316754820492059,-1.6641150568011411,-0.09410325860983387,0.5152491492002487,-0.14261881557804626,1.5074858616681366,-0.0013591968628456222,0.468133785799632,-0.5445310372055606,-1.059981467384329,-0.1063879727960202,-0.1999813216698079,-1.9396880136842636,-0.3770829256586604,-0.9967574909749431,0.44518375488612427,-0.6588795680017363,-2.2356841743566744,0.2138444577879407,1.3001494261466284,-1.891660362673915,-1.3807582383360826,-1.0312541927489105,-0.2596492700846202,1.6230057257377548,0.6329264015084302,1.141173364826065,-1.019043399409522,0.3703156210670667,0.640331373790314,1.5114603904048969,-1.2578654150607331,-0.34045573955000097,-1.7836339154123508,0.007301255922038147,0.5905278983223304,0.5256929035349972,-0.7375687339554358,-0.606727145971331,-1.4780480064953596,0.6793126499459593,-0.2880664140903841,0.5414339636191831,-0.8818863120544203,0.6239621967104898,-0.6976024694191453,1.222723939196,0.0,1
0.9454739962936536,0.8161316597143986,-0.7682159536908223,1.1104919148060737,2.333331663953167,0.8949131639745005,-0.16663156000629015,-0.34756376902227604,0.8906666567284319,-1.3499134916131308,-0.44425579399438414,-0.494192152315694,-0.7379430955010672,-2.0561416047080465,1.3234509598148103,-1.5309623057969517,0.6324516534711642,-0.6255361612420606,-1.498458781494699,0.5397414896491035,1.4939519497699671,1.2008584564489464,0.4001370817259313,0.4625696165416511,0.537682906697623,-0.5779164579274344,0.4203382323875124,0.7300180016413343,-0.3273502974696006,-0.19753988982744808,1.0889195237378215,-0.6877919577275751,0.04980928730467716,-0.07585660623598599,-1.937177576603916,-0.05968836668144008,1.1807018603371942,0.8526735838154312,-1.6260754607476682,1.264742969326733,1.6454779726393791,-1.1855954182603097,0.7880684342562553,0.07221018761446661,0.816984189015135,0.3490860756026996,-1.3716387256593376,-0.15705055303016682,-0.612339096550253,-1.136134998701578,0.0,1
1.8985470296282685,1.2312451475617572,-0.35229931588388746,-0.7453294196484852,-0.053537355475834665,0.32138245952308936,0.9478772740820612,0.30111253373788266,0.20197671634878134,-0.4031673598260088,0.4655637391584436,-1.0582725936788857,2.162145268782344,-1.3400215192162648,0.6697072477449959,0.35144369649465823,0.9802892301147303,0.25460713005551405,1.1809732563108644,-0.5197574571756498,0.2792632044643641,0.3547312371656772,-0.1632706105795312,1.9842225196295984,1.411773419222054,-0.30767875835585096,0.08324555966157249,-0.21381158346593707,-0.8753039922580741,0.6499200925124756,-0.7814083237323566,-0.7434885703645006,1.8376545237696824,0.03861196215958066,0.5604727037242068,1.8777764484780053,0.1578587745648635,0.935206879290576,0.3133524484448255,-1.2556504768380086,0.7372994181359805,-1.2929978543520064,0.8756817878476133,0.7929183659678244,0.5785134837661311,-0.6570502726947784,0.12265233490635633,-1.6956106002551534,-0.8966247540928708,0.4732420453288098,0.0,0
1.1405535457470992,-1.3488518366825957,-1.1019709974303669,-1.2482443325076684,-0.5759857708883805,0.3945914565092161,1.4373542039128204,0.14278179649343647,0.4855542298302832,-1.3427951224026369,0.4960379575031753,0.4039561039358829,-0.06733142708984302,0.4827397504270825,0.1685740933768509,0.7732271832543175,-0.5930639991346525,0.2824587406873917,-0.8285401759414949,-0.9860677231902548,0.9808694713895076,0.7767492662443269,0.4510936122392663,-0.6267526071736627,1.8078951063612767,1.4935346453352458,-1.1557868626882934,0.5658884836252028,0.5894378554437343,-0.6460926268916539,0.906845164321362,0.4496799666258256,-0.2780318629092515,-0.21620075790384474,0.2962366614071084,-0.5247364613954459,0.3392206417579675,1.092715477985728,-0.8540849720272305,-0.14337468878192186,-1.7051244881464331,0.6147593536362084,0.9868070129903692,-0.37410842414145595,0.28395837721856776,0.2573323238594876,0.4045007019321068,-1.1244978074049594,0.7571383299121273,0.7458661187890999,0.0,1
0.500452211933355,0.12786898756613124,0.5533295489148236,0.08274281948911097,-0.4122319600375144,-0.11543500233829368,1.015911973413011,-0.4340848032387028,1.1258517249090148,-0.2021213781637762,-0.4670553158266628,0.17821283638837582,-1.1110503019282292,0.034902867009388674,0.4411927564953995,-9.618100677698196e-05,0.9245868062261604,0.09719397407237207,1.951867014955991,-0.5987379540839723,0.20943327821428664,-0.07663255309062647,-0.2603686873837982,0.9765521724024412,-0.6913708993725024,-0.6577339633228785,-0.041078798582096135,2.0289975231731887,0.2559124609968291,-0.12084094496564735,0.25785364987957404,-0.7856436531750176,-0.9660885348280512,0.3582589631083171,-1.5684050535425718,-0.4244174140791561,0.7822083408528779,1.9542461042042132,-0.7286145276621662,-0.19185138726511788,1.4217276939897001,-0.02229875898166336,0.42835511729539577,-1.552632071087762,1.0486196585539276,-0.14213801617087907,-0.35775703885835364,-0.6547741842071532,-0.6527326700654348,1.5296034631737612,0.0,0
0.07941831612859147,0.3288480786483372,-0.4722094291802083,0.8761569650229888,-0.3362903341161639,0.3123494361401289,-1.7411683766383907,-0.8894503053323417,0.7308418635620519,1.1375652456560974,0.7452427622170215,0.7810381908824485,-0.105660957050078,-0.07758041549544467,-0.7193009307096446,0.07392688571387622,0.492262837966024,1.1169678880155172,0.2254870015506917,0.3265786698008897,1.9219416800084088,-1.6970976687769015,0.2956233680011953,0.4262035675734576,-0.7300417478129501,-0.9878302412791832,-0.07739563294014197,-1.489574989476392,-0.3143606964654236,1.3601354830304606,0.9046148813288784,-1.4526843942420604,0.4007838492343175,1.1525287403004885,-0.4606711562958231,-0.8121042887422474,-0.09237291260839478,-0.5283774020239425,0.8673385769659778,0.11977560291726165,0.6244649233738511,-1.1064020204010134,-0.09489321455898354,0.4367898145277278,-0.4898784525545283,-0.7728297647685225,0.1111251642725644,-0.5371876812002323,-2.278014486889992,-1.007172424655812,0.0,1
-0.3026884555333834,-0.04984232618736514,-1.932305205125936,-1.32387487477342,0.7684177614935049,-0.4522981010051434,-0.6090672850126224,-0.7484323636212654,-0.3441887370196998,-0.5549812926315653,-1.2864919000770945,-1.2308984306085042,1.6529529078255032,0.6659620205536075,-0.4176030672922216,-1.0310811992824311,0.207988436285744,2.36489912035314,-0.9617913057029744,0.4513578954478542,-0.1544707965707025,1.7910628318854498,2.1470221693267666,0.8111495051580655,0.2253499777698892,-1.544339128612718,0.13751099811086595,-0.6433181538037314,0.1350704667435232,1.0249287990415747,-0.3710226071613365,-0.48636808971845796,-0.6570721077757885,1.0630587619321472,-1.8881722560869292,-2.7946955407587617,0.5023363329563699,-0.4807659841402914,-0.5953548304505493,-1.6768786044039834,-3.4257515056655894,-0.7336369711387859,0.3441846455308045,-1.6472185960268375,0.8119695671913222,-1.163535966918294,-0.4139383070619088,0.03529712856038538,0.3899657690368424,0.5569768506889895,0.0,1
-0.5127399449861151,0.8367433788462921,1.1023407947513386,-0.5588359067324316,0.4144538092910704,-0.35581070320826336,-0.7231418242364008,-2.9499661754307644,-2.165117995032181,-1.0355239776638008,0.8090527790151022,-0.5588151213021914,0.725459051386825,0.5549284078017347,0.7934229109813096,-1.4155840336406986,1.724693691607559,-0.011200596617599982,1.3261350292537757,0.8648682737927437,0.04600020942530132,0.28945786184185696,-1.4046034293079588,1.9102000938861436,0.9223417666192468,-1.5754585231740807,1.3951091426625395,0.06625189550254851,-0.5341969341260442,0.4677981373895777,0.7385859449528367,2.1080940011184355,-0.44846269275010336,2.142039462293785,0.5146950379645313,0.4245500282602271,0.8683239702176245,-1.473044967821979,-0.9261320985028416,-0.6721730272864291,-1.2450900001637957,0.14902925603663186,-0.3239837512838753,-1.61705413772926,-1.6549953781852362,1.4021031768441878,1.0757282999044329,-1.341437420839586,0.6070624276534665,-1.1839855946513502,0.0,1
-0.7609545675861704,-0.5984888032444928,0.8105380525821569,2.2571570717246447,-0.3467694584233515,0.30414414687763003,0.4267821738708272,-1.1259922195024503,0.1352963592507602,-1.119745702581157,0.1528241368873577,-0.3857640678355879,-1.4389044802016808,-0.7113572137427921,1.126860651796484,-1.0857195892816909,-1.9535022391082064,0.2316079928223537,1.449203661931029,-0.2910363924780381,0.31894065399211663,0.9597993972452408,-0.5249541311589966,-0.1173199559312092,0.3257467837013218,-0.9129707911887288,1.3476338449448964,-0.22011770000165853,-0.22870726009980302,-0.35764703651840224,0.7635062146942252,1.6923943114417868,-1.2859688856374318,-1.1228386275143394,0.9800574166391056,0.9244464535295768,0.9636585982377311,-1.134264576649313,1.4364797585961588,-0.4339761928553695,-0.3964339740787303,0.21187698817041428,0.9861932277623752,0.965651250037764,-1.3984515597211293,-0.464108871461024,0.21977510807484146,0.6960530488347251,-1.462553578193147,-0.5750164856052161,0.0,1
0.1354674770989288,-1.7321320993944034,-0.6964468858905606,0.25174002027001713,-0.9145380623590889,-0.7609801520062751,-0.5966409009804144,1.2066504168898475,0.2891399508485494,1.205465259349242,-1.0116733758196137,-1.4278684941871531,-0.5641568843907171,0.9916612799043464,-0.21179507173880302,0.2352626823568989,-2.2028018467098627,-0.8531604486090952,-0.3887525754474007,-1.1792809406770042,-1.5508219996009944,0.04663496566970148,2.454711028107317,0.5721995259004763,-0.9983131360047968,-1.3529712202597155,-0.4596093754313023,-0.15775853665587347,-1.2197304296545577,-0.6924809376025414,0.922835665809468,0.32931352676329795,0.026439525795974885,-1.123242202557822,-0.2722232751184902,-0.5064742566944658,-0.3679484867977382,0.7885056658587458,0.14623896256262198,1.4210941934776218,0.5553588259126655,-0.7256594138345025,-1.2610934906961553,-0.6636308268810416,0.15502475367456173,-0.6856740403936389,1.5498605100463998,0.7552837666976581,-0.5822374727716066,-0.8503880067399362,0.0,1
-0.9805117647524292,-0.5663559031150616,0.7243688478293726,1.4695333223299327,-0.12830676043806266,1.6654322089886349,0.4934463300554821,0.1896294986331228,0.3626653724704091,0.06369209748668565,1.2558845051014442,-0.057368858621002876,0.20258391757414093,0.11678187974538773,1.338826358070151,-0.4695180269855877,0.6703387754841647,-0.6258074895548811,-0.8930643851147191,-0.4800554421520483,-0.05177409256768454,2.0215087312868723,-0.44715123326644585,-1.2586186165593332,-2.1896654632101,-0.025905126039096355,0.2401705369602466,-0.44240570203658136,-1.8129302074126503,0.6196149801045461,0.5565086352260881,0.8374508493180728,-1.3352799421865968,0.08023362252853185,-0.2973433960893065,0.9735363531121476,1.4806379895901038,0.19199757248595486,-1.0452285931316283,-0.1312965333212464,-1.1747959597904538,0.1875291690416677,1.0954522344694864,-0.3638933994953414,-1.794863378587704,-0.7803900414981985,0.0934582147639295,-1.2504391627757108,-0.05943258628095361,0.5172488200520001,0.0,0
0.8681690056402507,0.3733674141340276,0.8079573416345036,0.6193616468637037,0.24264104565333194,0.2404625349397484,0.6093221260063489,-0.5350587755824366,0.25676931180292817,0.3333842393551449,0.8663754843020041,-0.1664432192518316,1.1013068876911811,0.4278293849628616,-0.19934354009112185,0.5656451210657466,1.3640537004131201,2.2554218911906285,0.27348418419821857,2.2720691037271816,-0.8811718426798506,0.7817369425991012,-0.022467452608604385,1.2993261871602129,-0.17439397036420815,-0.970290284159795,0.3398764821461541,0.7593563013972487,-0.1948596373208616,0.8736027903829598,-0.8629410763384522,0.551978803434124,1.3157165684845529,-0.30313911014894424,0.2413180877099481,-1.1628057623691108,-0.30787308884793674,1.1710320911724448,0.4732179308091973,-0.5519463811138944,-0.511327148927224,-0.24283454137577276,0.3350375742056629,-1.0015027583429903,2.1154428448920735,-0.3774353227477814,0.2346603573222979,0.9933769905918972,0.8227997701341448,-0.8936417182606159,0.0,0
-0.4437065627207161,0.2006909492748904,0.6762246710643656,-0.09828067394375306,-0.29526139931779444,2.1852348014173515,-1.194955348206118,0.6256982657829956,0.8314628482649942,-2.05418641899214,0.7376914717910354,1.7989462067703232,-0.4233323633758004,1.1144346973518966,-1.8113358116876055,0.6904624773132584,0.4309289082941787,0.8949603977069693,-0.6987200761965799,2.082496548014961,0.8845581942680137,1.1141636990255868,-0.07642762652155764,0.4365523055857783,-0.14837338613198142,1.7729796395074395,0.03649496944150917,0.016449581387617117,-1.3132240953682284,0.6933408270905681,-1.5882705582793692,-0.06556605738640484,1.1180085257572316,-2.2102584140711956,0.6799535119494305,-0.9234273765232528,1.9895242574297032,1.272234134102734,1.1720676178201384,-1.0326943528271169,-0.727899161004334,-0.053751295435400775,-0.982650242818346,0.5500955055263539,-1.2319634044379548,-0.598875640694854,0.397237556486587,-0.1364305622517103,1.571877941770837,0.048154917871517086,1.0,0
-0.4987918554764193,2.115966302243275,0.8805592816860058,-0.03985821613758617,0.22443320157162405,1.6407354903673643,0.9709131663192276,-0.7904123891446262,1.4231188770128538,-0.8766919949491079,2.6353588043080234,1.5433215190070662,0.13858288679593686,-0.6499886121946794,-1.7500290774637968,-0.7233241048715267,0.4296880588571701,1.8365162150330223,1.5851506517697305,-1.3399793979025862,-1.3752704111572605,-1.382030410420366,0.965824832996082,-1.3679960831757023,-0.7033415830272046,0.41712158987131454,-0.5225665865341367,-1.6944882229271752,0.2153663184469242,2.1474642731321283,1.3733001548702188,0.4460874625806224,0.4498780728873872,1.4622169298890502,0.03568325969347303,0.3608478298860352,-0.9052199898658508,0.050894571239015085,-0.15373579333073967,-1.0049013378523273,0.9496008797600678,1.0426005765008663,-1.5049729596174934,-0.6145856446105786,-0.8244585876451624,-0.13905854535770867,-0.34620910344338524,0.9349052925068914,-0.2122008915427524,0.21640180831029926,0.0,1
-0.6517640919378579,0.5578913419138771,-1.0838372606643256,0.5942306931765003,-0.8340235532422559,1.6435362561901583,0.8722531004848245,-0.4649494326958852,0.3300763873547705,0.16271103580102989,-0.8194643121857673,1.3119701387128082,0.9395803400317524,-1.8934191402625558,1.7349498636860168,-0.6131185632237096,-1.1530146676659352,0.9901318783141482,-0.6105486099548231,0.9940232593042152,0.3998680036476106,-1.4721449269260083,0.15908398936840534,-1.3716883486913218,-0.010813912433415493,-0.4555497026837884,0.6890945129605631,1.7789145125101478,0.22225971903222694,0.5031446062849981,-0.9964056535969414,-0.6505333128272571,-1.0777066874430592,1.7679599132247543,0.17778961525198275,1.5362835471195269,3.4023844538185326,-1.946478334848209,-0.7923742290852439,1.0409582185244968,0.5377095718555719,-1.0302381206177509,-0.3187802693189161,-0.037701892112896485,0.6145966548052432,0.13186518279780865,-0.3295565213496491,-1.9527875733927265,0.7203284149246005,0.24664086690421885,0.0,0
0.8126945961509628,-1.3617530166057574,0.30721833450406805,1.0756638996397574,0.22307334560359046,1.1162356247623284,2.082271968991451,-0.6588250964152368,-0.08640047133274581,-0.6636387686433785,-2.2175103763611856,1.8660170680316408,-0.3920208310349577,0.3069390089855003,-0.18783585998175134,-0.9589336045215198,0.4467387516517197,-1.107208645802259,-0.3645323064289084,-0.29529410192288674,-0.5822634786270224,-1.3491975271346206,-0.22733533410876536,2.1463429073770635,0.13537899063291087,-0.7830269004484226,-0.5844752987776621,0.1958521933519266,-0.2955431409085246,-0.930997851479045,-2.056839528300321,0.7773574902703725,1.0029681350095143,-1.014226696496262,-0.25782486900908763,0.0037503733196802384,-0.64642056660982,-0.3587704746524269,-1.7606876410663634,1.6194444157921843,0.18148491786435447,-0.3965626799606058,0.7147820695305785,0.9070886677290672,-0.4106993134147129,-0.3133308217505635,1.1201016834879032,-0.4916956055075166,1.0666682494010382,0.2496085461714408,1.0,1
0.07713373076199227,0.5197124397889838,-0.3508806303703837,0.7359764567868583,-0.11575135707437463,1.7315240235476603,-0.4368926388267911,0.2246635667578014,-1.0000234667391992,-1.1594531299350228,-0.027981526687440486,0.5793806532886973,-0.202539666196816,-1.0104537387087196,0.14395779859743058,-0.08810417563935094,0.6455106784965895,-0.200167572724098,-1.0077722579941153,-0.8563626572095185,-0.7161853037838796,1.281219421791218,-0.654808576111981,-0.21427461662524494,0.7169006735542648,2.0965188829566457,0.9544492930449778,1.6863308749709274,-1.7361028259211757,0.2974607901488785,-0.45490338841766,1.2055615367749242,-1.6936904909855868,0.4894596617201777,-0.19074443317465425,-1.4762005028180225,0.20312552841353554,1.093321356650918,-0.8007380033665895,-0.6161668508814419,1.0610122963421675,-0.1124714969271775,0.0215299147507454,-1.8327186639642885,1.10233581166191,1.711863762076644,-1.6995420554532912,-1.4289568628057208,-0.019664412443052826,-0.1804227512525589,0.0,1
-0.8792745437615611,-1.8042653232976136,0.4074190323350578,0.5507207341657421,-0.43554425406507297,-0.6428309925112209,-1.9167745293385323,0.7803890651414152,0.4209506867905041,0.8225976299223487,-2.740488450163032,0.011619235857170557,0.7643812132680924,1.409853058214386,0.3852350612771035,0.8711019289358466,0.0032754728127802005,0.20724167003860552,0.3000644883585591,-2.748460661434992,-1.159431416048924,-1.7537433158161344,2.3905553713770176,-0.47942230221698606,-1.593506551950851,-0.15706658749601066,-0.3195022995063728,1.0017616787329455,0.31122231738099393,-0.2931194557931117,-0.32332613483311784,0.94591180237326,0.3855039077358521,1.4944315975625058,-0.4733594563549557,0.8448267949855692,0.1923845300738429,-2.1456030926093206,-0.8304885636366537,-1.0042172743544324,-0.0369199295232464,-0.6081917800839431,-2.1887682573258136,0.7134344348373709,-0.3828174189761837,0.5895306345567336,-0.983252051479764,0.5089494677417605,-1.9221639011596652,0.382143207325221,0.0,1
0.7396138768775791,0.058530764785375014,-0.24666520074992665,1.655748148691882,1.1880957371145058,-0.5639197944876285,0.0577269801295713,0.8753067113076666,-1.320329473655775,-1.348764070605068,-1.2753119975227871,-1.9276749011710632,-0.3603792246299632,-0.22362010945419644,-0.047636214437705215,1.0386656148756508,-0.9607655596398056,-0.9544827311524731,-0.3793165931445321,-1.236965928924331,-0.2524655564839288,1.0424242927998992,0.0574981309141535,-0.5556243085624765,0.058469513313407676,-0.8392008226507869,-0.2467756472924979,-0.5559593128549063,1.013006760290778,-1.8105389059305272,-0.10553574686279599,0.17348679001004266,-0.11627726071588135,-0.0247538935349631,-0.8835421187084196,0.9790211153992004,-0.5481800619006643,-0.7027182354923492,0.9805617113108792,-0.7734788484524052,0.4791987779540872,-0.7618509870231662,-0.8327989102861503,-0.7436357487252498,1.58256813349426,-1.948851557485592,1.818454474371309,1.5474935204605895,-0.4445079447780902,-0.11531901420558185,0.0,0
0.24266689474924266,-0.7444115814892691,-0.5631353720915231,-0.7480864873471934,-0.9488703476531752,-0.2785157430960252,-1.1198861304403558,-1.008527221408928,1.0923299264503017,0.3607238406826829,-2.156615237989429,0.020204004758966658,0.8568170115687014,-0.11521228290364323,-0.7931449528712465,-1.580872761259421,-1.3571922861186043,0.8223384909768501,-0.7374070323231042,0.5700042146909161,-0.8396488918132036,1.1109668325206477,1.5419662695282867,0.2799595321336605,0.4891834441488821,-0.1119748467934899,-0.04605902622943815,-0.5419280426360731,-0.40531399449695066,2.3925345135034513,1.6055220688715803,0.017337640594728025,-0.732081398009508,-1.650596630831524,-0.9553188169018821,-0.5863302129167749,0.6010104420040161,0.04822941544318817,1.6052510234184505,0.5476063036733606,-0.8149744126641825,-0.9408064389129198,0.27807193065919,-0.6518765651051182,1.8117410939344096,-1.3017738161174437,1.3159034781525243,0.23815402170898464,1.1461862673554497,-1.9545819466120782,0.0,1
-0.4487449386111545,-0.6989166455757018,-1.6325333964824829,-1.1645291505113533,-0.1367048027428187,-1.280523924999554,-0.2745926625164118,0.009683462217610057,0.96206293373769,-0.466499700584335,0.015163168517003556,-0.7266905924746148,1.7302293864158258,0.3894134049589421,0.0984529774091472,-1.0746640864782688,0.32673484800746555,-0.17943547061003193,1.1851164679973052,1.1591411315622628,0.7276102529944872,1.22428683886607,-0.046104225915178536,0.1968723028693232,0.28906058953878616,-2.3584857986418157,2.0925397671396624,0.28081098327991555,-1.2635111396049876,1.1810371935716255,-0.23487587740915114,-0.28552714983933264,-0.15637287298478034,0.42117860651904776,0.4567122528386813,0.2275248129035567,0.3898125151220142,1.9471488208842984,-2.3513610106079663,0.6226496876523441,2.172680973319895,1.2105547259073621,-0.16360304170084636,0.5715117631671399,1.8039357724729776,0.8393021435250005,0.11752954926967805,0.31096024779584874,0.4812599591004689,-0.34380852874922285,0.0,0
1.1457446856947682,0.5334630997235751,1.228335087514556,0.6623902838681639,0.9536550073067036,0.7599543981485054,-0.18896213797378167,0.18236781217546175,-0.545017641685609,0.4500356653534359,0.8338163518763229,-0.833370117038298,-0.3229447494662038,0.9063619470189518,-0.6324585997866651,1.6200989973087427,-1.876196024489168,-0.7061545019208242,0.16995513862191536,0.9229649931350692,-2.2873460781215047,-0.3299223289248787,0.6563711374001675,-1.5455064965080745,-1.509847153471016,0.14151560795108176,0.5017930410250577,-0.6392937459583802,-0.13910441845094346,-1.0025983875010245,1.5942670601536155,0.7139541376731102,0.6547093796240537,-1.0555122542194872,1.5672738428598694,-0.4599007368365922,-0.9847858942348012,0.1097681614598261,-1.600850947449295,0.5298460776473661,-1.8329988104593853,0.31738903952779585,0.00684651772578339,0.1971315543703326,1.379759744387112,-0.04697228869243071,-0.13279308067630913,-0.3806499608887277,-0.6234103768372681,1.0622426001037353,0.0,0
1.0494532765114155,0.5638564109603534,1.5632905015351857,2.2767024051290456,-1.4314069167515762,-0.7913538100491474,-0.07321185409623743,-1.2626813066884912,-1.2631244004973714,0.21474427617458253,-0.9701635193417932,0.6688549153641601,1.9910381258325336,-0.5103265153466146,0.2632408620078702,-1.6470120129669037,-0.3498936821759243,-0.21343014140531175,-1.0773790865902544,-1.8915054987546316,-2.2063493931977862,1.9494645196575149,0.2975940566263597,0.8272946777155354,1.4437266830152795,0.37893199795349397,-0.7518443250757827,-2.432932453957616,-0.4338230331448255,1.6362912978701458,-0.3975307188497667,-0.401032171205428,0.5583729337201548,1.293787013475049,1.0226252375721836,-0.14091234095619734,0.9510649836280968,-0.3991368216576816,0.43149681672776297,1.0705218745406044,-0.8278677550838424,-1.100515682580282,0.18541318165341453,-0.5012732671029461,-0.7266317838869388,-0.5054067777911646,1.6605102793897033,-0.6537952102030462,1.1569504913899629,-0.4280470588607828,0.0,1
0.9014426193180816,0.9365863320557792,-0.9399550427449812,0.2631102067311516,0.08167482098619556,-1.1839804029341732,-1.3746435408717048,1.0145426735069731,-0.4048801853549471,0.4369148400631385,0.8486851772963964,-0.287616640025886,-0.5128052237462173,0.21244339679985724,-0.5823110120357491,-1.2605892584362497,0.0668758860764969,-1.3443267575409512,0.1982444793957663,-0.12053876396649793,-1.0676278720910886,-1.3731858945678252,1.1012585789912634,0.5874008024838779,-0.031943031657874085,0.054416098415301525,0.8134791591846011,0.9133815873062237,-0.7558137988419555,-0.7059361342029418,-1.4182148999549145,1.6499065670428077,-0.35612109656721924,-0.5464815780553048,2.6110724460391204,-1.3891548958503084,0.4021787200264597,0.25626619748628715,-0.7675785560539233,-2.079603866189345,-0.9386483455118378,0.7019669539668439,0.5766978035869265,-2.5813433549892544,1.1124698736410132,0.8528193912146635,-0.6007710017446517,0.6818636064106693,1.0409788286576045,0.9055574844534248,0.0,1
-1.2590807302154872,0.2896667497741669,0.5577483348655725,0.43040552728705816,0.6117413550303114,-0.6041719225477327,-0.3906213410736206,1.2952508852750046,-0.9448928535859072,0.2458578437976761,-0.2160412194485023,1.4035352371437746,-0.7258071264408246,-0.7224828176610171,0.7790196051586418,0.2587270397656701,0.040620976797660815,0.4796557628319815,-1.649132502565554,1.6432347488530326,-1.3869658829007652,-0.7091746767993298,-1.0193801980429034,0.2682339465842761,-0.18886973341166,0.4862845170334995,0.7283068851191153,-0.7195092242665111,0.8521070150500257,1.2168484999464082,0.2690502032851401,0.6029529202495797,1.294921742220836,0.4109293236740553,-1.2585875391766848,0.8941264843221312,-1.114664669319243,-0.4643091626426109,0.8730182551834138,-1.4202645523085615,0.058242127220487286,-1.1764596647982952,-1.80627157460341,1.197688691526249,0.21974602581844332,-0.06263216832031915,0.3051922687209293,-0.08914324761020427,-1.2740114055920444,1.4273151389139667,0.0,1
-1.1519675429937215,1.0686913356693484,1.4398262666110493,-0.9745630950708568,-0.5718785888145465,0.07031162272539923,0.2400894216778233,-1.3032898018670835,-0.8684476929901974,-1.0738349355081012,0.351415014005533,2.584149291403023,0.8700933524303321,-1.6988746169572355,-0.13404471993946487,1.0783727867539958,-1.0556796036656242,-2.2363866131439147,1.1743515034631689,1.1417185617238106,-0.7779476962446458,0.526799884084552,1.9122921463771003,1.380299190033876,2.5232760933415683,-0.36735127565248293,2.418382207663881,-0.3563550500709169,0.2996361544777258,1.1461747365914534,-0.5096204567030538,0.4257337419451662,-0.4615820158418316,-0.12644568953817126,2.337688359481546,0.7975345738143336,-0.5748634771321737,1.0424349241366844,0.32651820462253306,1.72701062783793,0.7975497763312548,-0.4943981763322029,-0.22458887971647395,0.8015450405792659,-0.5034362253547401,0.4305694830127499,-1.2397453310464008,-1.3490142329807997,-0.3943126861612871,-1.3359094978276154,0.0,1
0.1566557805579523,1.2127170144942372,-2.3897618040568287,0.6410917026061446,1.8924242110448295,-0.2132437853589099,-1.591847070266559,0.6301556549938588,0.5788156830149894,-1.600555746269201,0.3956116612288,-1.0983253628718457,0.17988646485603255,-0.775386946573001,-1.426013608049205,-1.0493947471442222,0.3167744863746593,0.6184678303752117,0.9323089986840166,0.591348227585397,-1.6169230897279443,1.4735211985451822,-0.9406149421476148,-0.6817344093788211,0.25530737021232386,-1.435146203929097,0.07184615459032176,-1.2268043192387723,1.693061120577506,-0.6249324945725342,0.10589801273510437,-1.1103573095503239,0.3938478700207194,1.1699311399645345,0.23083274815071056,-0.9228210391099736,-0.23144220390539175,0.29641446891645645,1.0547053460008733,-2.353475987105857,1.5394004431769186,0.5560002041461547,-1.8364341918082367,-0.7865994090128884,0.5004810114567124,0.5408610801668189,-1.7609933614916107,-0.21266551547515505,1.006665601348543,0.11176896059336637,0.0,1
-1.716429797823666,-0.09396645474873568,1.0370501062988844,0.9802385284209996,-1.1977235319395805,-0.22158293994672054,0.6326487099544664,-1.487887010804665,1.4709731866998028,-1.4392218560285928,-0.7131046778216369,-0.020284941114147303,-0.2295125402865853,-0.0684965877745891,-1.6504818796468783,0.49739530669278004,0.9598603112626972,-0.044459199957937866,-1.2206597297062467,-0.6977376230876277,-0.4649465832129398,-0.3664229782467544,1.5121289867802068,-0.001970221859451214,-0.1351501037137171,-0.8561142510061527,1.7262204636359355,-1.2023689193850338,-2.6153424665679115,1.0406308919686458,-0.8416753967159191,0.044683988884987265,-0.8698659669366481,1.0065914636878708,0.4997056304706037,1.0451190676033932,0.7054662017121343,0.021317978134835533,-0.05464788034242759,-0.3861678364794437,-0.831322312423274,0.3999092924793554,-0.4311650442680589,-0.8079289994525893,-0.06476821828556216,0.5000302529705958,-0.6283988242967393,0.9738343365557852,-1.7393631971051768,-2.084466026225392,0.0,1
0.18601651661432853,-0.02695279673480304,-0.7075646615910188,0.5950707814686895,-1.3878980360376574,-0.6254554569211784,-0.6628741590642985,1.050025207312942,-1.8535536567749025,-1.233727753525974,1.884618349406155,-1.1117947360438547,-0.2694312149564099,2.6696862846878213,0.5796524890140268,-0.31173884957994674,-0.4873306783388036,-1.2602151414663227,0.973690553173119,1.2489103653318303,-0.3904028968369382,0.2032974256141792,0.7192711982357629,0.6379494766316667,-0.7223343883352852,1.0236074252680325,0.2661908703459089,-2.8006280525208807,0.918360603786974,-0.03027490387080262,1.2837272111280995,0.4129676932120053,0.41994633495787415,-0.17770618483359502,0.7754917501373234,0.08401362432234538,-0.09950419292990097,-0.7779234015253161,1.1482973148701712,0.4845051790990571,0.06427747849755168,0.1566221886628922,-0.30835393504359954,0.6100581695681907,0.08879536343728199,0.1020072966981559,0.08111175512724016,0.4883160026862283,-1.986030352776561,0.08298089445431832,0.0,0
-0.8808703296579213,-0.5514259314230245,0.9570423746415038,0.6799786500672692,0.9437410255127322,-0.8555281893266474,0.29142995211257644,-0.8746873281752136,0.8454881298320557,0.6853637161680858,0.8986836046077404,1.2382996949986278,0.14832946717636328,-0.812427346633568,-0.3215802003454744,1.8816096154733537,-0.5222663723280938,0.4477201595148481,0.7156562676296939,0.5024292687792611,0.3839008250907331,1.4307055973828682,0.05816123315197421,-0.1017450972538434,-0.3422742240783146,-0.4972366731914242,1.4183070060515752,1.8899433567879849,-0.27365655337558425,0.6471694517364077,-1.4780038332111332,-0.8195499854936017,-0.3257911531207713,0.8273933117832954,0.2905521212896166,-0.2695712095782168,0.7544847287341045,0.03244642022220103,1.1592707355354952,0.6850948968726299,-0.7349598381234325,0.5635871671623608,2.4779188962232124,-1.6324353813511208,-0.7282203928593765,-0.9325029264454612,-2.652315929178006,-0.4127046354976725,0.33982315206171193,1.9625554829785732,0.0,1
0.581219737494478,-0.3649665628417431,0.03761015189934714,1.1522165079744018,-1.0272453646016664,0.5308017205436655,0.6922008644444136,0.14974727965493964,-0.25438417940891594,0.7225171836661798,-0.2566452682538469,0.762354264258925,-1.3439963707865632,1.072915866512915,2.040982501919685,0.2370305727255572,0.6859160848475675,0.4077654401093071,1.8314874086157171,-0.950746906635234,0.7199468495292334,-1.7566635301777458,-1.8229535792347715,0.4918383383267377,-0.03412326798271308,-1.3613101731282682,-0.13968151063696266,-1.3714852661378345,0.3968376341649011,2.0094081929746768,-0.46338974332864596,-1.0257231570622365,0.0014800808456699925,-0.39124389057644937,1.110975342341242,-0.4495945933937939,-1.5814016978583898,-0.7045937850982704,0.13825377930227767,-0.2895588238001487,-0.7473523958928522,1.122410711798868,0.7646718710627565,0.08212960721438928,-0.04589851320363949,-0.014527533472467132,0.0625716854166117,0.3885761770760557,0.4528818734239666,-0.479981472952077,1.0,1
0.04349928527565855,-2.0089297717436607,-0.8953250612565443,1.8507776700654743,-1.0692117903402645,-1.0849013928018243,-1.5590391690259902,-0.2960554714742842,-0.9989991673959971,0.5042485216128113,-0.6450958141900672,1.1363458753891529,1.9810577434341583,0.4524435390666119,-0.6413192445218733,1.2836773611170076,0.7597774345709939,-1.6137053833095798,1.422228070486413,-0.2444569810807978,1.674366317123977,-0.9772121935465704,0.7517252484827369,-0.2544265930844576,-0.1917156184688996,-1.5209446832898013,0.8562539159625467,0.06598852248183877,1.6010187202359003,-0.21437832012973485,-1.7792404928706596,1.1730107259361089,0.8345094748177656,-1.5192783793379652,-0.3099927448242464,-2.030011473080912,0.5009602065814198,-2.1725020139876245,-1.2256046430426106,0.3693886118292068,-0.17218149554791634,0.8948854234603415,0.263657263754373,0.012111762320902641,0.5640138916154581,0.3899918422489616,-0.7888461112232371,0.9627504728339442,0.6739584646427783,0.8607289323382543,0.0,0
0.6676359312986473,0.32582724146195224,0.4650820996108507,-0.4093219808264405,-1.4579743026289227,0.058633702745999036,-1.1291913678702763,-0.7969293587841009,-0.32901277006244484,0.6297266632907943,0.5639420328604623,-0.13738308179030484,1.3008741522544078,-1.4025073767188374,0.1788998030097322,-1.2022448062206168,0.8809289230896091,1.6463812798174546,-2.8271000240637183,-0.6114643288320029,-0.4515865523271377,-0.334473140218366,-0.17171614744525462,0.1761289184565817,1.1550117112769396,-0.3095254567458278,-0.8802533322057641,-0.8579335024047864,-0.7969659281500737,0.4001851954211234,0.5184845823483983,-0.27704166833979504,-0.1742006628921359,0.20474533645575047,-0.2364240847658247,-0.21956437943649545,-0.6764117308632863,1.3439801456989209,0.5577279068885737,-2.6977231740141137,-0.3238341820957455,1.4866023220199374,-0.0009028437889787818,1.5498428441866618,-0.8775002035157473,0.3947909043460404,-0.09236331443803024,-0.6398533396395369,0.015949247396059633,0.4057720952906053,0.0,0
0.4816114222035653,-0.13668208915044494,-0.7182098039637006,-0.6196783715300137,2.4751787678218933,-0.4484195533761555,-0.9235425509685724,0.6773516941373825,0.1882047991502094,1.376922213945222,1.05980268153489,0.4487069371238273,-1.0031206516918971,1.4703458854884506,-2.157091840338377,-0.7710584366902461,-0.08859011516275826,1.4435997365907702,-0.10406515874173736,0.9769181268182892,-0.1534985444340109,-2.1341760177445583,0.2863443880944494,2.419542729142146,-0.20708720284792104,0.411497591318374,1.0142521275093277,-0.4165189292397719,0.2491496418155241,0.7096744772848895,-0.7766692092285621,-2.1943508083186454,-0.5858112027674666,-1.4344542685862736,-0.5527365642210406,-0.9613144049385836,-0.6672948945995556,1.0559725413723478,-1.4407516635861504,-0.5206172107503452,-0.4288579173381557,-0.4756792237205585,-0.5987554338639242,0.0027397055692850504,1.928056692570144,0.21576072972874769,-0.2002418095019209,1.5680911152268133,1.3364626325531737,-1.5590639994164357,0.0,1
-1.3357667858353055,0.525170492431871,-0.005339182241038937,-0.058604700715108975,-0.24749320671580466,0.2623785088242317,-0.4538545550978417,1.090611931150791,-0.4447501086528276,0.4062238489429411,0.7427670327746575,0.09400053165726864,0.2709575115336565,-0.7954372371388444,-0.3996434497771065,0.5989718306758609,-0.7234182156670942,2.357899117793594,-2.211540492438579,0.5907334850915579,0.2720222272244779,1.0240318105389614,2.592752854219956,0.2470321012995029,0.4335638112494157,0.4858927250173309,0.21206268525388866,-0.8203539844987289,-2.141513336545468,-0.7306918537896103,-0.3759724292960391,1.0152048229364499,-1.1671923924722345,0.8921419514826672,0.13904791406211026,0.10813032474424196,0.9793380270439423,0.5131839965566196,-0.6806642772753642,-1.1930625241807324,0.2393872981025351,0.9154652850381958,0.7899408975820058,-0.8266642661113129,0.006327134304536862,-1.7362227208221177,0.4907730437092453,0.04064753073922616,1.5375415300503643,0.673728903864629,1.0,1
0.4990526215577518,-0.01502838502292545,2.18448102565357,-1.891218107260646,0.2490252937526737,0.7578463120392464,1.623690870599913,0.6738444935189584,0.19123804508265196,1.978390174918384,0.8551634442793713,1.5055379061902117,0.5562151958419357,0.3698148813083126,-0.0705670898648052,0.052407509392647406,0.6254993950873656,0.4292444922256883,1.14642704453622,1.1705227105698872,0.6217716809986915,0.4285445802015378,0.5258153188801828,0.03530001908819777,-0.3732196430597871,-0.4716531024453101,4.035028904870507,-0.4878184350811324,1.260786247765564,-1.3182051727116864,-1.0021607310316685,0.6052014717936057,0.4007920156697552,-0.606469427938885,0.6539705599835567,-0.03446779407671716,-0.5784041093777303,-2.09372732554772,0.8125596116462631,1.1761054471854189,-0.14687255514396186,-0.5537264967419475,0.2931645604124972,-1.023900019654312,-0.28682468621574864,1.9560493931656184,-0.7308174350486846,-0.7102581067576075,0.3488060157261293,-0.3857984933414439,0.0,1
1.118657716555106,-0.178592283157246,-0.2603068223871962,-0.2561913284128152,0.5323099736718159,-0.83669693269314,-0.15528993812092465,0.5098970917671873,-0.7587528447338436,0.7230401669569292,-0.8592148880853457,-0.5592849978914634,-1.7942965466222465,-1.0850821072015704,-1.1244424555898462,-0.5875324348299678,-0.17094125067221294,0.4895459481703697,-0.043619399298973724,-0.7502198045503623,-0.5650104223015417,-0.8311149319841981,0.9744345348998238,-0.6356985925215637,0.21819289468953834,-1.0205415996527245,1.7551351839475575,-0.2448853599738089,-1.990176670832624,0.7297578948848764,-0.4968771979863426,0.17330581702634185,-0.5216642213974417,1.487978318392687,-0.2702969714451627,1.448367371960364,-1.7618098984100627,1.5608158712559759,1.1005715724759046,-0.4299508651149137,-1.0175160960302676,0.9641971882127044,0.1962939645344304,-1.6006035436708446,0.9693107645677884,1.4138352402702472,-0.28105408795121584,-2.7870327417820984,-0.9602627651090152,0.4224126838866552,0.0,0
-1.114767469426973,0.9169221721954736,-1.0476232374808157,0.6353082373007204,-0.8581670893833105,-0.2747444099310005,2.034472816738764,1.2515785428605652,0.6678397169124236,1.4247059791034409,0.9719812974775084,0.9110174146599788,0.8414154193925187,1.3466000444060218,-0.3388998646947973,0.17174199557351522,0.03206636628496051,-0.5477551930494747,0.7810564633921939,0.6013201313159608,-0.5139247213891863,0.05881866521705344,-0.5759128959869732,1.010512174474434,0.6673130705219185,-0.184997394895838,-2.332839186607266,-1.775127428497143,0.2540766045567995,1.6347055821758645,0.9938049699872183,0.7915268820798591,1.3091696494172265,0.7508703756332242,-0.034024974664524706,-0.01702012402986096,-0.8302334945587636,-0.6947213010207964,0.5938470290923702,-1.9730887546857807,0.4782169227083185,0.08216208492201504,-0.04556212455157865,0.6647477118874777,-0.32744567480823394,0.19969512117081428,0.918573712977712,2.515595207832249,-1.760060419542914,0.5635365609676737,0.0,1
-0.2878070484886238,0.2977927092789761,1.3815081223212533,0.15901136414518754,1.11960825883007,-1.0311821485767982,-0.7152936330412053,0.50007374894059,0.772045218003404,-1.3734764424636328,-1.1748497349924072,0.028620199311984913,-0.3084783374519621,-0.34197060601430945,-0.9076550382162778,1.4016487066242604,1.6789865794939909,-0.07694488231934192,-0.8145164687195859,0.12867324920341214,-1.1048688325355176,0.7247086935144543,-0.5542543983660185,-0.2896931707996224,1.0634429312566485,0.14723936009052974,-0.4150878010178241,0.08250668286457401,-0.20721465433008526,0.13037227206826996,0.2447240465724761,-1.8143542239811776,0.3810125603049886,0.061559406106304525,-0.5639714192421899,-0.8452730222622016,0.17869261546281562,-0.005042904917586524,-0.04570072079364628,0.5419756837492457,0.04356085569535016,-0.6409911282381862,-0.501092207524148,-1.7371509187084384,-0.2292130880793425,0.30767707763345065,1.0056312266884642,0.13660365177195766,0.5164121808679548,0.5697890733862137,0.0,1
-0.2923748018834332,0.2520957607658891,-0.6368485937426251,-0.22918991401584365,2.005320139565144,0.5303052408642458,1.1959741042055303,0.6711212641171335,1.3713734854427757,-0.3816640853445743,0.8284709723770641,0.6180309433756479,-0.01561191709803856,0.8042028908105557,2.2780209315662394,1.5254248678195077,0.2366073583019764,-1.6266594083944461,1.2343715166923603,0.479557710528051,1.115270204534416,0.923323995430494,1.2618500570819418,-0.0583019080428805,0.24600937003372306,-0.19790606159950055,0.9602639595743574,1.054643077560515,0.3910928224304699,1.6824859757290151,-2.553455559494468,0.4958652592263164,-0.4085879674115038,-1.3119981415572441,-0.4209829151426119,0.4462791916549291,0.3726041144982629,0.4674519355753327,0.4468852333965641,1.8976468153431316,0.04814385518626913,1.2008653247989178,-1.00306516849287,-0.7313158675042248,0.4770922628449562,1.8713956601282529,-1.7970554351302341,0.7665076131243315,-2.0289893051345893,-0.18943642094689006,0.0,0
-0.409209609021077,0.8155314931200799,0.6995125477529649,-0.4412604034770174,0.34383740270960045,1.8232028813304533,1.2903150436423432,-0.40715381661885497,0.16673816552032786,0.13889955897245046,-0.4740921888517013,1.3336923682339619,0.9921929427489836,1.2813412642767263,1.5448388927599943,0.645643015952041,0.8775467499406121,0.5122190763685627,1.136926934953312,1.234458310960737,0.8165855620575027,-1.2817678397407302,-0.4757043981096358,-0.9512240096858968,-0.5670729738868333,0.5377979478966364,-0.18315442135357016,0.1950118204220759,0.511289286831037,0.4586375007355744,-0.3597196938875119,1.7087125073744511,0.6213879813705511,-0.33700718912940003,1.2226771948307122,1.228921349419855,-0.4511699432465384,0.7539314341374777,-1.1200498363555569,-0.4902029007041521,0.32963877947779874,0.108430357518892,1.4215310814406392,0.30515026169386994,1.0971180783463064,-0.16954867831409828,-1.0822949459426692,-0.3908508584164384,-0.8765795226922897,-0.056118425508043385,0.0,0
-2.3949158280273863,-0.8742034652840258,0.6815565790696756,-0.8748646426737855,1.056692150856015,0.04337525037767944,0.09539712655798377,-0.5339420798214944,-0.6165564306951639,-0.9399164628352716,-0.6145469790154432,-0.14525412820236253,-0.1172905553643881,-1.5441145481936045,0.25632043016220546,0.2675031523437834,-0.22163289447729026,0.6748645978706203,-1.0495401024402171,1.62878443048978,-0.460244487664909,0.7332291024187125,-1.6492557699249164,-1.078105283628265,2.6958272855430456,-0.007766111193268392,-0.367183426447574,0.6091699483912253,-0.9884858426069888,2.4218271725395413,-0.2044366338944956,0.1690663198412834,-0.5320143080314647,-0.219210926641959,-1.431037585900068,0.690576738431294,-0.04962244998571953,0.5408722169773178,1.4577849803514404,-1.1964162465326336,0.8743093175266727,-0.6819005314913373,0.8049797634078222,0.5584366391247816,-0.00907964261081858,1.0328378176342543,0.32094472231674137,-0.6872678420908873,-1.3724091538692114,1.4047671196178204,0.0,1
-1.9847656842880923,0.5758710576393591,1.0075626133704851,0.5722161107061282,2.9135226718308376,0.1002860656264671,-0.28893754895810664,0.1043453247602608,-2.089693005418685,0.5129534373110781,-0.6522043816060981,-1.9154105152602812,0.6270412816687749,-0.3144162601467478,-0.004574037715928846,-0.5400108728243541,-0.2041197482245763,1.50311664774474,0.4847060212334893,-0.8794489880822758,1.1616162690154104,-0.3988326186817727,-1.6492884989563914,0.2816148471846439,-0.5440329134199041,-0.4642237973097478,-0.04133918656400583,0.05935706524280757,-0.14734594025826467,-0.5726446392374754,-0.5099012339192107,-0.9200408075693444,-0.3421913620841872,-0.2412559918952711,0.10802360851536752,0.05568013541390274,-0.2991759391228142,-0.01137834005777173,-0.002617739660885549,0.4179784879592423,1.5332510214043256,0.39491407074838303,2.403855801188337,0.09450362015134396,0.7071693215690049,0.4640675321153828,0.9017628265009529,-1.8801772749159704,-0.9776688950246636,0.8209573354518764,0.0,0
1.278571444218791,-0.012800116483477595,-0.5859467763962335,2.2880807814250157,1.0176549559721704,1.321594662716513,-0.8363126411673083,-0.33140672370642016,0.02360288252528003,-1.1717929007880472,0.3567109173972807,-2.07605018379334,-0.5245825659955441,0.2165514389599993,-0.014213582072493526,0.07552780912082079,0.5856650624252598,-1.7894996366442295,0.3171408145635283,-0.2691911113467049,-0.1568009583488357,-1.263739932809109,1.4339917707526917,-1.049817146841976,0.2856311666911138,0.8134013003315324,1.8667422038364947,-1.0096102898227377,0.5015175314912912,0.14992252404141038,-0.8861325010603014,-0.13712587133570994,-0.7473771109260332,-0.12312606103190392,-0.06409163913693798,0.6211165770127604,-0.6965836547329605,0.11795182020859325,1.5157646802831841,-0.3984292033418184,0.2938556673821077,-0.8153333886493908,-0.455141394660116,-0.21453461225250212,-0.2348176374880836,-0.003095552263339779,-0.021563984809832147,-0.5317348321882311,-0.3221616271430608,0.07685576368594751,0.0,1
-1.2521157685365292,0.8912560183020496,-0.8372669193537671,0.06960078103415644,0.5333810924004342,-0.4433299612591188,0.649545399187193,0.25576566480707474,1.4381620829964394,-0.1660516516027264,-1.4875383087026024,-1.4190285571167962,-0.026968386761098702,-1.440525755935151,0.34610930949831714,0.7539413238114943,0.1266456649372825,0.5588337270119169,-0.15732891886199302,-1.2409053689777558,-0.3825574897914293,0.15698545795241592,-0.27977557152793364,-0.23157833471190556,-0.6606610646540465,-0.8573511134396924,0.3899229034033121,-0.07505554431494622,0.6636502790650506,-0.6848657152464629,0.9629192920256848,-0.6827605220002755,0.4430811065014226,0.08053139927625709,-2.0777086064948063,0.7243962308538647,-0.3016128949788458,-0.1629653298128034,0.9427359683375912,-0.2485071632180638,-0.1736149337639508,-0.6291732138033601,0.42479853953266977,1.315245672032499,-0.22564327638258494,0.2487875540488682,-0.454049045342852,0.6333871109351653,-0.6295711958107104,-1.073244585208266,0.0,1
-0.24290140855137884,-1.4258097786052029,-1.242170247577273,-0.1120087425911027,-0.5989298218793799,-0.4572075253107506,-2.2833865601177905,0.9741455902490428,1.0281618929750365,-0.4918413628595538,-1.0313989986606598,0.6037430963655244,-2.6991566969181977,0.5610975785359559,0.7392576915304705,-1.322842752809101,0.5815556482256794,0.6380945408570429,-0.2709839031797709,-1.166596289743991,0.6440288817576442,-0.17329328569952446,-0.18773557530265186,0.495210574630579,-0.7380590541366273,0.18210689550102072,1.6299065560392232,-1.1030987202303824,1.4728449664188892,-0.5771980232055842,-0.39308237817813396,0.061611594332799564,-1.1162812566457452,-0.12718177723280025,-0.1377549273109741,-1.5700453254535949,0.030236118977910387,0.3716521749223782,0.5430956441148304,-0.7359756699595772,1.4024782876676607,-0.8913729166044891,-0.2968266275897681,0.965022357257544,1.5274477149561536,-0.08753618360400799,0.9470278163814014,0.9070376452381188,1.0375704227745088,0.9746352993795014,0.0,0
-0.14092711418577394,-0.6356690663481622,0.802699268656415,1.5290444709452986,0.7604400048290285,-0.27777516852385925,1.128025769596898,1.2337063434563087,-0.8860744014822736,0.08225774828067517,0.8212783328164829,-0.02675887567632458,0.09103292483287287,-1.6460544786807378,-2.0574510907503094,-0.7399421383832729,-0.6069280921030034,0.620604739265939,0.0753683055827999,0.7918907265918037,1.879724971870093,1.3433804162587948,-1.4092468037164845,-0.4635320912727393,-0.470124434870575,-0.16320891385637395,-0.3741067157183638,-0.6817927611011433,-1.0997520982354887,0.6606994439484266,0.9010164248137492,-1.5273824557103126,0.8264753835309223,0.2021102301243092,1.3823432966850526,-0.5374989218999505,0.2349326469813048,-0.1812714848111724,1.410036615949222,-0.9648231041354218,0.9565701143799059,-0.6828492299440871,0.05969059687555343,0.515331816488305,-0.14478465498747686,0.20826209022680026,-1.0137197452286566,0.35640836931255065,1.0066942139481383,0.42277774131134455,0.0,0
-2.896532246823877,0.6169951196443112,1.080544695509526,0.3118282266269349,1.17076427006647,-2.09012722667046,-2.4384765824704626,1.452193937458118,-1.7547326766024078,0.095703319625565,0.4319078526355011,0.6168303644903876,0.945899289240324,1.1603794580724318,-0.18438826760944996,-1.2934480527724794,-1.2136518348854426,-0.11398568202144364,-0.3392931293025685,-0.2184040336585065,-1.7854220594375634,1.0005541013945864,-0.2443339076367542,-0.3621356369616317,-0.6255698230267994,-1.8574276143065291,-0.26147038351595364,1.5659777651712252,-1.2316011083987015,-1.5602059266878874,-1.8243548832274843,-0.470877805874326,-1.687037388932471,-0.8939901688177748,-0.478135439537753,1.3570698002838488,0.3327086278010429,-1.4436191404233003,0.6839309739569936,0.5586507309924418,1.0588464138536569,-0.7526264199582025,-2.468335240836017,-1.3966448750244085,-0.39140435608272334,-0.4167070685027256,-0.3263081675732152,-0.6338738027411159,-0.6713895417594699,0.08259764370651762,0.0,1
0.7869400378542003,-0.5863839837720456,-0.1727025364374379,-0.07002168379378879,1.5663254071870707,0.6408807752089499,0.5612677246081978,0.6307167278682007,-1.5908805911609305,0.9543356341407092,0.30683886084660306,-0.6818503378145279,0.34227730769069353,0.6998019947161737,0.2866770289429291,0.19569255101419603,-0.12255907155509252,-1.6285690797745476,-0.7773305902456601,0.6954837282851568,1.236202789309869,-0.3635820738260209,1.245464401408365,-1.117190578060133,-0.3623723052029137,-0.40857709491691097,1.2593620931155405,0.1513911566069565,-0.2934592089739617,-1.2821330073398556,-0.2661714423297773,1.0631167375957011,-0.1998262073960544,-0.2195645578357076,1.3570070094743731,-0.8101040607158893,-1.1945914008708574,-0.4797325539376194,2.0298041932069637,0.9504214825840296,0.2533676402762449,0.8422269796922782,-0.5007483614039191,-0.05027577991125117,0.8546168877358287,0.1593800115543431,0.06366150904444799,-0.13336564218633934,1.1230915162534314,0.5409173530283281,0.0,0
-0.07506032433178791,-1.8725337310556307,0.5654105043533126,0.34723116141514776,-0.3298476421414808,-1.6130873654997615,0.1696306328966493,0.7545114643237986,0.5896387517549968,-0.55420240918861,0.5245100990899129,1.4060043278314327,0.8391081125569608,1.0286406127425658,-0.2290207222715255,1.0560343544023287,-0.5174221104789639,-0.2784248274764791,-0.1041837064993054,1.9722598824537905,-0.8292880661610432,-0.595110849973475,1.5354172116364948,-0.028974592467232375,0.5677228150819608,-0.14679181217416482,0.09217109310828442,-1.2250164586644663,-0.8149747617459839,-0.5851350861418787,0.6822643509112415,-0.42647157768305977,0.5785798288236818,0.1656082733424932,0.7449400519722471,0.2749715990576951,1.0861782651771543,-0.994991346308561,0.21770357036698806,-0.28661148524908875,-0.007609780627565936,2.015684262373392,-2.133441307008006,-1.5882916566870025,0.19315450138320675,0.8377380190490781,-0.5524274227054153,-0.8650429417506353,0.9421188407541607,2.8465598477619607,0.0,0
0.19959073975099065,-1.2411829643835894,-0.05155528078681745,-0.497994750867956,-0.8904901881013191,0.05279215697577818,1.210711327011921,1.123676213528299,0.882115076798069,0.8718359858827743,-0.9344053537784196,-0.2364423305838372,1.5800584003164273,0.8722022896273921,1.3733548622985459,0.428709599475428,-0.9169891671646432,1.4924444702675448,0.18403639341254635,-0.2553268631565081,-0.3331435576152973,0.6198290569090449,-1.704977574894854,0.4791689819261258,0.006307042534428057,-0.9496886431871288,-0.42238509893370974,-0.3808504998355925,0.43664500498199893,-0.5159314123142326,0.5669439351781018,-1.4608945041340895,-1.1585537503911267,-0.17590896214918653,1.4748024654716776,-0.7556635854148253,1.0433459858195722,-0.5142108592026507,-0.06362266914549451,2.220877068094122,1.0948130948006791,-0.019033300815770652,-0.07288160077245752,-0.3062588004737952,-0.7488473256398983,-0.5978846867511168,0.4727790876568122,2.0113573846906982,-0.9007992819179728,3.1310360699844644,0.0,1
-0.3860450457449636,0.30466189971004515,-0.10635353588342572,-1.3424419121148972,-1.4976781499400489,0.28144405592920324,0.2378875056455056,1.2822234442478615,0.1857985166943439,0.6898962431136649,0.9253496273737228,0.28485373821783777,-0.7877719735302677,-1.3146420543873538,1.9616750035594104,-2.0216848492773,0.04076042177907782,1.6039700847413405,-0.6640735007629525,1.2265879902312364,-2.241102160349183,0.9599234882387616,-0.6340964673283267,-0.490822312995313,-1.326315239551619,0.158033708706248,0.31478193772504165,-0.24118326581120475,1.4237415660649395,1.8523743987346581,0.8893946518969871,0.887278592816314,0.002188639001109305,-0.8457264404384912,0.020853041353724684,-1.534554230149914,0.19049373849551607,-1.1215457799577593,-0.2163740370553876,0.8560676303369786,0.5284989272166396,-0.24242489051549815,1.612088331498556,-0.04679353372960165,0.6139469918909081,0.4575635060330921,-0.6745761887110071,0.8017762749074642,1.3856126037436016,0.15565608914717494,0.0,0
-0.9783705496593066,1.5938769926505558,-0.3248351698664281,0.4429869759807647,-1.3395750188461992,-0.5497441162871312,-1.8816448149343927,-2.2338254311461725,-0.7552188467512445,0.3937574847343165,0.4705475452525893,-0.3525790673938062,0.6196633342372023,0.637294479048975,1.7488675800938394,0.08463617109427192,0.1732483786688548,-0.22466067742214332,-0.34397482619965225,0.3335618726830778,-0.8614828363218078,0.6724510543748871,-0.31164302760679435,-1.24118276665758,-1.2984238927299276,-0.11091476240305106,0.020102508652408514,0.2904766085113833,-0.9355610812153624,0.03541813761144575,-1.1798594521131036,-1.9977023034746333,1.5561402643720872,-0.5216269372501123,-1.1061657807357217,0.5623001168699527,1.308874427724656,-0.5670735357621888,-1.4842702791310738,0.1499224975065362,-0.8731317393325353,-0.8891676924939886,-0.7766244923232051,-0.1927759649482018,0.9145955204251299,-0.6064027013208355,-1.0031145750672108,1.049026658050128,-0.8014056536663045,-0.35489497447643586,0.0,0
-0.6990137897316426,0.12899542698044986,-0.07724747754819139,0.8502581058163182,-0.259122712378075,0.5335814651898673,-1.3768386238400658,0.9473416438542692,-0.4076209048621373,-0.006894206324811145,0.7904650828134484,-0.1236555787967322,0.10517185581673856,1.0025199539082097,1.8679923744478968,-0.9957898832064216,0.9809224073766522,-0.9407031131265396,-1.2076681927824535,0.2026713920883243,0.4046132341057928,-0.5817540892060021,-0.6036855082905764,-0.8681101452492527,-0.718074769272184,-2.2533753718220044,-2.354461523597679,0.005215857597101859,0.17765412691297724,0.040912777458989455,-1.0084909001782625,0.8089014478265025,1.8255411902117784,0.08815650310385988,-0.6530885744812749,0.7082325388302217,1.4787939997748372,0.4557465910862064,-1.8143853172348168,0.7855713697489467,-0.503102864531979,0.4601146073492876,0.5480071848651922,1.0942908954646922,1.5999750829172057,0.7797121041722588,-0.22830127517279655,-0.5350735113761331,-0.09731401497216363,-0.6712158440605074,0.0,0
-0.8371308664186606,1.5096863198127488,0.9016249472837332,-1.0406027341570163,-0.7407349141739041,0.540476724037817,1.1233769295673373,0.8083512781330717,-0.16695389313430364,0.4457615907659796,-0.6084586827020833,-1.360819276652763,-0.7333221735028258,-0.22649437592846364,0.5411695004222643,1.0301615185609547,0.2440625057865235,1.6289041017300558,0.15396091618173932,-0.2744648042962918,-1.052251586997477,0.7095727604282721,0.6300267848414897,0.6808700703938189,-0.3533595325546002,0.8648584202808244,1.8483872053313257,0.9804605607827708,1.6735548702216982,-0.7904504994794878,-0.939450631121545,0.7610673121803817,1.0793188545378094,0.580334595999021,-0.8191664325164818,1.215155987689175,0.7543491429017568,1.2844065797542197,0.7245859447978246,-0.12639007221733034,1.3457425906525466,0.5515358349367404,1.1289178244136104,-0.05894353958824334,-0.13497987998084915,-1.125581938097961,0.8558998678195003,-1.1725772172206634,0.4308801556644336,1.0836575981527266,0.0,0
0.9339854421550968,-0.4973482050674339,-2.060920404684186,-0.5685616941381771,0.5233682128639862,0.06953158069264298,0.09195064521829098,1.3099824030966591,1.3420690336631838,0.31885121052934284,-0.4165724720396736,0.4194008598745053,1.4497634426935837,-1.3470802455541977,1.5058649484125115,-0.5391895379469694,-0.8952956707743245,2.4367740088651435,1.9532262793904385,0.013402208233730973,1.0011784152109742,-0.18475548153114524,0.6770717501686203,0.4273893835762258,0.2697316918914544,-0.2157582905807976,1.2121832774728647,0.32994682580452045,-1.2386936767707228,0.4300443192073235,1.8888927939483344,0.239787390451256,0.1351665559005322,-0.9890537060718272,-0.6137122083474427,-1.4829392330249644,0.8956188624604916,-0.4826787202652775,-0.8965274969478546,0.985588688988566,-1.082159464378779,-0.06647924320456074,1.1969284753766238,0.5690508719008353,-0.3336271115819599,0.023158930226616543,-1.60965581322504,1.5593076047639898,0.7155650946362309,-0.8759423837849059,0.0,1
-1.4199987361392394,-0.3945521106271685,1.3587346778352605,-0.022808504725474497,2.2189364851725184,0.5706750372126679,1.0371868887079876,-0.3001740998900273,-0.6878137119483141,-1.4045389502585506,-1.0144244081847822,0.40102276946268,-0.24718310064823198,2.2117868564384424,-1.0667616634402548,0.8175476865456772,0.016332695425225613,-0.3722390188395459,-0.9214861978404124,-0.3293677925129034,-0.4355990872609557,2.071737813242923,0.9058920648908638,-1.0102742168140408,1.2696415988856566,0.9156499620520556,-0.7647365303773369,-1.407185770669446,1.189971458271684,-0.5247684060390577,-1.517949689490785,-0.4934705265822932,0.5176767335995969,0.8823203462008421,0.1709177696677648,0.8522395513504512,0.05263961723132909,-0.18582596471476995,0.10944756692389596,-0.4439737720101297,-0.004283761924039665,0.17661236087288254,0.2837679220501094,0.05731963943800545,-0.8789815106928776,-0.9291661341360506,0.17282761892401655,-0.32278138220710234,0.4007219309128379,0.43392558818753135,0.0,1
-0.007288595375761442,0.28927128739916586,0.09300192074842403,1.1316976807917387,0.059273744101511,1.1718317998355294,-0.06531792522644829,0.4255069444595429,0.7283566681899563,-0.2273944524522415,0.08016100211459702,0.22390666805465428,1.2799712204348903,0.09895616104539373,-0.032000078510441364,-0.17505581968375047,0.3649464793445612,-0.9535700836413924,0.8800095149919231,-0.0866239628155935,-0.4617227596260311,1.8324278836710963,0.8922215546549253,-0.5664337783900076,0.469807591437324,-0.5328941746383845,0.5755913097341407,0.5080202591365662,-0.8866635678038113,1.7821509294170543,1.0409715985929795,0.3460513825043319,-0.4903857025694897,0.4686916174304948,-2.0729031407456886,-0.5045822342839525,-0.3691327495657256,-0.06389030513368324,-0.7695068903070991,0.7258426581718107,-0.837668101330419,0.08954982960850275,0.5101855122569077,-0.9231746116961824,-0.2326921001272011,1.9873523725976512,-0.7158940346870566,0.4275793396605233,0.558757043034796,-0.2286167235260507,0.0,1
-1.5442582317743319,1.2907472214894526,-0.7902704930437777,-2.6283750717055203,-1.7709039663634358,-0.09957447731302978,-0.055868371552872095,-0.06039337778190984,-0.5075996785331188,0.22481025237474675,-2.6893714039641345,-1.0811948941411764,-0.03490520903313886,-1.74239817340096,-0.05239860605256918,-1.8340758786035647,0.4048644667739661,0.05907114474512028,2.1410790675031253,1.066122419979904,1.432785583922241,-0.7025426850999106,-1.3860298972099483,-0.05030865371390778,-1.0314929694373514,0.6075307643137875,-0.7274085214734883,1.1924657429770302,2.1163969183660294,1.5992858127767666,-0.6205904554139391,-0.5114532166177154,1.030925311613687,-2.436173151112957,1.0624672427463917,-1.1801060185850458,-0.017532021758438116,1.6427701958116137,0.7548594245428468,-1.102153046389269,-0.18227099487435888,-0.5191920648772563,0.8050254850936854,0.26881883926368205,-0.06699462357568098,-0.406704289788386,0.874202659586687,0.31917878206309724,0.3652317271420594,-0.50546300850988,0.0,1
-0.4866883562299936,1.0494283437536058,0.4845467005635054,-0.1760596347507255,0.6271355415863309,-0.2017498110820473,1.4087141181484355,0.12657318080865934,1.990327446890646,0.5235310869321761,0.26709939226183577,1.1953605069939903,-0.022308323601394054,-1.8665198633253632,0.7826595333568018,0.08164636505821625,-1.0433738578327192,-1.1857986206756483,-0.3995877529320416,-0.33919838273250297,-0.913065825175371,-0.5162868358355285,-0.9092207277980624,-0.0090483669295313,0.06055899695915015,0.15881240209797884,1.9033052895110916,0.535049857594736,-0.9336743019603982,2.6319083923082998,1.9532657491867595,0.3959222294235067,-0.4106041767190907,-0.7355361437798298,0.33836213783983565,0.2630542473592465,1.7088178907218337,0.0988286813323047,-1.131465682667319,-1.0288021693140676,1.3916820241679189,-0.3421286253993672,-0.0236050577340279,1.2196878360131116,-2.1476435763881314,1.9783749400447956,0.1413028571456003,-0.22315748009902725,0.11960832072146782,-0.8973692684341906,0.0,1
-0.9593174379773032,1.0311337789221393,-1.3389007832615347,0.19168271120512093,1.969409240442338,-0.16152126554972887,1.2180334830270985,-0.09073418603085008,-0.6708921929181358,-0.1139882490413658,-0.5616616326419192,-0.518402421816034,-0.25600021636004633,0.04588103702747745,2.228738324006354,0.6073728250267029,-0.09704437745059173,0.5266020474886559,-2.074768868586979,0.10937734211046664,0.8423046210209505,-1.5776099394029337,-0.0370503814239472,-0.729879745274055,0.5903944864296433,0.8839232096412166,1.3032950457003596,0.9427053553690316,-1.259304682947832,-0.7252485187354185,0.07528560569477244,-0.08920923686286844,-0.7959500467739179,-2.3128701290901112,-0.25625786546232737,-1.018036856687092,-0.994147685068372,-0.9167950757242108,1.8437370338936618,-0.706363736611359,-0.17860502587115312,-1.3766842972373186,-0.5718396710655155,0.8375361301712795,0.6321990763832629,-0.6950363353978879,-0.7169776263900037,-1.7843806922581802,0.2496802146690061,-0.6459170407405562,0.0,0
-0.4319418942332024,1.2442957530158083,-0.7940093544014465,-1.5522048314527408,-1.0216703347135423,1.1268063325085518,-0.6529610032205143,0.02983622216982232,0.06821613328392659,0.8354209736234801,0.12006349172059645,0.6567218088169449,-3.3005512498683576,-0.7009487603371984,-0.6351273372016595,0.5255905924012366,-1.4996363971137516,-0.30202937113470524,-0.9575627661019602,-0.6852504103583068,0.03660489188748013,1.2234098057193796,-0.23290472511240198,-0.2156865724300889,1.057590163403608,0.12396117105517496,0.5739769411549406,-0.7844749798265721,0.6460992307929299,0.7934709986878198,-0.7194444209160124,-0.09117124705749434,-0.6803887831547302,-0.2237896366734656,0.44443832904458097,-0.6610753490119304,1.038516349876234,1.0250319230584162,0.8712378684026219,-0.6060688520913247,-1.3263753426410605,1.2389266394738088,0.6338136456761331,-0.3777683618777232,0.3811240421210557,0.5864946307540534,1.4112135751688315,-0.97993188942277,-0.7316627470698776,0.21523576825781066,0.0,1
-1.0498621068238942,-0.2244126627472071,0.6330907243967551,-0.2413443504150241,0.972941010458016,1.0994639605780936,-0.3158503804703334,0.048930871024522836,-0.3783968158953092,0.6535882365939657,-0.489504433003239,0.7097678527916083,0.02558563329128374,-0.1877462142046991,1.5724551883032822,-2.6001575677410003,-0.4418958700493588,0.10184159214511324,0.9106124691814714,-0.4341864660551428,0.8239358399338931,-1.4110002375025656,1.1813876482869228,0.14899877603790807,0.7917494310677827,-0.5885566278241022,-1.0050562454133474,0.4266781637395664,-1.3726404125032583,0.34690885341062466,-2.1729362685615987,0.10580625479319887,0.14782697368602254,-1.0037464695967622,0.5187743133016213,-0.8314372513440439,0.04655732919324011,0.8921448679757121,1.5307257567391912,1.3745264238056516,0.4948234090236365,-2.36691605701697,0.1923868567996221,0.1793810897625627,-0.17740685782338472,-0.7055706095016542,-0.1703248412548205,-0.5979168170420369,-0.17916288027760766,-0.4162569383679988,0.0,1
-0.14214721208674194,1.4909060740526048,0.3947368023759618,1.5178732124198808,-0.3825447527426793,-0.06415303122952078,-0.3080995162748771,-0.10251818668882767,-0.15502104470655706,-0.2174805613087057,0.7086465404328219,0.7939805184261169,1.2575616655843451,-0.5152241135231396,0.3240102572940663,-1.1406273310813857,0.9674514918440072,1.0649563418266086,-0.5556354970221709,-0.5120948804734904,-0.3353538026796752,0.20509199313736973,3.000857176136165,0.5059676827706634,0.2929883592151757,1.266034157213789,-0.9845534683182029,-1.3224784316160043,0.9669903540406638,0.4823732874565768,-0.9078633858864886,-0.5181866860530503,0.4424254141397754,-1.4833757917666923,0.7815237929073175,0.2612025472354873,0.8430419541040991,-1.1262991554235406,-1.2711336022937398,-2.031423353935987,0.7074709800769984,0.31273139349296497,-0.6915851392070417,-0.03566637915658346,1.7120420508669831,-1.8144107822810651,0.03415824173289222,-1.877371770736655,-0.03642109862033261,1.13401415756436,0.0,1
-0.058187579682415315,-1.5917054424997803,0.2734448299439104,-0.2813603495861637,-1.489769130666564,-0.6700422798340678,0.28637982045404403,-0.8753685391202304,-1.2752512334037844,0.1664342756075822,0.8476021854058908,-0.3233635854770292,0.4767681553054099,-0.8915187875204049,-1.8447770016189728,-0.9602521366174616,-0.09920370351540916,0.054126454259631716,1.0290654595059598,1.9519199019167863,1.1186884003943536,-0.8113363662874786,0.3996223741730297,-0.6646067978069815,-0.43883452235991255,1.0887846323668264,0.3466561248257967,-0.0668843792100593,-0.2891528437430259,0.6935715093081425,-0.43211849895197263,-0.09300248457583536,-1.1574235419160794,-0.6413632853673084,-0.7358376751027301,-3.291584803006508,-0.4841230085351217,-1.4545226211541786,1.5069934519161443,-0.6655063730884528,0.8292678430284265,0.9856169261516178,-1.548725552066936,-1.045098335267895,0.672355783828042,0.7228761326948682,-1.3005170049581125,-0.6910817884349874,0.660506076789098,-0.4163611813965316,0.0,0
2.344198740830126,0.4587140769470133,-2.76633448600408,0.205854379037,1.17136415193063,-1.175699894414186,-0.1283041186746317,-0.024339442224466427,0.2876466179122786,1.6356914987736704,0.11494969421517078,0.1766758962916238,-0.27133817575397245,-0.7483321216359717,-0.8120467281548392,0.7597768890690438,1.0261454244876846,-0.330697759927302,-1.61040677325884,-1.3791231563208974,0.914781161529266,-0.4622505566361702,-0.3296288247908569,-1.3267881597955993,-0.4046738311517917,-0.7629311908032939,0.3591954560449924,-1.5929111185524762,0.6182936084313935,0.6846649466669441,0.21337260248195788,2.302177193827913,0.1491822335641173,-0.0362937780788009,0.1975485484737393,0.5267561180871134,-1.869618820610852,0.4699358607570576,-0.3869016426915137,1.5745205776016526,0.40631504967502813,-0.36899844481962857,-1.39759693388577,0.8875929864527539,-1.2425771255349518,1.2672885743851492,-0.04762832733987017,0.11810662916255035,-1.0249369475532506,-1.4441408082322296,0.0,1
0.0325248403071897,-1.1506959402050585,-2.3578172670235364,-0.02435691684505303,1.480522458662879,-0.41434281087995456,-0.8622436537704664,-0.5368725930933069,0.20048838820283046,-1.1004250183559308,0.4676862383091425,-0.5831326170404292,0.4449298121674113,0.7697591943039176,-0.4928377061999277,-0.06603748754715971,1.0571551251086746,-0.006622891858817068,-0.9639343159814788,-0.08494846845468151,0.31193314513373777,1.5320781282016982,-1.7389541252923562,-1.168929354181614,0.5098226531613778,-0.5081515702324321,-0.50336373025875,-0.23396338355225366,2.120650867540196,-0.042143080610698304,-1.254517216956802,-0.8751354005030539,-0.21800584179249344,1.0315945443421035,-0.5978227165236,1.1497800432125471,1.4686756393229117,-0.7794670830570972,1.2553666991178514,0.2993555947774463,-0.523530816049287,-0.2566254493892665,-0.005409918006152356,-0.9735753100397672,0.20294653597363047,-0.2951190427478585,1.4768835845853567,-0.10090153704798356,2.342663581037783,0.16580387538123226,0.0,1
0.023759304557203854,0.8062057402588356,1.1589979814130351,-0.8011856325242429,0.2574404384011543,-0.4541810122686026,-1.190087697198153,0.15038648567397828,-0.09152152231726347,-2.9302361598240227,-0.05584741076996005,0.541509036643123,0.61539870098019,-0.1875318152443524,0.3616023226969383,0.6989490924013785,0.03133063452862616,-0.2735147976858037,0.983980389139418,-0.6169709615989593,1.0434981629513178,0.8603505022036034,-1.3793985815933645,-0.6851926586624566,-0.9875578976138596,-0.6686794968506934,1.7979820067367287,1.9375716824718558,-0.2811946083556984,-1.1541742672787558,0.4684184158734962,-0.1752864202882993,0.7977976274534139,-1.0861585988665512,-0.5805054762920736,-1.2806857083663221,0.11629776107543395,-0.5953421523499866,0.20029813759006676,-1.4888049988524383,0.9805881371125094,-0.3945123947502471,-0.5185766245761867,0.7609977439773502,0.40167299498548587,-0.14509287666424026,0.7624581619198362,-1.3319300518318986,0.5793280312825783,0.2736083501666541,0.0,1
-1.3890569566439719,-0.6890798438442821,0.2443691348109089,1.6708720004584925,-0.18793437188011072,0.9938783175186208,-0.08419067623737063,-0.4213224514940681,-0.23930951905084866,0.19584252485183307,1.3858365257722751,0.5035290677266551,-0.16262976258900982,-1.4927740088544992,-1.8508331879711524,-0.6277268648750324,-1.5219412055785058,0.6880933276633129,0.7928549885968211,-0.6416791110917358,1.4618245143457689,-1.4371528240967353,-0.9454799248835868,-0.09122343063960764,0.12128953621865585,-1.3454696720661623,0.6602108446399628,1.1327837592895862,-0.18179204140241825,-1.2815330614093576,1.1124730684675253,0.4840631356185746,0.026454340753106938,-0.26238208026856663,0.4092744096235763,-1.3721691955069142,0.7719718534896374,-0.4688526672429055,-0.6084311390469659,-2.2103603623536605,-0.4107220190269081,-0.16828839117770567,-0.9295775393864724,0.5494225196679182,-0.6690376254127498,0.3863635242416704,0.16305341437332385,-1.4009252348360717,-1.007484090057641,0.7854117399894608,0.0,0
-0.8258976080885323,2.912376946828891,-0.2626723958474209,-0.1561656859941511,1.9157536939593047,0.42759259520163373,-2.5257823993020754,-0.5828986269292382,1.0041217224929444,-0.01492606941185006,-0.19351683870061365,-0.6179270332103097,0.8343109505720322,0.8871523269898192,0.14994293215362434,-1.3738742393303778,-0.4376662695918481,-0.4880042844866586,-1.9213068928644288,0.6676011861866549,0.2342985063130108,-0.4144289935068824,0.06384041147137565,-1.3716094359754547,-0.1987125507113245,-0.5738526143040008,-0.4704766385443673,-0.1195086148246264,0.12547339731730767,-0.4293186642444524,1.1560616997393052,-1.3304553150888907,0.11600774061315758,-0.2844930544374961,0.062178596193549575,-0.2484124346019481,1.1655333027505423,-1.8831907253043705,-1.2247358748984434,-1.3451723414939167,1.0845300885719282,0.5218513175744259,-1.3288877499373568,1.8331999506493823,0.9315688579830048,-0.9954677866253924,0.3734814120973749,0.35638903193897664,-0.6863116709449978,-0.6679657312648339,0.0,1
-2.049069896284587,-1.3833568043384716,-0.23854013250693384,-1.812244067176832,-0.4398279275083991,-0.8892375227276925,-0.18943214297542565,0.8635597347810617,-0.527225995516327,1.3132147214774503,-1.355428462670083,-0.9840727518424408,-0.3906414434489396,0.2773171093421105,-0.3133701155670893,1.5152464787978226,-0.4106205593404549,0.33988071193375924,0.08285672473073677,-0.023997204823603475,0.6507501418131498,0.0006345100505332455,1.032172837811874,0.2852610825054671,1.2770879652515963,0.8040399265541944,2.7444654398948263,-2.002335700243113,1.2877318837980976,1.3464335460872847,-0.5613383523724262,-1.3621655020185772,0.1496868059966483,0.08468860325812685,-1.1327041407757967,0.9367538509251442,1.0462700181202214,1.0795150235471818,-0.0969709601926723,-1.4432501811703349,-0.9570378585599632,-0.1666914128522425,-0.1699346813362156,-0.4410027870074279,-0.10073671795596774,0.4385471082140156,-1.3175416100516777,-1.6526257985752455,1.0141657689537589,-0.6349089650111468,0.0,1
-0.07121401296844057,0.8051738663673162,-0.014065831460761095,-0.7907106448196134,-1.1489731273048387,1.0629448057408708,-0.4293330185833704,-1.1024718184102495,0.6261363121693992,-1.3887171313554618,1.1296857230847392,0.3839828909346697,-0.8337117580236437,-0.665992033363579,-0.16884961326168602,0.230298199746977,-0.3539364832210539,0.5346674119736518,1.5920153046321053,-1.040573501961254,-0.2622869843972008,2.571355661388784,0.32452171008381736,-0.9616425610745326,-0.01742084650830684,0.4583145102597269,0.08420828491636981,-1.0482599661852754,-0.07806863115886709,0.2899592447387435,-0.3003476441320112,-1.4916038642447202,-0.3205162746194083,-0.6544269522253581,-0.9373015001883088,-1.9573686684479332,-1.0674110575207532,0.005833627867265993,-0.5035009798619254,-1.239343779449292,1.2565806044921422,0.1220223891661729,0.7802478008292411,-0.3993750010057063,1.8910179842902235,0.8071995394088761,0.9218977485567064,0.1106886433738518,-0.2211039550137456,-0.05174128307433079,0.0,1
1.7645078084996204,0.5127497225738205,0.7614876231578634,-0.3783559448909101,-0.6478053062301239,-0.79534822104459,-2.4886836337339355,0.4577397080119104,1.1157072127560994,-0.4853159165770644,0.8613363517204525,-0.515770408933434,-0.6208863242742158,0.7390781122036486,1.316145791730582,-1.904219207343946,1.096756270867899,0.8426642023140357,0.6806513634711034,2.4191154401547914,0.8128488283467048,0.10047186447482416,1.3981155640272043,-0.4401499948716669,1.393369405803353,0.31976782769706746,0.753802352933959,1.646061344728296,-0.3210672039781466,0.2852642347176909,-2.6236162995896506,-0.4120329709143097,-0.4797191598298578,0.9565118140407568,-0.3711448640697487,-1.9614336365140053,-1.1249205282357229,1.522277657476146,2.086213719729498,0.8225602634930785,0.96969583024715,0.040699308135281685,-0.7351471456970967,0.11063667422798902,1.1065734291223572,0.4017600414335655,2.259744330053427,-0.27263500245572875,1.2458238230125134,-0.5660850979808062,0.0,1
0.5115029267605655,-0.5882265440329608,-0.7029888366600194,0.3677937451676256,0.09315430789991087,1.2069171480012395,-0.8530712125084251,-1.4129419494433315,2.3238693044716894,-1.6125392934411695,-0.6300125508818366,-0.011653380670751229,-0.4887395340183832,-0.5723257656599909,0.4713378644264694,-0.7895248369249053,0.0846244672800158,0.062064605115703435,-0.4570519024225061,-0.9242582541654968,0.2802722837539657,-1.5206888894953952,-0.3713950993363657,-0.009827110057029005,-0.8793823180152307,0.8577953864977477,-0.6911006324329444,-0.7268549316613692,-0.09369539842102316,0.07499216012388983,0.8193530137855944,0.8630208755912654,0.5167930546251043,-0.045974732024817326,0.7611191196670397,-0.5580166650493752,0.3410388614105712,-0.5759813515155146,-0.322431466263711,-1.4150281339096809,-0.8868523936775354,1.087314181451452,-0.12728528150914098,-0.6047951771725498,1.0295840078023353,-0.6415111486654583,0.0930306785303272,0.35549423941101266,-0.6447992442553336,0.03170131087872642,0.0,1
0.3101271803380508,-0.052096550023916235,0.6504803738298316,0.014252367093609431,1.0748185392408736,0.09996206704050303,1.4063528176841191,-0.5689645591495565,-0.8588095302739859,-0.06793608206709123,0.8403786174484822,-0.5425936704441943,-0.4965968829413344,-1.1171571591622442,0.8256378590369502,-1.9407067445694772,-0.5002458651254813,-1.2307603921880192,-0.0830098423246735,0.36182528071876,-0.10488214864205493,-0.8639166111893446,-0.7209513398635652,0.6078719014863992,-0.5862346271767529,-2.0271497010093453,-0.2782644131386676,0.1936691765852296,0.5154138589751267,0.2014949396604832,-0.5698296887480514,2.72498070568492,-0.3149579757294219,0.053177538835451864,-0.3196498667921483,-1.354059696494693,0.2535939368250357,0.8421517368197416,-0.9854421392548782,0.8245664982916556,1.4269649067789223,-0.7352809926780038,-2.092166304441214,-0.8513400765840765,1.382352994407222,-0.5779815604160186,0.5285867152794816,-1.5894857427780908,1.77955553595176,1.438606816776768,0.0,0
-0.2747450102866104,2.2452021407160934,1.7874169940878997,-1.4161852939707342,0.2754924336861721,0.8511338686664022,0.999264906683088,-0.15832687938179274,-0.9398360090600542,1.0194154055403744,-0.18511448142666706,0.7436818302245162,0.17473367408716028,0.4064988631491402,-0.31903718974677825,-0.3521190225420601,-0.395801631499452,0.989755781431271,-0.7945849703819289,-0.4374794055302051,1.0403858860247166,0.4343185302991614,0.6803651099850403,-0.3300255033699497,-0.20312429205345472,-0.8175835954180708,0.7182174277841247,1.2379340905672696,0.4845327014820083,-1.0312893668202157,0.4795399327908852,2.626389566185364,1.2045094264616336,0.6601417299326118,0.14902377004099931,0.3822844964616257,-0.3302865800468804,-0.13345504549742335,2.1414318517156317,-0.6327157593909294,-0.7068541450703225,-1.0860891706128493,-0.14632885656174624,0.6031952356225337,0.3545574284539573,0.29214775522855585,-1.824488419413642,0.4676685785796143,-2.1950102492234103,0.3015003729298905,0.0,0
0.07544086739089255,0.28151953925038103,0.7372357448147306,-0.3251266569524009,0.6015594939655576,0.8038513089520408,-0.10981115371763543,0.2289008803810713,-0.7581081371498526,1.9787741964552512,-1.2200752587432455,-1.3801606465472978,1.1312882521719498,1.4808731235239194,0.5096851900023266,-0.05934349043072741,0.03208014946259365,-0.2226036152703446,-0.7125087726720081,2.0465975612750413,0.011214086699165713,1.8063061319085436,-0.21984878990292472,-1.9008442813865858,-1.5288420162388459,0.7822258572118203,-1.2855649277962318,0.061591609882799624,-0.6793384445148694,-1.730653513572811,1.11265120486853,0.12253505790338777,0.6561943825639592,0.7581435327962864,1.7745925596449263,0.18032095753609367,-0.5199542826474226,-1.2353800481545822,2.3527883368038096,0.3822106123646255,0.11027476967481784,0.4576051783548617,1.342839136828767,0.8101763402573984,-0.8603618413855639,0.05014367135710118,-1.7699103374658376,2.5668359335218622,1.0562363475802734,-0.4989183363437766,0.0,0
-0.7402383588561963,-1.9570771064556949,-0.4406166376856105,1.4106511998484612,-1.9515916397394169,-0.6846465072606229,-0.2389294412563021,-0.2707337160397409,-0.06361528646115439,-0.582913173718516,0.22251941017143625,-1.073894776488337,1.1822761844432723,0.6678200966387224,0.36014567584503754,0.4824337440735256,-0.28467092015037604,-0.5484989187569692,-1.085793218669375,0.4746850964371298,0.7449615569924359,-1.01732567420293,-0.7848453693163666,1.3981480688837158,1.2914410885051812,0.586073701719478,0.16227313424827042,-0.5068133929842549,2.313578787672991,-0.17404407752429718,-0.4973386671445593,-1.3770150087686708,0.7813266743705881,-0.6768067898202595,1.0620746498540414,1.8000646297956846,0.5148242056765917,-0.3253030150049797,1.853064299332951,-1.4138941204390725,0.07561177395978856,-0.5918904604210037,-0.07408941700310888,0.4957203363750243,0.9529776418442564,-0.016510756078505818,-0.6676606053237947,-0.07366759556564023,0.4306925095405881,1.6993288411278051,0.0,1
-0.4443938899826453,0.2712291676161372,-0.6008126794778479,0.07620577293739347,-0.1288019402490589,1.2521296813966116,0.3674489096559809,0.029570817170925506,-0.3572657562049154,0.39247553674780505,0.08782965393728136,1.5552507281457568,-1.8124517576264203,0.058806832012543574,0.9570483161952998,-0.6641285060312264,-1.4099250051949148,-1.7831962886770851,0.4957950585592316,-1.1531833209418494,0.9954506742959092,-0.5717405112511728,0.8558626853100426,-0.1979684869376366,-0.5851238018473102,0.4118005163479475,0.1867670991163631,-0.1589727906750451,-0.6793444205281535,-2.1828949680869547,-0.16192474617147568,0.1717330157697797,1.6734477552064877,-0.3589148174850049,0.8225855853253468,-0.4791264314951936,2.5880562455542746,0.4403946324948789,0.17918424492789922,-0.12339704040364803,-0.1677492045148947,0.461357525495658,1.0336850847331185,-1.371501079179126,-0.030129685305692988,0.1359804339594575,-0.1698169024091138,1.0339661601025736,0.5127324389561352,-0.6654914956409786,0.0,1
-1.1790080767980755,-2.4879026152698387,1.1392359060096269,-1.1509845983996598,0.2544860799428732,-1.1681763659338609,-1.6395744115879116,-1.5441037620847402,-0.3367306578168392,-1.3337425741322944,0.5455355920242201,-0.049502946539003015,0.26705575310163115,-0.5010393560097754,-0.6521847751449844,0.30102034342976225,-0.13682468545001794,-0.25235191482292946,0.2185067566582743,-2.15611985765941,0.1919548832565522,0.8250630409868577,1.099641597964366,-0.023805486122852056,-1.2976048634646609,1.4310652887187707,0.9378762649522748,-0.2888132005185963,-0.05323809872057792,0.13580497383057105,1.2790125071413894,-1.993365561720704,-0.893255181017412,0.151462637285043,-0.6864694535721633,2.059099967982999,0.9559119748691411,-3.5105351772261786,0.684439292501225,0.6229601719059541,-1.9838143566873008,0.04829827743138389,1.2411716589149409,-1.982022459628092,0.09821660738837652,-0.225935574258812,-0.5016604380714426,0.5293936795933357,-0.7749255094256314,0.12161485392793472,0.0,1
-1.2223337203579585,0.9696911074004873,1.4349661829266276,1.160480157309687,0.8040706775007153,-0.5302858895872993,-2.5099649319757544,-0.2444790440492872,0.5231841670488836,0.7962309681607305,0.8286925461881999,-1.978426117974816,0.7331903880650329,-0.8777696563059377,-1.610269245017221,1.6160544027463712,0.13631991184462172,0.2167114776040089,-1.040009985788017,-0.13783075788658306,-0.2188997319337559,-0.001552872032352549,0.456790959146481,-0.3241772058807829,-0.7199247960747654,0.5416167958115768,0.4451962310869181,-0.4135539046514772,-0.3980485847595717,1.3093690144477903,0.9434798913936778,0.1593745709683411,-0.7278938778914477,0.3757799368049734,-0.031303914726125225,-1.6434435244747536,-2.4569718507900484,-0.22951033706103524,-0.9260166855246872,0.5249082155070949,0.3230386478868571,-1.2032329754064468,0.2563118819343747,0.7474867774705197,0.959011878695495,-0.3462273542623586,0.36958158801059177,0.1126226737837239,-1.1294988937918642,1.5159760851641213,0.0,1
0.006296293768240019,0.5940214647736517,-1.8940590658571197,1.057370065081145,-0.6920868716382081,1.1255790141493247,0.7487144219227031,0.1296524552311622,-2.3026434419411053,0.580172737335876,0.28714945242563833,1.191111112315112,-2.077827107802644,0.33332809244133266,2.5891959400098887,0.06873826118806523,0.3710459852616488,-0.8996832596195695,-0.9876678260004575,2.425473086995096,0.8226254962256176,0.6813228752690303,0.3162168061636346,0.6451005214364534,-0.16142458339204108,0.5778741154934929,1.0864794057332483,-0.6683301858699829,-1.3052559283250138,-0.03189888599714616,-0.008658638756761771,0.00608894661629029,-2.544795637048627,-1.7705254167746562,0.06974998163867506,-1.01384073321421,0.6730399219391031,0.20667375762759896,-0.5400080952085288,-0.570839199706015,0.8511840683401984,1.7578157790698896,1.4751247598142934,0.29311689247958905,1.3968389194718227,-0.012310445528605576,-0.5607684673073329,-1.4093371019728682,0.3035938661016011,-0.7092857596715304,0.0,0
-0.341407303644595,0.031697357904669425,1.644841675624682,0.5166863407476114,-1.6438043783577558,2.930896275626546,-0.1943586197418372,-0.6215967150771509,0.9465549454525808,-0.5359527424388117,-0.7408443724206388,-0.4895942228084389,0.6042238213861745,-0.042787089881568485,-0.12566606216538426,1.386389355841634,-0.5547635966049779,-1.7782223666133796,2.16233571235989,-0.4254844945784509,-0.7901947888618549,-0.3033494609462315,-0.369217503453273,1.419096362277725,0.13255033208788558,-0.7856655785939216,-1.94246868951577,-1.0747624561425753,0.3741528090065075,0.7596508626168443,-0.034888568601333964,-1.1148005104599321,0.8610653690140243,1.4503256598478138,-0.028966848873539005,0.4268446795722662,0.8113293457127572,-0.8769347561292912,-0.07430883924501963,-1.2156496928077192,1.0049336021126358,-0.8557956706898375,-0.4556536451194785,-2.1506680638209623,0.8761399655258715,-0.21833576496263868,0.019820953018868583,-1.3758479517453006,-0.6965579475341238,-0.3238677878773704,0.0,1
-0.15622023038947086,1.9755049279588528,0.27563957082245066,-0.3455846234820931,-0.3428324648667364,1.855875607283092,2.8818709340268738,-0.4852827800716059,-1.5967149163230203,1.3341937354564717,0.20672801418272532,0.1606532202707029,0.8702567180805788,-0.009577615299207427,-0.6851592457779832,-0.4339480776113934,-1.1408510215618166,-0.1579341402030542,-1.7192921247897643,-0.3072059678125004,0.2926906093555752,0.8618756150804581,-1.922667383397548,1.334702825062796,-0.38388383975895146,0.26324413030720184,1.3276939354909416,-0.5090478791309676,-0.17818757682445913,0.30172004982468803,2.714964901917237,-0.3880094310479619,-0.09713017574976457,-1.5714321113444756,0.3736431092153801,-0.15599103485021967,-0.4594293561954032,1.3082829279426744,0.24708546369708534,-0.10512727231509973,1.283429416881801,0.8968482969856022,-0.6188691783432638,-0.18326086591361768,-0.24863834701840845,-0.3035216880996288,0.7694614019111528,0.20521242191619612,-0.3429751035663702,-0.4415896617911966,0.0,1
0.5256104716444001,0.1420084048456109,0.8458645911047179,0.6627977415719292,-0.9575413948601664,-1.517317466491633,2.55177927769986,1.377210949743512,1.75921041756076,2.7254335302067654,0.6841379898936061,-0.04098027936098729,-1.1868417715425874,-0.1532854197143197,-0.3964763307585546,1.0786452204018764,-0.4621090594534753,-1.242016075495214,0.5075751790518591,-0.2646622069088541,0.8325588704337192,-0.061943884666837534,0.169467836500567,0.778089961313,0.2900482929595624,-1.493093325855653,-2.009564311394532,-1.2993015345648533,-0.4724214909609914,0.09612740437900667,0.21004755361152824,1.4587167101602971,-0.1487926624348115,-0.3155135725422893,0.4882909805373561,-0.9155184890581002,-0.6690755959703995,0.9083139401481284,-0.5072312756223671,0.7717129866623607,1.157500874737012,0.8606003176432259,1.204770246404664,0.04606431178393031,0.2851387694150625,0.3514833269808284,-0.28576791382690353,0.4286217892627817,-0.5216534028791551,0.3389489785255881,0.0,0
-0.8861800565345561,-0.08321953877981875,-0.6392027462060241,-2.9626981473678304,-0.4776183151485823,0.5885533908814682,0.3559777857841928,-0.6463572231523876,0.14509363939398867,-0.5666928916004252,1.2784989900200128,0.6747061708662271,-0.8690568401039809,0.7302935670743312,0.31641487521434764,-0.09093826814277013,-0.8150121810741692,1.1418353526959828,0.8770864460970631,-0.2520197288588019,-0.3583713358463942,-1.3698747147878607,2.649489898486489,0.296495985333619,0.23629145845138255,0.26506756901675343,0.02662946841143947,0.8971291338090124,-0.7014696850990885,0.3205415836508339,1.330948342598613,0.18354050306583125,-0.08764338061129341,0.6814917106280008,-1.36010932317972,2.059737525547796,-0.531003219156821,-0.6623372300913871,0.1317942918290883,-1.0942940629068558,-1.310444975603791,-0.20161935350780888,-0.9147328575919942,0.843642429222115,-0.7391307442500319,-1.0976111581185954,-0.08395456466503219,-2.4440390162956,-0.724106928491708,1.036411148853112,0.0,1
0.6278961720954702,0.2819755968253188,-0.9939895029704284,-0.5931461585528366,-0.11696451784056297,0.7174863769492925,-0.044839931352174886,-0.7701247052890329,-0.10305481001676277,2.189388029497171,-1.2764703197396985,-1.0584091107521405,-0.8565136530909194,-0.4208725431920251,1.4594596239974567,-1.1294173639704883,0.0069765357535030775,-0.3123575927410269,0.915609683237105,0.24266967073951096,-1.1012246233454346,-0.8508351558101652,-1.0352483265686283,1.0629590694623516,-0.965606048099454,-0.2308132930564838,2.7031625459266855,0.8443476271829143,0.12988189982593154,-0.8657084264931578,1.4676062002484789,-0.6406959800786883,1.2011282877050602,-0.060371272527754476,1.2032451178573045,-1.0983090702920553,-1.2861643285528086,-0.010404814167423056,0.8479631866936096,-0.6669261524102814,0.24741725100217016,0.06846851424766996,0.08972775485308677,-0.23315306161759344,-0.0908814463431674,0.13692728466278614,0.6665002247639585,0.5566481766572873,-0.2945208332557847,1.031516422325636,0.0,0
0.19410763977153345,-1.5962814424227367,-1.6055436622713697,1.4625806868030458,-0.5090756562299185,1.197682997436071,-0.3918101468479,-0.5921011127042429,0.7140743667202631,-1.0386410416934404,0.16291333918835674,-0.2679440198172206,1.0779766961144277,2.067761642579954,3.176167295354356,1.336239012687762,-0.590910143337351,-0.8662351059891702,1.3171194135964663,0.9188904606389364,1.1874900863646345,0.583105522667944,1.0118325849256429,1.5576073405324362,-2.3587827022720127,-0.8551623930236213,-0.1268630246746801,0.6863033889275849,0.7435155173302408,-0.07882815044531398,0.4937143429957396,1.3443557062814475,-1.041281413033401,-1.120797108532186,-1.7201889016755014,1.3014035141618323,-0.6862015498206391,0.3896941963395419,2.7400955798412454,1.7209714342340865,-0.3362027791705127,-1.6599850727871481,-1.4998508312524088,-0.030180593169955888,-0.8136175675814048,-0.4546200392580063,-1.7146869964861955,-0.5346413791665701,-0.8404693492894851,0.017064544406421186,0.0,1
-1.38645704252791,-0.2263728597044121,-0.25013157303911143,-1.312118661016778,0.8954222073617356,-0.09142381444997523,1.525606952735157,0.670768698400357,-0.8978105324725861,0.3050205688278762,0.03837206059977124,0.24109377394996984,0.3505271573193733,-0.818682809205977,-0.03613781061982939,-1.464451021376322,0.12166536934378852,-0.5033839189264911,2.275634394260952,0.7482698388303852,-0.7581302180244873,0.400740407716703,0.9327297883410692,0.7342176190105351,-0.20352889217764844,-1.3408186444263348,-0.4999035760384398,0.22968723502508695,-0.9030146520547916,-0.5469153436012212,-1.9439126366879416,1.4785473446931878,-1.7413560622650557,0.8681530251983798,-0.8269844495141704,-1.5020543369190251,0.8049655551541905,-1.1559033650814554,0.4038692558042445,1.299373508462328,0.4987421762095656,-1.2167971557888777,0.4666615870478249,0.8549285153137921,0.19443872440695947,-0.3971017887460769,-0.1294394637533502,-0.9414665329846924,-0.010932542947694105,1.424698971117329,0.0,1
0.5115733376088462,-0.9908464090514144,-1.2431124893277894,1.0065429155104315,1.8800340553647832,-0.2133376594903096,-0.5404290872884638,0.5040351849346122,-1.7608467475056282,0.9471489963493932,-1.058767603770464,2.195441606201693,-0.7547154116174355,0.07374475952415921,0.7121201656387379,-0.8872816664382633,-0.14549273559110876,0.7723746605228783,0.6839692159308751,1.3507655744612557,1.281830343446806,0.6013164815987664,-2.3318842210273365,0.2530674039682972,1.4836634496425194,-1.0081438813364632,-1.8371996432254525,-2.604033129232333,-1.0073651577580964,0.2262425699557431,0.0016981890681664466,0.6874156795129808,0.8090250954908655,-0.998606404129604,-1.0071131064172747,-0.21356556226716905,0.4705287089086293,0.1433487704326969,0.9280347744062544,0.3558079029582643,-0.8799021113255455,0.3953663231633981,1.793038197689698,1.0469744946532755,-0.7391413596736249,1.6795785486992156,-0.5926239586874128,0.7295514906743213,-0.9141355089717365,0.8934758411457226,1.0,1
-0.3266008915754786,-0.2017256102680326,-1.2508637064902524,-0.6663991642905372,-0.4305837461413191,-0.4712551985321866,-2.0269019342955987,1.5722177971041762,-0.6433155173967731,0.8435717644811745,-0.8923741850236959,1.3587239585419728,0.030732532919186182,-0.08992410923930053,-0.509928872638755,-1.6666787544761907,-0.9478485275994932,0.3840286806507223,0.7953482444947771,-0.5608159110288203,0.791601513619604,0.39376732639932216,0.6319708744050139,-0.15920683124659527,-0.8055121650233645,0.5588336556893421,0.1651462467833894,-1.961181921406682,0.13213562050226926,0.24471362044727185,-0.12902759635359834,-0.4174464205756068,-0.5177175268989511,1.150715085692305,-1.5496388572024222,-0.08030230233858943,-1.3511985900562613,0.5568325940672814,0.39421961130893,1.0939239814178014,0.11787522926023784,-1.026863665821434,2.353877716908153,-0.9480793504283436,-1.294742089612936,1.4855731811878732,0.5666326169131183,0.8038995120292616,-1.0141466993110235,-0.10492510124198998,0.0,1
-1.8641340800693675,1.413549904913498,-0.94951842362735,0.2968940949599231,-0.3857724238391427,1.4800339305109569,0.09649275315417474,0.711837312327902,-0.3810032097630093,-0.1158941826214026,0.5272552985424814,-0.2301386872458531,-0.06953166938358386,0.8164770309554987,-0.1368454546675452,1.028037287414599,-0.3831953070170722,-0.4503235849165421,1.7614353996776877,0.8238281199702552,-0.1943491039452953,-0.07659576433251049,1.1577049951774576,1.351554259947342,-0.8520584081988034,-2.596904432404848,-0.3015701703556041,-1.8687920617730969,0.15494760923092402,0.7959143975222869,1.59969793278828,1.6550193068947916,0.5470669600948876,0.2888209568201963,0.20942105629132604,2.308115196127813,-0.2359400797021764,1.4483090672296839,-0.2011138515195975,-0.2148548052313116,0.7075610380125229,1.0509875767007977,-0.9232671825927596,0.13985881218377438,-1.8139910829876384,-0.5606952990938029,-0.1676001779768899,-1.2978188797778516,2.381137272880399,1.3636077728683982,0.0,0
-1.097563215608355,-1.846829431645604,0.6302834174259354,-0.3674490256953339,0.03462148354306542,0.42271677728298795,-0.024408741215890737,0.5204671393961058,0.824159293753779,0.9849775942102024,0.9894360792746996,0.6287991035463912,-0.9902914143574824,-0.2433761668247823,0.2344369718987366,0.023709379925699103,-2.3325174137798133,-0.9640575620686924,1.680988974709146,0.6018347436353136,-1.2918898841548059,-0.3291259614043301,-0.529033350358653,0.3713468066529884,-1.5671258441481488,0.3666158907571568,-0.8315873556718993,1.1768772830558991,1.7609706195999968,-0.20458018792048568,-0.6846064945905496,-1.3118092047987635,-1.7137104696623782,-0.5252937272433159,0.5603944339935591,0.6520376810541422,0.007199311978333262,-1.6394688145964895,-2.5864108372646126,-0.07377202775632563,-1.4309495475878833,0.6807652877859132,-0.34174617164977,0.5057325571258506,0.9027920972179608,0.5621818907446787,-3.0319751582451007,0.5051675061522809,1.3437354987840202,-1.2631096048185932,0.0,1
0.6873853188595399,-0.7453167912415392,-0.6444490969369521,0.06371531727382848,1.116305915960323,0.6948874578886775,-0.8518085345864045,-0.06510161290377342,-0.22121134435292295,-0.3640443585736384,0.009440785369226271,-1.6081563036656272,0.9343501610461108,0.4910796617280792,-0.4581916325855331,-0.6085243192425246,-1.5895982507436743,-0.496853880878641,0.12874797636948915,-0.4954238219818409,0.27727548866230345,1.3261875180819462,-0.5167773073220346,1.3070633025165883,0.3669672253580802,-1.072139284317969,-0.7555090453859832,-0.12699700794583502,-1.1387215814278755,0.012931233752332596,1.4045578058729171,1.368077803282196,0.30707317046554744,-0.4104603128136042,-0.13437640672992246,-1.673924969672738,-0.2930295531309005,0.7810966565399557,-0.4772239422324016,0.2507604779830188,1.2140736240136625,-0.4443616262512253,-1.0706240989557454,1.5039360946424554,0.13363292744250452,-1.2319898679356442,-0.8252443805072869,-0.008908705874786366,1.2109168766296068,0.11480675745477308,0.0,0
0.07759439712425051,0.07008936369447408,0.19539530443170444,1.6331447821729308,-1.6155827103575902,-1.8695339903239536,-0.8693940533492901,1.2247617919259346,0.08902117090144257,1.7172640186648225,-2.3747002367009857,-0.3652866405753353,-0.8619236382658518,0.6314416868003992,1.0443186125624886,0.09938894475070052,1.8853216057584508,-0.1650784992872239,-0.6047864667874892,1.3237505172444208,0.1838436187663302,0.8075763504545442,-0.3955815581682936,-0.03613812643145415,1.3223751558584746,0.3160071691126697,1.4501030331451374,-1.9016823260055244,2.152331389398088,0.6863339768207473,-0.8222702561441031,0.6110287511595051,1.1699625070435582,-0.1965524971703562,-0.4325949318005495,-0.43931606910977533,-0.9171535363293172,-0.5564025889401837,0.18439503389358106,0.6941964803363547,-0.7217289677970781,0.07319995877568411,-0.9979286101530896,1.699632319052941,-0.26282272864585826,0.4004034164118455,0.6632897107959562,-0.7700860721977479,-0.16047745672190478,0.08716494533854426,0.0,0
0.7437931814862271,-1.5007950521139766,0.09661271435479557,-0.11820120792526832,-0.17660001361306507,-0.8439184356513629,-0.7718281476631891,-0.5616563799449539,-0.5876155237480869,-0.42316763444560856,0.3980023585759087,1.1040752762090895,0.8178474422640919,1.1966956496224488,0.3297697187818373,0.7166086121082208,0.7868461925574781,0.9195116126035398,0.8602579033718397,-0.6745078362856971,0.731240381729204,0.7573214261954349,-0.007092585521524826,-0.11263261792430562,1.954968361690761,-0.4436659640956321,-1.0823447349309665,1.4304220239665189,0.6595953609306551,-2.0441436943636986,-0.7391986971134754,0.3209281681605909,-0.14413372883890152,1.6451304232158637,0.10084074794736166,1.0726657815071496,0.6745532334134464,-0.6336095028741155,0.2248981071738388,0.5117858041945985,0.3122826481371067,-0.7830473046197584,-2.637084406191533,-0.003318317020910505,-1.0979437790393427,0.15129841927892593,1.4258144760126794,0.3834845265990804,0.471284597516173,0.4937984638593678,0.0,0
-0.2801310691077357,1.1103586396623464,0.15143603051987456,-0.02141157512392491,-0.2634305995065731,0.4091293259367293,-0.7480716080736771,0.003614320696083209,0.46017437460084104,0.4107542586111236,0.26246505989595803,2.2432108607643277,-0.5847306617086281,0.2554516413588992,0.5015576196521838,-0.6411360689581797,-1.1495131006519004,-0.8111603082491999,-1.0885669671566334,-0.034946669769742894,0.019142851729789828,-0.3057290535259385,-1.4273858548822005,-0.09262220051065023,0.37564200666335457,-0.5795095314412191,-0.3351223560379805,0.1748199348805406,0.11266542293545835,-1.3711451030885895,-1.028012860347388,-0.93333873139834,0.13730640778090047,-0.8735575576136989,-1.5172757856666863,-0.8533246420630197,1.8562995559983364,-1.2708438738780663,0.3049085387825793,0.15352830912072793,-0.29420233756525266,1.2651081918505545,0.3480849762548126,-0.7806943591139541,-0.3326996267089326,0.27115489046139746,0.506183644931844,0.5696717300909065,0.7386116199794962,1.270238939595823,0.0,1
0.06666072859146786,0.8065458679663062,-0.15550002428000026,-0.24130993537640535,-1.013227086494143,1.1946182361792037,0.6279355603341661,-0.789025883120325,-3.094035740654504,1.3642097111625644,-0.4105645686571555,1.1536078150367852,0.2709944773542384,1.990412750296078,0.8177404575127974,-0.9724350989997472,1.0055719690206786,0.09546909761261466,-1.2029309675684234,-3.5172895783227496,1.0836447173321422,-0.514840616893002,-0.9615728652082892,0.4518664882545758,0.16362209258335805,-1.8917822005350948,-0.3469449316150052,1.3425198108777574,-0.4027442261658106,0.6642973232236951,-0.4652521525444517,0.5538275982032617,0.7166288903557255,-0.7024792006491255,-2.6813887173371853,-0.4341201727977225,0.5423169524099654,0.06600817552784695,0.3606006200526966,0.14440003858176428,-0.07390639348061967,0.34048142942727094,-0.6437240554976775,0.21350038323388187,0.8813277063416878,0.365442283307062,-0.900126779343083,1.0653813233836975,-2.57093190586112,-1.4086320600684064,0.0,1
-1.7933270234818748,-0.3909605177001825,0.8311670219484648,-0.3421480930486468,0.09029787252236424,0.4866691902367356,-0.788836971128,0.5211663975773574,0.7930006582158515,0.14416012051132132,-0.5291438178716175,-0.3637725281939336,0.4763356925463292,0.4452588001743184,-1.3560284297540708,-1.4485273050319192,-0.2422087169318217,-0.7023657178835324,-1.6495705774402187,2.871737083855622,0.3974006989963991,-2.101764622096613,2.2330429416104667,1.272352263091879,0.08564417930277955,-1.6231975631346394,0.6038754845354265,1.2327535077697458,-0.3184720558183812,-1.0538323294493748,0.4799783918892964,-0.8951670238328818,0.3828105885989378,1.2351737525143889,1.3367545784821748,-0.4425190240345479,0.3075619517094069,0.3123232151104239,0.10528888558827602,0.9067732884254358,-0.18720356662098925,1.2608902041003776,-2.040622922939418,-1.4514125484088318,-2.28977936024754,1.0806465776218732,-1.0936023485755924,-1.2062201379872814,-1.2168799407644515,-1.4098598897223162,1.0,0
1.1492545479353804,0.3067800156598821,-0.6454804124031586,0.4169618719099882,0.8398744063228671,-0.5265529872228093,1.9182667405124143,-1.3263130459741936,-0.33625830810381,-0.6731625646219821,-0.05046793420740174,-0.5805435342631579,1.2983568914982209,1.5974184233847657,0.12372285523887892,-0.7603763084743329,0.13657128680393776,0.4120066261069961,-0.8051495663524223,-0.03307942974492261,1.5033285158385132,-0.7821750236593282,0.30619188663911673,0.13981569280739792,-1.1116190852665706,-0.7529520145629605,-1.5570544928399177,-0.28196233217902705,0.4986897958961339,0.968636479350516,0.7727368359064286,-1.0261312672155414,0.08861601229939522,0.10842119852756016,0.5244007071547289,0.5782504247320482,-0.6182383825241402,-0.17212777722414932,-0.493817111446925,1.5309827650041001,-0.2716332918521311,-0.1079843881307895,-1.2169071576736228,0.1958642119478141,-1.0761338459637622,-2.6098913636192584,1.812650944312942,-1.349062249275221,-0.397713901982933,0.9789539375396188,0.0,1
0.4976366470771317,-0.3848786513375402,0.025581868464662275,-0.3686018648657809,-0.12301708046387985,0.3839608861517869,-0.5816415470059411,-0.5258889544481545,-1.3478511334826189,0.7413394272495605,-1.1369567017937372,-0.8741794534780065,0.3871683208743595,0.4582051729272886,0.09271578128270766,-1.4265419107289738,-0.7102191144215301,0.7520694646832496,-0.7485614374197411,0.9025264568077946,-0.6767694444157607,0.4363248005300381,-2.9822634558207817,-0.8393612185786602,-0.6340792906550405,-0.6755886458789785,1.1179295090299486,-1.0597700465744484,0.3007843116478013,1.054948720313061,0.3732537815910847,0.2662961336429774,0.156130165608135,0.5050557179244741,2.9451107300713764,-1.1442423029394222,-0.8062391355285543,-0.14453738919445366,-0.40376082385538603,-0.45011056451250464,0.7722194828408212,-0.8658395583168547,0.4607307547122728,0.4637788266875037,0.35252112273739183,-1.4332235708682255,-0.018769983319225032,-1.6673088040575883,0.7902584087385977,0.2037694726061928,0.0,0
0.6657158998841123,0.0438286123423036,-1.3624945931908754,-1.4794602211808086,0.8202383256361226,0.3710277324797528,-0.01366516441300756,-0.7215823626215709,0.4939331381291828,1.9652574887486205,-0.0708590284099591,-0.08916995017924974,2.542942670760639,-0.5380433839839747,1.6596622172174698,0.8981837102905019,-0.04927901393761919,0.6569371601348244,0.52542659478417,2.077288171910082,-0.3866990346694753,-0.14413212533560496,-0.9551214487190416,0.5100899201679894,0.7353095335436287,0.2912450575656581,0.30236016101869395,0.006234341214818893,1.7668393661119497,1.1939383766154323,0.8999837024452038,-0.6329311215224265,0.13695291949836824,1.5664400536344616,0.08869201096546868,-1.1272459840104865,-0.7976919107319311,-1.956560308448969,0.8257648285019997,-0.5588495610726733,0.7431653394122861,-0.7131692041927545,-1.1305169494889504,0.03579187432411258,-0.4917707167483587,-0.6362925422044907,1.5918639021499414,-0.8058150289317656,0.7994803405175718,-0.0654381467515247,0.0,1
0.7803231952269226,0.5785182480941772,-0.37625339071261615,-0.6780058369577227,-1.82967446632778,-2.4113095256798243,0.866741263365948,0.3595120132512293,0.02042408575845811,-0.4869448100351332,-0.8219293453769815,0.5950546260621602,-0.12033588986151332,-0.9300265133493938,-0.012060955109854785,1.823477184749556,-0.14922899043588445,-1.8241730664630729,0.6742188064235262,-1.222375401454455,2.7595426032966124,1.1759999354601989,-0.8285383104925228,-1.1273313749723526,0.2779447114390468,-1.1396559549333782,0.29992878897465425,-0.1239809053187762,-1.0444501271237672,-1.1064560150907423,3.301108957148102,0.6722034970216735,-0.4852375667227846,-0.7327415748773095,-0.4278131177113183,0.5846597899132775,-1.9543401616498797,0.342922387191042,-0.3893466452903132,-0.4685751229049928,1.0242180593658126,-0.9276307132338693,-0.6032156797906338,-0.5286747956927886,-1.4364802308844111,0.9580238255196036,-0.1646261584817577,-0.6810133393837067,-1.017585056327597,-1.372912755272751,1.0,1
0.6141161952222294,-1.4668582329378033,-0.7027852180389288,-0.3110570026382323,0.25424946837036005,1.3508267826102434,0.11082891274140376,-0.2636448452482784,-0.6153819661174711,1.0025762536660767,0.41785941560925655,0.40511427856871096,-0.8874870021330233,1.0673495444302488,0.733812244406818,-1.0000257457308317,-0.6083106652771001,1.0556111205016043,-0.3918386664534732,1.0928016750413172,-0.9889572776623468,-0.5828897177802328,0.013416588539243744,1.0979079676838042,-0.6749963199026491,-0.08880559177086861,0.27076395498841044,0.4914802687976038,0.2899787951332809,0.8355373140946941,1.0914245425562064,0.05813708083412655,-0.043358748422333386,1.3795457595981429,-0.2797212236962783,-0.03221256165859149,-0.4077983085184434,0.3868207537442951,-0.08517513504720049,-0.826963214325016,-0.050077289072610186,1.7504919152586358,-0.6347741489411338,0.2868206028798316,1.0993686811590504,-1.051688054240693,0.3054627709186719,1.9960196779965669,0.8214691557349458,-1.4787640110193998,0.0,0
-1.2541348826876275,-0.5221543637696234,-1.6720838745334845,0.8372592656590946,-0.2507075735169888,1.0839170836101242,-0.40378269493860425,-0.7775966623712941,1.467192353026636,0.15272942804684744,-1.3656740274981722,-1.2483448271324755,0.316983964525642,0.4733002792804616,0.43807613420928576,1.2054891477756118,1.7500466535069659,-1.073971019356985,0.5065447130817465,0.6282468635991959,-0.94090777563319,1.2210305267270705,-0.3049185560593132,-0.19747442339582025,1.5737202256933378,-0.4378319952594268,1.365871774175415,-0.1614433151943649,-1.1623393373782782,-0.13686816531003346,-0.2761088734383829,0.7840537137788554,0.8367344515094423,2.0562441269637626,-0.4141591253866471,0.4704336340335614,0.7072896154016374,-0.13716329913523087,-0.8906892027969883,-0.7944178726161032,-0.09245566524381556,1.1521899059755023,2.1832784494622715,0.2668810143270212,0.8330322008965321,0.8945446343466233,0.7869992214260952,-0.5206595828143711,-1.1925118871685092,0.7851825481781007,0.0,1
-1.8728648884560128,-0.166019659096962,-0.2188906614684556,0.3456690679232555,1.2712160623479227,0.7265275976593468,-1.4863994643158336,-1.7922461567873709,-0.8033973975785605,0.4091537940687789,0.8988138152279496,-1.5597715465549886,-0.9944175748917032,1.028580659442431,-0.2774865593407239,-1.668119937049285,1.7458743391997862,0.7017746685835363,0.8919525168262984,-1.4806025219677863,0.7108123896099111,1.1648779547000716,0.02601874718528694,-1.5765271035033117,1.8989529075585838,-0.26944689422315604,0.2834988402959536,-0.2395219476086975,-1.6063149605217752,0.3038085738416077,-1.2954188471155281,0.9381299608087084,-2.001237648649658,0.5800273379114249,-0.9777419282723526,-2.123344663942476,1.68831670017693,0.38833353988061625,-0.09668758357927414,1.2315498454829163,0.7256734496089089,0.11871755903671065,-0.13571748931556374,-0.6995816056595385,-0.8062364981959202,-0.4127181838189475,0.9358708021388512,1.0094122224038546,-0.5676946955287693,-0.0670824977656229,0.0,1
0.7384531076880007,0.6773902134128871,-1.1767382289569548,-0.44779038009007865,-0.4407144556730193,-0.15359017144797174,0.4085434524779804,0.2784846265000886,-1.5072077342324843,0.16725310841273847,0.7711404549846785,-0.7278259883095987,-1.797015163411947,1.5090463238644802,1.0818596068918889,1.175133933968438,-0.5563572199700761,-1.7605521129528234,-0.7382237961924879,-0.5445311241185057,-0.041172384929807467,-0.3960056941487733,1.78087397454197,1.3031138178346122,1.421359174591721,-0.8027374857320202,1.370383202312011,0.9464686533894496,-0.023133980421419814,0.020655202433699758,-0.0759779907216043,0.7650255145590175,-0.5036197327249268,0.7474348021236592,0.6642195614710327,0.8126644744560909,0.852443412913452,-0.21197942721818647,0.8532756335170053,-1.6152014570401994,-0.3751856385833904,1.383121456507532,1.1919201283985368,-0.25555917628866004,-0.4527605912447168,-0.17227408106877778,-1.257038032798279,-1.1362618296060103,-0.07275161296654509,-0.3778355630034884,0.0,0
-1.4722394884664027,-1.4252964596414202,-2.1385050105047854,-0.1853881044986014,-1.2946057322345743,0.453209546627904,-0.5865423024837426,0.1515513631055797,0.3678090759363503,0.5926644553870433,2.1216037547324853,-0.2643686571513514,0.2879266266886443,-1.2009152235590184,0.1577140743359777,0.6004358539541692,1.3396598933128476,1.080542196251726,1.288157304112202,0.2599391799953993,0.2649503247907988,-0.5948375027836837,0.0912655371789782,0.6195904184852669,0.4843764840685445,-0.032290347453126686,1.3791781968454941,-0.4521670617568934,0.9004614641398568,0.867720173830425,0.7599564462182856,-0.9149094314361592,0.05398031421326816,0.5223617395156178,-0.4311165569203354,0.8654912260512315,1.0356160561004604,2.7470186734625828,-0.9834855327563856,-0.8929447719690641,0.3539416855232745,0.019006317509921315,-0.13045415119002696,-0.6148918929309447,-0.6470414628938198,-0.1086601340928282,-1.7971527602905537,0.2378750739229288,0.4408906275454521,1.0786994680078492,0.0,1
-0.5635145213859905,1.2538436904362071,-1.270713222267132,0.06155833902679731,0.24673020774937196,-0.3863304502578892,1.549958711050729,0.01954671887430444,0.28363118785072305,0.8935963763701769,-0.30667621591050365,1.3007272241034045,-0.3760255950763588,-0.7476340513183407,-0.09365504585006368,-0.4863243105575839,1.5170884954639527,0.37471073967236185,-0.8159115784069657,0.16334235486480805,0.4404032174902868,1.0585375928707703,-2.59697290904202,0.3748107749820204,-0.4231421796111176,-0.10698349331894354,-0.10279969186436104,-0.1279845433085139,-0.7540444171128483,2.3839235603677382,0.11975040095447648,-0.5847903127205548,0.6383853405442236,-0.4512306074245161,1.4736537552818594,-0.5459904286142302,-0.9318565426423012,0.8345321657999019,0.6917162977446589,-0.9648635656167944,0.060516884317458025,1.1251024704094248,-0.4691016987687023,1.9434480773228708,-0.15423368331640305,-0.01525200593254631,-0.4486471798765865,0.7191993976651915,1.3778775808385726,-0.8597909769265886,0.0,1
0.500349502429102,-2.0624319552047803,-0.3093328104923513,-1.0080411173124002,-0.35047265492987073,1.2030849861909243,-0.4813737230248533,-0.5350333475413436,0.4907290210065552,-0.10821761715576596,-0.499606740161813,1.3713876329238666,-0.7594957120945635,-1.266311208191769,-0.06898679885060982,-2.78155632719623,-1.3535902052861288,0.16108650166002228,-0.4958245127818024,1.30978148924226,-0.4842876745926794,-0.5349250719289255,-1.8243015728882173,-1.6740156445908976,1.287562060075893,2.7132577309799313,-0.2856651347413541,1.3654250202170146,-0.9812635931182698,0.6618938881627034,-0.5806292780916348,-0.05674922737800275,2.61582042202235,-0.08918374707727518,-1.1529524876595791,0.13793726940422382,-0.2278588648275329,-0.37244481654159933,1.4296612294764903,-2.0334854109177853,0.9981536562833644,-1.2643484611183384,1.318595633195928,0.2717195839633098,-1.3946346153180482,-0.709376328509141,0.25280873639864565,0.8184537349734234,-0.37404352266692703,-0.6499507716435706,0.0,1
-0.3771279605957671,0.0489155860723082,0.3721370102782482,-0.7373854089809628,0.7793565885309482,0.5697648401003012,-1.283938889459904,0.7967476578360649,-0.3169682978027661,1.313268274172788,-0.5067380537428764,-0.33531026908454553,-0.7988332494766993,-0.6645737570612821,0.5775966548006337,0.3211623310838522,0.6822306050075694,-1.3834494358981353,0.7905952812183334,-0.06996411324281697,-1.2772587541728555,-1.5426040323110082,0.5176794712246915,0.07245699800461129,0.7627439362253975,1.0300556544637065,-0.2048141514862935,-0.30569590750979714,0.6558921989912484,-0.7632434688445697,2.5414543569858443,-0.9832986636195672,0.8266975023993305,0.6073983451542692,0.37147064817407416,0.9345763866807282,-0.08369495397806696,-0.4394054686305569,-0.6680098040600378,-0.07253082773732057,0.4406408671347191,0.2809229375273499,-0.7221862296008864,-0.3710378803910238,-0.2309483840361821,-0.9900311442363444,0.6227657175621275,-1.6809409573524712,0.3725500567783206,1.030778972273802,0.0,0
0.4199286664341079,-0.2768518236531759,-0.20881708251216585,-2.9441966411418163,1.8393018637725709,0.5157932556075409,-0.43585058798470666,-0.5826425258378077,-0.4785633224450824,1.0918324744797931,-2.0354329207446806,0.8876095562084203,-1.0713894062027092,0.8731966463213412,0.8835981580630857,2.2709958244663007,0.07176306239952872,0.283354170296575,-0.5266322780186395,-0.30890577536043223,2.185782021171353,-0.23933438883375505,-1.0819520106441924,-0.6023703349564603,-1.1728015021729186,0.4393131646417989,-0.6609424838391398,1.226141304290821,0.620768662507839,0.9766460528671572,1.1219608662362877,0.42319459601662734,-0.6752039059956021,-0.7204438588861161,1.135362396938571,1.4221099765205456,1.0672106673160044,-0.39240967750801264,-0.01666172733705642,0.3558210302086425,0.7042629863502919,-0.2011224761168482,0.3937973014979748,-1.5056854718262531,0.10862971560237998,-2.1180326281073447,1.794691406995899,0.4542307785610776,-0.2620816355522119,1.1801059610192115,0.0,1
-0.3186958346678685,0.8376870396567054,-0.2871988528753464,1.0594133641587686,-0.07894876887153154,-0.2426820845448637,0.6194687233734182,-1.573732190271976,0.7592540547424081,0.9429968387142094,-1.0224769196170915,-0.4157485698909825,-0.8937407684208509,2.382173168181394,0.6912768329577367,-0.7080225444073385,-0.5940791491688815,0.3733584506759858,-0.6993462170541304,0.7087466905241298,0.9449495373439596,0.9470288298883256,-0.5078146401990045,-0.11921428121058318,-0.9420178391210884,-1.2630200194150272,1.245899115808324,0.1158716715240804,-1.6475488439413792,-0.30825351073405793,-0.8424461691540326,-1.3301653171527987,0.4601008176447538,-1.5428485174719548,1.0529166678826776,1.0429695795910559,-0.3125015437980187,0.8902433562617592,0.06007541891656201,0.33517087123565115,0.5120882716909504,0.13534549081503933,-1.718900565315033,1.6874266717354476,0.17067948581299536,-1.3396629489540473,-0.913665669242296,0.40296077265179336,0.4595770779950401,-2.133692014285935,0.0,0
-0.4180898943555634,-0.1587741651955437,-0.060232025496226214,-1.471152342562147,-1.7455510480197785,-0.5760388489613484,-0.035070417390107834,-1.0973423693918496,-0.6539395609400117,0.144196348980441,-0.9663308045683854,-0.7487103494993701,-0.019983595746633196,0.9049083022157804,2.913342615379582,-0.1487901734432069,-2.002938281761254,0.3699210456645797,0.6537078203077047,0.3037096771043263,0.3261741488609413,-0.6026666486893313,0.5918346209576804,-1.1352887108240572,1.030607170630802,-1.5230938549992603,-1.7466376864853548,-0.2449765351317424,2.104773424161425,-1.1082459934533029,0.15370472394787527,-0.008536772421931002,0.6132723713952459,2.0475013937424498,-1.542128031826096,-0.5513624428476679,0.43678793994842896,1.5526177247400643,0.3788712244983005,-0.9750980090850536,0.10833320060379872,-0.6875302513222362,1.0296581223458774,-1.419075658930515,1.575953590624554,1.1683209387685176,0.1792346874879044,-0.4209195173290906,1.882000158174111,-1.5114956609329897,0.0,0
0.3965297994642341,0.08129122949796838,-0.2788497568041992,0.94101830375562,-0.9346755912842148,1.3993013145858275,0.3069559509570522,-0.07024917648683204,-0.15338878243432527,2.0468507121014445,1.0109793155334428,1.6788644247088187,-0.8389235760150269,1.438188006521908,0.43231022922001655,-1.117230123919259,-0.3038883757558439,1.1349530415734448,-0.33600871403123783,-0.0798437181104604,-0.21752047102459546,1.0121483942773828,0.9257507763365164,0.8089552394145287,1.8973592438909432,1.0329667575986692,-1.4538419976799788,-1.291233068614916,-0.3459786125871491,1.268885280552313,1.138169121912005,0.7328177869179431,-0.4861028736798659,-0.09676160523811896,-0.27014081114180993,-2.484683397165389,0.16186493356089052,-0.5907827314783303,-0.5843597371609879,1.02091011990492,-1.375354062715508,-0.7833477886318779,-1.9693434789185458,0.9372178176445916,1.2402833247154137,1.3396981048723584,-0.8578536998012408,-0.021844209091790502,1.9206822298128068,0.5665785896900989,0.0,0
-0.06425739674710823,-0.9903272440774936,-0.5477488713711033,-1.5242017162444077,0.2514298731266466,0.21171559320305244,-0.8736354162375365,0.021248180461496367,-1.4135997910969953,1.148346911354045,0.8513115652759853,-0.4318245861509061,-1.1391569155536625,-0.029529695996291086,-0.7219280229272497,-0.18151056813460315,-1.5876318136434855,0.5060874231703644,0.3368980824528421,1.8030494727570796,-1.2348158634358708,0.28007136440068675,-0.7622440544189067,-2.5570052374910133,1.387874452425235,-0.386137191979516,0.4335606443688153,-0.9789716287501264,0.297883666263616,0.3268768137711157,-0.05887475051429183,1.20560025532295,0.9177900476727772,-0.3624795963552157,-0.3910234316867621,2.4358020798066806,-0.4445598006984039,0.8407974356713384,-0.12414812421105895,-0.12393295091027767,-0.8007080184895005,-0.1715704964387983,0.14985845692668098,-2.5018841734038,1.5256206064763962,0.1021011082875852,-0.20192100155722206,-0.16337868969556568,0.9970806722527008,-0.5507197535339631,0.0,1
-0.3946291297749229,1.85815035203097,-0.19180069441524594,0.07815418540523156,0.2546492689194842,-0.7053324645547814,1.080935278121359,0.3250329662025848,1.1414487889056055,-0.04025966747261789,-0.2775988509235602,-0.09095608510591356,0.02919608310274576,-0.10012584847629163,1.92212739429766,-0.4823702850745318,0.6245317770788369,0.12583071632821044,0.3089037411645573,-3.055402791357791,-0.7188988475330562,-1.529646221347746,-0.7485687063396951,0.8403683150158928,0.4911839451120844,-0.4067769558470383,-1.333429166920041,0.8450603933193982,0.53250775852447,-0.8224021239646724,0.6969724822586009,-0.15635513088660735,-1.7770900888203875,-1.9882978720217543,-1.1295284525172429,0.09672002124863684,0.9071299288842152,0.15443938987177644,-0.08744748229618768,0.5190487750478443,1.367145501729479,-0.2552449644503169,-0.2695608416140033,1.1863398325985135,-1.3044093119429416,0.6025072121446948,1.050257529488091,1.6641871374497106,0.8750866663543235,-1.1849374300198745,0.0,0
1.6037603786983277,0.6820805581167492,-0.6801683890377489,-1.0195797674781462,1.3392924317725476,2.1691625124764062,0.3072690334357441,0.05971415992684225,0.16487118348105995,-0.354828357892937,-1.0841092960100878,0.2666904883501727,-0.2652684081979551,-1.0828647941663547,1.807747106054565,1.1571677586171123,0.19876662997009206,0.35471385609063844,0.2817298055102657,0.5724785725030086,-2.5906118598159744,0.3975487893829287,0.8080678488152039,1.555170768655818,0.8553448622603971,-0.5265059023507079,-0.38317993489156976,0.2799479555631305,0.10656613807635423,-0.7527914094691431,-2.00393889768922,0.4260967266117236,0.18254819789840615,0.3557162201819278,-0.5249063227062473,0.4686968669307434,-0.7341339492746117,-1.5870785260307119,-0.605951459912266,-2.601985694896063,-0.8715705377355683,1.6137928458917932,-1.177775221189833,-0.18734116986180469,1.2931960148611488,-1.2424243790749956,0.4478827851009624,-0.43548554645673776,-0.6488906378259791,0.6997907527965703,0.0,1
-0.4950912343610821,1.1191964268853984,0.6066037778995806,0.5032819584725621,2.886207070147944,-1.0480982740119829,-0.1922084790748753,-0.055102471791973764,-0.4954951878590932,0.10239982320670384,0.0508721806457565,-1.5826573787856308,-0.3688394246672543,0.250092037179672,-1.1958403001652065,-0.2905425615482706,-0.8109192772833339,-2.8855555067398266,-0.5493040552416543,0.688195210784353,-0.2598937830207371,-0.4052131205880444,0.2429384432657753,0.2734649730198091,0.8205495474961872,0.6110993815984553,-0.5915698190759203,-1.0395574250601338,-0.6362605122396611,1.3087125007957952,-0.7548225493222317,0.5500402297978993,-0.7771432539796218,-0.4189091093770779,0.30447973748652546,1.4285781142605776,-0.8200759860364316,1.5150104448519497,-0.3414316332058913,0.7326637948086798,-0.7588215154714637,-0.5324492910482619,0.6844931751385848,-0.8612843290222788,0.261981119800172,0.5145267504725443,0.22132273795398655,-0.3881172806262495,-0.29175023805931816,-0.8744883985689064,0.0,1
-1.6780506103816404,0.1050478311440241,-1.2174737850870658,1.019400903047646,0.5300203669406531,-0.2021976900507655,0.9007326561236816,0.353715679213177,-0.20420164749225653,0.9906765268484454,-0.2256936308111911,0.7935542208203838,-0.4778814335507053,-0.10676450079917432,-0.4930225518451015,0.687695716598397,0.5247554182665258,0.5815660697154313,0.5534061257533356,0.5287093275445576,0.2724822843595143,0.31803654531229497,0.38515824943888505,-0.4509145183452682,-0.2465439166231339,2.0561865040782807,0.3448357579110623,1.86267334760902,-0.3929876047071072,-1.438400314139673,0.6978858326049007,-0.29517969004463923,-0.06042180049956986,-0.3026720546031744,1.1767756606147601,-0.586191834022109,0.7689453716523621,-1.5530100447919717,-0.19558119633892504,0.17974822414060485,0.6215354765700348,0.8415572562548225,0.8603665926166969,-0.5942321840684741,1.297422940974141,0.23320427361536705,-0.5053582070639371,0.2558558944546163,0.7080288130409765,-0.20315607542703792,0.0,0
-0.35364011958910146,-1.6109365802179878,1.8541569240892608,0.5935037209945029,1.2681567555142228,-0.7095682814460635,-0.908652243945644,0.94309355335978,1.0799918651925862,1.3559452031281656,0.3897160241065871,0.3329213504459377,0.8627582136608077,0.40166898817787694,1.1163189822560164,-0.017589691107944182,0.3968462817338129,0.4395326053354949,-0.6490959119443203,-1.7248266780541617,-1.969689850750584,-0.6776029051714549,0.4394259683970818,0.14686054846596858,-0.8542247683791878,0.9441062694735284,-0.4871203327097332,0.804777593352722,0.9092509033795172,1.4335943417696322,-0.5013295745456365,-0.4208945090924197,0.8610773838763345,-0.4584007540513037,2.1574917596399152,0.3955743914874824,-0.4348019650473943,0.02247106376180551,1.0914404993787186,0.6067985306223477,1.5620784451436007,-0.7392314155716421,2.421318822957025,-1.5153275326738749,-0.08315207614308992,1.1406221308158584,1.0591065951587852,0.5841401776574662,1.4241671377406977,-0.2587474614330916,0.0,1
-0.4499925650066873,0.5790113877284749,0.16010801320672627,-2.4930294934066213,-0.5691359651374476,-2.396012017445444,2.452571031614418,-1.1971498488685977,-1.3378672976398769,1.0494878680772568,0.131833697642921,1.1700720911549494,1.780748217607258,0.1312720319950378,-0.7131091451007945,0.08779133822429365,0.6484725826267543,0.8182915046000152,-1.4609824650057677,-2.7469970488539546,-1.037597132227633,0.29283325395582244,0.6250881450568719,-1.8304000297344138,-1.0632315696720074,0.03581644179321698,-0.10664513604204606,-2.3118534601074847,-1.1171341032173328,-0.8677955791509661,0.2340013507372356,-1.2544320510858131,0.2348549186781849,-1.562427744535562,0.7218345698377818,-0.14648384127488728,0.17734073303803902,0.18182550073544887,0.1036082429168096,-0.2670099465506178,1.5697441723143428,-0.3217474417348062,0.21803571950486106,-0.4509290369889599,0.4078273293396467,0.033161523538402925,0.56929850681403,0.8495404342356632,-0.09506593002559577,1.1655612487142462,0.0,0
1.8135737732468709,-0.09656706437606392,1.8258239239767,1.2260138035392203,-0.3986836633786138,-0.7850463177391076,-0.6240626503727813,0.9539883868892172,-0.31246398881899284,1.2768383463600177,1.1516060696241637,0.4089767220444131,0.10360569878854556,-0.8417132439536009,-0.08563309048360758,-0.26706615767188435,0.9043747272759426,-0.05591319699991788,1.8601395391994744,-0.1438543188726169,-0.7666610134051656,0.5175195671829692,0.2674230333967475,0.15405122688504158,0.7781232425718898,-1.2861908389729586,-0.7604664717085131,0.6924140037385864,-0.8971452291836198,-0.28621677206671314,0.6942595029911044,-2.5283450274000354,-0.6692043611673378,-0.974563913410074,0.9412710536940101,1.2390769227114422,-0.3002777342309285,-1.2001462861370171,0.9695794712264244,-0.8072014347889311,-0.8953396205607693,-0.3114304594226709,-0.2928655935894965,0.8930936193026705,0.4974615456775231,1.025399321277473,0.011556380782888773,-0.7098159886435474,-2.2516266577003408,-0.2342586412667733,0.0,0
0.9505263253057064,0.6861676877906556,-0.19172072653885874,-1.1444421080170104,-0.5018246420447166,0.7213948909625045,0.3205703605698039,-0.3529555461389101,1.6508410216481637,0.6098362985318274,0.5268975938253309,1.1645076348314494,0.8025471292484868,0.08967638157820737,1.5532737498168163,-1.1886536745723384,-1.0119066300498738,1.4911960461259186,-0.1265243551926302,0.0568065828676899,-0.3110869118328562,-0.1856682505305664,-0.1576690910221343,-0.43926030558115575,-0.4459324732978103,0.8453588526790909,2.1718471969706528,0.6547072857148472,-0.017803825544066804,1.2709894553478331,1.100826236550552,0.6869148155662943,-0.2400984685485861,0.8385661834333277,0.1620063893938531,1.587538189325248,0.383964914329908,-1.0099975473942355,0.22758304601279594,0.9411298167047304,1.0783012339740483,0.21401928164977232,-0.29983481738228746,1.9447236437384132,1.1973646094671355,-0.17487920826141434,-0.4996155626453616,-1.3154753548272229,-1.3719525872966922,-1.050393017700611,0.0,1
0.20259202121911168,-0.18122657324881286,-0.5118346226488052,0.4795794973845912,0.5595669909870621,0.6912846888307028,0.8874071190135147,-0.4181534807152583,-0.13508511602533388,1.1767865232370474,0.529360290074173,-0.3351639631702217,0.9362307064381172,0.41169563887360605,0.32723614231806725,-0.7662840302802171,-0.1950523053631105,-0.13261937926253087,-2.2993312315160885,0.10209061986512187,-2.0589086814333393,0.4609336294111296,0.5745225760122535,-2.1382491196570945,0.498870400610595,1.8202997692562253,-0.9462749694094598,-0.6193367645962531,-2.7244171059947773,-2.004655346022616,1.3878795969907023,0.5473952378123597,0.20309193078596272,0.8093675734780988,-0.9998360001578532,-0.7222859719684885,0.8977281190635302,1.2013767018766397,0.3991400077141397,-0.8999600554412446,-1.3825730816389104,-0.025898532306236986,-1.8729525607411388,0.3068112780898926,-0.636183020133311,-0.1806241114471824,-1.0641588082346314,1.936150233201692,0.6600539014972494,-0.9159948062568032,0.0,0
0.7585547147759151,-0.3383135768820894,1.0503338859997335,-0.07283537698929575,-0.5828346560987789,-1.9901683511482475,-0.7717421919651742,0.5107827795337005,-0.1613910296522424,-0.3864731167738759,0.5579296565906271,0.7881429493225005,1.0790531276807835,-1.2080628168614551,0.13951809417655048,-1.9348860255659863,-0.16922640513564471,-1.1438061692063777,0.2144747133315254,0.07785814009950845,-0.46192096699721097,0.3724742959387475,1.360682404587456,-0.4996415489806884,1.4331128514763551,0.17819667591962182,-1.710020925897606,-0.6293055576093708,-1.3339738234107772,-2.939282971872788,-0.5524644671558213,0.7913173689174302,-0.10946744273570344,-0.265562721978455,0.3617026479543641,-1.5909389819819642,-1.0997073195938374,1.067046162737682,-0.1699293891482052,1.1108827901564198,-0.3029568123674401,0.5690429935141589,-0.0939409432870646,-0.7647051359212684,-0.3606011924746656,-0.2843899596641761,-1.7686774541003307,-0.5844316591227192,-0.43988274834380536,-1.006312842530534,0.0,1
0.027021146262522118,-0.5186031240409127,0.5807087758628632,0.7004458979975949,-0.4503461622893468,0.5903527999894521,2.1811894522874278,-0.3756605790832123,2.2137642489517013,1.2937803904359737,0.5278407789061255,-1.3520956549421712,0.20673727451455806,0.0860666579658455,1.1676469267166285,1.1694281506036326,0.6484684098900324,-1.404843729511503,-0.315592922536842,-1.5303727835354102,0.42967882013222414,1.3274156304939382,-0.5379748731136633,-0.2965254819505009,0.3587535845731531,0.8726263293301428,-0.3229712203581247,-1.109704007818108,-0.2188896713449328,-0.3659286058466417,-0.8161003761176244,1.7063970403477196,0.2785081915748517,0.4536706264819601,-0.4290342994388289,1.7160752857470487,-2.0122132412046043,-1.5397395969014298,-0.26368735584239034,0.44138544840303023,1.157343932044223,-0.9766085630077216,-0.5406325873638096,-0.16932604461264927,-0.7436027891133221,0.10084938094221926,-1.7346772119158438,1.9859959586464957,-0.06177431468410435,0.6994621156847219,0.0,1
1.371996572031809,0.1979625328121895,0.6818026183253683,2.4331673044703908,1.396979449087704,0.18484907851345087,1.0368089870990314,-0.587170401549678,-0.01518419674956083,-0.20669012284595226,0.5330537540816189,-0.06691305664075861,-0.22364340602443192,0.09425043842179504,1.9510261476977044,0.35745517928582404,1.0307477445888724,0.5551056292787699,-0.24116910300088865,0.4976915160927395,1.9352010250019585,-0.32553463767598023,0.2489832310272464,0.3098056435902719,1.6295932836311198,-1.5044998418619209,-0.11145602996775447,2.06379656233754,-0.2932221252996201,1.5153796818565843,-1.7412333383287693,-1.4913659288420045,0.2638022441078579,0.6777953069940539,1.8103784402823435,-0.3379881934883946,0.0887666526196487,2.0290484583757453,-1.5033410284828084,-0.08080249446964044,-1.2776342786042756,0.30354539879074205,-0.0970814029326362,-0.0682453395728128,-0.1391157487890096,-0.8597740208742297,-0.5786502248679943,0.4574687012241743,-0.14991392690766067,-1.0197907276402045,0.0,0
1.994145670408344,-0.8176269741762189,-0.588692337716897,-1.5187632871660914,-0.4394812858327089,-0.6665211108794811,0.19087871294279196,-1.51591526655122,-0.09979034151762016,-0.4165812187017087,-0.7037032216139402,0.10017924276675684,-0.3166815235127546,1.7443914098257314,-0.09624933590436346,0.8423274809874296,-0.32969906014418604,-0.3400182472187829,0.5180138772269429,-0.6459100077892646,-0.935064912772266,-0.9012494648762209,1.543449363859292,0.3650150063217996,-1.1535740564858925,-1.2954971061213392,0.1910438056942593,-0.17231734055528505,0.4594061920787064,-1.5015588659167844,0.6676882954645714,0.7046759175772207,-1.258994054075513,-0.6080667897728439,3.0815947543513924,-0.7212914227761277,-0.6012886022181037,-0.006494020231859947,-0.5785760799655609,-1.2975211586369313,0.009420431142193141,-0.6777695942888503,-2.2232443184855426,1.2402002319801892,1.2583875329182483,0.4477809504374242,0.3719091206845504,0.8123125438035227,0.6661027472536131,-1.2630298489725391,0.0,0
0.8556611441924087,0.053277546145298525,0.1258205318618632,1.3370972877914746,0.9726768174199724,0.4323960525414549,-1.7106941775410949,0.2485880371193743,-1.2992059996132383,-1.5566608501897192,0.31744861398317314,-0.2887550573525265,-1.1277802391738971,0.2450457794278504,0.9826203650324828,0.3837268690454909,0.4211586082428515,-0.1719770648137769,0.9676013528027496,0.6251990187566111,-0.19181856741366812,2.072147330207412,0.05784049981228515,0.4849254586640057,-0.3763200748428491,-1.6338300168103168,1.5203914727665133,0.2547880602616428,0.2454800332788941,-1.2586649430657841,2.1902741383896664,-1.2167525067741454,0.3493287299436439,0.5777929154905562,-1.0844622726902091,0.6223845157995957,2.5647569791513485,-0.9404171392917908,-0.24238461202904446,0.8312411637748499,0.6029485377155468,-0.6219013766553136,0.5435009462909249,-0.4565078109040124,3.1923058412256164,-0.047861542103058825,1.1286290326620811,-0.730595645997438,-0.5531740235165258,0.03824069648290698,0.0,1
-0.9236337634589588,-0.8597432798107357,0.08399379695797646,1.0533614854994264,0.22030056046621746,-0.03300185530159115,0.15289456593364326,0.9199833969566366,-0.9358228728625018,-1.3220004862539678,1.0298261090389131,-0.5189741517238912,1.2039660053206718,1.2479221767621775,-0.5274993185128997,-0.6402463448861041,-0.9403057209120316,-0.2502719372962638,0.36930202218830893,-0.877384844681237,2.4068625489283337,1.001922707105366,-0.6006388761996356,1.3743021572940928,-1.1378349900264233,0.6504399461468376,1.4584112811858594,0.4967590982772169,-0.5676476307903533,-0.6888058653894511,-1.0764729199649679,-0.33409926054598404,-0.3037577272808001,-0.1834334317009804,0.5577774975877968,-0.2261328019403593,1.5671767022438317,-0.024970176391542174,-1.993165867431224,0.6091702696059031,0.3833102247564794,0.11323516688980685,-0.9226872675951796,1.1768586467333209,0.3739676414236827,-0.006093801531923421,0.38947032990273933,-0.657507622521303,-0.5071959394004153,0.1696069181171161,0.0,1
0.16109896649151242,-0.24105722733462026,-0.4042002671854511,-0.2897412765885924,1.758647753733297,1.6938263024307174,0.5877235089293353,-0.6950533716045494,1.1620108332232129,-0.10061532489129428,0.3562749567796941,-1.463726017315366,-1.5432800195131329,0.2462569945539085,-0.021200692100044043,-0.8855850176570731,0.9993712342296421,-1.6963143364149111,0.6135999282434306,3.439266504346732,-0.6966177017477769,0.5003395256138679,0.08332155718724081,-2.1726436389510377,-0.8500332012948381,1.2374082897101943,1.244167082925686,0.10912989349189392,-0.7374402845576795,0.6254904063849008,0.4468404134681889,-0.35363192051929515,0.2246222081224266,0.5305145610979893,0.7263972399934314,-0.04596386373189405,-0.7644083900317238,0.14938658947355568,-0.9231795162442056,-0.32073387598138675,0.8403942649906718,1.2058884459021928,-0.8187317093790961,0.25013103245560797,-0.07090566621184978,-1.0455774038146295,2.4276571218743723,-2.0737120562657294,0.9710675339303207,1.1204660101969477,0.0,1
-0.0172184569692761,-0.7674369997048798,0.017738299181354448,-1.0636375747962004,-0.8705571598257128,1.3471592006136397,-1.1346821650007306,-0.6101345402865812,-0.5305056161021728,-0.4475082514310991,1.1372613726204688,1.5112221101510424,-1.4642844786123368,-0.5013004930748378,-0.03892528058011375,-0.4930752134042058,1.7125824708014283,-0.12371906405095764,0.9500841652934776,-0.2524135456770717,0.0123149213588661,0.11394873723987968,-0.5784058072558118,-1.1602543000928824,-0.7816482419373042,-1.5369437468581753,0.3305938009964142,-1.5413175963230308,0.4620898348113562,0.15759000827500474,0.07287160116916201,-0.4737254313508689,0.7408646445525471,0.5281341808867595,-0.3281094426424507,-0.38865373201448544,-0.2463251338640335,1.4539420362515676,-0.5646860137392116,-0.5854679425773942,-1.6171681004621432,2.2217030200109313,-0.7187338868664518,0.19032279807168254,0.26744014818543405,1.3056166059179009,0.08523452916347117,-1.6697942075784031,0.10171257737519447,2.0224780164533294,0.0,0
-0.2688498965355342,-0.5313254612463185,0.14381775471540212,-0.9309935954767008,-0.5868912773314287,0.7341810716323607,-1.211245114721497,-0.3880104273052575,0.029258503260707263,-0.4865386805219067,1.8238937209019137,0.8247965860940708,-0.09832894720174204,0.4275536757922076,-0.127011425036891,1.0880708346231358,0.05269425040549439,-2.323108595974403,0.514752131382632,-0.6615402535324526,0.9136327568892602,0.053089481272144315,0.1714801033954679,0.9701690448505188,-0.36240590252069066,-0.07920938324331246,0.4372642103235424,0.35435511283515697,1.2917809192659395,0.06805616301236651,0.06709380557594602,2.0291532084684065,-0.5897533724149022,-0.8208574012127641,-0.6527436100222551,1.3530925441288721,-1.133974324718123,-1.5423501121126988,-0.5321890867187473,-0.9293871741159104,0.8044499373038623,1.176244524575473,1.3059042451253011,2.4999192565946844,-0.7191570472792019,1.456919464407665,-1.0951901313917909,0.2693412088628685,-0.5034947682242029,-0.6845433696552684,0.0,0
-1.057142511166618,0.4565962589747712,-1.5301468641905098,-0.16555839651037155,0.06839189275081857,-2.000599761132018,0.4157948841263487,1.2769625249307484,-0.0900790202621542,-1.4032173599167532,-1.1393048148111673,0.4331700025043117,1.1064373621518606,1.0786850884505923,0.03414997663940236,-0.7566677583197137,0.0185848240730492,-0.3227008245183829,0.5534692141617845,0.04056907008557757,0.5846495838477236,0.2016686379793685,0.9149577056712268,-1.913095892085616,-1.1432309157077984,-1.1185075624428529,0.5817789527793326,0.0467952296928979,-1.5779930263807742,0.3399814979919725,2.632264799611576,0.06678821961763794,-0.4065349853232077,-0.6493775400101492,0.8122705810343394,0.3460723387856573,1.7659158453870052,1.439513383238309,1.333895819558618,-0.4066059851059354,-0.24444482553421135,1.935220383262056,0.12479550153859692,0.6020381961144543,-0.4525171673600387,1.079643796257732,1.2650569108971146,-0.5146359403283802,-0.10374283472827553,-0.6926743337048956,0.0,1
1.332344164786781,1.6784224329388966,-1.002828277586571,-0.468017774597791,-0.13853316975244287,-1.1561222828792581,0.8993319872498644,-0.09199226347257697,0.3626046644591897,0.6967793604915999,-0.2581210480211404,-0.4601997184885957,-1.1749742884195598,0.08590105042239518,-0.293019981171629,1.7142942075157237,-0.4056754514940049,1.3375161275126468,-2.038758363638717,-1.5164659342837623,-0.8693947172445172,-1.0207145113535847,1.2989636960237854,0.6084068994852597,-0.5883384219155811,0.5505959721652061,0.1736647761679294,-1.9015045475765755,0.9531932771221812,-0.6552241474141487,0.18723103305820674,0.31393203964748845,-0.13173974317588708,0.33730654465187365,-1.0819923025937352,-1.9850871601229816,-0.6296919506621184,-0.5760824611946782,-1.2934184923391905,-0.8626102911719703,2.4125947806853922,-1.3173816491916066,-0.2564649778789223,0.15499161588487068,0.9496511806877058,-0.048272613560037134,1.1074223002993313,-0.042261071743619816,0.04812242430327104,-0.7566848044041763,0.0,1
0.5139725023945007,-0.6631167578112868,0.29109931471508665,0.4766799035670541,-0.3699387358609061,-0.11410485862236465,0.4030839982247672,0.20330226089190534,-0.7220642956213862,-0.9483334734408928,-0.3500232163167274,-1.207272084258585,-2.308328067912637,-0.3738010863327965,-1.2594931659567756,0.9197066230105312,0.2087563683203021,-0.04034772678932473,0.5883705999803878,0.057385272563585325,-1.4497061823889066,1.0293855488636594,-1.083463755183515,0.20024596090423216,-0.12495919517376958,1.7136673398731583,0.0750273566980263,-0.3312765550119074,0.3398349516550652,-0.8236932847183502,1.8003570956869674,0.6194591363887344,-0.3853856118907154,-0.9449894362210832,1.0832923950356423,-0.6005217931079008,-0.8492242145734047,-0.24466478443691225,-0.3208908497208907,-0.7745802860716826,-1.2987495712698391,-0.2385946286957845,-0.5425821457724233,-0.3695682564441759,1.548531664645855,0.5738150221385103,-1.427961959346942,-0.5974217819680324,0.033167810752735005,-1.2267532503146514,0.0,1
1.5400436576852008,-0.13257895187366014,-0.9209300982778972,0.3170444166407543,-0.10200113221530388,-0.30324568874704605,-0.2255208052795069,-1.893741721191516,0.8396374481363016,-0.34674307895633844,-1.4616518829503982,-1.2107749094116451,0.9680908027751172,0.05951623598285645,-1.2762280786580869,1.8001088095363478,-1.3690525189432194,0.2814218322703275,0.4199382009027308,-0.9082547099856552,-1.350451887640422,0.6713941360215763,-0.4377226996017299,0.09619192243118414,0.281907882182824,-1.3668087609110329,1.071169770297579,-0.3468421175651544,0.7644148652612693,-0.8279532827077061,-0.5462633988759192,-0.5934552194321808,-0.7867527103858396,0.19721415451388014,0.5918347577478617,-0.6489077445427391,0.8740878133513534,-0.6626325397599212,0.03171655924022553,-1.0842096273526929,0.9111944894103576,-0.2959244975630553,-0.5267634739880972,-0.8715794171819603,0.5418848751825021,-1.7738242172644398,-0.5419053331364262,1.7890002113428038,-0.23006342025226795,0.6200897354580206,0.0,1
-0.7641628146308302,0.09054998645958634,-0.8889661881765408,0.2288986107459935,1.5231295971666798,0.5178982532369202,0.8128362390133839,2.0906890100317908,0.04394637971561058,-1.2744946413038092,-1.3310857468858144,-1.0426139837496784,-0.5353572707372075,0.8462042260518711,-0.5363857945358383,-1.5510788351711142,-2.8328327032738834,-0.2959738208657564,0.3069650728717753,0.6662569998467943,0.757149042503203,-0.7562715205433634,-0.1713778556951909,1.2267580848957294,0.9788146684142112,-0.3406882688493037,0.590767041035077,-2.158891965723992,0.487337444838577,0.6918228542519059,-0.3748680054449319,-1.034477454292851,-0.9338007042048696,1.416875095975919,0.06643607800998258,-1.5129118972280355,-1.6685514818572191,-0.5882113588705732,-1.4938712588210281,0.9566583224472204,0.026091476175162318,-0.9167952916073618,0.7537444367084475,0.7150801233893378,-1.874282900906317,-0.7235221257748757,0.5428032554340503,0.7369515767731903,0.9043135429621206,-1.2631716778663815,0.0,1
1.171246546027365,0.13964426504287333,-1.0304237239572236,1.204152033787704,0.7548573059047663,-0.5943180675017025,0.4008110727322696,1.872028159442056,1.1371256666994396,1.0347228096144885,-0.5813570319926733,0.6695433228756223,0.4052879671506922,-0.38637100849072187,-0.6348511746263511,-0.7850820873258342,-0.2051233432165883,1.6705904194742254,1.1791149442270563,0.1372947476381899,0.4528689911471802,0.8881159373118257,-0.2444246550502964,-1.1534592972863356,0.6052750564864939,1.0715372865842936,-1.1138600560004002,0.5071481565429591,-0.7397140795300421,-0.3739804881841009,-0.5178355163373618,0.7133503538662183,-0.002404340048982521,-0.6856515304810288,-1.296569034930844,-0.7402877982521809,0.06973472906168425,0.183491866282327,-1.038376340679413,-0.612409290841523,0.19827466938224705,0.3627958260006638,0.150651327501334,-0.11909367966090965,-0.7921724992281641,0.239644157960616,0.8454247606180206,0.2563726532759545,-0.06704932324931395,-0.158318199880079,0.0,1
-0.3612603953670168,1.3218621150652432,0.5869802588745743,-0.34126136572174504,2.124682507826328,1.0490158617642416,-2.369863537005296,0.4443980834815565,0.8041339845988735,-0.647168209886449,-0.3597871051202806,0.9856553192905791,-2.0854551000021218,-0.1564031601985406,-1.2416168744780445,-1.0851594769524626,0.3252012020804186,0.340063992699698,-0.6257524054063932,0.5406372147127633,-0.10586823126476712,-1.1786689886470252,-0.2927780805634217,0.7689366505969064,0.8059548271560446,0.9601099453479393,0.054538316826422295,-1.0901836986042774,-0.029415550986313307,0.2450663975841113,-0.29810271916678266,1.1418088592869908,1.129330374229612,0.4442707152125793,-0.21019271195199468,0.4151223749209681,-0.3295351409969272,0.07628581231511733,-0.5670099422416379,0.8677140117180927,0.3261289596203777,2.4075545334603996,-0.6796593448301179,-0.4258151358561975,-0.0507348139402183,-1.3289462886880774,-0.6137644645160871,0.6504483424817099,0.3175438663158817,-0.18342011169668046,0.0,1
-0.19235241249628132,0.1966119436257081,-0.2552363202835014,-1.9604008016956767,0.24253495924145085,-1.0833745911912276,-0.8212883667163366,0.43999513912050014,1.0608469856464189,-0.7509254778795612,-0.7469279010241509,-0.768198001557138,0.8779363270855582,0.11575609566254988,-0.38229779715242784,-1.6235579679068517,-1.4478239849269139,-2.3987652049200685,-0.10868845154846787,-0.4889530913823616,-1.1158441790830322,-1.2744561399439418,-0.6038009758753374,-0.598614557062306,-1.3015094364422952,1.8063462945184936,0.2406689986718243,0.9186167700254808,0.271740101230358,-0.4749164880137455,-0.09141104547175982,0.6220865770853987,0.8303671825836008,0.027938944176396623,0.50302416626164,-0.8939606785008416,-0.6006038801917475,-0.3520717096984141,1.5411329086192074,-1.0781344688982415,-0.17766918363018264,0.7958717610325619,0.8629876981553608,-0.21242425174965893,-1.0513647567915798,0.6640368163932555,0.7253507574832522,0.6079322357167889,-0.297113339478935,1.1398671349209126,1.0,1
-0.754777937098881,0.4474610454770882,1.2047524581276725,-1.1326019860922754,-0.21910618289212752,0.2890432040621074,-0.22513847534056025,0.5034901042081416,1.837244765814125,0.6974004815107294,-0.2935123416148264,-0.1811308572549972,-1.8975494174038088,-1.7482252708105308,1.2579534194776691,-0.2953713843098493,0.9421462773312088,1.0453459355912054,0.2285637611844153,1.1430842592553698,0.6408458118625242,-0.07795714871932043,1.0135905719924236,0.2153547919805556,-1.0856797162631118,2.465609158728613,-1.0712595910343221,-0.41344945478338463,-0.2987449041564353,1.321307090371572,-1.5182363139795394,-1.3959389828119335,-0.2369605968551848,1.386313252027833,1.6304684728981418,-0.22724501998899554,-0.5763241220767078,0.17262833891080615,-0.4726698061211211,-0.1397213720570539,-2.2981046367756397,-0.2246370761163724,0.5485178817358244,1.6388285369921112,0.03388789121052059,-0.6926045862689624,1.5517967205248322,-1.025667993458076,0.2267823950058746,0.8605821182547183,0.0,0
-1.0250131230596442,-0.3650372938172874,-1.51521443937986,-0.11256515801716577,0.4342516809269865,1.2663998269223735,1.215559700149432,0.8165159449816062,-1.4734564776427117,-0.8249765833771293,-0.4894935060930452,-0.3213014396015333,1.5203415612876918,2.191211349261455,1.303470803161079,0.6608348813403332,-1.4394819242018368,0.0619022068821325,-2.8200587717930095,0.8937265285988704,1.0205532048363763,-0.7550470828556852,-0.6960232143324155,-0.3557411256986348,1.4926786149458555,0.3338308143449976,-0.2749832091021772,-0.8957363480478696,1.1924639203914136,0.6945518840402115,0.4068898046877363,-1.254768073200674,-0.0905663763556102,1.8125487226118082,-0.16237797711955226,0.00482732403623906,-0.4999018049768447,-0.006469260993596285,0.17296963570572546,-0.8479953801766261,0.9955799849564136,1.1431827115827973,0.09149183187952327,0.11871342494224428,0.7678776226773273,-0.9452543557000096,0.06384521405667555,0.081837395548292,1.530568121862546,1.684137489353239,0.0,0
0.24532025535455096,-0.8955696149305828,0.17216632470780038,0.8081165272208969,0.20052413598906813,-1.0945813743015589,-2.8214346867320392,1.2143266652308795,-1.328946513534753,-0.2887704642785226,1.02665401251966,3.005656790607365,-0.1971966558997501,0.1186440717171311,-1.175839662746021,-0.27600771012786923,-0.3076882278367448,-0.9504793578084482,-0.043142776030109534,0.08408330004769966,1.0390454180707345,0.8698975125150663,-0.9195233179321272,1.6859215598525783,1.1392538722421557,-0.1919693234857156,-0.10092562737267767,1.1483299656748398,0.9489196057871221,-0.4593187311066185,-0.5933530911456504,2.103787611209589,0.0211224183616033,-1.8758884814118737,-0.15548281913840875,0.5995152444216336,-0.032376291303361115,-0.6611609382082552,0.8822001091124142,0.8580375070670097,0.1192277210567289,0.20015153388020324,-1.7865176027717782,0.9035493829608829,0.6767900985367711,-0.2615647213030368,0.6475565202132522,0.14418631294951198,0.5020672111489697,0.6206177643387546,0.0,0
0.1831173276648994,-0.8121990206637891,-1.653441331004961,-1.1274572119414916,0.3631925487804451,-0.4404579367748749,0.7503197893225059,-0.009162262429314873,0.4573696705322701,-1.0230080011932527,0.17075390995084774,0.18428275792799287,-0.2866932088835923,0.16762655360247108,1.4567055798324642,-0.1713763810418302,-1.4429847854959563,-0.4446870291782635,-1.262168304067971,-0.3707944663522639,-1.5648865857715213,-1.2121620764595051,0.23798313289630466,1.0519138446948426,0.33972694476591153,-0.3854101291977709,-0.6632747839601856,-0.8931756615416807,1.0262352810307565,0.2814212222684764,1.2219393344129297,0.3014671492500332,-3.0484197020818726,-0.2328007050245543,1.463134247754087,-2.9697983550340714,-0.3128965953278605,0.022596242610886632,1.0304329235373018,-0.14918340838030006,0.6169616558442493,0.4100034916844924,0.08381532514687443,-0.5415261755683682,0.2805231927037501,1.8894194757541294,0.11426398272756293,-0.6130343059645754,0.4287010515531841,-1.7241542413076352,0.0,0
-0.2495925951309859,0.03887981713730743,-1.82008302489874,0.6032649919469951,1.3027303469641869,0.7069656174345574,0.8861409523401671,0.20216075059011354,1.6551365460781924,-0.8865350284384362,-1.478753107541153,0.7622263415010293,-1.3237790191931111,-0.4939370397464464,-0.15925948465584544,0.03805423715681649,-2.9399206807469285,0.3468243319537307,-2.0823911428489543,0.13174229812234944,1.5783829287942224,0.22149617943043667,-0.8713323191414465,0.6859765670854898,-0.06269357543169285,-0.5284393060475904,-1.2391372786908763,0.4806360979181058,0.0639559795621583,0.2161949862830592,-0.7512223126833674,-1.0989305029322571,0.6323138515075113,-0.1361456297815028,-0.8340740322588258,0.700665484088252,0.9675194357913192,-1.0446434300862932,0.9084489000351408,-1.7046152826069616,1.7417947147927673,0.5609875069716164,1.4823847700073856,1.6225697643569783,-0.3005776605717109,0.14186867856207466,0.17470957841724666,-0.060697681910626626,0.7718557467017585,-1.8177226334416456,1.0,1
1.3601646355778196,-1.2742956339717992,0.2547871535680387,-0.2536054174720063,-0.022444441833771138,0.4587246430356565,0.026997541905656296,-0.6193289031521371,-0.9901926416243718,-0.6923928142184919,-1.4762777163500267,0.0037059883291179828,0.7839858557047945,0.4370279964400725,-0.7420125066661366,-0.7580794715346129,-0.1690462961166567,0.003737558194926547,-1.4377691632936316,-0.8576611785054397,-1.0560844070034554,0.7452862663761883,1.8293382762829196,-0.7387169267785325,0.022898912475193763,-0.5891529226629809,-0.8886205053090931,0.34792567493661514,0.8165211049037348,-0.5717442579054406,-0.21702013042344573,-0.11304957268316715,-1.83457020563826,0.5151958434648634,0.5384683162755528,0.1722403059691117,0.7915085548446155,-1.1708947807319046,0.16638598226831747,0.8166579482211695,0.7736166241194214,0.4262083282433357,-0.01048970593937643,0.6308098262145714,1.2232948752590238,1.1386525471168278,1.2830421540993666,0.08376037218494023,0.3662269668298148,0.7750560185073317,0.0,1
0.002099203379375819,0.4252973362660096,0.9979653692379232,0.3663334688468867,0.4738271008394407,-0.8641071976798075,0.3477751838278344,-1.2281647478485984,-0.9482357311013918,-0.9579660877634899,-0.2828876190991807,0.223426462458322,1.4348799881987442,-0.07955799030201305,-0.3695282946850855,0.6869199315985052,-0.4293864649037246,0.3395978488698319,0.43349339706320855,0.3990403372583309,-2.0526692867826184,0.2755503393382839,-0.6256395868020753,-1.6063731637275902,-0.6327431024386124,-0.010717810368539684,0.07531496815638013,-0.02942431955519997,-1.034426666285955,0.6313518065791697,0.8944329314499108,0.9448432605737082,0.008857807780977603,0.060957195061015934,0.7079729121418393,1.0282079774730055,-0.10210601403354908,0.0780381733833502,0.6534243247567685,1.8978278599687848,0.13442976902501874,0.6780183414474719,1.4935564264400838,1.2544075212810821,0.06226108882587157,-0.8083808883587146,0.5130943000989313,-1.7391550632256307,-0.13560276674644411,-2.008398084561965,0.0,1
-0.5411063747435263,0.4678452640101983,0.5046236812987908,1.5322761683634885,-1.0189865085800285,-0.5660069176206444,-1.5634240543663398,-0.5989048434633826,1.0015876513302662,2.3683734237389857,0.1081266040755276,1.81488255380382,0.8362269325076483,0.4329819834705896,-2.7332559366703237,1.1060267707094342,0.7087891214218339,0.5462240957561961,2.0079090204989303,-0.8028333298338374,-0.9916772574391762,0.9155468804294942,0.716417134496588,0.531197562926464,-1.0582902549811024,0.34169325873807954,-0.5288636878491377,1.1796216629205794,0.7763886081266487,1.0444281654903909,0.8035756570323861,1.7748191768584476,0.6897858220720297,-2.729110704713325,-0.7952024747661265,-1.331950276534858,-0.02319567847631137,0.7068200620252354,0.4727993020148875,1.415186741302355,1.6234409473850404,-0.5377668557869857,0.07530385056331497,-1.5463650918024925,0.08569629869727778,-0.41409810801495706,-2.254536787658594,0.5840256542229361,1.3381361262089817,-0.9817314250095888,1.0,1
0.7105615403097495,1.1202555121275348,0.314769202063814,1.811557266530262,-0.4903425779463645,1.4216286531616429,1.06167657361241,-1.3983445847550806,-0.4676526559338247,-0.21493161277232464,1.8779329692752615,0.14409756536057944,-1.2486564373460591,-0.9590911018359808,1.8392634556742795,-1.8631039635854565,1.1959861908516136,0.18131095637376535,-0.5239935268181024,1.2008041443268032,-0.6189386734112595,-0.7911473379186966,-1.4074952188049534,0.5798056644511331,0.2467032390054549,-0.43240360530990457,1.0036838660260554,-0.7807508725510462,-0.30517345738804025,-0.6026685952407205,0.4013890141987151,-2.3328281346673543,-0.8690276631395218,0.5941842845246678,-1.40347127456625,1.050089286065283,0.7678255092273722,0.17708476127522832,-1.7172740589591668,0.8413174404423758,-0.7741109794563656,0.35028206769714204,1.3363529727390941,0.9228054487515034,1.6251240514091618,-1.1337990861559366,-0.07995381737942289,0.022503494867992527,0.8761307865240024,-0.7684228875978186,0.0,0
-0.5208745209044017,0.03313488071835841,-0.5091424942792819,-1.1242458395363044,0.9307994420140976,1.0833964942916796,1.1440213045251022,-0.7394097899361374,0.4760405278147194,0.700254718947026,-0.5616334932224799,1.4225246904771969,0.4107220021044016,-0.539598389964811,-0.3202092001877169,-0.10942397806095044,1.3075826654654092,-0.9073512176017104,-0.26836731215534576,-1.1544041153141251,-2.603504534631295,0.24814470038900235,0.7763618171743875,0.2844440799283989,-0.008625069348438853,-0.09559291263184516,-1.4981248659378548,-0.30415079385123783,-1.065296374279274,2.6240083968864045,1.2285058547034515,0.6805712898183629,0.8495882195215756,0.2638077576156159,0.8927895567454844,-1.0605782690048935,1.957463175854987,0.8114435858080403,1.8367256158057756,0.240006093466838,-0.5975819879224203,-0.3007502915367594,1.2964699625525318,0.25528648171858664,0.8595100630542484,-1.2374361405095164,-0.2739002106184554,-0.3154295265557837,-0.4539294233997524,-0.5665713392265601,0.0,0
1.198450945288833,-0.4899100402612332,0.7649274647038554,0.7724537124331576,-1.2559192632878513,1.5346857516482977,-0.02871848667057372,1.5196834746066308,-0.031047193158848706,-0.3767524548881013,-0.42924438484781424,0.17518401664440073,0.08035439029235122,-0.3768107634568524,1.3604201198642871,0.6243391264817142,-0.062429692344344936,1.0876051774013265,-0.044947266468542,0.09292349784947992,2.82508482424124,-0.7149436796950335,1.9568183772504288,0.2775167995371345,1.763133004842086,3.1004226448452754,-0.9721284864951832,-0.2826393634905061,1.7210598838253293,0.9600542380295491,0.6863392585464287,-0.473999285915216,1.7590614621606624,1.5270947879250565,1.1325722478898812,-0.361859064015432,-0.1026275662714882,-2.593794053087501,-0.0980120777925353,-2.1094031681675793,0.2898827210716353,-0.37276579407030414,0.6241642615241836,-1.0684709543329602,-0.7843688523079303,0.5404930855671305,0.19253241623734646,0.5781674961582657,0.8123012983312883,-1.431886888114298,0.0,1
0.3946563329040586,-0.8788005645847448,-0.26420969449678816,-2.9040532894285924,-0.8087604139661154,0.582161693156411,1.4132186292913396,-1.0736523672161022,-0.8585664737217066,0.1940162443778212,1.5198547646879814,0.01173211029135509,0.3294715576928637,-0.8093097336254367,-0.030297827127481827,0.5597775026550316,1.1731719141988979,-0.8814945197761156,-0.02248148702602465,1.2467298654440648,-0.7147429902435429,-1.6832964974194788,0.07721469190872861,-1.249483595520087,-1.7012148655566253,0.2321330273329993,-0.4206412083279599,0.7851480932158803,1.5681931552819572,-0.4997258663407971,-0.44013618510761976,0.5679868589367705,0.1570289126136382,-0.6585134203012579,0.19389144376973846,2.6647763824365764,0.16269748805182085,-1.6915118319683182,0.5239799695976779,0.3449514637878863,1.279855753193934,-2.063331076719859,1.5674313236998594,1.6670779983583646,0.015107962138215272,0.2295780915253667,0.45903342172373207,-0.4571703181175888,-0.2607026657484659,-2.143947265759309,0.0,0
-0.7740171381070767,-0.5311797457484169,-0.14696550255943053,-0.6839524786150161,0.1491898579080574,0.3597890548042404,-1.947345942737376,-1.3287881950858038,0.013565465840186804,-0.8012005953246814,0.684499542983821,-0.23101465888375994,-0.3296374085848805,-0.8306612402737399,-1.1222393219880191,1.2564855889346114,1.3732138873699973,0.04157165781168208,2.2881292743219883,1.2648508768788551,-0.2870180891938379,-1.5204317358395043,-0.19863673963896566,0.4567780878566102,-0.2351067009152584,-0.8887930330403413,1.7610411505250845,0.036491603099065135,-1.087526645488866,-0.8705292801108682,-0.6779949117132981,-0.4753536009817657,-0.5430135716734964,-1.112234849886145,-0.26555709495751884,-0.040801364822452967,-0.4590973091829678,0.32072917684761865,0.7646723812674977,0.29779822450336124,1.4374529375340366,0.9507915886941214,0.7612655263367679,0.5902259358514937,0.5461332888879351,-1.6145139888029758,0.5460291318093504,0.9152907498281772,-2.452528218689935,-0.7719669349687829,0.0,0
0.9529212628251972,-0.5934125888535897,-1.189652007307989,-0.1645857903422586,1.3003679037550182,0.7892047619887911,0.6041516641267881,-2.463540118692293,2.364211904914001,0.7429448502586414,-1.8713005928493245,-1.5294768830211931,0.1001020138820495,0.08375208733587741,0.4007534498695349,0.5778417468242122,0.4783312720875442,1.6079588184499167,-0.02985892760851467,1.272027616871767,0.1605882309870147,1.9730101561583029,0.3366095344920337,-0.4613601600432738,1.067498426978964,1.212090256865293,-0.61796038932523,1.313979688763152,-0.8414602167276646,0.14826330293368095,-0.4876689057225271,-2.265169691899148,-0.673593228874329,-1.0771807438479637,0.7641613154647273,1.8172386831437248,-0.5622356529269706,-0.009332011560524458,1.358571975943661,0.06274203991482302,0.34554359766020665,0.63627700753127,0.9296083457548759,0.8122060251078995,1.433641891160336,-0.024610287983817387,1.0702617442328282,-0.008213737894575437,0.6561312285779455,-1.1692657640134791,0.0,0
1.0446503117541943,-0.667643484717474,0.7193239848979278,0.2731090213320141,2.283479449791961,0.6490074728231089,0.5275405796377404,1.2905584485252437,-0.9209844613591406,-0.11560684414009074,-1.7303295252184272,-0.4086424903247465,-0.6797315642378318,-0.35625574519819075,-0.7333928243442284,0.9813658438965104,1.977624538015464,-0.14377432777463214,0.7461992229942241,0.4987097192558858,0.5842893319312951,2.1938595428026675,0.4120918218563296,-1.4060719189691342,-0.013495467289305068,-0.062292756658392026,0.7503876914277913,-0.9915030911418122,0.012081603623620388,-1.2918674518555702,-0.13426859409741668,0.15744778954846947,-1.717731236512598,0.9862347497799197,-0.7402651821087145,-0.9070243992813506,0.7906311308103474,-0.9733909031192842,-0.2225741737869436,0.6833305352266443,0.00501083923164557,-1.1031987587535022,-0.235900860661579,-0.4391730083578364,0.8513196438455499,-2.354807333692232,0.2748993374930469,1.5923936746811262,-0.3435294902295736,-0.30271429618990064,0.0,0
-0.1459019846332593,0.6365843537158957,1.1631884217596609,-0.4508476371197436,-0.2869226061163694,-0.3188910986205104,-0.5245781313207449,1.4456183638286335,0.7926165749537208,-0.7839201708013337,0.1332188158127195,-1.2262282741832229,-1.9469038544986503,0.7380455111062031,-0.9577049511671832,0.2018850349231927,-0.34728828299954057,0.6268682996116579,-0.6211912178848125,-0.548379222152906,0.003747106538891896,1.054500185069218,-1.0694716084025164,2.7451961172487493,-0.5736361266099402,-0.517937845093631,0.6210761521894019,0.10012272649039798,-0.7062383319606006,-0.4727385469767061,-1.2887686307998172,0.11625860682850166,-0.2762252170625917,-0.7671450067323272,1.3742754064646916,1.4103771494230863,-1.1239301224177554,-0.4767907760521325,0.6367124142830415,0.3681800564818093,0.3425512889223679,-0.10575660501901284,-0.4135646631423345,-1.243398939275499,-0.6168094688554745,0.9212333794997106,-1.057710372412865,-1.1959526669830418,0.4834291193837198,-0.6116249448628089,0.0,0
0.5739307335630205,0.002594654656916024,0.06564676642960046,0.2413698542067349,-0.7689735739501543,1.6135384114300357,0.6869878083138224,1.8060666001223349,-0.8546805037547894,-1.435000907012316,-2.6960323520637237,-0.9520614693742204,0.3139640362555797,0.3824464815242965,1.7755888303037992,-1.3648831507088728,-2.2297453031759007,1.3133823370544917,0.28943349487826897,0.3802205474210088,0.4273844868229021,1.4835445383151384,0.7285077016517721,0.5312920483340839,0.09658230556889587,-1.7646586512091993,1.5681472987769842,0.7740445030074086,-0.4830405589397101,0.50946108780326,-0.8896981826651302,0.2689826269723451,1.5831273262247203,-1.1252101025039551,1.3616062898210175,-0.0476325427690043,-1.0440307895351486,0.4916838401582968,-1.4489978852077308,0.5937717972427957,-1.0973842997188357,1.6223364728553438,2.222902400900304,-1.1308697162520849,-2.231453806949608,-0.7238786222327341,-1.3657113396366751,-0.451660005541889,0.7387534685343299,-1.3971252177073357,0.0,1
-0.8212388035215745,0.4233542024440881,-0.14533248025798312,-1.3336378473984598,1.7348082611954263,-0.8311717134186221,2.5470832337342557,1.9597245546522148,-0.01327312521849208,1.713505290325278,-0.8956903304473347,1.8187179388961596,0.16562267257363222,0.2510965675241796,0.2991563891816328,-0.9804611853575106,0.7042209229698767,0.4434225362287197,-0.5080236072119996,0.44716038316165024,-0.30803257327355865,-0.17792792057748671,-1.4996389762604114,0.6611517929913177,-0.7998748457413812,0.6318930305406125,-0.17818832856356304,-0.9359401005186866,-0.6995571964358722,1.6430561062149025,-1.0225295319084833,0.3028580943265133,0.8321450223978836,0.5464301822525534,-2.9184176176754195,-0.5551052292600471,-0.4475627845271928,0.2277806258636088,-1.60554843757367,0.3086939505114742,-0.32083795257587017,-0.0017571686429761464,0.105397284435118,-1.2364481460951358,-1.2284489670008139,-0.8702061602801432,-0.11586172228999173,3.1953301871103683,-0.5294301705430183,-0.2294283845283066,0.0,1
1.2618193215571163,-1.4444496265759081,0.5314569454750373,-0.15772399006592194,-0.11269111859601726,0.5274141060747454,1.0575639927925653,-0.6975382763226267,0.6309357750832382,-0.31136436225244285,0.9311900239784348,0.22731082267811026,-0.16064350492352295,-0.1471509477558789,0.10012894337906914,-1.06448388359694,-0.5238578120283013,0.7761507210184988,0.978741628108394,-1.0493125734317783,1.1144580321294095,-1.4020691377133092,0.4957063368637492,2.4114166177383423,1.199345713773562,-0.3774177033298776,-1.430751504182584,-0.4947433078191322,-0.8934605067985609,-1.0973967297525355,0.03609488050865342,0.7319082759830033,0.04202099054807544,-0.13506447024372234,-0.2891840078639229,-1.260235045716721,1.0889876989586358,0.2480876230688925,0.3608435919119674,0.8649538410089539,-0.7771614892719265,-0.4032122348806373,0.20001666490033254,-0.5774077584243331,-0.3182368651448965,0.7843107888228401,0.34069029081445296,0.9941407849499544,0.5180547606258896,-0.4197884092565786,0.0,1
1.3155912314198732,2.192760621480468,0.05827411265722265,0.9507082784714019,1.4489679887456095,-0.2527002673369269,-0.5028090188309998,-0.28690570940055937,-0.17681331817271267,-0.44683787370666733,0.3844797274536024,0.6292700789151269,-0.3447150189728275,-0.06004750564017481,-1.0267921872521475,0.3275803749669011,0.33692540976192425,0.6233521124871062,0.4746573110568168,0.2465206418353461,0.8171047110487707,1.5323348274983564,-0.015122068439328385,0.3241459921439683,-1.3705197392265194,-1.786361337307126,-0.3965304730288168,0.3093626162780256,-2.4775695053104965,-1.6195639899433043,-0.11305895655275965,-0.645450148344962,-1.117053129465652,2.070798288764162,1.2806909482360775,0.6734925062116233,-0.000293726862308185,0.8568972215285623,0.25673850768068296,0.8811422475862867,0.7021571828704998,-1.3062492339063665,0.8140607302765754,-0.8210587100778048,-0.14320739694329224,0.4669977658288754,0.5237002145856725,-0.7322298571997542,-1.2484734228140897,-0.6982728723605413,0.0,0
1.912824958419744,1.72724802828769,-0.7994124058501381,-0.6721363304636887,0.13792094373434027,-0.07903424251063884,1.9786156422527192,-0.12744103610616772,-0.596273201924806,-0.29006044917592066,-1.0886831821879992,0.4698043822091809,-0.3384783382449121,0.8151887083137194,0.07540469421861684,-1.0201032982730938,0.022438918088484517,0.4857262575361661,-2.0147315915773345,-1.258914485200486,0.586000188963712,0.6202301284640442,-0.3903800090385644,0.6420795202556395,-1.3615234924819863,2.7998560438220594,-0.21648581721064086,-0.5135388682758599,-0.32687989726815314,0.3903250070645705,0.20227286242240927,0.8629235665655961,-0.2823617461558815,-1.5967183778694367,-0.8431029683673484,0.7020707075740067,-0.3152628520480152,-0.1049625660220509,0.8439921150446893,-0.70522012882817,0.5285122811746661,-1.2233541898051394,-0.4607308574294372,0.030646445476312976,0.2516297848856944,-1.1650799211324958,-1.1642533969249689,-0.9256070667100486,-0.5856759432250179,0.014119632507906706,0.0,0
-1.0402803948382873,1.6366873725192157,-0.2287723900853928,-1.324968697337992,-0.8663046807322093,1.8375673199267613,-0.7581761241688456,-1.0789771554417404,-0.30183966645819754,-0.4763283792407559,0.2740553890871197,0.2597340309118891,-0.2437928496437799,-0.4160607014703304,-1.2951184200569936,-0.6628567810388009,-0.5129969143752898,-0.20962741818740374,-0.9275482680405752,1.0689760058532594,-2.3728042987845623,-0.5335613164913297,0.20117661699959816,-1.6531638568729017,0.09038726945926584,-1.6407476375576815,-1.9204266619478512,-0.7724459179186863,1.4992804496528978,0.044880809359507084,1.1224058992938513,1.2726178192898812,0.556807605625163,-1.4869981156327106,1.7239454181771778,0.6719523647237327,-0.035797091837832896,0.4154728892386168,-0.6105816970288896,0.7740461433385907,-0.19458870544958,-0.2877856675803903,0.12672486744405476,-0.0186516261637288,0.16986328603857498,-0.8043798903341559,-0.0007429573997076809,0.489009056471145,-1.7084316961840451,0.4465890831690588,0.0,0
0.25457185165323576,0.7238699700189367,0.4467164690419511,2.4793175594433974,-1.1719883880585384,-0.3423391987732478,-0.5009931874213133,0.9461096691175562,0.09488518942771987,0.04570671722609483,-0.945150360273024,-1.8988391571928835,-0.1342739432377504,-2.1996319864387184,-1.1055094138029309,0.4989658121367284,0.08829141238141694,0.049419885669150856,1.3085217231954849,-0.03771922377716698,0.7546272017855149,-1.7052298849252392,-0.4002477699463776,0.25250016319392266,0.6725858482117845,0.15352647945504688,-0.7284595038710713,0.2063747516380006,0.7547660040624219,2.3228779675540787,1.503036464943921,-0.8968206287684619,0.4623405347537869,-0.037046312098808064,1.232592270171804,-0.5458083638368404,0.9287856319475511,-1.6536792868502186,0.1936551062379402,-2.7199421638819983,0.7052721607486634,1.8853077244159744,0.5657715667139841,0.31039444316836634,-0.6686855656244124,0.925507172331986,0.4866983430734466,-0.3071215697814664,3.3924564023917188,-1.4120352161332428,0.0,1
1.652996472112726,1.428995039250538,0.001561164884862911,0.8307651858942937,-1.0204781057818553,-0.7393181771956768,-0.7265797812051193,1.7694162762407497,-0.5622417904225231,0.5365055354268641,2.327038597984996,0.4058726977878756,-0.6858152839784546,0.035560476662168536,0.4616288182332792,0.5471914534140162,0.8199811638012953,2.2035074721568266,-0.18009510200821852,0.5926567798805453,-0.7796629962702935,0.5618205029501199,-0.7920336965710363,-0.3906825124450562,0.02245563482885664,1.1862678831245574,-0.8288390445569773,-1.3576330779815136,0.16072812641256826,2.367872402434889,-0.1616621367838275,0.28525085366754666,0.5007704567608376,-1.539066759749267,-3.26722545121698,0.983733002812892,-1.3835029138509196,0.7023849621280983,-1.0528421305118838,-0.07600517689778959,1.3488325105263523,-1.2400209281951575,-1.3033942358442034,-1.7518055022601755,-0.7426140021931411,-1.2860197258440862,-1.2682112455031558,-0.17079052741314393,-1.1195775679260556,-1.3440558830058071,0.0,0
0.4040291833564574,-0.8264083557011974,0.7934387378999214,1.1594173373689702,-0.7138276094286985,-0.628483461161347,-0.12461277689612885,1.7580366211608405,-1.6220039722931718,0.5925271910841471,1.5960066238384298,0.9478881061731368,-0.9174179076679654,-1.1504166976513703,0.04747156627902393,0.9326269100471508,0.6407691408331446,-0.20728007955361025,-0.10679533565788857,0.6072466387715201,0.3357028147996517,-0.37224530300812103,-1.0463857728944996,-0.15769102084366102,-0.1508260239455505,-1.0693341657565136,0.952892132871463,-1.6313306533754452,-1.2819595784520457,-0.14691494657495985,1.5788722075252122,-0.01968393658952584,-0.8587271853062437,1.5383185165868964,0.2151161786855396,0.22804816208035106,0.19283530783688926,-0.3212807743564197,1.4209391471412445,0.4615347199079442,-2.4439850542543042,0.1644735937855782,1.143398320796407,0.014678244231666747,-0.21795894289382348,-0.2815229987303267,-0.7154524621312539,-0.42877782930787506,0.7411166519152809,0.009660066012486071,0.0,1
-0.3717315773843964,-0.038382824575128136,-1.2038095754105425,-0.9654727210615388,-0.9922856257871072,-0.4727403743346693,0.6331807318183547,0.6553927059564297,-0.7188696125443856,-0.15835813240630375,0.53026382725801,1.3759114390695784,-1.7516740277005292,-0.42464178750500825,0.9941295767432006,1.1946894594134938,1.2593666978430011,0.4119331143469448,0.2516542622438899,0.4762624240707978,-0.2186972309879588,0.3233978035256886,-1.028165519613327,-0.004287425853573179,-1.8848936103427008,-0.5318428628560862,0.6006008586309707,2.2286695203524727,-1.2005779034028723,-0.5568119340495777,1.6376020680339065,-0.07326705424894914,-2.1781159728302897,0.3200535981721537,2.504364839107217,0.07776169241427681,-1.8415190970003756,0.8460849814610805,0.7270740641099521,-0.22312957918025075,1.442208510056857,-0.8725751659770391,0.8181858058071944,-0.6683389192158711,1.018567515488476,-1.6928627390060915,-0.978141509429833,-0.6828227650396059,0.4279097196790908,-0.41374471041363264,0.0,1
0.18445082385709627,-0.4850993300048319,0.44261787929643787,0.2655568456930863,0.22031713963172428,-0.11447352718893353,-0.2711055509983108,0.7424764579760444,0.1602714825339249,0.5358410080151703,1.878414536728072,0.2798777969635892,-0.6032376563459357,0.9796551386350896,0.4054633779683823,0.21714203403662868,0.4086587571088203,1.843761177761364,1.6070416090538309,0.8801791931952619,-0.2424215258611028,1.2396341337822696,-0.8747836655589489,-0.3440969668390224,0.9502306985092496,0.3413702756738301,-0.6062107330685305,0.07033962750150548,-1.2134805062392924,0.5898125556872144,-0.006180427456647202,1.2373061347960914,-0.9760497487383604,0.44635846669400897,-0.980432340061708,-0.5770932161597578,0.781524990499634,-1.1949806666745744,0.3514937686146377,-0.6316228118461091,-0.7663118776533956,-0.3035638784188337,0.8456023736175121,0.0078043818372000575,0.10066655426188316,0.21670310298369896,0.6610777395143083,-0.8985265825467464,-0.9635858030414683,-1.9970254458940828,0.0,0
-0.7670048841435612,-0.5894547717292912,-0.6493900892503637,-0.02554190117614984,-1.4914123585966912,1.7170773457968076,-0.6935985314568311,-2.855426751791481,2.5987828963304427,0.6165532708521129,-0.11951244458963513,-0.3120918798609767,1.3643015782595498,1.7173183921951962,-0.702653293835361,-0.4488379921592672,1.9714372847469013,2.12981661858039,0.6619730469135003,0.1990701425035979,-0.3857929652217079,0.08705754980096499,-0.24577121353888626,1.9931901176269944,0.1434805262945526,2.884659550024062,0.37768868695300417,-1.1277076947732418,0.4728988238840245,1.028372474149927,-0.05433680515869168,0.6012843276612174,-0.7439367760050927,1.2997306713764891,-0.049675955809677375,-0.1684210952751118,1.067521325976274,0.5368568083173443,1.6016982134811726,-1.4478023280022296,1.9213401556187373,0.8324547614109785,0.5895458243106786,-1.4043448207556577,-0.5022310357748894,-2.7774667240178017,1.0576326064688375,0.8798056335556009,1.998983515155481,0.20782872942601216,0.0,1
0.6143212040309044,-0.8599689038724426,0.8797543607007445,-0.16882543994953395,-0.33574105563982776,-0.03857978337548185,0.4220828129135326,-0.16664268515130035,-1.5968971742321716,0.06484655152702712,-0.3471984704420552,-0.6357705485041157,-0.2208089042991164,1.0717240366974388,0.7249417596305988,1.5212537135498658,-1.0027601406271711,-1.8048164218456029,-1.3595487260838182,0.29491593318037024,-0.954790522970394,0.546285993740486,-1.5090643443785954,-0.14007575890974025,0.3147436810236469,-0.6976699406911229,-0.05965545324232355,1.3817437174559664,-0.6998477572713092,0.518884081105614,-0.9570158169043556,-0.3759926129985924,0.9774834701943002,0.5587661809590451,0.5614980020115525,-0.4789027451584842,0.01711564902464183,-1.6792280380478302,2.2161352362453313,0.0016569575889626626,1.0760669138253312,-0.3912454873996993,-0.6280140072467951,0.7771898951407792,1.2432224721192549,-1.1762238858465164,-0.5001524393647968,-0.10366708862320877,-1.1364683884377025,-1.6007963350879946,0.0,0
2.1789959416981426,0.8709194786365562,0.7914076276324856,1.2346178745913725,0.34382098995113525,-0.4963576595475931,-0.6675122727042907,0.9220504258841372,0.6126063637153981,1.2384501077321546,-2.6829804594312407,1.1156740194218635,0.7091202264168139,-0.09021530243755828,1.5310696344865924,-1.7422127986626976,0.8671565012803905,0.6067811946214355,0.9522686030089722,0.8282755378015526,0.416688575160053,-1.461389105771502,-1.2881967298498558,0.017771304107888134,0.4224540572200559,-0.17245246268222048,-0.6894980664795333,1.1033106605778418,-1.0436130672694042,0.08594556354246165,0.1693643075550678,1.5739083530137816,-0.43356593846053865,-0.8692478818870424,0.09401220108283947,-0.2729202362470053,0.2938343477287925,0.5565119746981242,0.5551549592978252,-1.1969712930751732,-0.2508216099872401,-1.0325118432844191,-2.69803887985198,-0.4111883576828341,-0.2424212596038029,-1.3040330034910446,0.5852294751141207,-0.13252908414989012,1.323468734655782,0.2347657167566402,0.0,0
1.934744128821996,1.1233851974500186,0.9331469968737856,-0.5714602749491181,1.9468955854137757,0.21168983468657626,1.3788117724135678,1.057013979450264,1.947860713278153,0.35944371046790863,2.3422157670342894,-1.3841606038051633,2.59299424712811,-0.3791466386153119,-0.21670650409090886,1.4156366268860194,1.3841602675695197,-0.5491827383247124,1.5467910554156803,0.9872378564687811,-1.2166260344011408,0.7531050613549581,-1.116954377254621,2.0438916950833708,0.7045716117950007,-2.336571408338933,-0.5484851619817213,0.6411692563204409,-0.3641661892977683,-0.3682457313839429,2.6141651964496853,0.2132388021020624,0.9203489999036454,-0.8014301658621708,-0.7695622852518609,0.1382534597265024,0.15927383930646602,0.6152572113500907,-0.8191528124151921,-1.3810417070637533,2.2075647088485506,-1.0005370724224087,1.630114287176297,-1.5936449158362669,0.7992450116159994,-0.046843556284501216,2.166859100570362,0.037983376533080836,-0.5796488584531367,0.4327150536362052,0.0,0
-0.5188255783218191,1.2148010777179832,0.056428625876912414,-0.16002945451032827,-0.7130203726703533,-0.26539849161169954,-0.4108601723207018,-1.4968849163620581,-0.4456632358087255,0.4500975515237535,-0.5387494755191967,1.4029829525064286,0.2755168521317777,0.262914134210316,-0.6352039399608127,1.3888457675207455,-0.9932067656082588,0.6886170473739043,0.7020249412265887,-0.3253214886488466,0.26594436369721564,-1.0671714706130833,0.8787841549194336,-0.4433331355411448,1.0257430473618865,-1.7440731432153609,-1.632918077612186,-0.5345960242096719,-0.8185543872826586,-1.88544464194214,-0.290840282601415,0.2400931076496592,0.09016631157529206,-0.40608582254136616,2.0171223657956263,-0.5753037379340129,1.3437879165399005,-0.17644444800201992,-0.8699733264122715,0.6261030358723316,0.0792981571701269,0.007883667665703484,0.2382603513004513,-0.3303362741604776,0.4688937227810544,-1.6482903556754136,0.3606401202373893,0.5744881552223607,-0.6363621675136159,-1.3502003772556366,0.0,0
-1.3737448569358006,0.6323156057014939,0.09766679400042833,-1.0955408376974929,-1.1095006270667989,-0.2184659994187297,1.0304243794914072,-1.1663028222179712,-0.8117193102959293,0.5376991195483047,1.6846081377805304,-0.7033220707139585,0.3881866492061721,-0.13372122123352814,-0.06271476186815123,1.1324807532944527,0.9665685875261608,-1.3924869527671762,0.05024809661369937,-1.1769054881272336,-1.4627353727746053,0.8065565253589104,1.069730428979353,-1.1125935682085963,1.08021973935284,-1.068919220188486,-1.1347721238510675,-2.2021358544283607,-1.9885624177813068,-0.15988041503005995,0.3949994103060092,0.2754563745332439,-0.8269335322286852,-1.1791601499415911,-0.327046046191402,-1.8340942483336995,-0.1437318706994954,1.4169716928014402,-1.5035239026593683,-1.4354485746031178,0.487787719146406,0.8598714778592687,0.38242039970089736,-1.3899868790510364,-0.5854771420088524,-1.0436517032628088,-0.304981971182701,1.6973599312890848,-0.4502209294920978,-2.141462545983253,0.0,1
2.5255430504944023,0.6117899128681441,0.5495927728205589,-0.9504691631386138,-0.9338379155113916,-0.5388928254730783,-0.3918945426845402,0.7406516123157564,-0.6771585749748007,0.2444282130679901,-0.03652446676436306,-1.0523474523654721,1.8385934861469897,-0.9337015245192478,2.302609070317182,0.10969579274870196,-0.3512983612205972,-0.3067916501933657,-0.4918512347046511,-1.6797979985839362,0.2321193388885656,-0.4303210480922564,-0.6837127725995493,-0.5750587735581713,3.5325893024562207,0.15775509880922473,0.5203533141101772,0.9628115077935888,0.3560143917035883,0.002502949713993209,0.034597256734835866,0.645755859793022,-0.3734815408331599,0.9795290796783378,-0.6877185799141833,0.9958124234397776,0.4243405290188222,0.4459857084820296,0.4078201844967657,-0.04433117075410365,-1.3895242938203372,-1.2521657417798786,-1.2634003266513725,1.1970297876289613,-0.6614202015284825,0.05076254727118703,-0.17149630532123508,1.0899065711325533,0.4354932580592389,0.08118073276417065,0.0,0
-0.4945678950854274,0.4230855270309702,-0.8224414778403617,0.5069381374697705,-0.17993733620209929,0.3703894846367082,0.027271117715030185,-0.1685157136450902,-0.21712276148334167,0.4645258708339634,0.1661557024991625,0.926783043753488,0.13769698741969724,1.3036430133596246,-0.27115321443067714,0.4843239203469637,1.165694334887231,-1.2412297140984758,0.8056509170732681,0.09336449105559284,1.3540266123006182,-0.17022158893947026,0.443447633463466,-2.8546537084118033,-0.06338059241152078,-0.10158435146238448,-1.1028534221302435,1.7063635344067074,0.1652983786649687,-0.31424241165239164,-0.05349060033596965,-0.0005263490528794848,0.03731163907004112,0.27072832322211765,-1.4913814359282511,-1.0784710850634929,1.0309634779343284,-0.023011721221999053,0.5808694327385729,1.1914490624694936,-1.2834509494214894,0.6930896400186938,1.567433052976979,1.3654068565283306,0.3255668802948218,-0.38501308887759533,0.8848635802838185,-0.8639781708150424,1.393996100895651,-0.6558825720572932,0.0,1
1.0496411622065334,0.8490402822073146,-0.7927408917511151,-0.10768007733103084,-1.2751090727273005,0.4367557101497411,-1.5183192786005888,2.5262072142466816,0.7668664772251901,-1.4824419964752893,-0.06089667746726572,-1.082420248418523,0.3703213846659949,0.7618899876245306,1.0235869007070837,0.3864133622142255,0.15833285351703127,-1.031432953757167,-0.4736665412198508,1.6776898458314242,0.041774006414738316,1.4083601732276647,1.5947813417803036,-0.3713803515408951,-1.5002292068818637,-0.5046074347712327,-0.532902241109443,0.057234896030515375,-1.1030699229184453,0.5672618555136288,-0.22750299080508515,1.185715118502945,-0.15448495994671396,-0.017603123601026085,0.02688592453236117,-0.07928351921504911,0.551893642803519,0.11687696148896436,-0.6492227881005801,-1.4463221455323958,1.1274551707390559,-0.676184113189165,-0.3190317251572466,1.0799890630650073,0.15072647767926795,-0.8921356449403952,-1.2531616450763672,-0.8718883122603921,-1.1865447587943487,0.01877961628845102,0.0,1
0.6442601132510911,0.08835909738370988,0.7317825917722398,-0.7790760650113998,-0.06618902015969823,1.1448527494848946,1.4213131790021352,-1.1699447259187408,0.6488242703235915,0.8724044743593544,0.5242585156685662,1.5248974508137505,-0.1731225593489887,1.8796031977510739,1.3783888447165262,0.5563272112903159,-0.4489144858346604,-0.1382251020972849,1.8960375800442342,1.1474036595960106,1.576865353852514,0.9842203008388682,-0.6799016397607329,-0.8081533203071375,-1.4110695169390246,-0.07478641691489687,0.4309692457642267,0.11482391331895653,-0.3608057359481327,0.6660648076686246,1.304949433460813,0.29922021223447576,-0.30639234916972924,-1.4068098930824409,-1.7835095791925673,0.4808312641098778,0.517585447324066,1.172474751591173,-0.008046013155141762,1.0639354504798202,-1.104752967590412,-0.3023381406772772,-2.6742421891075985,0.27454769488786196,0.7711211553036998,-0.9032415775125394,-0.11473058227704265,-0.6521864578285688,0.5319667606009465,-0.798438969586668,0.0,0
-0.7353176945463582,1.2421621652049388,-1.4472415700342791,1.3387136235438353,-2.120730006761608,-0.5854334772427108,-1.3633671115967942,1.0847432004968776,0.17701891993144658,0.595518889250942,0.9002028460810328,-0.432329750215383,-0.636804905919808,1.0949351676215104,-0.5760029959840571,-0.5931320740976078,0.4392906140626437,0.5795797808594382,1.4829028978909724,0.5192018718018846,-0.17651578406456742,0.9613336823384278,0.5004441101008598,0.9490631391849388,0.8010531165204134,0.4834387219107618,1.3766440106898312,0.7573115504337506,0.16486063139199145,-0.2805910875331281,-0.6832301468102989,-0.4433425672903207,-0.09819217395586884,0.4853016448726945,-0.9595982574835226,-0.8114392053786335,1.0185005751842788,0.4998025997151965,0.5833030320455248,0.4747851144599238,-0.6326541474352936,-0.3731124596208043,-0.9131872924272352,-1.147165074191665,-0.4957038064194309,0.38029430085136817,1.120208236325292,0.9405841229105508,0.6035632471022121,0.11884773612796308,0.0,0
0.7841800193017804,-1.0265189507207433,1.6348874687286592,-0.3337181923429329,0.19779980705064265,0.646685856161742,-0.6287403610423288,-0.3856314317882114,0.4634906038126554,0.2719484188907708,-0.3163472299054047,-2.1929456823362976,-0.9620785574928922,-1.063991851373148,-0.5029387701014557,0.2138528393716692,-1.2109510414165832,0.4109179385379124,1.092848914684322,-1.7130236984892913,-0.8053805843914389,-1.6849786712769768,1.0229329992790237,0.254079446671319,0.8101818544258526,-1.982147091025669,0.6479934656859964,-0.5209529377876816,-0.6884718398327503,0.33817711226340985,0.7580891339232322,-0.5488172382906694,-1.9009962618352751,0.9059805623825896,3.3029383364285594,0.022733920251597043,-1.5493907079296758,1.3734526020040951,-0.4895265962199614,-1.6406820212050768,-1.6751248625841118,0.044601931171719324,-1.1086645384370886,0.4194235149238523,0.3261596448752757,1.1259939259266825,0.42589813071015453,-1.3832950187871793,0.6605862393170646,0.8871177848619405,0.0,0
0.5959137148571868,1.7041688473037793,1.4244826862624689,0.5022579158933401,0.8898483953325615,-0.0875560630774289,1.1581294187630171,0.05768724239272165,1.336514547566248,-0.5725812137578291,-0.01579058103226444,0.6093899557795669,0.10258985033188413,0.6881667655656305,2.3516955878467867,1.0310833085676412,-0.25443424266765,1.0889861709143998,-0.4331550659607162,-0.8597125477320992,0.9535300920291792,0.6160690819122622,-1.4503578817903469,-0.933318716653286,-0.2805075614397414,-1.1836644980900677,1.3734544296831996,0.958500781160586,-0.5091517003725566,0.5411803319693458,0.6134138909203233,2.134240826432612,2.3333228704367617,2.0239666412383936,0.3566809463860275,1.895484077255846,-0.01897391888329257,0.5394741439447831,0.10932824235627643,1.336433417318368,-0.27009380647158354,0.01864092569954208,-0.08472922657908183,-0.8217131273447179,-0.1007329233971541,-1.965432410344887,-2.185477384625281,0.4239041971465594,-0.9214903770153838,-0.07490518588418363,0.0,0
1.1053469290438025,-1.5334546722579014,1.1466718110564345,-0.9806332198819152,0.7195411026419943,0.3300447932223933,-1.21118917093378,0.14126160298994014,-0.15594961051158038,0.1867545371122625,-0.1149979221589648,-1.17145117191541,1.436832599464218,1.2655286524127465,-1.3463189177455779,0.3244185719962263,-1.5338336818505736,0.03652666295989459,-0.41871106908512906,-0.8946940626840456,0.7966809608345548,0.8071215055025472,0.21577277723558094,2.8655553433435714,0.4430517604583543,0.10014296622618944,0.5234385858922574,-0.8288284251457018,-0.8653051294702038,0.27104770491971875,1.3921861561360274,1.276909430842028,-0.4588771636850924,-0.4907259759014313,2.1151922758265007,0.6249253538871209,-0.5385064952500032,-1.1111081224277926,-0.5583051863668871,-0.3803635879266013,0.2240670703316452,-1.6350963071303457,0.2314992582879153,-0.20746098048202813,-2.6241726298424903,0.22089177996828624,-0.1562872916797268,0.7271517833281459,0.7995080190020949,0.8667634344990308,0.0,1
-0.2627990551557941,1.143863103756955,-2.056145520777757,-0.2608890008143704,-0.4971085996219659,-0.19639114536011448,-0.4321917928387246,-1.766322107366025,0.5298980413604804,3.1133395238768204,0.05670701937924464,0.30890027005581017,-0.3302584420654852,-1.1033729324604489,-1.355250446223213,0.4593471762616173,-1.2077615366259629,0.27635975090035125,0.07225821216218226,0.8574742849309702,0.4512488520986076,-1.3211086782456751,2.755167620330801,0.02822819640544035,-0.8120540985654269,-0.5630421142833919,0.8028437508191351,-0.6360063563905736,1.102080531594247,-0.2722763436450398,1.2873744517549681,-0.16218116413369546,-1.5174934943625857,-0.9893008169245342,0.13921990939322326,0.5915774563439303,0.7269059613012085,-1.2135785256279024,-0.04173147095564917,-0.4410173493921767,-2.2756861413707883,0.08385217459036473,0.7518795792620823,1.0503441854279094,-0.42941008097965744,-0.2845662347860108,0.183055680612881,0.8615977546137938,2.3557971328315332,0.6575948666905735,0.0,0
0.2799191078382475,-1.9866497976874349,0.3530407957460944,-0.8547891155540193,0.4169356062557102,0.5935037544965174,0.3234645744287282,0.1014021684156612,-1.922239182740132,1.4522564349123899,0.011839406749913964,-0.12912394095823282,-0.6826589892965756,0.11426364086760575,-0.5552042874517983,0.54385567778334,-1.363378739504998,-0.07738393654322015,1.012063247058325,-1.648367264693855,1.3998902532932622,-0.8673198373279126,1.0809542071247191,0.061776590633432736,-0.4936559372751724,0.2592982777085459,-0.8116834240367472,-0.09077795139550172,0.9460033512933312,-0.9220061785231402,-0.22471455498871665,-0.6700234496428272,1.1131397839657635,0.20354083219491634,-1.5448450832827774,-0.755458024727646,-0.491742945913724,-1.3532203035220336,0.2815944453796225,0.0929341189291723,0.40498943352249184,-1.2317503171764017,-1.8595489093742537,-0.2327051165216361,0.3959034530492871,-0.4180669624878819,-1.2059008752576983,-0.8619343457853959,-1.1441938263030866,0.748944160556265,0.0,0
-0.9742831878435122,0.7417267099901016,0.3481382910685574,-1.024816402195945,1.1921121957069034,-0.5352040510209946,0.6975765627379564,-0.6142078209647451,1.3466824524479253,-0.5923579864318252,0.31967512483364063,-0.4127320445591478,1.0876383014427424,2.47396282869683,0.7261411261104724,-1.8336997795250576,-0.402843773576319,0.8412341824287142,0.07325812425758116,0.22013404072790094,1.0883239836801568,0.3603105209136574,0.4002902123421837,-1.4715130815466215,-0.31680199998721675,0.08576033181806117,-0.4174065231289085,-0.2286880943018212,0.7033604463306307,0.1901580199272216,-0.12083620248328145,-0.23727303123840424,0.33300510017201224,0.0632713983073596,-0.4928833624887691,-0.7349629888218321,0.4169213997006563,-0.5242816043387657,0.0020596409939044407,1.0317913910098306,-0.8537285514333695,-1.085206316599364,-0.5090429705208555,-0.1050193766537814,-0.5782261850364216,-0.2797469320552468,-0.13917953241774125,0.6907713171852794,-2.21407445731802,0.7301576374504769,0.0,1
-0.1522718658894989,0.5582890091350357,0.87877975493911,0.43243484230488705,-1.6361303837742367,1.3135935565419203,-1.2655196342710702,0.7716237421517386,-0.09505893076316806,-1.45371961266019,0.32311041844837785,-0.8942646291461899,-1.6057843036673738,1.710907462129137,-1.8177600767976767,-0.10751795573217357,0.3321541329450986,1.0268571008411014,0.04953076119537303,0.6465172674520858,0.1046350056234346,1.1411397481120735,-0.7895220383501115,-0.09614343359276813,0.8418679469051124,0.31810803406450544,1.6494984384360636,0.7540383266890328,-0.14397133514233418,-0.7722828821587409,0.1967061385793493,0.4715589462198498,0.0697255507712915,0.9021337043101192,-1.1216463185062484,-0.3799994397434803,-2.4401669439544436,0.2586456638709779,0.3348548171251772,-1.4074397314055809,0.99726152527311,1.4722190171473506,-2.988484991219529,0.4481055548975637,0.7504141312785095,1.9157715419252008,2.1996497395966523,1.090180670311402,0.07898428157040692,-0.4767805714345951,0.0,0
1.078627991217245,0.3717712334300368,2.9487230652019867,-0.14715395902636386,-0.20591645576383236,0.37164254459443935,0.2846176750006633,-0.4910932294517483,0.010968429063968086,0.12372506549139912,-0.6846991343772734,1.6541517895839797,0.7698333708524193,0.4244296685188779,1.2409354669956747,0.8483723036875614,0.8035290911296253,0.193407051170358,-0.465893501160087,0.030713042998289343,-1.94395243601718,-1.3455154055088012,1.17101719588564,1.3574209871589882,-0.2280922650379676,2.3417074598505008,0.455022394814779,0.1874693316800093,-0.008566832781042184,0.060160669181492835,-2.4095247717027415,-0.7429387058626741,-0.3326917630547583,-0.5952871290741705,-0.04856957840261015,0.4134243652106817,0.2758251000787436,0.8251542870067746,-0.049942962606452285,-1.5256739410972675,0.027798415985973275,1.0848994725909251,-0.13480413242150385,1.8940352052518503,-0.5638367893108515,-1.0271181309093,0.5654465039147989,0.7660744337663368,-0.10361065353019516,1.0871480866460457,0.0,1
-0.5941765570481081,0.3993212482508727,0.5062773295695241,1.310154503835692,-0.11267345233599994,-1.1528467572460568,0.957519206338218,0.4306327814911089,1.158025716718107,1.1914123628539008,2.6123179954332234,-0.4649011166058326,1.186756543804174,1.381443846171502,-0.009495585035494357,1.0613919873811215,0.7778268204650611,1.6012721292332392,0.10046419843881414,-1.2615165762179052,-1.1728847142442127,1.6370750878606348,-0.1790536669481822,2.5723924626670587,-1.4457317184648917,1.5483053708424044,-0.5400601646712647,-0.1286355102218734,-1.4370110722494407,0.6236738159033586,1.14148278788957,-0.08467401166347585,0.9512528447777256,-1.5665609832477263,-0.6912788669932728,0.2612689180497317,-0.30134195598104274,-0.4565265291955925,0.2888044184740406,0.8737210488603387,-0.14828980198695646,1.9520195768317048,0.3912065631276491,-0.0007915775026411488,0.4716503064180698,0.19108050450486025,0.7072046596719576,0.6560852444215874,-0.4663334071588964,0.1500193603595223,1.0,1
0.3581738712179095,0.34068843528224885,-1.660659128922483,-0.4670152732090268,-0.409374039677948,0.36976455417376136,0.6102760195393832,0.0892811664634201,1.4057580456785017,-1.1220562210555312,0.3711318256580503,0.09706966638883983,-0.8556571866816218,-1.2005955223983094,0.5538154205760573,1.5667530647275696,-0.9862369353262146,0.4632456283536752,-1.1827414749547092,0.12988605375626128,1.2870706323389345,-0.4906688858247344,0.3602506792957867,0.7701998483028464,0.8514090389735889,1.7371927696616145,1.4854604183110196,-0.3575680020526021,-1.0139597851019866,-1.0400364795975592,1.8442920769762932,1.2644788913786003,0.2770570342489401,-1.813293777074483,-1.731997078525919,0.06565408629222258,-1.036290960882608,-0.3363729526304965,-0.2485846327163193,-0.9516503188720666,-1.0431416194482273,1.488686873979355,-0.650148378809483,-0.6223044645955058,-1.4387363383865852,0.31782243324400794,0.1558393021546488,0.784058587255452,1.0883944740492686,-1.6303030207000513,0.0,0
0.2089738856056036,0.7269807581219884,1.4020003205688203,-1.9110333822530128,1.0133009699823212,-1.1631109641614492,-0.022779284686989483,-0.5003856232183678,-1.8665108801527877,1.1615382981150448,-1.8545251800140021,0.08524500222126619,1.5411789174075932,0.11697963477737325,-0.5350939255020406,-0.11093484127962856,-0.8484849752551434,0.11580285528039737,-0.5331299854897342,1.7380645106091268,1.2748653321785917,-0.22818756456669356,0.9003653182144528,1.206024058775778,-0.6027979563384864,-1.7811768737703852,-1.114007663849217,0.3345226999103676,0.03701137156853322,2.5382973505263977,0.8910218780255528,-0.5655161875732151,-0.4728822089260152,-1.0289583628805403,-1.7380298384140318,0.3795326492416371,0.21205655820503225,0.00942801156274298,-0.047475625670130285,0.9579921796661608,-1.5821440192195255,-0.09371410983333743,-0.2421709105949431,-0.7336168520161558,0.22726756440965845,-0.27160714651480145,-0.17067067251510756,-0.7700057729936807,0.15228854949068832,0.8272221336344853,0.0,1
0.0560221146771652,0.1404511871005672,1.1363438074407797,0.6636396351950413,-0.8842513465652788,-1.1560754170690921,-1.90720711802756,-0.9491225022559628,-0.5798673560938247,0.7339026146398911,-0.8877157667222656,0.16669487761051366,0.3628496604928024,1.3658762344191775,-0.8256180877283799,0.4599180170803786,0.06084842337577261,0.0856874759146798,1.0158352930385175,0.2045013275057988,-0.2545603716632408,-1.1948372883615108,-1.046333835421877,-0.035215626603242435,0.5892279736531477,-0.07945766598571079,-0.3135072933495709,0.9964238509562502,-0.2679303675754395,0.28758638719917506,0.9115140694633986,1.6856399658201964,-0.2259195894339047,0.08444330273239059,-0.9014579606343018,-0.2445816689396977,1.2948593890101807,1.2688777714034545,-0.14661496477808295,0.7853194310550674,0.11037922562660953,-0.21499048677316024,0.7853350900625238,0.5052538089069708,1.5787918930438285,0.4766788162942114,-0.9895718727716836,-2.094902026057657,0.16475649670513354,-0.5480437189589792,1.0,1
-0.9467677046925148,-0.5371630599546136,0.6347858842223292,-0.827942680526756,0.07276407779950668,0.8085346168874136,-0.498170145984068,0.31774386231450485,-1.941812624444104,-1.4560272899957725,0.7297400907469469,-0.31448719449728896,-0.5669040011324462,2.6193449716199044,-2.2272786782377767,-1.6404764802670049,-0.922444272625299,1.060618148554575,-2.123950821453948,-1.3416556786443037,-0.5229306270493609,0.2943325253400552,-1.9224213177604341,0.3925358257559479,-1.0919238706588943,0.6497584093064757,0.7027981101157714,-0.28938271064036897,1.1620749780861168,0.34016094890798537,-1.2253339965254173,2.080104495228773,0.38518674192353497,-0.6522781849804205,1.7909955659885972,-0.0005881185606620642,-1.1325089160763948,0.4626017060314872,0.2766831718324978,0.16723407000824156,0.7244478938664515,0.3873752851597916,2.005922817434853,-2.3113614930857262,0.5199962781535834,1.4267104354796218,0.12520086515864934,1.0336800000925028,0.6270288194336426,0.8483561703681656,0.0,1
-1.2709347902428088,0.5006016374735094,-0.3833790103294096,0.3478280162444683,1.7628997951662913,-0.9073610037693052,-1.606990947977336,-1.3770023737292192,0.6694343827866305,0.8032924767414562,0.30184014327371617,-1.6089429286459995,-0.7686555581977186,-0.5481914181772403,0.3821024775491392,1.583776851811057,-1.4157761538295768,-0.474626635172467,0.6816028570525435,-0.13128157513202382,-0.5927630539986862,1.5226946726633723,-0.2775035913205544,-1.4283966299941606,-1.4654676576948282,-0.3862465387001935,-0.5134722389134694,1.7488355438029204,0.2056603950824147,0.6321711189547936,-0.9563103481581156,0.3831054251449781,0.9945806333292144,-0.4122810977822632,-0.4292721210647081,1.4089023996306251,-0.8092778934320503,-0.8199869558922255,-0.7396520632014892,-1.0608770581044968,0.8942778371157637,-0.6702688976054276,-1.0919136276616248,-0.6917816858721428,-0.40946762523508745,0.0003269810201843879,0.029541823759794764,-0.6552925088419422,-0.021868868485396112,0.2910556071427004,0.0,0
-0.6328746902466118,0.06866010403435653,-0.7280605298818437,0.6349963748640378,-0.9592960015669598,-0.9786245042183972,1.9797458296141004,2.0678270803218317,-0.7984695482944393,-1.1606803008928899,0.7260169238769207,-1.4140292037865396,0.398846332581305,0.19958438712341503,0.7407891284568974,2.015406803950268,-0.35995349333226,-0.12239183813609107,0.12543683330257618,-0.21216525708658152,0.6415946019789543,-0.4864452442287059,-0.5557067382102079,0.3029994756228843,0.326420661652258,-0.6739932031845294,0.38042382907039385,-1.0960426184409633,1.8206095073505457,1.30826999343597,1.8322302007273377,0.5651349973145338,0.12807691185504588,0.18193183310942634,-1.8180032955426928,-1.972960122836811,1.923536646539,0.24621800622115125,0.7298715140790086,0.06590048232165976,-0.8114304047583889,-1.5857586554653345,0.010470988355356713,-0.7449747455736507,-1.0046204884574397,-0.93132748922152,-1.5574020262378931,-0.33840314104625896,1.0125165020234628,2.3206103861442635,0.0,0
0.12060285183523152,-1.4110322363942596,1.011080866145825,-1.122063180239549,-0.27514323444188304,-0.4329612985831491,-1.1459161768037176,-0.8488507930562752,0.8003158471920688,0.4828393282067712,-1.3936439190384762,1.3252779282460756,0.1168350894699572,0.3980396055083529,0.2150071785005016,1.0159391739264771,-0.8825750323089602,1.4360575392827533,-1.1137300941376165,0.1453706076586962,0.585524752340364,-0.02875097214808927,0.349202977400182,0.7041555142103036,-1.7847108737044943,-0.4181189163023763,0.3731484623954565,2.4362096684739516,1.4427158230740629,0.8468591584723714,-2.1818056226520706,1.1095732146225907,-0.1667253594829802,0.5429115539748468,-0.1794458300703255,0.5694040172786808,-1.1120082772112574,0.4019895393583138,0.025076237678858047,-0.48753565626570894,0.3437991936277527,0.004373811344572851,0.7817571846338461,-0.7129405058486644,-2.3064230094213727,-0.5771344614788996,1.2504815000452032,1.1881921147607233,1.1339478896981636,-1.744048528276175,0.0,0
-0.7128386302195955,-0.3566019371254962,-1.3753991108416028,2.9634926183215917,0.759214888594327,-0.6364505139841,1.1652880597682287,-1.2122693627560537,0.1315774967738201,-0.7224616968157195,-1.2824712200781512,0.4210934121952784,-0.019551714478566632,-0.5804793370357237,0.4894297301774017,-0.10563589917245833,-1.079507459397426,-0.6467328547143946,0.9196594410950156,-0.985415465292899,0.19455243193148547,-1.2529231236305058,0.8608911429203144,0.8046191231965477,-0.41386710814364536,0.1656889665993393,-0.5018347201375041,-0.5879767943928379,-0.2390581068831366,2.2724455743390717,-0.6216168570144985,0.4791673004874405,-0.4176138985607792,1.4671567126712892,-0.29226301505146124,-0.7294190205507871,-1.5069076527886944,0.6601338083569964,-0.46300437797499,-0.2958952923930124,-0.03390838291004144,-0.08966901361434719,-0.40207163946275615,-0.4221887498590284,-1.4684876186587943,0.6602007677020824,-1.7225308013368588,-0.13251700227512184,-0.3105816570516276,0.7520880763300923,1.0,0
0.7838673079893809,1.046991612450766,0.1815241739761376,-0.4544710528492909,0.6487254788866085,0.12488393566276206,1.161924895041743,0.03737726494789942,1.7664968316643601,-0.8981134436995991,-0.6718377925979322,0.7673306718599142,-0.2471734147586548,0.06720483197117708,-1.5217342991314415,0.4307510904388221,0.3348433843007575,-0.576413019779852,0.5405895776099238,0.15315520371705235,-1.2864786676630793,-0.7625878789277605,0.6156448033423745,-0.04857714034968976,-0.9850434320623322,-1.065643880417186,1.5876748831140846,-0.631507578236314,0.7587570589612037,1.050348993989822,0.4038569830755141,0.0436735237799921,-0.3201639283098786,1.2712901227637572,2.4169272764355165,0.6945882895653039,1.1103715090847417,0.9217299321517196,-0.2879271769094042,-1.2108141317828631,-1.25581193263141,0.35791481865779595,0.18141808157027564,0.7399435730414367,-0.2163598937670384,-0.5460401210638306,0.10083158098328904,-0.8236949993623692,0.2425347205262973,1.3414459852158271,0.0,0
-1.5746984689246768,1.0657032568091642,-0.4527433616770808,-0.466454502759844,-0.1003931192233954,-0.014593307996590197,1.2837993486069108,0.7819387224019854,-0.33781592135291266,2.0600394769373778,0.21449189669500535,-0.8673536504492232,0.6775148300374798,-0.8606928669525408,0.313850498604945,-1.2733471288054774,-0.5909395103860835,1.7458513848208632,-0.3869083920661298,1.7466246471432232,1.1928771510397609,-0.127145262027514,1.515196493114761,1.6540816395762914,0.7961217883109781,0.03599658450707425,0.6070112183602587,0.6199236202941844,-1.2508544330682727,1.3752600807263766,0.3729925608943795,0.5399439514198277,-0.4706695216413114,-0.4016797595749868,1.6958933884682934,-0.3616205310606421,-1.5719674068922165,-0.26617893614319943,-0.4325439570833145,-1.3023346785506198,0.3905923316133914,-0.6106909932441722,0.13452235761941822,-0.7641335963328684,0.025831665570734245,0.6443403257717,0.6954929820863873,0.502328070817294,-1.0615476148023728,-0.5967676517718705,1.0,1
-0.30107122872235365,-1.9152121545179608,0.9060446788353408,-1.0641372317143172,-1.1777526820219515,1.3498765328549716,0.5140429999918568,0.010686469461134926,0.5815638188923812,-1.1536749135600033,-0.7018634480389984,0.011281274165708951,0.6375965778743726,0.018965700813059403,0.20894706623432951,0.662578166942559,1.0845664533437396,-0.3185002313226976,-0.6160828183085965,0.05841800757451478,0.7859188726063567,0.17063981109806994,0.5437674193622055,-1.6310075684786305,0.13237779368552927,-1.0409277242311454,-0.5459934527684338,-1.1489233758457993,-1.310424869371129,1.3254992293811485,0.5701741503370953,0.5941806546951963,-0.31678955731528563,-1.226959786498954,0.7132984930496853,-0.5181389354664443,0.3395741630344177,-0.4574349807394872,-1.287754393428452,-0.8629001079862059,0.1830700293446161,-0.7780336450249002,0.612782016452421,1.4333117256213292,0.6085411489813704,-0.3157165060076643,-1.6111651254966095,-0.6950557240172159,0.4261924307737736,1.1855110903144008,0.0,0
0.3629708436427635,1.420201248567272,-1.5732303596058277,-0.24135783828087104,-1.0468062908214717,2.4004656468430654,0.9216810812779904,-1.7461633029047052,-1.1988111485752193,1.4169897707202668,-0.2593181992355875,-0.8044825460780427,0.24805694908089715,1.9111501939502902,-0.44033268125703867,0.7815680923348226,0.016475639239772674,0.4103185764635153,-0.2001416264272586,-0.6753578662429406,2.0402010014814174,-1.5739482978317814,0.4268258284949677,0.4946547336774858,-0.3351361969640775,2.2396139348162496,1.1498552387234482,0.9711305957442736,1.8451306091266908,0.22256307328139674,-0.07155924575960122,-1.0745407334382304,0.6310291187361974,-0.5963640382973715,2.3344120982468217,-1.2750332010150005,-0.6950739986074671,1.9368262638647291,1.6922778365342075,0.4954110378595332,-0.4494816128152497,0.9356902542075124,-0.09369889784336466,-1.4282403050908037,0.7188312222977792,-0.8341550093084907,0.05899129646289269,1.2139614743581648,-0.10317857719549556,-0.5912151538153118,0.0,1
-0.6894892465950014,0.07677775544988412,-0.8699645754348753,0.2564312251525732,-0.499857361480492,0.6140756024792157,-1.0722005571022912,-1.26175525619351,0.3500830543223233,-0.2808458287464989,0.04284119270910065,-1.032272865372064,0.5567888403967817,-0.6904476751321691,0.06393137323664032,1.3288607349008368,-1.5846633528328602,0.8372937322238879,-0.10528407355997313,0.043364846812321285,0.17176521666905015,1.222365648802906,-0.6360323004818207,-0.6241585586862045,-0.7785905642319089,1.961457319465811,-0.8120287261242789,1.6513854619581982,-0.8117550580099099,-0.9884081026932396,-0.5413885074012109,-1.6353980512479172,0.6902781184411937,-0.5189770620411258,-1.5645663630881887,-0.518201167843397,2.423050311280372,-0.4723447072572508,0.8275705704735321,-1.5914762970474303,1.0855674863552984,0.8745224131791313,-1.4533335610036315,0.27809044433789537,0.2889535419058603,-0.4542392590494497,0.8651715623528233,-1.9868227171081156,1.4958327428337874,0.6994681298353469,0.0,1
-0.5060632039326578,-1.7720653348565154,2.092191257020512,-0.2917677023993582,-0.33523360587126216,-1.4809872749262858,-0.4330736694275225,0.1012608020567954,-1.6188910312050595,1.7614597288977016,-0.21820799176239905,1.3692202125439144,0.3007710004240723,-0.5165639080203482,0.6783033213028231,0.12756991765330328,-0.34804051126031643,0.5996184079509608,0.811848641583669,0.2449432649871555,-1.1466716221348747,0.4357322708314298,-1.966571229622615,-1.849160564875843,0.10774768199594983,1.1709743021300056,1.6258359519710668,1.0117831224753402,-0.7509828508731495,-1.5473974538682669,-1.1563036362737515,-1.328204918793001,-2.3037845967794657,0.8778615614703853,0.8086596404133622,0.5651946221427082,0.9141573542085826,-0.20643512903069236,0.4951676880978982,-1.204620918572803,-0.6621364611985989,0.4139532468806812,2.5664865418259155,-0.16504543687386927,0.6977044199446273,-0.8787559148226578,0.14646155251501095,0.6810860794988889,1.0751431700358092,-1.5740895162939992,0.0,1
-0.3751842810390333,-0.14243936060208526,-1.4721432705376605,-0.1125925407340427,-0.7349489283398349,1.5284494464163147,1.5122431143772668,-0.6587819593184506,-0.4248759870134124,0.3167559778002425,-0.18108590708043296,-0.1532408514476845,-2.3020892749071566,-1.2246437126018737,-0.7722138840155365,-0.6544913362651652,0.3421958152108471,1.1598042446454326,-0.6086986180596721,1.2992001280045575,0.2938966753753101,-0.5095051776314918,-0.5196933852859191,-0.05816536823314946,0.4575572290268078,-2.374764485059184,0.1823873152506163,0.2537073288974528,0.048412383004182165,-0.34344995014909563,2.5514751017719504,-0.5110775243124656,-0.028340934077345344,0.4464522538885156,0.9339488300022336,0.560282909327231,-1.9275924591431002,1.3159461957820104,0.8127258059925301,1.8902521630399904,1.1006371735296665,-0.2763231056570953,-0.7618979542112959,0.599507615953794,0.2229409389352836,0.3139045103934016,-0.07694543146427073,-0.08656190607369124,0.5926709304868689,1.9270659850886371,0.0,1
-1.2889465570557117,1.5263904101391974,0.3935662928332835,-0.9830544343847027,1.0347898385361551,-0.3758361878732975,0.2832398143443162,-0.24577622493617474,-2.492442313499567,-1.0036013586444674,-2.6258709974818557,-0.1982581562005748,-0.3699058491590615,0.9448363375611134,0.7837263054270445,0.009241838811783169,0.07866991450588938,0.7158358268966108,0.8591860385770258,-0.0011002197884848917,0.00429732457318867,-0.7655742495370038,1.203734525785335,-0.8883911521680722,0.9370638206769067,-1.1721294766040888,-1.3008942336215,-0.3055698590828747,1.8225202692425813,0.6847500825869854,1.4492572575628957,-0.2949409236043274,1.850752315614556,1.6359972948758112,-0.14405637207696642,-1.3826631197449433,-2.1322921988143797,-0.1750061496669654,-1.0644393106304808,-0.2487047493921208,-0.6050913768137978,-0.4004861329210416,0.9809408052984052,-0.6724898710286745,-1.7607227929716494,0.4064488475188221,-1.1674252831813554,0.8730899998978637,-0.43089156697840975,0.6027440431075379,0.0,0
1.174819600888157,-0.9157443330136052,-0.6578784568624385,0.6345833607254313,-0.3665328047292424,-0.3845509825392173,0.8593483997278708,0.8556533792997191,-0.598314044031543,-0.5096375146335604,1.0663222125086935,-0.715552027421836,0.37680410671438747,-0.8071445415179163,-0.1890528139774036,-1.241935289882374,0.550139900855298,-0.625562834230584,-0.10629346440176,-0.7573341667976389,-0.6636447544043321,-1.552898737923806,2.3870309248692885,0.3360116116071993,-0.26242175793390105,0.5563602929281694,0.6543053964313417,1.0171808859063391,-0.6202641043449091,3.0390355621452296,-2.1593822609447964,0.3393350902901721,-0.16945128251560052,1.1542421872051285,1.2725178189503998,1.529338124327831,-0.2524109653032521,1.0705299870801326,-0.14384041850494944,0.9330562693989409,-1.483773579317858,-0.13627353249251858,0.4042013712057919,0.4605231596588355,-1.334867698312915,-0.11254822094030288,0.8062578472759849,-1.4731151678617718,-0.7646031926844097,-1.4570959902028753,1.0,1
0.6651160413249007,-0.6093125349545895,-2.097254528865485,-0.8326476084242865,-1.2878207253071388,0.3927492794720246,-0.9511135978643284,0.7052483571840856,0.4163999410741062,-0.4155128325268516,-0.5367597930571703,1.4439187543307084,0.22376154691813796,-0.5890276403294321,-0.8289474161493989,-0.6072924813632208,1.0379388454973462,0.19437683099589811,-0.7578575327215775,0.030969008908520636,-0.4788944332869627,1.4962592167678428,0.09280509708039006,1.530576973879623,-0.20108145701092164,1.0003789674189736,-0.6531131776578659,0.11583897481041258,-0.3867925125146364,-0.7381004866730834,-0.3555236977149925,-0.409933266582464,0.32693861546746783,-2.0528467052461026,0.17230714997952287,1.3264956670772283,-0.8787945079225531,-0.11223138274700137,-0.4458147919470779,-0.013434415080038892,-1.7498065667582172,1.1286848631351436,-1.06137096448777,1.4960819783628216,0.3824867313393072,-0.6046364151003093,0.33175554711228383,-0.952844467243499,1.3542954457776768,-1.1398154402286478,0.0,1
-0.27044136134063235,0.7281516341972929,0.024766681218033573,-0.3035804186975656,-0.9755204089544516,0.4929112634908046,-0.2122309598929141,0.9765511420275746,0.1541919548574226,0.27084134981957925,-0.02753437250309938,0.3884406600799764,-1.990660117807277,-0.4864719737639282,-1.184992266106701,0.304206755346657,0.8234389905270204,0.1425116578796337,-0.3384134972280188,0.3743615280458025,-0.6560588505556003,-0.922834732194098,-0.8218201196433602,-0.3128982804789016,0.9862440803913808,-0.07568323657246505,0.5726689184451701,0.9979897492349444,0.7644399675403384,-0.06749866651664757,-0.26987189905556697,0.34978808995525057,-0.6966451215057466,0.15587892261896472,1.0279755843753662,0.02336831915291913,-1.0319445237332123,-1.4861075193387452,-1.3646504101459764,1.3861569338813549,0.09256644700438876,-1.199269728805742,-0.5175789090387322,1.7362580093467446,-0.2328678198492337,-0.6653467817931168,0.24958746902612025,-0.3929535542351951,0.9056741718348468,-0.5666298607805962,0.0,1
0.9500426827162004,-0.18088201779237326,0.544748667358397,1.1523696056893713,0.8999510671746057,1.6647187805311088,0.8881672878276826,-0.4977207299055235,-0.2287113406251269,-0.09286902961398373,0.5504010860490238,2.9408635043127482,-0.1117364541364639,0.13007888195104672,0.4918930246044254,-0.4816997135330313,-0.282982245034106,-0.9151257189616958,-0.6882419465418953,-0.11265110151120655,0.4528962110133078,-1.2606751104892715,1.3035649901676558,-0.17045344504179208,-1.0770607814192847,-0.017178285400688508,-0.05869708622988017,0.8096717831907844,0.2990944056277969,1.4616010249770155,0.2049250174213755,1.1104730634352966,1.6683599303240697,0.20009022349183486,-0.14764545299610113,-2.4730451020261874,-1.3104410122115722,-0.6161998038835811,-1.2075519827651962,-0.5605056667932974,-0.4816138789484761,0.8608944671648533,-0.10181836399599464,-0.4354600926565888,-0.8845943046670299,0.86295449425716,0.4806907388731057,-0.9114007429033992,-1.510956214790379,-1.0887701498599949,0.0,1
0.4676578158248416,-0.6805514214431468,0.33833920800260875,-0.7828814849144774,-0.22363335839174406,-0.4498711186988148,-0.9758765041049582,-0.7775341181359562,-1.9626908587422511,0.8360486604019128,0.5129105359032484,0.10731983873637373,-1.9736593187663585,1.67815167342978,0.909868116529913,-0.10367694871906807,0.5246805386142418,1.5678715671359078,-0.06005082016312158,-2.008352155211097,-0.3679865456584319,0.2842436770375691,-0.10470138365427807,0.9987591665209352,-1.1723371950659962,0.19871984064851933,-1.2104023333958571,-0.7271707846982469,1.810875497549568,1.0300144481602271,1.4724742194858258,1.7403554136518005,0.4026843185741356,0.3626901405312148,0.5732911138713543,-0.5344698466627513,-1.208256586520029,0.3300058316298192,1.6626346279735371,-0.5953742170773366,-0.041360363544580836,0.041242479368756864,-0.7228571259860768,-0.6386526883575118,1.0479878374889282,1.7079863890287421,-1.0269765996173084,-1.5213711695200005,-1.8886812754559,-0.9255610767722572,0.0,1
0.09427848203230374,1.2306424553126645,1.3612351375162548,0.8099305334762446,1.4130354404089138,-1.211994372107384,-0.28541012094726786,-0.29550569331570203,-1.7849537929610344,0.8084993359643805,0.3147580098235664,-0.238867229757029,0.029351240074188375,-0.3090974439837654,-0.3849606538897731,-0.2407191333530116,0.3726657164786881,-0.4998904483682261,1.1252288887243804,-0.2274576561675172,0.6010611982381071,0.5802894465674475,-0.32622488120686743,0.43121399291412543,0.2700514251116292,-0.4187999021028396,-1.3275171548885059,-0.29577016417913243,-0.668197100285119,0.5666447384698157,-0.2188992664469988,1.3117017210174469,-0.10609490747743218,0.5271794491288181,0.6475771472394068,-1.6703018469593045,-0.10387515194585377,0.6134921230451799,-0.8107344740748282,-0.2977755240739451,0.056896697246170275,0.3690066030538584,0.6491803043213328,0.86661025811139,-0.3756585229008903,0.7209046064105913,-0.7585650321573179,0.6719641824168665,-0.4049577047573004,-1.6385144886253942,0.0,1
-0.016717796898707806,0.2084835580735272,-1.6959918811693775,0.9063332518074064,-1.2503101721766896,0.10582853016531177,1.700212391647508,2.1395136906359444,0.1401113831965951,0.08583471752755804,0.4435462326790602,0.5033518790721156,0.04487184210492333,-1.1164927016166917,-0.2419035953789412,-1.4714911289514319,0.14917477839779844,0.9649595041169106,0.5668356906036678,0.5679571220304825,0.6663946623709979,-0.4337587628088101,-1.307863369695135,0.6229459364312844,-1.4101898860611792,-0.8562822979075291,-1.907669360495232,0.9632334406225468,-1.4093355103783751,0.12655458801640246,0.28527213247749983,-0.08869835518822436,0.8276757026441964,1.504377307630646,1.9408230782582017,-1.4645495681421137,-0.39212947074822746,1.3554396521126388,0.4085910894912432,-0.7845477322636998,0.8509048195628618,0.4246405671316623,-0.4038053644462396,0.8368502504530827,-0.06760282387749374,0.406493280572428,-2.124422282280741,0.3157983990300146,0.3086829488859233,0.4655303456307925,0.0,0
0.6705696774805977,0.868580820149955,0.41439805718033856,1.1132886141886835,0.6983662082622281,-1.6973157865558963,0.33658216927903506,-1.27337145276228,-0.586522173815205,-1.9379512520358044,0.5016466624211465,-0.9116676550544554,-0.22196631764320404,0.8736889770158216,-0.1871612320965803,0.2673424884863709,0.6856616287099216,0.687383968688367,-1.1828923286248,-0.5986581577533162,0.13653586925937578,-0.030565021482843676,-1.2864336148187714,-1.6734591658856257,0.7911647483844709,0.2146158883457611,-1.0403456080073985,0.4520693490086961,0.22432506429569826,-0.07733311379021313,-0.3185829454322036,-0.00786713825532126,0.6564084742101436,-0.7460640620409533,-0.17759743127189534,-0.9229182749078056,0.2004940744075992,-0.36686764068733857,-0.9958205050385684,1.1302893596818604,-0.8490906488698695,-0.4444471500048737,-0.6050038988318411,-0.8230531623309414,-1.3933398553060206,-0.3257828250384712,0.5664766041347756,0.5651094130536595,-0.17537416744672832,-1.0648705239695362,0.0,1
0.4530718120223962,0.13648218973302426,-0.7662557546910059,-0.7179090471053395,-0.5666736872964606,0.1115903572929685,0.6019249842102385,1.58002522017908,0.7180184556414727,0.6807248749759173,0.5893057067091889,-0.1556219426658367,-0.14809804003234636,-1.81734071968119,0.34188720804824274,0.3973276612756519,0.13133946609493038,-1.3944864900892306,1.9011731973611363,-0.04733754249216562,0.1922926746243092,0.4876312453357192,0.08564628715244703,0.6565436576563966,-1.6760020004058045,0.6708768472587499,0.6831995689968251,0.5048092170704017,0.2293081631185281,1.4759963860636922,-0.8670201936016114,0.5380486047055864,-0.5577733747208014,-0.08289569438228866,0.2531060555915433,-0.7583860040367494,1.086565303155072,0.3812019348493542,2.3290865817295736,0.7709757186089207,-0.9685342704791392,1.2067837594264008,-1.1375457592393552,1.675220686474258,0.5689276189024208,-1.4300685406023987,-1.851731816725434,-0.867950512297129,0.3355090959128133,1.0320744796192869,0.0,0
-1.0984400849840503,-0.1535828270102126,-1.1323570662195337,-0.01362584664912696,-1.5044129481755568,-0.5659646382277754,0.06916774952106876,0.07391183206129559,-0.8881647032593692,0.4103438396250708,-0.6190249473706658,0.7048308355066601,0.10743774021110686,1.5027207890116347,-0.3211427380909666,-1.1239224002138508,0.7904044169367346,1.2076236895505528,1.2187543435837178,-0.5431752473821956,2.504888221769133,1.815424728445978,-0.2944146970807049,0.6528679357141195,-1.9047488329332456,1.709597001370613,0.6740992084901767,0.3229588440237211,1.6320916250534736,-1.2190851233959743,1.170727244663676,0.7633510108844558,0.9432808152902388,0.30855627484139503,0.4910631951006797,-2.324170013329648,1.309584530774,1.4623022436424151,1.6152063996806882,0.7908304384341003,0.28501317659968844,-0.03352108760782643,0.6814958974444293,0.8784888211438718,-0.7960239495027418,0.14998948531732953,-1.5342782495173808,1.928286434652369,1.3716950967940178,1.7163248363222652,0.0,1
-0.5349235988467345,-0.3363531278213356,0.6749126833300878,-0.6833309803051403,-1.1188048061045028,0.12950405608755627,0.7681051025595538,0.882083772179604,-0.842512702210962,1.7279292686695844,-0.4312079858760221,0.6370465006914849,0.4341918206742038,0.5935818120603941,-0.5059401141025295,0.4949732285185745,0.4822551722312485,0.4190146466105378,1.8511954216653688,0.6887472108227527,-0.23899537249865235,-0.4348603442669379,-0.17355609734788974,0.8650569578449936,-0.9027163925044592,1.298603477778744,2.7793859802466705,1.481154252310743,-1.336272049917336,0.6787633456457255,0.3297766427253737,-0.2814820068026706,-2.157099453947308,1.4975766506791852,0.3614140663951788,-0.9665038489405692,-2.4023241385706977,0.4227944248412434,-0.9396286380454386,-1.4233927818222245,0.675366754832048,0.12297920337793918,0.24271213052762006,0.4267780584898793,0.5338043078855509,0.3227007355949147,1.4045171981733966,-0.8403173533175093,-0.9519303134884752,0.6409058515916783,0.0,1
0.06562639808709761,0.6628740289372623,0.9492703392294816,-0.22527058794237476,1.0907136534830957,-0.7576460444000634,-1.343769915757823,-0.35379679820129184,0.3176714429658336,0.44823628446505503,1.9240787045586103,-0.9226985794624892,-1.1989809151075042,-0.008777567363330987,-0.13148365319859806,1.0099799871424076,0.25835368947145426,-0.8992081267882889,0.51935274162574,-0.2903301971007722,-0.300993096235407,-0.4805790159071919,-0.1344378306074605,-0.958890724564164,0.5067625154234477,1.066347885111853,-0.4682461445050145,0.9497981289011018,1.0805883725324008,-1.1630524451856807,-0.011990112584286344,-1.2310699829388392,-0.14277007483636034,-1.1485969283358155,-1.2196576796586795,0.7173974990405854,-0.011864342770280195,0.6337480316395451,-0.575779214678351,-0.5525869667219452,-0.48014518582141996,-1.1123732338118266,-0.656460907567518,2.3030956538588403,0.6506042089939685,-0.6300465409961524,1.6284558084958882,0.7246632763470895,1.321074817764095,-0.33246872855188425,0.0,1
-0.2982091851934394,1.0144415321950688,-1.02756529406787,1.4442541732073888,0.17841189462358453,-0.4236801175060351,0.4090693603934831,-0.12363567397049302,1.351270642919344,-0.11593016327915195,-0.9146049968139044,-1.168533503772084,1.5821162272932137,-1.6403663312950545,-0.016037149999220277,-0.05554415923885852,0.05040484682068932,-0.9591294822492672,-0.3049615620168857,-0.4253339682577656,1.0829408867177368,-0.9777423581133536,-0.5208465460863774,-0.1476068812345751,1.1647341285354518,-0.25458428226864377,0.5446909761457519,2.515378046033508,-0.4484322363805949,-0.7979305214329213,0.3678543501436224,0.4572502558303985,0.7247565783267023,0.3617198725782568,0.4433571040490334,-1.049031566124348,2.014567997107823,1.0192673569208524,0.0360309700942778,-0.3152050167405355,0.3261123299523608,-1.3694095107190956,0.5351321712552531,-0.5463607339161477,0.5656466467917627,0.29746265618427153,1.4898756239950828,1.1952033197232883,0.4971359795210322,-0.33714455975526714,0.0,0
0.8439048059821488,-1.7839095931614688,0.3269133321010145,0.6970595082538141,1.161975889698199,0.6299749331667391,-1.166789910489911,-0.5266387149510742,0.06296253146840929,0.9222466179888036,-0.08750572129722198,0.12392638703783823,-0.10226020246858247,0.11228495028894893,1.864036612372356,0.6284733408536858,2.1167313830749417,0.7560303871508628,0.15823250326850202,2.8160826402223367,-0.7736710770174691,1.0210774591216936,1.131050921541097,-0.5001631396398124,-0.5169588194734792,-1.3800709402590323,-1.3331646856511692,1.3635131867220935,-0.8673487413953525,0.2678745152246454,-0.4073725164409732,1.2241792400924123,-0.33591754926058154,1.2207784151129315,0.27872628997139154,1.5118292056682316,-0.4466749458493977,0.3385821704014738,-0.28563090323863904,1.3032264282929304,0.8318190007476698,-0.3023755284387813,0.06035137814924563,-1.7496672424072268,-0.7523594976051778,0.1599358715182727,0.6310965526920619,-1.1017279336418377,-0.612972278892262,2.185533572603601,0.0,1
1.3051718903994984,1.3981356950615638,-1.1106509271164833,-0.5360824591208214,0.6217444125052456,-0.1882096373343098,-1.2221870268250927,1.6534281026683098,0.3648314148450914,1.8098727226869744,0.08297411398795113,1.0527571198542742,-0.033716308233371635,-0.2992364646289672,-0.3305476886983997,0.29995778790187977,-1.2816122127173537,-1.8284354024999383,-1.0720383659231747,-1.0792750011117302,0.2590076824645592,-0.7614081799762125,-0.42374062234860815,-0.6087167836040078,0.2714167913912337,-3.232422884662056,-0.6869497243304444,-0.2040510560712617,-1.2195536473034203,-1.3396881798320501,-0.9739504103178048,1.9871917344030932,-1.5101097411680526,1.2728780763206466,-0.6361311164467945,-0.01080606333662804,3.1624987557553865,-0.7459783490368448,0.5884903291558894,0.14702108346496578,1.2083836695857453,-0.5386819368748889,-0.20928062443715054,-1.1010179286857449,0.054157476390833986,-1.7772570889747763,0.7197008946576947,-1.4513964020419274,1.030260375439447,-0.9129255900681692,0.0,1
-0.9692138274632032,1.3771794473041998,0.25684552365273017,1.0383245435474944,0.7176271563772565,0.5807208382094502,0.20728299281628476,-0.8566950220334201,0.8198035545541756,0.476339940779939,-0.6093919828486279,0.11060055284553703,-0.01575254030372726,0.61306654208032,1.4511547873758397,0.4939253047450955,-0.7887690970077755,0.7735844500844309,-0.7671241388780019,-1.1519106127034036,-1.3278671315804234,0.11501414550984547,0.2512798404762593,0.2705677595691809,-1.3638276517998162,0.8502855392957177,0.0935952904990789,-0.14624619665017746,0.3621059550730061,0.9983122071762032,1.0928818237766749,-0.2874933617764683,-0.015091334994390759,0.18497843646037204,-0.5466976857092409,-2.015820995203345,0.769163211618843,-0.20240570131519714,-1.3781468569282636,1.0340684566557379,1.5530246558391665,0.050830244945190416,-0.09852628685871634,-0.1621727347507067,0.5708506848599755,-0.7838318488566322,0.14141844154508054,1.4033296701448807,3.1358055821139126,-0.4204909898417896,0.0,1
-1.4163900042033817,0.5912893214505744,-0.8663655127878559,-0.0818662368125796,0.422545991307091,-0.7252536159782335,-0.910765455335748,2.3125299420676204,1.2851833716415162,1.7393839214343745,0.598611864858897,-1.3810451712848708,0.8834324807335284,-0.8113830905031734,0.3186605887482073,1.8642595824945511,-0.06004796693083823,-1.0248609794388928,-1.860262465165264,2.8167830895363384,-0.4833095259777591,-0.6150081525879851,-0.8302652375139316,1.0354731180210541,-0.9324343677390536,-0.1295863369037414,1.5022001409092505,-0.16893340364226506,-0.1712033244868882,0.2130331790455985,1.5374164440030575,-0.004310184244692103,-0.1557882002128026,-0.3409692451079694,0.14222790687051845,-0.7465049889216395,0.28988054763927545,1.8546634719570816,1.6291545604563176,0.9064609736953716,1.7240030045245385,-0.8877593673045974,1.2374127687643173,0.7967447099544217,-0.2831975801396949,0.35637999230489553,0.5417223260604809,-0.8896396032594631,-0.5278092389357742,-0.2859232579790743,1.0,1
-0.715618019019992,0.2622426723070498,-0.5101436195102315,-1.3569906672548178,-0.131998447381007,0.903848514428252,-1.7158990561798604,-0.20947787171279114,-1.326795475738218,-0.23232069010568734,0.20068949824157645,0.6912021815308508,1.657737730090029,0.3849504664375574,0.5544925439444923,0.5076682493624071,-1.2405370409107674,0.05734112610877674,0.6423041364540385,0.19200685928011887,-0.94052023580203,1.0905247607494928,1.52893816914833,-1.0501465272416737,0.9997543616886576,-0.17053701212814018,2.074460622938404,-0.06853438863621021,-0.015927405624260378,-1.8677076059708408,0.3102264231256615,-1.1272606673367196,-0.3712983113869188,0.11395775860522035,0.5324509884125112,0.015655049995569183,-1.100646193492968,-0.2367041185890824,-0.4889646347211544,0.6373717593834699,-0.7442403126280365,1.7134754567518482,-1.5199605960189315,-0.9148446167933906,-0.17424072314459926,0.3916638963817644,-0.5503419142281379,1.5759408114746558,-0.2479798766519269,0.4920770210130851,0.0,1
-0.6828317096921421,-0.4126777924251482,-0.17037944396212584,-1.6293190311874977,0.28129159714870033,-2.0522694521754508,2.014216236981652,-1.2633685455293102,-2.141659215575734,-0.39215455897287904,0.6438299018663736,-0.5464801787281274,-0.5494250856175774,0.6258106990326225,-0.3516068482545149,-0.5211523532356805,1.003130697731181,-0.4818997169462427,0.17608829487383612,0.6809323301217497,0.10436805332750657,-0.5694466906285927,0.19652619256482204,0.41210749201263897,3.3258534906598785,0.8590649941412397,-1.0244861699410686,1.1544841290506902,-0.1719186072175479,1.6065653936499236,-0.09011359729951496,-0.9913443866053948,0.4970644137605033,0.23122538375813284,-2.1917250803568584,0.8955693680893247,0.0722449999158414,-1.251050634383166,-0.8908018103665454,-2.185016543030923,0.6092984053890365,0.7193604544755634,-0.9001314503131009,0.7089385000680206,-1.3020788503425398,-0.8974496476446086,2.1532693108205416,0.3809409348614456,0.7186972759021643,-1.5424177592920485,0.0,1
0.10578488111846862,-1.15783947968511,0.9695017453114568,2.5452144506129573,1.4738957033892797,-1.238451876070531,1.3418599618554634,-2.222033682721324,-0.03474865561465667,-0.4221908231347875,0.4829786982348565,-0.8869184186529244,0.28160000879685937,0.9059978564206538,-0.31103322939913897,1.7548078910975904,-0.7418297802332281,-0.3660980078694048,-1.4893888520335443,1.6447088885650938,0.8927000598706291,-1.063195800462638,2.0275864204707714,0.11526548828972917,0.8526748255204983,0.7824099390156352,0.4730571884023295,0.06068018532863165,0.5520968916410814,-0.4973599916531944,-0.31520552196488266,1.2272571632874552,2.918903216962833,0.6457708716036098,0.4891325547924631,0.3622494533066014,0.17283527080192188,0.6334346316697935,2.0672819551397534,-0.0364386177768435,-0.296103525070639,1.192395579572188,-1.1259471249841118,0.562817540836497,0.2802698113203793,-1.3975042368864563,1.5210648245729166,-0.36741521841351976,0.11011756131569586,-1.857643233328398,1.0,1
-0.13559745480243926,-2.252887539912793,-0.9723932593501124,-1.011824169576102,0.13249660367428875,0.5563126108622714,-0.6519953634689526,0.9409831198155671,0.44954642579585097,-0.3575994751421235,0.5319211123549749,0.3321578936041633,2.504251847221492,-0.6377794434853191,-1.9022477758306395,0.4217062612032149,-1.876925964700216,-1.0416146454197075,-1.4211845242054408,-1.1624271051379866,0.02539584048053152,-0.16464446271974698,1.077564302872294,-0.6362678011125111,0.3050665026333885,-0.6464147609162476,-0.5286571541008562,0.15502622990535886,0.6941923537335392,-1.9443525895744027,0.7986507013076014,-0.32407652075398746,0.6616835566314762,-0.3711402515260812,-0.03848723077919537,-0.7389806570463788,-1.3711374960599578,-0.0011058947420981196,-0.04506254705567835,-0.30439518092322065,0.2989024102586197,-2.1317443399585065,0.5785395517682441,0.13096759615964332,0.9380526821402146,0.2012533535687828,-0.1897744288423882,-1.273695048163033,1.0829693918575078,0.448280994281741,1.0,0
-0.4672438446611683,-1.018932281668424,-0.13887099821517662,0.4069310795263229,-0.6971408485094823,0.5572655723791714,0.4688972268489668,0.20866436980053185,1.7092336935922614,1.0638166205920083,-0.5651466384516906,-0.07539989115388218,1.082328616101445,-0.5717336645327379,0.017899197574574695,0.4422881912644467,0.1841950339697628,0.16526335699408254,0.07063827038501054,-0.6446434790954011,-0.18039161924722047,1.8922172388849412,-1.226025490611156,1.6965618617981335,0.6135062955193423,-0.5499942180313842,0.346085124927473,0.10999622722930456,0.15559844181374347,0.03193221638808879,1.2455448435545866,-0.7797013208125853,-0.12784908579931756,-0.16084741430510954,-0.7173877089770407,0.868286683256645,-0.02343488692651973,-0.9804740833823214,0.10986302223239656,0.8320826662370218,-1.7659585802159037,-0.6673196399012964,0.5774608060015473,0.7542020816516917,-0.352703417995269,2.0287316612479125,-1.9559396797014117,-0.4765275302008101,-0.1716078652609404,0.8668252104258038,0.0,0
1.541987912637626,1.3579698679948886,1.3866508569303138,1.4446320043610434,1.6815564944677666,1.7487078534218443,0.53315259257454,-0.5443339780219142,0.003790849684634696,-0.1906382247382674,0.3794628047390893,1.68396012388391,-1.244512090098187,0.035714438985864766,0.4444026879097081,-0.6132753701580643,-1.3338604827951277,-1.1254282580450707,-1.6689586204384406,-1.8575175081355968,-0.7293152229683891,-1.3964604175343551,0.027550531137338102,-0.6544497899440367,-0.5122505440706357,0.17716371567552355,-0.7192353442604137,1.1460593222780786,-1.4914137423370035,-0.04574295565769832,0.32311182215687895,0.8968865401242222,-1.4285597793850622,-1.7952352346765246,0.3892474741841996,-0.29096825653260106,0.3914096236285817,0.8547733113976953,-0.8139237470654535,-0.20211004391810333,0.7855812442416693,-0.1745725425297659,0.9918037038229001,0.328675221203358,0.41236398381075545,0.04702211150179837,-0.2649191372737897,0.10824579041628153,0.5799714480339988,0.7456372156792523,0.0,0
-0.3992694166721618,-1.2923830308665918,0.8885732305033506,1.09783380521001,-0.20241728176209786,0.7030246832422478,-2.6236774248815893,-0.7566462398319344,-0.8336740385051303,-0.8675354214772141,-0.31190328239077186,0.798513188312692,-0.4134269127962368,-0.008677979892209123,0.2297139104541478,-0.2410042304812489,-1.264817866791453,1.4997898870773518,-0.4125267904322222,-0.4873784458018252,0.0918583352420003,-0.4485669822927321,-0.946150108360832,-1.1736774074317224,0.6139100538060616,1.5824110468930588,-2.29171793681061,-1.223721434637003,-1.6521787647180572,-1.3900928136876691,0.5992875819896302,-1.9506109809848475,0.8551326373127077,0.9924684039267306,1.1038877082852645,0.5164261785368619,0.7061882242721267,-0.7434643712826855,0.6083620371259402,0.4132031776306305,-0.9724450238478836,0.5672888503844301,-0.28569244687764705,0.9917470644678908,-1.0590172300986365,-0.3066240737130251,0.8768125049145891,2.0055157458166533,0.6015751906032941,0.3084944305615194,0.0,0
0.13095977965749991,-0.8267556936475242,1.1428383400542328,1.6324207671390942,-0.5243847691382918,-1.0010449205993006,0.70866817299403,1.2428368503906415,1.2274452847627146,1.589408633251434,1.5047400247815133,0.11541912763795788,-0.7215840243966936,0.5723353970485654,-0.19688728993685334,0.022803379357954755,1.4222815746288704,0.7191498617266366,1.2727123697706426,0.14024324380584044,0.9255975343289304,1.5237120572491367,0.8763185861529639,-0.92713122402577,0.24572095801108235,0.823398718061326,1.0068227908781364,0.17930533414086133,-1.0796264503631512,-1.7012051790829406,-1.1028765742985074,1.5931512926213478,0.31124985724437804,1.3056179669349168,-1.8322267777916124,1.7745754312335176,-1.0875678261256243,-0.6257847510871479,-0.7334630560878188,0.5022998752673642,1.7165284528760127,1.380979216512732,0.3364090202841622,0.40958502799484403,-1.4952326487870158,-0.3885353592712611,1.3295578115354814,-0.008618431349164133,-1.1811340725484851,-1.7138194304342378,0.0,0
-2.307495673694917,0.19439942053795925,1.5530537108317788,-0.0461220986512846,-0.2965554494317991,-0.8735692264494451,1.8726768679565733,0.9959327095350482,-1.0785255953427928,-1.9257610099032612,-0.28025615497508843,-0.8840575292265935,0.7866562901265818,0.7377546012600814,-1.5680396999584507,-0.7520540157845855,-0.5682096315753474,0.8199664523785891,1.0319262587181015,0.8473874866928556,0.5668042649163534,2.253243919821984,0.3924422748967777,2.502155915836674,0.5203040136458722,-1.2084102234952119,0.4422720818067644,1.0261122050028724,2.390775234128553,-0.4928967775688524,1.125377496164765,-0.20139375851998534,-0.3574192639301361,0.2923741685309132,0.6721081868168928,1.7785877857243593,-0.4405811774702944,-1.1173933076647944,0.6995931610685174,-0.5779069175983782,-0.7721988214959125,-1.6794083889705735,0.6023844070398066,1.4800766609305471,0.2056458724416288,-1.4971846854150035,-1.0094349952942043,-0.7497851896213162,-0.05480099396596235,0.1293512822978065,0.0,0
-0.5606320120197187,-0.5025012975435668,-0.4376566344686987,0.07692182811894817,-0.9144971796546506,0.9487668441913466,-0.5592098187804981,0.06295666371738169,0.19440214926500649,-0.7440251492056377,-1.1644136335210034,-1.267165522349042,0.4261244856629659,-0.4588799311389525,-0.031224373176328736,1.7405149365717658,1.6987100878858865,-1.9354141873231885,0.5459478687201349,-0.051236935951360335,-0.6336857336853798,0.5563379610721302,-0.6886533909865614,-0.3508234368186392,0.3304637537591337,0.2556601775244593,0.6321087339288627,0.7240646047714691,1.4401122928125971,-0.2039750623546529,0.5400574043007688,0.9706668488985306,-1.4131905608169006,-0.2974672876756015,1.8732043221542232,-0.31602785616808554,1.116365918588017,0.2688537078297631,-0.6944564984317216,2.7492993936033536,0.19205361490129247,-1.0264856879151043,2.621462072969582,-0.8319672579820259,1.1359815779169844,0.44066618692242704,-0.03848615537633153,0.5757482109244008,0.1983368023817213,-0.8795360736676996,0.0,0
-0.26319011503504197,-0.740543183198152,-2.303005029444336,0.24665971589081834,1.8727614492934908,0.6390204262214226,0.4224815845106712,-0.39944536269589137,0.1765696669900037,-0.2667947473252633,-1.0907641722450971,-0.4197285787826907,0.4261524315724729,0.274363364024018,0.5980824940300903,-0.17706140229774742,1.8805048677165972,-0.6508477722530907,1.2415287716399896,-1.107372190928502,0.9314311666780314,0.6061740288598177,1.0454016746997012,0.5430924804686275,0.18287938165891546,0.3610536280551358,1.1731406283974437,-1.0160724911007701,-0.7429834444544762,1.4121368214365215,-1.2208376603919977,-2.7393765515890216,0.9499600524982268,-0.2447574331312108,2.045014564485339,-0.23889629905245016,0.02907287752313465,-0.032726597651674925,-1.1453891403619487,0.2123331376318266,-1.9413437049835756,-0.4131731748035167,-0.0880231131168157,-0.16504709503621975,0.2646529855425532,0.31389370738083394,0.8024528659334729,0.513890563785559,1.057808606376232,-1.6390307391191403,0.0,1
-0.2837979394101736,0.16786788448667625,-0.42403498970088505,0.9168946805538476,-0.6032172654966571,0.4857991715492294,-1.286219996670835,-0.36007707952217843,0.6296134712039091,1.7516045315070858,-0.4425306900449985,0.5380721651899437,0.6704458599553393,2.6954233041089157,-0.8000892824508911,-1.6489196068512424,-1.1816683628155884,-0.16258170984832027,1.8148319616334656,-0.6001266515322843,-2.3751786510619914,-0.9339946220107516,0.5846392582133045,-0.2986889802139007,-1.6624191356111202,1.8816341915477257,0.4076493322615489,1.1558525042353296,-0.5503161549366079,1.8351229485441884,-0.8976617021614446,0.8213827324082426,-0.3908951646025833,-0.3377172839171303,-0.502084653818526,-0.2341524772945756,-0.5695735244871952,0.29158223219001195,0.4909735325769419,2.5134117899459385,0.8337652441834871,0.4225589713973387,0.14489926561416655,0.20772614217871976,0.5034728294264357,-1.9735726037026755,-0.321426106931732,1.9456662361259107,0.9590375995288908,0.3708432497827138,1.0,1
2.134271557560309,0.1654431697543021,-0.054168889657394935,0.2757559384851895,-1.2763741053058746,0.5353927054943939,-1.3478190641478909,-0.9362354609896982,-0.43183058102783023,-1.571994543223828,1.2868297512653266,-0.7454275612515905,-0.059822919875012176,-1.061110820891229,0.1157311033859466,0.3428839071027242,1.1624084471495972,-2.395032528334254,-0.7714300003018767,0.04920586068345361,1.1465004166571116,-0.17916687297777975,0.9333342719932674,-0.38498069062169465,-0.4563042005577792,0.0733450855205626,0.9221024313310788,0.6747470908845494,0.14667422601735333,-1.9720397936622804,0.8495934126338465,-0.5960866159787154,-0.2855025069299437,0.3837136639536925,1.453769945626045,-0.8916474190276346,-1.4195800388245483,-0.1966253809967424,-2.9561541192569143,-2.0877217712712173,-1.7992796689734765,-0.06893669963754498,0.7427173928733085,-1.6123018925033332,-1.2338629447385585,-0.5567058079563877,0.2203636135286167,0.16421843955971535,0.07719403479959268,0.312655872827185,0.0,1
0.8258555284619971,-0.2666283101197892,1.020661475905679,0.3466667795735527,0.40696881959955294,-1.84327942996522,-0.34838585308780673,-0.8176109477286213,-0.06422445572184776,-0.07304510806394443,-1.4594462986056096,0.14748185029944114,-0.3925262953689614,-0.5639980629772581,0.4288082760862838,-0.026175638565596272,-1.1400276671704117,2.208966271525425,-0.20571173765993148,-0.2256932072512386,0.4240734204673795,0.15012619976161948,0.6182519582040861,0.6376277903678731,-1.5613184281542185,-0.7764155569787239,1.9082530788466563,0.024957647883629315,1.3613879876490336,1.9199380566133764,0.39132482763519655,-0.285944499954138,-1.2775403543312471,2.4254718155607544,-0.9730137455894488,0.6357267181379977,-0.5998935429205887,0.5342531100711371,0.6246876618261862,-0.4470833713018057,0.13950192032972275,0.1349071571242642,-0.017116219599175347,-0.7506759022587587,0.09529797796463534,0.5306911335689044,0.8394143623814395,0.4911265093620188,0.19965807926999213,-0.7545684282296824,0.0,0
0.3764964551762786,-0.08417488688631042,-1.4514335913915928,-0.2600789899393862,-1.532659355612389,0.404597012348058,0.6286758012779604,0.4684420951653585,0.28954977748033905,-0.32623836272665485,-1.114286937752832,-0.7613671821656157,0.38026908657622943,0.93661199190067,0.18407938290661624,-1.2519608721311233,0.3604188897157325,0.6644712268353152,0.4586029629657756,-0.5988269665560496,-0.3788261325143992,-0.11161173593891176,1.2471432426456328,0.11968774406048956,-0.4404828921024418,1.1826304096590752,0.8807308570031978,-1.2674274000781331,-0.5189197911994776,1.0258499553543834,0.3950135717816216,1.3127832727754212,-0.3383296226130695,1.1125766841916869,-0.6451268264446954,0.22585926048849506,-0.33802134961834224,-0.08240814947947096,1.322230358918171,-1.2892758733503311,-1.0138531704380846,0.7810155677521348,1.161195303747095,0.001175575672531407,1.1263911138479823,1.3993674752909793,-0.412283804501021,-0.24196850969558376,0.2510972689109861,-1.1318183477282897,0.0,1
1.1037773547182768,0.2529085051634863,-1.5292831115165535,0.3441545589922785,-0.2923898485256157,-0.4452039458280857,0.8367299284662831,0.2871371980383948,0.025539502692172245,-0.1015458262622974,1.5938956516734673,0.7695516945674543,-1.3263542494879936,-0.22828169951330826,-1.9002595949651069,-0.31533576225836896,-1.5069378661410098,-0.11651936458353332,0.737569811372272,-0.9060564302053646,-1.1645620300813426,1.467686908411633,-1.5718836461044925,0.1084774258470431,0.4937821837413697,-0.19586114113894346,-0.2875008379026417,0.7680670210236538,-1.0317344788459908,-1.1191324809074714,-1.1524255463903514,-1.5607526822392406,-0.9549552654510016,0.9957568263330716,1.80335585024354,0.6266434959230429,1.0527628372650597,1.859052364001919,2.8352463902342078,2.4085143380295504,1.4553110545818233,0.8760729906783116,-0.6181750849963594,-0.15491857242664636,0.02225237016881353,-0.3830878019947937,-0.7254985007775127,-0.1020628242276245,-1.1491941001723749,0.05484038867422632,0.0,0
0.3554215936500111,-0.21728540893481768,0.5682193645991744,-0.9506245471255268,0.6631078148170735,1.0310208919913204,-0.6906810263528348,0.0013248281081025613,-0.5027531255792956,-0.8389818144359531,-0.7671743499305782,-0.5197655830764327,0.7379505348928765,1.7543765673876852,0.7631289612447464,-0.018805413904794156,-1.2310122320960648,-1.0260663809998822,1.9843389154499969,0.28173444080305604,-0.9093012638854352,0.2214011442544012,0.7186644919308885,0.13965284962175384,0.8966400497308006,-1.4016610892940435,0.9440074288296656,-0.2908629112742484,1.6666268459352689,-0.9425053040888776,-0.07650830656236844,-0.5534975334278294,0.2511092061901249,-1.1829267614292485,0.5577971520793455,3.1905804275075345,-0.1867408984826096,0.307354573058348,0.7591235493224324,1.3905630262996274,-0.3648231556183542,0.06565396721221707,1.5293272870582797,0.3945741604131824,0.14707911113774366,-1.9109085760988436,0.23322629951725166,1.458030188578147,-2.066195363585865,0.28889853377068203,0.0,1
0.5360824765772656,-0.4014307373569166,-0.7354770924451614,-1.8160105125498751,0.16472624532837374,0.5590099056753396,0.059062534175005996,-0.3073190036174501,1.882278535074804,-0.02557321317609682,1.0025683720605023,1.408259778891149,1.7330844299301025,-0.5283439447922903,-2.2196506621354946,-1.20878074749997,-1.5385872789294948,-0.6387381016887858,-1.1414878006915523,-0.022564029712963136,-0.7465429936803938,1.4792829927239328,-0.9382835181112608,1.911512744621449,-1.0948257733856377,0.765831526766813,1.5869285543514702,0.5677905722886194,0.036282543413550125,1.6964026521233808,-0.9829355168255292,-0.4199008682309665,1.1835457826020224,0.6935563290461522,0.8014591387616566,0.44957243627394977,0.6080748913206641,-1.2804805086274953,0.23038694508501056,0.0051152770131908136,-0.31650671354649673,0.022395092032714083,0.7862679960596244,0.4717194247613887,-0.7020421085734425,-0.34532732356159324,-0.929419439956796,0.2501575721187241,0.026487467181530003,0.7773181860344758,0.0,1
-0.7836162890081801,-0.5233902594013908,-0.8739324827681493,-1.1922149043003578,-0.4337809157473258,-0.5230909834800467,-1.2947727198717491,-0.17312138226997975,0.7517696119879459,-0.22472939924497806,-0.7649447287996445,-0.37069038052531017,-0.3767996873508289,-2.870452088593558,-0.5789534612930737,1.1532393285159352,0.0990153714328082,-0.5237959492780206,2.105189203299369,-1.1395792221518348,1.531992799791163,0.29057709269319304,-1.0978841224701137,-0.8594125056708606,0.7503290205020188,-0.023327463778463783,-1.6596918671070826,-0.005083845060944081,-1.6756176955232043,-1.0889647475297448,0.5336115597202288,0.3369611216512737,-0.8651142373762979,1.6824285237792498,-0.5180097633340615,-0.5264075560370348,1.0503831358599451,0.4068127461294933,-0.6888925605383989,-0.6837256075316313,0.7188024374950137,1.4012704220783248,-1.6410080008522099,0.5972856812442212,-0.2361666818827123,0.6301671032471262,-0.8850351950959469,-1.4158506124728998,1.4676331514637466,0.6174820666993871,0.0,1
-0.10127541432730068,0.781473316714212,-1.0971777572256145,1.5365753039669532,-0.4157408763909843,-0.8756212128279639,-1.644033678676028,0.08518441902716144,-1.4455092371054947,2.6175430847842662,-1.6018930592880898,-0.1125199535169977,-1.4031634785936962,1.100793524555084,1.9040102093892333,-0.18230261207701712,-1.3405910556145284,-2.458877564004174,-0.4469788922992946,1.586015285403477,0.9769666799519616,-0.07118472600341927,-0.9794386729854052,0.28252179351208623,0.5636652234954915,0.23837036610311454,0.4891393891698056,-1.3715656314905886,1.258480145657724,-0.3421577356605528,-0.2250270060700871,0.6052406570576829,-0.8254920996880221,-2.7746314671564267,0.1730630461795498,-0.2467509011924047,-0.5542614842091891,-1.1117761051813648,-1.9677896940734456,1.571669231951273,0.23440451314127786,-0.935534005253602,1.412714965505692,0.11536746534746982,2.632559288534194,0.6328025077947391,-0.634521292164155,0.28877291266762506,0.7832507573676174,0.2607448455933851,0.0,0
0.5074919388628466,-1.1640866579190337,-0.11716622560055202,0.07354356936930467,1.0567372582672474,-0.7071671811945951,0.8988723324344919,0.1163227709798128,-0.5198557592934817,1.23453226330676,-2.509380719761616,-0.329953961569574,0.5866784407736303,-0.7390725320145848,-1.6518564960846105,0.5208601685570577,-0.5398610149593039,0.3750859817411397,0.0326321331357395,0.4694764451021975,-0.7135622872776111,0.22722304255479894,1.5115430167532298,-0.1907370036568392,0.6842662189367655,-1.1714441718348725,1.3558380198112758,-0.08968252492666473,0.7272234698314226,-0.3458213258845926,0.4711853919782766,1.6261070607200794,-1.024122826496851,-0.9376897372711964,0.12742979096025486,-1.010913328996346,-1.7423775292951795,-0.8543513812548343,0.8386796684886929,-0.5556399908927084,-0.24555791550018102,-0.4470501303347015,-0.5916585947418159,0.42258322725762143,-1.1702368277305513,1.2424589257291836,-0.027486388861237387,-1.1363468483774115,0.1389964512648374,-1.2522411614967208,0.0,0
-0.6212811157195592,1.2524948209499012,2.3953435276582358,1.6670769801214953,1.060118330589205,1.1933199711706617,-0.1001093248871094,-0.403176500465648,-1.5797753553468945,-1.1796984245726494,-0.703273439532879,-0.10867864109340418,-1.8360464704083983,-0.18547389028368808,-1.2151496616183786,0.543753040013786,0.15217010483048726,1.2595756165827807,-1.1827325190718814,1.9238700045923205,0.8660866746419693,-1.8555128656786923,-1.051395507640893,-1.044416361471416,-0.7699769212885192,0.2825656301581322,0.2958360035060601,0.5046068982179515,-0.34150429815345584,1.5306000963608202,0.8190246223344255,0.11012218828061192,0.2367708524179309,0.4871148671832845,0.2761892396116665,-0.15089847412602855,0.8503367779985599,-1.1973460323596283,0.005125849439165344,0.5542643533963191,0.6500528245040732,0.8927920620030212,-0.6441618859397438,-0.28299415243261794,-0.06387205284310933,-1.372145969901984,-0.0032457005450185357,-1.3846103346190013,-2.274184949542728,-0.1720710213074637,0.0,0
-1.7472425579795678,0.22101666977588247,-0.6288149368522643,0.4284899899557552,-0.12131339615835625,-0.3779622707841184,0.3533891678996197,-0.5415399470095072,1.9601951245566451,-1.1921300766856897,0.3129363270419439,-0.5325356012372935,-0.9543338671089758,1.2250169037406315,0.6945185511962937,1.1340033084844463,1.137774315320868,-1.6802222305286574,-0.341619934744594,1.0003814386683982,0.7541818254146493,1.4480150266966183,0.5954338975106132,1.8703892479011224,-0.9408433207479626,-0.2413536960708897,-0.05367612255145122,1.0628084911470517,-0.13276846326222594,0.472903657148615,-0.2468147755056062,-1.6114447594856722,-0.9817935847314596,0.5762369750974617,-0.0033861095227405067,-0.5592480648421105,-1.2727001016484825,0.11608327060069602,0.1977407652426281,-0.13409118299883405,1.7342659581106066,-2.141970292403248,1.0762855822235629,1.201881557024714,0.5012148617537902,0.26099749799427463,-0.6843725212552764,-1.343259506312573,-0.7547966586355697,-1.5583858293257067,0.0,1
0.6693614020066686,-0.9170259947841484,-0.21231647202223003,0.8069691690322551,-1.7974075017573437,1.7411691355614367,1.558101052833467,-1.022506690728491,0.7654383878840397,-1.2812297737821021,1.2856735120698484,0.08960292531289192,-0.13508461904931732,1.4459934176802502,0.9745540093565278,-0.04098219957407327,-1.078063001467942,1.0720682699230024,-0.9098732575133368,-0.10974788670314156,0.945442778727812,0.12675485051207894,-0.3963177837298114,1.0503094812254277,0.9776053219922058,-0.2423149592241981,-0.3235043454338769,-0.006593409350654675,-0.33528417259648263,0.524514399124721,-0.6566756538967143,-0.1895845578089692,-0.3020300718385107,-0.15630675397643926,0.09649987303857734,1.0347198560589193,-0.3045424737930848,-0.490707073810837,0.10262100881139508,-2.2684471852848453,1.4271659434731956,0.9055391515901836,0.6118155205927381,-0.2862474032392168,-0.3060165282303265,0.5345844268086994,0.02186339584941841,-0.9283481707952954,-0.5107649184388183,0.2153620654179765,1.0,1
1.2886032650573065,0.3781558459793133,-1.2822747288199612,0.8654335714808008,-0.21731189962614814,-0.5128100351947519,0.8730256473532086,-0.2399895902937109,1.2011935853974265,0.9047930169724014,-0.11652308052211467,0.8338531768814601,0.3630882929386228,-1.0468868374061506,1.1387258855192501,-0.02236507259832704,-1.448375599766088,0.18102753455980736,0.7994800337647092,-0.3545801837201193,-0.07997728539475102,-0.018806993661634755,1.3871356713893286,1.1379255210180987,-0.8442100271117845,0.8169120861970393,0.3836088790145449,-1.0122207515518913,1.0032943110060404,1.3637068141713615,-0.08370311082450636,0.3189323326580075,2.9907430532111383,-1.361500022157743,2.0217827827201584,0.3268529947637954,-0.7209172500824161,1.2341076133472682,-1.823448988333584,-0.4660106770715216,0.0017418483926168215,-1.2668903063133885,-0.33557658640379656,-0.7082743092111478,0.6135647117635316,1.2049417144198704,0.04459494917165743,0.8078295042770833,-1.8843097307268384,-1.2013958803440448,0.0,0
1.3303879912621832,0.14037145331089354,-1.022166408392466,0.3714308010310992,-0.08106942681092688,-0.19205109643056165,0.1037150450196914,0.7421273848039593,1.5529573005875408,0.1636794615432372,0.27214951566024,0.3488738451986942,-0.01802365526308315,0.9712524814165584,-0.4612001240353215,0.6496678963292679,-0.5140681084530415,1.2767217066683292,0.2665132667234639,-0.5300813316335479,1.239674232781118,-0.12928519903843866,-0.3629469853370002,0.7782920892449839,1.6322402883734335,0.6651619559918306,0.293730119904734,-0.7389479130668885,-0.5536148732377888,0.4736203460898749,0.4564890091299194,-0.4619764320840349,0.28406570743394594,-1.3387475574870424,0.3746322875673915,1.8906950131878453,-0.6889735086103971,1.1085912429897944,-1.4526425854660394,-0.9901157811224356,-0.03874253952801157,-1.2019227112273945,1.2971464111074211,-0.23284478364091765,-2.094015591719001,-1.442590634064273,1.4783651373285756,1.0705948079717904,1.6301406626021075,1.2690369030523687,0.0,1
0.6620656687667239,-0.4052648704145229,0.2763851560507657,-1.9253600801125104,-1.6043627867867234,0.22849675548200946,0.8308181801271426,1.86071510120994,1.8991538055764041,0.8335835052030526,0.059836739136856686,-1.219879225268811,0.2426887756162276,2.029758890902289,0.26681771189520737,-0.6355359023830071,0.2921591726686004,-1.000662992848666,-0.9248184247727832,0.15107598370463807,1.5126352868327315,-0.9957461060803388,0.8221580045130457,0.439780317039196,0.9522492007604668,2.6422130439104317,0.8851615753253307,0.7451587470958091,-0.14187918385639411,-1.2239280518113622,-0.4903052155238061,1.761344167816444,-0.4885956958366374,0.4667401308453417,-0.11952945430021912,-0.2716251098964976,0.8291490561976298,0.2343965909798632,0.3652213890371736,1.4464035113579257,0.2902193318721975,1.445889986911445,0.7038718425785477,-0.8753198884657334,0.1170946288275392,-0.36341480217159794,1.621611840022939,-0.1663724916720584,0.12855150107744387,-0.12529829650944854,1.0,1
1.156502682409707,0.7399560714608988,-1.7473604980607809,-1.5447106167298144,-1.0718062149910164,1.4916799226542077,-0.4120077327890296,1.125530155481996,0.2985971542206121,0.3804159839718837,-0.3608273407006341,-0.3909246876321675,0.11715025251160385,-0.047391916816901976,-1.1709619523965595,1.0839523776644926,0.3312170340454741,-0.959774510282758,0.2570125771676126,0.7614199572968887,0.2625289342311894,0.7819914586497986,0.2587463370132829,-0.20118116932746202,-0.59056392396512,-0.15754229826625715,0.5881633943662544,-0.9843810991552088,0.5089889620695094,-0.9034870413510576,0.509443151362378,-0.9227792823289824,0.1958835731181117,0.10315450171118,-1.0496738900741227,1.3621106122340612,-0.28032887222392994,1.0262868542875294,1.283022098556597,-0.8545232309191942,0.2251680988973904,-1.0924455086673268,-1.3237538540000438,-2.2863981676572327,-0.851020537694771,0.3827102026593706,-2.1042508246704243,0.6112962059558436,0.3343140286160145,1.881420879966189,0.0,1
-0.649249654883334,-0.7342499446468307,0.6349602006101958,0.4116032063229021,-0.5883045598851274,-1.3645053266405416,0.4553163265364718,-0.7027579578213209,-0.07869485631055813,-1.7579028441788196,0.7165079287036987,-2.425680579502876,-1.2445348057939196,-0.5719120632113817,-1.0420906926486302,0.06408042745545903,-1.0777986892909013,1.5912103234377375,-0.2455179541953899,-0.7586764338378444,0.341880190740306,0.2272782626951217,1.0117185342580808,-3.3042587441212814,0.044371895436566784,-1.1700269575716429,-0.9749821364801098,-1.4048339054746408,1.17417694699031,-0.7690948832097064,0.418520256366374,0.9805018551017924,-1.2642434485204472,0.6987747779547269,1.904630118165944,2.2583209654077283,0.2311760112441861,1.73527214522241,-0.102329901779714,0.7805127270400994,-1.226220674875974,-0.5345762319802628,-0.7438941240197711,1.1245511952773861,-0.4236727048560278,0.7642993328449301,-1.2615265680967311,0.4497295442366558,-0.6867635002192309,0.9772798358097491,0.0,1
-0.5530855287135734,-0.7937668674081345,-1.0729502616120146,0.001987220882256391,1.1552148197882157,0.3309218531200413,-0.6591327790160753,2.4332209642727274,0.7220420312067599,0.5649673269940194,-0.9213537868197178,-0.7777626425651892,0.03051596335868226,-0.8590676158982987,0.24104945382961604,0.18414124949749344,-0.05853613510653469,-0.6347224493432082,0.5474943237827414,-0.4007882977170785,-0.10662268440175544,0.26216944813391296,-1.2333228690025575,0.5530837083159754,1.6586973041760549,-1.7154242036601526,-1.808754307838556,0.07314826188356884,0.9825849081880462,-1.8896605022697943,-0.593773316748919,1.0576133121670621,-2.264916236024611,-0.9127193727763109,-0.3794190439222837,1.3295755573078492,-0.17240639924048545,-1.8714177466786923,-0.8979439282997329,-0.4192210693505412,-1.8345027222454409,0.3101497452431316,1.705058867839475,-0.4948307875970583,-1.3327699253757628,0.2870963854447384,-0.6317801794131737,-1.5889324555008355,-0.2560978894742426,1.0449317523854158,0.0,1
0.6265757827149824,-0.738498980014172,0.09336859961795774,-0.6804607206616967,-1.3236353973621184,0.9643740319116164,-2.35994066368666,-0.7072416433098333,-0.007527668751369763,-0.3075940528293723,-0.2766990128693626,1.712924911225007,0.5983250435037626,1.1789068693473976,2.0770144430558015,-1.0570856430461106,0.3636337442864445,1.306202002946928,-1.0461381354069923,0.2727653302893704,-0.4717556270684346,1.5949613022720703,-1.0841006304376628,1.228545400065959,-0.30531103746775345,-0.21731462452339906,1.7486854920527923,0.1481324576527974,-1.3703003861094196,0.5476720951726278,-0.8105823400672075,1.417218170105772,0.10048303286635732,-0.4963859685100627,-1.5821797909465023,1.2360356312691254,-0.142580043496513,0.38927170928236143,0.0658597284039367,0.5091079573185594,-1.0119224452773399,0.7611110579868882,1.2585323861771185,-2.2831303934498157,-0.11084002166583967,1.2912342543619335,-1.5071641871035768,0.4053851930778723,0.013358593684858457,-1.1842000427017525,0.0,1
0.981541406856099,0.12039765684828226,-1.2749660233131253,1.9610045358512471,-1.7923903523138325,-0.8300562059460368,-0.9886977740428904,-0.34202603108246143,1.0025855621728674,-1.76976449769403,0.2997669572406246,-0.8994978853499196,-1.181178454876991,-1.2325008267197888,-0.3566351050044225,-0.9731395730063868,-0.3860422535904671,-0.1401612092210869,0.8611240479709531,-0.8016680963345275,-0.8361521098849174,0.40386578367364784,1.49047983840875,0.4532733183185218,-1.0778937681531469,-0.25517832588879724,1.3140226655212663,-0.2735974985656257,-1.3340944335088183,0.17512069551279394,1.1774330661565477,0.4768770699846203,-0.8960614085306485,0.16251064582969468,-0.1537294672554972,0.1025294158743916,-1.355099586359922,0.8789483212841646,0.269577365035438,-0.07143589617067783,0.3171555281738513,-1.1094361108844195,-0.7601271110427558,-1.7349825619850274,0.951214335405659,-0.3286227398422482,-1.3307051202531066,0.7716371607978731,-0.17726604640179214,0.3745528973844819,1.0,1
-0.989830334246342,0.6689947396152781,-0.12877396247021494,-1.012898994607306,-0.3997971150455574,-1.512337535435657,0.4034313536899236,-0.2346332544682001,1.3982863392143854,-2.244949005044453,-0.5123722936015233,-1.5192017095584471,0.13696529133687765,0.600773883908695,-0.3692683536841801,0.876462905719325,-0.6434700337517031,0.42454202637912497,2.277986717753824,-1.925417351875244,0.6645036704066762,-0.4303289076196895,-0.946459821278317,-1.340761743015025,-0.7597111000397881,-0.7486115407580303,-0.4130630547767383,0.3965989616460495,0.2574608444285993,0.038646247703103986,-0.11642103382321528,0.4362849906247727,0.3783763669072041,-0.5352769909221692,1.4659645999987465,1.981081004121652,-0.29817765778451993,0.5212227793570038,-0.9038710847012548,0.4700675191507474,-1.4538774615934462,-0.2602231791954045,1.4838685157042684,-0.959590951585637,-1.8318848045362508,-0.36441333908362544,-1.5853562702541042,0.0919656406218564,-0.11530933255591044,2.9200234381430783,0.0,0
0.6483674735594925,0.7811451790373339,-1.2434295742074222,1.2613253139247806,-0.5366874656650382,1.5536402909351377,-0.2743649221947012,-0.44210774510347706,0.07752944387664201,-0.7342951136083206,-1.3674919049349117,1.6299648188551812,0.5831637556316268,-0.6666484303973399,0.2160576975605767,0.4539166352263709,1.2349697822085035,-0.2548876668337001,-0.39923019477916094,-0.7267344955278953,-0.4811653056544648,0.4614974231533041,0.2309137071977428,0.8479470077759342,0.5966155967699193,0.378102504728418,-0.247427662182596,0.8685574499310107,-0.07933140634722248,-1.0421446251543796,-1.4096305345873474,0.7507913551632377,0.9724386197178442,0.2529519531185834,0.15131692060107935,0.4185827367767301,-0.4212734479527008,1.162517929282609,-0.5948620346193977,-2.8533377301927088,0.4944428421344991,0.2541762286484018,0.6133301724071769,-0.4336728324900177,2.2842849789728312,-0.6640739923815425,0.5822790285829941,0.6932482379513146,-1.2972966512287376,-1.3259991864154252,0.0,1
0.7122278131736729,0.6349473128011217,-0.7217801507799967,1.6500220942879236,0.9162997683627546,-0.6138481904182029,-0.970227632584529,-1.0311270636314962,0.07902299420860684,-0.9866773509015782,-2.104192575068677,1.0571030091136369,-0.4513907362918887,0.2926177543124463,-0.020210486592063752,1.2498268477524492,1.7343411078639237,-1.3721424381479592,0.2656324086888202,1.3381630740907842,1.5689848761050444,1.5530847966483978,-0.8137740213769056,-0.17385617210340265,-0.6858275661789893,0.7272688545276567,-0.27699478285885704,-1.9478500918004336,0.9588575725976918,0.944818195542312,1.3266164303483303,-0.43976607390833533,-0.649240525824727,-0.8060451374971666,-3.476678549661206,0.3184622321154286,-0.5337349921366458,0.08271793286321892,0.6417331709344138,0.8834900925838494,1.4113241957686808,1.2675738558510532,1.7588162028657983,-1.3061152139908558,-0.5154933806628794,-0.04785600334186376,0.16710081824096712,-1.8332584523253017,-1.153596605480678,0.26150488484970497,0.0,0
1.5464380848834902,-1.254332523504542,0.8005890981068549,-0.92773785145998,-0.8484089076687364,-0.5374722074829494,-0.8042130748455499,-0.4116680876971279,1.6626007819971085,-0.2976337894763268,-0.6666653097812509,-0.9128969342979478,1.239148707459864,2.450957576142177,-0.17975091936336018,-0.9118130529987076,0.6784815516352924,-0.14932333278619933,-0.5953874008530087,-0.5196933802429801,-0.2649154559485856,-0.9633898444901536,0.5557752029382029,-0.13065290076305505,0.4555666387562189,-1.417230460852036,-1.2285719085812543,1.0505304217422693,0.5688245464085996,0.14375381535146198,0.7677097879466774,-0.9570363390876804,-0.5636971324835304,0.4981277547059265,-0.9124943207475784,1.082376274674239,0.030053658828916276,0.09520864668623732,0.21236264712147807,0.14891316893767748,0.4438359961704116,1.075947407982311,-1.320169552186927,0.7926205511359432,0.07271223577385749,-1.4210255763778223,0.20811551350795326,-0.945754783655754,0.9936771730562998,0.06718424846776609,0.0,1
0.18313737037113706,0.2473193867992248,-0.9253058446123008,-0.5470937702103589,-0.6043905937250668,0.2891819353315996,-0.12536293188985245,0.7435556968243069,0.20650462487355128,0.6571664947358291,0.6047663560673548,-0.3529000605576979,-0.25042876565305705,-0.01739928440459341,-0.5620534208454745,-0.10251164108814463,-0.20931893845759236,-1.2589723930825611,0.26850237121388226,-1.270560455708993,-0.3835645827135552,0.3320147957414009,-0.1123932502374764,-0.2225323633417228,0.14825438338059688,-0.2939200826599353,0.3525285782423345,-0.6838965089564677,-0.30869747548528736,-0.6584759869362523,-0.0811567699202937,-0.2407723922090752,-0.2986193020112959,2.152521525027322,-0.5634473576936179,0.4878192731299101,-0.5978189962079251,0.8061664633207007,0.8448473358100118,-0.6387153079079644,0.5016462261847796,-0.36946303682047255,0.036260345231796484,-0.9236158847731164,0.3792501907222292,-0.11649554457083998,-0.19753478258533186,-1.4516266567152696,0.4560876985317452,1.1240480979443284,0.0,1
0.4010104174071663,-1.8951480847415545,1.5402241807123258,-0.8206682171542348,0.6627392221629445,-0.4780955965280145,-1.3187266098323414,-0.8968975837767447,-0.30508641608015696,0.456207591152323,1.8702034835314607,1.1059010175321669,0.8152048514049142,1.3880354834837259,1.4485325376774334,-0.6498328736367724,0.728051498245584,-0.9643723093871708,-0.7608181975900441,-0.4475944267347531,0.7343270106581803,-1.6592217803059617,-0.3476647025672622,1.1174289411698908,-0.4936595171359184,-0.7207016447196434,-0.5204869842569461,-0.8742436852258484,0.6217636258857947,-0.3043626352975358,-1.8931968950218359,1.3890373783924959,0.3247236971152023,-2.218300538370531,-0.03343458448080558,0.3397606610311361,-0.6018454182963666,-0.16218610803321276,-1.6677478376829942,-0.02290292191791211,0.4567923281209999,-0.6142020268382111,0.8871679468811714,0.8325973111910734,-1.1535265861120263,1.0020149754571421,0.1978544952228355,-1.6415644521273083,0.6876078971564841,0.11579913364987965,0.0,0
3.510744874064867,-0.658067431135946,0.4911092469297042,1.3893971525418134,-0.3314662624842257,0.41476309480274587,-0.03630539590296147,1.5569828540222854,1.3065994103157563,-0.7422219424697021,-0.4024081856131291,0.15194924945335142,-0.9534747627904072,0.4736192153868768,0.3959726102322312,0.08752637016550241,1.2075733070340315,-0.12432843625891235,-1.48281453688638,-0.14651700854058736,0.6165636889465765,-0.9296703972437168,-0.31729109611448464,0.3214469202314656,-0.4562641257333133,1.2493361274938348,0.7613259743657966,1.7898864973171813,0.2525501898212015,-0.3626335993933757,0.4914915339563029,0.7982893372085017,-0.4700736308724854,0.4343738622793831,-1.253420430400081,-0.4782514476792775,0.49441305588263,-1.5745332838803054,0.4910552735245266,-0.8033424086585172,-0.17815921271761245,-0.9403689130704982,-0.3499647900706833,1.0643630189092377,0.9355409572961134,-1.626512276935287,-1.4393837193706664,1.5346570104442083,1.7723035376640268,-0.4516812515558623,0.0,0
-0.35400342228585524,0.9416110368764921,1.5759988829559588,0.6094004814368422,-0.3590093236929875,0.1385562076033521,-0.06814622062689568,0.9767915356063904,0.6632583954665879,-2.1054017966581258,0.13176126296815466,0.826475452090254,1.0509399988203432,0.07169476823123982,0.08357815997532171,1.264460724331656,0.22831701870788626,-1.2038842610139509,2.147752667068992,0.12639340217133013,-0.32526665707665914,0.043049085384648064,0.6155458899143819,0.8278162658248561,-0.8745995581049613,0.3097715315436447,-1.0735979850759614,-0.02452884930799896,1.9588472682556148,-0.9262242570497662,-1.5175589388379556,1.3908340830492243,-1.276728869419174,0.4370446268958416,-0.8528952796646673,-1.3653546278123243,1.2810965503319764,-0.35752493723614986,-0.1916664288613319,-0.2831584920902783,0.3643905398129719,-0.6310707685856,-0.08432181482156187,-0.05325707742861836,0.4634156609525469,-0.028486021813661718,0.34938731370215925,-0.34825669935050885,0.24157530781575134,-0.5141916217307976,0.0,1
-0.8031855862836621,0.2858746575976145,-1.0475978731998412,-0.9347236783362454,-0.5082933415927868,0.06314868958503764,-0.2367434909232285,0.9853381753174688,0.2228772955104227,0.7779136917059769,0.12746279750124034,-1.3998271625835559,0.012237243499724224,-0.7084809285851376,0.5586282043705083,0.18644135588862365,0.08681524345540903,0.5776701733915961,0.42506632134313177,-1.330498301590283,-0.2172233051302176,-0.954064513435472,0.4969759709651129,0.3697238317577863,0.11581652761863385,0.6845870000964646,-1.1781499540660505,-0.010136413070347022,0.7823719362028299,1.0955896393935878,1.280135941093668,-1.2980077505755276,0.16798586850473385,1.260488773872367,0.11216704506669622,-1.5512599121987702,-1.4834586455696774,1.4866711225253006,0.4845406614607143,-0.2988852606831277,-0.16987995107870202,-0.30803479009767537,-0.19328586880501647,-0.9984396278310868,-0.04022331513455692,0.518882665881759,-0.05550357133630321,1.101057702711964,-0.6195837752910504,1.2762436063176468,0.0,0
-0.2876218399611256,-0.7222088245612296,0.033857120395769685,1.4737337415831164,1.2605534725068201,1.1329073759544932,0.7831851098021096,-0.22517090061424733,-1.2530644592526214,0.11482580232692448,0.5891629324198797,0.4279239148383665,0.02968454534365741,-1.4580577322276371,0.6797173365366227,0.889688541857795,1.0568907464417818,-0.8141298882248891,-1.3418957659810016,-1.4330304390925477,-1.2472167239357843,-0.4491921636525623,-1.7645912051108377,0.7761804718431979,0.5352684961127031,0.609166342637972,0.07125961310969438,0.04599266929845169,-0.9132948144826376,1.4693304792357478,0.12952848616833348,0.03450655547551739,0.8731735445662941,-0.7342730729879787,1.116884279687956,-0.6436208726486,-0.6216208936728028,-1.0642148366180686,-1.4629020843965477,1.6008143005150988,-1.122528330891526,0.6106077872029724,0.6257175347878398,-0.029347997805431018,-0.4722997461831562,0.7533075699815356,0.12933895423071365,-1.1983305823187185,0.1503796459897263,-0.0477389670358515,0.0,1
-0.02448380186058525,-0.25959487901258843,0.049153044669998716,0.4237941550934442,1.4836110255156183,-0.4938810646755622,2.498165491981694,-0.16417862391567187,0.9417423656556692,0.13494909084422074,0.06936063423824862,2.0260125247589045,0.36542200292598026,-0.6623722916147093,-0.30042563479022144,1.4126357355595889,0.08382920365584585,-0.5494766969530982,1.3499911234310733,-0.3736050748936697,1.0522579613121927,0.7327199272829454,-0.06622780842287741,-0.4704942761973954,1.3137236927013989,-0.601898965677159,0.10856020525000844,0.4357008209573104,-0.4425256476803172,0.8499888176606627,1.6887154113864844,2.3864614721857427,1.5360249966258686,-0.5848992570148583,0.8566807538182258,1.0463967522557782,-0.6810997155654058,0.6096753812430609,-1.3445234291650905,1.7801047137621842,-0.7330919525450115,-1.0578133765108182,1.2248202930918222,0.1970486155787172,-1.0460082651049116,-1.6466028458509527,-0.6391979909493856,-0.7731510469734817,0.43092295436050937,0.054155081946032434,0.0,1
-0.5479403714497263,-0.22934827037654465,0.5682162923114704,0.7213544965454393,0.12092580789043185,0.6822010653856724,0.6021116443670503,-0.061812051836491674,-0.11531859149238273,0.13721950141789502,-0.14747574669440872,-1.2607844018764836,0.7103166778710095,2.058182318695032,1.091710938838624,-1.1634341015049006,0.5894583045016634,0.211259573132588,-0.8758114591956121,0.6021253078169961,-0.10499823546741163,-1.0258048889931202,1.1142410070994733,2.123723447999028,0.9680220936653908,0.4690490263821789,0.6905891703856663,-0.3643270838604557,-0.09593064299640994,-1.1521172249836518,1.0166265837086998,-0.07704293832714784,0.1341598086277452,0.9626462710671572,1.0955665288531802,-0.7540620519663574,-0.18305366001623247,1.0499840163867955,-0.7084057084494297,-0.046892783313066136,1.558933597437,0.44828791390377065,-2.3496176082535607,-0.43115533055098704,-1.2347151873281603,-0.14670481364858995,-1.4972123184338864,1.1848210831448254,-1.70967560775226,0.4428845530941624,0.0,1
0.3726724423991344,-0.7159686958212049,0.3812990669694813,-1.5208843875030889,-1.029462412626439,0.5383222773081471,1.1651690684612577,1.0252849744477688,-0.052100969986222684,1.3526819581209242,1.0975471010633857,0.15371803076877336,1.6342960815735748,-0.4116322543940553,0.4721318547429887,-0.08913166878272884,1.4646282655347809,-0.575981188999932,1.795643125852387,-0.16656912111760647,-1.4376278253232366,-0.4841917324515462,-0.6581944457135611,0.6682293061932948,0.969744922618661,-0.6999615081034478,1.3245468255198103,-0.2684171721360453,-0.99965746460561,1.3012250530888378,0.4449367209766011,-0.8354583629751429,2.3842412292884174,0.41507846010875904,-0.21113917074088487,-0.011306772046005864,0.15412151959064174,-1.1651306881636934,-0.9883766101468212,-1.2119365918398841,0.026534300275007024,-0.4684941936677919,0.09353328726207732,-1.7010655611909418,0.006418514588190303,0.5747658971111604,-1.1331905893540055,1.7147511013769976,-0.6980863271945943,-2.274801620389336,1.0,0
-0.4589657062728367,0.977656756423206,-1.0643623720712414,-0.2440111311764101,-0.2689198662360342,-0.19477246215683666,-0.2440054460788721,-0.9605292051465484,0.4573870575832574,0.2849419009583709,-0.16134113847147513,0.5603374473740244,-0.6409967401317894,-0.26262000313388945,-0.5586139636785191,1.9213254470010208,1.3426971310539306,-1.5453343863090567,-0.6420673563922856,1.953623628836984,-2.0952962277250595,0.3549552673143995,-0.10816522861936033,2.316363082102225,-1.5296634783461367,0.4197668764915136,0.3755304393280685,1.0661606483010295,0.6879653577167264,-1.140451301432405,0.9172609248814324,-0.898679073838826,0.262900027124776,0.3745188735751838,0.01841973880687136,0.8277808583076156,-2.4882798369347388,0.8449517422573306,1.3901867609273335,-0.8978707300880208,0.9277116718903762,0.5629886900144714,-0.6940959846394651,0.21554234500426228,-0.5901778904037627,1.5389343408829663,-0.1885109114683477,0.0008438011065266734,0.8022337949930097,0.34559606828796,0.0,0
0.4925831032030941,-0.7277162739079455,-0.8226891247608242,0.9778093165391719,1.4516265284357026,-1.0158764871685777,1.0402655043494022,-0.04659137492835769,-0.5800183038724882,1.9005606100975925,-1.988856754515664,-0.20820720437116655,0.3756517364879666,1.4466952103539996,-0.12592492335259742,-1.5331351729837197,1.78861651283095,-1.4870439504120323,2.271280469323026,-0.8666477570119179,0.3086002706383951,0.02777009134412842,-2.323961476751482,-1.6501465110591107,0.20643572465160528,0.3766681983854736,-1.20843180438341,-0.3098042861919679,-0.7234137882440671,0.5485048459582916,-0.0797185492327688,1.7269391696943162,0.16898707354643644,0.6439484086344688,0.08195833929077691,-0.046414498519452105,-0.8444243674795817,0.4149222393623762,-2.098053421421328,0.6610253513985171,0.8487489984765354,1.1188734550619517,-1.2683512804467238,0.3033978587215569,-2.164121264893702,2.2636116941388806,1.9287546140094285,-0.3026035845838857,2.1548710644267453,-0.6501529765614452,1.0,1
-0.07264751576050313,-0.2337579685206016,1.294094924181696,-0.8544412535775607,0.4885063675912236,0.9697281161378096,1.1626916303694226,-0.06935165888196453,0.3131683444848226,1.629294680818845,-0.6557729275694347,-1.5666401595327228,1.5774703432187571,1.4410751806542732,0.04397482065278057,-1.5677441487899741,0.2647837426672605,-0.5788937097467962,1.3100561597073357,1.6586758836441309,0.9668711316674432,0.08183284998316878,-0.5191090141643944,-0.1474416242805048,-0.8465720673955367,0.8275710253681102,0.11889112536611605,0.7661576099780769,0.1772902018816053,-0.19428895669315172,-0.5958021953289331,1.5770475688159729,0.4073041534723153,0.5150676905094819,0.4467194175527556,0.8440055051166256,-0.028079274546865318,-1.0028099670331054,-0.9003038391934886,-1.447525769506008,0.16963008249485845,-0.3420107992929365,-0.3695800982815569,0.5999496052258345,-0.8749055010177593,1.6117132413508883,-0.4668841511609234,-0.2642091793336719,0.4710783761976528,-1.070489816230665,0.0,1
-0.7914620055506816,0.5069108400629448,-0.018149749812440868,0.06484009948858563,-1.4424671464339744,0.5625560103639908,0.26999132600905346,0.7541732558827092,0.6838056667360675,0.1483543542548642,1.2591293275491895,0.11356304197594234,-0.4614618986828148,-0.2363084104178881,0.843082450930125,1.0683221022589826,0.340776616085792,1.2237622436002784,0.6882983214688693,0.6985723115210376,-1.161479254701081,1.3273765388497598,-0.6668695070619299,-0.7629438065005245,-0.2483543420429699,0.8987938539999759,-0.6313814951185869,0.08653352955257038,-1.1575211798906058,-0.5728788808074038,0.7840823791425673,0.2428798389600289,0.3457284265809535,0.8760402248318027,0.6369217171962004,0.22368196953305094,1.3392157246902516,0.3909254444450361,-0.005681879926841767,0.9063346147356424,-0.3425335407597382,1.5309026791745939,0.0470529323783121,-1.483862039289031,0.13094538219362425,-0.9127719822501488,0.4171794124155435,-0.25704380400604515,-0.8504931944179217,-1.1368466521099743,0.0,0
-0.11838286554887816,-0.6719352226394543,1.1412791973838379,0.729820952043817,1.3220799525535425,-0.434174873013468,1.1993793717576895,0.16758766411100562,-0.6995447629690277,-1.3284700821411493,1.300732833912919,0.07405211121831262,1.6776335121693875,0.4802335162295671,-1.003203032376693,-0.2633633919757572,0.013831477585993431,-0.7041564937954642,-1.124266981774607,-2.3066306320212755,0.3013545430353177,0.9278845679032249,1.0950879407611445,-1.2846131713080555,-1.2647302346869431,-0.4062708234537616,-2.5405057872594203,-0.17935950246086702,1.217350034988126,1.4638408796233422,-0.3845263959981573,0.0904906881731989,0.17913114315692671,-0.5130047955058045,0.5651089928682214,2.252840477999705,-0.9042106816775284,-0.5541746888228779,1.1975229001340513,2.058124093325251,0.03426465845427989,-1.1160049970689632,-1.7177415931556144,-0.8770373681186485,0.4839984366783637,-0.6459058170259032,-0.7846863791894165,-1.1243057904142566,-1.1655660968113128,1.1528973364114234,1.0,1
0.9707553682424224,0.6959107184022599,-0.7291561102444953,-0.7935477095642767,0.036285643089920015,1.0246586313381307,0.5389894767778497,-1.3066956345699303,0.3087398869232545,-1.1792435139424002,-0.2617012530808711,-1.1546289242336871,0.3337832591532434,-0.7330766342986815,1.5208371219317225,-0.22164515488811615,-0.8257242121179366,-1.5728885158896373,0.5572609686742335,-0.2945461265876357,0.49429651996897994,0.6276894812909478,-0.06641493920697468,0.5758494430004575,-1.9565582396557928,-0.08635718395310994,1.327877579290075,-1.65280251612396,-0.8766424047803759,-0.8140135857572458,-1.2936474615666227,-0.34527362113835103,1.6232243927796917,-0.7859261925425739,-0.047672422036192964,-0.19391715257365927,-1.4545774134160474,-0.2994503169421796,2.403718197353939,2.5352366987628723,-0.8088271791173166,-0.09367291434019087,-0.9157344284538164,-0.4351154098974873,0.6367539608663794,-0.4579354323922698,1.1597070639174991,-0.2907967254336177,0.2663890384857441,0.5628592891462909,0.0,1
-0.052671528172982096,1.9042338085232744,-0.2574089871789913,-0.43225773631374004,-0.8694311964818444,-1.6105521160834866,-1.002584869362395,0.24969095719269765,-0.5186673630600156,-2.243607481341765,-0.7129198178502538,0.8706752039924274,-0.5935355899674111,0.16124773049900787,0.5931409430691763,0.1467335473099797,0.3094323057172313,-0.4694431297319182,0.6356218094331119,-1.4824960518426382,1.6854946248390037,-0.472945378947519,-1.9703177619940817,-0.34598088188740084,1.6476078845645088,0.3257250709203401,-0.025100871033387602,1.3194874216442096,-0.4251196753577005,0.4659187389571974,0.8979566796117285,-0.7153177967357657,1.1225534042983232,-0.7597876222191473,0.10499640230575807,0.9362928352346386,-1.8874211445348168,-0.02300709428202503,-0.07564575397463025,1.5596069069266223,-0.3792770835984917,2.6817001804050182,1.067651997800047,-0.5094742002293735,0.9096753972549204,0.9454713538688394,-0.5476127019600595,1.1378300125087777,1.4084694678172354,0.07015322814521285,0.0,0
-0.4071511260927474,-0.23224202834152005,0.3051913378076166,0.002283729733826579,-0.2245434057897212,-1.533468126395357,-0.7271264106665518,0.8236698739404191,1.2169122119335345,1.2404118431742257,-0.08680922648449227,-0.11006931894786418,-1.79989786118736,0.1898352063629187,0.2960622329112401,0.8667702964467145,0.37170044965883897,0.8532756829594683,0.9800008006069996,-0.07725856154988503,-0.5921551474042805,0.7123913299157549,2.2555393793802607,0.218796640403567,-1.9380174037300577,1.7422163885709092,0.5869878768142136,0.4175928441976097,-2.1335605859169666,0.8739592220181976,-0.17776078594478206,-0.6291359755844543,-0.6324584961295736,-0.5225351967642274,-0.9347096388302264,0.3549934224242744,-0.9484522129830014,1.6389141752453982,0.3629904987314455,-0.01461049861177071,0.4789468219848846,-0.5320404141933617,-1.9389991704425888,-1.9716207746308163,0.23910401314985474,0.2913407578445612,0.9638741512964321,-0.2599613480167981,0.07982043121816762,0.525843111932058,0.0,0
-0.282831101788641,-0.3872547530734708,0.9941927767082662,-0.19915987187922585,-0.6900388380942307,0.443025523731217,0.4920901412615488,-0.06695645364375705,0.6819271885210451,-0.024323636908828456,-0.7640041686138836,-0.6659950752464269,0.12620598517943402,-0.2803998270922198,-0.7580626541998946,1.5827320691159832,1.1027644922462017,-1.0586873704766389,1.1581938454117326,-0.3121436734085933,-1.6285202238265255,-0.869629952655064,0.14039731385162274,0.21816877300542376,-0.951578170546096,0.5250309734225909,0.06505371528128806,-0.6837154562800589,0.8934661003233322,-1.8590832418641996,-0.2829424320278334,1.5278402467422183,0.7943247374476926,-0.3047668254420002,0.5729560266478625,-1.3402818936976897,-1.070105866874887,-0.5684946582297384,1.585051116954233,-1.6294809508373702,0.5165313362765878,1.1331065937660636,-0.4539635791302711,-0.0058717096948411925,-0.361470124577815,-0.5302020806824033,-0.4843828341567209,0.6237218021057105,-1.6078796958763155,-1.239173675452907,0.0,0
1.516533951964144,0.6443354329088672,-1.4709176345413848,-0.9725052711669416,0.7180846052197547,-1.5566078366704157,-0.7115249032353541,-0.32001710704686404,-0.8560826928507693,1.173754116631285,0.8089316298601831,0.2345442055088364,1.4319346030572266,-0.5026443947791799,-1.77726222667977,-1.7177983140686774,-0.31961430532266083,0.3707809777030451,-0.005609149509925552,-0.031526666988257755,0.258214098695413,0.6400112021082656,0.0915781492905033,0.33802355780211474,-1.279264960444468,-0.9805279649491792,0.2823326621940989,0.4143290696780336,1.4399944968197544,0.28840762493485217,0.5008912842014712,0.4762162683899888,0.8920329648647787,0.7113129682201261,1.7767879460422538,0.7425630423223579,0.3973027367585456,0.3436922235178283,-1.1586407471920772,0.4344162482710385,-0.3980456479650635,-0.6775206764154497,0.1649911393960662,-0.6100901180841908,-0.2921506313373953,-0.9943970896569936,-1.0569783685214391,0.252864010613477,0.1583557988990897,-1.002363427050803,0.0,0
1.000913222992723,0.5020619531255404,0.12585577152947675,0.3625200256392138,0.1356370122792296,0.7889958439398692,1.2168846844281134,-1.3187082664538832,-1.21882992559973,0.4725071807709811,0.24421555441738504,1.1882242350821353,-1.461778781049492,0.7907983784358313,-0.40231626435997503,0.3557241546526714,-1.1966368876722366,-0.5142988611044784,1.2643750726761314,0.3422014048053991,1.3607981314001971,0.2950036772715198,-1.913365791079631,0.652436022608082,0.4566077768182961,0.03975340193001015,0.9707126103031174,1.5903173506817871,0.250306911578262,-1.9045232805905583,-0.4046028282977576,0.6131519816772967,0.10498131210567027,-0.33301045674849805,-1.08119248487462,0.09074382551185613,0.20017216400316734,0.6573356251778053,0.3567208858272229,0.1546676296586497,0.7146022877166951,-0.7020075173566959,-1.1343451167434515,1.5745572718943592,0.841390765922952,-0.6107489039135284,1.0974800264861808,1.4573507968189952,1.0855801858892429,0.707011800061755,0.0,1
-0.3450474686283369,-0.016470492401380717,-0.2212457779283717,-0.3557461818756661,2.6583261495074977,0.3713666867240262,-0.6285642101227686,-0.06799089444647895,0.9771675325466652,1.007018509743368,-0.6077922587668455,-0.4662243189056954,1.5924613853746192,2.747161889468705,-0.4645381818408393,-0.07166937941785542,-0.1433212002690208,-0.5881279948128711,2.136814234754969,0.2062851223112822,-2.3923401409546976,-0.059456750262908926,-0.4252311267706773,-0.8279040577000074,-0.3927981585829928,-0.06308805117698492,0.2152080733928147,-0.4647728640677545,-0.1342628089719689,0.9759009403195166,-1.1625039666177728,0.0366598143427675,0.6172773856767778,-1.382807771058089,-1.923296643134425,-2.0690118168724743,1.3585352873784942,-1.6832997012640862,0.8054715333896612,-0.2790272063553286,0.24561007037227214,-1.5411683310936024,0.5907342614157057,0.04767134533014558,0.3403087462112364,0.13397591951189364,1.2238977339581298,2.9187402752632146,1.224576285110365,-1.9309449088857331,1.0,0
-0.5141265243067431,-1.4172125595744236,-0.6960055583615431,0.3162726524981724,-0.9340237195853864,-0.14486069734676996,-0.5457674028012817,-0.1324259694386876,0.609513422533856,0.2017761821964314,-0.4760028762246129,-0.01105359592458448,2.379223181414462,0.7114791246147281,-0.7025854362847811,-0.7485788954751896,-0.3837576992539972,-1.1038632224038296,0.18060563556652115,2.340921160214826,-1.0767986593411405,-0.1485992213850534,0.3866661181659699,-1.25454856575818,-0.30990819265679426,-0.3242042301244905,-0.443554904333826,-0.14819959543764782,0.7885350631270306,1.1830263041468938,-0.10471750614851597,-0.9270875285917868,-0.10703780069043686,-0.9940120464902,-0.5836206664875344,-0.17999476044227133,2.27826573484046,-1.1060359511829287,-0.4435890791686169,0.2018849696054695,0.6475567326049628,-0.0904317176359993,-0.0757121293324911,-0.7352138660422867,0.7677640156894966,-1.2006751256090789,-1.0853898951297558,0.3043122512506013,-0.726931576205049,0.4499307502413184,0.0,1
-0.4517054610081724,-0.7834007934078018,-1.2818380664172893,1.2021098804181438,-0.8535175816664478,0.6887349072114761,0.5698980512882242,0.17468703384581832,0.1233049741007982,0.3493525738513772,0.5547777806922748,-0.07834335098082287,-0.2595666342720802,-0.1134348644211792,0.9880632670653114,0.6021925056231785,0.7497372977442579,-1.677066486872416,2.039943771294558,-0.6008043963085286,-1.252312277194344,-0.038807798514120716,-0.157668229835318,1.068659355979985,1.0187760967136166,-0.0736937299113632,-0.1110057917974819,-0.9536631121053608,-0.15739609107126976,0.9875246806261968,-1.5256348900063328,-0.33249282982867906,-2.0036450734995017,1.7585470406556662,-0.6220659105244934,-0.6749771740249363,-1.0131630621548469,-0.8641469997483527,-1.5562960700186406,0.4204199500156309,-0.13314556649485118,1.0891840847351726,-0.9590946924173288,1.6598845934709858,1.4191916731734564,-0.023246580922132932,-0.6052473129357565,0.7951772685458729,0.5263138479150011,-1.661739881991364,1.0,1
-1.3884486241041438,-0.6499380591936647,-0.960724281735414,-0.6853061256311853,1.5411999525768538,1.4342366622394578,-0.03697622801862063,-0.3137932997260466,-2.0692872979164734,0.8962948238369259,-0.5427710365493283,0.7883971090920009,0.14557283579808078,-0.2953243812823155,0.1931696575585654,-0.7937131847186107,-0.3897175757052125,-0.207812535366438,-0.8776158467798572,1.1756980664101104,-1.59352266003326,2.145723643790903,-1.128148501553048,0.1752550050168649,-1.368161692425406,1.0120024975942992,-3.571903624428574,0.057399075151404313,0.3246502619458719,-0.0969918738965213,-0.7167907628197115,-1.9532113847203496,1.4688471929815683,-1.3306940398036842,-0.13323156512168066,-0.03507635964094016,0.2620074464629193,-0.5265735302877543,0.20946136747452526,-0.2120456872485443,1.1716394184102683,0.31609184260166234,-0.2871188803298176,0.3407552348927414,-0.8288251586355034,-0.6966942173283484,-0.4747841716379772,0.2805648905609309,0.8434025239667411,0.17563450919123672,0.0,1
-0.07865607667017754,0.165103977097334,-0.8998897479765914,-0.7154821540669041,-0.17600086587162547,-0.9934084911476088,2.151034163304917,-0.011289640984845304,-0.041881742799033186,1.2691777739538923,0.6449618737431059,0.15120104826168454,-0.16106145049707862,-3.6490583664402854,-1.1166168239647405,0.4147077089149575,0.5588753746061074,-0.048183767629862505,-1.307869177643851,0.28133268444090953,0.7573255254820733,0.1931555126887725,1.3866680807884906,0.6134404248705345,-0.3050154659285047,-2.7801391007959904,-0.9758921815147016,0.988149263292026,1.4417574096732295,-1.3901470720614362,-0.811085992628838,-0.8514634310926252,1.0873634643830752,-0.7612415412537556,1.0810693365366366,0.3625509482952893,1.794399650065935,-0.17038466065511668,0.2169578779360294,0.2783176664638044,1.147090553753582,0.3005794742486653,2.0351805729363748,-0.4080309658716159,0.96330430985601,-0.8192429723583095,-0.14465763971262827,-0.11514707486937613,0.6458243640201596,0.7016821767571769,0.0,0
-0.15187753578460686,-0.35819017151839955,-0.07397373591901589,-1.7713583813270648,0.519967193871551,0.992557397069692,0.8596205481971502,1.2855359229770424,-1.7435589414720296,1.7595895312090368,-0.8722743952341975,2.0176205048389764,-1.2558322419022199,0.08308211488668713,0.29582510438733983,0.8768508256397399,0.33422796534578186,0.33518920817584497,2.5122259945337038,-1.2855515063250462,-0.117683201401059,-0.9560295854592112,0.3758534793823481,-0.7365309336551356,-0.3105571380767918,-0.1407867310093707,3.0151947817701,1.5273602835372142,-0.6255963942697752,0.8377480390216232,-2.245211098157444,1.3060868310252651,0.25169001989295986,-1.3736725328058692,-0.1627287453597926,0.2263160575038926,-1.2886211973759147,-0.2557956692427235,-1.4525958133271093,0.17745350584160308,-0.5104256824783466,1.0985542788291285,0.5425296591348275,-0.26825280573845434,-1.8108567656797632,1.6888764565610448,0.4863261813147025,-0.5383793038292669,0.035697049081708045,-1.4531783953954658,0.0,0
-0.3280325483199375,0.4894009026752546,-0.7623615321029611,-0.5626808720212266,1.0178776072593057,-1.1755442064826669,0.7060697379460215,-0.6363541278736571,-0.3910964368202947,0.21193433132104086,-0.8685055039373014,0.3625250696586119,-1.1831949107293367,1.089972524189306,-0.040591200875836564,-1.5018681024743892,0.0465176047015637,0.4712638248695407,0.04971933210825707,-1.0565087714007964,0.34698421712813793,-1.2840516816837195,-1.3181653550200276,0.02370036763757335,-0.7600725824855565,0.1096789108521916,-1.342968389118793,-0.4375208879080429,1.7213096710218,0.4409650968665976,-0.2748288124669158,0.5086516847487393,1.5470291893066561,-1.358435893871936,0.3641179494982305,-1.161532919203648,0.9994286572177634,1.0298133591992051,-0.717724230928856,0.8811611255969686,-0.024623739935409804,0.8704045854947555,0.25369754648654674,-0.2364253690967897,0.490319394968768,-0.1191645888371628,-0.9322658316563696,1.1897913114818892,2.027686343149051,0.03497160615720695,0.0,1
0.9723052995229534,-1.5291854549300583,2.7596361148852933,1.0712899660462103,-0.4081609466988551,1.5072449578620897,-0.5568287311523746,-0.21062194792177194,-1.3744033156153952,0.0590027940829888,-1.0848349818470329,0.2454405714244253,1.9898422657959365,-0.3232690890207179,-0.8217011311186176,0.8976894352454545,0.126640793214868,0.7946290183449192,-0.7565100671204338,0.11662108706410156,0.05791617005171571,-0.14400793427317973,-0.16194801191558372,-0.5318425239851554,0.5606421859521701,-0.4186439023218009,2.5807597997022937,-0.482738620452175,0.8644805702689725,-0.2596020092200133,-0.527835434324826,0.5580436167000287,-1.7732640077657629,-0.017722197165692583,0.19528508504005254,0.3849965511350063,-0.6471176414442549,0.7552779658757676,0.9564624851613864,-0.9182740757657092,-1.394690853116436,1.2020343900054806,0.3074770357998631,0.4855423733692961,0.10956119436431007,1.1692732838946909,0.6000635865301559,0.8479857019154041,0.25433646264516435,-0.16199626148980892,0.0,1
-1.0922988183465687,-1.1101792769958247,-0.3955563647990042,-0.5887673391201761,-0.4314922463020887,-1.4871817408418917,-0.8793344546812649,0.02551566574783273,0.4482374633858913,1.2780979734182596,-1.3009214504189888,0.25388141113628804,-1.2233139890014741,-0.13944607214888485,-0.716916014577558,0.3086630467827722,-0.6609069601589702,-0.13062222269180215,-1.6082433836763863,0.07310606877939291,-2.6523966704883395,-0.8851724902920097,1.4550737323895593,0.31987327698266016,1.5097682885374208,0.2855731222197509,1.2496387588983937,-0.95695092623598,1.365057404082901,-0.5265187924106942,0.07750657336910166,-0.4005614962280613,-1.5429823436198522,0.7319429535749626,-0.9693987567496248,1.1112562003058577,1.1038179351537705,1.0705627529440018,0.4187063958968444,-0.9597564077868904,0.6753144925738871,1.2321925372173248,0.4680318459511058,-0.3408387491300753,0.09087743383767348,-0.10138547924485562,-0.2818916106800211,-1.351107136972549,0.8118176221583349,-0.046496366870483335,0.0,0
-0.7051417436741881,1.195083017633107,2.3053896119421733,1.8414605170989389,-1.7796517279880375,2.7277915963802113,-0.3841408409835411,0.8823191356920463,-1.1670784944710917,-0.18975178051370056,1.1165104716746486,-0.06977158978095782,0.8509720665738518,-0.056156645504235374,0.021992478679708556,-2.16006721908093,-0.4160623312071538,0.27599080803041304,-0.94013152001425,-0.5876915268895451,-1.1816585220747309,0.014243793624864309,2.001525865204289,0.2396653953564393,-1.581737817977127,0.4205493949640341,0.3492272185638653,-0.1957990494351476,0.16826856956633404,-0.5165572864509491,0.18039685851184287,-0.4972964582416223,0.2727935870929315,0.7957418902710496,0.4252940721435059,-1.2037853455785397,-0.05038350518999121,-0.8559955641990559,-2.1155507347280054,2.433493536033586,0.8062663428008221,1.5418149000105763,-0.2379034958624729,1.0479257781391722,1.5660365696379157,-0.3258430139209647,0.8609923910817603,-0.04431093642024108,-0.2485302204231807,-1.5346569259785616,0.0,1
0.3954776733391774,0.7920212661079439,-0.8841287374925098,1.1392405955077531,0.9391426122951676,-0.1558028985702773,0.2452751400224105,-0.1428806700418855,-0.5619577901874131,1.2967794757708602,-1.8631940789503083,0.21733005551233267,-1.6673914226579072,-0.6311987343405082,-0.15219569843440856,1.1446372599366623,0.9959425098871212,-0.7462667974281535,0.4149478511069793,1.6618541334335266,1.3880502696125816,1.0719276890270029,0.6503923313596122,0.7881944703368922,1.572977835428451,-0.1407031696473773,0.2671935369675083,0.3406996073278383,-0.3374960437944781,0.4055540374547917,0.9484783160936606,-0.7245192452914541,-0.6308275487466076,-1.2423064753768327,0.5599009443478348,1.1458163972251123,0.6583404621282534,-0.5981345631379047,1.4361087098915868,-0.0901084998825166,0.12274596612717603,0.24813500318377665,-1.088870564858915,0.14553995666283268,-0.6186540068768254,-1.023419623762661,1.444279022780262,-0.9074429023990797,1.886536288995636,1.076515661480274,0.0,0
0.021828157584766358,-0.5142833353843251,0.9640375325151233,-1.3732989407485745,0.5884666807004274,-1.4241949203451525,1.1732165322415906,0.674455132608847,-1.2019560652356365,1.3980224065794828,-1.6274468062167824,0.9553392453058259,-2.2997730735703934,-1.025941845521582,-0.7934711877447891,0.15010093658436796,-0.11700333492188315,-0.6435742639248222,-1.3230075681378877,-0.25754334985663396,-0.200865463937051,1.7015598629749078,-0.4842252775311697,1.496476828724144,2.1962019579054983,0.11408325138307343,-0.2685299111910592,-0.1522453611199217,-0.5770569438269284,1.414571241009809,-0.2489673754930733,3.1202752602241435,0.4992176218078678,0.7776362709177752,-0.008621203304158906,0.9127829774182064,-0.5373262868318457,-0.29422177013694417,0.12994462859247474,1.1291906695438645,0.29556875530734833,1.6131268140209765,-0.15681396799976707,-0.5866260723044596,1.1422668386250217,3.2605336993028233,0.9511316029016359,-0.5671030121605805,-0.18789734054088214,-0.16072635395320972,0.0,1
1.0403291953908869,0.9373880511969004,0.2923571549977781,-1.228651636526059,1.1505250910436566,1.3832668556971364,1.0736306014143917,-0.7728336842190174,0.8989068505158105,-0.8926862171411363,0.09096460476916524,0.01400965268634334,2.0016158770490726,0.020741621976631115,-0.4497988347442979,0.27193566002807645,-0.10844482177812384,1.4104908736957182,-0.4366538131104216,-0.6674079149104715,0.40776859653726794,0.5892039568265726,-0.1837565407831632,1.6443972597018652,-0.06676167477530462,0.3385246080134825,0.3352091688998124,1.2972205897976292,-0.8122210868218359,-0.3387501132851564,0.17066771821660348,0.3843657452205932,-0.44565119403355,-1.1158240636042822,-1.1785789859614708,-1.2124718805603354,-1.3253289346203454,0.05401773051133668,0.6673691221487753,0.7218312767076629,0.2334373914003552,-0.5142331653670523,-0.3293594648764953,0.7753840073054349,-1.7050752517876786,-0.4431424561716451,-0.4828845765773047,0.5574592582378127,0.26771386009301856,-0.2376729905262153,0.0,0
-1.3816691688688807,1.7605507874065232,-0.8412745278253864,-1.929427809425984,0.04879849849902183,-0.012188346570353923,-1.1485623715665747,0.2900795692320667,-0.7877597918420423,0.8840904708295445,0.4437001275285195,0.5915219024691402,-0.957020061842874,-1.2431866053726797,0.4592084790242874,0.5355700770483935,0.18418629379850104,0.26869668888855736,-0.29076502789200337,-1.5291712872653291,-2.067919898074248,-2.623380415089698,2.000526885139141,0.7533157921798278,1.377547894605215,-1.1951271641736432,-2.1017998481922966,1.206514353359538,-0.28409564303774065,-0.4789850980670155,-0.7807612595745782,0.4453185134332377,0.2876007522909712,0.95694218886922,1.4057006558395588,-0.698197025983734,0.25927713444457445,-0.3287145509407138,-1.3639351227942458,-0.4408613188941333,-1.5945793446691403,-1.7862745320132472,-2.235631470169668,0.1928076787336047,-0.2472659512616136,-1.1387505259078652,1.0558380073537543,-0.7175382246452433,-0.3266602472148013,0.3503295069380808,0.0,0
-0.9120225334205412,-0.7596866959171419,0.8114059687983343,2.1236643383502765,0.048660644909722786,0.7385368102883839,1.3707497535060011,1.4218620716945511,-0.8264822315114313,-0.4596338039451628,0.4549543244816215,-0.5935051199506133,-0.7085220214856293,-0.006612918525476172,-1.8505600796270567,-1.0343692162887808,0.12824191410439342,-0.5446225740839,-1.9139569775070264,-1.6525381560630832,0.128000657409379,2.389772755433794,0.18070394354885808,-1.3561323885478898,-1.6070541644331802,1.282627042281956,-0.19154391888228706,1.7156085585592915,0.1191989094666869,-0.5135949378571601,0.771910358945895,-0.4957612508023029,0.9598311551300172,1.5559025022969166,0.009554223841945186,-0.19275825276076186,-3.4900327457521314,0.9167335662543906,-0.7808655917526579,-0.9943916324363878,-1.4080411390283945,0.6772740482807831,-1.3455743708422858,-1.3113574345404335,-0.025499837151572027,1.1121534487008318,0.5668107984472985,2.4186015634552303,1.4261464504353292,0.28220920807392313,0.0,1
-1.4742182007853435,0.7055453298186587,0.32706635440108944,0.8257213716521928,0.2550213221486201,-1.1951250468242327,-0.3140217080988829,2.0319068366986417,0.6470007469337901,0.13180117781566844,-0.06689178051065921,0.024936371587394143,-0.5547798051739248,1.4539798078117032,-0.3036569886512755,-1.2436481719683659,0.12240810848010593,0.9497578595875668,-1.001123655455817,1.7075360850330574,0.7924451257912912,1.1408200515943878,0.3495162864719105,0.3390108388426173,0.22558904104117936,-0.6785116957066778,-0.9835189108176252,-0.2431656405348997,0.3045416697171843,0.06823773674686784,-1.3025777943792427,-1.3508468809234622,1.019837409459442,-1.0778994287261685,-2.0596736125496884,-0.37574686086611736,0.21070918004496766,0.542495354137261,0.15391622648136155,-0.5704996238040567,0.8839533219145391,-2.4655480292850296,0.6392943225604063,-1.446320620760702,-0.24022689213184545,0.8882792448760609,-0.7174402881335129,-1.4890898881914478,0.4538606490428018,-0.6814401460033344,0.0,0
-1.8746405518523328,0.013515839574735143,1.3323571856633725,-1.4512161215887962,-0.6724486901027086,0.5848820965620098,-1.4256048731065514,-1.4372930615776247,-1.4684269736627524,0.5205483785794714,1.3797304202702112,-0.09947630091502052,1.4865135675757375,2.238520159895005,-1.2783184222210071,1.1890381160531152,-2.525185589476276,-0.6794392411638204,-0.7259675219136236,-0.16821237534459613,1.0731010106573249,0.20188253335364625,-0.283464801652626,1.719577640268896,-0.6325883985176438,-0.749602155278216,-0.9329185689415808,-0.5324724202866199,1.237217804455664,2.3077551131697933,-0.09235249857065814,0.02564728652714716,-0.5698847929334029,-0.07586965019241089,1.1502626806214928,0.21828756789803844,-0.25658082029012225,0.2501658770438733,0.7766577933110687,-0.224600769417392,-1.5732705236759383,-0.2342360703644368,-1.6519581027735428,0.4050299913282483,-0.3796656788511201,-0.7987829702608629,-0.8718697082040735,1.6138212687796063,1.4790486664281275,-1.4863118028496864,0.0,0
-0.2932930407516374,0.520529890216172,0.2560509848447502,0.2810353778189449,-1.8243222663635659,0.1592595592762109,0.6107734171988206,0.4438694337316047,-0.1979706786339743,1.3438579448533507,-0.9433972926110884,-1.2574206796328982,-0.5705153457778411,-0.8975263525340252,-0.725245276451137,0.9543700235356144,-0.0022337580443177103,0.8893126960094496,-0.832132147172552,-0.5902818872701168,0.4252230674624107,0.3714897321542053,-1.3719084988884798,1.4814731834018653,0.7166394149623716,-1.1926029635967834,-1.5845977208286932,-0.6817649738731228,-1.6105686719207797,-0.17903572819883395,-0.19332307061603532,0.5173898767335071,1.3513033622883794,-1.52341863145606,0.7645830864974259,-2.035683012629241,-1.6979082320827537,0.37920646481052017,0.8001480196042215,1.6503498948173236,-0.9497362932697888,0.019944523988758667,-0.3234218627651107,0.04103253479376946,1.9629592041645278,0.4207453341687881,2.732491397369916,0.29257833055140303,1.0009033916490986,-0.5380019689348233,0.0,1
0.8264592997276368,-0.6075551242924916,-1.3522726575585635,0.7076571827248379,-1.2380923461540907,1.1741258839992874,-0.009824659651691834,-0.09508552351149123,2.1695323084691363,0.6514514323450716,0.2225989543115344,0.8091558307309515,-0.843807044798578,-0.24959851043721046,0.5383923540078196,2.3527164143545423,0.4009347957361066,0.1055246295036504,0.5709256315247379,-0.44872658565485,1.129664757027193,0.4690047508857733,0.9893909412728836,-0.5273290594406334,-0.07491346097141621,-0.4780992459227281,-1.938829386305802,0.599980656489817,0.36539989213777424,1.2507550108245742,-0.3947177979911618,0.989315573359124,-0.6593967416024116,0.7349308589785352,0.4345692922515074,1.7553053232812983,-0.3011342772780083,0.5440594658979749,0.13436536469829988,0.6499880715122929,0.2823006220300647,0.15221560712578738,-0.5576266531703916,-0.9384392015318912,1.0176979120982872,-0.5048763790917523,2.096838706622318,-0.028725362415477,-0.7879761697609661,0.4889828336126073,0.0,1
-1.1793469188328751,2.6791281768245554,1.731270779043279,-0.6034598720338861,0.12747117953587814,-0.660664635881204,-0.967181660690326,0.315539731703815,-0.7076991190498947,0.7661070800757657,-0.3689666344831117,0.2657124628398581,0.7963208468069537,0.5816202172825384,-1.3472376810087632,-0.3853623602595822,0.3806159972527369,-0.2330177756897277,0.485125751186861,-0.6404087399412309,-1.257217645370737,1.0640807864071933,1.4406128679993893,-1.3168905261087636,-0.7545276619759678,1.3070603700376036,0.13212545355391314,-1.6555837162213043,-1.5089910844245278,-1.9300197355982012,-0.24998294827329506,-0.22993556811451055,-0.9706662620231328,0.04774433513365687,-0.01673342278280057,-0.7565414889555742,1.1431205986293898,0.8142116267765289,0.8005621585850641,0.9090317455849868,0.9371785169981794,-0.933313131633434,0.3850166844028359,0.2261450636207507,-0.2796769660550894,-1.5359490955075426,-0.4603009216410399,-1.3102288415832932,-1.1467233052283778,0.3659475148663791,0.0,1
-0.2439738802158929,-0.5888323510236356,0.5925171890023765,0.0852766461087725,-1.0550266006439173,0.28085943933724195,-0.257890205784988,-1.4568647665720047,-0.6954429723048859,0.4860573931721939,0.5423356215750137,-0.3968209294411758,-0.26019286747629,0.6811175160646596,-0.7402460771917457,-0.17688240782938724,0.1275690020575498,-0.3844975908408669,-1.4724269400409944,1.927078480671082,0.8182236709530809,-0.13074573071714413,0.9473223962275699,-0.8338755435220082,0.02175801315371857,0.2018294882330421,0.4364634104924472,-1.186600462080465,0.5292549360578169,0.8788036740481905,-0.08731283037366191,0.2288126633498027,-0.3632957476811975,-0.8483032074783509,1.6142028454040342,0.9262184597714664,0.5982022797956509,-0.22096811131969227,-0.15163249280366578,-0.8613644935548658,1.7648261449237828,0.23090341561690156,-1.4315306937249914,0.8996571607320537,0.5013866738413673,0.2034405914904357,0.13220878393984994,0.8721781547810501,3.11526681635437,0.9463266419620368,0.0,1
-1.7862152396033215,0.5277291003944556,-1.9272497726421105,0.9991935493454328,0.40133493859391617,2.0241537997017467,0.8446096074781421,-0.4108053736764853,-1.7560100494196194,-0.9536451398076172,0.8669131604396279,-0.9458419721425896,0.2748509459159693,1.0496277235440958,-0.7053783982474279,-1.9790322309589243,-0.6134913126207239,0.0985832454259513,-0.4863719593445676,-1.8360504157189148,-0.06998422694517048,0.7177300342704506,-0.4566513050169373,1.5081048274920512,-0.1843711585913426,0.059996835977628886,-0.5345905565717719,1.5340323309698056,-0.4135718313831695,-0.7050588893978329,-0.6076932428665034,0.5265229103890007,-2.7342430154273583,0.7516088697393826,-0.2851495230495027,-1.1197862808175307,-1.281070840014666,-0.0018374935875881552,0.9962282033115492,0.21417207541883554,-0.4356753200967309,1.9682827407374528,0.12939889888611222,-0.1079922340400609,1.6385494166245504,0.5391514551593414,0.6961231536601419,-0.8665206580992709,-1.4095954564176492,1.2776325244663318,0.0,1
0.2696290968745935,-1.1923078730770236,-0.5441884685462233,0.9095442543608608,0.7952337094435291,1.0109858433676435,-0.040596954262900484,0.11334372912436295,0.030049758141186787,-2.5473200680162016,-0.8290178015990862,0.6802840167596637,1.1113866885700616,0.4170839325342684,1.608908419220987,0.6630402625633806,-0.6351525469202478,-0.11423207785060202,1.6106747991676562,-1.5589594062666288,0.35883212839266776,0.788196691897729,0.021471153059168968,0.316240414211045,0.3280421675150255,-1.668367052820095,1.6151707377529751,-0.38616357168847865,0.7275383041001288,0.2469446214288026,0.4890144779375224,-0.2652339444556117,-0.8888784283588214,0.516579070644683,-1.9734073671306007,0.3047396616922905,-0.834086882241479,-0.4921613318288086,-1.054518894217083,-0.7873683151483892,1.158669036400804,-1.45491226386555,-0.2399584286386413,-1.1826950764181428,-0.0988219644411681,-0.5872031020956946,-0.34929198494883096,0.4875369267347353,2.3034242518243806,-0.26801783835901616,0.0,1
0.6855680136277268,-1.1094654464518725,0.17623581005139374,1.0737188470654009,-1.4647289142042812,-0.2363775871126285,-1.2402285598120797,-0.7235961582516741,0.13123363036466476,-1.149943998675499,1.0901791403792431,0.2502577361188351,0.8043379289305301,-0.5451581581649225,0.8094238434333549,-1.365303552395254,0.6735271962368103,-1.7208197925417763,1.113362504426305,1.8421322572035643,0.39471375722961344,0.5711999246681592,0.7028754549940606,1.0035731616113328,-0.9517829519422826,-0.18722110446078447,-0.0022193277414200643,1.6588459892231306,1.253871051853243,1.0012346287508431,-0.7157216905767745,1.1929933048436423,-0.6093480172344855,-0.7828265891043334,-0.039797075978540535,-0.07055488540321693,-0.961498879486028,-2.1688084912754624,0.7522494984028817,-0.11271610994785786,-0.2489645885500025,0.18325611412946013,-1.3128388640106177,-1.3055213034458142,1.9112009553889242,0.4385712228151171,-0.02700312159306513,-0.3581623719650743,-0.714639671581411,0.6945702472014379,0.0,0
-1.5580086215978088,0.1114867588843478,0.7998218195227662,-0.16473188221139026,1.2256738079021343,-1.1376194525683558,-2.2007427266492874,-0.06382300590860884,-1.0847179689311175,-0.15555835145354452,0.4296822699847739,-1.7259953550934668,-1.5479986873420326,0.9553485105391812,0.056503814895852635,-0.6526677945015411,-0.4752198404172662,-0.20657324278207434,-0.14512758707163306,1.0796126766030505,0.9290927257734459,0.3280280980070327,0.2392589640844769,-0.2946002715874701,0.4213446936416069,-1.795277949874633,-0.5483240991299889,1.25445389723406,0.8235449756433009,0.5019167776097517,1.7528845570999114,0.33327934186516217,-0.6125549189815221,-0.192215726651254,-0.1389535622666574,0.22099458093889465,-1.1299029251963206,-1.1560485283872348,-0.12348466452522378,-0.6360763857597886,-0.4679915572596498,-0.24349468885059944,-0.8837653024534796,0.4594261290848518,1.0419677017827722,-0.9602073976091108,1.1139595436197658,-0.4421838407398542,0.2532730524809159,1.1499656868321029,0.0,1
-0.09458866539990557,0.7622226900501141,-0.3007799120225878,-0.0635562079913156,-0.11320015044796952,0.1132219039386704,-0.3607294425494668,0.37351915082659504,-1.0321239880477748,0.28196455967130224,0.8559238966353079,0.9279468125426966,-1.518036567070442,0.43376025048178346,0.5813247346947688,-0.8673171195152317,-1.1899090346336898,-2.085616200193233,0.18954636374007505,-1.2546198851386208,0.5554918451155341,0.008358736194938704,0.18806475658167895,-0.2820582173242656,1.1562322829800946,-2.0714713130647664,-1.0077165070128993,0.2555611717946918,-1.2732773966356652,-0.4379645369523232,0.6343390233951575,0.7564174312861809,0.3407821780021988,0.2889815310295683,1.199956972517709,2.6912893355762404,0.7920941909377902,-2.082904909157315,-0.11345830134366985,-1.3645612662330786,2.2727254501920955,0.384305717737276,0.10815144148502064,1.0361945202984093,-1.1216901104383559,-0.8486663525314816,0.07640088617580333,-0.9687041801260156,-0.2526227817079135,-0.6214041193388126,0.0,0
-0.8251221199561909,-0.2501070105539761,0.0307841572001009,-2.4204602038082967,0.6475722536744736,0.18246646441833836,-0.4415920355144932,-0.04355486067611832,-0.03532653267901492,1.895229240789574,-0.8674648216918178,2.1693266967204607,-0.2477894040526917,0.7131769144417466,1.4428779978131978,-2.0281251999125947,1.1356046208909716,-0.39737134651232303,0.9378648361790922,-0.2209116820508426,-0.08622726262053704,-0.7220707299199147,-0.7813010361246767,-0.5719010251667196,1.0810352176211968,-0.9026163913232488,0.9091719373282132,-0.5476283404516533,-0.5759767765019438,-0.7112903054725914,0.03721635025829738,-0.5418421655148589,2.5810639444995958,-0.2607308770296455,-0.7188211465983588,-0.02340000800039146,0.9349078325688523,0.6010708812262806,0.3544594644776821,0.2036601489141424,1.3665335893871284,1.7581079316368915,0.4455822541851385,0.7275272438150612,0.33455400283902953,-0.05108980485663002,-0.3921056037859194,0.7046901557038097,0.8895110677697391,-1.018254207339056,1.0,1
1.3350902657521002,0.7110180222643898,1.2336880172165778,0.7208058347932988,-0.6100115379613306,-0.17294549131853473,-1.1684975304826246,-1.8980796391152528,0.014538169612223938,-2.463697955265223,-0.2794066710935787,-0.6952240619545691,1.2191976664079327,-0.07824890031668283,0.3295319854755907,0.8245651419747025,0.01669176131243596,-0.5088320152475307,-1.4332673867544696,0.917415303052555,0.4137351655959807,-0.5170112946246963,0.8648275314398491,-2.0673974174850414,1.3858624763898362,-0.5043238541466815,-0.6822480761748039,-1.5377944849265748,0.20428536657319188,-0.28401114815325884,-1.131650129894576,-0.3833862606944885,1.7107827826446658,-1.2196390326094788,0.018243542864327302,-0.602826784037739,0.1740370207806919,-2.023536502621152,0.7102129330903725,1.1286362792566242,0.4073446381007257,-0.16984841340743131,2.007790352416684,-0.9473766112021414,0.5914238152231273,-1.1579893231186025,-0.23625444956124025,-1.5883959415472386,-0.30356900628530514,-0.706418786359963,0.0,1
1.137461898682918,-0.14348651857161118,0.3750932913721352,0.2811917003816566,-0.2271315818508266,0.0741515712943173,0.19352134414997266,0.1826499314901359,-1.4809680187441183,-1.1869939839521204,1.9386730846538809,2.8031797553248894,-0.15964607417657742,1.612083875305942,1.0609922690506832,-1.6867480021592096,-1.529374667140068,-0.6634720928666499,1.065236792296328,0.21304537103006194,-0.1133068053716774,0.4630579492192979,-0.4403801030093496,1.4751044911950453,-1.7789067831967504,0.5857174829325293,-0.4852415668283119,0.5238977914590462,-0.6739746758920095,-1.4280341721720824,-0.7454532466770243,0.8354475378638178,0.2920580773363637,-0.7967211438765635,0.3408622740508458,-0.4137929048069609,0.9955998141851794,-0.3634222389566144,0.7038619182573707,-1.1202983232098251,-0.2647694910099544,0.6756401107730782,-2.057372979351534,2.0166836746389105,2.385349249270051,1.0094969528430902,-1.1851489316845392,0.13532740752681008,-0.014896862458540132,-0.5196492698904113,0.0,0
0.3461130256319352,-1.6144549289278347,1.688798534078868,1.3784759128397934,-0.965240905621052,-1.6337084215951214,0.8820029249484416,0.0010010171564547358,-1.042121885323958,1.2334403174685478,0.3271961199168806,1.3407854909656078,-0.5430233195582502,0.012856375788842687,0.460512118365901,0.5690128993990281,-0.6566361594959287,-0.9512569470522853,1.475547846110845,0.5293178278221141,0.2565721085152781,-0.08918839561623118,-0.9272766530264964,-0.5179527074654673,-1.9201449799298265,0.7951469439630269,1.351578336986514,0.5848835548922214,0.7733091941217777,0.4182758823678375,1.396984298595552,0.19230990778898616,1.1362748887137841,-0.6397888583171035,-2.167773502017435,0.23442740178266105,1.2125031296881466,-1.0365170488758504,-1.2946742373476718,0.4952232304593006,0.1991436992211585,-0.7808142854250474,2.0426851509896946,1.0051657424051073,-0.7882854161598052,-0.8212509302592028,0.1109158615858943,0.6251357752729477,0.929120316140638,-0.5545400574406074,0.0,1
0.5611933990659829,-0.476817571474588,0.4603400063851033,0.25801026385500875,0.03816409917063993,0.206694395353476,-1.0959677947416624,-0.3073937764585543,-0.17777320088347526,0.41827759112911655,0.3955679596046345,-0.7093132220897163,0.11583228630471885,0.2530361090432422,0.8016394030359978,-0.3584471880760345,0.26849659495695405,0.541610595445274,0.7872502959486716,-0.964589062339748,-0.5550214289290833,0.09053480361066744,-0.3859761605723838,1.3722122377438115,0.7675531776508506,-0.4439525099342183,-0.36197379143904096,-0.5475880420851419,-0.3035319144792288,-0.6226515175804405,1.1237299449695703,-1.1889099000856682,-0.2696168583402757,-1.9625508106479268,-0.4290245509561958,-0.28865053626292164,0.5131887254123396,-0.9223402620320356,1.3452067020630951,-0.6850919010546709,-0.6596893380001171,-0.9300651091098664,1.4092025341787888,0.313286696095755,0.8575312439659346,0.10174303737901816,0.6573094623062414,-0.6114509107595278,-0.3355218612854945,-1.8024090803768336,0.0,1
-0.2742547376057619,1.030982553761384,1.3191663658480066,-1.2653048587421014,-0.9004242967316121,-0.8901338929870545,-2.0104103376541573,-2.7649480183842625,-0.4182723418516063,-0.8719338628568328,-0.2820528046063838,0.2173619148365672,0.3831154797494181,-1.2977207857016266,0.2269178917621505,1.023014937415242,1.3321516458971248,-0.406831573798818,-0.8377581945418446,-1.7534448368036288,0.3323623410658669,-0.7319583223031174,0.06323646402983722,0.03100571992192775,-0.0842450549895419,-1.947439348795457,-0.4812122216034209,1.7260547511049842,0.13300664686628835,0.4493052299308277,1.3545099929222466,3.079028131327689,-0.3392679271197084,-0.9368538636191164,-0.10731851696125903,0.1323777595192198,-0.4741470894729608,0.10024761976510868,0.8138960582527233,-0.5945881103372429,0.6802681165444003,0.28143702572692536,-0.16593588484327687,-0.5789213390326575,0.24020160411245445,-0.6022097618251799,0.19359176617272966,-1.8162494753451344,-2.2377626318768398,2.1226143106547184,0.0,0
0.6440246680292271,0.9520595164320468,1.3778109308894906,0.025068694126302245,1.2224383468583868,-0.4233298465442247,1.110862311134324,-0.10680723983787553,2.006372237429133,-0.3086052117770944,-0.3730246792588739,-1.2806781762862511,-0.08427592277630648,1.1187009404435708,0.6542600638601381,-0.9725304965715909,0.5270171590913447,1.1948827660660435,-1.4789718230206603,0.5888207912003828,0.05529175127843362,-1.292642745080514,1.0815408101835904,-1.1390156407347842,0.8133276380028218,-0.7051400235443103,0.2856307975797669,0.4386355054319942,-0.03361812754399375,0.29240286310007435,-1.2546426904459238,0.3317238642405515,-3.1924542655403445,-2.860318683876204,1.2264389331848222,-0.3185198182534461,-1.028095734676457,0.9723124542742916,0.7345234631960724,-0.8829604352628923,-0.16401650294819864,0.04568740883120608,-0.6522544030138789,1.7715587792136405,-0.4782441153160274,-0.4991366682591477,-0.7285799915442048,1.9378606766563184,0.4188753826824557,-0.2547421437361816,0.0,0
0.15341003397191866,-0.14007526762499686,-0.10507114654624156,0.9773142397833372,0.7022868537497703,-0.3164436804171917,1.0029112760979415,-0.4158739043199881,-0.3682656317517676,0.9780913519078543,0.6734469164377268,-0.8486500752587125,1.292991711125063,0.04590531300320293,0.8681955721487788,1.8922603103022693,0.8580186791538439,-0.05825019384004367,-0.40852872768275456,-0.5258048040627489,0.5859802061804135,-1.0292442162100468,-0.41115240920169743,0.9838892034755721,0.04141330560544917,-0.8404736925430354,-0.4167853853184469,-0.15433988921766476,0.5275390783415376,-0.6111458898764618,0.9706502968476388,0.10365253302792768,0.15400922747037932,1.8534526931109585,-0.7622015666666209,0.5661829757517898,-0.4362681887764892,2.5329512199462463,1.171944815400997,0.5104302100947538,0.5741429894869915,1.0311349444836526,-1.0333859621221957,-0.7876616509650587,-0.6713397808574599,0.4770071670852395,0.5252302328046523,-1.7290604325390149,-1.0731774383379051,-0.9882821937391059,0.0,1
0.3083598256028933,-1.2180955958315656,-0.4487921919047416,0.8984760423447269,0.6823428016011069,0.7850279073785563,0.5583198777290876,-0.2166516570217637,2.2638335725832204,1.7733659722620951,2.4969134132785853,-0.32402788679352584,-0.11736325257346004,0.19063586302177893,0.3398162800737592,-0.8917048986294409,0.9307293529460912,-0.2989880694888207,1.0187805878559797,0.6169333490046872,0.5660451025239631,0.20137897153989295,-1.0395450955567729,0.8494317694245452,0.3323390787924792,-0.7370365461086945,0.6541862752589651,-1.0897097119167476,1.8301176845148084,0.5991005613210897,0.038346746542467385,0.8308984137486112,-0.684456134528334,-0.3887339144710214,0.3975519781932825,0.2692877300536081,-0.1854950104518446,0.2933337959302427,-0.3845545061552365,0.6701123871407979,-0.8578333398887125,-0.18664948614387789,-0.2337072070443729,-1.923948658537288,-1.8192651572195881,0.8780473321644853,0.7715167256701126,-0.9315733952291468,1.4893491902659035,-0.4095072386804263,0.0,1
0.4748153543275924,0.3521359288466056,0.4513595493952757,-1.488356336734601,1.0255043080959696,0.5751789613141197,-0.7983112471420183,0.5714910137349162,-0.5723724865808615,0.361511850414981,-0.3978311680967481,-1.075201242621048,-0.487009570641349,-1.706109287858367,0.5136994963874809,1.534745746276989,1.0259003504216977,-0.8684572292009751,-0.12510793573969173,-1.6778195577074515,0.1015084966071125,-1.3925177507194224,0.10773379731109076,-0.1394222843588775,1.3276659489006484,-0.8404223811448219,0.7606492474249721,-0.2955396227660765,0.19253359617350152,0.6331548447284119,-1.0497668286367174,-0.18200025898645528,-0.7175661579127688,0.3238243030762275,-0.2591718109219683,-0.3572627045580619,-0.15072376030845694,1.1004142328730693,-0.6993855473305685,-0.5740317466698182,-0.2110340955854371,-1.14326162323645,0.33603530325427977,-0.7197714195047891,-0.4732759498289248,0.9298956475476212,-1.2507215745688958,0.9281258913925272,0.11884191658934963,-0.47749129351286607,0.0,1
-0.07087048416463068,1.4020825788460043,0.33107081340147804,-0.3674115538111229,0.010879246939297009,0.5086215455035892,-1.4303843938738832,-0.4364466036016501,-0.24723409412267286,-0.4538768875982533,-0.5159271511417557,-0.3507640040804175,0.13805397917335274,1.4247350610715632,1.1479381636105033,-0.22980947557626435,0.5080114433433637,-0.07905016793504445,0.5693544312449664,0.6088507694301055,0.06619080270316398,1.493307730096992,0.9954228220034771,2.1595749412321914,1.266456725877844,1.3431724599235029,-2.1526570370704765,-0.4770823864507408,1.7083737860407242,-1.6545328703207098,-0.32310899443514385,0.021226608172249403,-1.2187877999979209,2.4780359171511583,-0.2203444666278255,1.3532736195414976,-2.075051223102242,-1.0295288831597045,0.12583799720453862,-2.8330264208029865,1.244489362181546,-0.2627117863177832,-1.0376360828229432,-0.5681335082101586,-0.1482427478758387,-1.776450310716893,-2.112996364505608,0.4073339837576409,2.1545660784963037,0.6621467501359538,0.0,0
-1.8768445268656861,0.15633419231438594,0.7380266918148908,-0.05459326940252248,-0.6224551407039337,0.16083236854579105,-0.01828356553742479,-1.125910524271411,-0.6171393434958423,-0.17027735139876932,-0.059240486951722335,0.8677264796676829,0.3045402684261567,0.4442123384780345,0.3979248602254267,0.4634430691454535,1.5437574214063987,-0.7047334937415577,0.30939223768985064,-0.5490373526106977,0.5712318580314827,0.3932246683263403,0.5891091396884268,0.7081388695959375,2.213976733970849,-0.15759370301051234,-0.32150177398910285,-0.5292703018552524,-0.3185574051100135,-0.6812306587540944,-0.06678580185358382,-0.22134462877713945,0.33139153641010993,0.31273823784519705,-1.077584099873692,-0.25836293455127834,-1.0999383254263173,-0.06924658043282167,-0.42638189565023066,1.0397676650759122,-1.4021027192059328,-1.5837759818057433,-0.2619353950074066,1.3710073504469815,0.7387826917022421,0.4290324800627301,-0.06266622233360035,0.9539962474926216,1.4991957459166818,-0.4522725779739373,0.0,1
1.457052404298195,0.4581370737440083,0.407731717487563,-1.5345315133767534,0.5001763316281097,-2.6321035409426607,1.1211965918240094,0.2978581779810953,-0.3086937068470104,-0.4627670936114594,-1.1594081366424382,-0.14979588673761052,1.7602258303781717,1.139476919415376,1.21221127793355,2.0989734868237067,-0.08006041258548609,-1.2679965029711435,1.867710653158525,-0.052462535841288994,-0.5264975927629868,-0.15507340895328287,-0.6021368326026478,-0.4559925336452376,-2.4197641315342406,-0.30506276648638875,0.1093972077532871,-0.3536989089466118,-0.6884204590197945,-0.3788797727294232,1.393544179883652,-0.6342464591013803,1.2596088223404098,-0.5524398364150819,-0.8223217891405098,0.7707112849243639,0.8420766063313937,0.37209361994510665,1.329353957594671,-1.1190035716051965,0.8338919278014895,0.479663671456692,-0.1836262038348995,-2.610412159480251,-0.21636730948875407,-0.37707642936839736,0.96919157629249,0.9547442961389097,0.6885189941406533,-0.42216799341994815,0.0,0
0.25774656555291714,2.025405571746481,0.7787315130135459,1.4519360722962584,0.4171324885229113,0.6235180144667908,0.5854258240764124,1.2919557618103812,1.3559934988308295,0.5983495838192741,0.041629264879673375,1.5912492838568355,0.3233236063923001,0.07647399494835683,-0.056745629435827574,0.8072458327493348,-0.8617899617323127,-0.5022840771057268,0.15464695830652242,0.6667420583024896,1.1259900554075366,0.4040324872016661,1.3214804628769228,-0.5905677576538982,1.4857539443078038,-0.13350264617569413,0.3307378058641843,-0.2325779553169687,0.6470252817963132,1.4580887350053977,-0.9537837167550264,1.086912720229179,-0.3380417439441895,0.2987388199950239,0.5865408339705945,-2.372126213957981,-0.9126732239387688,1.232464209892826,1.0833275620336074,-1.114363733164306,-0.06585260614578872,-1.798372344294258,-2.0410779736743905,0.20164137976271526,-0.9709714105425116,-0.5310666537120377,-0.6364561595049125,-0.8615894375757179,0.23541963515150896,-0.7395279099135728,0.0,1
-1.0956641592982628,-0.3906480309918097,-1.2399376169536032,0.01822434145194056,0.7207851651188087,-0.6737503797734679,-0.0682853377743441,-0.37778435791920784,-0.5927764073907168,-0.22703323883100446,-1.127591570174218,2.40572204466847,-1.4619090621292263,1.8933035457628216,0.6818116156160325,0.5713068942358962,0.044648710372238117,-1.1417096841981813,0.9173545489035436,-1.033151715558595,-0.0982185743365191,0.40725992758464175,0.6455216473604655,0.7621360097616331,-0.9829930552696812,-0.028660413583651005,0.4751390656446514,0.23673095617197204,-0.7413627064957374,0.32956905439832923,-0.6560833960704421,1.062074921139254,1.9088332717356016,-0.22533016490577384,-0.21830118389515346,-0.3363865884005747,0.12533527169426076,1.6000318602552923,-1.5186529684888623,0.9826372942219864,0.7387840851400805,1.594345164217423,-1.4140646343841723,1.7397145712895996,-0.2385918967637734,1.2954849370969237,-1.0608345360565925,-0.6589240900841061,0.4819346649123938,-1.140676261276416,0.0,0
-0.2571921300603126,0.02959150514574807,-0.07727092016615378,1.3277272210125264,0.4346753789718949,0.8772566838709601,-2.306364886330388,-0.03262139771009405,0.4158108266993752,-0.3680536963885757,-0.8806645292288451,0.6538088355833143,-1.9660249018907692,0.16832149516957426,-0.1640702647316795,-2.386516005288247,-0.6440503072096925,0.09989997592064008,-1.2787784820001855,1.6612473251715336,-0.4156408689837999,-0.5290523294217141,-0.5472753277352118,1.1967429771820786,-0.14731990107286874,-0.2568435406511631,-0.4245386937092061,-0.4063216177107925,-0.3236421132537367,0.1798535959776767,-0.5821685160074935,-0.1978445770841459,0.8032395632340749,-0.8883261974578612,-0.31943877956818345,1.039765533505726,0.7390137202063228,-1.2876978034586677,-0.5661389991447299,1.767133071901111,-0.7511825410349622,1.2397470620712718,1.2379187956003237,1.4670271587111632,-1.0872564185392728,-0.26301473251528784,-1.2735447807860754,0.3412698357613918,0.7995152514529069,-0.12326628358851192,0.0,1
0.7915618329788962,0.6844515053238506,-0.252605120844232,-0.13525438527200975,0.13176743718538905,0.1420787396741207,-2.217248941250096,-0.7812993809902169,1.5708304656224703,-0.4668699099097362,-0.4595020495905277,0.7931843158993686,0.3576202179741817,-1.0130802498591047,-1.4676845044255955,0.8559993185913646,1.4772979439914098,-1.5030712936977604,1.446779466846437,-0.8755232488307969,0.5678945993400646,0.05644008205649191,0.5790034706696183,-0.18391530261302186,-0.922383384953744,-0.5264635503786417,-0.10843813568751907,-1.3747849392231093,-0.13896275978142972,-0.1793303053672937,1.1578531861347843,0.034648679122236986,0.9592943424413664,0.6220278792931431,-0.934967565932889,0.5090167668895952,0.23137137921020184,-0.5870426652533839,0.6025813073695004,-0.47205552065923706,-0.11013379202735356,-0.1658271064891077,0.1615626968608627,0.6828852933558777,0.2264363599798789,-1.0629804656688135,-1.1099841351031172,1.7566889219205244,-1.0604152518368288,0.5917542196170756,0.0,0
-0.4792911160853348,0.6041724791793576,-0.5987159822682878,-0.6294057508224146,0.34009076167033114,0.8391644389109172,0.8131472990289978,0.4936066535394626,1.7550244804414792,-1.603019046673381,-0.6972156943691826,-1.05049435451655,0.02983740492934494,-0.3916180174269567,2.1438618495903685,-2.383271404332953,0.21558771924189998,0.7533457282983018,0.035064992142904663,-1.5325174614866002,0.6058665394206953,1.0354912580381856,-2.3731351852747062,0.06863167321385079,-0.3075348634689601,1.6805813420554192,-0.6197533219245206,-0.2913044461885557,-0.3863897417695236,0.21873239587152726,0.4498477053971338,0.369459417577723,-0.2608756728644269,-1.2949646119978573,1.1721944106907347,-0.7786182729032947,-0.38908665613837023,0.8819059889563163,0.4097551182255861,0.3474312489619321,1.096317585140723,0.995627455433757,0.451190818746,-0.8829595943365343,-0.2521330789542954,0.8786308768481571,0.3596169149783785,-0.7856835512603707,-0.40263246618798654,-1.2759115087323962,0.0,1
-0.14629577801871907,0.3078594209689077,-0.6704078270354531,2.085892718666424,1.065341970292888,-1.078398912048545,-0.8848076319840421,1.926979876242184,-0.7624846358015438,-0.7539243124981959,1.7898498129696971,2.676627982337412,-1.0088278007708165,-0.045986290828500725,0.6997502420131884,0.2476591549150588,0.5599553820336551,2.022030867088737,1.0476748832018947,-0.7165144106394583,-1.4403712478092072,0.4107403582609788,-0.7755581185737686,-0.5455238994420805,0.13497698065473204,-0.015445256486006703,-2.8437954352794392,-0.7054955757616789,-1.6634967247287842,-1.2880984819679788,0.9377926018875059,0.7599660101691948,-0.6565944741003802,-0.050685026276869584,-0.7027111763608879,0.11312991911131033,1.0572448189877337,1.1109668955205974,-0.3290933971744255,-0.2348927884682395,-1.6720418090584306,-0.3665616392181119,0.9699016701433064,-1.151050553420505,-0.2415907432231524,1.6537634081064831,-0.13083440676708544,-1.6788682255290253,-1.6960526439383516,-1.4842762211976324,1.0,1
0.8952591433744359,0.6471095541320999,-0.9580229882111296,-1.7658894170316133,1.2945009023503342,1.6070524113793507,-1.6791073318179193,0.2455778879359184,-1.3886395213315657,0.5974258856938645,0.06912451785935712,0.001307479669554169,-1.1399452219344353,1.0121688959002837,0.504938722667196,0.9978910725187456,0.7308920281265928,1.610855787782721,-0.1491976782190346,0.006547420094504443,-0.5724840746343283,-0.8998600751927998,-0.4627780469895391,-2.0190072431465333,-0.3497777602951629,-0.7023620545058294,0.4960462106469885,0.32194187440929595,0.4356593964742218,0.1391074717159596,1.6744535107244232,0.8416827912405438,0.3742974245731797,-0.15217419558876338,-0.2861533594548688,1.4261934582878346,-0.6649710540592483,-1.0825093726071529,0.4774652441137797,-0.5392652757399585,1.0645898458679786,1.244595443819887,0.3236703121921432,-0.10444006636734884,0.1366926491116729,-1.2444907185464045,0.4486375583960219,0.4481495258659784,-0.5965556242842088,-1.5184437526754886,0.0,0
1.9327191851170444,-0.15991260377300798,0.7888148071267367,0.8416606675280331,0.2546890253662689,0.3325248062548413,0.5107286341337997,0.6247657584742323,-0.2728823881015049,0.845377856672494,0.4597534665507301,-0.6040623935657464,0.7240485422068833,0.3340508767681833,0.2142095944778478,0.11132794277103186,-0.4545130500039614,-0.5912519574659745,0.05899509138436072,0.046771977805099216,-0.6809128551205239,-0.3351703614118864,2.4953176523375693,0.1821236521137759,0.3193520232857606,-0.07603938518854328,0.5325903582516353,-1.5092377833892572,0.7587897370160426,0.3607754254260195,-0.7997007688490968,2.0605846054359342,2.524340421201233,-2.0991563718370707,1.7880837186851668,-0.28587002660581,1.5653532309270335,0.6603441686540577,1.3255581117777102,1.7514692187806482,0.4489211998552385,-0.11521051835093934,-0.12771239361243028,-1.8827633140015936,1.3337481282538897,-0.8915803243648949,0.38438256538175614,-0.03107163477945892,-0.050111405969344006,0.8934473511039487,1.0,1
-0.28592165357636545,0.31992447107350913,0.1619801796299089,-1.4170436782310851,1.4050762609380618,0.5892513554026519,1.9329291397717736,-0.6597961207256016,-0.23267163516571115,-0.8546481918292209,1.893025935927373,0.3323539639867905,2.5182598789198423,1.6254207937098752,1.1740154873130846,0.40038442385005424,-0.975104523657763,0.07627046546021446,-0.43932941278921145,0.9899669122586324,-1.0176234619071651,0.6954772916947134,0.8598972360608095,-0.10025820949945194,0.6295785887444416,0.4718518080786116,1.1334505985237409,0.20325380551901906,-1.0664154296512005,-0.4507225915009312,1.007216518798919,-0.7642372842174636,1.140900316569282,-0.20055474935546927,-2.2741094191509594,0.3136065350100531,0.5412328268721117,-0.0902306403640816,-2.06279912083974,-0.20364202136917856,-1.221571066647111,-0.7358810996928431,0.035852787675907286,0.1861039100516465,-0.06359487894703575,-0.09516151287277262,0.1277409557653324,0.05988065979037613,0.5650590871087029,0.11081331214287833,0.0,0
2.351446436606814,1.418742014434519,0.09510644696955704,-0.486518678353952,-0.8472399740934008,-0.3974819729017638,-0.3854481259595736,0.6892698900060054,1.244070990173609,-0.31195878763337953,-0.07401605722900098,-0.3423674647969679,1.17755802816997,0.3000837419779505,1.4897474892775662,0.5226251309838024,-0.145533957978327,-1.6468549925848524,-1.014645762214052,-0.29715826468037165,0.11034426568942247,0.9796363858874694,-3.2488416384430843,-0.4856343146945626,-1.3166740183746872,-0.9529960260504357,0.02009732820153281,1.1959179023588342,-0.17197492781990878,0.7444700963210705,-0.616001054692213,0.4888046763476984,-0.7667911396367029,3.0570207211264835,-1.9177525999507128,0.3990235489776011,-0.5229223392473323,-0.7332718587703125,-1.6344731326095316,-0.5118630276132257,1.6365017530737278,0.7353363832907839,-1.7477502601583337,0.9714745192622068,0.5487749657370445,0.7755379051870966,-0.7856737544705665,-0.6389510588400836,1.119661661653919,-0.6813304275605062,0.0,1
-0.09411444537467248,2.2555276746991257,-0.38109846395172187,0.53053816142487,1.5594951441921163,-0.6022774869296187,0.9989560060305276,-0.400092136180089,-1.9964985295315203,0.7058281725967234,-0.18456135420244615,1.551360711704873,-0.1514910126086639,-0.011447697726213886,0.5825853571137883,-0.2324095036167235,1.6429450614291556,-0.14051715682611565,0.5141046438837414,0.9130118919692274,0.21043061617061248,1.4813926393443118,0.8172889725284502,-2.421147765799057,-0.8948368988305714,1.029384029724978,-0.6515570791076362,1.0341981323987521,0.29556335965308433,-1.299420587794687,-0.01812969746493214,0.07630471217272762,0.3447772635770044,0.12146652564722725,-0.14675058731165766,0.8115205300358853,-0.4297037859728791,-0.7154109861059511,0.7318130759661866,1.2554487854736798,1.6434732854128635,-0.15802606159115326,0.2590057231615638,0.3027686328552278,0.0719939591304697,-1.3916988930449756,-0.5482976349878859,0.3504084609471393,0.08817442872614409,-0.5314169760081835,0.0,0
0.602778302308796,-0.3515113537161103,-0.14530041120564774,2.1597647129154582,0.7917874821672694,-1.2369056841582489,-0.07732826924760551,0.33309346534502426,-0.7368128912672707,-0.5000108904664763,0.8961432932849767,-1.159836154504175,0.9906231329787792,1.4983240824241901,-0.7611263132826239,0.180247291829596,0.8219463738804098,-0.6699711451730254,-0.6630339034610341,0.6322179878634595,1.0897894014077865,-1.2643317154703686,-0.6865763197439257,0.05898012002519053,-1.2985906211171059,-1.7490903576790768,-0.3603739470579483,0.17996550335524658,-0.7722100017433772,-0.056479134222970365,0.8466516082288509,-1.1022562019243185,-1.2417675091918192,-0.33222096745874125,-0.2836730963537847,-1.071507255214832,0.6952603784373002,0.7944407452013098,-1.0223246534733486,-1.4163761569774431,0.8883438655222715,-0.663474282923453,-2.3371426913610067,-0.8232588141716456,0.012945141475241331,0.5226755134662204,-1.2564207212080991,-0.3837452649971361,0.6959069147328648,1.2886912777200281,0.0,0
-0.734855860585729,1.834800845722932,-0.8892626157145338,-0.6303323257093222,-1.4918404522289466,-1.5700996314557742,1.4084873163036022,0.44700911889834777,-1.1676271092716872,-1.0392946725902856,1.3241302731625084,0.9958355723187476,0.1653057836132266,-0.19986846523840507,0.4118180394081701,-1.38084671172356,0.3252102450446172,-0.6815673849583777,-0.053009208044216084,-0.6114393688387258,-0.7371130638231459,-0.6191230021233936,-0.539330677003236,-0.9575675756157628,-1.7313979823158645,0.1323015385248405,1.5831857324484728,-0.5957053866902426,1.4976009407381818,-1.9690476726398136,1.4699675531109615,-1.1575798346111001,0.6325132636036032,-0.4639173545839059,0.3841689602483432,-1.2109041127899909,0.4221987889148096,0.0917139415787667,0.8413635988800583,-1.863772507234892,-0.5032733358587603,0.11170916747004496,1.9642892951438,-0.4927295583840909,-0.8549605445581961,-0.0963936067416651,-0.2726006894834511,1.017137532931801,0.011885199685675502,-0.6597539495395268,0.0,0
0.04663645993077591,0.3653674627353208,0.02897320241468682,0.16439988020774496,-0.3624121943282935,0.4330071799628501,-0.1489614423830001,2.01485089240174,0.5284805257485828,0.1908552994358895,-0.028350545672867038,-2.4527312829180845,1.2911980710980768,0.9162750087031328,-0.5034780146029001,0.363896925392531,-1.3204911213186132,1.550103882773129,0.5940241625934526,0.32665823511167563,-0.8191409935000458,0.6481490445253171,-1.5023717914003334,-0.03592275093377386,0.34550754146389884,-0.05621304109495908,-1.3237049610788008,0.3577174931255336,-1.035306457439397,0.6260227993018612,-0.3107198862859227,-0.1400361613114475,2.499511827681768,0.4632106509305087,0.3414430548076249,-0.20432697634432084,-0.5973767756085849,-1.6297893871811862,-1.0798483487175985,-1.786618448139196,-0.4061251004077883,-0.8188185090954929,1.6099086048085762,0.3683744899058987,-0.363183905538793,-0.4436754948959736,0.3440701360655396,0.7502554160403305,0.4617442274777378,0.3541080465604457,0.0,0
-0.3959083359519019,0.001605169150514127,0.09523579308998978,0.6331140585845183,1.3902914575813183,0.9983574799400664,0.6128072225440847,0.4455595119908029,-0.2409110289702841,1.6363416059849385,0.5586098281948078,-0.08674481279439009,-0.3259106807250817,-0.07870458065283377,-1.3199391258576028,-0.3159310295999851,0.6208364134913505,0.4500664071848196,0.26418602395918306,-0.16010588821712535,-0.8142888088920103,-0.8255608321285318,0.3618084950891741,0.2654068847880989,0.2057845278459944,-0.4065565701030693,1.0925115969158778,0.8709948288518997,-0.8517302790627893,0.5055850963173323,0.6861591997946284,-1.5296343838187163,1.7953843978164412,0.36543592582182,-0.6750390123437272,-2.0156159829774705,1.0189997299492473,-1.9754259779269328,0.19540040299234504,0.5847888696283079,-0.34224508104631457,1.1287814339018178,-2.0627460023020743,-0.9617112509903936,0.416623720592034,-0.7592041401591356,0.8461750303932417,2.060122928630987,-0.1671631529467447,-1.0895398924253898,0.0,1
-1.2759568766873899,-0.7767446955309038,0.27785847647305345,-0.8985215853627995,0.4769033770555567,0.9900904443608272,-0.7695460144106856,0.6352182569497756,-0.5083039712637161,0.8038850261704965,-0.9876770028980062,-1.7983657287188932,-0.8208141680762003,1.6113511466280357,0.9679393101291741,-1.9094139505453105,-0.3542277495961758,-1.3641426506668404,1.847815459927186,-0.2308396563619739,-1.1414901970724378,1.6676392259233177,0.265380158445169,-0.8377356498071694,0.5291253788878161,0.3983469894877026,-0.2428648466871778,0.5573742422070003,1.5928847353536353,-0.95480283158868,-1.0172835395009188,1.0513397506201057,1.6892623964736042,0.4116448582747888,0.6039361013257704,-0.35730275216288776,-0.5897344291935068,-0.9720348883158202,-0.5035387847782631,2.107354263582712,-0.5505747319528599,0.32349972827149776,-1.3523959275300441,0.28136579111650817,-0.41694993440463296,-0.3318124523904145,0.03345793763066119,0.6513041295205797,0.6408795579932793,-1.0791191582666009,0.0,0
-1.063550188333232,-1.8302636094547011,-0.30437551019763753,-0.4879161916288942,-1.3719642399943353,-1.0702873274796334,-1.5022279348900804,0.5618771164532781,-0.9880402807526779,-0.6761206561668073,1.534473459883133,0.5193659550147299,0.15596845503391474,-0.5239109806710872,-0.13835171285555498,-0.36883113322946987,-0.2701239016365544,-2.3276353779336176,-0.4260176262879575,0.3315632868249749,0.8611093250794147,-0.5188051979140053,-2.098644532408417,0.6591195070127003,-0.8066085276425587,1.4120102152369851,-1.1738282092025647,-0.029197330885802338,1.246991870022799,-0.27633066918413274,0.33827579625610943,0.4457391422682101,-1.8435674366847468,-1.176519896725595,0.03477866764562127,1.8448734073532425,0.4373423688684509,1.252500617179371,1.6754821131264117,0.5241151903748069,-0.7406327327918587,0.9224072016085502,0.9417593819067694,-1.3088073054281522,1.5871564293110183,-0.9396401774418588,-0.14857808097275946,0.9377730092165124,0.7295895575166889,-1.7466932035386196,0.0,0
-1.3233613391038028,1.2670963673544189,1.0489182465553426,0.2912046125708878,0.5949133874842576,-0.2511694866683269,0.030753478357174086,1.4945462388543302,-0.4812633697057046,-0.4827786106324911,-0.03229149050755658,-1.6743279025339113,-0.19803311368808285,1.6507510646344357,0.09495215576170504,0.6291646432390141,2.1704486784005503,-0.973973596168524,1.3746031160267451,0.21514568030134584,1.4636575875917728,1.088718785505871,-0.059766133210296814,0.3199974919712391,-0.4096056954300308,-1.5433602153772847,0.18105752544247414,1.1704779602563853,1.8684332757718116,0.9135225386609304,-0.11795580896069728,-0.4971706457338608,-2.0404788071842503,-0.34100790194346736,-1.4036748825597216,-0.15518090219110775,0.4501806438916554,-0.5775197137829071,1.1412404449677584,0.42087777967754825,-1.0075019190160424,-0.7909020625234102,-1.1082314279947207,0.7126856509369883,0.3611363945612879,2.130276457046805,-0.82572781230169,0.158295728105378,-0.3764779420606697,-1.7855225323043102,0.0,0
-0.3176966301344814,0.014338927958016903,0.656919211096826,-0.3301456209372297,0.6584507814646153,-0.0001936651696953301,1.7598109637920634,-0.7417829331498449,0.12131329506295575,-0.5403425753839739,-0.27155413771417897,0.3974755539337291,-0.859911709462771,-0.6481890741462459,-0.9417034222916536,-0.9087654339203568,-2.0633268798778115,0.7032925462803229,-1.6305660018016752,-0.25501468343840084,0.32206718677413704,1.1942388834745494,0.14090952461424402,1.1943769857659945,1.2322365333219871,-0.772351613919666,-0.4333904568739566,-0.20300673808382064,-0.6841279689583538,-0.3847405891571372,0.05323284232392058,-1.2039480497749313,-0.4481776295759392,-0.09433591876528807,-1.0801346180842286,-0.6206948806075737,-0.5581921701898079,-0.28523340416484994,-1.274789484735259,0.09798368172106818,-0.4872544140645844,1.5662649626739182,0.7406887135263921,0.9045468095321314,0.8655295118452273,0.6684287752393006,-2.7223774662054265,0.3947186918963975,1.3328345916093212,-0.1256273595144202,0.0,1
1.5689061566968765,-0.6880445096388825,-1.069786155194289,-0.15319502406149865,-0.6565594982174581,0.303073712127348,0.8555197077560486,-1.1743267415858305,1.3842521154909293,-0.13931804482201282,1.291248575916668,0.7977789494802384,0.4006254723236438,-0.14619912154627576,0.29457812492792346,0.19020581681531565,-0.36022279074593183,0.2487021594709129,0.2569563591097398,-0.13030855639758898,-1.9877356313427719,-1.158126824229578,0.8771968104236029,-0.4260580184619665,0.3702813438778748,-0.261389373516924,-0.7513196957097767,0.8845810760863831,-0.36832026482129626,-0.572851080627563,-1.1356995867467152,1.0372825978486526,-0.1044066935834617,-0.37159355736921823,-3.047516130705738,0.617941618069258,0.993474391207792,-1.8736223921315165,-0.08158917456333388,-1.0221963633224176,-0.1746863868503295,1.4440644155241718,-1.5577674489828148,-1.576477627224384,0.29770206529877713,-0.1869791413308276,-0.1628848819924128,-0.9817491364226851,-0.2368919769231813,-0.17579419547616687,0.0,1
-0.08261357064478479,0.14003025361348045,0.6265948542317659,-1.3051075286278155,-0.014327179937740884,-0.5825638367293409,0.2536398005822679,0.4503308514481724,-0.7606230119062645,-0.5098153814820845,0.5904034333866272,0.5887984648819752,0.06942453545942945,1.1583264556524449,0.08008032348159089,0.05607775465970943,-0.1958356079406167,-0.7419193452006467,-0.0370252409403163,1.2091414043916917,-0.13151845479047675,-0.6027969006113735,-1.0407715729138562,-0.9653828726367184,-1.1788353081719152,-0.81585729609439,0.7424467649590283,1.175474005883397,-0.025610826551889662,-0.483316905660076,-0.4031444422687852,1.8308795750134852,-1.0876559484861272,-1.0508004890359837,-0.050427778013020674,0.4278092302502835,-0.3319602399926949,1.3462189107790004,0.8502310035536829,0.4054508185542822,-0.3984483207201616,-2.1652041048283874,1.0329117108893715,0.062234040397350386,-0.3475661547592033,0.1700444816040568,-0.6752229305894212,1.762725663778584,-0.18095624675117766,0.399375717654673,0.0,1
0.5566761882569313,0.6629292089160339,2.4314213523462445,0.15538676015034766,-0.6731617744918297,0.3723215817129302,-0.7605761882303792,0.2688426548093025,-1.4011323423832571,0.5438004921496017,-0.506989779607971,0.2455979635216404,1.7262692289985124,-1.4290002894536935,2.029166042188949,0.18472156753286864,1.2322843358151443,0.15046566063739908,0.992875138290782,-0.315243445036033,-0.022223810077642445,-2.0786442184342624,-0.08350977382769112,0.26995468643779263,-1.1880840725004551,0.8507022695959022,-1.7632504925590164,1.3083349167035854,-0.34979500481764103,-0.7036178447545246,0.164709912371358,-0.1700015366917126,-1.84262679054595,-1.1873627270143858,-0.940527792269146,0.04984274734861234,0.07296870009734673,1.0272802409998043,1.0113889254941868,-3.483624325249897,-1.3259237799567458,-1.8020623661037611,-1.5500645790918912,-0.1082907726209128,0.9044567595704898,-0.4817517668232893,-1.442374018959645,0.9757230726421504,-0.2514038608087405,0.2128591675038496,0.0,0
1.2675831265949795,-0.1665831018826173,1.8401288038339247,-0.4444883829309501,-0.8552246909876929,0.060927733813851324,1.140946842453766,-0.02107077223658001,2.8576769912010516,-0.7945013781388481,-1.9626339612921724,-1.6229545858303338,-0.3806146202516169,-0.5443405222717931,-1.5594909017659853,-1.551858127368426,0.7607235074985081,0.8504383053533381,2.395305477241338,-0.4282999850258256,-1.4750389018911614,-1.017901211049778,0.9411162380610464,0.7514212456424586,0.20228968133160927,0.2587525847370374,1.0376377752185677,-0.1283361868764734,0.2872107051307504,-1.1628260621368998,0.7543088130956163,0.979853962605514,-0.2583489029005161,0.1387684706623257,3.160463811321577,-0.958352112749893,-0.7637389517248964,-0.7451113757913022,-0.9212738828588956,-0.5387090473471687,1.386111639567908,-0.07165702083906561,0.5617841702706989,2.5550806484884343,-0.5637499657580084,1.3989322893352598,0.4743550048160941,0.3707070588977273,-0.3256766172637397,-0.4393050042139844,0.0,0
0.608081899459781,-0.6262568781507009,0.3866085263366533,0.07925282497891252,-0.326100025087495,-0.6295427918560744,1.5631291791542878,-1.283615714981616,1.0606714887570836,-0.4279861558046664,-1.5263669657709005,1.9903790637499088,-1.7525837460467828,0.9924810781411731,-2.001283835824128,1.5205162971562547,0.2234194546946776,0.22257294853680895,-1.3089778317097405,-0.37046300072165694,-0.0726317349972417,-0.2569956877481854,0.3219326978978197,0.4314023032216961,-1.6518602647634235,-0.2441680458539809,0.8879086887644281,-0.93317876565147,-0.7731752586948365,-1.227693549795247,-0.16168559730692428,-1.4002300979163085,0.5567261996032407,-0.961731513939116,-0.07153542008441638,-0.08703427746196547,0.5926281328570031,0.2894056991173964,-0.08372502283162417,-1.92523653525338,-0.307482261205672,-2.2109321960616453,-0.6661482196999218,-0.039094123067714384,-0.1951064628191632,-0.9287699780739648,0.5859721375491201,-0.0844738739628854,0.5697487501730634,0.1547439729269125,0.0,0
0.23399395779985144,-0.11660486707725215,-0.22274286615710231,-0.2126951969800303,-1.3013877336974673,0.2385243121013439,-1.8117449769397984,0.8858979297352145,-0.25953433649998464,0.663508601224805,-2.842736493569293,0.10538702619854667,0.4288885483182636,0.6948286571900224,0.733039371469621,-2.046373195104324,0.8099813084784128,-0.3084649793585932,-0.2625555533092927,-0.08701008482722672,1.4520617363381705,-0.4233592787631689,0.8516379354102559,2.3869866650435316,-1.123420998826183,0.4860803068873226,0.910491538595882,-0.8724489073837419,0.13228288333057525,0.6291144057760621,2.0918799013601097,-0.5458008158786616,-1.553303093286044,-0.9894501598600296,0.921580874988542,0.4638116476618168,-1.0982722916911578,1.1170592224379483,-0.2483289447366208,0.3618258420582712,1.1289753483996472,-0.06747548316276343,1.353960263934063,1.1994998452818304,2.153864346884329,-0.06571944625982486,1.1513887964486154,-1.6580795205607384,-0.9248955206190896,0.5922636246113627,0.0,1
1.3777909086373046,0.5161953115414752,0.8016414492314885,-1.3775235161395143,-0.5321615560880393,0.39590542322257133,-1.158798584019605,0.7727120069405601,-1.363774085749081,-0.6499150063855057,0.20424235344519706,-0.8491729659411509,1.2194930781522573,0.8570247683163281,1.113649571181527,-0.2321575666153322,-2.0734901588427217,-1.2653820858157352,-0.4446727181186433,-0.8365905592733707,-0.7690289524273125,-0.35747070928405894,-0.6930040638270035,0.4115543235365484,0.250435828099833,-0.02270572624414509,-0.4894782892612138,0.5041100754461714,-0.4253818810860064,0.006082826662946365,0.05487664560407071,-0.5389824185290357,-0.6952909798679782,0.6786000601045021,0.6851162320219385,-0.4093919373743358,0.10961217357626736,-0.7067750717648906,-1.14230098499337,-1.3891185029938096,1.23669444798601,-0.4364161698889748,0.6344973569133643,-1.0585321076914014,0.463405342043364,1.7227125602363682,0.10563690083246156,-1.4497924277043444,0.4718205348716823,-1.3544381504965457,0.0,0
-0.3303241198116472,0.5339974471163509,0.6018760376976696,0.7140843486234865,-0.7588804773414896,-0.6927439484911309,0.4998781185559956,0.5502692767062601,-0.9931640323707708,0.9597673997847996,1.20320037469418,-1.0956642389377318,-1.167280142426316,-0.30791085755427905,-1.0874875233413182,-0.42686023328215145,-0.01574523116480299,0.964607145502842,0.3796400612349543,-0.09141999405866943,0.4966505838131613,1.3954975937652565,0.2956577975699178,-0.2060840191888393,-0.6107688140047994,-0.4747813667842565,-1.0613160813622955,-1.0337696107117589,-0.5591805637348584,-1.5653798932253469,0.8554163017681969,0.5973101610125474,-0.4976621947906145,0.317035886923308,0.9191314145616578,0.4475929508541179,0.22307335326814845,1.1624868381095923,-0.5555734524054399,-0.2608258422710679,-0.07859352197059602,-0.15795660447408474,-0.4562655699659389,0.337069767727213,-0.20715752849380265,0.41323453239451613,-0.003523686567280944,-1.1849801383708,-1.1171832447532393,2.1665879307644813,0.0,1
-1.3765804732816416,0.04237994362100225,-0.4846598395279974,0.6166971047354373,-1.5758666724956027,-1.0161372642523598,-0.654782136944977,-1.1355384534834951,-2.217623087940615,-1.285048429294376,0.4623735112741336,1.558015110050604,1.3571676936327022,-0.4294784155782727,-0.6000766030641873,-1.1479511894848484,-0.5027544272137932,0.4564005444793186,1.0660187746746663,0.291329482259662,-0.1096658924110068,3.018712516296432,0.6394486406082603,1.808160525525484,-0.03669335604869138,-0.062206231379072524,1.40856382339098,1.3934206270565512,3.3718915097969715,-0.4540874604902596,-1.4813837436519386,-0.9447416154528444,0.5468156608169527,-0.33050436873242656,-0.9485348949747208,-0.5355615579799461,1.2472098985375517,0.023489095324825914,-2.250611992582647,-0.7647275963354819,-0.9419672533890612,0.4056204963125061,-1.2762769517976689,-0.587313118311938,-0.5812571773840239,0.3891931546380591,-0.035137189304098884,-1.555702331118119,1.195974361445783,0.5228723200325001,0.0,1
-0.4619110920323803,0.2371544072414258,-0.019217105485231502,-0.36497113521593466,-0.7932661879783465,-0.9309673149733496,1.7134575352573316,-0.9583917526057456,1.1180007541407626,-3.3627963747364475,-1.348736188511002,-0.16707965867817498,-1.6764188160423097,0.9304184965400876,-2.2972736186591143,0.04453615577301796,-0.7467351653142861,-2.050498238723685,1.5669471776772352,-0.28520391925491023,-0.2691478421660773,1.322060151621251,-0.01949767160372743,0.28089294763595346,0.5468652079946151,-1.3185608846186267,1.8209800904758315,0.4470113765828784,0.4808891323206091,1.0198357548672363,-3.2182971031566368,-0.20576728540088646,-0.06202891011077511,-1.4592964589483155,1.5124872893423793,-1.5892752076207597,0.6367424371277126,0.8735765798523853,2.7199233625094763,0.03461146849632664,-0.8648617039698623,-1.4135478338661385,-0.6202432275076271,-0.2929475126589696,-0.9891472924046224,0.12934819958094007,-0.010958553712093116,0.5831924117887767,-0.7749472892875894,-1.0752756080647892,0.0,0
1.4167440703517915,0.3470699589954317,1.2136377619315937,-1.39446801689776,0.8301836395200373,1.528575965111359,1.0683790499548274,-0.498853250856779,0.5097376105978095,-1.2900557989345098,-1.1627332864851203,0.8310018816275814,0.8097236906378558,1.4940516952914111,-0.15995160064248393,0.2458850423508055,-2.0964899180940075,-0.4621975314513064,-0.2782880697443554,-0.7845950196408241,-0.4945680765859911,0.4724448527713914,0.5974683115387376,-0.614164840897404,1.771153095390933,-1.7893370531771653,-0.39614696598306254,0.10203581763032543,-0.030531851804469438,0.3121790487243425,0.6708073744252027,0.4165307660900409,-0.6140074156145111,1.9055826116516617,-1.0776464139804425,-0.7825167474181115,0.9099237278855352,-0.5124354940715087,-1.2769704384131346,-0.8162269294995215,0.508594987638673,1.3065487552084365,0.7749104673125219,0.7364931778242986,-0.6195068074498173,-1.1418264682864228,0.8220762965801057,0.3283320039968597,-0.3736143338540605,1.205503043292332,0.0,0
0.24694377881722696,-1.081112892032081,0.4013042192863967,1.749094929478438,1.5675243045564722,-1.7610079218224206,-1.2016258278528802,0.1557715823891552,1.0276099937363958,0.4147256803197553,-0.7652240692127108,2.0303325003599006,-1.2929788358609164,-0.7271320741966746,-1.2546220939288493,-0.2648958125684497,1.8624626497030408,0.5109794773121182,0.1626948562652749,-1.0881812129821862,0.1940798174097141,0.6206967968351321,0.007059310689164837,0.4773820386327767,-0.4881587182287063,-0.8644800755832373,-1.0916317441423216,-0.5296918202622424,0.5696454131784684,-3.2763240439027363,0.5485414832398275,-0.2988959050015865,0.4870057341999564,0.6229419500290825,-1.4699197314933243,1.3192663197058272,-0.8591273454452008,-0.11877027394870288,0.3208655623838967,1.108675528234739,0.4103728594615965,1.226392445604906,-0.166409965803445,0.35940892179286704,-0.615431595780375,-0.883766202138971,-0.9625590500999748,-0.8986732206330068,0.6800580326670238,0.1831863557708208,1.0,1
1.1037098003609065,0.3822704871745812,0.03184154826068683,-0.6684491382698106,-0.14728003772372109,-1.526275125439441,-0.4638972760638133,0.11171183188397717,-0.16768825997880754,-1.6170318984985117,1.2370450325592688,-0.030767941337159918,0.15541233885373332,-1.5567130644909997,-0.5811122017372387,1.150897488331904,-0.33172217181976843,0.42761863503452857,0.08597103539179919,-1.7801001806771084,2.432341723555893,-0.9885835738268324,0.9017094881089572,-1.418653372844901,0.3531882619585189,0.9278510686814204,-0.9845894753569386,-1.0612534633868786,-0.26269100293240605,1.0337141146579254,-0.4012032136602308,-0.7905602221362775,-0.5645895005156838,1.5235488795026355,1.6256342509071031,-1.6183950112013048,-0.8486303696924827,0.4306246929273057,0.6261677277175757,1.8248471009328595,-1.2448181842106083,0.6141175782534748,1.1081745677064652,-0.12485581878147915,-0.2362083763378205,0.34550573533622664,1.6376736787467294,-0.7939607997350917,-0.01299408834677467,2.3226731404594068,0.0,1
-0.7075808189015051,-0.8415395485484339,0.4872261633448272,-0.7416336056873372,1.7936149831048829,-0.15846552253111534,-0.3667149025068257,-0.32182137329338323,1.4264836512035728,-0.18139521912109266,-0.8573599031789242,-0.28024996204224856,0.23778654336787514,0.9049822765224832,0.3424141337577092,0.1668251285227005,1.0936827373780214,-0.572227429193375,0.415682965251881,-0.4459914887021704,2.4983866136052897,-2.028821349409389,-0.3467639902139436,0.9958489410628374,-0.3708616921458117,0.1676170721289201,-0.4466824276262255,0.4308172823330242,0.7350335113256544,0.2459529456398077,0.4391039993967811,2.9244761024365107,-0.3730317802419085,-0.6089222116725658,1.5013815362569758,2.9864976208832665,-1.6496301673170677,0.7629662902548111,-0.6662859432158531,1.2475681232809106,-0.1347508160723933,-0.3523362285059216,-1.0859660426082018,1.130323700966407,1.8692913784978855,-0.4471099872935333,1.0388675718213047,-2.0020977513356355,-0.13077596689072585,-0.45556955282192296,0.0,0
-1.0785670691870828,-0.17577933012740052,0.005483076398069086,1.9320058151240476,1.1440235506912562,0.14805517932536352,-1.5260949126388526,0.6449360382836145,0.12572752893727754,0.33995186185429993,0.3252200578746557,-0.8756878435283841,-0.9905624910424876,0.9557662881024542,-0.43214053522290935,0.08288616866873567,-0.6900501793317679,0.6268232482956142,0.4514523946062158,0.5160747754130326,-1.1166932698304264,0.9671517620433898,-1.3106269949478082,1.932018346081584,-0.6201308401264556,-0.23450533059783665,1.9141235112541013,-0.5813804289226372,0.7630591220282883,0.5703601317136735,0.29925417443525343,0.14445638584994971,-1.3320932219926545,0.32774871525176136,-1.2875485515224838,1.987584966743556,-0.9033789657206388,1.2226309903790775,0.18917345809808647,-0.11529201567970475,0.18821513362028425,1.2218614517773827,-0.903949761798138,-0.3759531018474365,-0.14507313036810032,0.12971598739567522,0.5220866208394095,-2.3330686182247984,-0.9338477109478216,0.5702515434343436,0.0,1
-0.5894633524593558,0.09671545847802687,0.5849668656547188,0.4573548546819082,0.7163131315180571,-0.18791746825013705,-0.3902895034179059,-0.4855540714732578,0.38124993248657385,-0.1321522700278898,0.8490128180345187,0.7311493414186466,-0.4930046980376859,1.286721964664138,0.08038566621093053,1.1139545486269258,1.2664163630215917,1.8031036288921172,0.3376586077060328,0.10097557824113357,1.0661484545511544,0.8826585782984778,1.0892347760162095,0.029155933493563407,0.7433080023247753,-0.7222270202578943,0.27533209082748844,-0.31196066856990146,0.5622995720190037,-0.09601011988080556,-1.6131519971054422,1.875307793482109,-0.8176733289825721,0.4653926346285129,-0.14917461396769985,0.5380601985627659,0.3002559447036996,0.0882408421074546,-0.2306349904257331,-0.2969082757009033,1.0719267672793444,-0.9120137855143724,-0.7970298323476476,0.08905252779045568,0.6177285218375124,1.4657716455221863,-0.3603561256481225,0.5345119232458869,-0.6617169791598412,1.2761943058657754,0.0,1
-0.04979284925154775,-0.829599264072535,-1.3929596186620672,-0.08840414796651737,-1.243651636980124,-0.014890835265917403,-0.9365373349480351,-0.10758396724529508,-0.3354871375062721,-0.5755552566882802,1.6897599673524974,0.9032920350205392,0.3688108691552603,-0.2484649288795168,-0.15120369399924266,1.456419798582471,0.4625176070676029,-0.3805541710502701,-0.7541728408118601,0.5397137267326743,0.4093110595835754,-0.03256406133393271,0.9673205342710676,-2.003827021900176,1.6747233272772797,-0.4637766649809595,0.07366858706312496,0.3746148320536981,-2.3632045279981453,0.8206897787666411,0.9488787444836028,-0.039946201370243115,1.005779287652096,-0.053361131598159216,1.6191560279275097,-0.44574769728077823,-1.7358301124709246,0.6758924729107714,-0.6374097485080746,-1.0500020423250804,1.3870903688025835,-1.0160017641306616,-0.4859281558100377,0.1084771143128295,0.35810444834399235,0.5144197592921828,1.0629774053482224,-1.670767867437416,-0.334885034635235,0.5002698975615832,1.0,1
-0.7439244297202644,-0.6573063830890126,1.7451542140706795,-0.3625504776549092,1.6625510169137798,1.0995910178042858,0.4520811305097207,0.572799780568133,-1.341392113666828,1.6667129268273126,-1.5483401097350884,-1.428653843829938,0.24249934757305625,0.6987519200768202,-0.1324407300438225,-0.5613392484746064,-1.3554011875113323,-0.042244153615528135,0.5241587455490561,-0.6213408780516406,0.6472747367314653,0.7578064578707393,0.7987496464488624,-0.7157359184456213,0.1260643359612778,-0.1986438392571896,0.011335100317753869,0.6365814663869322,-0.17136540702035336,0.7661184006622265,1.455712722802188,1.6358590984178194,-0.3601783302556009,-0.9636571547247644,0.7578658995919623,-0.44683275905597575,1.0349777606367678,0.7015568750479464,-0.6993364770249829,-1.5188232125901766,-1.0737164832944528,-0.4751414963314693,-0.8835371828349327,-1.6687034631654911,-0.5225974965044876,0.41498032891967385,-1.0764272824245742,1.189078642080051,-0.8565096146585774,0.23815200435407305,0.0,0
1.0230772883077242,1.0171666152224186,-0.8409268002962063,-0.356847495674322,0.07812334586171292,1.4133675803419592,0.4977693837501904,-0.3704423407280576,0.2396725336635014,-0.02229319918487236,-0.7260550069881974,-1.1942949002253311,-1.2813533401659225,-0.2838509839403854,-1.4545267550049792,2.4879543972053493,1.1364787861289107,0.5803673554487682,-0.16733653852426514,-0.7709235080456448,0.08910458241986055,0.9638225288200768,-0.5572582956586032,0.9689438701976912,1.4156237581364886,-1.806218379498282,0.3435812715601671,0.2875929963428496,1.2273483311732507,-2.402108865793226,-1.3002941444798262,1.0052270706990305,-0.7999440571854554,0.455105567434944,-0.2677414236209261,0.021713851860597915,-0.5233796367531993,0.2903194440528468,0.16230292434829968,0.5583183546807042,1.5454287306669536,0.037676306109279335,0.5613440754139228,0.7968467727498084,1.118317486968548,-0.08488422085099663,-0.6605115845149179,-0.4618170987399872,-0.16767869928325255,-0.7785118344795989,0.0,0
-1.5664742386548989,-0.3685409907190853,-0.20254493215816768,-1.0588199283418058,0.8770514956592507,0.637950866095376,1.2906427252052843,0.0395987727909948,2.0078153059813326,0.44260175789654815,0.1353361823647635,0.5498565159758824,0.39041522984413946,-0.070805896306707,-0.8636994682852959,-0.5472035932286216,0.24822566311046956,-0.7361991819444362,-0.2140092694710676,0.2324219869335649,0.008857561699826284,-1.0234877605840698,-0.3036886656972543,0.2875608924103856,-1.787339883341441,1.2556037986994926,-1.8709940849169409,-0.5472304127259596,-0.5694231106959704,-0.4700427475312894,1.4609318403110647,0.4628210789145588,0.006426667299587096,-0.4881111378530392,-0.7660719394081658,-0.4112890556099031,0.040545824122318865,0.9374472565894856,1.882614132944041,1.8169288052193089,-0.9279618211450332,-1.2350725031236112,1.3858467414902391,0.4374119517143039,-1.8724095217014176,-2.5263480899140465,-1.3026118256392336,-0.4832287328720997,-1.1665057651628377,-0.4795295488294606,0.0,0
-0.12616466748741872,-1.1948943385547135,-0.024147019355142088,-2.1191135051018706,-0.6111664850824919,-0.5902934502142654,0.5579149239619607,0.3006028859043302,0.09167259584471622,-0.7296916328793034,0.13963069549635973,0.9179872170620144,-0.2674117912825763,-1.2187589006476016,0.40706548665029213,-1.5745841643882683,-0.21891698904691295,0.5349791850054504,-1.0554125428272518,1.8007612583940726,-1.1437709524159885,-0.1883554691334078,-1.44561392664551,0.9249687691670768,0.5602465890012023,0.44629222306809296,-0.470152368466009,0.2407837386113337,1.1136785965057765,-1.88077994882406,2.4618359618275374,-0.9501117630577679,-0.8936727520233546,-0.5016566910241063,-0.21457794944301492,0.5509550049420938,0.3204053823095569,-0.4501638697260541,-0.0103306978554486,0.4998619515377817,1.3551705280183763,-0.18541673912143566,0.27427519275150897,-1.461708705868258,-1.109406245325189,0.3916940442007443,0.030384287564058438,-0.927533282487792,0.8029966291110453,0.30324597649780544,1.0,0
-0.17015112682831945,1.924237494956236,0.2367244967468483,-0.990543151791114,1.0372336491088197,1.281188951584465,-0.23620249088824105,-1.5871433071179342,0.5504579953115483,-0.15143386513132262,-0.7944767538349758,0.1598815164353673,-1.7066320568318252,-0.3832161713452382,-0.6597954997016832,-1.849060303476069,-0.15215111588484273,-1.7764102661521344,0.7846025826777183,1.7564564306372503,-0.21718194027324392,-0.09370868677441226,0.0842020140138964,-0.540366717501645,-0.9190411380645596,0.5073356560209076,0.5571849575620288,0.2260999468493618,-0.1759263162174209,-0.3433585622324959,-0.6375158217520168,-0.4533272481727653,0.9056339870236284,-0.4920314835074856,-0.9950405321219109,0.22294825302790347,-0.3638292440442695,0.4103997992127287,1.5032175120694105,-0.29352221379938204,0.3654693401056976,0.8717580116842998,-1.6498837781502629,1.9291590599499384,0.18106700521863395,-1.1359471094061708,-1.349110165738589,0.20496459263664168,0.0011208593277514146,-0.03229706285757489,0.0,0
1.5305976254045446,-1.1353366596819308,-0.4421866398686194,-0.2337047123510204,-0.8833137106191263,-1.2070989524501974,0.6091156497451371,-0.17927622148528094,-0.14099674501457088,0.40467927911471424,1.9833601652124992,-1.129249094354546,0.14477397880289733,1.136930345722795,-0.6268228829990637,0.8146290211061956,-1.4600410490613769,0.2432651933535653,0.3959267664238295,0.4076578116350028,-0.39800255818187386,0.08721021755593322,1.2150434838643325,0.9119057129973044,0.5231508808902058,1.8712494557002088,0.2936028904353548,-0.2586025023053057,0.7046457532843082,-1.0964045068842465,-0.43280178789736784,-0.7803536620869258,-1.0176538742701309,0.3709121997486741,-2.095838736145828,0.496511823699807,-1.0053496026508484,1.2728170864467825,-1.6095775426141432,0.09847433104557428,1.4813478745504325,-1.135375206555585,-0.8358159195325434,-0.7908916931219733,0.3525304543900452,-1.1562762654527616,0.8876000946608337,-2.3339440192077414,0.7509069540471855,1.152924726567614,0.0,0
0.7707697645755944,0.2773953143445009,0.8138143826977112,2.0743631163993275,-0.3051771417684621,-1.0007739630636352,-0.013344759718092415,-0.09396197917537676,0.39328687768858817,-0.014977852176835043,1.98676219847877,-0.6332215461369379,-0.14199963645370492,0.8037389305846924,0.2449364972354709,0.00557920661020492,-0.9005801748548729,0.7982147094955544,-1.0518614415479688,0.9712764112948712,-1.5870089433216912,0.6385339722970398,0.3768985138730853,-0.0586708328096141,-0.2049838724804548,1.2170171058528534,-0.2128550226201257,-0.8278048762222148,-0.03208193458463846,0.91735918648804,-0.3127738553367275,0.3628463815331888,0.6087235528703301,-0.2816785934084239,-0.17020004600956828,1.7052707723038656,-1.1718314431555816,-1.191545152598811,0.006159998278395735,1.564179402124742,-0.15402531510032974,1.047448344091993,0.06805543305640306,0.5814849284065301,-0.4607891469401133,0.855764705771032,-0.4704106325488346,1.0621600444610355,1.3157188370039803,0.5755906620028143,0.0,1
0.22515365029474885,1.5074791699449328,0.4140612839870714,0.8455363185874771,1.3749804094199207,2.065422546081844,0.22338381397806684,-1.0177223950550451,2.1144607709616383,0.06434037863558129,-0.028715005971260126,-2.2811327442362805,0.17656588585654673,-0.037004100462885874,1.558532650115957,-0.1020702712875713,-0.14381999395936187,0.35402828913589884,0.9096705678432884,-0.38064877445521134,-0.7053529828247794,0.04239602103814488,0.05190258045769997,0.7943338023437179,0.4537640962204549,-0.5498439333926043,2.021892431360626,0.2700948155423291,-0.34288156649989443,0.4098947965446583,-0.4603184776272379,1.2243319998787652,-0.4853784352288173,0.8021723543754569,-0.942177450341224,0.20901438257551486,-0.5927872510279281,-1.2450101691241915,1.281304689561574,-1.6718394394054843,0.6366142306420184,-1.0036225176258236,-0.2553208197936407,0.6176592212465072,-0.2483967620345487,-2.1182623380629995,-1.1178386524532435,0.7898655174351801,0.10146935888491454,-2.3584628591388457,1.0,1
1.789894758313636,1.3889961939635296,0.2009324174025831,-0.03094812864958792,-0.3670214407005521,-1.3191735127826505,0.9332808705299576,-0.013140735444761888,1.942840780114228,0.3394545043466187,-0.96502257314365,-0.37339480038730505,-0.5914229661893073,2.3621968504025483,0.91900329851659,0.2164023675864352,0.4142118058337312,-1.7529929539307354,-1.8107319557548849,-1.7050398673234746,0.8534220912753527,-0.022424676685740268,-0.6332104391800428,-0.7680335516619238,0.2837136018484289,-0.21072713243032606,-1.5204913293641171,-0.21698458693638548,-0.07577803582294489,-0.038044933879559886,0.23208818942158765,-0.3541400716580787,-0.2374367378793674,0.254452779925503,1.169436652732858,-0.4989127385824136,0.13147632099053894,-0.3836331128329893,0.5222915236985521,-0.17712686280157064,0.418327729329247,0.3607304586868979,-0.2605135530152701,1.6202725112866692,-1.5906661336153145,-0.6824768851412186,1.7067153613041786,0.17706115500414446,1.6058167864499833,1.2432980648216367,0.0,1
0.3576705393663244,1.4933525774252367,-1.8540797848775337,-1.1137918472899662,0.2440639480851487,0.3563221693841893,0.7164334989744816,1.4960008293994511,-1.2085868332897394,-0.17922717128520452,-1.1061899990273223,-0.4200720067323625,0.05652358013911125,0.2914418013648709,-0.08904077912161573,-1.1727891449348338,1.465936906527162,0.5792453490736137,0.16625700657751902,2.481021648250637,-0.017722945879131452,0.7995456028015514,1.851712620868679,1.1260930721849158,1.2080884358350577,0.2904819466366099,-1.6138439595111798,-0.1419002183490852,-0.8245951489688186,-0.05212520620630745,-0.3807124806336364,-1.0923068084718115,-0.2898476854171753,-0.001999969863413153,0.5183106859394243,0.4548691096706937,-1.5095360552709833,0.5652986182705213,0.16600144994272115,-1.4161455682185629,0.10948446809619028,-1.2343943558261294,1.3662676347335774,1.395053304300301,-1.263775253427048,0.6336865258994592,0.8921904305869163,-0.4517606135130147,-1.0457496022570794,1.2776738052690892,0.0,0
-1.4757610941865027,0.15555763870422756,-0.35327738428623684,-1.1591709383619833,-1.30749458347554,-0.5541564102489946,-1.4889921591111135,-0.4896161501875587,-1.0072185446474775,0.15866047956802032,-0.9592218392656021,1.9394690383833924,-1.3851739176227833,-1.3184739787367563,1.6586816596609963,0.4621402923480407,-1.4763743917803216,-0.8304447895914812,-0.035773330243043765,0.4352443637085714,0.6378901004812644,0.05483158395009792,-0.572412433630055,-0.559295588358445,-0.613959905047643,0.15138806258886506,0.08797956526345338,-2.628782137876046,0.5862597464225088,1.0564343138085122,-0.14242349546855493,-0.9939200416797,0.7102723411629731,-1.3915874812930449,0.2821624775556945,-1.5911100634226203,0.23195114193388405,2.0933081318902595,-0.5321919865446503,-0.9092804541473908,1.3592003815552327,-0.2551267707188669,0.9412720362853244,-1.1105912700082021,0.996397355914856,0.3958995907549777,0.5885312749678498,0.42334853029333,0.4688844492477083,-0.6816072763793544,0.0,1
0.692657148336187,-1.1123788533343062,0.07938797041582495,-0.8596764317464979,0.6956362098016388,-0.959789379064475,1.690423097515405,-1.1005335264053553,-1.2652843346753735,0.22031127703006384,-0.890166095905256,0.9648051745791542,-1.436933131637702,-1.8186119775504528,-0.8203100798767522,-0.07729813442785381,1.8936035802348967,-0.842503326490872,0.7792281345399751,-0.040835700206557565,-1.2494072019752065,0.9943079978726294,0.6232247535308869,0.8815920169819679,2.5808907246965846,1.114470403532851,0.15085913851427513,0.07441130430334356,0.8961487823781354,-0.7956980063819434,-1.7561962061653569,0.7026300935798386,1.4557738899708887,-3.2375525471832116,0.9060993945014812,-0.5361497252114898,-0.7028831879912065,-1.8653760723885784,0.9260084574924724,-0.5661967834389242,0.3623741349033704,0.6587888860911995,-0.4136521645621189,-1.3079430366080436,0.3684861977107083,-1.0357648472258545,0.3327289509258847,1.0342730973393657,-0.5790034570279775,0.1988304178246699,0.0,0
1.394400128662398,-0.5559006043750552,0.6991962166153816,-1.2631895744475603,0.24708243427435214,0.33785208003540684,0.7098710696769626,0.1534299860920142,-0.496060490844112,0.467364449240979,-0.6212007853249074,-0.26988518890615665,-0.2151461454028429,1.23295764130463,0.3132608506212622,-2.1426699586727422,-0.7608235578635795,-0.20478482296434697,0.9726264078188744,1.1775823016937077,-1.5164393382936514,-0.6372815353645691,0.06823151972086093,-0.8616626001434651,-1.1600825392190093,-0.7138081092052394,0.09092924268276943,-0.8424131107078973,1.3125234685984897,-1.1577129303370712,-0.3620173921872409,-1.4353882408346832,1.6821333921907442,0.9855666034916633,-0.8271450605784485,-1.5000912661904304,-0.6075930674212049,-1.7817701240273986,-1.8045718407347244,-1.5114410765508326,-1.7655785249085032,-0.31744881927684626,-0.7292920266178776,-1.964128297162191,-0.101591962491926,-0.963702021363772,0.3933973096249828,0.2457122159246469,0.9511724493482232,0.8700700319049893,1.0,0
-0.984708025805388,0.38326502264950135,0.5733532392961962,0.9028633720084028,1.1738523518328998,-0.8289562098877139,-1.6210336224813786,-0.1760514322695481,-0.2686500765227636,-0.2724041514223219,-2.0853753915765068,-0.3554187540104772,-0.905206331221166,-0.8887623153825773,1.083794353716713,2.0671123825545688,-0.6148102857292391,0.14502159840244402,-0.9273591496586996,0.323058105935632,-0.5083948420061092,0.8038990897571607,-0.8981776582787319,1.9485732650729688,-0.001999201210935764,-0.2164636676938832,0.4416923549556229,1.298431228399238,0.5208606754936767,-0.4911267974900949,-0.6686224891161174,-0.7114038287528802,1.8522708020283127,-1.5069386766327801,-0.3959467928609555,-0.10962535394380107,-0.009560097899593986,-0.04567712077162541,0.03710183818210604,1.386305352587594,0.5393824962387495,1.8314123142362275,0.002612893185858132,0.22678245985148845,0.14549116289080172,0.38160906136164535,-1.3267526375630447,-0.761922158037405,0.3957629934345524,-0.612373395895342,0.0,0
0.5741967107166476,0.3298176745672593,-0.404020036390573,0.5826932410756215,-0.16807042232734676,-1.5789471125033745,-0.5521480697621259,-2.2073588159701667,1.0467532950101957,-0.3466960448563693,-2.352942896351376,1.4520994121285828,-0.6612776009997371,-0.3488194760636862,1.9864823775419247,-0.1940148529094632,-0.08703335114890423,-1.0979591357139828,-1.1219325297048808,-0.8120279703427702,0.5537876470585389,-0.8530027720117512,0.12828452410982455,-0.0055922907136738,0.5515638521122023,0.09655570726696268,1.042247278370788,-0.04471650191117765,0.6704761612304734,-1.0318898286406464,1.7252421524565948,-0.5705468845741702,0.4277903193199716,0.4937913971593799,0.526956189129807,1.0908709349105703,-0.3046014046291484,-1.2616361655167216,1.715031848406837,2.2479200807377717,1.4978985800590354,0.7929636281456643,0.15150200590400495,-0.8795046782849238,-0.14828623590573986,0.7524388713776476,0.4734289650435824,-0.6292195919184193,0.4405349271404788,0.21438177741196013,0.0,1
-0.3891334614091063,0.3666668635556787,-0.051485200879050064,0.7973336454783023,-0.12342894047926414,0.06351934364265217,-0.6134017164043801,1.033501109230164,0.6531461391323556,1.9217428174231848,-0.5428352727258043,0.3699721099564695,-0.5177103237827974,0.8365348624301018,0.25596126041803263,-1.319575950367492,0.20814895649383736,1.3419935738954305,0.43916698912897495,0.7876687157874445,1.4381945853106597,-0.5812182968836379,0.86332363087458,0.4286090551032191,-0.4948983208719478,-2.057956255386577,-0.1760446111342559,1.1885537615839663,1.4040145611651038,0.5635459032427981,0.9424730308735372,0.6093003070024446,1.1265468094538766,-0.018274290802133254,0.18240524295485874,1.596574849446296,0.6575550925959239,0.4579373498848437,-0.3677376602482336,1.1269255643612788,0.0959992136310883,-1.2496549718091017,-0.3144331488932475,0.6541689912616349,0.5445548028389836,0.8912037049632793,1.6706680871065671,-0.20959378329381512,0.8145024228659855,-0.5127049236804324,0.0,1
2.1607739735281,-0.4192669809091968,0.4597477444850432,-0.8381246292070643,0.7851795640086972,-0.7586970718718872,-1.0773266588606063,3.045656483783856,0.45409607444589206,-1.227290081631568,-0.17184384209867198,0.10828563322864378,-0.056308530479838526,-0.1311697514923373,0.17795476048127576,-0.9159164064461685,-0.2719883106958421,-0.15287989636684174,0.1448073359130474,0.9932402188542282,-0.5906536680825527,1.2945385589295668,0.5059068630749074,0.5933948915928421,-0.3442508572217609,0.2968329915241632,1.2633796133309487,-0.3911686678138312,1.1426330794428288,-1.6677874703660478,0.10303884147344716,-0.9469619290265012,-0.12992128012221474,1.3552427581339623,1.0065755626738568,-0.6599716474969058,0.7336752595785032,-0.7784828120695535,-0.1935272235844417,-0.13328955981639393,0.4992772464269195,-0.09302095964838164,1.0986157077211285,-0.9654977093791176,0.011744149225434904,0.3953789992770877,-1.8484139744760857,-1.5194009411778642,-0.09864725274782464,0.7252285017431728,1.0,1
2.1042384363809354,1.6500425321665284,-0.3830657620349568,0.4595213827728771,-0.013347841180089724,0.6892789882537601,0.2299327619638242,-0.6821525544772387,-0.141533810810691,1.1181670509169528,0.891203228975642,-1.9877622978727725,-0.5103963433596038,0.8073039363302835,0.8845694980479851,0.6886016831446339,-0.5505243513531187,0.5530396153625948,-0.8186059038724958,0.3988473205089458,0.2583335560631982,-1.3190284330478883,1.9407538798490556,-1.1471922598017446,-1.6178128442423128,-0.7407751854855386,0.1645001241189103,0.6817362905322939,-2.3567068006347083,0.03975737259703077,-0.3419342427154177,1.286845717617252,-0.09712087002109793,-0.1367647549856208,1.1311470963251151,-0.2203580577782276,1.5843751190656266,0.6411846550378839,-0.2285796376978839,1.926523204437832,-0.8370882540908946,0.19978051558019547,0.8708681981145103,1.36006501601491,-0.6668234924867517,0.2947412887085969,-0.3772395215270419,0.3633883669274303,-1.1879146728098906,-0.27369020646326075,1.0,1
0.5845484778734971,-0.6219520825655379,0.4665876177932549,0.3984372291446569,1.191812035034647,-1.705725371254238,0.2332614925768966,0.042953923575611605,-0.6605199829894721,-0.3079817980135786,0.051231969913319284,1.6658545322084657,-0.9040451428932044,1.5822683444294292,-1.3776004933727466,1.080695747358255,-0.1851659262902896,1.2057617927202675,0.5400054276794696,-1.389932857388086,-1.1333528154873997,0.7018750524496953,0.8201291442404571,-1.1121052841372774,-1.6246091643743268,0.014577836413722022,-0.08353416785595821,-0.4677080907761561,2.3375734165492568,-1.4187383250320131,0.4224794910852431,2.3424517262569355,0.5876611940358104,-1.2721214811492918,1.901427308194937,-0.3255400321660056,-0.9652988507603708,1.105404016158965,0.0073132018899477545,-0.1648493736302614,-0.9976594315157342,-2.4623109606587867,0.4065095121118349,0.7120985876350406,-1.3237335944666186,-1.8494754070506592,0.6740829925692678,-0.13528194998358245,-0.5083812304245542,0.4366786295136979,0.0,0
0.10342229310564356,-0.9566970445029621,-0.9813670446075512,0.3503591518075763,0.3365140453542652,0.23546477843751185,0.9978532577614558,0.013617974062512745,1.1762338395506102,0.7216602732706023,-0.15619856873873064,0.045166613602465766,0.4392834568458998,0.3667810968582028,1.3123393536206969,-0.09799776099406847,-2.440061525894518,-0.1865875244236043,-0.11752651268736596,-0.2034881806299224,1.4159524297587744,-0.2037400355177852,0.5201354227837132,0.5611043969907017,-0.8097456507948786,-2.280492846297919,-0.5204481237359062,0.5855206724473071,-0.28835448767040645,-0.6078303497953103,1.2636009231489682,-1.2222693420241275,-0.25495200826051745,-0.8239221671913542,0.051156679818801516,-0.2845009072862356,1.6075706931541465,0.8070235036863085,1.0505057095875712,0.3140307271671628,0.30141469462995985,-2.1136135480194707,-2.0980663867584357,-1.8305187894697967,0.3280923670224125,1.061963535486289,0.8048233192163115,0.9091914348055736,-0.4861339782607345,0.4091121527840626,0.0,0
0.028032319585702417,-0.6237089544736222,0.17797328961020809,0.7295414403551521,1.0776577707235562,-0.11705434962880833,-1.6694269715674448,-1.7299806564586522,0.5516500888358998,-0.8148199716906223,0.7769220249897009,0.17139224233803085,0.8513271949373536,0.020502473757046655,0.2462755085378178,1.4474642791865653,0.7682625565603433,0.4045859306776957,-1.4053494600350676,0.8805093329706123,0.5477073550541011,-0.8328893651997863,-1.159725809328917,0.625570066411947,1.0245110901817374,-0.33866154589595393,-0.036844832339716034,1.5951900338431002,-0.6740176398628964,0.20302634148912915,0.2643898355248807,0.2604655671029065,-1.203369496951509,-1.462935911261466,-0.596499369097599,1.198437393429301,0.15702009486815052,-0.19799371742554275,1.3843527619485587,0.6450578816533541,-1.3133515471123178,-0.1895933682934047,-0.9413992284157942,1.3223782565873663,2.330408060680937,-0.9238498948838154,1.1615655843184298,-0.2151446073204591,-0.8460387640216338,-0.7808033973100121,0.0,0
-0.5351795128290902,0.4341629873755252,-0.4642805479754216,-0.3913171939418458,-0.002383529069141697,0.91614964157279,0.6289336199645378,1.0416212311176556,0.4318010017666743,0.11580266512547865,-0.34668398089340585,-0.2698932837237819,0.7529740375604173,0.2715992521858046,0.9259406728666708,-1.0913218232731192,-2.3064852759057395,0.8595388943282704,-0.8227297112038904,1.0843734398942404,-0.23016258786110824,-0.8482052405283211,-0.3885325877488043,-0.5847813746274714,-3.311412061489312,-0.7875242899314492,1.8744982393508705,0.8463219266054922,-1.2805867981221846,0.27822195096188423,0.6874106550160926,-0.6158089176497896,1.1526449824783551,-0.5630041407166444,0.22916985289266584,0.6375574716182325,-1.1830693549014937,0.999723333149576,0.02428106337586514,-0.6858107710667167,0.5815066344805713,-0.0016542057069126575,-0.272698911122907,-0.2489269886392909,0.28847536119117484,-0.1401457821259572,0.4643998130700432,-1.5369588174996378,-0.24836525387258604,0.7785238761505892,0.0,1
1.1758378005577017,-0.65071957025608,0.8320777706309107,0.7736920437823209,-0.4265009831926833,-0.09298352251932908,-0.6063070864578538,1.6864051989849829,0.9682404508877356,0.06121765541476985,0.6053664599744917,-0.3845769552860567,0.20151754140503947,-1.218312122068156,0.14031054329496045,0.5721952640419079,-1.2446385353171765,-0.5515850061962533,-1.4445057202411142,1.017421798211827,0.5025345985775264,-2.2346808743766644,-0.7393693508073439,-0.1580745915527326,-0.4967690521426266,0.7486591883086167,-0.7284549627061143,0.6539068257968508,0.5590640310037558,0.5765409602332421,0.3025576842606179,-1.059304967079134,0.063275721006993,1.8817524066278908,-0.6787040708808658,-1.6808249303405711,0.3428303778761834,-1.9337224787184824,-0.6759019374328127,-1.3287163317964474,0.4795658750780738,1.0023763962990715,0.09089876550331323,0.22462876537830534,0.7698392851342234,0.8001256256132743,1.2064529927891767,-0.19869625038132926,-1.4142918172983416,-0.7376559519394134,0.0,0
1.2822609725798475,-0.2421286977751992,0.4769583889631934,-1.6331937595584634,-1.118534461859202,0.2989878839456848,-1.8487214270689585,0.627448807289658,-1.1519233052822315,-1.284259667646786,-0.1370286604775931,-0.5832739508173956,-0.4324235267813142,1.4310294663593308,0.8919244927048776,-0.9926360450193334,-1.9762435970418184,-0.4665547265686818,0.2599478036144787,0.15276586093865432,-0.5763673123582224,-0.4372829752225133,0.3647626965320324,-0.1595247627138674,-0.9053719014157706,1.196571988600141,-0.2929787557725793,1.3972733042329502,1.8986330746351685,-1.4896104221516249,-1.0075389019323835,0.7638215650894917,-1.9912157028387865,-0.1812493871330846,0.7755592178305528,-1.0607939161413944,0.6731171477503198,-0.6103948457393122,0.3013952157885126,-1.1030337168513455,-0.4055906994285976,-0.2015433428802708,-0.2711642189010772,0.673307910462234,-2.10321829002077,0.2755929568859688,-1.3245918827896344,2.57775098315767,-0.19506532305030397,-0.003257089043152909,0.0,1
0.4922975899606575,0.9045394965509898,-0.5536711953092853,1.8562069060984856,0.6924268200522116,-1.32989122042024,-0.3533928440131638,-0.030970245569729327,-1.4746830320026638,-0.0980184119597991,0.42447820759308735,-0.537895586784044,0.6493823224869196,1.5538551033843602,0.5743949029211625,-0.4878233244905168,0.8039075349705247,-1.9645404852720068,-0.545004169940161,-0.9288604916267146,0.36536034257464334,-1.4037395914211166,-0.7845879478788261,2.1597424040337367,-1.547979803337804,-0.05055372594904768,1.0808807394624234,-1.1686555074117129,-0.4479604998704571,-0.4535956164430539,-0.5869468133760853,-0.16060687292248954,-0.39545145951337896,-0.9702931362459062,1.043900509353799,-1.0501031154944878,0.6815173535595294,0.02465450980050401,0.054550339727483854,1.3444020568277208,0.4764373224150055,0.11084033804098188,0.6167143616732406,0.2348840033125085,2.324049828639433,0.5065698547398096,0.3597030850810459,2.222717441013296,0.2932657119828765,0.3729091967887512,0.0,1
-1.0686967131054257,0.1744327796474377,-0.017979048559668316,-0.9422362341711016,-0.6738054785315337,-1.0458479723444305,-0.418377947772094,-0.2889856108359609,-0.33076642578834176,-1.005722088459606,0.17307553777000084,-0.10624997150303543,1.8560409082785023,-1.6185251551710942,-1.412097397038765,0.11110040353572616,-0.1420874057349955,0.2186977081325827,0.008223289209628684,-0.39821914381250256,2.2960702064165917,-1.105577407590543,-0.5618883270430296,1.5399805000459628,-1.1098345812579478,1.3401836415898427,-1.0029197112372206,0.2673753523419092,1.5011805453455278,-1.0960909145973603,0.6724703600924176,-0.2410245702586107,-1.199820662912395,1.244757907627038,-1.3374540717229182,-0.8516005890724415,0.7239043245433149,1.0052202070883849,-0.979242937961614,-0.3462968610240985,-0.5799584853579988,-0.35076751376270243,-0.8701604850991278,-0.37501892940604137,-1.3914732018281468,0.933322929704824,-2.2125876026674547,1.1013944378748188,-0.6035400059776115,0.2528725848014373,1.0,1
2.2322820809222357,-0.9887365238238102,-0.3979505006533714,0.4996760453772969,0.28627577917021035,-0.8620430235859222,0.7381866378816484,-0.00024815712353076433,1.1255193680783486,0.04553995435430554,-1.952701401607157,0.7786610376518973,1.5614310551593495,-0.3002671238716169,1.0099947271822396,0.43769774836327796,0.16256011603228446,-1.7358821679291672,1.0351596077890644,0.8767811913260555,-2.3325882605669164,-1.9200310259258009,-1.735801111746436,0.2916757368880177,1.3500519756330027,1.3311206079805271,0.005330848464288295,0.5352762028106675,-1.3507677813037693,0.674581297843771,-1.2141276899168283,-0.1971469519800173,-0.4631018794676762,0.2058893792241108,-0.5335796021517251,-0.917802882557916,1.3616101608766893,-0.7370091505441729,-0.9196766947348978,1.4338813146193137,0.10970365323057933,0.8787048100647803,0.8220462142764363,1.3694303127294214,-1.8728504881861672,-0.5399548516647179,-0.5308851540709737,-0.6108558617076824,1.0356628937219898,-0.21791482696228034,0.0,1
1.2549229350773807,0.7129493387948954,-0.11278637790746665,-0.031873834278349014,-0.8643811539131101,0.17179053214765316,0.5050456491871438,0.00953063006843977,0.13104336797406518,-0.5614030465551579,-0.030420481555967417,-0.0048229550313537775,-0.9759646342621501,0.4060409908778784,0.4859838008901093,-2.3311249629750286,-0.6708848066477221,0.2552935203245416,-0.3804228335228623,0.17888205311789546,0.2405856970592367,-0.1876021838078564,-0.9247492679050698,0.7176962411699822,-2.0728957040330567,0.934253149013386,1.847041986254036,-0.6791979209759276,0.4001517330513214,0.11781756692456742,1.919451562022466,-1.1877323392957642,-0.10055043563175194,0.3538640224277318,-0.26508379570916485,0.9499026417295524,-0.9038242314630768,0.9321038021163764,-0.291314151994383,-0.4563092170108031,-0.1872191240791752,0.9699117344610816,-1.1310880952468578,0.481664304346969,-1.0828496592826509,-0.0789423763017644,0.8424562395398953,-0.9022161568792832,1.2501744119957061,0.20965317716236775,0.0,1
-0.3771176068722264,-0.13037026302726112,-0.32062106473621066,-0.2127748836278813,-0.44546510894809865,0.126166154384239,-0.10117813601512676,-0.8120681790118969,-0.03852393103651202,0.2980701837579662,-1.733880688362143,0.9854917812531956,0.33187144461495555,-1.1113513506881607,0.3454348129338051,1.2113228549400912,0.7919864662179388,-0.0664428009605431,0.293903896910644,0.7396675077672242,-1.0189158788169117,-0.5088657050329399,-1.1118729393554756,-1.8155609516691948,0.5498870905168985,0.8729896160591359,1.037284596053859,-0.8485488250047345,-1.2213235025621771,-0.6875067396018903,-1.387776491343654,-1.641381594194318,-0.06167160275661088,0.08796860722131686,-0.3613898714080667,1.737404047310567,-2.3275764245484467,2.5094883818498466,-0.38092701359118575,1.1161313919215583,0.13695219411355586,-1.2728669511080983,0.8866586592188229,-1.100119407749797,0.3516720480010856,0.3850590958868021,-1.1252722837781646,0.15947063626854965,0.12443976354877093,0.5204544862031054,0.0,1
0.29926555734078186,0.3624399777379105,0.21368685367310905,-0.2764060881568394,0.8941087070050073,-0.13164521794878187,0.4808645246498911,1.6729489375793185,-1.2806185181787615,-1.445788410684809,-0.13135092217170358,0.157746555402413,0.1907252560555466,-1.3023079487086346,1.9830181703311565,-0.4139988095164728,0.8945150642282265,-1.3033380542779442,-1.0592063846218638,0.2221996992675788,1.9880686213671543,-0.019628302807577682,0.750637858356574,-1.2368948333734733,1.003263207949723,0.06654158624597281,0.5326638703433486,-1.7917924655930395,-0.8837103348928603,1.7009093624478315,0.5325241417798272,1.3828539118448764,0.049066239836216025,-1.7328759638531759,0.868612460942086,-0.8361908091287247,0.9533125624656104,0.3853004160145904,0.28806474753211725,0.22287306314514232,1.1937322875883034,-1.0005770598896266,-0.2584870750155359,0.4293725778666141,-2.0159077599606454,0.3152808264853403,2.043530970484952,0.6046782274714758,-0.27577077844502823,0.3297132810095619,0.0,1
-0.2286112703647325,1.6395057700889122,-0.38863913123566696,1.0815835296010292,0.8197157374629911,1.1250884139701522,0.19362389827396287,0.8310276605954793,-2.0851743613192157,-0.012541707138336864,-0.9730120607841796,0.8693738684153521,-1.6524706227330803,0.9235159125731544,0.040943847481300685,0.3533646870380365,-0.7351747799557776,-0.12188391583518025,0.2856471088581953,-0.9156177244627592,-0.6039218892782693,-0.22138352185477314,-0.5289029696753371,1.9337138370716296,0.26721448771079603,-0.7895896447051389,-0.8858217196589937,-0.158438138504333,1.020633209484524,-0.5827883191206676,-1.419141952755136,-0.3880545410086616,-0.8939528410858556,2.165074017076541,0.9732350667910732,-1.2328016620660558,-0.4942784394920104,0.1491983735835043,-0.05543954246805617,0.5217794129839692,2.409818983135526,0.4766797572701044,0.15862786783302074,0.4379172348906136,-0.8804122072412728,1.8015369670426564,-0.5508590961771704,0.5889222810620423,-1.0016822790280475,-0.5416146064656209,0.0,1
0.2455307431771441,-0.555886114568006,-1.3876217330460363,-1.1602929786677567,0.7355158050584532,-0.3219053040165103,-0.5332769681461967,1.3418974116253146,0.467884524948233,-0.6162169300414844,-0.9164028081416188,0.5906715496146345,-0.6207075733410234,2.579961098639918,0.03193975710404598,-0.7835370678714457,0.8011956361279404,-0.5701251395328198,0.862805423940449,0.08829024266877793,-0.6690620165598969,1.3636895006466587,1.5961594805869224,0.8966691720558262,1.1496877565591788,0.2023791137558472,-0.5682348793602336,0.7567886410750868,-0.2477903724246061,1.240686994328396,0.7936357570277512,-0.4781110269340609,-0.4585949141842752,-0.6848416048090963,-0.2007963435643315,0.7147513976531579,-1.2585836239425363,-0.8375606395984675,0.4133574058136178,-0.6972906319714631,1.1241962957495664,0.7076826628055083,0.35609183364194696,-1.1113301671136964,-0.05271686528453135,-0.33565891781086066,0.021975602220938032,-0.33085206033868164,-0.4196465479800203,-0.07560176523339897,0.0,1
0.2825256313128888,-0.23994475402243126,-0.7305751073466799,-0.5173712066370469,-1.0152150846031205,-0.4683256823973422,-0.6229437248129758,1.0714181909609526,0.5507859986167563,-0.3037072513619553,1.0835952282010362,1.016947253036715,0.41904348267929015,1.1006184834127883,-1.6300631190940398,-0.1070809402328173,-0.08377565819323725,-0.8180536134223954,1.6251756741539196,-1.7451238119512702,-0.38847312455247,-0.5077919672784718,1.4000036186505254,-1.0737905764201698,-0.3093457691758644,0.1073145211673947,-0.2525105306764708,0.8354419630366784,0.6164306611503303,1.2508716633618029,-0.8353243716170123,1.7196294904044271,0.7109342493043881,0.4268897579820837,-0.5625020425648809,-1.7158507688022973,-1.3257789625597682,-0.774331291013898,-0.036898383726987866,0.7738248317597806,-1.539475937885988,-0.17740270773285247,-0.3109443623554151,-0.034924652534186126,-0.9666207567110576,-0.15805702964152066,-0.008513544078241477,0.4910755654649944,-2.234529054231984,-1.7358662057685783,0.0,0
-1.3642286572348166,0.979736990816129,-0.9487242375353973,-0.4565824672157887,1.4561090102147647,0.7887017684602555,-0.4396693848514441,1.1859386150403906,1.3528444065048686,-0.6850376428974643,-0.3713264993134096,1.4249806713341318,0.4546507860988778,-0.9725207739537276,-0.019585628248182614,-0.1094831435113642,0.262119767977735,0.4273269498631896,1.3569126038724533,0.4143614024632528,0.2476886279101904,0.2901489684622678,-1.4296686340451004,0.9277935166183932,1.9518121055826296,-0.10675894079615422,-0.2207919778789244,0.8952943087342978,-0.2971378067280149,1.0574575195135911,-1.0034286149080656,-1.213974996157419,0.7513102444419626,-0.14955013892535818,1.4160201207206518,-1.1037446754699352,0.3643261122630265,-1.6166169614817738,-2.1125979527354186,0.0907078244680488,-1.5643430771636135,-0.1218354329107232,-1.3960482686400049,-0.6004088600578474,0.11190359732729653,-0.14329904081004965,0.4883593719782488,-0.096749649955604,0.4057077289602563,-0.6701112326791463,0.0,1
-0.8101986770814398,-0.3504163630398593,0.7916049519774268,-0.6369939438684004,1.6428624671358991,-1.4277520135054331,-0.2326352887844852,0.9602916914254492,-0.2252140377672676,0.9253205806768282,-0.24292394911690204,-3.0619209271634085,0.26344871272773634,1.6764921928929613,-0.13406352185024625,-1.3075556878650008,0.8136246801241228,0.6564713884909904,-2.3838525065636818,-0.5895225325001913,0.3755063866541732,-0.11215008710159004,-1.7559408791886733,0.617679529508861,-1.060110087764213,1.031099263220821,2.1003416951404352,-0.4332553292956928,0.12009852611421246,-1.3683791623406891,0.22873437913222264,-1.1044030736554251,-1.6807238426554554,-0.35029294733629096,-0.7820732017104766,-3.1098296411932416,0.7772638602203777,1.5071194164006954,1.1477875357530851,0.7145000037370804,-0.715273827484082,-1.0660146023967405,0.4649990798971463,-1.0308160625628555,2.3101679717037844,-1.0196840400483922,-0.7224091516620684,0.3061421929352041,1.0373366438144014,-0.5352338694199519,0.0,0
0.6465502971486755,1.0479439381758808,-0.6781796065515949,0.005798044685438189,0.7428379190958173,0.7845936811615126,-0.9030358691043038,1.180377265287043,-0.17771077026296586,-1.3073984342228098,0.10977827320102318,0.9165527387651154,0.2097948271618882,0.08792535708765715,1.0287575840495695,0.5403753198456344,0.4637081106451859,0.346811722828719,-0.6503935777311012,-1.396210100735836,-1.206867045780737,1.116317166675134,-0.030598972153908933,0.6637206114958863,0.7654833569626472,-1.385115879350784,0.9758774419734236,1.0412508554980466,0.08673513495837351,-0.30124820433685234,0.6163836612607533,1.4915743743435257,0.17463815918850464,-0.9886500259763652,0.3460306281069113,0.4975774743457313,0.5440504529886966,0.09109263487664804,0.7862149579701927,0.20001479371322087,-0.8310867425658225,0.1822846290442751,0.9639412106491444,0.9975902410749441,1.378964081160727,-1.9970540463979007,0.6899524834473532,0.053893765703705215,0.6853184240586477,0.4494373734035586,0.0,1
-2.023458052288072,-1.5601411454889258,0.08102504619804993,-1.0676659057833142,-1.0919837078315495,0.5869801984623095,1.9808895534359932,0.8518983192245341,0.1850915325005654,0.193653263594504,0.21168621996785966,-0.3943777405823661,-0.9053745257479512,0.39773337230024985,0.6217056786949321,0.017306787982607843,0.11285396454380946,0.7707343555899072,0.2471599290442245,0.4756606245316922,-0.8354455914234336,-2.021258460306937,-1.4292543769466697,1.25617422487097,0.5843603223735091,-0.7115486423045909,1.296636934836454,0.6933840075988001,-1.7037489026638577,0.06916928819078122,0.4811610098885556,-1.8472258925834528,-1.1763543929272051,-1.6246323432435996,0.4104757931476039,0.4968175776241872,1.22975003391538,-2.2498185081555353,-0.5591890923003322,-1.9161785379377936,0.7493383463196693,0.5688446167168796,-0.4218654854381889,-0.2576644255052901,0.18671004291539225,0.06798317529355445,-0.5305920843071369,0.2802505084008895,0.6541733544566217,0.6512301797948253,0.0,0
0.405916935457794,-1.366142996744413,0.5074552701638664,0.5190614098817011,-0.6425678630671515,-0.6422328362224456,0.7950394204451984,-0.2105711556175566,-0.4636423988869228,-0.9491753857836086,1.940071925481042,-0.5111743061456323,0.4419619539624335,0.06458386815620801,-1.2201641843413062,-0.4503659748455324,2.399700421128069,-0.8809700951020313,-1.2183142212037033,-0.157669593982506,-0.4829657086304786,-0.4921235418452111,-0.0027037896870483447,0.33715910646767666,0.3326967420167569,-1.2649178127770138,-1.1537300368389651,-0.3411480348445749,0.7450728151674338,-2.639356994187896,2.5763462725584425,-0.0031843524633669625,-0.8239254085815129,0.2929981916832133,-0.4131099753080288,1.378796634308623,-0.4314796279735033,0.4334684362172725,-0.8052841007943918,-0.5968617219724771,1.9239953521657915,-0.1390064736339805,2.8403106347770475,0.8274604946698201,-0.6170968363681343,-0.9946040862176468,1.9994279230523857,1.9362386929680144,-0.5340029246588716,-1.0308632962802011,0.0,0
0.11706181920272465,-1.3449883940631295,-0.18438346742488346,-1.6526718093453483,0.9566275239390122,0.6321245449384099,-0.233080104778382,1.2692519573425438,0.7201087526431417,0.5322641722737274,0.5061745286170715,0.6370514551492412,-1.7910909456468838,-0.9496755406528024,0.11989652221169485,-0.9334125273427326,-2.3772392906374042,0.025231476592724737,-0.02543767112872265,0.19573159909007184,0.17703183767024366,-0.5687582938464661,0.4724828079232827,-1.7314281780062986,-1.1617536125769097,-0.7097680848769613,-2.3501327199977533,-0.6251172617081959,-1.1440752426888412,0.44462342076834055,-0.5658143367482641,1.0312319275870216,0.5192531501231126,0.4963024249972967,0.29343241094667594,0.8663975461375323,0.6009433534091037,0.5656391135281614,0.17969430324630464,0.6252061401561421,-1.339787316548958,-0.8726264336865704,-2.0011725314536863,-1.3505856695616427,-0.4305901403566712,-0.6395473171975828,0.4404775949721188,-0.4240832019137546,-0.1460771909292579,-0.6424032339250352,0.0,0
-0.3889093797230683,0.4322899638472554,1.5233761870081777,-0.7126815363242786,-1.4601337410361062,-1.0027172966473514,0.2754514335088486,-0.1703124132045451,0.5834896783595218,-1.5274374909742658,0.7593493661648388,0.18157707684284966,0.4538152321248871,0.026895436876389397,-0.11090238162376062,0.981739651219504,0.5874183698733543,0.5609002778295635,2.6774447324038557,1.5727889983250172,0.20474858158303924,-1.6468786137684144,-0.5445399486076962,-0.7886846838652335,1.156506978570751,1.3531443438462143,-0.4111673902652869,1.120624363009133,-1.39219644415448,-0.2812499613489592,0.2572655237878564,0.19679967511024932,-0.5370284499533972,-1.9234451407544797,0.5227367330935229,-2.1750493192804705,0.781033347380252,1.1615963125623552,-1.0291620707639564,1.1409126594718968,-0.7017079125095678,-0.05446195028888975,-0.3414049228097463,-1.505397913762864,-0.7036664032493729,1.3850280381934807,-1.5274305742941394,0.10962986749389048,-0.3784088135546748,-1.8263292091252743,0.0,1
0.8132665201595913,-0.651979157860598,-1.0822488009140605,0.586391683881095,0.2358639388180624,1.1522910620719975,1.1289673966047902,0.44840127547538056,0.5336030379442044,0.717017102065323,-0.925894487009558,-0.3133430899472775,-0.7610579141262854,-1.1756727860765583,-1.4461291531663127,0.4744713292180469,-0.03605623135881916,-1.1357675266014646,0.34718102350546104,0.5092444988705525,0.7503009553382494,-0.5280344265074998,1.0436938660000357,-1.1248041241959648,0.3628177022137684,2.027169169948939,-0.4765830646430955,0.2520248623099486,-0.047412325682209384,0.2998894241066383,-1.1171945532059562,1.019577014012136,0.11985695826365968,-0.7019644687310008,0.9249780110295512,0.38939749915046895,1.1287277159707232,-0.14757232623411606,2.483145222528603,-0.6033460736360752,-1.5500086570129683,-0.8871436333367095,1.051353229117464,-0.943206322368042,-0.2689776519375621,0.033114935373444135,-0.8918494021477648,0.3174351308403223,0.6095787845871286,-0.7141154889365623,0.0,1
-0.8799125858413659,0.14676645433290544,-0.8891206216298168,-1.6129087305540029,0.4596202885861037,0.3127662415616961,1.6092143963710406,1.1162898254805143,1.212932585113053,-1.0802627902143749,1.202743672552781,-1.260453715403696,0.4507945120348938,1.3221786960353543,0.8652469524861669,-0.16759839877715832,0.6363035014238182,-1.4994140160638645,0.7881615428200297,-0.9758992124266834,-0.8809526505052017,-0.006956648431496455,0.3160767624565968,1.962848458493181,0.16499731555617242,-0.2944130086234669,-1.903666229786568,0.6482717179553095,1.2836346585544054,0.33482986867770365,1.1268418252755177,0.8195211255549821,0.008987877930277303,0.4664284189542866,-2.594453878209816,1.4725492288310198,-0.1890537404982905,1.5600570916580168,0.26954376437118377,0.07739377449791916,-1.0548883099023596,-0.7690876582127808,1.4401962467709244,1.2983702884671613,2.135946687399231,2.362490973833531,-1.0283104939044407,0.8285303035018954,0.7895451019263425,0.7187432595486761,0.0,0
-1.059810037079049,-0.6468416564197532,-0.27961045641382204,-2.4532476931077856,0.004169100551953463,1.0139413071833023,0.21437443760717906,-1.7876864272669857,0.7973035468526679,-0.412960113718714,0.7434711566632235,1.2780966898047372,1.1565342325886694,-0.2336388720929705,-0.4777888071930248,0.4901434865150408,0.12860430976664378,-0.7370502902498963,1.0516793373783746,1.4680900958468819,1.3928489275662763,0.3990769593352088,1.6502374679341758,1.6838589466977103,-0.0014394725736909654,-0.3115439198628944,-0.3002328759786615,-1.2032307801164392,1.4427705866811817,-0.3997274728457727,1.050950319201109,-0.7608279424586024,0.3601401735952057,0.3702159868991016,-0.8377234355397999,-1.5645155040577348,0.2860671720122632,-0.08837581725541728,-0.981432814158859,0.08563321606040225,-1.6168832170275937,-0.007880722993826084,0.2636240548152826,2.2720730728232232,1.6208625597444042,-0.32599009854897354,-0.4952089474640465,0.02856411020223142,-1.9223332962504316,0.8581493075050943,0.0,0
0.6688071945032553,-1.415305292031901,0.8980160073043768,1.1200276873949753,1.1641612588042072,1.2753463854597342,0.38585236601267175,-0.8398305485937484,1.0964321895124671,1.237136563445482,0.7379340460832627,-0.056793417031788876,-1.5617955602574003,-0.033610492370821414,-0.7074673214697372,0.5504005258562539,1.1032287584661,0.9122174915401332,-0.004516697500175771,0.4198823252648138,-1.1347305880133485,-0.08734590956515417,0.1735619713864354,-0.9233321942835948,0.6077434049463871,0.34307206152049124,-1.3893294019170892,0.09039028587810498,1.4091194111441707,0.17885985364231938,-0.4138581288451074,-1.866345138640484,0.29388480810235296,-1.5311326514982797,0.5754510677119319,-0.07629398046963573,0.7264844717334078,-0.6150365389133678,1.5800069610062486,0.7002433576067058,0.3509318355019126,0.6671102919496111,-0.9267657868055498,-0.41515976127313137,0.4970702344001238,-0.4950409721926563,1.2818757247095045,1.4037455202010822,0.37326980406110255,0.3050683888049663,0.0,0
-0.495086560470973,0.15770928032709686,0.5168322184199953,0.8852553873426975,0.5211280208810023,0.4992990688538724,1.4855091448449158,-0.6782732156884247,-1.0635167789336957,-1.072467810025505,0.9387869851711568,0.4590697871715237,-0.3518957954143032,1.1621459910156406,0.023378039309699682,-0.2524355180719789,0.9736164750180024,-1.1026888282523648,1.2461045488662883,-0.20603075051181824,0.9080531901732576,0.9030715528540612,-0.513908003605969,-1.2633428625937282,-0.8388029924539618,0.5956718012541492,0.22282374044366032,1.6753280300490538,0.6368666912070872,-1.415340748391192,-1.633525195696809,1.2507061451101549,0.16555703839600805,0.7534831200093071,1.6305175645549523,-0.6663881229769972,-1.1252136182086752,-0.0712888955946703,-1.7825358187970346,0.4063827174863429,-0.5485771229828487,0.1873162549819221,1.4287921705935909,-0.2250633615498293,-2.2981953235410604,0.6342121165079385,0.7399102990888378,-0.9257804621206824,0.9545436845903172,0.6344083663417178,0.0,0
-1.285240256190963,-0.9469938318656048,-1.3526076057304657,-1.5878877551307389,0.8231578193739509,0.5710385019546632,0.8704114123066715,1.099337234204416,1.9275775973085147,-0.7824628313261643,-0.6610906141547717,0.6113799684171385,0.8145909032957053,-0.8351125987724527,0.14189991847285005,-1.3484324977534097,-0.2983356246205715,-2.8506807437023105,2.600446107699689,0.2167017130446852,-1.797456436601533,-0.7551016185525853,0.4946955071435516,-1.9983990714928128,0.7804500233353486,1.2268716582873584,0.8017381689981029,-1.2728119922339585,0.9152487667312972,-0.4101598903779515,1.6746958219378383,1.1296498491613949,-0.26770922086062043,0.0168915302227833,0.9686164886414644,-0.8550522221089089,-0.4786665054067851,-0.3073979037186542,-0.5354669612658725,1.392182138119538,0.623227295453714,0.22795203297951425,0.01993269939380116,0.4001753867455717,0.10605910445701322,0.4973548046452559,1.250551670255292,0.5047269485876512,1.6265863418080548,1.1095613713649204,1.0,1
0.10748904478531243,-0.008217185041700584,-0.057435418625096414,0.010840084077475916,0.6230562551074708,-0.9651884066191108,-1.6295432434492845,0.9051665578369668,0.7112450627911123,0.9746329263984485,0.7294010363349518,-1.1773341954665064,0.5208674978091721,1.9841580523217228,2.370159609663896,0.2752973814054817,1.244113181996186,-0.2881929482457087,1.031706710188638,0.08098817013666014,-0.9765207300706922,0.3471087374773375,-1.1544070183578183,-1.1218221465113718,-0.12170310305040236,-0.5957724558948467,0.1087050551430676,0.15720937119224865,-0.005960691211387835,-0.12591208006612986,0.4033477218894077,-2.371078065146231,-1.393466036199061,-0.2430001370556209,-0.17905692769314907,-0.7291123814725274,-0.4513431325336794,-0.2465303745564429,-0.6260807117460346,-2.185316398467954,0.2474933179961389,-1.9879986919925627,-0.04609971659298385,-1.1376946292455572,-1.2046377535175892,0.6717408863983592,-0.02831055059161989,1.871921912307709,-1.4228137419768163,0.8129236874364387,0.0,1
0.9472355308658482,-0.5658173893116659,-1.2755474332830206,1.3636566735137556,-0.5029557943629378,-0.4703759495572746,0.1456328131755106,-0.9776023787339428,-1.5396874954413935,-1.069043408876596,2.4061146588045643,-0.4914101797606029,-0.4845161019499501,-0.5134680403778279,0.4915753802309076,1.664894736564431,-0.06557948395829742,0.7039507313440568,0.056560843334081186,0.07842057577098806,-0.5803742518168943,0.4114555833041212,-1.7727579357882843,1.0493387281993365,-0.8334996777281636,-0.03102771745159819,1.4667673568082162,-0.3212452459202149,0.13557213763402706,1.0824723815689503,0.19080319023135808,-0.8222488389184357,-0.3999560800243008,-0.2332806116486184,0.06862729706006877,0.21017528359019289,-1.3770672688718195,1.271871477435162,-0.15155598151367872,-0.18935037830237492,1.1086106908641902,1.311666683153945,0.21778005289284852,1.4846637086185848,-0.4628581309378036,0.5896759856166394,-1.4440751612828444,-0.190249307283044,1.506954488929442,-1.4594084859000804,1.0,1
-0.24248034609798294,-1.2685725344267142,0.5076108191370525,-0.08728382306157474,0.8988620666676789,-0.03798887577922416,-0.9427431673325124,-1.0707932059742955,0.3595653945893953,1.5277114821649087,0.45617957702502204,0.2801741940332875,-1.0503680880891648,-0.625358019107251,0.2980583176985615,-1.2368886328650244,-0.6321401493188706,-1.0995550737578397,-1.0664435026295889,-1.2615217610115372,-0.6134159307254834,-1.6134947033914313,0.5313976863793929,2.4250326996211493,-0.9168182806115228,-1.1365696286569054,0.6279773183833743,-0.34822561773686345,-2.464533488246213,-0.32672396794341274,1.0144980400119707,1.2870656666017477,-2.9342073051974173,0.3856711212768049,-1.3773840697946655,-0.3658757886515797,0.7528629272364904,-0.13079762529073966,-0.716284516331006,0.9914636339272832,1.3519583822957433,1.2554818834666983,0.02708657964638109,0.16799904303334134,0.05816453571924996,-1.825828093088248,-0.168870270719124,-0.17712821096621864,0.2838014525743746,-1.7043239788075937,1.0,0
0.15198708987371398,-0.18033850243055616,1.4961574007769567,-0.08137539750049166,2.1751349555080184,1.1197249081149554,-0.2843078941102175,-0.3545360249315887,1.1953514880291112,0.6294256538326636,0.6133870895309755,-0.1542766609476078,-2.0696475966708117,-1.2348867741055607,1.2911123661131387,-0.2754789726547312,-0.4782878760089197,-1.3715028493663424,-0.350649997051402,1.1951042593237948,-0.2424245517344823,-0.4901226744747122,-0.03824262956147356,-0.8471728350933515,-0.3522155362214801,0.5187119378022195,1.6562228853007708,-0.5713572171583486,1.3083853186987005,1.271229592728073,0.2067087263773947,-0.9050280999800276,0.7193438136217489,-1.3589779364155683,-1.7611359981478796,-0.851019027953597,-1.3283929161154406,-1.0848262888194249,-2.3989837563323504,0.5803400534695881,-1.6211908170455216,0.42834664430329655,0.960218345956822,0.4497116963873576,-0.7550792945441099,0.9529226740501929,1.6349831685223712,-1.2832584037042325,0.3834392987322834,-0.6694020801482209,0.0,0
1.5973748104823795,0.9866665159310708,-1.1291414318933486,0.21992841548789324,-0.0856694831750868,-0.056384158561292176,-0.3325392636383245,-0.4703547923303299,-0.5161708487522927,0.433811934325234,-0.22081840315885887,0.9591959061312288,-0.1878147538729376,0.5052083125904452,1.1859987274167922,1.4287361981004212,0.14555860764202,-0.0197220068886574,-1.1781445517114637,0.4986921224296305,-0.029297254942151962,-0.3369366339640976,-0.3962373984946581,-0.26119056418345193,0.20618310564192305,0.12302227444157185,0.3954902458941984,-0.2812157702640113,-0.5325392398490081,-0.08462444881367638,1.3872926360404318,0.7066561281982883,-1.0649027731278855,0.4771321128402096,-0.6481603954647609,0.07598245236338634,0.3078748161785359,-0.8295168221162643,-1.498628585425635,0.3307178054451839,-0.08059126355895425,-0.3564935776762325,-0.6390180410450235,-1.11665777943676,-0.6086147392862806,0.08560603316699192,1.0068462612027314,-0.15473208378000358,-0.7447411856098737,-1.6878503066369837,0.0,0
0.7951372863419661,0.4923172291599955,1.3361527516300464,-0.4702528799633677,-0.5585025027546171,-0.24764104205778084,0.3904754052176669,0.9104406908488578,-0.6413957309289324,0.13829536065809642,-0.6231648702661847,-0.053696869549251465,0.3444961675500078,0.4893667831281334,-0.2908332537846467,-0.2867504651531765,0.6001863710810159,-2.0246842410892736,0.4365582934493406,-0.37070286913145056,0.7626920844201147,0.9446700937350596,1.31021819427953,-0.8503591999494879,0.20207864267716888,0.07019086347446332,-1.1484502572718889,-2.0003184097748337,1.1791282937141077,0.3607678861567693,0.8606981329497507,-1.9529621878188188,-1.3753933342634008,-0.8252079804160005,-1.7500281225649752,0.21441546127988134,-1.7961218654967563,0.0118816491886568,-0.3905957651448007,-0.9235543297197552,-0.2729100152173753,-0.3531364326366567,0.5762404545065061,0.4988493830361549,-0.19215144199645032,-0.7728985433746804,1.138675091905393,0.2359831856163867,0.25160134191488226,-0.6853063346778099,0.0,0
-0.29141803879150896,1.3902236986754917,-0.4019781032749051,-1.8322430242190804,0.04552373910110071,-0.08394012676753834,0.7169297733014196,1.6326884682560494,-0.6881855429405599,0.1504605946150696,-0.7373470905484173,2.21609136112277,1.130565767304322,-0.06238951778863496,-1.021616402681835,0.16751312205654262,-0.7719501161417406,1.034073539395089,1.088432666277357,0.8374867871491024,0.017691009348006517,0.050893342676044964,0.5339323018639042,-0.3317739401856127,-0.4432385032937061,-0.742856835554167,-1.1618959613990367,0.8162660541155692,0.8851885857116278,0.6180309587510502,-0.1685840339043245,-0.013149647173479379,-1.2869887656530878,-0.8429485129644938,1.3882472605359617,-0.3789332366573825,-0.16882283451919625,-0.1524709359053013,-2.574342447602741,0.19998682228118347,1.0858135774584778,0.8788340984096413,0.8136711633639192,-0.7926494648221654,0.6031463533815196,-0.9249069621525936,0.24328335979688695,0.4564153954670913,-0.02589100960269236,0.8059605824454803,0.0,0
-0.19262957897418714,-1.9146977134209133,-1.2823850637694754,-1.8797930145902388,-0.8392826916601509,-0.22945307785644645,-1.0905867289490934,-1.2344786839330213,-0.002315023130355155,0.6181109563561796,0.08344491551361942,1.3196590830403112,-0.7896897588853744,-0.2881500579359291,-2.355523853679303,-0.8343134504846111,-0.03473286501610394,-1.0385316300712537,0.08947483655520487,-0.40936518662525545,-0.3664665692304642,1.377641674740808,-1.0424706845943474,0.5809471855986215,2.167950555431644,-0.5174345613624711,-0.2028690517712026,0.5491710921645236,0.5103454983202598,0.8347187209497021,0.3776567712462014,-0.5349710952215769,0.5138557278315581,0.17642009199505382,-0.6173997338175617,0.2757188035523349,-0.6223537047538813,0.011996445921449087,0.5053320658935092,-0.9797681394139808,-1.0436864712333531,0.5553337795233989,-0.9175864635620338,-0.0758201566510832,-1.0520605748675422,-0.5152365814538802,-0.4461274010476203,-1.4141636261212382,-0.7226777244013618,-0.8114222668812324,0.0,1
0.21837468681535774,-2.4138468338947927,-1.0822519368783559,0.11364393387635315,-1.9639510719254007,-0.8504108582792432,0.016922068440363987,-1.5925284665990154,1.3951355071320803,0.9867192675969256,0.2420683582197188,-0.5425005354256185,2.1312279049759106,-0.12870823779134474,1.7558766328286186,1.5409510006175475,1.6763019674944015,-0.3655816062501427,1.6142203778598807,0.5476833425108111,-0.7401807242748791,0.6656735806617152,-0.8769137492562665,-1.2547987870519997,-0.447863890476425,0.2260331056683399,-0.7873167257117005,0.7005958394590697,0.4260537536156703,0.3531296218787333,-0.5601176805698451,1.11836884148501,-2.4673827917214,-1.0719787273544508,1.7452521549059117,0.42128670780533495,0.25026647240955924,-0.8958723077098568,0.4213359482076221,-0.021013307272390924,1.2887260019237412,-0.49497644744678004,-0.8320241955479452,-0.7037264307995258,0.07697902302077117,2.7009001889736277,0.2695974858158168,0.7061523013383452,0.6717314216711894,-0.036811778819306425,0.0,0
-0.6446675110313707,0.7870380346627883,-1.0133282347842996,-0.22065047914274585,-0.8020587635886727,-0.7884210471230809,0.4323493932905289,-1.4030781063612168,1.3218227978150563,2.0612859105769896,1.7104617230937902,-1.07147836386394,0.4850571992768763,-1.75087247452171,0.3410318999911551,-0.2585293629819216,-1.1849776492227844,-1.2751106368512606,0.33727851372760026,-0.2914985924582273,0.2362721365115759,0.4062361641249502,-0.038880954509296274,1.2187437424624774,2.2206091028050725,2.582124014180781,1.1179799298502422,-1.0405002646438786,-0.9010713220772772,0.559612701569859,0.038284880257709264,0.3242584009647696,1.2577749755667136,-0.462724080392647,-0.13199542864301927,0.17150893372157364,0.702564458880682,2.2401618006946977,0.7526150047558205,-1.1265078838139897,-1.291788846484656,-0.9491561567029396,0.038635358895006605,-1.8092032465925845,-1.1878834331718566,1.1302994383103735,0.09613499977933153,-0.5260977668698317,0.925281201272728,-0.2096780071419217,0.0,0
1.8774800648265901,-0.1420742536379009,1.7311605173662898,0.16357716586789442,0.7974752921916164,1.2633341740017452,-0.21169663377098272,-0.2287782148826744,0.4941979945851234,-0.7170529860003881,-0.5247344030157741,0.27375477580858965,0.7890131566795914,1.065103732718774,0.18484601750925028,-0.7126967326307799,-0.26580402846385603,0.2693410532363421,-1.4739813801342665,-0.1568648645508556,1.630456749806305,1.2209704837619078,1.2296338460138954,-1.199779159019485,-0.3050442189965329,1.002466311789876,0.1399339996314392,0.6028172327179075,-1.0282881083432145,0.07430623932307205,-0.1870935631305617,1.1280491144273204,-0.3402169440843322,0.683388965322319,-0.9508266474908404,-0.7492020037987718,-1.1714602809073738,-0.7747165947117451,1.1241600117813937,0.39033854879377217,-0.5134837689317331,0.12449267250609727,-0.7420638509077626,-0.7587844755366633,1.0012802513110013,-1.6604502197601638,-1.0683915270413389,1.1466274396263625,-0.2848694795701251,-0.893868210191366,0.0,0
0.07871828842390946,1.5891200165987511,-0.8869664184221877,1.3746576397838037,-0.7234333323238878,0.9687794535529762,-0.5583760402154516,-0.4760643475040893,-1.3878216393299698,0.8111104383476015,-0.6254292859680739,0.8733036543095041,-2.061570058805968,-1.92699102393356,0.6473380686352579,-0.8462461373544081,-0.2896591530367854,3.2250941880390336,-0.2449309823078156,-1.9832959963586592,1.4181524985374756,-0.3976114783364712,0.32938657851571906,0.9062423825121854,0.6285749807558069,0.6832896641724634,-1.4045925830810664,-1.8635553595741972,0.7875976679999177,0.04715847457669319,-0.1120520308508306,-0.12813575536069813,1.8038398194222929,-0.9156787554596836,0.16864712033405285,-0.6576394255054216,0.7290565548465132,0.10046824795162146,1.4278722306547749,-1.0437422389122244,-1.5218240767192397,0.8349567803246288,-2.5097635847315622,-0.7249523554779208,-1.7740274552009463,2.043610517275543,-0.588399851187417,-1.170767045612926,-1.185727258629132,-0.5030538730779139,1.0,1
-0.7312305294252118,-0.3335609551782239,-0.9067613733506664,-1.2292071552416135,-1.7565546438679895,0.60228755919795,-0.017650146283205975,1.2148580535211295,-2.0862104251071494,-0.796134187880795,-0.6700994944698936,1.4000750730943707,0.8182362355256936,-0.5001462061818206,0.25406651284307263,0.8064437616368749,0.00838251711744253,-1.4824234681729649,0.3843614480633018,-0.5915245001939323,0.8830303961488822,-0.23603448807846,0.2019841077695688,-0.669683071093245,-1.4292471741690085,0.3256777955962583,-0.01714168657554763,-1.3430870011385796,1.2032700726621233,-0.942814179023194,0.7231676520752524,0.39961895369882383,0.20405054394058425,-0.07395936043865511,0.8778379160170275,-0.00027569628998333007,-2.1760179459730504,-0.4687110351773119,1.293857403971865,-1.0482604334249723,0.3754443067661579,-0.1202811117595658,-1.9288601999034327,1.4510838555886123,-0.17474618689748786,1.2462056756927402,0.028262642800918083,-0.09561004427374416,-0.2230734060292109,-0.007465782854241109,0.0,0
-0.3100717297296152,1.2579430020418032,-1.2004969507550856,0.4654289752960766,-0.4589363466489519,-1.1536342641786033,-1.4541960806616527,-2.1712534240448886,0.35811907637154194,-0.44516018911786603,-0.8403029280343989,-0.05443317103341792,0.7009722019635558,-0.033191935441171334,0.20883666535494969,-1.325698415918393,0.8956816466880603,-1.5540791530004456,-0.9596952953418934,1.4014217191478011,0.056762158435460175,1.663675937033018,-1.477268142915651,-0.3680591251392686,1.1305311398397475,-1.7983696175359665,-0.12514034348640166,-0.5075556207728936,-0.7881255817440045,0.2712998974200657,1.51118379585189,1.4347397725781896,0.6967812976793607,0.33715018008817565,-0.5161468150755519,-0.3782283156164709,0.1734443790137501,0.9484727448806012,-0.06679810953178897,1.5049702749940317,0.8576137958372766,-1.9584414570942659,-1.0025485579700226,0.18031334405348093,0.13224404202398835,-0.7603293037277646,-0.13462337533974045,-1.100514523362717,0.7911694131640286,-0.6865794959012933,0.0,1
-0.8836748492647234,-0.9365986745468,-0.7795136300938499,-0.07557615914571879,-0.3208644564706119,-0.3157525953909849,-0.6819075344508726,-1.198584724830964,-0.05177081747264855,0.6144266672565322,0.6942124908261347,-0.4296920568727429,-0.18113246596441845,1.2407983696995089,1.002425264635041,0.3498537544954829,1.3979239304838045,-1.4032430643010756,0.04315880609053587,1.1670107748098453,-0.9517950469800868,2.1866458775506668,0.4151647248655041,1.0003275178476183,0.6666022751926294,0.5300781769445148,0.6498722954044335,0.23486731246705805,-0.4617681771493096,-0.2756449312233413,0.6150560038263921,0.7193962329085529,-0.2852468004551143,0.9687057049484584,0.6962076491754741,0.7416573112177229,-0.3520158737474827,-1.212656183804628,0.7673349189968415,1.1287761940804202,0.4186453395704269,0.3079175431556852,0.32092630615692713,0.6310327455547127,-0.8564884945331355,0.09740860986674407,1.015726754124659,0.15228208454816086,2.3573727979972934,1.890165669455236,0.0,0
-1.052837232436301,-0.4476735742739886,1.5724319199121966,-1.1924707920667657,0.3744636829082059,0.18753767818542194,-0.1303280580219182,0.4681902956830804,-2.137358513394687,-1.1115755506809637,0.5232718650994069,-0.11549902759502766,1.5838017535036593,-0.2428299704502652,0.772004554202037,-0.6170638653152757,-0.7362815985136163,1.8951748149021688,0.3776735690286006,-0.4892430758718898,0.3812817210069429,-1.5652147207864482,1.3947194114734016,-0.5254869059939745,-0.10748344844776804,-0.9290277845897434,0.6725761156132151,-0.6742841960683867,0.14012344087838244,-0.4458547191919828,-0.1760547991803077,0.3424432305111866,-0.9407783277347846,1.2317886834325,0.324460720645604,0.4826159493085722,-1.3370357702874358,1.6350666818133075,1.4119719561146415,0.7738058976331981,-0.8901961778132916,0.2702596904796941,1.0627365427123314,-1.7604581311922143,0.5582872843985025,0.21422490453473247,-1.8940688612460428,-0.13835190792121174,1.0802502356856618,-1.0997785146608028,0.0,1
-0.9744791877175596,0.606253670088587,1.4677748786822813,1.4042377364295706,1.2502665588637258,-1.01338380010468,-0.22410184587249316,-1.0519481481275172,-0.38494756612686776,0.037386039347494494,0.6344207201402858,-1.3676809004349355,-1.3125769281121409,1.995789838532712,0.5056000808798884,-0.3475039944940152,0.6948962821617682,0.4909389937014131,0.18572349527104565,-0.7206149120531551,0.1798512078732083,-0.7715932848251987,-1.51987775106713,0.7614481937524413,0.9437525303572458,-4.125913097192926,-0.10177477512343673,-0.1002824207253553,0.6400779958814142,2.113255179182958,1.0103438527725948,0.9922615982512972,0.8082668603123546,0.21661988590439388,-0.08638331810235482,-0.2526698205747025,0.8238044313612921,0.5302761470931674,-1.88405290173836,2.09909648636375,0.31079727047770794,0.29420092200521586,-0.7887545805895451,0.39172015805723776,-1.6207606655305231,0.20130727342276325,-0.7435123257828011,0.2474161436180988,0.22478215476023405,1.8513339994943137,0.0,0
0.14653179175066988,-0.180624054844012,1.2416901185460951,-0.7300991106595441,1.1509691945202265,-1.2544437340666117,0.4080282394649665,0.1421103863584154,0.5645407157945718,0.025032672633232663,-0.7918455786500256,-0.8437183515570241,-0.11981373445773548,0.9533152153744388,-0.05672052759971151,0.0886577914488704,-2.3232879243981106,0.6441597287678571,-0.5086612314164067,-0.4424568844044868,1.80168222534928,0.2777962213052671,1.4930165259365324,-1.9942036819945528,-0.5903296772805807,1.7640726015949175,-0.20466800288514428,-2.090860128330484,1.0527830446150386,0.632432979503906,0.5932929160709647,-0.9216692144154578,0.4724118951351902,-1.4093442118288544,-0.28816384555442043,-1.9464537630749736,-1.9189319017092952,0.3657026655565808,1.065233431213512,0.2270527138839967,-0.5854516954037029,1.326553686215339,-1.244498351540843,-0.9990374506869516,-1.503261174231692,-0.43284397190235946,0.0659517750628586,1.6332378436808026,-0.4474408360127668,0.2968149587676271,0.0,0
-0.1631327803961062,0.4613375957056655,1.5771046851704087,-1.1920086922520323,0.4805525857539323,1.1527037047455289,1.9665180958859896,0.09983888042154612,0.7166405718945543,0.929428628281584,1.065149655015058,-1.6499325960963442,-0.9293622883365756,-0.5819700163327572,0.03744060243223103,-1.1858128685531852,-0.8467559967692634,0.9362040628046852,-0.02629990273650433,0.3238243467189861,-0.8239384042014319,2.3004213730624707,0.9147120231105444,-0.6175497515742645,0.369330184972082,0.15869792185579973,-0.3661244909298763,-0.5678196075904913,1.750725115492989,0.20285247913538215,-0.09879464052334147,-0.9799924565257719,0.4112959234148544,0.014514309390832763,-1.5969205722753388,-0.3993511098969269,-0.436673440006198,0.278235339542515,-0.3684659131691159,-0.05356262458922497,2.656888921152667,0.3837738965638733,0.0882685365589609,-1.2249063793568091,-0.39724525718710013,-1.1702763383205756,1.0185758721773779,0.16689050334621106,0.14810390460291153,1.1926573336886936,0.0,0
1.6882299181862008,-1.788877046813056,-0.4622025890543532,-1.3700423331626952,1.9780059930645848,0.15641961581419173,0.4828507496015318,0.8916317856257284,0.09204932200740493,0.20876696583760454,-0.08203394861493939,-0.7771900637948479,0.2358709172512908,1.829260364674268,1.0587024888045888,2.1519604929346348,-1.7900172429683032,0.5647757052784815,1.0205409496750195,-0.14843398167174032,-1.2191591064375265,2.5278985696138645,-0.9016657415966324,-1.857498982290149,0.25230109174630866,0.9358821208237484,-0.3603161622043879,-0.9102746833164768,-1.3551132829139758,-1.0679706183069846,1.291618348252373,-0.8787969257103522,0.22040446500109198,-0.3682601973514219,-1.331415575486979,-0.4091485373460783,1.1541342842362323,0.9200027947507416,1.2861199376324988,-0.4257314322074331,0.15854946396461553,0.3996748049674652,-0.4680262558091043,-0.13699327975022346,-0.10220775850867983,-0.7392192065790902,1.1268457490337291,-1.327455624924858,-1.6577030700715714,1.7363253350944792,0.0,0
-1.1089246671386723,0.1517305062811874,-0.8717213742102675,-0.4499062965867576,2.4943928794870107,0.363914297276004,-1.2649868594258495,-1.8362653785388303,-0.8920642619751554,0.9059553775482792,-1.1888999240715057,0.6334430551520571,-0.19909069559359927,0.6510009120584407,0.7507399813363602,0.09500707796335828,0.3095709537444338,0.017098161434134018,-0.1726558808820547,-0.07540204124988611,0.5563731014927727,-0.07890989156594284,-0.26536142169901755,-2.663815295571456,1.0330016404179097,0.99743973631005,-0.22232279951236145,-0.9623862750595972,-0.7635600254258683,0.8370646636338741,-0.5113700836930675,-1.9056837136686933,0.5703156323805688,0.4521543152129735,0.3046702351878412,-0.645755319888959,-1.320504451699818,0.28972667984054923,-0.04960141668600542,-0.4791366286501274,0.5141383548804994,1.44727100600499,-0.5000411747938351,-0.08430477112363434,-1.7175241995504678,0.5905362351048881,0.6854694420602776,-0.9770229157133752,2.105310033491543,-1.6210868523580748,0.0,0
-0.3908998937903297,1.7645603297210155,-0.4535472117443076,0.5220920587402351,0.694733107317023,-0.6295963084829447,-1.3943133749804195,1.533129005606594,-0.4702948358148881,-0.2033683848537478,1.0256982934082608,-0.5491118545591116,0.2738750363260126,0.6306671214037719,1.1081578912427716,1.7575783235529068,0.019857480159051703,1.1185008204782159,1.1571887285308664,-0.11424125497966416,0.9093080070936562,-0.08403174620365032,0.8886309766083509,-1.0316154912465134,-0.3270118030240821,-0.9298276832452684,-1.021786673639809,1.1251548353541645,-0.1466089441025364,0.9148288069840782,0.6893113382140162,1.4844481190261487,-0.2282703243666896,-1.544420218005401,0.8757760803507314,0.4615517595022942,-1.7926540459577809,-0.8946952481097217,-0.8492223290939206,-0.6365604942161514,1.8176258292543648,-1.256436293538203,-1.397324040130653,-0.8517941439874498,1.1372340790324424,-0.0933669176631645,0.3116761272687908,1.308758676588289,0.08191040492210801,-1.0615994035159386,0.0,0
-1.5826677892441765,-0.5022039848202126,1.4683003407998654,1.3989933585465806,0.9257971225161884,0.8402167933659386,-0.5246812826528174,0.7961869969562488,-0.6869890181185189,-0.21497013770541135,-0.6116381438719737,1.1466007250189207,1.7871007075209786,0.1550440939820069,-1.832650334739324,0.431448322048136,1.2962487944400891,-0.5579089620610062,1.2936643379207182,-0.19093231140309566,-0.6306414872222621,-1.9504817278271551,0.39220893612426977,0.2369353030487724,0.35802150452027,0.4552255824109842,-0.5552486067650312,2.471635581934766,-0.9748473841284788,-1.369927967691816,1.1421086715984647,0.7434403906696238,1.2533080785959003,-1.5859737203621114,-0.7302647614431108,-0.7111946737565448,1.097118363030648,-0.23874902095939546,0.5769849480788105,0.12048480226503105,1.1948741289125562,0.9239579933920896,-0.3334913219702953,0.7282387573892375,-0.4151626128671509,-1.2077132864383358,0.09548999760384072,0.3172954412457532,-1.3162299195674725,-1.2202631302618347,0.0,0
-0.6371529125459685,0.9729070906315,0.4782980642487984,1.0721344020708747,0.30752539038865195,-0.5145226227267381,-1.2774027969774342,-1.7655550919909349,1.5139113513642752,1.4282054215123496,-0.7320621422657028,-1.1876707417246648,-1.4780886203104882,-0.933835379768242,1.7551879664981398,-0.6447134633413589,-0.4121108537022283,-0.6047184718130945,0.19318041593478855,-0.549968537427177,-0.3497907231364525,0.037178862522336785,0.6106932551596772,-1.1673956666759502,0.5267599611175249,2.263838505939647,0.7140727313782448,-1.192849596170498,-0.4449245772974172,0.2448216533669946,0.019705122768096595,0.7334074586417128,-0.22273867758529275,0.5565659448667114,1.3727251496682298,-0.1731999925384579,-0.4001118635181782,-0.11886518737262025,-0.5692288866403832,-0.3630057546068425,0.2289920636538913,-0.0853148992717016,1.073346041936568,0.5233498152123357,0.399539684034625,0.536884135941738,-0.5740809340338136,0.6196065953785228,-0.5111233027993939,-0.4411246467997846,0.0,0
-0.07571294265370371,-0.3188484311436781,-0.12854710528173274,0.23569629604761685,-0.3132630005473991,0.7879959493284173,-2.2725650431672477,-0.9340641505287148,-0.6542524376050562,-0.7942275420159371,1.86688922580756,-0.13000325004807092,1.0150230232937478,0.4404841763732687,0.655459617531911,0.5588551565422409,0.41972355578757103,1.6125499630483071,0.4017865476812108,0.18323679381846866,0.8959869980090341,-0.0708487922167421,-0.24010070530808714,-0.11366553701890282,-0.7758708649473378,-0.34063917100746954,-1.080751424491843,-0.011896220531592576,0.09891612420400496,0.4544065886456354,2.3872701775204637,0.9160971057074322,0.25912422499560944,-1.326824421391052,-1.122327267767609,-1.4973322092747858,0.38044486914515135,-2.0439703977274006,-0.11777583663642545,1.5202320235626878,0.1510235450425846,0.4730820421770712,-1.185487654429905,1.2956889686409432,-0.4124733573635997,0.12308839791619305,0.4375601519796621,-1.7971993761214586,0.4603531540369872,1.7650951665194918,0.0,1
-0.4730293414634113,-0.7408907225290475,-0.28905562591294404,-0.7045348309950704,-0.9624075739053164,-1.671345044520561,-0.7437935378449457,0.5306472432307598,0.9114066551018132,-0.9317102162327858,0.4672432077299734,0.5530315146554026,0.12079610038975595,-0.04783170870271418,0.17890127119820007,0.2891836189172748,1.3757766232374369,0.8970841453601233,-0.5908062681301034,0.477343455594786,-1.0488978444082515,1.0784378631066829,-1.6627161599837337,-0.9355963775012934,0.4033758278387139,0.011059988621757732,-1.2568128091471489,-1.157153992664271,-0.6223777405785781,0.6746458863431487,-0.7601983460733927,0.976362577191926,0.8852521323133694,-0.6580090004976494,0.3781119351169757,-0.21428032777153755,1.3158377149676537,-0.09411411659587687,1.3094774279955674,-0.2637359949779554,1.674296578433115,-1.078286908383835,0.6371352168809263,-0.1820394606944784,1.1293866935002257,-0.5791523380394692,0.9151824464027444,0.2754882664408314,-0.6765301123777349,1.1341900562605998,0.0,1
-0.24412286645581135,-0.8315828455644305,0.9835323382102328,0.43452512532624016,0.43787275244510204,0.3344837531639451,0.06612585662925208,-0.21433088461303634,-0.396167848077174,-0.8721320734362895,0.3620279908604082,-0.08721621505788403,0.4060142983702325,-0.26971042215832136,-0.16351265018297415,-0.9245367841485356,0.15557067622076187,0.22055275014036885,-2.7310309840316074,1.0178907959315695,0.5945493223855889,1.3368498105415263,-0.3146061172509119,-0.30678137648425463,0.22130517918263048,-2.343337570598869,0.5367429032423775,0.9719642404043872,0.4159310008677822,-0.7045080033276746,-1.2760157651244657,-0.9691651657857441,1.2812201953479945,-1.5160843054452506,0.8942676777824318,-0.7316134937446636,-2.741965383117669,0.7960691565099822,-0.8079061096426696,-0.422637117142844,0.9094266041774436,2.6476630520013833,0.667448503043671,0.07711007730108713,-0.1612230396041549,-1.044055895881413,0.7998197506391005,2.1643941369750417,-0.5511629333952371,1.3455102335808262,0.0,0
1.7703557424256442,0.7073909132976924,1.7639273532893691,-0.08724981228089519,0.03743874634709147,-0.9255426059081916,-0.6707762841024747,1.7010200699700702,-0.06257758133640229,-0.4939389309711234,0.6989837173301547,1.4220745107192905,0.9239521098161716,-0.18063441594411825,0.4089363192309196,1.377224531822253,0.04289565468085687,-0.5451066516962971,-0.4910209717539712,-1.0853050003527702,0.5575686543016594,-0.5669048336126205,-0.12143034391778895,1.0028243228972,-0.8429313150455442,-0.050234920625717404,-0.1989698719319873,-0.20074208091758816,0.2503174022619226,-1.3825649455669058,0.20152441685443756,0.02684786375707877,0.7764935544912829,1.5682570667590792,2.500404482822737,1.5796520127625566,0.475590258683358,-0.1866058099812207,0.2763327093402319,1.592280124208926,0.6905364177753955,0.5004470450203089,-1.0635188494650103,-0.055335895628102455,1.3418784038755625,1.261423338909489,0.2468338917030327,0.991863312651386,0.15258513363438594,0.6469163383910883,0.0,1
0.8381424393271621,2.467699813594749,-0.018383617111782716,-0.90010425699289,-0.6091487850160969,-1.3375787948841642,0.17638872729330074,1.0614937141598642,0.4692743892472656,-0.3997849159447208,1.5124107579823172,1.6439047640665534,-0.6063085060303978,-1.0217256061838045,-0.05219065482892263,0.74158216215255,0.4594517958527564,-0.38890570623256737,0.12986179317105875,0.5252876193976247,-3.156252225000685,0.6482925418716882,2.378746877424068,0.09265200882887424,0.4179305714339331,0.11709955695267915,0.8504324777858552,-0.3560018485391109,1.067061569209773,-0.5531229444404678,0.07899288939601191,0.5962188830240663,0.5986563069268744,0.05974002216259206,0.4135069473807989,0.5323430185607201,-0.3828846297883445,-0.7875182187437001,-0.9482584357603688,1.1343690518833949,-0.4386574244530945,0.2667327925433746,0.307270521032443,-0.17239855836852552,0.2750159871370956,-0.10783690384569126,0.3688575589656104,-0.6549417649167715,0.08559279391140093,-0.8400441914024891,0.0,1
-1.6243291440770833,0.20913167244430111,-1.2946886169908602,-0.3413298918322928,2.2756425504686315,-0.010170708900231444,-2.289453662452083,0.6038720567706701,1.2332686536712214,-0.3441478343368022,-0.18838489142797155,0.7251729619402777,-0.6667447763942994,-0.12677987331463314,1.002540248353071,0.6243685744746638,-1.4656230791400948,-0.04008378959500916,-0.8143983740651883,-1.184501676603325,-0.3314656243387721,0.4781936688167137,0.4251163870214087,-0.5579180641471216,0.5221430791509017,-1.1953908155314896,-0.33869725809218193,-0.018780467301946453,1.7041843345182612,1.3990890625377377,-0.20125402380555032,-0.7892128886227822,-0.9100145811237259,0.19723406436858326,-0.6544826526202485,-1.256968689369168,-1.6556675340220224,-0.7826547927386958,-1.3385645495732206,0.16255993926231527,-0.8794037986453654,-1.1841394729222199,-0.840184081404347,-2.358630420910074,-1.0394059262983135,1.7010671530407315,0.12007750063816705,-0.2556627321150992,0.7145896226981926,-1.0579573724256748,0.0,0
0.6110821523436586,0.7138809443898562,1.535575262813658,-0.5164412296094818,0.2532961744173787,0.4070468916834068,-0.33655473044259304,0.5275809651967143,0.21381456669184504,2.221059678180114,-0.6454891304976599,1.1956669097819177,0.2274904591508026,0.09795272090844832,2.711807055516525,0.7135116635107522,0.39764309838101897,0.9232916902338012,-1.001555859035846,-0.2921134098043521,-1.2493319950851491,-0.5729661222803781,-0.5398502491127881,1.0269625001358822,-1.0878369565080188,-0.6828041290073853,-0.1761810206603635,0.5350780608534104,0.15329176732273356,0.6125065050856688,1.0679047877323755,0.9635883030520878,0.3638113321870843,0.08977022439833401,0.22098648579170832,0.037211132268075583,-0.6319652855801421,1.3791158992790962,-0.11617731809991108,-2.0756521213201147,0.933469685522754,-0.42268302230806215,0.8561288133045815,2.166783023128781,0.29406603255523955,0.009884493817795844,-0.3162810658608328,1.2147165779522369,-0.2835730526931769,0.3520237715773681,0.0,1
0.022705085117470797,1.0486665584168102,-0.685966173010766,1.0852434975723688,-0.4927509499296738,-1.5741066901606438,-0.024091798928316626,-0.6052506834397805,-0.5440678736802456,-0.0443252107252086,-0.20000554383413133,0.15093967594929633,-0.4910120552079909,-1.1039123765774772,1.0336468384253241,1.2553247198512292,0.3060517249733984,-0.08595081360595212,-1.2232457824464056,0.8868370323956716,2.1526066977066125,1.1444507877424812,0.2504008193372493,0.036153540357015235,-1.606800146362844,0.7371549298994369,-0.4564861700926747,-0.7789117443996778,-1.2494486836617285,0.4518525441319654,-0.21519370294456214,0.13583868607540486,-0.5464611251560929,-1.0196933067469895,-1.4671591555323122,1.4927128013164481,0.781192983184779,-0.5466159378555839,0.048707434483068315,1.5359164312035214,0.3454491247995335,0.018975531409726014,0.3522252399760083,0.7883865702863524,0.43033401412206185,2.0576793613217776,-0.5366940080980148,0.15818839902166665,0.6645305845448239,0.2338844827152097,0.0,1
-0.703154564900864,-1.2896874198066268,-1.2174220104252893,0.3332016460944505,-2.1853826485400303,0.3370804173332139,-1.192056787756563,-0.2328916192389543,0.664219215672809,0.2711408686101249,-0.5011266769878909,-0.05512161910093862,0.12556141196742188,0.21510855550608649,0.21241619822016974,0.3629950832367262,2.903268466956926,0.08035088219934146,0.2273732293953253,1.2963553543299673,-0.9001596523102797,1.605940389537786,-0.4914108080868968,0.6119846996913921,0.780251068192423,0.4629945702354151,2.9234115708108996,-0.043351624882590346,0.8097265598632682,0.4935556086838605,-1.2128918526947716,0.08621930987564592,-0.4451941685609448,1.527094130843884,-0.6626839577395485,0.1532353744296115,-0.4998359137849812,1.2927606406554673,0.0892259745306176,2.002238132868725,1.0287873344732823,-0.7451604021082557,-0.3404317039943059,0.3412555243075792,2.4962531990599857,0.04812889504824716,0.4944374071015932,0.5970032108083522,0.07493012067122144,0.3763402998441603,0.0,1
0.8867379359167605,-0.14330848140442748,-0.8637872202800648,1.853275881826935,0.737085480683885,0.8643548401015234,-1.3711868019146514,-1.1184497623785248,-1.0592005663385302,-0.017618092948398355,-0.7896436702901081,-0.2536538812091867,-0.06800303046355241,0.011907155652622892,0.6213960090537692,-0.9776805842998652,-0.0178236113006959,-0.35569027608929066,-0.4997389471118074,1.5711161597094632,-0.3971990874957345,-0.08770405682463359,0.5052631986106744,-0.6187673452357014,0.13034972144543172,-0.15771832321730778,-0.2010674257685984,0.4192224725918399,0.3589224982020365,-2.0290341036005084,-2.1738717899895343,-0.08507834320448816,1.2536421589769362,-0.3695273815890242,-0.6423285733885513,0.3447304264352916,0.6945139247082488,-0.4409156507348615,0.7395717018740395,0.3706008436646031,-0.8086651375449591,1.5760238671799969,-0.4909157413104288,0.2404481453124403,0.39767069761287344,-0.3845447117699901,-0.6709829579574127,0.41837295970690497,-0.8381126977562445,-1.190884146417471,0.0,1
1.6728106271190193,0.7013940555915564,-1.4394320195161845,0.7111743002854861,-1.3995610340818063,0.5427685603421849,1.1895980002042248,-0.06901115589169822,-0.4307994669180346,1.458056149761214,1.3403279155824597,1.0426693604247903,-0.5949310414838233,1.3726293215138157,2.6637784648518994,1.943678148373192,0.4971208477909909,0.6789147408688077,-0.30641814601914186,0.9113976240433586,2.3222137122592272,-0.708020005860852,-0.1931320968670289,-0.2429855615914925,-1.8042725807942657,0.2095727689213576,-0.8643521955820441,-1.4506156203728404,-1.2022948323118543,-0.11381068141178999,-0.981106487157186,0.9038219994967502,-0.2113148942509276,1.310395402280347,0.030115584033432907,-0.7160740956390216,1.119000288112399,-0.7573492133656814,-0.7992211577954655,0.7097068386864437,-0.034406514249878624,-0.4970831490841346,-1.3996689484931641,-1.3587387921176204,0.20351920998789474,-0.060230275651712115,1.604427055389067,-0.4426197720014404,-0.2306129536835957,-0.5906233610916641,1.0,1
0.1579888884361009,1.123380765750895,-1.0066492675472754,0.35754190763037386,-1.5807699036399228,1.5884609525612952,1.9227909967137569,0.18734962344117714,0.41637156166293504,-0.18476190156758093,0.5554095326067896,-0.5874625213581701,0.8398395690316556,0.8991020616844809,-0.922292564060964,-1.344065869807633,-0.5647972359489236,0.12263603541293702,1.2433738148428437,-0.6098458165450368,0.3378586996663834,0.2890790200263996,-1.4042272300607181,-0.03804131410393657,-0.2371880553366679,-0.7555118781886487,-0.5508664088479335,0.10558244004398908,2.8011612065198785,-0.19374749303576214,1.4264526266654107,1.3408106968385578,0.18218549682272486,0.021258036175284267,-0.302309521282765,-1.9776990711767184,-0.005451094332256341,-0.7087694873034254,-0.2351157400273508,-0.2283502076752087,-1.1064042714261175,1.4279450800782367,1.1034020737693593,0.7200757434418344,0.800559328046704,-1.3775190131758783,-1.7410251289254113,1.4961680463714304,-0.3096582031300282,0.2256800413492033,0.0,0
-1.8920665300637671,-0.755310401142678,-0.06176328898399354,-1.4180520154706877,-0.9916725510173776,0.5250840696848484,1.0021966125789616,-0.4200697405184416,0.12228188901327472,-0.20825362532714028,1.2077682135902859,0.2357610607567267,0.028969541875441675,0.8013661584915702,-0.7502892186665677,0.24822458899240385,-1.5596160456787955,-0.9424251815837144,1.8072460161928463,-0.19278085074501114,-0.6594612129404511,0.7242848419892252,0.979420001703494,-0.7436877283860076,1.4411009043358949,-1.1233313472780984,1.0025474316635803,1.4002531019633817,-1.4965483710712375,0.7638365561643256,-1.383901451425115,0.4444748179369141,-1.3923628030043784,-0.3588552481945842,-0.2409525944606344,0.29435173029997497,0.3325153132582077,-0.4511524862697722,1.0009629438166323,0.8182431015266337,0.17790366499032806,-0.690209668781261,-0.12017419249664812,0.6360201970057713,0.2451122658748361,0.7345128180022038,-0.021534053911887,0.03599843419179437,-0.8129995763804768,-0.6022457825141692,0.0,0
1.4759081189574468,0.04133150742107779,0.21414490233817687,-0.4935570797490842,0.584344809775989,-2.0335632159710584,-0.14627651358750102,-1.2091458426606183,0.4791692646454418,-0.5317793419521946,-1.0690752509185664,-0.025883201840909267,-0.9485901525884928,0.33643666116262183,-1.93910654075028,0.5463021276353079,0.93318425342254,-0.017146668448355683,-0.4383280408236553,-0.12627204026580666,-0.3202210553138037,-1.1712614451374026,-0.7368589416830547,-0.41241643357120056,0.35313530427461265,1.3644387630675658,0.0843418794047666,0.6533453783574782,-0.7684393265621182,0.0004176918229489345,1.498722031808735,1.0203748901321923,-0.9813902258415842,0.15060514185616247,-0.3736939679201591,2.6608826496975246,0.9630087918652658,1.9051235608154036,0.046264729448465984,-0.13019747628196854,-0.5074470793038921,-0.8898147771499709,-0.20823615049114655,-1.2325522405582183,-0.5902752100847674,-0.5587029874296796,0.08602947957696241,-0.23365130273003784,0.7075166798201259,0.4345558066210031,0.0,0
2.060909440581197,-0.4247111887680176,-0.7816608769086842,-0.34964049574277306,-1.216854042645337,-0.8733453140898457,-0.3023527853387543,1.2967323008865337,2.4291155817484658,0.34499419239683704,-1.6603674221655702,0.3494101846451665,0.8435555156926502,1.162387238460709,0.5685515010133406,0.191974379724194,-0.3759757006253262,-0.9804447798112688,0.3032162307985941,-0.1988055569820508,0.3739186675351982,0.654718511313447,-1.7611367956660524,0.38336889327049417,0.2271687884381761,1.7757810296121068,0.7636666495470118,0.8382361899654766,-1.5321369626626442,-1.1807158025904163,0.2381049553717645,-0.5454053184456864,0.13506597739136664,0.4286566780065919,1.0361438952956308,0.07021690409559563,-0.034725781355642964,-0.3001436161444046,-0.3837470078835491,0.19837496130554688,0.4322242557713377,-0.4921592742507578,0.5129834415088214,-1.1673993994324898,0.07685021992959322,2.9072873136945288,0.880724378347728,-0.3383384536888387,1.3657486574582374,1.4429250426631481,1.0,1
-1.5467852139376936,-0.5631208913146484,-0.4543883804364578,-0.4182185330722702,2.20578800366473,0.4536973954945873,1.1959578379834799,1.0798942807471423,-1.387956380486216,0.23676311289924146,-0.6088984870398558,-0.9131245327573088,-0.7276666588841604,1.3453264932816371,-1.9957648825695944,0.1481960933071177,-0.7503968056631117,0.7498574803029534,-0.21212515629962744,-0.7520786767063974,0.574822794392692,0.3484875576333915,-0.9707711638686266,0.12977522597472102,-0.4990399275212426,0.08682985179133235,0.19911009368592752,0.4728700253303244,0.5966731726563044,-2.621574169665932,-0.1659942382900944,-1.0794535523515023,-1.7032890544072543,-1.372649802898793,-0.19024819829938971,0.8935864644516199,0.047274990685155616,0.17525367497929728,-1.0174016838080857,0.6072896169672332,-1.97549957322134,-0.9774376473064283,-1.0112112212057358,1.577656962873585,0.2412644935114452,1.1443279779044364,0.6116907787967047,1.3353343501406298,-1.0699624454376058,-0.3777838389446919,1.0,1
1.4952021292359623,1.2847014408589883,-1.2138886658473218,1.5418654352347614,-0.12036780021375218,0.7032343870091167,1.7569416501550403,-0.3852637856772681,-2.527760027993148,-1.1693933962313414,1.0690440783665571,-0.254139536183745,1.674952344571404,0.07393156205978331,1.0598570301472006,-0.15135652815478792,-0.2668681595001906,0.4172975770265687,1.9058636486015084,-1.5469553016260915,1.2505901225517535,0.6545248343631117,0.7703869734978058,-0.4454392471493709,0.9189936530968992,-0.8196505582674778,-0.4965051597812105,-0.3086306035567765,0.7840460515613001,1.2380914845411377,0.7402459855469858,0.4505036248629017,-0.2462898041533857,1.6967889244172945,-0.040432441984488726,0.4547674269507348,1.0213338443832012,-1.3140380258038549,0.06982183029371125,-1.025049751508601,0.9256300209443528,1.1571524439504517,-1.4837251061612056,0.5185892088827614,1.2109499307985223,-0.3188501682642717,-1.5606263119829162,1.7071083679847643,-0.0679015607599511,1.0094799858229653,0.0,0
-0.3557259280781371,-1.463917674827374,-0.0006380708179936465,0.6351370940297139,0.3538478868506006,-0.8978743994522927,-0.9655969198488116,-1.5383033175732652,-1.6138281910797216,-0.9113054267581044,-0.3092317468083929,-0.8999010797236551,0.2361394606039399,0.8763025101606545,0.31811163152569666,-1.1067942589031246,-0.22570334953293325,0.018599384013988772,0.21913250165708428,-0.6098212976636942,0.7084152361921807,-0.4770393393244186,-0.94434747725577,0.4563469743598715,0.8710073906609502,-1.4647932621309956,0.18685694371612036,-0.21730952339742235,-0.3622355526617509,0.020229878873565282,-0.3285934390699907,-0.2933705535835565,-0.12381995722792145,-0.4376977387388436,0.31366388449962,-0.22480445000902524,-0.8164988066245847,0.4518765941837433,-1.0493775374976335,0.8809610855572256,-0.8785280468730167,-0.5289206099534158,-1.046428020986173,1.4934713959911587,-0.9638032656103316,-0.32938927500575915,-1.1891473511453323,0.4821135561190033,0.2877995863055449,0.7137283169446568,0.0,0
-0.3035686233079105,-1.3136337406761494,-1.120317767105799,-1.396123659157339,-0.1527106491401948,-1.0709881537320047,0.07429378752253231,-0.19353674078913585,-0.5730097444018722,0.05344587833314586,-1.0903175614815448,0.15339861344456274,1.032774014432484,0.6854989702709385,-1.2547167423814571,-0.4646199137986368,1.010071700878623,-0.9508912992027264,1.164546319199675,0.9502602744664156,0.7701522819038924,0.6870902034804032,1.077778503420299,1.6696691236992058,1.2076823661214884,0.3981395370546053,0.2469481515276335,0.5490515361206177,0.2270183544207625,-0.2808695169852302,0.8607786550654039,0.5581537691083617,2.800673038030407,0.2288684034266011,1.3093592487239099,-0.03719001060357029,-0.004321986814756235,0.3368313564600029,-0.12642091364767633,1.2815601772266445,0.8235406505211615,0.7181702803682697,1.0543966424268083,1.0300732035695348,-0.9624165565189402,0.42574684662022894,-0.8726917662857457,-0.5236012208367914,0.6254433870552762,0.106468864758435,1.0,1
0.6610383013762587,0.15415268613985925,0.9905827235346256,-0.009437988891487958,0.5726221308321331,-0.4751299811358699,-0.3560333708878541,-0.04005521841391181,-0.6324386815613555,1.236815902478671,-1.0540183258172422,0.9607949752729243,-1.234410634628582,0.18962221867436652,0.2702172242404036,1.7938468670521264,1.2483047990570366,0.1964679034916663,0.8718264306283854,-0.27611072543288323,-1.1579516603952016,-0.9189884709131187,-0.8526957182939421,-1.4832161994593132,-0.15247341101124565,0.4921557433839538,-0.6067764093223054,0.36458394776940495,1.7414124923796197,-0.3649500487098206,2.3087684273017297,-0.4800953479642042,-1.7522713300524748,0.5149817581394459,-0.1887894728364443,1.815289823360095,-2.756892686560497,-0.12472866549028473,1.3814020551326391,-0.2174009988321368,-1.1152902279359187,0.7328044850289275,-0.3012199025278625,-1.1754034165207514,0.7028053604112682,-0.26203397828797764,0.1952957163972084,2.045043062118337,0.6799564119861288,0.8641287808894791,0.0,0
1.0670460118428835,-0.08122003632594173,-0.7235718598414159,1.293421717304006,-1.3577440154236764,1.207019416188491,-1.5107808128831022,1.3762122339359744,-0.6128510538769365,0.3011136146290977,0.5078096550494001,0.6630466387851529,-0.4664456528362682,-1.4056145670953386,2.445436488114381,1.3729142987744103,0.4533205881510962,0.6041184245768546,1.021484823963462,-0.9366537696447952,-1.8052986529246944,-0.2607304078747963,0.15292497521136486,1.5703067497252166,0.4877877287516079,1.0854953642914065,-0.11844405567861413,0.5348651726705461,0.18302769555684567,-1.4275401249749085,0.09654200570387064,-0.4766069669513112,0.5685185310327225,-1.2642298737436426,-0.6874507190280919,1.534222558461279,0.6114608340792814,-1.8123027667347984,-1.2437639495938655,-0.3781294651141143,-0.6155219524537565,-0.6880300710281659,0.13718723639278976,-0.7429783725361914,-1.2306700421980152,-0.474447396217919,-0.2273975020287376,0.4672969958776303,-1.3024259517135877,-0.3192798026931761,0.0,1
0.276144011765953,0.4950033032540893,0.9413379389070132,-0.30340334823946075,0.2774254969565592,0.8891306710538228,1.2569505808254695,-1.0429237465884242,-1.5171910890782965,-0.08575185027483809,-0.12458547896079393,0.5593121676242971,1.4950358886479471,0.04090850131486569,0.14906640402900154,-1.5584052945672715,-0.7880795917062017,-0.8326342911383978,0.9617197333380548,0.24307168025226464,0.6751038876930769,0.9175839041711422,1.3668760246227198,-0.30256367798521305,-0.5630697573680696,-0.8924788649137908,-0.9637041367270204,0.06970075594858442,-0.33434149767013555,0.7379047243353815,1.2730503662744952,0.52497377255634,0.4187502972107642,0.6257258681051433,0.7328591375280067,0.6470183850274579,0.5692627569906016,-2.3101691517230583,0.9560505872817976,1.2532294182739396,0.5278411608897112,0.1183746877261632,-1.667196239857252,-0.4663429234512704,0.13530082916802666,-0.32528650057845804,1.2381447027212884,-0.22322686969398656,-0.2936578254542692,-1.0391834600869558,0.0,1
1.0366720387006658,0.6290971274650968,-0.644580114425079,1.2349484701424032,-0.7596849201807453,-0.25477035954872385,-0.9237565939094582,-0.6000217626612884,0.181621979398036,0.14892364412783005,0.6432556772557901,-0.18062641473415092,-0.31994484749641755,-1.8092633683826875,0.7416113745719468,0.6955528622054375,0.8580117124458371,0.5885612869464582,-0.17879265368190886,-0.27915668865709165,0.5207256912704609,-1.698632045769889,-0.7884896899479132,0.052763923409401815,-1.5927440297017987,0.7672980678531068,0.5662473349198972,0.9350211159208416,-0.6734240934905754,1.9397956807642476,0.3551153858318968,0.08243067919421919,0.6940242218655719,0.8968316841455158,-0.8329597852618761,-2.4240478077784875,-1.1059739645196576,-1.1825288458266985,1.1486682221844708,-0.6434278534066452,0.9426259030694684,-1.1288091685903487,-0.5372362607443066,0.05517852422744187,-0.9603320245149264,-0.7171278446762395,-0.8247539221319375,0.6147827779548073,-0.6943101389186149,0.983241946974063,0.0,1
-0.4539624506713833,1.1852663343685002,-0.18049745208368925,0.5788649525714084,0.6484549469109713,0.9064795704789854,0.3335380634091921,0.18515138475993853,0.4191532317346384,0.491460709738299,0.12297367779862098,-2.1050984179725427,-1.4336820683157252,-2.267442695244641,0.6004624503649622,-0.19150657667629647,-0.1253829390925365,0.05112838869803691,0.0944954357339553,2.194379527816404,0.7025298485168596,-0.1877487544080644,-0.41538555572979735,0.15552815489173213,0.21947732944068934,-1.0956790408776709,-0.8495492053183203,-0.8531886746546474,1.476067805319362,-0.7486634465251639,-1.062052998408561,0.7789744784458936,0.05292790142553784,0.7029069457339087,-0.6376848254209844,-0.5583297859257323,-1.097290057513227,2.758771519322712,-0.3398626012788024,1.9131586334771349,-0.8251632482814563,0.4972730464893773,-0.7832196399569065,-0.9068970465795312,0.3014806925283013,0.07483850865771219,-0.6453688105148025,-0.470491376000241,1.0162903869738191,-0.04864253363876203,0.0,1
0.1269103248930025,-0.45836031796519,-1.25721712714445,2.4876955044131583,-0.3416163545117556,-0.409798385435582,0.5232621406827195,0.046014803121266885,0.2556632147414528,0.9577826208570482,-2.3637929994232256,-1.3896000563072723,-0.015006362541507147,1.5104860789688852,-0.31821320586222834,1.3985415846692415,0.4124022896516039,-1.7033141112773216,0.4189715297851311,-0.754538020967779,1.3734052242400991,0.7361381931115528,-0.3608855517914634,-1.9483494734795368,-1.2308439686531834,1.1903254903962508,-1.5288876345560545,-0.23329290633759,-0.23070178259800095,0.101005646215724,1.1949962568877293,0.17108766289012062,0.061747764713547676,0.250474428013021,-0.5011942325643379,-0.1170525212529568,-0.0007957214709871822,-0.14359893574236687,0.8667680573280591,1.17421323626864,1.3577245765559922,-1.7371576639281878,-0.26324151062559603,0.5240535423164704,0.6592532994589356,-0.13695252987027434,-0.33875067865321284,-0.9649797890693173,-1.8805127921354925,0.25804194904824923,1.0,1
-0.6537935940169882,-0.8033832713052464,-0.1836000766901074,1.245008001778383,0.5728670821123076,0.2002924683734486,-1.7974424721131217,-0.7028821664643701,-1.4679857372846048,-0.8467388913731219,0.7982767223332737,0.12283952432635233,0.13320899675550105,0.8788673774911957,1.4449150049849404,0.9882669685367932,0.2684722934841792,-0.7559344297452764,-0.3015378375714705,-0.056563330639584276,-1.0282560260464515,0.8256941723115964,0.6523109825843225,-0.4168503044103779,0.7380896578044767,-0.23639433899158666,-0.8193862788073284,-0.2997118334502501,0.6325408489771761,-0.2965424080938672,-0.7388152282921511,0.5851572428387286,-1.6399441001682329,-0.032415176353395546,-0.3000073640420013,1.2128144743713372,2.1322507138784,-0.4753575911054107,0.15812053520095495,0.2759818597472645,0.09356041932818726,0.5357786086663979,1.5701058986870997,2.334710977205157,0.7115958322118957,-0.15343819413272572,-0.5491206752108667,-1.3522113847962538,0.3279731329421112,1.4585902971942613,1.0,1
-0.03560688635403733,-0.22661280635634914,-0.5579506410635899,0.6434438554709853,-1.152715943210887,2.097127856960388,1.0253143711538928,0.0470687405657695,-0.17775170949131516,-0.5876644442265955,0.3503271414447225,-0.1804800474443952,0.5879865149694739,-1.2069672692451179,-1.923323625248756,-0.2314862364918309,-1.0171237285438737,-0.4999292804932373,1.2522872173706077,0.7583552575082644,1.6108321344072332,-1.144772987920318,-0.8176358982120363,0.9731418384109398,-0.3279409017624217,0.3681855734238209,-1.072239260056329,-0.918336636823616,-0.15231069466808106,-1.0175759641217499,0.36692813092584536,-0.1848005182948216,-0.7886676263561524,-0.9439224577196758,0.8961960158495976,-1.9548575986659589,-1.5890857128560096,0.6293125316431543,-0.47852068844543605,0.6445326096687616,0.8610820708416315,0.4342407174396392,1.2406293215817807,0.04348121328243373,1.182980925858215,-1.0251752028318128,1.082310828840272,-0.8315085860949559,-1.3933398221459128,-1.0635034790377758,0.0,0
-1.8567518772220932,0.6181218113154812,-2.085502368871311,-1.1035125786575977,-1.4513522828751246,-1.168604921941925,-0.058544048318812526,-0.4878406500797458,-0.8611601089169618,0.15394690915408338,0.8167188227722577,-0.93088608254424,0.5996088876223289,-0.028257394741752713,-0.4938311079432071,0.9522827267387082,0.14551576813539352,-0.17687002868248367,0.6067867731623463,0.7440473995533547,1.9150096208247056,0.6643496242976694,0.12410696275059635,-0.7761731566955241,-0.4998203757316854,1.2759719654546355,0.6534202675842224,0.13620283236104472,0.6967804448597698,0.047690806528823806,-0.21287108405326613,1.1602449662308552,-1.0106656149987223,0.9981409013062592,-0.7482462793098361,-1.0140731954672222,-0.5863627004140601,0.15854473651068804,-0.41995701271475694,-1.1768914225780571,0.05268321098019551,-0.2066530910674645,0.4610606597379131,-0.02752426011978461,-0.1444447516815458,0.11874320654391682,-0.7730648582076574,-0.5966886592507158,-0.10415902957115858,-0.596203481199914,0.0,1
-0.616513751662683,0.6323738568564646,-2.1698277431390536,-0.4752398414908817,0.19320463171535415,1.0785537220702728,1.1548503623082402,-0.4760627650713832,0.26588810574060684,0.108156090408468,0.18444781898897009,-0.4093648899715644,0.3095355058013281,-0.05448883187293718,1.199447335255564,-0.5582652402871383,-0.2426635120961417,0.04527521453183296,-0.4715428722478832,-0.1266566458092406,-0.2819045947127078,1.637852071829466,-0.7350075043811369,-1.1373297406454854,-0.4247951411086245,-0.15774982433386334,0.5107796972219871,0.13048355819920718,-0.7972029491102807,-1.8800940424950372,0.14583502757346808,1.7471328728280666,-2.275327196314415,2.3129971402421887,-0.6977758362848007,-0.8702222244856987,1.5562172392576503,-0.599873826871147,0.6177037233716332,-0.5859101782346277,-0.93165797837438,-0.7322667108690971,-0.2480928353820197,-0.8740969615939546,-0.056183600566320165,0.981190149937382,-0.18783584244766616,1.1882532174732892,0.8375711505468719,-0.29983002073569165,0.0,0
0.228384012749501,0.5648069614994111,0.2922061444977675,-1.5914364454768268,-0.9792057162690913,1.091542054356756,-1.6352334991115829,-1.58491172342077,-1.9454877659282932,0.5981253979312047,0.7406942065960662,0.3660088612153752,-0.7687417478887499,-1.1498723760879808,-0.3002696613627507,-0.7490816109062809,-0.7920043834342995,-0.6158519036660163,-2.7304754230268093,-1.0175146499652643,-0.7063344280094283,1.0793204660117597,0.32857661900459645,-0.3809951291710933,-0.9406884649216624,-0.8422375273008751,-1.0834233320081266,-0.4941677496070409,-0.3329028050221061,0.2142715203445816,-0.13141721015917196,-0.1274889460208713,1.2443974968463205,1.7753217612568877,-2.575291810201194,0.09366868400901593,0.4035451364210215,0.6555912183892758,-0.3817775840373123,1.0933352915801966,-1.896816125460548,-1.1066135306500853,1.5131812029466754,0.14185168410951202,-0.4539218696394661,-0.0818015139818591,0.5417853796989924,0.5384181705012223,-0.08662155247759548,0.7109043386650385,0.0,0
1.7013769933441898,-0.3860184457114729,0.4677138502615061,1.22868002005531,0.9092038544396416,0.8094658064832136,1.5396186504080558,1.0971126301705771,-1.8470560537517184,0.2088832496536641,-1.3679642249468078,1.7228147574462067,-0.7796871218589921,0.42677219758315055,0.4877766960845909,0.5265563016483124,1.19398986384707,-0.4358096007770616,0.04298857019568327,0.4120475582042096,-0.6896713101721771,1.0053688026947372,0.09250309489639226,-0.9831830972264864,0.7195916611830766,-0.3920765436280168,-0.625852570218397,-0.9188441401694746,0.4282173597630611,-1.3395884961132047,0.008262996148259117,1.7821555781389231,0.7371772720244416,0.8881772116008596,-0.4904263775229623,1.5200872753187884,2.2017152300693406,-0.13419524197934435,-1.4985586717088777,0.6059178505499174,-0.6082817610951372,-0.2916644578475406,-0.06078354040669485,-0.6824654378641601,-2.5973263936211004,1.050406253033515,0.890368487121967,1.3119230200130203,-0.221130281228732,2.4442364220860027,0.0,0
-0.6303316282130813,0.031017164813718263,-0.262478110128567,-1.852065940622812,-0.5115308309622668,-0.09480520004574967,-0.8516538514930381,0.5373614902417057,0.5083297938949302,0.3701617940182309,-0.07078990453073049,-0.4567289738059654,-0.6173013483808474,0.9515921196727236,1.125699494122434,-0.7106187216836334,0.5818948294011516,0.40069458723756907,-0.6786088645448551,-0.4284466875391007,0.16689189579777045,0.5510555868032789,-0.16949115295285966,0.10723820907646436,0.016137132543882774,-1.4345324322275854,-0.5699702225960049,-0.9732727162100738,-0.9565373840790736,0.17579928341357,-0.6779399950923515,0.06477879537735212,0.9981617936226834,0.8332942043585829,0.4923126144685651,-1.2910101083891312,0.914251912344455,0.4482413966997241,0.13888465987705034,1.3696906796239705,0.22544746564703225,-0.12281815202021427,-1.1801923517886117,-1.5339342779014524,-0.4777005784077286,1.0736263030854971,0.22376502688918828,-1.96170575567026,-0.7391863058934381,0.1794863527830654,0.0,1
-0.4789562306855357,-0.2855954743364432,-1.0948215670489418,0.7465381392218324,0.4664898415882542,-0.040959111024433816,-0.6132199456804711,0.2367521350592289,0.007643998341791878,1.531002714395456,0.7150564801973025,-0.6434694213512177,-1.0057541185416925,0.2848102389440686,2.2210656911173445,-0.08147838300008008,-0.4247084518342786,-1.5501932708439818,-0.3063632287062479,-0.005007030738763964,0.037725361432720615,-1.548930409485994,2.106918337418528,0.4965770931648844,-0.4122185844287981,0.4428666277118021,-0.6441900989191274,-0.39141418789685706,-0.23002213905128344,0.3254619964289499,0.16611878771070165,-0.6556666349748891,-0.9443310431432256,-0.8773587869682451,1.572198913189326,-0.7153968732774268,0.4939976892981979,-0.2837936535218949,0.0818471693668235,0.7583318232422657,-1.3872570181426762,0.8874357873703128,-1.2420083195092917,-0.20222656765885255,1.8668252930286129,1.131515015460855,-0.03360896598104116,-0.8324552999296911,-0.3452150933849055,-1.0165417487710164,0.0,1
-1.1410727910071172,-1.0046551764887703,1.0285522016708502,1.2266931706450088,0.6110368060449917,0.5856917426664388,-0.2476953618771311,0.7129676681460085,0.6615725284917712,-0.04411983149910155,-0.20539553412330608,-0.08038572021641535,1.7769405185524878,1.0840935798628353,0.1613687204346339,0.011768800262890221,-0.5985971532126021,-1.3185525209268356,-1.2351585525277202,0.3146554053374216,-0.13638968047783329,1.1404962308645612,-0.6147248096455279,0.9577685770468348,-0.1393521451983192,0.3297862595746815,-1.3363807887477108,0.1994323992833191,0.1747921456318543,1.1564335985559602,0.9312028205083686,-0.2951159692737074,-1.1444346624181088,-0.04519738111965136,-0.779223963040612,-0.4190351838470156,0.4827023406535153,0.6142459811096966,2.679467060179291,0.8889288572506374,0.9799220815126312,-0.20283532064946902,1.1760478265362289,-1.5157787570833137,-0.6223669253737981,0.7732868029841974,1.1870186243500946,-0.2965292684557424,1.360530261086877,-0.32031538296088297,0.0,0
-0.2334553033988151,-0.001990616537367589,-0.3982287789689449,-0.5312336127997179,0.6949532361831471,1.0847659170796602,0.3666937075440895,0.2578935551654011,0.21707247991466294,-1.4933570921736177,0.6210427071072055,0.17381154872526616,0.7138904853398126,-0.4898840434825649,-2.0338313786864863,0.4000421113688552,1.3902984029250416,-0.9663983190059862,-0.3810449561547698,-0.9022530983006746,0.4273455747874631,0.4643556216140034,0.850562645829455,2.4309622424167303,1.1896086237648982,-0.9015532361549922,-0.5360127684688196,0.4534598239090545,0.7196320257594168,-1.9164363700792195,-0.14561495049228632,0.6970442386514452,-0.501611959563593,-0.3575668921649493,-1.6457769906412765,-0.7477377758604834,-1.7198727575402886,-0.17418487455011092,-1.5365024214335834,0.7482985857561344,0.6716268391028652,-0.493165469687101,-0.25445751227243124,-0.3464161594477041,0.2833291281689708,1.134841153322856,0.8640040228322026,0.29108417893264626,-0.5957853704463562,-1.9973562972417804,0.0,0
-0.4941292528830666,1.2241513629967284,1.1627406759855532,-0.9115038035148756,-0.4499585891520978,-0.9203580019169658,1.248798789308016,0.4493428576888147,-1.0000375599444635,0.4820352470696444,0.39054774877423104,1.9928866707773711,-0.8828515081357673,-1.029781388121503,-0.395487513377746,-0.37432955832687137,1.9193320328417052,0.7430064092224372,1.3890510739047512,-3.0118137493822834,-0.6231779917010093,0.31205485632239005,-1.4068388987116258,0.16443833116877693,-1.5808713848017586,1.1046150611010783,1.634508601939176,0.25376185635626664,0.4258227267289412,-1.1473497573443543,0.14400253486645292,2.0340273187098075,-0.04173713872610862,-0.04523033514413409,0.8005843563207685,-0.11986204865874897,-0.32948600319502397,-1.451321218465632,0.9790203262103644,-0.590439768012773,-0.10549440928682877,-0.06045669296856403,-0.619747282384839,0.5862761495477795,-0.5929248600007834,-1.5386630774145775,0.10715409099463838,0.3964142988682092,1.0273018167958552,0.4294349755732633,0.0,0
-0.9860817468461212,0.9658739041861728,-1.5398636116129725,2.1496000542914846,1.4389925775029184,-1.7294008237421934,-0.09605435621306982,-0.3162239231576375,-0.2265117424267792,-0.8812710392798989,-0.05508162012438885,0.9182816361336568,-0.19513317106340575,-0.7921117709944689,-1.7014936745698093,-1.1472899857123662,0.415432276908763,-0.5928748028577494,-1.591370963142844,-0.7721837758223722,1.5211667206137087,0.9286415721612048,-0.2925911478794896,-0.7074477988282153,-0.9534289581782104,-0.6600461543331594,-1.7402312363552248,-1.668104389107005,0.5650008830706624,-1.3049444255589835,-0.3873657657052084,-0.5090935183477149,0.6570197978320135,-1.1420374150936137,-0.7806747585434436,0.03528734590469783,-0.4826299578285286,0.08129518177291342,1.0439100591921977,-1.0878135123776986,0.30322895263075306,-0.5464307018117296,1.0220559476766773,-0.9714633214478424,-1.003592024354923,0.11651241403785045,-0.7059877683893084,0.3119050903904794,0.8530130450663485,1.3061535648811264,0.0,0
-0.10458577911367313,-1.361153540316572,1.4137886011670109,0.43288005977903404,0.18150237552670573,-0.6705987458493173,0.43508198484765664,1.158914122224113,-0.6111890955614668,-0.7060151886962494,-0.5831345670493591,0.838826796124066,-0.6295297364290058,0.8821128077022117,0.540345244656466,1.0942880555452037,-0.29611011642859986,0.2938616622023947,-1.1449568814929674,-0.7352060347372837,-2.019039367273556,1.13447557462445,-0.5403790163269949,2.0242077364625604,-0.31113577374955403,2.133368037774356,-0.3878930538088863,0.17367698378804758,0.7224547137629165,-0.5510859979366973,-0.4040712149270409,-0.0539417310405228,-0.10466232390110164,0.22349714194783,-0.3322603891615903,-0.5379665356684384,-2.3096732081070384,0.6660776594504235,-0.37961393446471603,-0.7014318916033874,0.623375153973285,-0.07901414072087792,-0.10844927401511538,0.4466978688261849,-1.1569419301410668,0.6301594459179074,0.8054908289867749,-0.7238637696985082,-0.5157867760893451,-0.4586252284186592,0.0,0
-0.4957477840921584,-1.4126138795281484,-2.206234823650017,0.3523542300055882,0.7588891776092049,0.596334220981625,-0.6213962521071581,-1.4230498437223318,1.4861230366785068,1.0318460349196517,1.0726673519256114,0.6223392489312716,0.8164949617588586,0.17362695091806007,-0.3270888319587896,-0.4226487360246963,0.7459667647473827,1.6775446904859512,0.1006040060625461,-0.4570687001154348,0.04019241330976472,0.5275214491398836,1.566463986670693,-0.09620233159198036,-0.4882299367726194,1.733633353192379,0.23937935802300364,1.4650887980394542,1.4906090981460471,0.7988013664298015,-1.0701981940910197,-0.5333783129258164,1.6189584892299824,0.4796802083726655,-1.860720298716386,-1.2503843406071538,-0.7155550399793139,0.1028315160716645,0.8947925555825023,-0.446000141180658,0.08066632019919949,-0.20265967939814006,2.0840413251825125,-0.05986962262194648,-0.5299790880189181,-0.1658703670800286,-0.7099423981236971,0.2419438032495831,0.33436949398588744,-0.7112638299223227,0.0,0
-1.115017765614453,-0.1503078175048039,-1.217130821186573,0.047506593331577834,-0.4227367719212629,-0.32723249412479016,1.295338514285375,0.04799908899209846,0.5284012714583788,-1.6108189523414227,-1.5915597417512797,1.2244236559766335,-1.1597871415092842,0.11703510486962812,-1.2445006644300929,-0.9191391766151502,0.6440481375189413,0.04594330306555202,-0.5321336951615121,1.2394142003632127,-0.6254815277070787,-0.10907330041465872,0.7853384512745849,0.2935769653181025,-0.2436742013898213,-0.0800102391701248,-0.4814679445649809,-1.4510229713329652,-0.042642504242011166,-0.3473800914882845,0.3140733431343949,0.3849140879150609,0.9047418947822886,-0.664903436642047,1.5794088699806754,1.3537325047629896,0.2366712338283368,0.06760173164727529,1.3199511468398852,1.3048392945759313,0.4863969791872934,0.5221299173974936,0.7848264497538109,0.13630836537650368,-0.08501329087193378,-1.309302849315123,-0.09126301298062613,0.7397114454831281,-1.1763436860551126,0.181997661554874,0.0,0
-0.9598383148938858,1.3503718435644383,-1.9110717968359836,-0.815615272560273,-2.0299939200458263,0.28886164163326405,-0.476255613407455,-1.879791087024532,-0.3743848513480284,0.5190427645730132,-1.6089262880612305,0.36561079321175705,-0.34967074907826223,1.027240276681068,1.309483207841114,-0.9113251213711524,-0.045104774385316376,-0.13225180015725682,0.3095453198633182,0.3163829293689805,0.18575139303046426,-0.5991445778298083,0.2879052313630393,-0.3446773445648066,-0.6331176568684483,1.5671224121809149,-1.048702101250055,0.6425303554915993,1.3916431087572558,-0.541363211430449,-0.3172322065391114,1.610252015822001,0.609754587332403,-1.3459854696842273,0.8967828302599098,-0.6708070268023364,-0.3844630625541899,0.06561439616218802,-0.9545699087976376,-1.153612325994139,0.7790435270362395,1.5039434367122315,0.017800548117269357,-0.6353072314239195,1.0362156256051864,1.0894753821328156,-0.8016845524088344,1.5255008291811596,-0.31665606399590784,0.7140944253854912,0.0,0
0.3268654816378786,-0.32753518287805594,-0.2184151579207935,0.9439707734466782,1.1984902352997957,-1.151668901696685,-1.5879260884734845,-1.6959025663852227,0.34359682018576954,-1.296518517294198,-0.18430769920020226,-0.6946334837452135,-1.4285413229626989,-1.0516771048358615,0.7920185336609381,-1.3953905544709142,0.39166929850233295,0.5495518392486036,2.408208264626652,-0.2507572167687696,0.2991375521798812,0.5210468883088308,-1.2057098603225893,-1.356579370094747,0.3855179141839443,-0.21485736522411908,-1.2189062753820301,1.5505463446151837,0.1914564851323964,-0.3145879905968973,-0.09500860927275334,1.0007642566409325,-1.898482170161245,-1.5278272583117274,-0.9223427716112992,0.9979389419041832,0.024145411192256463,0.4941856983982025,-0.2285382684943902,0.08471568516537073,0.7171543003528396,0.9550757575401372,-1.2206856001387452,0.7429178695371272,1.1628897613098277,-0.2762854402434017,-0.9192972494298156,-0.036613683858812016,2.627244005033356,1.3119868158365855,0.0,0
0.8861554829247649,0.09731765570934266,0.04098202103454445,-0.4793919858468966,-0.46051148114590296,0.2530557180850811,-0.6699497137299555,-0.18057207512676965,-0.3546473489106345,1.8126714928298329,-0.8862925581942791,1.333436390613985,0.6991595087254288,-0.11211800273837703,0.8716040445529658,2.290791231412975,-1.2755846618393325,0.6043034677202533,-2.3823021788351237,0.5661033555219377,-0.4027494551592881,0.926647829764162,-1.1811884704310969,-0.2416991296407709,0.8197268184890589,0.2869038676145966,1.2913174013664457,-0.08243663880486096,-0.957722703513334,-0.4872171894322591,0.19066581870721855,-1.5788283361185536,-0.2361440614260551,-0.5708424133911465,0.8000226373425954,0.25709974508039485,0.4348142012146414,-0.771915674827853,-1.4869052452495042,0.02945513812834997,-0.7849385276581331,0.7377546272668001,-0.5134490926114618,-0.026661096246357482,0.6069069893267045,2.996169396154185,0.8985832170368139,-0.6141722782580783,-0.15714861424404178,0.3017458789506948,0.0,1
1.034579757628456,0.5643423774111198,0.5248031320855663,-0.12935412020430542,0.027181888493570328,-0.825634676005312,-1.485959019536729,-0.6032431140627414,-0.165808541469422,-1.3343747834123367,-0.4241005291058757,-1.0861940636105911,0.0968543993037378,-0.8740786152285778,-0.936005306565302,1.60101308055975,-1.010217428555396,-0.2974288229176873,-1.184996792151449,-1.2723146489588275,-0.2995739967732866,0.1258441497965902,0.3886825956864894,-0.6669668824443916,0.3188099096127613,0.5923210088536135,0.1391092289163106,-1.6427177913876476,-0.2941020132843466,1.045199900241302,-0.4128745587416432,0.2750785342539699,0.7366739742145808,0.7334813573659531,0.546363369679672,0.7699046893508398,0.055726787452465565,0.2997502004223761,0.5560797330266225,0.5366108217891412,0.15954778760803429,-0.4084251104930449,-0.34136912958407056,0.6049011891847196,-0.7637528719729647,-0.9301131677824404,0.3797393028293774,-0.5920295998677264,1.7564304120983136,-1.128626609123729,0.0,1
0.637762435719334,-0.930908103176953,-0.8070162898047053,-1.1905113994444352,-0.6088227684169238,1.2944452727487172,-0.7970229133414284,0.03842338086695889,-0.16838884591082945,-0.24334615534377585,0.5538584366037373,1.4152715616530178,0.4510634072729571,-0.060035838168744235,-0.4219080076821587,0.0374504438503666,1.1461014654472672,-2.1271064604544168,0.1548603783422637,-0.9943000127861176,0.928989705298286,-0.5242409040945855,0.0638747009150961,-0.6038289218541583,0.09961031184557312,-0.04323904149573155,-1.7231396543352375,0.2437255488864732,-1.2888311030495403,1.2091355857656438,1.3503893812599943,0.8843532827845056,-0.09904268413744237,1.4428088435978883,-1.4835775626445515,-0.11162083490307326,0.19000825026133794,0.2480353296231225,0.5133698803280372,1.465356969113559,-0.4743982798514542,-0.1090098511667851,2.104234129899337,-1.745302826244299,0.5891644604066136,1.5068611874415472,1.8271944770123711,-2.04971374587711,0.5081671977571598,0.6732997312235885,0.0,0
-1.026994888846545,-0.07068749204198123,-0.6895830368395077,-0.7832006995394477,0.5473307456923948,1.151716833218583,-1.7291453581733711,1.1544840747407028,0.3696135712422805,1.7261085999740868,-1.036702234805741,-0.498113940453484,0.6868039986127595,-0.16786844028977316,0.17585177625105675,-0.2576429742380037,0.5449081923436944,0.3361738750212145,-0.2970521047422066,2.6389176491410877,1.0362293932744,-0.1433787884900369,1.3142801900300836,-1.613987402551824,0.42812857876634586,0.4261614672770835,0.9530117005065086,-1.5443143077968275,1.157466608695905,0.9242186448428183,-1.1934209822948292,-0.2698953118990517,-0.7071415206403178,0.3334274385254723,-0.307472267550408,1.1444736170420375,-0.637585239559846,-0.20057271448989225,1.9383782853144869,0.5554950595525864,-1.524104404992756,-0.7112226127031558,-0.3227581681405408,-0.6482775821030211,-1.4066396021061247,-0.4460946965273478,-0.20449830524369025,-1.0406790126476533,-0.604852348681429,-1.1010723352210214,0.0,0
-2.5169280768182407,-0.4865030918299701,-1.7939014149643715,0.29776509956721825,-1.8831003069003347,1.9483938544867088,0.9272310819868343,-0.6173762389530241,-0.09088619705873567,-1.144054649685846,0.982586140082714,-1.7082632155959907,-0.9609828082173432,-0.7399498720116467,-0.008827862469986566,0.19620843238670824,-1.5368299073222664,3.474039351625002,-0.6195876384579535,0.6271934596317835,0.07317343260465953,-1.1066189413612664,-2.4880326188691786,0.8002755933029863,-0.2438636945197379,0.7461181398339984,0.5276934891559427,-1.7270543819827249,0.16625391324691496,0.6010629790848537,0.3539783815418543,0.9811591244718488,1.690549701983414,-0.5836666323953257,0.003046695653645318,-1.3179644414828833,1.4317298276780268,0.6984303176179866,-1.4479407409479534,0.14453022085281808,1.5023218095243749,-0.37511641850430144,0.1477744414914573,0.5471280854370776,0.08839069040247992,1.2018167911325288,0.5535641994612617,1.1865886388655815,0.3457308727261407,-0.989567142184055,1.0,1
-1.2265396429514588,-0.6033990501936011,-0.2391159824500161,0.055077676132726704,-0.0015608458916812735,-0.7929000057139944,0.5976699027939164,0.2940342080957313,0.3785685597843227,-0.3187364712924426,-1.2439057389304171,1.574965292794591,0.3473534130020896,-0.18194882142602656,-0.14991538549151145,-0.4060581182149899,1.2667486496860012,-0.9664363440712926,-0.08213203358489833,0.727318312386027,0.358376652054656,-0.8993262526427368,0.3352149339633029,-2.4926775625438937,0.2823707373589073,1.0512763299318415,1.0065685211829636,1.466099862041079,0.6066366440877843,0.23458250522192306,-1.5335116511024485,1.458619169984975,-0.5703854695431546,-0.8894687885177844,0.5951089903262626,1.277585844232047,-1.1867323632967584,-1.0948306242303083,-0.026010147977689902,-1.2006503077534851,0.8811251648539614,-0.6230847688732136,0.01236725256927428,-0.5802488228157483,-0.7894902463725987,0.5893426231975782,0.3818216368857046,-1.3879843719941491,0.005411937564067879,-1.1407829600683044,0.0,1
0.20978591505408706,3.077722425147258,-0.4712317845529352,-1.118250662587902,-1.5584273796970654,1.2916417693444708,0.7694536431279164,1.0242088976027428,0.3227683911509181,-1.0382807089297632,0.7627870254034531,1.6779492748759164,-0.2391067110256621,-1.1392085694962804,0.4561414548053779,0.8824467565593699,1.2916225661287486,-1.1925459597596708,-0.2001023909594264,-2.086900600013566,-0.7282797788742711,-0.3224413674173369,-0.02191175497644088,1.0690421213826555,0.5060188286427212,-0.9338731173519904,-0.054909883085966164,-0.8694148751444489,-0.4618934802895964,-0.059596236613700775,-0.485695430646121,-0.2453151521702968,0.9060125960131964,0.19125857474084487,-1.143589997076421,0.4510114684763493,0.7844897718706855,0.3060782339695671,0.04777048413927923,0.4536114925837605,-0.07575301440550583,0.0037104528998549227,1.931686499559642,-0.08696045390379163,0.7942611861410667,-0.061218011220540436,-0.14343577604465538,-0.3007354937495545,-0.06845135503523571,-0.29762630925496025,1.0,1
-1.8266208759961824,0.06210030635263743,-2.065594478907197,-0.10764352702993947,-0.5461049491344767,0.4740414320964699,1.1748719273232864,-0.7218657518103907,0.12621857840993286,-0.03370453083699422,0.5168120426458608,-1.5315410417028463,0.4158887322440815,0.07359232910538492,-0.8722320602110268,0.817855513194975,0.6152848782527078,-2.2763783885866,-0.2966542872645008,1.3570363435552253,0.2813708156151903,-0.5260740370696391,-0.06447376811431851,0.6891053304611238,-1.1913959607349276,1.5304089926767164,-0.8731044705019676,-0.8706120421427329,-0.5970468046730271,-0.865874086844043,1.9880103258331996,0.2672112175032509,1.3792614610203826,-0.8391179870627175,-0.5634827635875012,-0.3888260353355637,-1.1758717895035686,0.2218844884628989,-0.5814157390318498,-1.4241759405452965,0.2439854389042349,0.3058138647472071,-0.7032613685515071,-1.4876419149246842,-0.8358223901158236,-0.7713705258478052,-0.15678248848259654,0.7127899810897187,0.3324570207650609,-0.03969258186128815,0.0,1
-2.0264839938225427,1.1385335719764431,-0.988497784516556,0.4230002573084144,0.4874432955505074,-1.136588080890064,-3.1955128612963977,-0.2627030104183179,-0.13762920846276047,0.2671107079665185,-0.9572346003800768,-1.0403678484029713,0.2194964786222008,0.4641135741535299,0.6891874442352204,0.8628516973729977,0.026026470493936468,-0.0780999183488573,-0.5601878343953345,1.363065683043622,0.15872185282342116,-0.7479801513274207,0.965500660844582,1.8382371539319284,0.2698861752344667,2.455010658216427,-0.1309667619108327,0.6953277528779697,-1.2314201933084,0.8701974130066173,-1.3183930696392947,0.14192963987541304,-0.9751452812177146,1.7027106350460317,-0.617774717332181,0.37925062478937227,1.1870072818564619,1.1951744453588486,1.5272414153409453,-1.0550072910189403,0.025177476309897612,0.06926818053858838,-1.8725676909027675,-0.23778698177628185,0.5689276099101851,-0.542994577219589,-1.0138864415492244,-1.3370149175647956,0.8042457823058312,0.4145529751264157,0.0,1
-0.6087429361090073,-0.4381506215138353,0.4463268755858028,1.048530882692546,-0.28969489436074075,1.2722602668633012,-0.04228197597225635,0.6638157271215332,0.6662028169219337,-1.2630482617582992,0.4753646170555005,0.899240508922864,-0.6966267460432631,-0.4061852820131641,-0.8392937332577717,-0.5848170238822655,-0.7309805819984877,-0.24479573640005475,-1.0893921873223666,0.503288834247171,0.4102186848148943,-0.5024605644315315,0.5412399153756522,-0.3677766755318296,-0.9532595911525082,-0.07096394562028646,0.09120573804453752,1.4185467075243892,-0.5591731217594942,-0.9746280362241756,-0.7706702206543499,-0.722675595418744,0.30580996254319603,-0.947228578546684,1.3374483848792875,0.016139718649821225,0.713225324987019,-1.9047881032791107,-0.6151467403756384,0.3242639221250491,0.5419092203661465,0.015633984137705042,-1.9037685904213888,-1.5206303503697811,-0.5393790940337866,1.207136185502498,-0.14691936758360472,-1.9904090600148068,-1.4904953174391973,-0.4005301559969029,0.0,1
-1.4656615487337867,0.3770741405685172,1.101276687159672,-0.9701327761736704,-0.7053925532187413,-2.2272266682786337,-1.0818078558979758,0.8159632885644003,0.5112756242593297,0.3935428062578093,1.1142732237931734,-0.7362713821028168,0.543757697889737,-0.20437217302182276,-1.5312511510965,0.9667656838783014,0.8197010092062101,1.0655103126355163,-1.8735515504725184,-0.6263856569173624,-0.6266275638179281,-1.0168796024660245,0.5107734704198051,-0.5358084026784554,-1.0770094510171369,-1.9637980701099904,0.3615706982754775,-0.19878418102357046,0.13345062729625218,0.13795248598235424,-0.023519643695849975,1.9105645579683432,0.509463524784774,-0.6436230459734971,0.032427880599584444,-1.2249385411979996,-1.1253130334231003,0.8141618062585645,0.3226620053411556,0.9817878403173872,-0.8762989133101035,-0.6621044739033449,1.997122200531164,1.1576311822516168,0.1388378711772746,-1.8360214777412576,-1.4089444199502217,1.6446393836419038,0.8820164093443598,1.8298108354981857,0.0,0
0.21523899867350807,-0.3254763662897473,1.453475431123909,1.4462237695510471,-0.033725464206236025,0.8394896157122964,0.2341458242143745,-1.0537521662709242,-1.3437388724160066,0.6169591415115692,0.4066375963028567,-0.9502754019161332,-0.4899912675024312,-0.08403601219163565,-0.237129935913198,0.7719689476452488,-0.08494180500095093,-0.9666930697193734,-0.5315037940514069,-1.5377009747225794,-0.8320355037903581,-0.462989147038371,-0.27119917366115376,0.3420416830674697,-0.1706995073930525,1.759638893395921,1.900594067443118,-1.8066231057204023,0.13225509532200475,-0.33342288521622393,0.3384982980509973,-2.6031081220809082,-0.3152353868410069,0.11992330715635745,-0.4957766549287421,-0.013827405616153098,-1.16612678492452,1.4552378165629638,-0.823487876443751,2.0442941676663993,-1.8222705150658731,-0.9206183913376802,0.07578349795294757,0.9436858972271828,0.6733190996908618,-1.3551817970580622,1.2760374343007392,0.28334072999954873,-2.6599545516699585,1.5455243806319898,0.0,0
0.5301999845904113,0.5359375174276075,0.20991321096855334,1.2575248942507846,-0.516466605081698,-0.7418867664469464,-1.2007746929838468,-0.1357448621152481,-0.7847515528914574,0.7462580229324953,0.3602862341262813,0.009484239425045421,0.5244125096802299,0.5505329737280922,-0.2474140576046997,0.6337415957205773,0.10069844782728392,0.8894206969492202,2.0693846690577864,-1.3340820007709986,0.6843284666679549,-1.708127404458266,-1.5585109644315436,1.462169301469821,-2.0058327514932874,-0.7214408113261861,0.4514760310231498,1.149306610049779,-0.3450546938637632,-1.1190773039874953,-1.1832453726630208,1.2229526272617204,-0.9008631802876218,0.6270555969226163,1.0615901327460842,0.16876339465631082,1.0151858166126329,1.849350646626712,-0.7212246479894617,-0.5779654252676103,-0.5341942536424081,0.08861340463667383,0.2633646054950437,0.5008551385077519,0.3925685097203876,1.6292650129202493,-1.929940732594436,0.4815176163713791,-2.0733104187938887,0.4968659147363412,0.0,1
-0.7893148181813187,-0.005910978575116632,-0.7206563480578715,0.6698088149251762,-0.7488423373815739,0.5489666229520841,-0.8620302134531508,0.06195103118748721,1.4116787411616836,0.6849520579761975,0.8764768425429521,-0.3820569017981073,0.5721534875096496,-1.07773045361589,-1.3491446188264031,-0.6805188643255015,0.939610429391584,-0.017127549356382204,-0.7068016352827979,0.8351562682562194,0.01464081539675211,-1.873956027809425,1.0532975130819655,-1.6907371142432588,-0.2408067692700793,-0.3432570149540232,0.5236145724567249,1.3157478890523644,1.903615513635668,-0.6427616956722288,0.30652530098453834,0.8807706859446002,-0.3245624236754847,-0.38830925636179603,2.475675638935521,0.9745065662505856,-1.419370962833989,0.7787149462376677,-1.9043758685191896,0.3032868667441105,-0.651172085657631,-0.0951315981885238,0.042972397096666164,-0.8829605334841024,1.5063054158186493,1.371636949887203,-0.5342332677420277,-0.9863859939196088,0.8113504652993688,1.5288227576664468,0.0,1
2.308463034561889,-0.07719718757705861,0.3694728917469117,-3.2214313892486364,-0.5135438609092371,0.4612505682319858,-1.0720000960969722,-1.5270831095429744,-0.14068062302548334,0.11538064053414693,0.2918517596535821,0.006719562446463276,-0.4927722318081784,-0.4428923969675229,-0.9996772494236592,0.22867877004298445,0.5410545814936779,-0.2977273500325756,1.0401811650292712,-0.7969134977719258,0.34155073969323024,0.37472243270747296,1.1486977945737686,2.750950224650072,0.2669762556746302,-1.1837625431842485,-0.4206164792339486,-0.3001884775537335,1.0155294113514874,-1.4422578921150058,-0.24245846737775645,2.1559586557070456,0.14772584240669878,-0.7331936905838771,-0.9658977584347694,1.1898446878516054,1.234344362405938,-0.1887043297895639,-0.4146656411762719,0.12902929809078298,0.9273100696154984,0.4517556130870448,0.7440558001586037,0.08103824943212219,-1.9995858585875783,-0.9686626356940716,0.06853358465518021,0.4182394390594673,0.2412833838609617,1.0490826911866105,0.0,0
0.18921802662537854,0.6784934592052182,0.1923380379620885,0.6043716353399988,0.7561574771161261,0.3693175619107415,-0.6020354465837804,-1.0542026832266642,-0.4499977803150391,0.8794799029765529,-0.12391419465046985,-0.5079635723644325,-1.5967665082682574,0.5572514107481448,0.1063048949071091,-0.25159143824294383,-0.4450998686547128,1.1384054685613876,1.1028594445621704,0.2132165803597988,-1.6063750939070982,0.5474843147175128,1.0460929830374899,-0.7573673813637283,0.7368336905737718,-0.4280219402616332,-1.901747929693048,-0.5393894416436371,0.8457206964167551,-0.6120419744272069,-0.5488956357466345,1.6009019403801212,0.5377585965246358,-0.09490453134021816,0.2598297252007281,-0.5679709512441029,-0.9436029033030502,-1.7729777476072754,-0.1185206355331314,1.3535028370139752,1.1769317066270937,0.2269901318009868,-0.7256588393735055,-1.2448177910192129,0.13280610941086038,0.28713869610297393,1.3637702814954893,0.4550910139770661,-0.04329135378020745,-0.5465814422846648,0.0,1
0.25122875412231244,0.2285831821927295,1.00134838733257,0.6986052417552072,-0.05467335431017751,-0.40630888613263627,0.2431669183998584,2.8673460689245465,1.7109395256685462,0.7226508246466338,1.431494050297074,-0.9967069977015132,0.631129382603766,0.8971009524177205,-0.11984200725416005,1.4999331445697013,0.7898366844169256,1.2430355019777088,-1.8550720901323228,-0.29234065382596136,1.497261764596144,-1.0959807299956934,-0.8900435035583267,-0.07814999634472737,0.4756257778486051,0.047238260072007696,0.8291615186458933,-1.087365959666003,1.7313748113227918,-2.487879355165909,0.6748173995627199,0.12210851128063127,0.13038597778697464,0.13007390391597418,0.6863401980846028,-0.8075278465089574,-0.5415180382233955,0.3948751228705766,0.3645072943768541,-1.7430940697676705,-0.6675769277392407,0.3925066602913884,-0.4909207505961938,1.0541215133723871,-0.7206062182639823,1.466114916361334,-0.569984890520897,-1.1709826154639909,-1.317752231625588,-1.2799427811565711,1.0,1
0.4659414669621978,1.0207840235568886,1.3027034238891295,-0.476533937670666,1.6849001329382949,-0.39847260244618493,-0.3779917509219278,0.10203105336511802,-0.23367744450166156,1.2775255493790556,0.10870014186587544,-0.2796214209951852,-0.1651677684992974,0.9875875463462892,0.7834218831679584,-0.11341935059795274,0.1704004415180104,-1.1982457575640602,0.09481073749728006,-0.019453162434596768,-0.9563639615837908,-0.19913153674352976,-0.15940940010029425,-2.380804534173181,2.0065218318327616,-0.10575978510020248,0.3198541773957163,-0.035089385919489444,1.3114934563703828,0.3025133887875954,0.01545205596360226,0.5924348849568958,0.10117996472375088,1.1734388333795625,0.3077172047796912,1.9453742015829016,0.1712846331245372,0.3103829171995441,-0.20671176762448976,1.0855825924754536,-0.8174078416812621,0.4071290056507821,-0.7255333470849116,-0.1975349852442765,-2.1908252769244747,-0.1428336038898644,0.4541327403314659,-1.9206843114971328,0.4877700577299967,1.4608006638648263,0.0,1
-1.219822246005145,1.3408073185911789,-1.5478895120610126,1.9600760474828929,2.3723665322611542,-1.9390426896798365,-0.13506611837001484,-0.3400623473686756,0.2301514725123424,0.6544076317061963,0.1828417250817186,0.920911507883434,1.255696924039314,-0.5453642252709567,-0.1517860853623129,-0.7292682702658442,0.5285641724112745,-0.3804225563681161,0.17099835888407713,1.2769674865030067,0.695875391981405,-0.03560813544985874,-0.4784048787185152,0.0881628652701633,-0.3931468246967457,1.671950727000021,-0.3453489896592577,0.3909823806158994,0.32383019873495306,-0.304783077566778,0.5948835960885843,0.5457644414780951,0.7341753659668461,-0.6864670449880799,-0.15950038801019248,1.109905656019,2.071818771426219,-0.6873739187942205,-0.3314019232077505,1.186773082429573,0.6896663270325977,-0.8250354203930697,-0.26923588907080304,0.6406153906546431,-0.04980121564436446,-1.0447851575888776,0.7603072373402057,0.1061623607121445,0.6665876329423912,-0.4964087111142398,0.0,0
-0.26145218122675834,1.778975316217648,1.2965861057960275,-1.6748381936657406,1.0601278483825092,-0.8121118798841264,-1.1040163584316691,-0.4333516148693624,0.2890065663301295,0.5341999311703696,-2.69640735997976,-1.0655920411332347,0.8963837188565205,-0.4573805269886958,0.6129557635996022,1.0482416367740743,1.0368342009374862,0.3896123810248645,-0.2482168264672689,-0.006721182930073828,-0.7610156630692876,-1.3589204351374855,-0.0015235959013736335,-0.3808982163297424,-1.3077855463652377,0.21006650382705144,0.8671917191902841,-0.7579389460731966,0.7439918022396373,0.6304875160270742,1.2805605456731641,-0.16882733678282205,-0.5750080430243747,-0.7670829573778698,-1.205310456869985,-0.2495894941165399,-0.4700589486322898,1.1662727783350018,-0.12371663661588995,0.6641327605749265,0.07333356348429633,-0.9800636388744416,0.14481599807330073,1.5916205327093256,-1.000673961247923,-0.250969711433056,0.6719830147530588,0.21176488325964554,-0.19519403256039924,-0.659571119665124,0.0,1
-0.09069406557202166,-0.3981156648414632,0.7258135233590703,2.5141172054094745,-1.0130067900329187,-1.0735989000035422,0.1671602599273153,0.2306569242957932,-0.6084397550954644,0.08228560130300458,-0.6680781549656611,-0.6691621075833389,-0.7712130942608991,1.3838882169616693,-0.7799800208714153,-1.544210622393994,-1.154715087501179,-0.9609757713083632,1.8220521171316253,1.3011721971355437,1.4989924694050756,-0.4194769044077231,4.033650326378823,-0.6604785622300204,0.010327325350495535,-0.15223644776955148,1.6318208888144854,-1.0104017805995764,1.4708547802929486,-0.05125587148113304,0.9329678649756626,0.052756600677456064,0.06892058508895857,0.4020048890852193,-0.024348407434395127,-0.20252890817966346,-0.15389825967262075,0.4036915484160551,1.214077432453892,0.12285826818441192,0.4615296198401436,0.3261689476615741,-0.14282906055900274,0.25949263355240154,-1.9697783381000349,-0.3897070711473026,0.3937232971677286,-0.8395738828972351,-0.9529947509767822,-1.1467519096540832,1.0,1
-0.9739982158482248,2.2483256296525966,-1.8247559069525685,-0.9930693059740932,0.4489195419738903,-0.04556788404152468,1.0414425563632759,1.3658117209675904,1.5549263744640909,1.0560796670346717,1.2788060519947342,0.6698968747156917,-2.187184925080557,1.0931621388219757,-0.04606160801539829,2.224857714686609,-0.6971457170214052,-0.8524601108474955,0.5327097461594698,0.4449075788613541,0.2431978488944091,0.16636183135120042,-0.4568408938902602,2.467441436902674,1.2492791208511396,0.6425773144229739,0.11077918046833468,0.379665195477718,0.1530344375894208,1.3911804010021425,-0.02974977645706562,0.5065329088554444,0.08686580116210063,0.5464594583055951,-1.5443246429861641,1.4955175208426308,-1.0207119703443028,1.1823693603627523,1.6234823279092108,-0.3221864558443189,0.949159147136198,0.10117219199470526,-0.3114795910180613,1.974003733267882,-0.4137958481627893,-1.4372934976781917,-0.3954544300331865,-0.017006951175626558,-0.027434345601460543,-0.6108214060320948,1.0,1
-1.3729658816106372,0.2549169132523682,0.20504088587885064,-0.2723431723582577,-1.0896928831792343,-0.6894990297040703,0.16140584743901354,0.9641084704725748,0.4663759804213939,0.7383035666563607,0.5003349992973065,1.5740999526393444,1.4310151485599731,0.15157426815937558,-0.296991523857692,0.8352098601233607,-0.4023989528250324,-0.15621787686062238,0.3244079101154354,0.003929678232413262,-0.6792778038245088,-2.338629031722257,0.4796733623234442,-0.17885281409476916,1.7041057093205252,-2.027317177886534,1.9610968362905272,-0.1621165660826919,-0.046702394337391616,-0.34122940482041564,0.2725871087396705,-0.9875902518395296,-0.11408746356758373,-0.8722175239879707,-0.9490671812513366,-0.6302063175939655,-0.5408767222265585,0.8526526622057516,-0.3966609462012022,0.4908169655764845,2.0168566089350444,-0.19098344325820893,1.4675789275540867,-2.639889733919472,-0.6550689605232908,-1.2686796555721656,0.7211611987707722,0.5459809441249297,0.1716344379871289,-2.010857079296879,0.0,1
0.31602026031983343,-1.60353072509715,1.8464842188535808,-0.19956825066538006,-0.0245998324733874,-0.0824330135361026,-0.6154160301518711,-0.9183300077821376,0.9159520228196008,1.9570978353424264,0.2862018616710305,-0.5391092696589764,-0.43587525875113897,0.3841665167763757,-0.1435212073825453,-0.5639610718586368,-0.0868539376318926,-0.466615343167129,2.2234305343133807,-2.0917225538835647,2.7481168160065192,0.186453575594825,0.6142135673210423,1.7425494974798892,-1.3222574402975706,0.5871290401399251,-1.0008447960440916,1.5831034933595671,0.8742453730100882,-0.25907250760087003,0.3117631562526109,0.753740724206119,1.2321197563323525,-0.5236296358815549,0.4718027893789397,-1.5237282539527743,0.5375057928797154,-0.0008028362414475148,-0.6813054924158705,-0.7698292469230621,0.659319034816345,1.6656463633850755,0.4600557279403725,-0.16311309528567,0.13396918893417087,0.5855641924806636,-1.7127656101756596,-1.7976379680641417,2.3657659153353467,-0.3908428123863821,1.0,0
-0.44228330852709147,-0.12065157882425492,0.7763200853714681,-0.4388029818126007,-0.0279425620790606,-0.3709077528728887,-0.32086234571658306,-2.17500276626849,2.6035491596865445,-0.7614051201228839,-1.1075143569456178,0.6092414865773671,0.8181561446610636,-0.3453034259245687,1.0184516298874533,-0.6680981529685489,0.01600930366345777,0.7333667473754711,0.002049217493771099,-0.964608620940518,0.11762508258293244,0.3061281279597816,0.28612096180196805,-0.1485288957081782,-0.8061364122485336,-0.1894791628597416,-0.5176657366601752,0.9034607450792972,0.0618325193860508,0.10936662572279207,-0.8950735843921952,-0.0948203940627382,-0.5003585447442612,0.3447821595215383,-0.011431572595339029,1.7815539528428188,0.6430530194355889,-0.9309563012292892,-1.2311671712672403,0.10302324785399504,-0.3027559018217447,-0.4303050204367888,0.5889165974626306,0.2809586188589033,-0.2922320954074715,-0.11800454520997328,0.7088649169349808,1.5280293797083675,-0.1981176196986435,-1.370544317095004,0.0,0
-0.8027439953711873,0.3151554781911524,0.6015304279422746,0.5718620745604075,-1.2396836050706557,1.8072195374641968,-1.2111123097296117,-0.4668096569117769,0.2486407214308572,1.324678494980322,1.1631184291638017,0.3943258676005632,0.2619308382248369,0.7159554482025816,-1.2026615912135672,-0.686129734375861,1.4974360116701375,-1.1039599898224115,-0.8442371276826905,0.8116188566319876,-1.8215282668077668,-1.0586242443067309,-1.4326355519243852,-1.0351946609624592,0.6878942772690871,0.3287918013974252,-1.1598247115924925,1.4863775905716237,0.8851914320773855,-0.4881732194788836,0.15453401956414708,-0.2665708088812783,0.28595361114494605,-0.3667147427503159,-0.10296644854337324,-1.6918281588391497,-0.18570242904487708,-1.6263102217662635,-1.2247470442094242,-1.4200319710565406,-0.6648095688132359,0.2212582635702164,-0.4008244771400915,0.319175086757313,0.8854606077231058,-0.08792754450509054,-0.3160913664802189,-0.048346457120535716,0.19781820071850212,-0.018247584626192314,0.0,1
0.13321263355277144,0.5741326104321941,-0.3383758388630191,-1.0006670880270307,-0.12264935349191372,-0.10147426030145228,-2.2413983338322425,-0.06647160091068323,0.6740682650030487,2.043957115777498,-1.184859004495802,0.34240315684912304,0.6673518227452919,0.7680770933520843,-0.07453566293156501,0.055124958408446126,-0.4842297663041954,-0.4985259539512339,-1.1753874998556226,-0.4861572864155471,-0.5214075596284291,3.652180581320372,1.2175611048834698,-0.4694887178179849,0.8314458191818647,1.9478864874646193,0.6050790917452897,-0.377637111092182,1.2000827142202826,1.6948299664686346,1.6187221750773055,-0.4124836576161248,-0.3575327941086377,0.6223458469602317,-0.7320286906679254,-1.2963126889267018,0.4866655713619269,0.5071476823800057,0.8936834121550029,0.7451521672150061,-2.2228734203096487,1.527982291162009,0.6839753695265005,0.8978229574491374,-0.9230831539916984,0.289520029619139,0.5368009547725802,1.093825941200035,-0.7352025057683813,0.011332689628211831,0.0,0
-0.2065928586634608,0.547813054597745,0.17567142947760214,-0.8764899639794143,-1.1543725189917118,-1.0457625647419184,1.1791271265032608,0.18365381988013502,-0.7109741848828002,-0.11096406943403672,-1.62208466643641,-0.7555584697571436,-0.9455205367557988,-0.24772388883265894,0.925499478328304,0.4415849964391968,-1.517286405804506,-1.4886098762016553,0.24091348349817426,-0.9440535267404808,-0.43057697725239596,-0.4036644448297546,0.9972111878319159,0.6166951752336643,0.3961122088435557,-0.08449126576591051,1.1810464608411941,-0.4939300520129017,1.2502932202436496,-0.12576670225666667,-1.3813973530052153,1.2883612391329546,0.2031663098778467,0.721732996331636,0.3685280698978629,0.6591313283709953,0.4495725136297959,-0.9808669908760098,1.1361892229367474,1.6312211157772665,-0.2515621019028247,1.5994923638581575,-0.0654242317926867,-0.12389339836883262,-0.7992025646888403,0.6218084118406703,1.182471646570707,0.3249497804029408,0.16108208445509956,-0.07420794720888846,0.0,1
-1.1785015352936652,1.1180428622209029,-0.2252151631930379,1.9623710210116223,-1.4762356172293385,0.4667613900093973,0.7362916725925925,-1.1246912246035117,-0.315547040769719,-1.381752998685924,0.9813250797278256,-0.374839596288035,-0.7943292703204761,-1.855973140073809,0.3481094419174438,-2.6204787311062496,-0.5615025110831791,1.0501303724247175,2.9104616502358414,-0.3285821904473809,0.9092574761300092,-0.00911303394901211,-0.1451621029749168,0.3189861370205331,0.8537067178661517,-0.16514526564163493,-0.8533855375783671,1.6078714004202872,-0.6736927115152548,0.38711115255509976,0.8794110260082911,0.9209852535557332,-1.8170854116618296,0.5910155475722492,1.1650085022439924,-0.19671480229722496,0.9765859291790504,-0.491924069010898,1.0103462255475877,0.5079422979075018,1.2007787706019288,1.1726179369982348,-1.6387853536345798,-1.3553201199285458,0.019895936549500157,0.823013010038317,-1.897801356444976,0.00462113172424992,1.011638319035376,0.2751483801032145,0.0,1
1.693704245542076,0.14157151998173556,0.6141244671193029,-0.11891518970186632,0.3461517755871796,-0.7932627438853497,-0.9388314078138226,-1.3418964651088603,-0.4019586005638576,0.9246260687743924,0.7869602849142401,-1.0043157562361982,0.5867763026833034,0.7320509813093178,-0.5594615119483811,-0.15316415212638732,-1.0950479857031412,-1.543342433307077,2.049742825777789,-0.02374099821319818,2.791101516587549,-0.5351974594043494,0.7859853945748031,0.07866559282708922,0.5901339424556795,0.6977187377579432,1.487012533353129,0.010010112235967318,1.909552556927224,1.3561670958303786,0.2030605663582702,-1.1972684422224584,-0.8119208138362239,-0.8981205278158676,0.2140791676856796,1.1813796612159009,0.8673779940655015,-0.2372967432985945,0.4000778098302893,-0.14637070804042618,0.8769248681287855,1.3856130919766874,1.350808507424802,2.703808488721497,0.04290697211247931,-0.5116857113310264,1.94378144455237,0.6174088560571172,1.4536434255669637,0.6400210734584723,0.0,1
-0.5617547697317177,0.6288573799016722,0.4622117355302853,-1.249501088017427,-1.9345225955132463,-0.7818936707048809,1.5661543430191116,1.4297384785354827,0.6712434777853482,0.3002955607950814,0.9342472867693472,0.3981861957600772,1.6709065490003232,-0.8313205950693864,0.3672020220468941,0.8039595877474223,-0.2304714508609703,1.2716929158018642,0.509220872695479,0.40090926992233983,1.409174614218467,0.5756929543499466,1.0759496305995515,-2.0410117057020525,0.4719635757162166,-0.3144438480120886,1.2425761503999715,-1.0610173404492025,-0.4568728478271988,0.4502389949358005,-0.5615475908932382,0.3487616758284387,-1.5855188613984517,0.1501445319556878,0.21638381721218167,1.185363829700513,0.7335370568673869,-0.24497415416811766,0.979740600098466,-0.42221037132297934,-0.7788757783918907,0.3492382566303575,-0.08687519123852662,1.3599477381144212,0.014130338773874176,0.550026780769648,1.1026241673962043,1.4780843584917427,-1.4734468245988543,1.9390352614253008,0.0,1
1.6242862040388135,-0.23662303788779124,-0.27792153072195397,0.3666208854071063,0.5673680750091044,-0.08180751158012865,-0.4807289651181623,-0.3049961857929437,1.2446167444601162,0.37844986006526027,0.084488869736317,0.17151099185351806,1.127658282816436,-1.2168136156043263,-1.2567676496994702,0.8197665350954825,0.2518926878631369,0.2590979335636677,0.9233682583919836,-1.4670234798915758,0.3168664578925358,0.3162960048863592,-0.529252822773114,0.9389164139184092,-0.9314714765163722,0.9254578061334391,-0.3695120683599505,-0.9644135184942336,0.1576246660751581,0.42842975070846573,-1.6904266064219011,-2.1976507916085524,-1.6814734059399612,0.5128156369032855,1.5010028023546296,-0.2867467253964461,0.7479612027724006,-0.6198344199828766,-0.6284811665770854,-0.6709094945973404,-0.13562218768739573,0.7304044942001392,1.8233409546268715,-1.923922452901011,-0.6977951554952465,-0.9075316545468064,0.5843186923673922,1.2111550753952316,-1.2299025452108243,1.8437802806408128,0.0,0
-0.5652665288373198,0.4396079619324385,-1.5926038901233162,-0.9871374205228168,-1.0339518580155704,0.8203288499373053,-0.11458051795224213,-0.33330305230769103,0.07541988935984835,-1.4174613038725434,-0.3540654053173096,-0.3107897053876818,0.6156938718760598,0.5022945259506909,0.14684341009059107,-1.0860929155573864,1.2937462670096922,-0.6349326872101837,-0.9927448691299016,-1.0322065037861266,-0.12200194109346894,0.2363585662888069,-0.7322099774633379,0.054687630432292564,-0.2604521158054026,-0.3938931288381439,-1.0289858870453754,-0.7324240452914887,0.03447212001861594,-0.5506558655829045,-2.0729032415339743,1.3349572380250938,2.6495309672565,1.917057586964162,-0.09615896998820216,0.9781946442485272,-0.05844869726843289,-0.15727734879983624,0.6322895120323051,0.5102995359079282,-1.3726527942457172,-0.37639120209016097,1.8205657337915089,0.6136548385275092,-0.027314367409732764,0.4174110687337293,-1.4145776555296472,-0.4295413725295955,-0.8062268704831392,-1.1438053590599366,0.0,0
2.1618334555768244,-1.5229465072144952,1.7023989918767446,0.07392301914893969,0.023578797539518845,1.9342437843361504,0.10005704182200537,1.7112116263300288,-0.7967865246559698,1.9944640371091795,0.813221313710243,-0.17731501738394814,1.9466275241381508,1.6313996712457026,1.9940790112211189,-1.8881422141440445,-0.25313758630338073,-0.6733717904142045,0.9980250284211696,-0.9554790986728214,0.8664003374085708,-0.5600255566610606,-1.139051698709898,0.846599682330063,-0.0816514093778423,0.8941085747928615,1.168200905324442,1.4770501852444464,-0.5565105561747544,-0.03947066770649337,0.2332978339834299,-0.6018206985211526,-0.6563460208299235,-0.044789962214516484,-0.2088043161234351,-0.425118235353697,-0.7013464845094195,-0.8433145664746733,-0.9999767007274964,2.1500733657590656,-0.15405457025937888,-2.0091286882045,0.0723952866688377,1.2016748232729106,-0.7870866274957841,-0.16180937424595498,-1.1573568139605592,-0.6763069892453176,0.4636135380493418,0.3791437560951501,0.0,0
-0.20677301233215475,0.0022379055911087033,-0.4569340255211903,1.9418179510371172,-1.4154545641690677,-0.029807956326095168,0.9612470158224404,-0.10518445300496043,0.18242233538788316,0.5729927176812367,-0.3604751113680702,0.09522578053478893,2.0597662593848054,-0.4339692213368387,-0.1277402869686749,1.0108754720398092,0.3835116259006479,0.54007933077226,0.8110968529320192,1.4935442142795476,0.261210028913353,-0.28973085256149084,1.4885961656873763,-0.3819079150744937,1.3546891657773588,0.16935239971906454,0.5543209712565252,0.3677431106328767,1.755815711711428,-0.20221249074798006,1.2857609598271074,-1.3399137345665812,0.14492980277895404,1.196968403973375,-0.1919073231179788,1.1727781985487922,0.567826597103298,-0.07994400315340873,-0.04631883364865458,0.4614447595212407,-0.7112352110240195,-0.4123188884425741,1.1105042877482707,-0.7578833373665932,0.4894785705132896,-0.4331446658865114,1.7489172752200275,-1.1292010584229428,-0.0598285653639412,1.1230748043093737,0.0,1
1.1417035908773798,-0.07631452175711657,-1.6364309085915958,-0.2432585609899876,-0.06699698259911296,0.7188048628801875,1.1902680743416207,-0.3757396556520995,-0.8050790326134319,0.5631799522714264,-0.19359450976304612,-0.1998992101128586,-0.6852247469050992,0.41027056955429597,-0.12091119381059735,-1.811147254311029,-0.9071137608403278,-0.2364928200042405,-1.44789952449043,1.3023823035424753,-0.33791510709460826,0.8071238331038392,-3.7644569142875706,-0.7913101658153291,-0.7947047738131023,1.2101073493447878,1.4417735302064365,1.217503119005438,0.18471921003625874,0.4799619247763558,-1.8628783643760287,-1.0023677425433466,-1.4313672544585296,-0.8371693631193121,-1.6826090576608292,0.4810911915045528,-0.6571004321959586,-1.589705405338465,0.6545728163625719,0.2176512700324746,-0.5936464505467008,-0.5931913300313072,1.0145155660273164,-0.8507325118463501,0.01123528059212536,-0.5162249905829149,-0.4113397529988999,-0.8374003115276967,0.9331737270009652,1.2908668455228267,1.0,1
-0.563384279734203,-2.00607545301151,-0.6018867152866558,-0.5473253867020582,1.049414222226755,-0.4479034039556912,1.1513813611749992,-2.1766576096747823,0.14335886405208856,-0.8455028166631045,-0.6742266382874581,-1.3217684071631544,-0.5986977609824384,0.4753191166277726,-0.10279733751533557,-0.065143238620974,-0.2659817271354679,1.0880726332399475,-0.13668217580969633,-0.6081742418597632,0.3058300652864567,-1.5729991893990485,1.3855842917750272,0.8506610600148291,-0.22091605973869297,-0.26737573309248946,-0.928188458590884,0.06319613779837759,-0.6174678192083761,-0.7090395168092511,-1.2913348776710476,0.060939270294137364,0.2303602163803365,-0.4420662113914112,1.7670398128158848,0.7731565004852096,-0.2876921377782123,1.4446067330155912,-1.1129028862567398,-0.4687423201619995,0.6939904464346454,-0.6422254772531578,0.3411825295646522,1.1955377469377078,0.3595258288526396,2.111320405750903,-1.0315254793647737,0.9638789096294172,-1.2734616332457969,-1.2925081237908893,0.0,0
-1.882779402689165,-0.9737030400318414,0.2978802748090651,-0.5509882495444002,-1.5120942974404856,-1.480147738136688,0.4438848594962565,-0.3703721527552563,-0.572629535716011,-0.9417651522124308,-2.0901958685868087,0.014424670339736016,-0.33640523810576833,2.2799514345090017,0.5713468032977339,-0.15156047274638956,-1.1286034765953474,0.2990590568028417,0.5564698801962225,0.8225632158872207,0.26104862393119993,0.8170227643818632,0.28773926180167075,0.279122300610236,-1.526363094185535,0.582332653216964,-1.1458682664540478,-0.6498494654767047,0.1468596733336891,-0.2245505564481166,1.29518830275383,-0.5419795934070277,-0.7114286362264131,1.487593450880779,0.1498152477056321,-0.3600485314303913,-1.6650588242597633,0.37474860218336176,-0.2952347241349492,-0.451181549132227,0.2625422695896804,-0.16704580986083667,-1.3324577097358477,-1.8704574712287576,-1.4788322909750848,0.2447258533877679,-0.05443200673276969,-0.5955966457541719,0.6690242698296301,0.7315892214287782,0.0,0
-0.041307229114582414,-0.2658932303764098,-1.3556467689624467,0.1945775158066448,0.3636970060566309,-0.944037835051125,0.1791653838632199,0.09986724500424217,0.8347010996657278,-0.417396177049608,0.3749380783446701,0.046481528319800194,0.04614472185663912,0.6464357203713477,1.5434239968243075,0.8334036067841478,-0.11231119292134308,-0.28233040222232186,-1.6871607628176697,0.7966125875767661,-0.01186546133865988,-1.7432216287928606,1.2145165829864208,-0.9121631138255356,0.5124240718400257,-0.10136842538048044,-0.6945216399113727,1.1633258881901192,-1.0665581236498776,-1.4957541873250546,0.2522001831572213,-1.1126189485743294,-0.7471410866913027,0.22945511801750465,1.088770690931499,0.7539481967545222,-0.7409266591628819,-1.1481668767722832,-0.07184596094521449,-0.22068792887171831,-0.6988756080443884,-0.6926841658584809,-0.7852243568514528,-0.6380669464919058,0.016015393961888818,0.5146089228062537,0.7978741682989916,0.2301224537602975,0.6073758135468385,-1.2819407859134149,0.0,0
0.7529158559997781,-1.5530299416999367,-0.7428724796295709,-0.8024177463656188,0.33533518600025464,0.8754865831835025,-0.25382556213433216,-1.3561065341991694,-0.4152886709453443,1.3180491383359654,-0.8232907825586931,0.2027097873498553,0.40105587036475004,0.5769684634187622,-1.2602205588397084,-0.801897367869638,-0.5083091818447015,-0.2681283331667325,0.8883521676514897,-1.5004731985594693,-0.9351200919359014,-0.05872701685429967,-1.1815062953110504,0.8084490630854042,-0.5507706575722044,-0.3560907083513775,-2.3470375856922634,-1.2715934243599465,-0.1377146297696724,-0.4032382271095073,-2.20219760740055,0.06622599310938404,-1.9451630386501881,0.2069637115547062,-0.1873793215019395,0.8930551188929258,0.3991852953044602,-0.6979424234329726,1.6060645059661285,1.0487351195495875,-0.12176571074434253,0.5750240867245672,2.15068162975603,0.2843558895653375,-0.924387281184876,-1.4824484143763614,-0.3865674103747301,0.1154309493446862,-0.21660301793172085,0.5142950298716705,0.0,1
1.0458223731183771,-0.21501297430471356,0.13768025148750945,-0.9228976270550748,0.08724667751805143,1.2874451402654423,-0.6542866799662985,0.0746674831326733,1.4334267839747104,-0.01262657706162028,1.9779232471795225,-1.199632383630315,0.3561636760801985,-1.0182112267259529,0.182101622894522,0.2124245822468619,2.108046456895185,-0.2697603581554813,-0.25530428157745405,0.8535322748601176,-0.9963191838506398,2.0451566882561205,-0.7732050667945227,-0.5922192724791745,0.8812541234936153,-0.05530054577932908,-1.2011695077545137,-0.3089773234015723,-0.0690813836809035,0.4353750874248064,-2.053996167905043,-1.2840143514576388,-1.7724052073075869,-1.42517927312688,0.6741559915573947,1.0040115736183837,-1.2673845574215663,1.431981397054085,-1.7567714866323765,-0.5399140126570683,0.8867673356709793,-0.9662190100788832,0.034885241318371916,0.3615394533410216,-2.0239273617449207,0.7827448547742998,1.3288915393694845,1.247128891166292,-0.29386113123354,-0.5132896612536895,0.0,1
-0.41589141056286666,0.7899581196557779,-0.2373664382550591,0.25860906833773656,-0.0405795424257679,-2.723711752997158,-0.17862103006193752,1.2434664909849729,-1.0340122310994182,-1.4554127535103438,0.14599185359451272,0.12560099525444818,-0.2871367873748079,-1.4459752955384937,-0.04045382397380595,1.8774873713264515,-1.1475739814816457,-0.30635197624755284,1.206942413501045,-0.10410115450059956,1.9523054393367063,-0.038325348501781965,1.2766921161201434,-0.5291156386104914,1.006079694200439,0.6625195048476076,-2.100626613181714,0.11087058608553443,2.2434609875651703,-0.5486100683112698,0.10305921691597444,0.4447301636428407,-0.5666122088321701,0.35398273082348075,1.075258976031265,-0.8046803837542645,0.045326851944792274,-0.3910900687677117,1.1071283934501877,-1.050184666243486,-0.5529893580531928,0.19590642420454946,-0.9247934920172208,0.2406542617985278,-0.3824503843958072,1.866826989196421,-1.2816346369284466,0.05508718249422688,0.7469324979306046,1.8188655486951184,0.0,0
0.79689500382835,1.0991117090907618,-0.9769074305498848,-0.19270363862885104,-2.5531584474852402,0.7641299247607181,2.7700267605729216,1.784824494233017,1.2434532016684403,1.4850923597511685,-0.3436635347986349,-0.08832041234330396,-0.1629131930967178,-1.0386922758329642,-0.6509327088283429,-0.2506175320819978,0.5228870374259694,1.297907551871638,0.5875246595578356,-0.2833475071094226,1.1893046843742627,0.3014589888461372,0.6985778423123675,2.1190594339475437,0.2019161031060364,-1.1204961001369442,0.2086833096304011,-1.7461482492712257,-0.09421177306047716,-0.9405635211376716,-0.5554325231762343,-0.8909693038051726,-0.2656583464222547,-0.6409921802064728,-0.8601687160180904,0.10882000153921242,-1.4187430961708156,-0.9073480350669112,1.6794540472535404,-0.06120342332940624,0.027881190674867717,-0.430829491698879,-1.653212585126273,0.2497889841536367,1.0759827452895872,2.0375439289323234,1.7335561609185437,-0.33518377154851703,0.13566858754060646,0.6432491978187445,1.0,1
-0.15415286562371794,-1.6353292683491738,-0.7333568873456713,1.2889173935641518,1.621849382644961,-0.5083107409325395,1.8541193344490725,0.339435447825045,1.1395503804866016,0.5734437998683287,1.070663486089931,0.2054529923991367,0.6817591497623335,2.52339739545667,-0.5422038533107653,-0.4864187332859968,0.17080036396527293,1.2849755305485655,-0.27334587025469265,1.7841859489161316,-0.22309989668532035,0.17853787553973685,0.656841024435896,-0.6640143896246051,0.5107055740939901,0.7575796567227738,-0.5145680571411176,-0.4463428219503351,-0.371140247982364,1.2994517422401812,0.6001915856129522,0.09733682447791593,0.7422989384122041,0.2564289750713781,0.6337938794209826,-0.10042046258037313,1.1421260276013006,-0.4540456595415245,-0.4475447439316099,-0.6997344897768806,-1.8206208676589763,-0.7886372724029782,-0.5148510143478778,-0.8160481382909262,0.6083294149380908,-0.5272857363455751,1.380464792898707,0.2468625425792092,0.6569895246571265,-0.4757998212265596,0.0,1
1.3006214796346045,1.5940768150185047,-1.0029492595441734,0.5229684603659409,-1.8061089830826789,0.8502806502956624,-0.8590452092166321,0.6261846701435568,0.1727062866627816,-1.5472586940235715,0.3295593822718395,-0.578389530807401,1.3151177184963152,1.3766816144698308,0.7738199911849841,-1.0737748151771525,0.18187027838415776,-1.1793380362572587,-1.670920057514627,-1.0465783369507886,1.184408515449107,-0.13816592589423055,-0.7227655577463743,-1.9610894195831403,0.24829005069093202,0.43176245280533015,-0.446838009127521,0.23390625928933315,0.5372211146226723,1.237208132221577,1.2728333097719469,0.05428215352610335,0.6629454424507732,1.4826633429352625,-0.6725058365425872,-0.6501101191108576,0.19801520536671624,0.05218658581800769,0.9052118633790552,-0.4547745897118438,0.04350129547297429,0.9731635967404342,0.598256231962126,-0.4932844412246576,0.4495040405872963,0.10579432151203264,-0.1494004012609129,-0.5761199691736424,0.1457789862547913,1.4115746027298042,0.0,0
0.19041615464115946,-0.8266552139081434,0.5310814373758866,1.2421673235769242,-3.126538041954304,1.7412008681097624,-0.008793220867870205,1.1804809672528722,0.2490640843632319,-0.6255928440270592,-1.3978869223968584,-0.6318236118528577,0.24729956530416314,1.5023890185681734,-0.4101826357266842,1.418104534384512,1.0420948201598579,0.4386721352633974,-1.4254042020653757,0.06094525633629965,0.3870317258298744,0.37223976828427335,1.1465889578019628,-1.6385054345241366,-1.078745596908127,0.590958206606216,-0.4582678446069636,0.3283751426205546,0.010907680529209587,-1.5607049652937324,-0.16446366726882422,-0.2749132490277945,0.06369240374684987,0.8125615123034583,-1.0911317685156878,0.9377826587272252,0.4419767216679603,-0.2945920182691718,0.6979081163511603,0.28621017878170363,0.4762474827843871,0.6329686159638347,0.22556134836539535,-0.20658516165929508,0.925928481636308,0.8927877082802803,-0.041585788572090575,-0.04303248172250667,1.168349209298757,0.31016031305540265,0.0,0
0.332807643041951,-0.1515367243686017,-2.635372703064944,-0.4310493629032613,0.8773937045919012,0.07231891409459741,0.9768682590153568,0.8135329297527361,-0.208249672018628,0.6034773890519042,1.3195415487054651,0.04137342712975679,-0.8653431135302836,0.4846220341942669,-0.4741042436823241,0.31744827883392224,-1.6475218930500055,-0.07270272020291248,-0.1189004801531821,-2.171850955046462,0.7167391298919974,1.8926650502421636,-0.2397620121728345,0.9949930343995256,1.5655935361709692,1.6134657482281751,1.335546941447354,0.4386840916709741,0.24236342752571616,0.7405204161115578,0.4318895568118065,-1.0544577089387794,0.02659703992763024,0.450569155067275,-0.7025036358772313,1.5951249349318382,-0.3404401803592957,0.8388035485187629,-0.4165843331649255,0.8848768910377912,0.019764476936899183,-1.427138818119595,-0.3378716135088699,0.7431728824305577,0.5930969382211241,0.18427095087488032,0.6553987501775265,-0.03495900762817731,1.0266158614260013,1.6801702585589686,0.0,1
0.8087736513757785,-0.3495913933543196,0.9148698708993772,0.1792288580761305,1.0730388180699033,0.3029770218579599,0.5467779235612914,0.06329912632456594,1.2649925282056529,0.9786430668320848,-0.7730921865909249,-1.4304481220174603,-0.06004036928348563,-1.4901878197381548,0.4530342982704048,0.15389381404624658,0.14557713120661414,0.3153811163573965,-1.3603050561164067,0.6867676460558412,0.5931225990893603,1.6123963629861398,0.09065734848872904,0.4744260963306287,-0.6024730237087327,-0.3157220522693805,0.8667237510691188,0.3888021331696869,-0.31276910549753684,1.4557882355457192,-1.828603362864829,-0.34373511730040085,0.5014892702839192,-1.087918457288652,-0.7560493519304164,-0.05411413815033582,0.9775392499770628,0.1482143206634298,-2.043069526854939,-1.3317073079955464,-0.0875357743259582,0.8529388504057562,-1.8811416196978936,1.1572560471482194,0.49613216354570294,-0.9202733010288926,0.96154442501011,0.05783245684632569,-1.6657076074060078,-0.5421038898610739,0.0,0
0.9880424156320058,-1.2221712178493251,-0.5865988939867262,-0.3445610530385173,1.8505602438136244,1.3078965198068693,-1.0955023497820235,1.2390590339082006,1.139243317198386,-0.1870362435807175,1.0124314116212734,1.355800555627115,-0.3024234245589104,-0.4575105004074112,0.5339161508529484,1.6369752032796625,0.8641027239461301,-0.8028531834345469,0.9934617749372788,-0.3304107108606849,0.5307610333660672,-1.4368654708726485,0.38167235884541995,0.5790871436377145,1.007669948748129,0.8887861855041769,0.5921884692284074,-1.2600598418022724,0.13890858280014304,0.4729825253138108,-1.102575792169625,-0.7160020918467613,-0.08793890548316054,0.14532779986355496,-0.329694039027928,-0.4272966492259373,1.749640273255037,0.022930927108606728,-0.4837968263280933,-0.6115161740701696,1.0277408428666337,0.4591200346319233,-1.6900837933431387,0.5723196145468463,-0.6014590131528251,0.6217562908102988,-0.6409453130423869,-0.23991120212360484,0.8576374214847327,-1.0603720695559613,0.0,0
0.5469011011032336,0.2575484523329211,-0.3590541697399933,1.8736375163898324,1.5709091960317911,-0.6690016063383688,-0.4732255495068367,-0.9123402739805044,-0.9892049462291318,1.2493043682976386,-0.7618415139098237,1.2160497149951408,-1.2118544029947602,-1.2827278666424402,0.9235086251240852,0.9551764209476982,0.9425976968420204,0.1331915253347374,0.1701152544099515,0.05545040567902512,-0.04485961758831169,-0.7477122585729202,-0.7397972067773918,-0.9112045417249116,0.6000426651670853,-0.731955175024975,0.5744748132081727,1.060848337172641,0.2361757019028448,-0.2585566710277842,0.026284454188299076,-2.0278012875146745,-0.26694197789696816,1.0371109558788372,0.2276707985430558,2.0189475331530065,0.858021892953215,-1.7257986702807784,0.8406230665975041,-0.8358611303131404,-0.7225301870396592,0.15877237195748914,-0.6694533068000704,0.3786929912422228,0.4697962183722395,0.5256017272797294,-1.4113063121776364,-0.9622165508656532,1.3695256730421477,2.0544548010356203,0.0,1
-0.5425611455494359,0.8327837811420912,-0.8957736681727735,-1.951818009107513,0.43313661162495415,1.1900934651326598,1.1292845732406218,0.42731328844816624,-1.345161904698006,0.7980976885666958,-0.7901092554307599,0.5331990751331265,-0.247969355130844,-2.7393324869946154,-0.024363513463673082,-1.245416307803919,0.1947673350499468,1.1404462434322635,1.2601462748661807,2.653610411009492,0.689114587351546,0.02363934564391551,-0.8739468539341959,1.0689474178847518,2.7004926101183266,0.2812448265780351,-0.22877476787442505,0.9168690494236847,-1.08392597260353,-0.12255017721827867,0.9231244434029467,-0.20794612063889112,-0.11201171588510413,0.07258459071322125,0.11460276023411975,1.403673848099846,-0.5478866275372528,0.8047112538130622,-1.0051269296630059,-0.3085394027002247,1.0558587985961958,0.4790115016320794,0.19185650709054872,1.3417903114933667,-0.2236974909461788,0.3855169813241573,-1.1146284856910302,0.33648008499786364,-0.3690696934404778,0.2837284055681504,0.0,1
0.22435621571038736,0.21589295327044505,-0.23186751861415816,-0.6296636653277539,0.9858510427670008,-0.2904570071972841,-0.029978626237056386,-0.5447984073283479,-0.624738244276241,-1.5373062647710618,-0.7700534150470981,-0.2600260836898842,-1.6731166779168818,-0.4524461558863975,0.18790630044215356,-0.4989375967407611,0.29367305232408464,-0.7635104310846043,-1.666392201211282,-0.4403112624535162,-0.8592643279678576,0.609982141742894,-1.3831052572124423,0.6490097263453725,0.07986660129746925,0.446874131455392,0.9515076584880151,0.4907077259921375,0.6538881827532403,-1.8575270192490456,0.6574338421193016,0.032898627282243416,0.8086267277994543,-1.5666977996230451,-0.532920795588772,-0.25226250176800985,0.44176847895804505,0.5334935808592834,-0.9501884185716442,0.6219255639784042,-0.4191261520842101,0.5856610192698891,-0.18335226969685747,-0.4746563222534676,0.8496103134042842,0.7448474011207367,0.4052034323528409,0.4197101001040602,-0.2818777676413884,-0.2629305941410145,0.0,0
0.007964586265219491,0.702135460535506,1.0373748974145884,-0.9955834673417979,1.0040580731794948,-0.5452745383984196,0.5896236654384209,1.4279378347660932,-0.9265851610924952,-2.1870335018416824,-2.0048849483914517,-0.4077982053479306,-0.0027148216660365693,-0.9598598931755832,0.308497555147242,0.7381290353792849,0.9603297656255456,-0.6950344714360698,0.2609633299921679,-0.1911295980343887,1.2502555025152662,2.383821048975855,-1.783030097916004,0.486584242625712,-0.16346261286486674,0.8609897344159531,0.03474938376755348,-0.6338841264741227,-1.5626030828919122,0.03180437473687081,-0.9046188102786632,0.1662745593234805,-0.7353269486947998,1.4129017028883162,0.4839065164759641,-1.120815940720224,-1.366030339179631,-0.3938581993456191,1.3113034554635792,-2.0708627958656884,1.0964300544958776,-1.9354558062901444,1.21972880444135,2.142826712193371,0.7291203692093973,1.338848220450967,0.5226051591612941,-1.3416676468469786,-0.9180115432906384,0.6484580445058974,0.0,1
0.6149959739882441,0.9722672708820226,0.5465443482494691,-0.9787994517010942,-0.11892079961269385,-0.8724439924124247,-1.1570224774363802,0.2703026829224203,0.4611809823754306,-0.17168440138283245,0.3975161909692137,-0.24849510197616664,-0.9072784881292886,-0.06654353865790474,-0.6375898110758346,-1.8265995555956516,0.806122673349738,0.1259989876706405,1.0145321695552134,0.02665003483125595,-0.5983785153463771,0.915504649130096,0.9423096200697281,1.7735143310932664,0.4170236416628609,-2.043915119878568,-0.42889955966035903,1.1131097518045825,-0.9546812505342565,0.6414126036998625,-0.8232098585919908,-1.0332156660203276,1.4494655855546683,0.2771849014751069,1.0800327958753315,0.3376027151493213,1.726510222266508,-1.2749208494635549,-0.4195375297106017,0.07660997517996078,0.29227425088778697,-0.7059903081194091,-1.6715340756724042,1.0339094448361634,0.1851635820603928,-0.15884333577307252,1.251562209683858,0.8719108510586967,-1.5111579946946592,0.7102667673500465,0.0,0
0.5030627687354772,-0.7722756241960511,0.04756329631782608,-1.755035966872171,0.8793156931339435,1.3259402275267784,-1.183719098244401,0.28116680930933274,-0.2151294871594348,-1.2995546749979554,-1.1748527348990143,0.3764378301102229,-1.4894024478515162,-0.1890025743261362,-0.04539402968789447,0.4789787263061671,-0.5463921491696874,-0.7889983158903247,0.6627561787323506,0.8315703817201874,-1.4011659250147976,-0.3888715024430257,-0.6694209999711029,0.4647785804901611,-0.4996336352210535,-1.4844175788069511,-0.09976918408024807,-0.8930328027731013,-1.8574171172209173,0.5157026105083019,0.3920589720241191,-1.6925937849444184,0.9055712219585922,0.9798111821116776,1.7088626496025536,-2.293459185671925,-0.8855445750410941,-0.5359114673875814,1.0677704808587345,0.3468153471725459,1.3207047637595066,1.4110657915962754,0.1948613909742168,-0.530417225948335,0.3444516677109675,0.21427780254621973,0.7315613925784363,2.341125885198784,-0.21414427532018185,-0.9504711615880466,0.0,0
0.21845388153189704,-0.07130231763391805,0.9301585894892344,-1.1503060145557515,-1.8356703776442889,0.6829987715836523,0.942568333531818,0.9332085894754067,1.3955119901834498,0.9723175675811488,-2.0863949997584808,0.5831571326931118,0.9572179555966832,-0.03405631582831377,-0.2187905748483618,1.6545601078807979,-1.3068632173277597,-0.13538050931193438,1.2377772568483476,1.030602159119751,0.0356519571537514,-0.8907789715477024,0.9318605372595938,-1.4575609357185768,1.1300598484163795,-0.5349214530810743,-0.5288863727153993,1.3347814704977845,0.4269417570596841,-0.21284187769425095,1.6631417011150964,-0.7105246314120182,0.6621683287806894,-1.948616054298876,1.3270083946912126,-0.5866490021543821,0.4376425667267115,-0.33217248162536017,0.06102411219165532,-0.7648974898755937,0.372723245015954,0.8166465115689032,-0.10523515421325713,-1.780942354951616,0.03079297297973205,1.6102318181642856,0.4085925254047958,-1.4293330645246665,-1.0328188734806911,0.5893187733053123,0.0,0
-1.4492206933971057,2.074020094733394,0.9340702225568708,-0.2770898618471272,1.1143248741412235,0.4854746664153974,-1.0322566038286138,-2.0878220163098393,0.9878254491544224,0.5673233588922733,-0.9544342587920274,-0.2966300155218867,0.8685554748357974,0.9717277326453766,-1.192909070680586,0.7668286785835485,0.4786691822637659,-0.09501471842695236,-0.08373187869454436,0.5568725162099206,-0.9433728238673224,0.061765212246225235,0.4436119373591439,-1.0500031308185396,0.14071124882318845,-2.5379502972677037,-1.6001834412573412,0.7304168714244731,-0.1966659358994756,-0.3066429074633008,-0.6207408644481106,1.90561931539842,-0.6498889117642842,-0.302715544663357,-0.3808652988367869,0.3869580674909157,1.6288369887357934,2.0898429589768304,-1.5032759396076465,-0.22559342726680046,-1.0993369352343214,0.20805190100803056,0.504149987578934,1.5719734600527917,0.5913261422427069,0.5920523211944365,-0.8313896939924715,0.9861848466499432,0.1952963168644734,0.5956146636424018,0.0,0
-0.2866182111934514,-0.07562948189817166,0.16688756738639302,-0.5741959032877118,0.9459807187546706,-0.2978071873129768,0.15877721957065485,-0.4126332613867476,-0.544445471762489,-0.5663274724788553,-0.2290897744173405,-0.500296396763274,-2.048452784526693,-1.4938053658005914,1.295082378051453,-0.3261339219257801,-1.695415815537123,-0.5295214656476572,-0.9422575320523254,1.7168527363691466,-0.35410469277996204,0.015983136434309164,-0.0532708101227532,0.2982247085218929,1.5521376981050363,0.9298583579833596,-0.4375583318629034,-0.1848293078738741,-0.551179006673884,-0.4413538949364828,1.3576896176057422,0.11625324934228246,0.14287412697057186,0.35331992481937663,0.1391488176901167,-0.008843194079776523,0.7824264069547532,0.820937408484581,-0.5555735319941891,1.0108741459514423,0.24400704879922636,-0.2524838944175861,0.7280742845323797,-0.8444799157458093,-0.5247693315266225,-1.3592579011938568,-0.723071300350645,0.4570821155569283,-1.432523476082452,-1.8885781309092853,0.0,1
0.36291428285214816,1.099758164115181,-0.43111763659897817,-0.8217517173293302,-0.7494323349341548,-0.904924915878128,-0.3231457922706313,-0.9177947118008896,-0.6282357558058898,0.0049978959708128975,2.002807599232105,-0.8987153237220864,-0.3216299632113243,0.4769262642368694,-1.3823984662733662,0.3648321008023113,-1.626549805893908,-0.7721988277631411,1.3935076673802786,-1.5250038889606907,1.0026152651397768,-0.9865566946455768,-1.5807175806408988,0.6658840826208994,-0.31656889799477794,1.068126025163793,0.7995642984822813,-0.3838881866481583,0.6892520863609476,0.11624089169836248,-2.3818530198416386,0.5064178870415524,0.4913620674530023,1.1654648421776233,0.4715020987332061,0.02239241945818909,0.4734714672038872,2.1158337669834437,1.0491543871189608,1.4439225663124406,-0.7979778304119336,0.4860264293880402,0.7209077246143109,-1.902222395968734,-0.4900243614009119,2.3471869687948947,0.11677672844559488,-1.7207416767000032,1.654308670564976,1.096914874411625,0.0,1
0.021832105433286925,-0.5426035252749941,-2.075544497007393,0.6821472336618273,0.0805577787870221,0.35784480203800056,-0.08610391300839708,0.3659370941342506,-0.6855362767740529,2.3894473380375576,0.0759934888028828,0.31604419927358585,0.10038661124197364,-0.3632234169079964,0.006184147543841043,-0.8384506795180894,1.20801432740052,-0.5414067722645001,-0.498800707517137,-0.08331852013195752,1.836374707419577,0.4403997162792668,1.2769548395413477,0.5217019114649969,0.24217604312060886,1.6983227513164858,-0.8476667979298129,1.926194818981512,2.2575217496610085,-0.3616699257337981,-0.0651974188541337,0.7306763009148695,0.6305510314922287,-0.2924538376535419,-0.6843435325077644,0.08521165510321495,0.4851358274635864,0.08350862078359719,-1.063081506492518,0.6411025156720895,-0.6094482267060599,0.25240550395848593,0.625696458438307,0.25003604414348146,0.3945499767802856,1.9962614408211108,-1.5594654542111424,-1.5018496905730918,-0.19244318773434071,0.8275408316383541,0.0,1
-1.2424563976090242,0.5217796855576272,-1.4235251553919748,1.296773486106177,1.020063432753973,0.297973802739144,-0.7298691562503412,1.0931445159893645,0.14122217551338326,0.5386736864615119,-0.662435484469845,-1.0303677157527706,-2.559418022885596,-1.6482106608786316,0.3280490763237268,1.09794248025878,1.4809277736118989,1.0712840600707614,-1.1765098569196155,1.5857052564740746,1.373976359888568,1.5913871527206358,-0.9318042346001668,-0.8215996997485658,0.13586708907304312,0.4515609260477234,0.3425199274954693,0.3021970749348645,0.5677286682640257,-0.5180238709041146,-0.32971577261196106,0.4286786941835896,2.2238995506668693,0.8029041344109171,-2.2164977192883537,-0.12032450691201707,-0.35649551544248315,0.3982394473407506,-2.05453290838433,0.2364171402373077,0.6135406685839248,1.8842562136969476,-0.10026183328352052,-0.8089344569142003,-0.3001778382067147,-0.5724486620698686,0.797812491391577,1.3699900521280697,1.7187312552518377,-0.4428579023529538,0.0,1
0.3819626517814328,1.6518907148923203,1.5366586231301365,0.540978704716261,0.25919700746700897,0.4296485929565523,0.969794166722936,2.147956758577057,-0.8596135574882287,0.4607559069672619,0.6803912080096345,0.058322430968899074,-0.4807815325612677,-0.6392194760642764,-0.3499390279545224,0.2955060091380873,-0.12524739547869876,-1.0116927848577408,0.34434034506646016,-0.4276622232109856,-0.463342965922132,-0.9319174299384858,-1.3921558943526111,-0.2580092734358172,-0.3699058155937224,0.8270283456632402,1.6160449420392944,-1.3636043113322682,0.7631935451426891,0.9960246106351592,0.2283430286687617,0.838284539690177,-0.6322434412457537,-0.07961321677456011,1.6160126038352591,1.3177507676737985,-1.3779471693123877,-0.7504588556900478,-0.2775715105240744,2.0724456075204394,-0.16918488898545297,-0.8323071943531358,-0.1675182285560823,-1.0994398033493975,-1.120503571870198,0.918302980418878,1.000488528235005,-0.2581357785359352,-0.4134582682287759,-0.8370814717426961,0.0,1
1.7035987289964902,1.1525694396421615,-0.2543451508277515,1.6799263636461652,-1.091583590599726,-1.616003745587989,1.1363877510842502,0.9053775994876588,-0.575410919019694,-0.4709533193393705,0.548158908493133,-0.3173486554176169,-0.2974457697010366,0.15409328174692313,0.2685829753256077,-0.43901469857166464,1.169598036674719,1.6513917684883386,0.6258386207063172,-0.9777296473917828,0.5097835271104267,0.11150048490816876,-2.6713578481790448,-1.187592545545216,-0.4660653698431674,-1.03307198083336,-0.2037457775758449,-0.041761782935230515,-1.1265837205505502,-0.3766898101107528,1.1804365679847009,0.7358871904426076,-0.3551815017093677,-0.15085904580957776,-1.015199500081097,1.016697557844801,1.2874990084551718,-0.9669200881097564,-0.13447994385353218,0.6402327233679784,1.350289778763839,-0.911971727776938,0.5241488488366599,1.6838526515391523,-0.5637240451977946,-0.5291661559797459,0.6897168000500364,-0.09321689726193824,0.3501084529628727,0.2447754980752697,0.0,1
1.7769550417629818,-0.1597057451802181,0.9582880702235269,-0.2959885714724349,0.4485201359283619,-1.5004757548789631,0.3249272246852391,-1.6767547944053318,-0.5528865801001343,-1.0931905226579697,-0.9134562467777207,0.08085400247013297,1.690365854629094,-0.4933122517135424,0.6300317293448962,-0.0026643606492887913,0.8440647399395345,-0.44567812672619606,-0.02624686922811717,1.9977710626288787,-1.7551462505317226,0.4835188464742849,-1.1456652893217143,0.2641403502968884,0.7390180249310728,0.5934912861435995,1.5600427408605981,0.7763210664731379,0.1625951371457633,0.26344658980961444,0.7660317283275238,0.07144333760638462,-0.5729592382010548,0.6751899279445978,0.0982214745842157,-0.14952609025376848,0.7747209992905509,0.2688218766526589,-1.1399487884889992,-0.29824418039057016,1.2336378682637097,-0.5677450004332402,-0.4277298191831799,0.4933077869860776,1.4732088194634338,-1.3049961416359,1.0814472370955959,-0.8293787458454078,-0.9719193217730238,-0.5357800482915508,0.0,1
0.7906485060029603,0.17271130281798902,0.8551835609750609,-0.1038065937522442,0.7312894764957509,-0.9508665355055316,0.035918237071705564,0.4936593333859624,-0.07892633854820409,0.19415411895764328,0.6945391049467439,-0.5281577254407294,-0.15724663431267238,0.5524836863675735,-0.000104555566523654,-0.7748923347415053,-0.8363027371346528,-0.26247733867528344,-0.5891948244157342,-0.5611219431259842,1.5959123762200516,0.4269143389025551,0.6245657560273452,0.4786296460894781,1.492833608778605,0.33050740648162125,0.7376797305790955,1.25118866490199,-0.6099028881120448,0.23203537137247585,0.5283030163699777,0.15209337330468364,-0.06837899869202263,-0.4198577441460252,-0.03791399379988143,1.090261928078722,-0.3954112907116562,0.3233968207995474,1.6028278714102375,-0.3737184036886778,-0.25820676834447304,-1.448150973790431,0.30515256413049097,-0.7073899290050558,1.6776200432030228,-0.7995475934717639,0.2721847623887735,1.8371853236362168,0.8090547558397657,0.4582661033432798,0.0,0
-0.7269352946893177,-0.2484038102002347,0.9044904059502892,0.7759633263050225,0.3499796261560429,0.3010904590019906,-0.6058656030835531,-0.14236938577829364,-1.2053369712289888,-0.5181986541793373,-0.20201625592538994,0.3746783488786501,-1.1490259173653927,0.037259014785182516,1.3948195663795295,-1.7005077793512822,2.02960340226811,1.6324238238332531,0.523751338259541,-0.6241557988211199,0.5654945257355587,-0.1883604431847369,-0.40613406826874493,-1.1243558157050195,1.342861665628191,-1.1342727310667653,-0.0543741559949068,-1.1690454364935627,0.7431501892718955,0.910498944972536,-0.9145569245294879,1.063757375395489,0.6770500263615504,-1.313409516519555,1.6552358858802518,0.08348779135582705,0.26425106777430424,-0.2099255215546659,1.4366496899033898,0.7942812165768327,-1.0685966282790749,-0.511981938013239,1.4888757220579345,0.6012757652491943,-0.6976692843559605,1.3759540346937862,0.38359859572190397,-0.7258365099939034,0.5899499749453588,-0.4135254729521523,0.0,1
0.5765703725871352,0.4294421410543057,0.5897611156075576,-0.8607487737980569,2.0198299294653004,-0.2570372555611129,0.15989555233588632,-0.5960259918170724,-1.9774270786608583,-0.900965408240044,0.8148023444163757,-0.33524046352700154,1.1654921557659568,0.01290249167057023,-1.6342384344402952,-0.3250722540164633,-0.5328718144324286,1.109548942844631,-1.0340457204026106,-1.0160550104871515,0.442044215061468,-0.9690099810847418,0.6540852653382808,0.17968416480830735,1.5791388015739445,-1.7820410511724498,-0.3036299920221409,1.0281479752570457,0.7766720968587859,-1.143848353963741,0.1388880704134924,-0.33735476775854795,-1.0972799284116679,-0.6466914037086828,1.021625155122235,-0.08894170951800487,1.2393107597003383,0.5568289012242849,-0.6227584839634291,-0.2665688225701129,0.3486123277215716,0.5644728607553722,0.3369998551694526,-1.91863674152933,0.419702460510241,-0.060786267666669176,0.7065801600396734,0.5072276618117857,-0.11311512869268615,-0.45039300292794,0.0,0
-0.5648532151286513,-0.2265542922680933,2.2231549420333763,1.940356925390835,-1.1302397315893973,-0.5602149178545011,-0.5742355823879899,-0.32653671222824104,0.06374699694832978,1.4019398290382297,1.7500587827483978,0.11244641618698144,1.8821175191269612,0.7085767625620799,0.17521563822685554,-0.2314578272523963,0.6416217367607223,-0.6189720863242608,-1.711292278736392,0.5468018922278493,2.7374363122120684,-1.9215957961893133,0.6639392367471835,0.8734687474968107,1.0225384819424141,0.6284257552404052,0.7082885632245505,0.2026891017934755,-1.3553156611331292,-0.0003615758476982956,-1.1927634953682629,-0.3336318619077012,-0.1944560029615914,0.5181939930090661,2.0993301800876583,-0.7252029230504438,-0.7235138212649563,0.9749085337984948,-2.73481215470274,-1.292960563239279,0.011922233172413938,0.02440513960929689,1.071604087348105,0.4105013100190519,2.647452492737496,-1.095860518125335,0.5238502544232791,1.5946893957695478,1.9158650116397276,-0.4712625766108525,1.0,0
-0.1271335777448714,0.8000963943171636,0.5715936452626813,0.5382265985530528,1.4155348272803951,0.2537537507503502,0.9821117296584464,0.12556469670414752,-1.9536754365248223,-0.538808492908105,-0.9366282540775678,1.1247422368382012,-0.2221542464474382,1.3852761721765878,0.1247970067546602,0.8213136084345715,1.077396728372632,-0.9364999659546268,-0.9799875900700612,1.2762763947009392,-1.4303985301998612,0.7447765115488455,1.2211355656424077,0.1445744022109217,-0.3377110666026673,-0.7665561344978447,0.4669479729391555,0.35737874806539005,-0.26968731015415776,-0.4510579003883056,-0.9382683957185806,1.1603250397607272,0.5022640136804828,0.8073280620858593,-0.43969570293364174,-0.2701740197115589,-0.9358576053640248,0.7772363134500209,-1.0370864933246953,0.859710844207384,-1.998379175958548,-0.08757439845790359,-2.356440821767104,0.46636564302845596,-0.5481984532799345,0.8997216231320487,2.8001858054618496,-0.8053063456272299,-0.343823354507988,0.3364106679706899,0.0,0
0.8916766744371154,1.4574462144532938,-1.193294939792234,-0.6173571336911977,-1.1824082901063389,1.2354089724940571,0.8737188454804902,-0.4684639052311501,0.12643288305549225,-0.27898054575550296,0.3479710127968089,2.5360005471539178,0.18519927487151128,0.2865003022515782,0.6111927680387745,0.06963732127043447,1.6626266475699116,1.3268535760673357,-1.3857499015151375,-0.2972046020521026,-1.7572286214001889,-1.9884541043921384,-1.0315330528581306,-2.5410287520510657,1.2147397674645497,0.7165021802904635,0.6294560127662439,-0.9013210531457688,0.9934340509774116,1.0457105715663804,-1.2328744138912946,-2.244987037686806,0.14050758740914127,-0.16763042123756,-1.2170935578022903,0.2666175025980781,-0.24773812796401,0.94012771006942,1.4566428745544375,0.10567706828420716,0.3983952852400784,0.14556459921379436,1.0502450199472069,0.11480068459859175,1.5751191233539634,0.07605462760625888,0.06731675685539808,-0.7340828130908728,0.11425358752781152,-1.2355262207844544,0.0,0
0.7498312196542976,0.11821339405796558,-0.9204042771070792,0.9496283880897236,-1.20041842079343,0.4017504182444565,1.27598401521952,-1.3502213079765286,-1.2132767151351482,0.009428245102180368,-1.097519753020218,-0.30097818797967424,-0.4942486452869006,0.660297006931829,0.7481219350193584,0.2217886341554786,-1.7071301314179097,1.969918810991096,-0.3010196868373121,0.28522122771610464,-1.1314680751640271,-1.0744391969458682,0.38139068172445656,0.25261615322081626,-0.017016922134487127,-0.5513972318394909,0.08624503513882853,-0.7104148305080701,0.4661222617991693,-0.16576484826959928,-0.7233683986837564,-0.9852712056990356,-0.1808396602701279,0.15540898738555756,-0.5533551403353287,0.36866923125709816,0.6937889315554328,0.7004713792043096,1.2976950913365863,-1.5986804000507673,0.2338532927227309,-0.0932847659556138,0.4093307312165851,-0.9800252725673206,-0.22447025462637865,-1.4663422873016858,0.2997432740165981,0.9770887979499404,0.9233600675711569,-1.1697297448202792,0.0,0
0.0857665911240537,-0.08324556285895529,0.0022272792951344997,-0.05688388808780556,-0.20775474580955167,-0.5820974897842189,-0.7197342827489325,0.17479511989621266,-0.5769641335987999,-0.26727917394233697,0.3088732761503838,-0.9046792285054991,0.648839116779995,-1.8903914589251567,1.5054106514610963,-1.569315820389101,2.571335383810273,1.5296833042847813,-0.7157441977801241,-1.1593761663949935,-0.3503756335102812,-1.6026104452733088,-0.4303834572450643,0.8798911114459591,-0.3643308484898337,0.9144388321655732,-0.5679710718463762,-0.6332674969148714,2.2541499802981133,0.16136577131823798,0.02884393652437575,1.1591762573150088,-0.614406854140629,0.08752605950024768,0.23557249466298755,-0.2955272584454228,1.4538585142530824,0.4775219638959228,0.14751637184666566,0.5049184379977099,0.35435613059963084,1.3731257517581634,0.5968002538524243,0.8981413028195929,0.03225281510693526,-0.9534101682442782,-0.014891989623163512,-0.202719502913315,-0.7102467019551482,-0.4667588071726685,0.0,0
0.8828045595549976,-0.3075087736630268,0.30827387010490226,0.039767466607790285,1.3131942195563302,-1.0182744339221603,1.1837412417849211,-2.2571726950344853,-0.5103913619227745,0.8531076953217113,1.2585435022921492,-0.7131683399554862,-0.2554450623918497,-0.5721353182725251,1.3097299612062756,-1.7321819902893612,-0.8387255437020934,0.4393221652011803,-0.6735576028894058,0.2601094503952001,-0.021701460663416227,1.2968094812238034,0.023114335146902105,-0.06825491197934097,-0.8052087828939983,-0.2372080324037725,-1.1339623586301504,-1.5461016697144108,0.4708897136908322,0.035750274571548134,-1.5896983841663146,-0.9796608972718376,-0.3519134784245087,0.16684326323140922,-0.5680429405899265,-0.7573051196636318,0.2458176700087485,0.1667451395766544,-0.962293720975832,-1.7046574231932543,1.6606645088178411,-1.2631090291232112,-0.6267625715522581,-0.37665376180420745,-0.4914008597661072,-1.6344355196682718,-0.4900787173967792,0.5299276754189941,-0.1675497796407205,1.007336420282383,0.0,0
-0.871439299159133,0.8830347746693561,-0.3886567147933134,0.4394383866887456,0.6229286009948469,-0.9200080306032946,0.6001344296806038,0.30782646099938205,-1.0421793243613722,0.8359797911786473,-0.16859631122743685,-2.502607167387989,0.8350792279476443,0.8827199437390254,0.29385856833887464,-1.825065417184862,-1.2954910227895189,-2.295905333196771,1.9822176130693443,2.4881748881292203,-0.15849381665517898,0.9539068544657646,-1.5003559938234774,0.16692528894045675,-0.8227159001085513,0.5965268565618375,-0.2434247554062217,-2.312114743930799,-2.157137638652852,-1.3225826166749863,-1.5180179446022488,-2.132951365180644,2.4360055309436786,0.05389805990875346,-0.4594742804650082,-0.5457799311437079,-0.4228069418930368,1.9831643759133837,-0.7510209056792391,2.845852156089148,0.01809446506016497,-1.226211584355063,-0.8294514947896042,-0.237742450211272,-0.37946243817262987,-2.0341408495646816,1.0305795601823056,-0.12990405719442166,1.037855079546252,-1.0802519868541207,0.0,0
1.3319506987759322,0.21925466333819868,-0.7779814597631098,-1.5531364659439566,0.3737205587234143,1.200703641453072,-0.08585435952787925,0.6910171881232503,0.3951171995880623,-0.9463162591069704,-2.2024300236434593,0.5954306144013146,-0.8518641199014566,-1.258941228515656,0.09358365964795508,-0.4184790743424309,-0.34712265371588563,0.7105028074689019,0.4590596718967969,0.7030870070699543,-0.4921178788172309,-1.1887032640682682,-2.2822868376837904,0.5083462971357334,0.05360634777509821,2.420972752717661,-0.06219278119260479,0.7976785255368091,-0.6212694223032209,-0.6590117297798281,-1.1216708671082158,-0.6421754053642993,-1.6204961053615192,-1.1908286120061709,-0.7571700559877513,-0.7029585666926748,1.0097787938492988,-0.7663749017247294,0.35550316034291257,0.010434898070893836,-0.983748027056494,0.3771108156963871,-0.5737158742662711,0.22346617943858604,1.1893926571206912,-1.0893544326291535,0.8064624946740562,1.3295814212138457,0.2512488242917649,2.511629804251621,0.0,0
-1.607395050593299,-0.6200781739926554,1.0560775076425282,-0.7818694786760291,-0.6359789689470793,1.829340245281465,1.2291902945824908,1.2707168082609883,-0.17357327132190942,0.7363318196263312,-0.29606105953580314,1.6519856888263718,0.2649014778489718,-0.22157862115534196,-1.1328147431314672,-0.8449014890403542,0.9883722266043752,-1.2442078710621682,-0.587220098671885,0.5719524737629841,-0.7035020802284028,0.8713386115054556,0.7653370239975644,1.7426917152185206,-0.97527750024463,-0.1682790458107561,0.7527986079821815,-0.8423443169412458,-1.6372381713235564,0.7422619608408477,-0.008915075346362678,-0.26649209020830983,-0.18493450609259948,1.6504227524294024,0.6507417102004752,-1.6675691705134086,-0.10308152135631886,0.20150647555771195,0.8728138261843069,-1.086461632614626,-0.3210257393714261,-1.9622048207841942,0.8682685479004654,-1.0070756664547478,1.1666550300680816,-0.4028948709405809,-0.9008976269798372,-0.5144706505133986,0.8838167592941555,0.25709620948159395,0.0,0
0.3608046101647252,0.8632066264248068,0.7076349722527504,0.3005416052385177,-0.6529482038330051,0.9870291726345262,-0.03625001897617194,0.7819868625246369,-0.07262823774169075,0.42717136144196494,0.030979861511929795,-0.3810656755628451,0.6665821067959967,0.4054931730583736,0.5655855120214462,-0.5317741060078569,1.109594800359608,2.6038341207558715,0.5508020782860337,-0.12908726747830765,-0.4523433211980827,-0.29116190391592445,0.8193487590771307,0.04969722795664594,2.2188986514446936,0.033429033054453404,0.817896252675218,0.40843958434387057,-0.8249160674241706,1.68125845004193,1.2271628272411872,0.6041293519260351,-0.05800105717918647,1.756026972948412,1.6342986618434423,-1.4333090657877978,-1.170211728850764,1.073484132758366,-0.3829401509053521,0.4297481216409407,0.7615718275741711,0.7294668013310637,0.7908899077040296,-0.17171620172400942,0.9631030183066872,0.5890739853360041,-0.5104056068288846,-1.136210100774658,-0.5930954732348308,1.014386305076933,1.0,0
-0.9716044620932288,1.4049904215731446,1.0574517956192937,0.07793976613711465,-0.7554326829724362,0.4047919221764753,-2.1482109899807758,-0.6165764672200995,1.588243036749551,0.7356427914265032,0.040873466364679895,0.6139444847582345,-0.26702568109514524,1.7226906080415416,-0.4143978982707724,-1.091969203706069,-0.11469173945958162,-0.1874392932881468,-1.3420700933173484,-1.441914292574856,-0.39568952639353605,-0.0728211637166787,0.44221667856219893,0.6596532573845427,0.6067056215473519,-0.9652584628695656,-1.0400222681058888,-1.4945258181796628,0.08796980396713226,-1.1723847164386856,2.004546765141094,-0.3247735899225355,-0.6847224972490544,0.6372001210132031,-1.2102898878147983,0.5188611724592864,0.6661495626858078,0.03633859592666206,1.338123289703208,-0.6901405635497304,0.8083188712532513,-0.4129942009164255,-2.4983595570525865,0.0017760844281992133,1.3469249544046726,1.8256407580231704,-0.19397075832362776,2.3264708854710427,0.011935433598962885,2.1381493617932903,0.0,1
-0.4030285118295196,-0.1082543546551753,0.8982419960923839,-1.1772645455874924,-0.794418553523987,-0.9123666865643474,1.2560528162813949,0.19018654500029916,0.8117380767750286,-0.16391706596536387,0.4690206918238678,-0.03340974425011807,-1.9660738544380687,-2.0586776809965173,1.3329715666735276,-0.33353215267700803,0.20456648436783595,0.4402687992514416,1.3717643975133378,0.03993479080377604,-0.7712087273862498,-0.4666636562135149,-0.725323638737292,0.8238868106851744,0.20737819615503714,0.5283471440927049,-0.64440469408737,-0.6682243290584061,-1.2548150850890598,0.92407237922672,0.5905090871392692,1.2038569603470075,1.9406502098403964,-0.7058563729459084,-0.26118247854641824,-0.7792798821831882,-0.8731948631048321,-0.7191088490999257,0.7432396229160001,0.023466931149985125,-0.2348281527528815,0.5951469884292079,-0.5068768514422435,2.394651311494884,-0.08513915885078896,-1.2902759092690028,3.284868854756554,-1.7904740270315824,-0.7022561736908537,-0.06891878767963558,0.0,1
-0.5311187654501958,0.7422873055047036,2.8258165987489128,0.6617511262730941,-0.4931626367450814,0.5939579935593038,0.6231708706998424,-0.29818511846090845,-1.5535940886583188,-0.6201513015156052,-1.2853631189489512,-0.42637587446931696,-0.6004888568350927,-1.4759902677767816,-0.9088105974870629,0.5994476471614744,-0.8721902812487157,0.6415926215178459,-1.4369912061528662,0.04545140728030783,-0.25112138643702825,0.3029043139480093,1.7200631981865249,-0.8419003430661974,-1.924093773259796,-0.5109243607006556,1.4788370374934736,-1.2571726123630376,-0.10424353045803304,0.23584876102499436,0.20642200802561714,1.7270495420555143,-1.1045348377572881,-1.88351850882994,-0.6169930608569049,0.16335423797630408,-0.4384363896853609,0.10728413155063364,0.7499137478472783,-0.8867940932664197,-1.0360917278455797,-0.995733683195448,0.42307594031739704,0.23803505204851125,0.3938894306997228,1.1874853510894012,0.3874775356838267,0.4720451936068131,-0.43669313598968573,0.9111735776161168,0.0,1
0.6529205837671296,1.2803942180598074,0.44922507923878974,0.6756821671734214,1.9312069655781263,0.7960503578624333,-0.3276679968337411,0.4406981070639217,0.516573553915773,0.6966511851859862,1.3952777010656583,-0.29122433133153625,0.10366372223089307,-0.0025117220894904767,2.0348471026637243,0.25493046075624803,-1.0384744008154363,-0.38607669665111416,0.1353443195552796,0.6974064318853269,-0.2511812430877641,-0.3181855909284314,0.3808444407313235,-0.6510742486696589,-0.3720654129961313,0.5044970498487702,-0.7424665948089999,-1.2631529318470291,1.7746033331580575,0.11904562905741728,0.5337466549347619,1.4522758445510466,-2.5952914208097115,1.3485234405420021,0.4822094983538332,0.3538348945364853,-0.7266913628976096,-1.2338434790273285,-0.8807443788294061,-0.6272183792592062,-0.7900462874601373,-0.91982495123624,0.4067963225656315,-0.5224184968395865,1.0556872634284824,0.5853530981873565,0.14986700692335805,-0.11702057860337553,-1.0552218561101776,-0.6268114637454847,0.0,0
1.1848329069175214,-0.4316457737195829,-0.4745948807682274,0.016249087294244402,-0.2107407466081012,-1.9348169001800275,0.34290570599841,-0.8093295096403305,-0.7652623297466302,-0.7050263069830419,-2.049934923004376,-1.3605815025775738,0.8843251086818882,0.20309549393674203,-1.0486145086465772,-0.5771016085957614,-1.1223211034173208,-1.9227319545029018,-0.4183393130474069,0.593434925234431,-0.9237421400690244,-1.2704658256096153,-0.38939404061670196,-1.3743756648150458,-0.8366611224127485,-0.3474275180983026,0.13942909167218326,-0.3099254944728842,0.18805087913814736,-0.4281622193382069,0.9545525248280664,0.4038181201182872,1.2766780230036754,-0.17255073658786269,-0.6440424169039431,0.3171925036821027,1.2561974679361478,0.3863387853709422,-0.21094843892577766,0.7944167600327257,-1.553401292931484,-0.8891800675675674,-1.108072004518638,0.4244635218225709,-1.9514880892484407,1.3532165318775151,0.15007582927941776,-0.9876990102804776,1.1514943779817717,-1.2073902528810725,0.0,0
-0.19812151445099074,0.6173164902071775,1.0721036519018858,1.6485470074445727,1.4838146034324209,1.0225375653720787,-0.3793387978191285,1.87199736607466,0.7598937553472047,-0.8078334476933732,1.2247481103950817,0.2650644465786221,0.2753608520569994,0.15451519469102562,-0.7338484958745007,-0.8266182364343029,-0.09831239445078024,0.3734241882787886,1.8372395324130704,-0.7469973157780726,0.8147891313274398,0.3274394657254185,0.6089992650062184,-1.1203330341889743,-1.7200452170740788,-0.5308213080683521,-1.5183261848219864,1.110112869124004,-0.1558630395869436,-0.4499492783809798,1.2186916184776622,0.4504573742136609,-1.971195373556495,1.4278852904721189,0.5861246720099806,-1.6870951527277882,-0.14465851315407655,1.3380288066934318,-0.5589415582460139,-0.697767949371721,-0.9783670178253928,0.5241208086598778,-1.2445163027827586,-1.5267710240338033,-1.3505637838485316,-0.33808577624123504,1.7140356874214882,0.7524779950199193,0.17279030560368874,-0.7698841358217409,0.0,1
0.8022364377127752,-0.04593738449849385,-0.13763020234987908,0.5022199000649628,-1.7076797576910454,0.21135462195772148,-0.4343845426806017,-2.435657365348288,-1.0321017333718714,-1.523066482544471,-0.9310986827165018,0.10170262991083816,-0.8523984483406274,0.7380356073062172,1.4057037905505103,-0.9494415534460164,-0.10886560770761307,-0.14160269095790584,0.5596084800710653,0.2286599469064869,0.13836524274437914,1.85401682262228,0.0841134478518948,-0.4330507577171964,-1.3259776331783073,1.533585531113158,0.3966228909272452,0.32770432831171303,-0.6394758862597889,0.92733375203963,-0.4035855719035401,-0.4367386819613279,0.6774792815054932,-0.7843237456581407,0.9434686252795518,-0.584135349209183,0.05088419268248317,1.259715919611912,-0.08093241332673108,0.7941107187913955,-0.26036053621860594,0.11747861449908355,0.6400769968230188,1.3955095280989986,-0.7853829348068069,-0.8644319930925196,-2.548034682117729,0.3651587255258768,0.5553272913870629,-0.8204870647055702,0.0,1
-0.9065368301092888,-0.7579980981492614,0.35054185062831145,2.308525911493576,-0.11784815429011986,-0.12988787726479262,0.39246436922113065,0.5710796436910511,0.6909092120188774,0.5669139525761919,0.6546764853974839,1.2174584955709884,-1.2646755663412876,0.9181966453617728,1.8554566183136707,1.9983134685964703,0.06525993988241728,-0.7152609124660806,-0.02907887272548193,-2.409868089125778,0.2622067646367679,-0.5340418559194487,-0.4536030960595493,0.3819752162193603,-2.390035757608523,-0.990344019720833,-0.2046093907536057,-0.9924032907896722,-0.38836659086248,0.19441545990831746,1.3442421415615031,-1.2943250624142293,-0.5902454330180986,-0.1194583920855041,0.9944896531578687,-1.6204081596369546,1.2478939917273706,0.7189793139108553,1.887019764017426,1.587578081212824,1.231818541216408,-0.5907741651306425,0.12422584814889155,-1.1961563292750932,2.4177926874852367,0.27684822688389765,0.05559192112209877,0.3826877150227504,0.5301165847958172,-1.5471685489468072,0.0,0
-0.8733144328150181,-0.4657035752990176,1.5151636694548467,0.5333183018584168,0.7948080928586975,0.7906267354930522,-0.3328036379415976,-1.072768618649098,0.08436333028267344,0.6825039633236156,0.8622911400567052,-0.4092525432865336,0.5500862885265068,-0.29743316230497874,-0.4745428672367386,0.11189361822078674,-0.2350179111905905,-1.516873430440028,0.01949360210724546,-0.5622768013948709,1.088726090656574,-1.2181651342250674,1.4287285106037566,1.690226279564559,-1.4251489598388147,-0.4656963187099957,-0.0105038456885562,-0.8316451218242478,1.3347103544634815,0.2214227476536363,0.9263821462487706,-0.3242266597886471,-0.02439939114599105,-0.5927222522775533,-0.4652384423484928,-0.5118772294625346,3.160957560646791,-2.090925645332994,0.09895359062473508,-0.8847827019982055,-1.0850350631722816,0.5573593262881367,0.9848361851150182,-0.11478182199977785,0.5390543344745888,-0.7510580237633773,0.5014336108814242,-0.8111162308258529,-0.025519749703652943,0.5782452840160602,0.0,1
0.9920779851245184,0.4263512012046311,-0.3183933657603783,-1.1675071686345082,-0.6871835212614916,0.5573641795458801,0.4328756545350859,-1.5917272903618898,0.5739787256280244,-0.3206193532192565,-0.7570929047959242,1.158500169747749,-0.4731214743568065,-0.13961273270706714,-1.20284122299415,0.4645009591778367,-0.07328676595290716,0.4210522291611802,-0.14595457103165424,-0.037955799300119136,0.9900128512921872,0.2401944359056421,-0.5546819158749821,-0.4609892342446809,0.003985431331396618,1.0324341740928986,1.4530351286077818,-0.8072279780672953,0.17939080443902208,0.02529913156236413,0.0584468423841138,0.0825074479602841,-0.8015977708748888,-0.8504794098639344,-0.5939757925237411,-0.344302055086117,-1.1823015025476011,1.6429931634330932,-0.34564578366686755,-1.2829346018795291,1.0352759271363732,-1.2997299328411962,-1.0608599312546578,-0.5088637861577134,0.449364379995802,-2.586561138120704,-0.5523916894383896,-0.28605619324553483,-0.3973943742283101,-0.5668672708441808,0.0,1
2.6339750249595486,-0.7063327672566735,0.8988845429193273,-1.1920256022338511,1.0388121459872643,-0.3656183378177732,0.3296934119157721,-1.2438029935922268,-0.6832491742051696,1.1783117532958045,0.060188271120116175,-0.9028966073443538,-0.3354685794341502,-0.05644403022553152,2.335883571744665,-0.5234805568763268,-0.5639862795363434,-0.8850910035776655,1.0557279744674242,2.900795787737529,0.0023334415580623423,-1.3415377764501757,-1.065848995501813,0.15991979116186444,1.1830127638155568,-0.7363602599082121,0.3036803050531629,1.0980149970996194,-1.9208308804273024,-1.010906098614056,1.3828684868540382,0.9584944099077154,-0.9953622639489464,-2.018503784897881,-2.546800506919111,-0.06956348672065686,0.8069769166609426,-0.3542021307370265,0.7324908352539787,-0.9541547472071537,0.6596349929982875,0.40489434930038615,0.14739219829216044,-1.4641386569282149,-0.1470734198783295,1.2699175789821515,2.1545532146871267,-2.378843631083663,0.15934093365671398,0.7622775541841067,0.0,1
0.8093284404004525,2.5347592461283845,-0.6042787913522932,0.8837146448765383,0.4313768641117589,0.3543328640899375,-0.4840931135564008,1.4449239415959227,-0.5912437776570405,1.1438886787147955,0.6173229750470803,1.98950236522034,-0.5226050615752863,0.4206906825170961,0.16351122780945326,-0.8774984496037471,0.6119146952734027,-0.7018941927703402,1.2196469130943202,0.2666529562980505,-0.7066391043174708,0.4853661141509426,1.4052015307475771,-0.03960927220775909,0.4264673123848757,0.6160215950093607,1.1489547968659022,-0.8055396725590152,-1.0476106095914506,-0.2610088669026985,0.6940454751874631,0.4436540953590286,0.3244340403064257,-1.3730939741389443,0.3126562060219235,-0.5374813027356885,1.4636355390686386,0.7027619181340025,-0.013651665614734573,0.4831854286696933,-0.021477754613969398,0.00538853256985637,-1.0641868513399153,0.4330156901253058,-1.4249740739838588,-1.348218618622553,-1.711412042459545,0.8609731733919443,0.8405243524096183,-0.4222223566862008,0.0,0
-1.1849406225259376,-2.145626097971732,-0.5538151772680971,0.7257253621449282,-1.0201844560115636,1.5845985372100433,0.041292377162604685,1.4980477968276968,-0.6085343215890485,1.1162915112382457,-1.2715584802394384,-0.38767327780783467,0.9639093342963436,-0.5351840707614636,0.3603955941499625,0.5126900770867636,2.2888899508566536,-0.022053504061321186,-2.3174721021594094,-0.4514447635335746,0.4294414857137784,0.9770757737761248,0.7353869562750519,1.5650900192371957,0.07913741260315002,0.4608993546232256,0.8569356153171181,0.0591423335336745,0.5305333521418487,0.1738191930552238,-0.6703400524642773,-1.9016024596181167,-0.3092521855847891,-0.09529795134553956,0.6166759782682053,-0.8715923994229764,0.6107658161563047,-0.06760426437943566,0.8120991663033033,0.5396988299536902,-1.080429905555921,-2.755127609003728,0.5709924373506942,-1.0101517127197777,0.6811074323126216,-0.5176386231647425,0.03809147117032258,1.7850204478775722,-0.5928060244931324,-1.6326203798924577,1.0,1
1.8167810645484896,-1.377653298207291,-1.380333459339406,0.09404710141133456,-0.8208633314142435,-2.2119453885972336,0.5781732537688924,-1.2738247156549236,-0.4826258019716537,0.6334158859284643,1.2123235899093592,-1.171950550389103,0.5588268469276445,0.009537091578494706,0.6965732374505076,0.7011041469846053,-1.1571890257547512,-1.7257783009611898,-1.186234857459299,-0.2754264915936954,2.282239719125997,-1.0980409701107707,1.2332903532370827,-0.3123239084843653,-0.5912878042593906,-0.20522787941806855,-0.5336584457320801,1.8426011726903608,-0.5465347253241746,-0.5498655163334406,0.2062750825872706,-1.1092303578650058,0.31165286713289114,-0.6243246608289016,-1.3510066887877754,-0.2546578855449722,0.354739013338055,-0.6249966079701125,-1.4305752291212843,-1.6897916955593897,-0.013571127370899787,1.7193997094330964,-1.6490607997923323,1.2334956234510321,-1.7076042456907583,1.123452651142936,0.4322554974388653,-1.63172614583269,0.9741336822808112,1.7380260799300111,0.0,0
-1.0151266590011443,0.15147594488680372,0.4338800051806881,-0.08351040683035403,0.6720507632834437,1.1535243515580045,-0.4605371588962031,0.057516027909451074,1.5694640388363674,0.235359385789614,-0.6467044486342425,1.4073289566096019,-1.344442352489418,1.0544714761503535,-2.695643977709675,0.4905677645941003,-0.23884122779563416,-2.419119918200204,-0.5447518315243775,-0.8149939474925314,-1.1925611557444342,1.0662147414154646,0.6971167032290503,0.10574258679201758,0.22092146131072327,-0.3136335388526303,-0.5805297779913174,-0.8131758798097857,-1.631065016604222,0.12293812227773787,-0.1429964133439213,-0.4497458026251908,-0.4499609919807832,-0.02411760224484,0.36135836044901176,-0.1807375054206254,-1.2731960149707509,0.7167056070273191,-0.8993983761063848,-0.8159037808582377,-0.779654550957028,1.846584952015852,-0.3946172151111771,-0.8115993007578929,0.9088043448672941,1.6769884242963708,-1.0741288635836552,-0.07924744335976201,-0.10439307091448144,0.6675201792328742,0.0,1
1.2938840424017617,0.1349019378792958,-0.08330723059197237,0.7647285601058108,-0.496241049294253,0.6553275207425203,-0.06825467354993253,0.38376481538472695,-1.2575497038824062,-0.04095936009330341,0.7708905388129194,-0.6692547416249015,0.16775349275163964,-0.5437634758191562,-1.3368471462019709,-0.4596013646334591,-1.3874953234048724,-0.9947758214726516,0.917593500617834,-0.8999768789701482,0.34289546661112075,-0.8192684468285092,0.1459324746870921,-0.8620692594440496,-0.6453798251904744,0.16906838114684947,0.10963659070830037,0.5890625651996103,-1.5213141313701033,0.2740980951507088,0.37839232952626745,-0.6718700089005861,0.29556532581879386,1.781259663760113,-0.9563385539143938,0.29076446947396106,1.2431885961672202,1.538718005439642,-2.263055193881214,-1.1994154227828315,1.620874436484064,-0.4017589905523328,-0.08099881303612662,-0.7065146029166891,-1.074995091358285,-0.7433839964141371,0.5299959431656724,0.568054182945276,1.5161347639755896,-0.7903615142246775,0.0,0
0.008278078455156945,1.1020410506052714,-0.7738190942313452,-0.2028738708989283,0.10667547117444297,1.605423002541337,-0.5767728182959447,-0.25371712357148263,-0.5343325479755188,-1.4874837010783233,0.05511410065124978,-1.0203703646206423,1.260768088013001,-0.05500785760253297,-0.01859561717614545,-0.1024584242652795,1.5537530413669027,-0.16434527665942505,-0.8805656886297474,0.2863384714703678,-0.09334381999110393,0.619261643440193,1.0430736845799422,2.0671279197275294,0.6990744304748637,-1.00530352378298,-0.3015708275879464,0.7269905054004966,0.4357976974544724,1.2855492380962257,0.8022357577848597,-1.1307744822697603,-0.12728194572092688,-0.2322242251093461,0.2907886093246045,-0.8792264728850415,0.5053332414808409,-0.09323985140357724,1.9963676630774447,-1.1369923892505922,-1.7434760870889423,-1.0814917158534665,-0.2950522342440198,1.6907847676292591,-0.4052952203142157,-0.4202609639160869,2.5401358667357736,0.9554795422164668,1.1143062502292191,1.3662847599192904,0.0,0
-0.6302635503114653,-1.0756031211093051,-1.1271871074953792,1.9317219447302592,-1.458141145041988,1.380937072377679,-0.6292766494952312,1.1333369685274164,1.6188643569783752,1.2377227183417818,1.2083067317654823,-1.4974899451808064,0.7647697598605532,0.2873374141385373,-0.3314695638375593,0.20926059072599595,-1.9962877535719,-1.6521211936354658,0.689513350296155,-0.15219556133613973,-0.5655802381404036,0.054524088094385116,1.9790643665424188,-0.7224817005156758,-0.12170161870737856,0.3791221815366056,0.9975040328425481,1.028458433030775,0.9862676131926204,-0.8650767094522039,0.4221194444246323,-1.8815283577145816,-1.8446452458098883,0.10633868498120004,-0.6194481140608893,0.8623483426233141,0.3813006511647836,0.8959497167843916,0.12265182683680405,-0.009929677489651071,-1.6924080792897724,-0.5237928783258131,0.4857827086538331,-0.08517361019360832,0.3895180129216216,1.1257256741894899,-1.3500770346382227,-1.5022025918469268,0.01999993047591849,0.29498713030780344,0.0,1
-0.07236400809492245,-0.4441882869902236,0.03141171396135745,-0.02605301853484038,-0.6881037237690026,-1.019739774543261,-0.0936898692994135,-0.3371481002946167,1.4127392515483528,0.11861404207098705,-0.8917566826040855,2.07760615695992,1.1275694445168831,0.7426295365987808,-1.60952779809874,1.5342548807827503,-1.4224784574592553,-0.004366893790597632,-0.4926460837122328,-0.5401457820895025,0.3427778776200047,-0.4255567426805612,-0.4297969527614252,0.16023826092670498,-1.173394206650732,2.1888871680999844,-0.6576169885156746,0.054918377349134094,0.1139113552216127,0.03235095180486565,1.6397380398575727,-0.1492162527909468,-0.5796309477352868,0.9414497244353832,1.5520745008225805,-0.6043345527482289,0.1239083570315129,-0.4299716627634634,0.9348875123613086,-1.0118962024729323,2.2674932933991907,0.6991807342616229,0.5655448452075748,0.4822811280329093,-1.452398674418408,0.6297342039872444,-0.6665013665813545,1.1722153981745504,1.0216828015945365,-0.1321864003803791,1.0,1
-0.034030604883454815,-0.9462766935313572,-0.2253195464586652,0.21406838053442895,0.2420702270383913,-0.2348181217643261,0.4825355155050649,-1.0446430860292275,0.2855778904469929,-1.2253737950933328,-1.0688690114944226,-1.2187255147409959,0.5872022973110222,-0.7347488961741964,0.6118730474406439,0.16562294020180446,0.7248210743529288,1.3301485457851376,0.1836326255346208,-0.3186076859203157,0.28732458790656873,1.1869065253950015,0.18503772160194332,-0.09644540090311368,0.4353482769635069,1.1465934458716665,0.5484659928843028,-0.4352368316871904,-1.1667795073756542,1.303242123236126,0.1764354318784115,0.4816034253341396,0.4278387610814348,1.4784886556425652,0.2373910892248457,0.7552684437667232,2.492670201322676,-0.2078488065224456,-0.8734388743277265,-1.0889976381975128,0.7243044066012158,0.9491005844206664,1.03927074797931,-0.5614532495163087,-0.9426884997651868,-0.017483100524370392,0.3405097307865077,0.4372730676312688,1.4721358717512358,1.2649204567103716,0.0,1
0.6099178020944761,-0.07722775367035856,-1.9412662910561156,0.34143470998675635,1.8628551351223697,-0.29523047478727005,0.4783165058214792,-0.7151904957409182,1.237292927160557,0.8403886468450849,0.7241272794310375,-0.18015930523162355,0.15257918672208845,1.229942937860676,0.2720768882269501,0.07507401007744499,0.08681927006536326,-2.5153542762884533,1.8500438785729347,-0.17580645673226966,0.9034630003902674,-1.545159349411475,1.4414778960070702,0.2688322271564248,0.4290540360918662,0.4363884002457169,-0.4382601962147403,1.4204984520414792,1.9554321006834303,-0.39157541669177737,0.12072220793889915,0.4140250968447056,1.3665057256711728,-1.363219984262961,0.015653659985217002,0.9046602101137592,-0.806901090380598,-0.7063103537686168,1.0528919170355409,-0.09347128651554497,-1.4389505404207306,-0.31126891022505165,0.8056692388759787,-0.012550938984415044,-0.2608229092907157,-0.8894777340366425,-1.6158992125782383,-0.8519646026261832,-0.04118014376604755,-0.2703269017615361,0.0,1
0.031725045535384015,0.23678855856354145,0.7810381276952163,0.8050002926399489,0.1871370936444371,0.1171559017070947,-0.6218872917977043,-0.15418827321928066,-0.3006763844810857,1.237895723220651,-0.30479019237072064,-0.3109508959487611,-1.4813145726785657,0.7501355410247276,-0.5685319084629417,-2.9155082633594662,0.1347245028811029,-1.5818504737749666,0.9497445731568391,0.16877783313993874,-0.7123696744110026,0.4801189265436458,-1.7170201085137426,0.9877043158942752,1.7018092997837797,0.6869389871944155,0.7736738785914568,1.2307097415501942,-0.5401270146021286,1.1316473739508757,-0.2257244648017805,0.4805342711802958,0.3215984591883753,-0.4903106406097569,0.5589091956689676,-0.6669865535536007,-1.0874216568166275,-0.5519407896937369,1.8543243584301117,-1.26028158427689,0.13129086260833933,0.16698719360389375,-0.8661020031301947,-0.3432349308665709,-0.838639687019119,0.6020181474084174,0.22647032436394954,1.6975638401887396,0.4087062397137888,0.6561383357107211,0.0,1
-1.0294940734838982,-1.2718959184045433,0.26751746441238633,0.2661207438710037,-0.13360876724577653,-0.2300354705656825,0.4927219023823451,0.846408552883524,-0.3301334242407392,-0.6662646599354834,-1.7503209868820169,0.08726773978755183,0.9843491175988728,0.01535402123962531,-0.6438306471418347,1.2894322781641234,-0.3905911020805933,0.29613136911318283,-0.911602447727448,-1.4291950810268077,0.7508951271747765,0.28055348433705496,-1.7230338411195505,-0.17463787151143753,-0.8767654729783458,0.8034038792987717,-1.7946277642287007,-1.1188250299511502,0.07631277810607462,2.1689242491050043,0.36396008119795054,-0.27197775831061743,-1.0378319129497466,-0.3047349731418832,0.6525157728243721,0.2882467296223604,-1.0560352198705003,-0.13163026203971448,0.5095531889748454,-0.1964264181352552,-0.8227926756018337,0.4044796579143206,-0.5708839272784257,1.0468613953200594,-0.05836342348200722,-0.7773458274539353,-0.9132163542101899,-0.9604496173494956,-0.541377969520307,-0.5103966032360758,0.0,1
0.927393193305615,-1.3259207407851312,0.7945782896249146,0.2587243594470197,-0.2510112435869945,0.4536353229582452,2.324579367569558,1.97554414743219,0.16033579145821028,-0.1762388970637003,-0.04065251215932465,0.3011027222810425,0.24692765209591336,-2.304432493091217,1.6577948782275989,0.2218476626034128,-0.7312929462020654,1.708914173491805,-0.4667770200711799,0.7411581038254681,2.5898050242479624,-1.272917915310656,-0.9247047785018732,-0.2885266266540922,-1.812906300260244,-0.7516906726889787,-1.2967604132057082,0.5154375952311372,-0.17984951552414571,-0.3967710580911382,-1.4829267047762884,1.8806194258692317,-0.5596664806142444,-0.15953787329890246,0.20106836720593166,-0.20097283704509325,-1.0924243470432975,0.2821610397738092,1.4010174470889118,-0.015688579392980802,-0.28876810696675226,-0.0672422080330455,-0.5806852655208861,0.07877312834826103,-0.9335740874984612,-0.5954122440505878,-0.7318451846480281,0.2064342455906039,-0.8915826170079932,-0.19561260538262149,0.0,1
1.4526989400594648,2.987573075366922,-0.43732876968082207,0.712592172995972,-0.0767791767972604,0.7864736337585027,-0.22658176915856235,0.16773457746114806,1.0153163681805468,1.2770482321633592,-0.3896282222785855,-0.6324092715402168,-0.7547470210319013,-0.3962942062287253,0.9261926708119896,-0.14822296182069006,-0.5722846624160833,-0.4641087376524909,0.501255272585055,-1.5987349526544383,-3.187168135105705,0.6749949167511826,-0.4661883200101364,-0.3472671754057921,-0.186799907154814,1.2768416543618617,-1.7952466243812648,1.2872979232475552,-0.04796921308299645,-0.8164950338156172,-0.2565006848907073,0.60080317057225,-0.3445075801568218,1.3789561884376045,0.2609292893200031,-0.4638012057305707,1.0720870120239765,0.20750666513836075,-1.215305953864637,1.2886925553164252,0.6159204532548217,1.3945452204800637,-0.9576658991189878,-1.0665190294991964,-0.6223600794578039,1.1048987983454204,0.23469392929751484,1.048245270888808,0.2170788351054392,-1.9262200029282777,0.0,0
-0.10112520092053832,-0.2576734802363952,0.6912425481972176,2.090014438659044,-0.8705576929238062,0.7806121944010878,0.6196787777652556,1.4293764887102975,1.2327705700243583,0.052999580492802865,-1.2094850153215508,-0.7175629031516285,-2.254044349962172,0.6225082521763564,0.3781808260666954,0.2463796448478026,0.8943972912303165,-0.6561163973435106,0.2644429838377811,-0.7005980022378753,-0.3330382543932449,-0.4948803884423589,0.11179681181110032,0.16997463393875026,-1.7202937421386892,1.8708928626858916,0.6603400517439855,0.3461060139400197,0.3987870970044726,-2.1188948278496897,-1.8746897042007244,1.5089517118512692,0.12236983216526524,0.9925042781584098,-0.09521775586930904,0.6950801391552259,-0.8025761517846335,0.19246538011019884,1.3589628406852952,0.15402211863807833,-0.950796515893378,1.3990125372441553,-1.1488420864997442,-0.48896117660382105,-2.111077900033272,-0.8323732982212959,1.2639706836737044,-0.045088014145537585,-0.36255489812720015,-1.749026313511292,0.0,1
-0.6853357899333651,-0.16837076186020766,-0.692467088094299,-0.6574255834035934,-0.44821647202206427,-0.4829891806623235,-1.8190876893533408,1.1692892249408449,0.7406695797492107,0.8587949786308368,-0.318293866207852,-2.2965336485478796,-0.21781759511691026,-0.4854390349229028,0.7109131420566416,0.11015768500826052,0.4723931003477752,-2.2893347214997046,-1.9018301523453576,0.8691422165946469,0.8117775764237283,0.02491578984789601,1.89569505111552,1.405108619605042,1.4151590692984444,-0.7968125039226637,0.23981833292826,-1.270576902011892,-0.3802479941635272,0.5715496186252542,0.8504874850676657,1.2959656303169742,1.014519964723297,-0.6175695787026495,-0.2224306417315888,-0.014459663306626484,-0.6261298602529136,-0.9777172188902696,0.4424732523823796,-1.1669684234845212,-2.094674179288112,2.1119177741474515,-0.6059722472869151,-0.6794303474892683,0.3458203093047686,-0.2058940682311777,0.4846689503900672,0.3976407875454643,0.7463491879107247,-0.5602147554139487,0.0,0
-0.05962174378272071,-2.586321208806026,-1.357355302520837,2.0382246850686827,0.18943177688113694,-0.6598209855995856,-0.2026808905576312,2.334089828292824,0.7414654411552923,1.0763990110978792,0.13109294355168624,-1.3109459135579111,-0.5018971104862375,0.5063352012695628,-2.215607246101924,0.4014770485544769,0.9614697728376908,-1.5446692894344505,0.41469997276467935,-0.109482947722143,0.4541607292024411,1.3998856611042791,0.34033932329848604,-0.4452252053451649,-1.194945379611044,0.6330386560256694,-0.20783071322628688,-1.0190671952279713,-2.3497254538944365,0.8568456726796344,-1.1615496032882946,1.0386435709937063,-0.13440686868229096,1.6779122594176945,-0.838257974339749,0.6708515460576919,0.7030078446744166,-0.8124165709219597,-0.0067427693623478896,0.021397399715068082,-0.3462984447127577,0.26423797135276555,-1.4129092211107248,2.1644549977937504,-1.381465181266328,-1.3652778771189105,1.0183835728588546,-0.5405044071267725,-0.4840544525534547,-1.7267311197431503,0.0,0
-2.076852032571181,-0.38443236168085376,-0.05278446443533113,0.3934313593004537,-0.9981351432720954,0.3983397379751722,-0.061374532484460176,-0.4593302712351879,-1.7512354797065872,-0.41447822916063387,-0.5362307850142556,0.9095259015578149,0.7548151675449803,-0.24818351893951796,-0.28054248966572043,0.0663807680561631,-0.8278240640948477,-0.9103287319387372,0.9704440702316528,-1.4803839376960781,-0.18845741783549688,-0.6778073886175058,1.7289804121534742,-0.7249041327762191,-0.4645518909753982,-2.5465403586842266,-2.6470048774498562,-0.2941691480209343,0.5601399116505329,-2.0726364450698282,-0.8752970755677382,0.9222599737693966,-0.8349176854731711,-0.5825226864298341,-1.0508653874025948,-1.0011391098575202,1.6980331746231725,-0.05107799546263212,0.7369939290150174,0.7347743959483515,-0.11035385597184648,-0.5860923202883661,0.8372808289241109,0.3186524429630247,0.0022108575471262216,-0.07406327496398023,0.4634076617399503,-1.0967053701639982,1.1241463292759022,-0.7338549630309661,0.0,1
-0.4489703336280002,0.19431819457113067,-0.7870872110545252,-0.4413189957711709,-0.8528096727994768,1.7178045499572534,-0.4378392690926555,0.032537612276349784,-0.4067602993804519,-2.9083366742636447,-0.5102691997929394,-0.5160474573346889,1.7673337062713048,-1.6449127331432951,0.00031253830169977314,0.1490821004837748,-1.1680946524233358,0.021498145878328663,2.0677261770406195,0.6343673675362458,-1.4864315373275951,0.4202793395356793,0.5684017215740361,-1.7642705376744827,0.7710254721599784,2.6578047964254092,0.01751278967915473,-1.43578680317738,0.23939058389419984,0.16723425939819705,-0.9259619930482592,0.4485111658138354,0.7370926292827767,1.7675340019514996,-1.4741478947242728,-0.08270520110635997,-0.2824536266597426,0.3717966445229144,0.2373013969342772,-0.5938254645252946,-0.17618055407429029,-0.4340539957787027,-0.4026215045294839,-1.6494867416968677,-0.7998278901603617,1.5041227252176637,0.4784958860284929,1.5297094561285256,1.9795063606569852,-0.7606586487352599,0.0,1
-1.0935050724472477,0.5694325603895671,-0.1871885936551951,0.5884953773623081,-0.8483803428248535,-1.5553380260742178,-0.6579548652785638,0.01583565505580912,0.046789339167489785,0.8935202673201117,0.6457475792470273,0.3030507226504585,1.6958705770763034,0.4853580816818204,-0.9927978672002792,-0.6418831592726174,2.2067457561007777,-0.29310409348489314,2.0766642657018908,0.07294959774039947,-0.5367773508988278,-0.09219110001728313,-2.2192569544728515,-0.8976409974322113,-0.2411456996360933,-0.38134242978368,-0.955468736739741,-1.4415650044998485,1.3087374395857172,-1.2087573946130539,-0.5625398927193767,-1.5336407398504808,0.7401924210315451,1.8243855874834167,-0.2403131510610126,-0.1194398696555614,-2.0413713056170013,-0.3010925352255759,-0.5430208196539105,-0.5000718738898983,-1.4745531084516612,0.2574854526588501,-0.7674726134441027,-0.12484925256835752,-0.767463878946864,1.2303537730362453,0.0392105450426215,-0.7800753994522139,1.0353851691736702,1.0358803026140782,1.0,1
0.19034868312001454,-1.047462426555752,0.7255416640523743,1.3053340373257227,1.7034803313734304,0.1920533421317892,1.29182209773781,0.8242019825316691,-0.4523846735930026,-0.2801225526352106,0.7081083615188791,0.2732755825713005,-0.7632792380753786,1.1815257475664032,0.5096653015457746,-0.06846460235979576,0.4762908285595159,-0.11097272709297933,0.2993412761055417,0.6777465658685139,-0.07299187293380219,-0.004120911657963214,0.4541401408272596,0.10045477823917898,-0.7453363097633562,-0.40670033676484496,1.2002703761481197,-0.5077522167023152,-0.8795803468666372,0.29364020599455515,-1.303235196642385,-3.095021757803398,-0.8443396311266743,-0.01680945684946849,1.8272099874159249,-1.9981163904766783,-0.09323669906717293,0.2191305711895024,-1.3388135938485697,0.9486106510909394,-1.1221666262560597,-1.8544998513266369,-0.10095071214419073,0.9815532129637404,-0.3306642105155045,-0.4939069266425258,-1.0873720537423206,-0.5621939558565948,-0.4955854610248792,-0.8619349538877532,0.0,1
-0.14062114457855526,1.0705839395576606,-0.3393550877556237,-1.028091114956921,-0.4649105305156236,-1.056328368481418,-0.9677401712351492,1.045693091442302,-0.5245500231847179,0.5241695489416457,-0.2631492780815536,0.7876147585428439,-1.2150317138868236,-0.09878138734027256,2.063759224137855,-0.8664131557468054,1.3877697508030304,0.20529317455620147,-0.9343741781795882,0.8480746495914179,-0.3008278367899277,0.6392438699842459,-0.17679756786054185,-0.3824184507954178,1.1971768901968889,-0.6845263322629545,1.67672341528079,0.3613054688391471,-0.1998126780977888,-0.13476305317809986,-0.07390660442799891,-1.7406807623494356,1.6155929962554203,1.1765546243899765,-0.6082006550246662,1.396677973011357,0.5365061392715202,-0.28504677831507563,1.9146137398067928,0.21128668926078448,0.42927694079433004,-0.8324052891730054,-0.6642062388403908,0.398703183316843,-0.555317897278646,1.1337381217676763,-0.07661479992359185,-0.6656302425281637,-2.2932682618018574,0.9279332314238472,0.0,0
1.269852349311937,1.5826322637622896,0.6758899044498965,1.051970885958033,0.31166053945380184,-0.8813236772133609,-0.3913470830004189,0.2351512966664024,-1.515075836384428,0.1702664215208501,-0.0014660717997736585,-0.8478021013965891,-0.5331712007217894,0.1752746579979181,-0.5926210592819015,0.3013098189164865,-1.6059116772296749,-0.050018084513241336,1.350486232795013,-1.4519474285425351,-0.015518660385161866,1.5215529922721025,0.010570608987282109,-0.5708983703695111,-0.03331403725808616,0.3817498827519836,0.3028310993817581,0.20776110174069476,0.5990996581872176,-1.4359741297869557,-1.258938278496623,1.3233889920818858,-0.040218869446978785,2.0849964445590183,-0.36483532761395293,1.3962815405306517,0.8396241971107263,0.15488014720508428,-0.8153393776725018,-0.9567468464688332,1.765465105798428,0.4352813498397622,-0.7910671982432488,1.327974731427913,0.04052749789055874,1.5726439908815693,0.0032117983421420873,0.27381401580656123,-0.7719683858136055,1.260707060140568,0.0,0
0.3545209093810152,-0.4860020912872608,2.0956170097482363,0.33759846024826945,0.9838851309986151,-0.39319326526700704,-1.1643192289129096,0.8889624427830711,0.9062435867335474,-0.374032285667366,-0.09225112207488682,1.5377546044950048,1.000738717772647,-1.2740027807896988,-0.4386566617390754,-0.2523345621322415,0.035747459394801485,0.3011165784474745,-1.0770890503569062,-1.3645336363005476,-1.1669196976396259,-0.4074441244818929,-0.4605870242746328,0.030890658925325536,-1.2198386221117357,0.2548237666764427,-1.8555052278023896,0.3618120726829928,0.07657960966094456,0.20405494638346824,0.7535314351108864,-0.3735176757029319,-1.9118314335919429,0.8102659698043533,-0.4795038857775517,1.1474096186499263,-0.3535664528953216,0.32190889353333585,1.2278698848723186,0.5939971934772847,0.12992822917650382,1.6511107570491794,0.4530220181809646,1.1519436567038708,-1.7261036789938238,-0.6751250454737928,-0.62883057265574,1.8376691732864203,1.9461330248576385,-0.9454714306924474,0.0,0
1.641302918258977,-0.18687452422536968,0.6826883226755236,-0.012632186316277813,0.14016476519020188,1.375540097670409,-1.3284035251536588,1.7824473525179112,-0.3096221989058482,0.4460823333650664,0.819544298872752,-0.7302722370292078,0.6207547311209128,-0.8411122348223642,-1.1798474747689118,0.6733346462442521,0.8229863728612694,0.5978695686848758,0.34207073523284554,1.6266297627915267,2.6877864348406995,-0.9745784595940524,-0.99061877652726,0.5510167993531163,1.4322153898820145,-0.7469876429518546,0.014198665638144457,-1.8083668227894416,-1.7699191558786782,0.6222610890826404,-2.030774073352546,-1.5770440882998389,0.13504150091935768,0.6242592886429452,-0.12127967170192774,0.3955261908833956,-0.21257343424988684,0.9481042976323656,0.6173006598109164,-0.4290320348378656,-0.491412006628133,0.3510605343083979,-0.0035014071367562107,-0.8174501499480563,0.8271045299556242,-0.3796413940579317,-0.2809416025645253,1.0342988054695472,-1.485295452464822,-0.9616682981958016,0.0,1
-0.632956757930481,1.2746678581913808,-1.2277440176064984,-0.6001063816421724,-0.7144678960509008,0.5754288429293881,0.09607322153156836,-2.669839922200677,-0.14589796081873446,-0.09042658215066887,1.1735895997263217,-1.3581063087618974,1.1081413982748134,1.1225131133010933,0.06000335527412519,-0.9625177928553852,2.1277011119551466,1.5563036967534392,-0.9651386812719128,0.33288978541766684,0.6901655675412841,-0.004558688941578403,0.1876088472867997,-1.3999396132455997,0.106644243792755,-1.1298447390939794,-0.6227149104140289,0.8701647160328778,0.3481231355515285,-0.935579162683398,-0.5772083402675203,-0.02083885219209421,0.4477401433433812,1.160069699639271,-0.2543048272616394,-0.14196419493056436,-0.06339862227468282,0.0625667240735864,-0.5819844949024189,-0.6074364420176709,-0.1050821897573868,0.4994020402348765,0.7184366048479659,-0.5435506904000533,-0.7133426902144508,0.3186486368303492,1.2380013677822683,1.4360770851848772,-1.2082897902851928,-0.5764802961967374,0.0,0
0.8289047948377849,1.8884334902992057,0.4611002363057167,1.1487525449145064,0.1545188576659158,-1.0793944932543518,-0.7569917493016339,-1.1864196098933395,0.5930272319106454,-0.7341984443040754,-1.1564248593254705,-0.623348128808197,0.2346498864227537,0.05964139518422783,-1.0010553237527873,0.3401446480640657,-1.10520255573169,0.5520796458327086,0.512494511098693,-0.3244202823404065,1.5036981649219638,1.583351444761507,0.6235666467213421,-0.7023970004938875,0.6872811341257746,-1.8409997183725861,-0.19676943348415246,0.16153444106009307,0.8990814781124745,-1.142423051599324,-0.4588573725396874,-0.9710566287688571,-0.8948458280856805,0.1591289818981832,-0.3308307601811592,1.2578056146582477,0.456431394666109,1.0271249253096988,1.6062111400056782,0.5403450803289256,0.81083378552008,-0.7406709995117271,1.025818958042923,-0.4273186256420761,0.1506385035615906,1.2690319844469795,0.36119941860704863,-1.4019444385441786,0.6472636146763854,-1.885691996290075,0.0,1
1.5308835833179133,0.4814946521025998,0.6487676120676362,-0.26018375420802364,-2.003893932779384,0.014354478233999813,-0.6393060830787606,0.5200397458150116,-0.5205049770765903,0.524130565159,-0.5131673756929538,0.05789355375374644,0.09607730894842524,0.2461080032241528,-0.03585195615877693,2.227682486354144,-1.1438186940931971,-0.2941895452098267,1.045120671845972,-0.4389501232968189,-0.9709276304184856,-0.241933864063401,-0.7369719164862822,0.9477487978020372,-0.17391864329737813,-0.8298384324846543,0.015335630738401128,-0.16151870668019944,-1.3659034283793214,0.02629780009423925,-1.1385099329562114,0.5979090876922483,0.30549523839476994,-0.6901257976463634,-1.6047178332449363,1.1637685461954013,-0.2684849462791029,0.4594576776683639,0.6104886004923241,-0.11695217672538355,1.6178673899199114,-0.3645178789034267,0.20118127683649567,1.4534402799423365,1.8619596703888703,-0.6070091200406221,0.7076507101999377,1.5899827209694686,0.4652661895219716,-0.7387410898086924,0.0,0
1.3525787282266677,0.3891037901167905,-0.7591801251902417,0.2679337210879597,-1.1882338009512183,-1.0349813172361733,0.3984070452206728,-1.2173405507050927,-0.3423273639503044,0.5433316512915175,-0.9169383539847991,0.9494425374132682,-0.26604765782620865,-0.3786903805380016,0.8677483297747025,1.4040865415137092,2.0201330085469587,-0.6664704338856914,1.6281347279474023,-0.5632434798559652,-1.6579730356286335,-0.6080591041356666,1.484704513458253,-0.2104155610719136,-0.5980206146121269,0.03554107828057575,0.6888393497392176,-0.4149196597170793,-0.2893286736246639,-0.29735600255512723,0.27716128791984945,-0.1078712245477007,1.3821908139202177,1.4557075844083551,1.436121929551914,0.3906370777783501,1.2993683169388723,-1.4023030972355728,0.2089541961364405,-0.9840440882720226,0.4696749246731908,-1.238527466802802,0.7775440308977103,0.08044009066925062,-1.1527607455085855,0.6679918320686289,0.09914965870744287,0.7534216449194292,-0.9480189872069128,-0.03170449150151658,0.0,1
0.3395830782692788,1.1612711027828535,0.16986927869574625,-0.5159119605945935,-0.7747045124074611,-0.32613865597593306,0.2863745744279621,-1.007365534796644,0.7434673429705058,0.8696500230485633,0.3501008016738164,0.5658215481885905,-0.27447308976947343,1.9801145891659044,-0.4861164464162015,-0.3951397278523636,0.09520792519278376,0.7325235256116887,0.22259886785801752,-0.14292648729376695,0.08153174078243365,0.9393816905117514,-2.4498418356456013,0.30949685434736096,-0.37012195788464747,0.2687149253368715,0.9393718250199404,0.2787216789054146,0.6938251244073594,0.9670815863557152,0.5382302506071965,0.6825211643654522,-1.1352824480231771,-1.6125444816512433,-0.6492638904907051,0.1478729687070767,2.018125997772632,1.6703998917845004,0.010647134940888626,-1.284376615392039,0.2803024615674396,0.010994639746891865,-0.99056439979064,-0.9811898731021292,-0.98698167635857,0.6423727965225513,1.5478820321203803,-0.7018129736804632,1.6034689077143855,-1.1990372815454315,0.0,0
2.2208805575918618,-0.06162012581890405,-0.6033033729790405,-0.20119813874394826,-1.3032620738207237,0.5671314436759911,0.4572038659813601,0.8149016972135097,-0.1675619321522705,0.10235683533610752,0.5183213115784654,1.4022764347195482,0.09839981632277163,-1.3267312182148836,0.5577132686586397,-0.8761139864782947,2.1600871498327066,1.363049696501914,1.189991365856479,-0.2546812179201621,0.4757862095764728,0.7370927627942909,-0.17622538343318,-0.5381151677974694,2.7308153974824307,-0.4058063048646464,-0.18813635752920072,-0.129879204212111,-0.30987252722503306,0.17599681035157103,-0.6313544112631719,-1.9612670902436244,0.09532085214236884,1.592201402421503,-0.8998829478786619,-1.2827429135734811,1.916824368690528,-0.7740233302435258,0.5819666106724779,-0.8443531845733855,-1.5078824604377592,2.2617585498963977,1.0151514166608429,-0.9080871364512556,-0.06735296161757742,0.5517600536705867,0.2617969257460072,0.13116633999788266,0.12508482890274214,0.6748948356005686,0.0,0
-0.9774227089960834,-0.25549347593089444,-0.007995112856849717,1.2300242935542576,0.1696332989696407,-0.5504632407833011,-0.3662176920914608,1.4266862359596426,1.5212446436968767,1.106856816919801,1.8737978813964276,0.406168184647104,0.242745515538606,-0.39963132026064097,-0.6449273376698873,1.1633543917683302,0.15808770310350026,1.177363967113629,1.5768634132010624,-0.35338993128624513,-0.15242511503593434,0.4518924254693225,-1.2145597892375557,0.7900935310783848,1.1771473900457512,-0.1596470701095768,0.922534699731798,0.527479036819436,0.9785866618755324,-0.08333854513939204,0.7831320959362402,1.1016800160375548,0.8483378105115774,0.5757300948710523,-1.7255738702953478,-1.587596837984638,-1.6959356925649889,0.9144880243645308,0.3034748101940736,0.8723754052198694,0.16817671972777298,0.33194656724793226,-0.7517056987926948,-0.4264840807455993,2.3016478309579966,0.6430203669711316,-1.7552545545679097,-1.1017965465777442,-1.4472516714981591,0.5507781491449065,0.0,0
1.631340372576149,0.6428612728985277,-0.1305671440101841,1.9678877113474256,-0.7050254426589645,2.0810309500214546,-1.2340018234538999,-0.8396279921559119,-1.383560989818424,0.6248624552830979,1.5612445916501299,0.6530405358484754,0.25110742134435765,-0.6163222167139175,0.09798139324340673,-2.270895597385372,-0.3579661599169679,-0.2267223654041801,0.2989645830865775,1.2286343862594982,-0.8085773500993093,-1.3475819460909502,0.07390270496067082,-1.3945492725660875,0.7591025773170679,-0.4828849565724399,0.14692451338027998,0.06549914441630968,-0.2451026932266777,0.3087078755066104,0.11504375438928527,-0.50369596507885,0.2084309460901871,-1.4458416475693043,-0.4347259804931183,0.4864491717869695,-0.5573982723008788,-0.3953325363712624,0.5439658817928112,-1.4239992651520488,1.263387742193763,0.2318199169230967,0.8538371320408109,-0.2740025100900195,-1.1498140195899755,-1.1021216429964098,0.24474636953181905,0.3777834598321157,1.3942072709388316,1.4536285958693826,0.0,0
2.139573978795172,-0.108195333461226,0.17517952800699227,-2.140354074492937,-0.010513158318188751,-0.6894894211171175,1.029401755407493,-0.6030565426273579,0.7487348446339744,3.6721438262578388,0.43344869498098404,0.859165704465961,0.3831859662751596,-0.8822226990277248,0.7069080738827107,0.9378106577798004,0.2326236669122831,-0.6471023317203993,-1.0327764260619146,0.9423202724571684,1.0659643562366847,0.4055349136650453,0.08067551265965069,0.6827258634345229,0.5810318651243237,0.5431947442481362,1.1258612090711593,-0.1310928405255268,1.1142518280505538,0.6462610665042746,1.322870506492588,-1.4742776187116238,1.7355353145854369,-0.17512678375416918,-0.2718490227466314,0.06622754759250264,0.2672718347794494,0.6364152954167746,1.6516983482601673,-0.5519718404553152,1.2223113552884641,1.0230652252021917,1.2010348389122134,0.5654845844714874,0.5787442348742725,-0.8806361199578641,-0.2320211099571377,-1.5855142124611374,-0.3941181207990018,-0.08066104722716001,1.0,1
-0.8142863462266591,0.4257454120261374,-1.6617198841714345,-0.6003434913585688,-0.9869866107053966,-0.6592653019981112,0.07249236404106453,-1.7354562057453689,1.04991199651852,0.814286423150389,-1.2036144979772485,0.9937432851484445,-0.4050228551566678,0.2529413614785982,1.936717372257106,-1.1327830561592438,1.0351058154245365,0.26027640876155195,-0.4236244219511544,0.4378010741169757,0.10306599396742196,0.6017958907467061,-0.9755516864275602,-2.2133461947471043,-0.5720242598678478,0.027815263465649463,0.2946069828350034,-1.3026315867667828,0.026737063700255203,-1.0813116826831783,-1.097530268689942,0.8647640893554985,0.3031801855036008,-1.9430864613392724,-0.9715130749659916,-1.1125049643771678,1.4776638420285682,-0.6415061214311019,0.11348766580615685,2.0269833927252305,0.3205018318824983,0.9601169848338532,0.9760663679624312,0.21649771053810574,-0.6514872295604347,0.1528856221971424,-0.25338151950397064,-0.7518454839626308,-1.0004315378066306,-0.5794978273909538,0.0,0
-0.017174800634917838,0.02494484576108921,-0.3264993573365808,-0.3097010640341109,0.4366751665863609,1.322562466773488,0.14446218235719266,-0.4322835431557413,0.7255082620379583,0.6203111358463074,0.9417624891315728,0.3837624601028015,-0.5670458739108208,-0.14194526006168656,1.3747635901958721,1.8627839308151088,-1.291638420367474,-0.4022486577067196,-2.0327808300308123,-0.4140544922867833,-0.4746380437605934,0.8873469491768623,1.6168802018281958,0.884652313900643,-0.6580633276463829,2.0756242875717543,-1.7760880806569688,-1.1497105717964302,0.4072714442485339,0.8899554507409432,0.7726928784610807,-0.8936131646135339,-0.053400899784657035,-0.16717425968011915,-1.1088563360231245,0.28723890193743146,0.11692248044537347,1.1364595222923008,0.6635125416822499,-0.4362579711098494,-1.7635031340796203,-0.14238290346078186,-0.2368448009094324,-0.01856046699858388,0.1746127704219551,0.14108558046058545,0.7598599256738748,0.4555929353628216,1.0552153509882634,0.7525892048893345,0.0,1
0.1235060899922515,-0.8614133144129323,-0.9400695071919304,0.5562301984875457,1.5816691391500148,-0.5105753214065585,-1.6982586904745731,0.011910126456129723,-0.05592772410560872,-0.9192905085180706,0.6509565181821035,0.07721261553295695,1.1187308983758153,0.701641948798558,-0.3320969039359846,0.16262149012148186,1.2864714847324734,0.6343609145422744,-0.6459649067368046,-0.18676046482529324,1.2115744417430745,-0.28617389214833044,0.4924188487429104,0.517275844767599,-0.01983979187298609,-0.3004312661179808,-0.4954458135332198,1.1065339197657518,0.03929107370779058,0.5254657625527648,-0.5086714700456729,1.7073339287865112,0.6575473341591777,-0.8325527912595343,0.6554570263287054,0.2122740182997959,-1.2370479917143244,0.4111042925858167,-0.7836727542632003,0.2335010647599915,-0.10198343225789497,-2.363143387374776,-1.3199659578473362,-0.6520597937816465,-0.2320341955315252,0.5473398702756579,0.3759390161742419,1.0553221444685474,-1.7548175994451576,-1.4704054588461188,0.0,1
-0.6833355140594747,-0.9241596788941984,-1.2132202498465765,0.6069683220728751,0.09285060019684538,-2.009268425198578,-1.7169401760887997,-0.19076433032954654,0.019364770919594432,-0.2593213070327604,0.4904307113412469,-0.7343620328304599,-1.3223279520485391,-1.5681888084396982,-0.31702171629253106,-0.6994825971085874,0.2934871001067533,-0.01622140416224078,-1.7525244216111455,-0.7682005814060596,0.08346831583658297,1.311433100819854,-0.4082913532245809,-0.8304778623595044,0.07154086443126663,1.7879589142587424,0.2678888465259456,-1.5741422649903216,0.039291807090465015,-1.040883946494521,-0.9725921264744002,-0.0326972097134029,-0.7794761260720369,-1.3214493801074492,0.22017576114966925,-1.6671938046106518,-1.311133030761388,0.2237340015277444,1.3029858901213702,0.3942535306496105,0.4933442009690428,-1.8101957753631104,-0.4024386967802835,0.36793001150168025,2.9659671949881363,0.4032060205141044,-0.7105252748979518,1.001865660383949,0.3737159747536776,0.18045204526080405,0.0,1
1.7991770141841277,-2.6879016641723634,0.06982906781708023,2.8168050873802826,-0.6495402844604785,-1.3857223734272155,0.7922573804046651,-0.8574511003468496,-0.27965843069511764,-0.08359867065976584,-0.7439308388600686,-1.0138337150108925,0.4430894679317423,-1.7574406252396095,0.20075176217910112,-0.04766604994868778,-0.9184461285521559,-0.2099174756719002,-0.4177393949612935,1.5793519824692517,0.5149017534445435,-0.8095371784775446,-0.3742097523525905,0.7060958030608553,-1.2857324631262768,-0.3480461887315979,0.5443813783970693,1.3648054235162377,-0.8623100418482452,-0.2908533819919891,-0.09530887972085277,-0.9982313995386718,0.060022408745689274,-0.6849720983995667,0.3703644577737853,2.1206891897183766,-0.7681847554059122,-1.7413695066498518,0.1654608182001994,0.9279331556645742,0.8103011931554329,0.7324193096481819,0.3319050241500972,0.8358260602060116,-0.0047509991468692,-1.2119686822378035,-1.287777401795135,0.07231352971590102,0.349900662641067,2.399929446019253,0.0,0
-0.1195355571956862,-0.7743882061284151,-0.2768547959687776,-0.24529013140806186,-0.991164681739956,-0.12319010076419505,0.8187282035094432,0.8928804796069327,0.17683297700635833,-0.5810616458564287,0.2523638787036517,-0.5015703437495743,0.6771420688458998,0.917360620711262,1.4268587667115695,0.6420670779948691,-0.4447457376000084,-0.6782717070294495,0.705892219241691,-1.2363947601571053,-1.7344261505662382,-1.9448884392762944,-1.0453082941231682,-1.3746398958854236,1.2913751352553826,0.7017205454896261,-1.4019125788353872,-1.4849055445411183,1.1955489592630684,-0.7792411509817159,-0.13080538300969466,-0.5266599344198865,1.1063296866808094,0.30419405645841663,-0.13787818391856554,-0.21199282398617086,-1.847244265622718,-1.3408966658021753,-0.9211364723285808,0.02932127585141225,-1.1308970624812484,1.4874812755251816,0.05787814770555622,-0.6606357947615178,0.013756689116681264,-0.9109542827618108,-0.2783180385942373,0.9003508515711753,0.4912521286326675,0.034258840590409075,0.0,1
-0.21480321117014944,-0.4126748021580752,0.06988223978664024,-0.3347702422152504,-0.3033875579292039,-1.5662134764714288,0.919902768080386,0.8574382935179995,0.7161978261307096,0.8928052399196855,1.2423076929684191,1.3452750894274976,0.5643979114501119,1.4048801869269376,-0.6037275498660855,-0.6523760015935381,-0.5532091367504789,-1.0609822533517288,-1.008041573719798,0.9016386390832832,-0.8636849303195978,-0.9327763156132776,-0.4492812221563624,1.3167488350961234,0.6919148511249292,-1.3548939845666566,0.9173427833330694,0.4667922111868133,1.1222027039202895,1.3992692510254436,-0.4710393250985918,-0.4187734750509726,-0.4514251498026592,-0.5985084572543019,0.651397992273563,-2.2107982813014284,1.5823099286006566,0.13382813855110834,0.5254733032138116,-1.0514261829191265,-0.470031984156871,1.6117026852182732,-0.08640397346091358,0.3264332799576334,-0.6658567560260976,0.2667923903837971,-1.1045610415828724,1.428659895343565,1.0084402104551544,1.610994912556874,0.0,0
