X0,X1,X2,X3,X4,X5,X6,X7,X8,X9,X10,X11,X12,X13,X14,X15,X16,X17,X18,X19,F,Y,LIFT_SCORE,TREATMENT_NAME,UPLIFT,Y_TREATED,N_TREATED,Y_UNTREATED,N_UNTREATED,FOLLOW_REC,ABS_LIFT_SCORE
1.6365017530737298,0.7353363832907841,-1.7477502601583301,0.971474519262207,0.548774965737045,0.7755379051870971,-0.785673754470567,-0.638951058840084,1.11966166165392,-0.681330427560506,-0.4544950712532629,-0.508956695090901,1.01068135141324,0.27810290258336606,2.57899056710556,0.345280072212888,0.325902351979623,2.1518327322898103,-0.6825568993750178,-1.34506286142844,1,1,1.0,F,,1,1,0,0,0,1.0
-1.17095536965995,-0.530988451045374,1.8212816822997702,-0.463161551046211,-0.582004581066529,-0.796872888306275,0.44529025299245395,-0.375257130992636,0.4426359573799051,1.24379693796525,0.438001168915604,-0.8493190993862371,0.45943203413080397,0.10175116956482401,1.59611552819024,-0.43337118264992996,-0.7118222002142478,-0.633680157362165,-1.36312472790142,-1.7530056421930802,1,1,1.0,F,,2,2,0,0,0,1.0
0.6569330838565091,-1.11241709589395,0.22180202062423798,0.239825865288583,-1.4051591942055,0.308220201951908,-1.98374978358169,1.04178357008968,-1.7234635383097698,-0.7934998625248821,0.0423475073016814,-1.33671145902077,-0.14536141912498401,0.14838837613095002,1.5542451259885401,1.11443431111027,-1.38823991248166,0.31302659830187296,-0.726978747407368,-1.3530244422590199,1,1,1.0,F,,3,3,0,0,0,1.0
0.299861782954622,0.96647794092364,0.958848506292745,0.332129234619476,-0.5484455025099471,0.40198490447631896,0.348721169001268,-1.34987231278458,-0.147944871622422,-0.279875465758759,0.17584273524487498,-0.7406035462424979,0.395348963879238,0.0959727522177861,1.5967724803089398,-1.07418468653641,0.646889987909408,-1.07824605592178,1.55815786002485,2.09000837626935,1,1,1.0,F,,4,4,0,0,0,1.0
-0.409209609021077,0.8155314931200799,0.6995125477529649,-0.44126040347701706,0.34383740270959995,1.82320288133045,1.29031504364234,-0.407153816618855,0.166738165520328,0.13889955897245002,-0.474092188851701,1.3336923682339599,0.992192942748984,1.28134126427673,1.54483889275999,0.645643015952041,0.877546749940612,0.5122190763685629,1.13692693495331,1.23445831096074,1,1,1.0,F,,5,5,0,0,0,1.0
0.109253690426642,0.939887745586884,-0.47395063605575105,-0.0738649976386556,-0.743734118178281,1.3961003031509298,-1.42399480275417,0.21021133746593,2.7820756302811898,0.9582889299912651,0.8414348027595341,-0.27847886589275606,-0.580818593643489,0.17425846233039302,1.89380359547504,0.858385313314095,-0.00854641068583512,0.0519664763677104,1.4866586525762502,-0.7262830404443391,1,1,1.0,F,,6,6,0,0,0,1.0
1.1465004166571102,-0.17916687297778,0.9333342719932671,-0.384980690621695,-0.456304200557779,0.0733450855205626,0.9221024313310792,0.674747090884549,0.146674226017353,-1.9720397936622802,0.8495934126338459,-0.5960866159787149,-0.28550250692994394,0.383713663953692,1.45376994562604,-0.891647419027635,-1.4195800388245499,-0.19662538099674198,-2.9561541192569103,-2.08772177127122,1,1,1.0,F,,7,7,0,0,0,1.0
0.312474847898314,0.313996203776229,0.935322594334842,0.6858457275759201,0.571795493846265,0.7416322791456391,0.5153999766730261,-0.9299442457504821,-0.11060735467881698,-0.601964767407566,0.841135740345464,-0.0155864472183117,-0.54567758852147,0.390464877676183,1.6020345516582901,1.2119915112271398,0.7767001564420241,1.5798230529788,1.51145698112753,1.4928617374285302,1,1,1.0,F,,8,8,0,0,0,1.0
-0.695432094275867,1.0195818797630798,0.5676946027373629,-0.0787203176780206,0.9074998566930691,-1.5231251929796898,1.49923087239574,-1.9479418794339698,-0.29304014866561795,2.25220224274248,0.896493565051965,0.0943573805938365,0.8436370030933571,-1.5579658401940102,2.03194748257795,0.8678187346902041,-0.9084395745760241,1.05819627611241,1.17494521200774,0.693699615100825,1,1,1.0,F,,9,9,0,0,0,1.0
0.504409061256584,1.01126268015662,-0.0270691773388834,-0.10291019819970099,0.49430361093080105,-0.41229947176871595,0.80697633745767,2.38364629518381,-0.49241733508539404,-0.47490120097845206,0.0954345790834141,0.376098132939144,0.263886907069801,-0.0373771095626872,1.91709756028182,-0.0304332547440174,1.7492132260868702,0.30534018427137705,-0.36779516053127104,-1.25504098686978,1,1,1.0,F,,10,10,0,0,0,1.0
-0.9725921264744,-0.0326972097134029,-0.7794761260720369,-1.3214493801074498,0.220175761149669,-1.66719380461065,-1.31113303076139,0.22373400152774398,1.30298589012137,0.39425353064961,0.493344200969043,-1.81019577536311,-0.40243869678028293,0.36793001150168003,2.96596719498814,0.403206020514104,-0.710525274897952,1.00186566038395,0.373715974753678,0.180452045260804,1,1,1.0,F,,11,11,0,0,0,1.0
-1.59106333517081,0.6059726000502029,0.58652634608041,1.42863530049297,-0.892318265048722,-0.33494310745673805,-2.16715738704942,-0.559399264911146,-0.995260129964271,-0.11885770679987401,0.5717048383614289,-0.22795772879221599,-0.5553055413697929,-0.216099577771303,2.32235982013527,0.506109174385806,-0.23714043095455703,2.49376295339705,-1.82684826281366,0.738713006684416,1,1,1.0,F,,12,12,0,0,0,1.0
-2.19499773313304,2.02450317651771,-1.30373103841902,-1.4381682087541598,-1.1201058228623,-1.54250909321971,0.0872570049603382,0.40127358500629107,1.00990678993185,-0.216865028416805,0.629555452780267,-2.5063180402245298,0.832316957697677,0.245016768472113,2.27077414276558,0.992219143885154,0.8184521265999051,1.2473278459101202,-1.1349998369496999,0.729634902619108,1,1,1.0,F,,13,13,0,0,0,1.0
-1.3656740274981698,-1.24834482713248,0.316983964525642,0.47330027928046203,0.438076134209286,1.20548914777561,1.75004665350697,-1.07397101935698,0.506544713081747,0.6282468635991961,-0.94090777563319,1.22103052672707,-0.304918556059313,-0.19747442339582,1.57372022569334,-0.43783199525942695,1.36587177417541,-0.161443315194365,-1.16233933737828,-0.136868165310033,1,1,1.0,F,,14,14,0,0,0,1.0
-1.93605446124064,-0.24981062651742303,-1.5369010272414698,-0.438157102666083,0.137412266966631,-0.10961291552743099,0.5764270239848299,1.2199683340518799,-1.0021403535070201,-0.8146551876393969,0.415881193928795,1.3486013031089499,0.295837989466875,0.383690740269367,2.1623247177998,-0.6178254498721221,1.70588863527622,1.34840817214255,-0.47739584380427,-1.8872363117368502,1,1,1.0,F,,15,15,0,0,0,1.0
-0.0358702314046227,0.501650541225486,1.13330564065169,-0.739053333482527,-0.10484569767770699,-1.45719589961096,0.101360936581019,-0.29123159492907397,0.135637694885533,-0.580832173534514,0.694762624048238,0.34971039698732304,-1.8143714315567903,-1.70570758809573,1.527374824206,0.528823515720008,-0.9402355285517059,0.7409445985406309,0.5054236179459299,-0.0121795062272909,1,1,1.0,F,,16,16,0,0,0,1.0
0.983186069249213,-1.4631531122731498,-0.36963830988671204,1.32904978138698,0.430054426249882,-0.69283778503619,-0.23833782710660603,1.4450073510736499,1.30631375900541,1.7262490496273701,0.141672810570529,-0.9216466448916351,-1.49363401785317,-0.132015886731726,2.1896729124000798,1.3746838135530202,0.723417190195073,0.218502340648224,0.993899507262035,0.712689317586662,1,1,1.0,F,,17,17,0,0,0,1.0
1.41671703864236,-0.721529756397164,-0.26305435818125894,-1.3454667078659999,2.19264615401966,0.04881146734229799,-1.46447187349624,0.25224610271917003,-1.48541537920663,-0.351677251917534,-0.298580055798026,-1.42469548005221,-1.03884903873449,1.2149963971272,2.3295970983255403,0.287962675698573,-1.3084922854036898,-0.621170007959422,0.49705187291497605,-0.22284913398619197,1,1,1.0,F,,18,18,0,0,0,1.0
-1.33206490279804,1.6287910337383602,-1.076056703252,0.0193522260408756,-0.556104557721896,1.8507053038254397,0.7312827985942629,0.647932346503859,0.16785903604839,0.5533957793839069,-0.702947721918502,1.21658474332503,1.5288764590491999,-0.24493743593051395,1.78251740716142,0.536245678709838,1.1968431426269799,0.5749943000615589,-0.265190970894862,0.233346615115245,1,1,1.0,F,,19,19,0,0,0,1.0
-0.233645512801149,-0.17895364336249803,1.4954334902541997,0.3699392025047679,-0.0936488291008467,1.23563773273147,-0.741074998599579,-0.440412049757996,0.5292358644567859,0.0769343643007664,0.5239120095041621,-0.74779410232752,0.703322610340159,-1.01685821207328,1.7854548926779399,-1.38602479462803,-0.080800000041198,-1.67185574125114,-1.4159238726174501,-0.9651966259394,1,1,1.0,F,,20,20,0,0,0,1.0
-1.88694324176902,-0.5240371078849829,0.8011089215319781,-0.0304716763088564,-1.10500585761678,0.0750254899662299,-0.0209092277829781,-1.7550971793101102,2.4928121374009,-0.0317339654272025,-0.18208452954830398,-0.46495003616991604,1.27707614663876,1.1957999221164,1.9470498039967798,-0.0576869698384385,0.16305355212088501,0.606249139949815,-0.14091162634565196,-0.7612706953239531,1,1,1.0,F,,21,21,0,0,0,1.0
-0.759711659840751,-1.41481027978311,-2.18763574123363,0.076804737108918,-0.35847536159204296,0.316085539016338,-1.52171752850014,0.645987579428888,-1.69836563553875,-1.4054515951698898,-0.6151703068044571,1.5911417707935802,-0.9250806081923291,1.67938504398077,1.43392859024959,1.63922645227608,0.10467454222392998,-1.86704711921913,-0.0305455104325161,-0.5802060266530931,0,0,1.0,F,1.0,21,21,0,1,0,1.0
0.248459016135068,0.509893849143151,-0.004271338587291971,-2.0202375254733,-0.11412712659309199,-0.0565147212674649,-0.94217595713716,-1.32559326501531,-0.544037268711467,-1.05509127810626,0.0959203047491794,-1.3821874071606202,-0.7743845395226991,0.46140513894095203,1.97164562127726,-0.881853812469192,-0.603658171805636,-0.39785074226654105,-1.6204241695717099,-0.7310624671545171,1,1,1.0,F,1.0,22,22,0,1,0,1.0
-1.52649882309509,1.31994797937646,-1.5681800688442902,-0.9853017379656991,-0.40718841060172206,-0.8009478475040209,-1.16920786445543,1.2318703430800402,0.592266014131136,1.36823522742621,-0.7397593756466091,0.37184944853387697,-0.32098742168010397,0.20027052002802104,2.65840588733558,-0.0848018492908993,-0.19152108519053798,0.9943553177312671,-1.27781340228565,0.44184204111132,1,1,1.0,F,1.0,23,23,0,1,0,1.0
-0.0354221692177582,0.134017798669558,0.23884387896045103,-0.938527237863068,0.6022176009225589,0.707267846272265,1.05386747698709,0.783223890420409,-0.138426186073409,1.3004499245701002,0.324593271938041,-0.19665525275782803,1.73342021013841,-0.34079876464657893,1.6073797784127097,0.5658469991868679,-1.3362563467033899,0.18682402772289203,1.58953315459413,-0.8673569155434742,1,1,1.0,F,1.0,24,24,0,1,0,1.0
0.13034341550281,-0.216820794615151,-1.18354790039817,-0.49797475450779705,0.780742588295386,0.697359085818911,0.092815532161035,-0.199160695535499,-0.49924603826134495,0.0988987700241144,0.212447975600187,-0.232456214213322,-0.0895509858534436,0.7734330748222579,2.30009702557587,1.5684673388941899,-0.73267832653834,1.86988462285647,0.682798523096418,0.0127538377838068,1,1,1.0,F,1.0,25,25,0,1,0,1.0
-1.2142133729428999,2.3941668984405,-1.8574227869437,0.232091739359427,-1.26755974189363,-1.2046217917625,-1.82159723428675,1.86477188605422,0.15817380440373002,-0.5411880505508411,0.38369361972902,-0.324224310140792,0.632948399696969,-0.282467321342872,1.54412235364365,-0.4360473156954029,-0.839077047160597,1.57003957281828,-0.464753085204509,0.42286248169976504,1,1,1.0,F,1.0,26,26,0,1,0,1.0
0.630292123924827,-0.42233556995479504,2.51028653497268,-0.0644481456027588,1.54764926192724,1.66052178291546,0.702051261018264,0.201519988993985,-1.52017897656583,0.35672842661663895,0.8046462553223801,-0.73965322315689,0.766101743352415,0.21544175702485102,1.48978645210229,0.0142249002724534,-0.5086192332707229,0.160029865109681,0.0172188267069339,-1.39794720932044,1,1,1.0,F,1.0,27,27,0,1,0,1.0
-0.630457074347593,-0.9532396637657529,-0.24044345173209303,1.4823399350465198,-0.7674227806427181,0.601667846300541,-1.0995154730379801,-0.300485927885608,-0.254149250468073,2.6583830543731297,0.259311819278013,0.47656517988275604,1.4285603177009698,0.258948757754577,1.66764409894733,0.578927126284449,1.84321538017065,-1.8632564722687301,-2.44560725292703,-0.685697900956009,1,1,1.0,F,1.0,28,28,0,1,0,1.0
-1.34217419231229,-1.0090042469126999,-0.610149288003539,-0.28163310617236403,-0.12126731198719501,-0.6653326357224711,-1.09352212444673,0.7111066887786179,0.654281107360306,-1.27861093486021,0.00927964293040305,-0.443662534515839,0.9770510300266639,-1.40336263007525,1.56042662771721,-0.930447251718961,1.11633139544574,1.05933299176252,0.746600579143923,-0.4483486187450661,1,1,1.0,F,1.0,29,29,0,1,0,1.0
0.0806663201991995,-0.20265967939814,2.08404132518251,-0.0598696226219465,-0.5299790880189179,-0.165870367080029,-0.7099423981236971,0.24194380324958303,0.33436949398588695,-0.711263829922323,-0.26319011503504197,-0.740543183198152,-2.30300502944434,0.24665971589081798,1.87276144929349,0.639020426221423,0.422481584510671,-0.399445362695891,0.176569666990004,-0.266794747325263,1,1,1.0,F,1.0,30,30,0,1,0,1.0
-0.548577122982849,0.18731625498192198,1.4287921705935902,-0.22506336154982898,-2.29819532354106,0.634212116507939,0.739910299088838,-0.925780462120682,0.954543684590317,0.6344083663417179,-0.528718885242722,-0.132735679320342,-0.18773255415079002,-1.5783405712501601,1.43602994377877,0.0102961615488095,-0.517145217386394,0.44092095733816294,1.3671189611279,-0.262331856865077,1,1,1.0,F,1.0,31,31,0,1,0,1.0
-0.6767694444157609,0.43632480053003797,-2.98226345582078,-0.8393612185786601,-0.634079290655041,-0.675588645878978,1.11792950902995,-1.05977004657445,0.300784311647801,1.05494872031306,0.373253781591085,0.266296133642977,0.156130165608135,0.505055717924474,2.9451107300713804,-1.14424230293942,-0.806239135528554,-0.144537389194454,-0.40376082385538603,-0.45011056451250503,1,1,1.0,F,1.0,32,32,0,1,0,1.0
0.502534598577526,-2.2346808743766604,-0.7393693508073441,-0.15807459155273298,-0.496769052142627,0.748659188308617,-0.7284549627061141,0.6539068257968511,0.559064031003756,0.5765409602332421,0.30255768426061797,-1.05930496707913,0.063275721006993,1.88175240662789,-0.6787040708808659,-1.6808249303405702,0.34283037787618303,-1.93372247871848,-0.675901937432813,-1.32871633179645,0,0,0.75,F,1.0,32,32,0,2,0,0.75
-1.220837660392,-2.73937655158902,0.949960052498227,-0.24475743313121104,2.04501456448534,-0.23889629905245002,0.0290728775231347,-0.0327265976516749,-1.14538914036195,0.21233313763182698,-1.9413437049835802,-0.413173174803517,-0.0880231131168157,-0.16504709503622,0.264652985542553,0.313893707380834,0.802452865933473,0.513890563785559,1.05780860637623,-1.6390307391191399,0,0,0.75,F,1.0,32,32,0,3,0,0.75
2.25789440277549,-2.63147604177294,-1.53971028707995,0.0257705380956339,0.464124318379253,-0.7347531371999242,1.86731517422483,-0.168394241238699,-0.591556428205144,0.614390599423494,0.9470944942891791,1.28418736688406,-0.8739309838934549,-0.951977138813319,-0.9816880039792042,1.68753294402603,-0.112418997241066,-0.5921482466027459,-0.9958870513928829,0.47946440250214706,0,1,0.75,F,0.75,32,32,1,4,0,0.75
-0.168646101241284,-3.18970278922526,1.1201322592365401,1.3327782081335802,-0.243338766116302,-0.13003071130989,-0.10901737133730499,1.5561864392646398,0.128778352730194,-2.06694872265531,-0.885493154616703,-1.10457948345343,0.9328663466100909,2.0598380015281696,-0.934937958080932,-1.61299021808426,0.5270697180962229,-1.55110073530684,0.329613339211978,-1.13652654009747,0,1,0.75,F,0.6,32,32,2,5,0,0.75
0.552877700034456,-2.30753706526602,-0.0380464335313273,0.855189533074348,0.0220067087061662,-0.00677529472387098,-0.423271909424633,-0.30122262532559496,0.0167122281972041,0.48123578607702794,-0.213903752045908,-0.81265096397324,1.26401711086038,1.1245713555117098,-0.5551179333675981,0.697918470947344,1.27967003717825,0.558823921297529,0.293225889415382,-0.541961599853753,0,1,0.75,F,0.5,32,32,3,6,0,0.75
2.09319107960279,0.8440842652975541,1.32125614175983,-1.3491817367546397,0.421723400699901,-2.1912033058540903,-0.0561145917081521,-1.80270385829162,-0.294109132583239,-0.564014977864683,0.739251030058288,-0.870499656263202,0.13626565529799498,1.5868293140783403,1.5962162290795499,-1.9919674660581201,-0.24430097956468,0.22469890504107698,-1.18878154237416,-0.192965473263974,0,1,0.7142857142857142,F,0.42857142857142894,32,32,4,7,0,0.7142857142857142
-0.7260550069881969,-1.1942949002253302,-1.28135334016592,-0.28385098394038505,-1.45452675500498,2.48795439720535,1.1364787861289098,0.5803673554487679,-0.167336538524265,-0.770923508045645,0.0891045824198606,0.963822528820077,-0.557258295658603,0.9689438701976909,1.4156237581364899,-1.80621837949828,0.343581271560167,0.28759299634285,1.22734833117325,-2.40210886579323,0,1,0.7142857142857142,F,0.375,32,32,5,8,0,0.7142857142857142
-0.726935294689318,-0.248403810200235,0.9044904059502891,0.775963326305023,0.34997962615604306,0.30109045900199105,-0.605865603083553,-0.142369385778294,-1.2053369712289899,-0.518198654179337,-0.20201625592539002,0.37467834887865,-1.1490259173653898,0.0372590147851825,1.3948195663795302,-1.70050777935128,2.02960340226811,1.63242382383325,0.523751338259541,-0.6241557988211199,0,0,0.7142857142857142,F,0.444444444444444,32,32,5,9,0,0.7142857142857142
0.927711671890376,0.562988690014471,-0.6940959846394649,0.215542345004262,-0.5901778904037629,1.53893434088297,-0.18851091146834803,0.000843801106526673,0.8022337949930101,0.34559606828795997,0.530605347812824,0.403548075899285,-0.0707603845049451,0.751092373150848,1.6067826142097,-1.5944960695824297,0.514418771075964,0.29810723584057897,-0.22087099873296498,-1.01509439289386,0,1,0.7142857142857142,F,0.4,32,32,6,10,0,0.7142857142857142
0.15485933748654002,-1.08361528902512,-0.563664434013436,-0.45760031337002205,-1.50908416701832,-0.48180188493989795,0.048632207568224006,0.7282226874156809,1.07469138659245,0.100971711215763,0.266651665843264,-0.0350519733256134,0.42439264905839297,-1.0639422780001,2.58323589139942,-1.8244269684479197,1.8234245682563002,-0.325841701291321,-1.94569298797501,0.6878974504906391,1,1,0.7142857142857142,F,0.4,33,33,6,10,0,0.7142857142857142
1.2200001040814,0.10278713887558098,-1.0724917559751501,1.30055126335176,0.18357095254470499,1.0592979035618002,-0.654916915137152,1.05503794820124,0.521235280068871,-1.49867193517223,0.31373865011691,1.8241517697810803,0.923571715143891,-1.19669850743251,2.2471437888940002,-1.9353563801418603,-1.06354501782143,0.552200153745416,-1.3019123539383501,-1.7317179826825,1,1,0.7142857142857142,F,0.4,34,34,6,10,0,0.7142857142857142
0.264950324790799,-0.594837502783684,0.0912655371789782,0.6195904184852671,0.484376484068544,-0.0322903474531267,1.3791781968454901,-0.452167061756893,0.900461464139857,0.867720173830425,0.7599564462182858,-0.914909431436159,0.0539803142132682,0.522361739515618,-0.431116556920335,0.8654912260512321,1.03561605610046,2.7470186734625797,-0.983485532756386,-0.8929447719690641,0,1,0.7111111111111109,F,0.36363636363636404,34,34,7,11,0,0.7111111111111109
-0.9981344264150509,-0.4760730327927971,-1.36332135808043,-0.205629590926453,0.330543010644861,-0.225699207731368,-0.295191911710115,0.782865871535604,0.7391221199279558,2.0410944313400803,-0.825859201561981,-0.972879210098335,1.0021898831465301,1.42568087084358,0.0534317890161382,1.4980408061256,0.7108705166729841,-0.718979303738146,-0.5191794555249071,-0.784561653177176,0,0,0.7111111111111109,F,0.4166666666666671,34,34,7,12,0,0.7111111111111109
-0.0324440089744832,-1.53508532229839,0.11739685658236802,-0.148619102031612,0.9058939709407379,-0.98872111826655,2.01587933517627,-1.2721961574938,0.9665724889045891,-2.15277196736453,0.970626454638021,1.239025653708,-2.09772621289233,-0.542461067311552,-0.0112606638184683,-1.8137454262311,0.7363887162045041,-0.495048302004762,0.743581873372682,-1.0175682990225998,0,1,0.7111111111111109,F,0.384615384615385,34,34,8,13,0,0.7111111111111109
-1.03747433176983,0.194985933722511,-0.11611179214942,-1.34450642428249,0.949996276837606,-0.0383215195892065,-1.0189512513548,-1.07381607332074,1.44309754968362,0.7719147265965111,-1.67375784720601,1.1865308590984098,-0.264796680529324,0.875784100307762,0.587491539502326,-0.0267546610496503,-1.19359925664619,1.5971423645635199,0.624661331685056,0.918119464626255,0,0,0.7111111111111109,F,0.42857142857142894,34,34,8,14,0,0.7111111111111109
0.4553552256797849,-0.0362073463587059,-0.31620807206753804,0.604289632563841,-1.57186526400956,0.04503915875389701,0.7652470262787409,-0.0206032180243678,0.937634297850102,2.33833963652033,0.0762410378286144,-0.104900970429164,-0.89332240793524,-2.6059075777852003,-0.660184860698795,0.46309114004629903,-1.13402692863133,-0.256511353668066,-0.656941871950663,0.138636682861297,0,1,0.7111111111111109,F,0.4,34,34,9,15,0,0.7111111111111109
0.0360180007937393,-0.113027232936494,-1.37697853207044,1.7005122755586202,-0.7487585032424492,0.8367687722138331,-2.3211309858555897,-0.319435768357544,0.879096395346943,1.5670485809888401,-0.15982381474697502,-0.690226966655482,-1.42161869064958,-1.5158082051347,-0.270837341961512,1.3780430138946298,-1.56869764152978,-0.44488971476564004,0.0435665094636548,-0.570525326609316,0,0,0.7111111111111109,F,0.4375,34,34,9,16,0,0.7111111111111109
-0.791252674920025,0.759084382972328,0.0792124736886943,-0.7899451401247759,0.7567326723433779,0.823569556253379,2.2337887016509597,-0.6896335349591589,1.129854500804,1.6316224694474097,0.8756536924007391,-0.19978558070426103,1.16977410772854,-0.643603032360209,-0.692047315248401,1.64230697517158,-0.695235916407639,-0.464785892173374,-0.874161832264672,0.174601642866222,0,0,0.7111111111111109,F,0.47058823529411803,34,34,9,17,0,0.7111111111111109
-0.521407559628429,3.65218058132037,1.21756110488347,-0.46948871781798496,0.831445819181865,1.9478864874646202,0.6050790917452901,-0.377637111092182,1.2000827142202801,1.69482996646863,1.6187221750773102,-0.412483657616125,-0.3575327941086379,0.622345846960232,-0.732028690667925,-1.2963126889266998,0.486665571361927,0.5071476823800061,0.8936834121550029,0.7451521672150061,0,1,0.7111111111111109,F,0.444444444444444,34,34,10,18,0,0.7111111111111109
0.554777780692275,-0.0783433509808229,-0.25956663427208,-0.11343486442117899,0.9880632670653109,0.6021925056231779,0.7497372977442579,-1.67706648687242,2.0399437712945603,-0.6008043963085289,-1.25231227719434,-0.0388077985141207,-0.157668229835318,1.06865935597999,1.01877609671362,-0.0736937299113632,-0.111005791797482,-0.9536631121053609,-0.15739609107127,0.987524680626197,0,0,0.7111111111111109,F,0.47368421052631604,34,34,10,19,0,0.7111111111111109
0.15401872106394301,1.78053223782395,1.1552166115388998,0.7815464142876228,0.173728746435033,0.773869154928507,1.80629490803957,0.8412854395389581,1.4097131558139,-0.0111978843642461,-1.46621107620706,-0.10836641378778099,-0.801029577418593,-0.194119690448351,-0.24143082767552498,0.616054572031738,0.00480013969114389,0.73349056907956,-0.802920195912373,1.4674946395916,0,0,0.7111111111111109,F,0.5,34,34,10,20,0,0.7111111111111109
-1.30826041933424,0.73191555137733,-1.61498967016998,1.1398639859484698,0.581661058574177,0.465519652444899,-0.8644917350606159,1.3441348735406597,0.809831886660317,-1.73750874023698,-0.7412235051575379,-0.0779449431551166,-0.585802736337095,-0.519220782610396,-0.432720641086164,-0.265825881217174,-1.14231859224714,1.34191190888577,0.439808951348295,0.354878691313367,0,0,0.7111111111111109,F,0.523809523809524,34,34,10,21,0,0.7111111111111109
-0.387365765705208,-0.509093518347715,0.6570197978320129,-1.1420374150936101,-0.7806747585434441,0.0352873459046978,-0.48262995782852897,0.0812951817729134,1.0439100591922,-1.0878135123777,0.303228952630753,-0.5464307018117299,1.0220559476766802,-0.971463321447842,-1.0035920243549201,0.11651241403785001,-0.705987768389308,0.311905090390479,0.853013045066348,1.3061535648811298,1,1,0.7111111111111109,F,0.523809523809524,35,35,10,21,0,0.7111111111111109
0.501888115691395,0.967392757503036,1.2242690702244,-0.970806812788915,0.967247609134649,-0.49976875803113496,-0.43830439513198904,0.724911387336268,1.34280122202369,-0.13367737258311302,-1.1473846052439298,-1.1660769008944099,-1.0846919985308001,-0.9448518688322851,-0.49172342867280106,-0.7654984534256479,0.5324459395039159,0.676841411638844,-0.36791351319782706,-2.14426317405458,0,0,0.7111111111111109,F,0.545454545454545,35,35,10,22,0,0.7111111111111109
-0.644667511031371,0.7870380346627879,-1.0133282347843,-0.220650479142746,-0.802058763588673,-0.7884210471230809,0.432349393290529,-1.4030781063612199,1.32182279781506,2.06128591057699,1.7104617230937902,-1.07147836386394,0.485057199276876,-1.75087247452171,0.341031899991155,-0.258529362981922,-1.18497764922278,-1.2751106368512601,0.3372785137276,-0.29149859245822696,0,1,0.7111111111111109,F,0.5217391304347829,35,35,11,23,0,0.7111111111111109
-0.722530187039659,0.158772371957489,-0.66945330680007,0.37869299124222294,0.46979621837224,0.525601727279729,-1.41130631217764,-0.962216550865653,1.36952567304215,2.05445480103562,0.401311357689103,-0.590585724632827,0.301502260082203,-0.8863812755189309,-0.526753792593512,0.27917238846679804,1.4068557236053798,-0.6986344652795489,-0.00163000323004243,-0.29897590968939397,0,0,0.7111111111111109,F,0.5416666666666671,35,35,11,24,0,0.7111111111111109
-0.6249398648948691,-0.297923831371281,0.42433191427176903,1.7570595350387999,-1.1772047358921298,-0.738260693140928,1.57164629367734,-1.09301191626564,2.04337936578523,0.0641160576612054,-0.206419189874265,-0.9158931230708149,-0.4356702316224871,1.20754469279817,-0.600250345247847,3.37323230869995,-0.6879441902479639,-0.286857511376015,-0.46403128802806104,-1.12253273602394,0,0,0.7111111111111109,F,0.56,35,35,11,25,0,0.7111111111111109
0.5573293122435621,-0.29720293924590196,0.563510200273201,-0.114619071017502,-0.32655485646635996,0.0846568486205082,-0.0705842325432847,-0.0816680749740679,0.8300134690139691,-0.9755066508032679,-0.137135859683587,-0.40913163837930894,1.18569128703313,1.27194167457319,-1.06402857699609,0.287525260066562,-1.10878367416213,0.572646471666423,-0.40539107758048204,1.14126080307363,1,1,0.7111111111111109,F,0.56,36,36,11,25,0,0.7111111111111109
-0.9742831878435122,0.741726709990102,0.348138291068557,-1.0248164021959398,1.1921121957068999,-0.535204051020995,0.6975765627379561,-0.614207820964745,1.34668245244793,-0.5923579864318249,0.31967512483364097,-0.41273204455914797,1.08763830144274,2.47396282869683,0.7261411261104721,-1.83369977952506,-0.402843773576319,0.8412341824287141,0.0732581242575812,0.22013404072790102,0,0,0.7111111111111109,F,0.576923076923077,36,36,11,26,0,0.7111111111111109
1.4813478745504298,-1.13537520655559,-0.835815919532543,-0.7908916931219729,0.35253045439004493,-1.15627626545276,0.8876000946608341,-2.33394401920774,0.7509069540471859,1.1529247265676101,-0.187343114444712,-0.20982595721165098,0.875465410212909,-0.0397632364173593,-0.959009177763558,-0.856295973170521,0.19513620357521802,-1.28310618780124,0.7434198599679319,-0.49680911902398794,0,1,0.7111111111111109,F,0.555555555555556,36,36,12,27,0,0.7111111111111109
-0.4957477840921579,-1.41261387952815,-2.20623482365002,0.3523542300055879,0.7588891776092049,0.596334220981625,-0.6213962521071579,-1.42304984372233,1.48612303667851,1.0318460349196499,1.07266735192561,0.6223392489312719,0.816494961758859,0.17362695091806,-0.32708883195878996,-0.4226487360246961,0.745966764747383,1.67754469048595,0.10060400606254598,-0.457068700115435,0,0,0.7111111111111109,F,0.5714285714285711,36,36,12,28,0,0.7111111111111109
-0.97935092591992,-0.164473464498776,-0.453038327480568,1.0198085083817,-0.20775877856318303,-0.713115659392852,0.0722070599686293,-0.11596592867738399,2.2091645566967797,-1.01708689602827,-0.5840685809066,-0.42969443373382793,0.31450654813783296,-1.56929068909874,-0.398614995199517,-1.05150144071759,-0.27978008267786797,0.586108296029412,-0.0135198883836647,1.32860332389209,0,0,0.7111111111111109,F,0.586206896551724,36,36,12,29,0,0.7111111111111109
1.00840397839823,1.1660824655006399,-2.13824378321773,-0.8800589299869821,0.4497205305314071,0.5341471184828139,-0.163653005748919,1.91194568594284,1.05836333616309,1.0157464902622,0.781300329980669,-1.06638858679312,-0.20930094644566602,0.437725679735283,-0.44313164409561895,1.3639674389082,0.20684880702168498,0.310522707496505,0.645146682886705,0.6052711537230611,0,0,0.7111111111111109,F,0.6,36,36,12,30,0,0.7111111111111109
0.991007389045136,-0.8505824998795121,-0.614447010960191,0.3888182317581911,0.240827764734522,-1.70611052662456,2.20978064452665,0.864186425138542,1.0122437238540098,0.65077718735943,-0.232038278994746,-0.9062425522958951,-1.5229581017339298,-0.181093878253076,-0.39603986776113204,-0.21780514441782398,-0.19331379978889499,0.104208915569361,-0.438822551528959,0.557186093009577,0,1,0.7111111111111109,F,0.580645161290323,36,36,13,31,0,0.7111111111111109
1.26338774219376,0.231819916923097,0.8538371320408109,-0.27400251009002,-1.14981401958998,-1.10212164299641,0.24474636953181897,0.377783459832116,1.39420727093883,1.45362859586938,0.5374219705544371,-0.40974950890526207,0.131711364230616,-0.280750116466658,-0.502213099286187,-1.02726574558178,0.701567321576906,0.634548406098343,-0.14871874031410198,0.719736212319889,0,0,0.7111111111111109,F,0.59375,36,36,13,32,0,0.7111111111111109
-0.615761361702778,0.527027975561289,0.231342307360728,0.373253726153038,-0.428568190506036,-0.154280503793965,1.9701088354992602,0.115589758933233,2.3937228334682,-0.27313854022445,1.7552339390290501,0.15627755902177198,-1.27835612289618,-0.28718552395555297,-0.9762583637803242,-0.961266536217917,0.8192158591995942,-0.45739614777745796,0.629466473474336,-0.668074130341687,0,1,0.7111111111111109,F,0.575757575757576,36,36,14,33,0,0.7111111111111109
0.585524752340364,-0.0287509721480893,0.349202977400182,0.704155514210304,-1.78471087370449,-0.418118916302376,0.373148462395457,2.4362096684739503,1.44271582307406,0.8468591584723709,-2.18180562265207,1.10957321462259,-0.16672535948298,0.542911553974847,-0.17944583007032502,0.5694040172786811,-1.11200827721126,0.401989539358314,0.025076237678858,-0.48753565626570894,0,1,0.7111111111111109,F,0.558823529411765,36,36,15,34,0,0.7111111111111109
-1.59691289379283,-0.9712237429152148,-1.0764411752746301,-0.7362619060989828,-0.551160229821532,-0.9841935697997328,1.01039686100252,-0.39579068909209897,2.1803601881273402,-0.69124810559331,2.0332722168324597,-0.0961429898054203,-1.0349735504352702,1.21724759840544,-0.28899776287632695,0.5852342515650649,-0.27104971303763004,0.617666887667586,0.6854735691250581,-1.16427408269892,0,0,0.7111111111111109,F,0.5714285714285711,36,36,15,35,0,0.7111111111111109
0.33438410183880896,-0.18592769194177602,2.4798942519934504,1.65582701348263,0.514663107638727,0.4285683783113571,0.0389164186752406,-2.23995418990563,1.2947709823854399,-0.333734636028535,-0.567405736036702,-0.385817397339596,1.56689014730022,0.878603220416564,0.106150612288015,0.573599960521432,-1.0152578432909598,0.149997278658246,0.646135589837958,-1.1038409433449599,0,1,0.7111111111111109,F,0.555555555555556,36,36,16,36,0,0.7111111111111109
0.103059216915974,0.44473016364284096,-0.5666122088321701,0.35398273082348103,1.07525897603126,-0.804680383754265,0.0453268519447923,-0.391090068767712,1.1071283934501899,-1.05018466624349,-0.552989358053193,0.19590642420454896,-0.924793492017221,0.24065426179852803,-0.38245038439580703,1.86682698919642,-1.28163463692845,0.0550871824942269,0.746932497930605,1.8188655486951202,0,0,0.7111111111111109,F,0.567567567567568,36,36,16,37,0,0.7111111111111109
-0.22878625823986198,0.18431530237412602,0.8994292281143509,2.00093390187504,0.126928842856352,-0.627974829385528,1.28471574404905,0.48219613183626897,1.7791489590474299,-0.364000987046433,0.00912850297435612,-0.0751683521062444,-2.4595391285000496,0.27592743625529303,0.7488346055891592,0.640005194370999,0.0778624398572449,-0.152697231118954,1.02491639195539,0.897417040151046,0,0,0.7111111111111109,F,0.578947368421053,36,36,16,38,0,0.7111111111111109
-0.4955391590010471,-0.290599824645387,-0.8508576890359341,0.324841216211408,1.6940632647020502,1.04247845468799,0.19300252919843397,0.129660397228116,2.30360961433051,1.16967352778643,-0.699168092843563,-1.18183121977029,-0.310985378870574,0.365604002353294,0.857395480127388,0.310881594690012,-0.05460285029416599,0.0853913697859104,-0.247506079187794,-1.5769707633074799,0,1,0.7111111111111109,F,0.564102564102564,36,36,17,39,0,0.7111111111111109
0.6275112049631689,0.7585003420942141,0.28411813475361897,-3.1167160826112204,-2.1821580243092398,-0.38317306095497705,0.0207200665028253,0.771188123832874,1.1064616252565902,-1.0953056576578901,-0.8000151643347541,0.66345242003383,0.961885608110133,-0.457953014987536,0.497763645573415,-2.71494900199265,1.07909711923536,-0.100110803067319,-0.7682027695942422,0.505281033765444,0,1,0.7111111111111109,F,0.55,36,36,18,40,0,0.7111111111111109
0.44312836575208797,0.5586591455247479,-1.77810162035874,0.994035896977534,-3.00970624282205,0.24080539748738397,-0.9531106219353579,0.33864303324459194,1.0344344831614398,0.5980464076424971,1.8430838871135,-0.6317832783847409,1.98165640411296,-0.275787059680347,0.281595111826215,0.446583062931193,0.440103939833494,0.592684066588996,0.344354724817601,-0.765047305281323,0,0,0.7111111111111109,F,0.5609756097560981,36,36,18,41,0,0.7111111111111109
-0.28780704848862393,0.297792709278976,1.3815081223212502,0.15901136414518802,1.11960825883007,-1.0311821485768,-0.715293633041205,0.50007374894059,0.772045218003404,-1.3734764424636299,-1.1748497349924099,0.0286201993119849,-0.30847833745196196,-0.34197060601430895,-0.9076550382162779,1.40164870662426,1.67898657949399,-0.0769448823193419,-0.8145164687195859,0.128673249203412,0,1,0.7111111111111109,F,0.547619047619048,36,36,19,42,0,0.7111111111111109
-0.7930822500807541,-0.822879398688104,-0.10660209931052601,-0.511749054827553,0.28957178821718604,0.6865844723315639,-0.5178624938057079,-1.27736280655351,1.5672611179008302,-0.7754561812085241,-0.5997743005107371,1.8282245636831698,-0.26176833201839,-2.54189312031644,-1.01819712904234,-0.0635311366538615,-0.7556324457325301,1.19409781943004,-0.42901094536703105,0.197679506188287,1,1,0.7111111111111109,F,0.547619047619048,37,37,19,42,0,0.7111111111111109
-0.8282953057697131,-0.7239956631033729,0.79690278850274,-0.24210834971155398,0.113399341952747,0.744024463330612,0.20653105217902398,0.74984488661036,1.83838972911867,0.506887315661683,-0.7676844288602529,-0.0801065169226241,1.03991955176808,-0.21051005396272499,-0.5535760915489711,0.9100588798179191,0.790967505173759,-0.9103386424325551,0.7922065386175821,1.03330373604264,0,0,0.7111111111111109,F,0.5581395348837211,37,37,19,43,0,0.7111111111111109
-0.0715592457596012,-1.07454073343823,0.631029118736197,-0.5963640382973721,2.33441209824682,-1.275033201015,-0.6950739986074671,1.93682626386473,1.69227783653421,0.495411037859533,-0.44948161281525,0.9356902542075122,-0.0936988978433647,-1.4282403050908,0.7188312222977791,-0.8341550093084908,0.0589912964628927,1.21396147435816,-0.103178577195496,-0.591215153815312,0,1,0.7111111111111109,F,0.545454545454545,37,37,20,44,0,0.7111111111111109
-0.416562861946378,-1.35140330588375,0.20261568849942002,-0.522810763106446,-0.421930546058081,-0.644226773638812,0.496055665601541,-0.37521186221717107,1.4582277641020802,-0.42680069771562107,0.0706597828858632,0.0351819872897738,0.0781049914707449,0.7072314923992579,-0.310632923810501,0.591945351832755,-0.5510983357250999,1.31427645917557,0.168187225782963,0.859113326717172,0,0,0.7111111111111109,F,0.555555555555556,37,37,20,45,0,0.7111111111111109
0.0185600735513124,0.9372412897910859,-0.22491381461279802,0.10629262035117,-0.617207033674951,0.7545461797127059,-0.0914415118063475,-0.0156937812137895,0.8011883032746879,1.72885435762942,-0.105504103641854,0.18286706998173102,1.5613746637062702,0.9452532974335709,0.13134692524160002,-0.28179306495892,-0.49887064442367407,0.17653451644313897,0.251566124923895,1.02445066183371,0,1,0.7111111111111109,F,0.543478260869565,37,37,21,46,0,0.7111111111111109
0.151806362738615,1.7219435751514,-1.8024217012694999,1.50999325262171,0.964363356014296,0.389129209330368,0.703962674657457,-0.97444027411212,1.1649942184474098,1.01199677100835,0.10990100248271599,0.0734428137418791,0.8300524336206171,0.186029130600725,0.598984393805325,-1.068843375819,1.2620255426773401,1.71462764128431,-0.603924986745208,1.70214360231742,0,0,0.7111111111111109,F,0.553191489361702,37,37,21,47,0,0.7111111111111109
-0.0486029697885271,-1.3780513089234598,1.5764675265918502,1.1850813634417,-0.274998373380974,-0.26407485215230697,0.477427739337959,-0.71850290843062,1.1248953214258,-1.01656788918853,-1.0217378547766,-1.40382043992005,1.50611754380607,1.5552053837713302,0.0226232344419208,-0.28286377184295597,-0.295358526082588,1.9277142490973702,0.16236192790129597,1.6897159690215,0,0,0.7111111111111109,F,0.5625,37,37,21,48,0,0.7111111111111109
2.08634847529741,-1.09131945502773,1.22239183816564,-1.1187031516405401,0.21378277312463,-1.46322076399098,-1.63959099026489,-0.674600367998526,1.02394357576493,-0.5090329295439879,0.459162583951155,1.61900674319208,-2.34711902501965,-0.0158246375348881,-0.178771399859072,0.8713061794503191,1.6153098521026399,0.503288534682864,0.512061540872108,-0.9581153708730941,0,0,0.7111111111111109,F,0.5714285714285711,37,37,21,49,0,0.7111111111111109
1.17992534406236,-0.462940096364719,0.18003340101148602,-0.11090295927665099,0.6903619811722199,-0.822958125078434,0.204433082307871,1.27281985849594,1.00515106583994,0.274436467584024,-0.018721561673781,-0.818381737519055,-0.0994722665491923,1.7797345006690701,-0.578900261307809,1.57041977011626,-0.30907060583886703,0.582502444112558,1.03550980411668,1.17663369064351,0,0,0.7111111111111109,F,0.58,37,37,21,50,0,0.7111111111111109
0.70252984851686,-0.187748754408064,-0.415385555729797,0.155528154891732,0.219477329440689,-1.09567904087767,-0.8495492053183199,-0.853188674654647,1.47606780531936,-0.7486634465251641,-1.06205299840856,0.778974478445894,0.0529279014255378,0.7029069457339089,-0.637684825420984,-0.558329785925732,-1.09729005751323,2.75877151932271,-0.339862601278802,1.91315863347713,0,1,0.7111111111111109,F,0.5686274509803921,37,37,22,51,0,0.7111111111111109
1.1697212245743303,0.196133795591642,0.995503458653039,-0.38997183648515,0.886694573290021,0.227435827065358,0.258033816707562,0.7706223903557059,2.6017068413955804,-0.887107547566241,0.17937490890559804,0.779889148935552,0.829058289557,-0.332599266350134,1.04328633779614,1.41124190522726,-1.7841589374401798,1.41987431690303,0.245437987333115,0.519036217110021,0,1,0.7111111111111109,F,0.5576923076923079,37,37,23,52,0,0.7111111111111109
1.04964116220653,0.849040282207315,-0.7927408917511151,-0.10768007733103098,-1.2751090727273,0.436755710149741,-1.5183192786005901,2.5262072142466803,0.76686647722519,-1.48244199647529,-0.0608966774672657,-1.0824202484185201,0.370321384665995,0.761889987624531,1.02358690070708,0.38641336221422595,0.158332853517031,-1.03143295375717,-0.473666541219851,1.6776898458314198,1,1,0.7111111111111109,F,0.5576923076923079,38,38,23,52,0,0.7111111111111109
-0.7741108754593671,-0.394325703526929,1.15259996180784,0.0989120821221317,0.06039947506298401,-0.288258189979435,2.7087999222333803,0.916870331316297,1.32838006303197,0.6134828683263129,0.546976301472738,0.46111066988957,-2.0510596680145,1.24509252271357,0.5826810827123,-0.19941296788520899,-1.6389191163973702,-1.51999298736596,-0.443905376681709,0.33638077915808196,0,1,0.7111111111111109,F,0.547169811320755,38,38,24,53,0,0.7111111111111109
-1.00847260086524,-1.4934495493116298,-0.9587029028061509,-0.548789694330541,0.213875984877685,0.563179476917942,-0.46359066572815394,0.0344292154504806,1.10093043803025,-1.09013357514375,0.9692469154608171,-1.00963024149852,0.0720700259430114,-1.0905746693423102,0.319981914582347,1.09099218878175,1.92131356471607,-2.2433174739898,-0.9223249373832499,1.07676670677858,0,1,0.7111111111111109,F,0.537037037037037,38,38,25,54,0,0.7111111111111109
0.26183544393257896,2.1484142231704397,1.2254753133365202,2.18122072809356,-0.648619693584374,-0.40249615163676894,0.446496312396253,1.86233718353576,1.37057081432841,-0.29358412887164803,-0.803185586283662,0.285874657597614,-1.04759787319984,-0.9347236783362449,-0.508293341592787,0.0631486895850376,-0.236743490923228,0.9853381753174691,0.22287729551042298,0.777913691705977,0,0,0.7111111111111109,F,0.545454545454545,38,38,25,55,0,0.7111111111111109
-1.3526737276395,2.08143542179189,0.9031623020834241,0.0787090482222113,-0.0871129874912167,-0.5889652154355021,-1.22021406686732,-0.415394697608384,1.41614931481078,0.0217228974285998,1.71750247637276,0.0643701500186546,0.507017859862205,-0.37095215088692,-0.17395164331172597,0.38251727114922396,0.0723802234172596,-0.261052418576863,-0.548023968138466,-0.39541609236212605,0,0,0.7111111111111109,F,0.5535714285714289,38,38,25,56,0,0.7111111111111109
-0.514575195362954,1.03259707507529,-0.33875242894157104,-0.6890021863622409,-0.821871525991515,1.0374728016061898,-2.0381888766526397,0.266670814114416,1.4673033753196498,0.7393112365854592,0.908804419709478,0.9141120633682328,-0.8001770238758779,-1.35535996805376,0.40779014606670594,2.17735315163686,-0.20157620915774396,-0.427111857024741,0.44978727688485204,-1.21623412198247,0,0,0.7111111111111109,F,0.56140350877193,38,38,25,57,0,0.7111111111111109
1.5788722075252102,-0.0196839365895258,-0.858727185306244,1.5383185165868998,0.21511617868554,0.228048162080351,0.192835307836889,-0.32128077435641994,1.42093914714124,0.461534719907944,-2.4439850542543,0.164473593785578,1.1433983207964098,0.0146782442316667,-0.217958942893823,-0.281522998730327,-0.7154524621312541,-0.42877782930787506,0.7411166519152809,0.00966006601248607,0,1,0.7111111111111109,F,0.5517241379310339,38,38,26,58,0,0.7111111111111109
-0.998600293750063,0.528848275212978,0.9202533156510719,-1.52929016367803,0.200057233627078,0.131426762216675,0.41744988238635705,-0.0596309711126876,0.998545669847896,0.31732549271478305,0.404414593868064,1.4843413119588797,1.6144617971083501,0.551411245193678,-0.9740267903459581,1.11760635745613,-0.41944099632714704,1.3463348846507999,-0.0529478110533115,-0.559906580662934,0,0,0.7111111111111109,F,0.559322033898305,38,38,26,59,0,0.7111111111111109
-1.5039778238561399,1.31396783085776,-0.0301261057695747,0.635013076225416,0.5024352306304589,1.1619659136208502,-0.305748290120474,1.7122827669227498,1.16943699570896,-0.27581487316072306,-2.51178070770034,-0.417271814919947,0.54157245402996,-0.14510730175217498,-1.02158273165751,0.472277970673325,-0.7081235031603791,1.4141394799499598,-0.490533158971659,1.18117086881028,0,0,0.7111111111111109,F,0.566666666666667,38,38,26,60,0,0.7111111111111109
-0.38349568234896203,-0.31011512945263503,0.503501292930096,-0.34606057984115696,0.40825021547025797,0.0576602940491424,0.163828591437751,-0.37312174328588205,0.72509574753411,0.47850384648464894,0.616051516707871,-1.68275483169634,0.836818527234523,-1.17120744997766,0.0223278781747579,-1.18444125218446,1.543961221354,-0.540652342604998,0.9974731353737192,0.257535606514767,0,0,0.7111111111111109,F,0.5737704918032789,38,38,26,61,0,0.7111111111111109
-0.8877157667222659,0.16669487761051402,0.36284966049280204,1.36587623441918,-0.82561808772838,0.459918017080379,0.0608484233757726,0.0856874759146798,1.0158352930385202,0.20450132750579897,-0.254560371663241,-1.19483728836151,-1.04633383542188,-0.0352156266032424,0.5892279736531479,-0.0794576659857108,-0.31350729334957106,0.99642385095625,-0.267930367575439,0.287586387199175,0,1,0.7111111111111109,F,0.5645161290322579,38,38,27,62,0,0.7111111111111109
0.0484832600398406,-0.572090525647056,-0.941358580464042,-0.193561857206157,0.8081293953794109,1.3551333762828002,2.83301085902121,0.929582848793895,0.7527641428231241,0.0794907273490193,-0.0018969965294483699,-0.963722272170818,-2.22226915620943,-0.6516857493294571,-0.35960873869587195,-1.56093365944322,-0.271264919641504,0.9139164154522641,0.940549578061113,0.802453949649381,0,0,0.7111111111111109,F,0.5714285714285711,38,38,27,63,0,0.7111111111111109
-0.6039218892782691,-0.221383521854773,-0.528902969675337,1.9337138370716298,0.26721448771079603,-0.7895896447051391,-0.885821719658994,-0.158438138504333,1.0206332094845199,-0.582788319120668,-1.4191419527551397,-0.38805454100866205,-0.8939528410858559,2.16507401707654,0.973235066791073,-1.23280166206606,-0.49427843949201,0.149198373583504,-0.0554395424680562,0.521779412983969,0,0,0.7111111111111109,F,0.578125,38,38,27,64,0,0.7111111111111109
0.402963468586451,-0.161789378999862,-0.320594999504725,1.4983325468847901,-1.0131163918790602,0.22800609949535103,1.13769753036496,-1.6688386641784798,0.805843453265049,0.4189244291553871,0.830053246232845,-0.7685225214054209,1.33244969155516,-1.8483399466734498,0.43799740683957006,0.43838472959377295,-1.01565985149131,0.757875862881912,1.00509196040514,0.519720950820359,0,1,0.7111111111111109,F,0.5692307692307691,38,38,28,65,0,0.7111111111111109
0.6534455565088011,0.0247854796722175,0.587860525006442,1.55928278063326,0.842994064697751,-0.538382265814457,-0.40443965365481305,0.954134165337496,0.8205513989813531,0.305155798692396,-1.23589818144649,0.832216536967124,0.38217153090277395,-0.7329782789169659,0.5060597119402279,-0.260259850339826,0.704272207328893,-0.8209742936536499,-0.17555505803176802,1.1097134068110601,0,0,0.7111111111111109,F,0.575757575757576,38,38,28,66,0,0.7111111111111109
0.911722855586455,-1.9384726102867702,0.104288719818021,0.0237109718550689,1.1651004930233202,2.26880839869327,-1.15375830900719,-2.56321218589781,0.960450063815568,0.36750347843263703,1.0345797576284599,0.56434237741112,0.5248031320855661,-0.129354120204305,0.0271818884935703,-0.825634676005312,-1.48595901953673,-0.603243114062741,-0.165808541469422,-1.33437478341234,0,1,0.7111111111111109,F,0.567164179104478,38,38,29,67,0,0.7111111111111109
1.81590854298196,-0.27714574611284803,-0.162632384920036,0.60077816019665,1.66214511616109,-0.0115216110636631,-0.746088781446242,0.6717570887235649,3.50353969174187,0.9547927193196879,0.33537115893259006,0.873313723124755,0.250765966165843,-1.64655439740549,0.907693780916095,1.4948389689232,0.247122833405128,-1.11923311102078,0.27536321525004803,1.06307978240537,0,0,0.7111111111111109,F,0.5735294117647061,38,38,29,68,0,0.7111111111111109
-1.00216073103167,0.605201471793606,0.40079201566975503,-0.606469427938885,0.653970559983557,-0.0344677940767172,-0.57840410937773,-2.09372732554772,0.812559611646263,1.17610544718542,-0.146872555143962,-0.553726496741948,0.293164560412497,-1.02390001965431,-0.28682468621574897,1.95604939316562,-0.7308174350486851,-0.710258106757607,0.34880601572612896,-0.385798493341444,0,0,0.7111111111111109,F,0.579710144927536,38,38,29,69,0,0.7111111111111109
0.185989237595376,-0.592317532282693,-0.8780495291433829,0.259338137991397,0.318622280101269,-0.329601261402901,-1.21918579988022,0.0574308275292166,0.8320913890573258,-2.8313035688059403,-0.508466688260915,1.09570886405768,-0.264077261997965,-0.316229485881662,-0.562390789563508,-1.75526995887989,-1.14577569268258,0.904942293121192,-0.0957223895859184,-2.15036445529219,0,0,0.7111111111111109,F,0.5857142857142861,38,38,29,70,0,0.7111111111111109
-0.10100908202009698,0.954794046951692,-0.8069274304871992,0.546466419712254,0.444066553890695,-0.6609336628357421,-0.41912267647835205,0.547537474723927,0.8479942629659251,0.10475759325388499,-0.252618968207875,-2.02754619680517,0.260018352343663,2.02731120634031,-0.43192541901037795,-0.0171677898097342,-0.641231680990583,0.37849559414894896,-0.17762520521043598,0.900483242805575,0,1,0.7111111111111109,F,0.577464788732394,38,38,30,71,0,0.7111111111111109
-0.39836270985380107,-1.9309180040295901,0.24458266198786702,2.2224074222601202,-0.324354705703003,-0.61787684427562,-0.665439846691964,0.182532639717483,2.12191223980148,-0.60240742511615,-0.769345239295344,0.38995940890520603,-1.62105116493389,0.133182274087137,-0.620098951201359,-0.466739623696433,-0.328886406387383,-0.7004035803947459,-0.873546443444475,0.0759846470482728,0,0,0.7111111111111109,F,0.583333333333333,38,38,30,72,0,0.7111111111111109
-1.60367955678132,0.5879788331921441,-2.15913909810696,-1.8169305860824099,-0.148733255306324,-0.989453549076167,1.059967494411,0.7370540759928459,1.81696858925754,1.58233742777329,-0.882353987065603,-0.110006481895609,-1.16887951120255,0.40118654292946293,-0.546468641773801,-0.7276036892962441,-0.9637020031541021,-0.718203944182903,0.0568854039984077,0.18974906989653603,0,1,0.7111111111111109,F,0.5753424657534251,38,38,31,73,0,0.7111111111111109
1.98701165793158,2.33430541726015,-0.44932252707471204,-0.8263230097668129,0.141013778594659,2.0051947484457,-1.70471577865006,0.7147546416253241,1.9257432722687,1.8064961124097698,0.10519351869770599,-1.48172587581291,0.8441198084792991,0.284771182921785,-0.19689580596804399,0.0810202626297665,-1.8473625036766699,-0.0535162855709867,0.38467116965281206,-0.37474924122233505,0,1,0.7111111111111109,F,0.567567567567568,38,38,32,74,0,0.7111111111111109
-0.17327901354125697,-0.258299918076557,-0.6186440873157719,0.0309968576820438,-0.63733006244465,0.576511020478633,1.0856132441500699,-0.108835906077395,2.9596580691466703,-0.223856193854942,-0.553926167653948,0.5071813090764579,0.795038000602073,-0.8815420196738051,-0.788922629965035,0.11058034021502301,0.420993875241698,-2.13037078301494,-0.346533039427882,1.28558243629595,1,1,0.7111111111111109,F,0.567567567567568,39,39,32,74,0,0.7111111111111109
-0.661090614154772,0.6113799684171379,0.814590903295705,-0.835112598772453,0.14189991847285,-1.3484324977534101,-0.298335624620572,-2.8506807437023105,2.60044610769969,0.21670171304468502,-1.79745643660153,-0.755101618552585,0.494695507143552,-1.99839907149281,0.7804500233353491,1.22687165828736,0.801738168998103,-1.27281199223396,0.915248766731297,-0.410159890377951,0,1,0.7111111111111109,F,0.56,39,39,33,75,0,0.7111111111111109
2.30858624262646,0.31784643314278005,-0.152923704616463,1.17403614383197,1.9689110061625201,-0.15218411335637802,-0.35569284154458397,0.0024282421177401104,1.1192142583859899,-0.0357289926451202,0.8600063819616659,-0.48800276975055895,-0.792302792974016,0.919355067879158,-0.670062613294214,-0.00022854396566712997,0.156266650420534,-0.278618016745326,0.579328309517695,-0.7911037609848369,0,1,0.7111111111111109,F,0.5526315789473679,39,39,34,76,0,0.7111111111111109
1.5267289763958503,0.37950403900181395,1.72162732111498,-0.606703501072288,1.2275521613737599,-0.518522413052337,-0.150441799469247,0.9260536946869542,1.1810429309173,-0.352650339642709,0.478836898855294,0.536520644378083,0.7867176694228171,2.47373799795836,0.7980518153084971,-0.9673766403079159,1.6743095995699,-0.0164852070140451,-0.172569658411368,1.8512593918614502,0,1,0.7111111111111109,F,0.545454545454545,39,39,35,77,0,0.7111111111111109
0.9301138728946841,1.03995914346851,-0.78029821159956,-0.771600434974139,-0.28379829778180604,-0.299556868135542,-0.597627301846258,-0.623377006672649,1.26895004781674,-0.667822809337791,-0.265012632856491,-1.4282931727372101,-1.0352756111484,-1.30940785874613,0.6785161289679099,-0.569409121106021,-0.9025695527087679,0.379715895643711,0.820506860891904,-1.4126111135633002,0,0,0.7111111111111109,F,0.5512820512820511,39,39,35,78,0,0.7111111111111109
-0.0423154297419488,-0.0537398062424951,1.19885490164816,-1.7429193360421398,0.7852979877266851,1.2603328592547198,1.89666007538867,-0.524825920676371,-0.406540120940891,0.0894084654239526,0.289910252870122,0.3777371056110361,-1.45644507141799,-0.49999539043983005,-0.18305835958980402,-0.701277961083615,-0.538499080415724,-1.9795821716233502,0.497399508709187,0.6354195742474871,0,1,0.607843137254902,F,0.544303797468354,39,39,36,79,0,0.607843137254902
0.296996045310611,0.49298498963078496,-0.7051481133793258,-0.593015130855986,-1.652113692624,0.846989693714266,-0.414724286019895,-0.144899629386775,-0.254434067288243,-1.3657249748343998,0.36893755193558603,-2.24682674852846,0.444424219279646,1.3380565052693898,-0.6100462790280029,-0.0813625147508302,0.497343263229627,0.71674797432952,0.1324349436166,1.21920733576575,0,0,0.607843137254902,F,0.55,39,39,36,80,0,0.607843137254902
-0.244007592041143,-0.650437534159913,1.30215584601872,0.9206412393939499,-0.471073471613178,0.00244732112964947,0.8781352563914471,0.751976092673506,-1.3663661113788,-3.08221888136796,1.3501892988718,0.7837376751778801,-0.198305972162656,0.5896353710202359,-0.806087387032754,2.32232495835985,-0.590951758453526,-0.9944893820849541,0.878044212466789,-1.88060812920172,0,0,0.607843137254902,F,0.555555555555556,39,39,36,81,0,0.607843137254902
0.935725399393963,0.46576882783192797,0.9056052382285601,-0.9463738232958341,0.79402495003951,-0.161074126862008,-1.49007077897217,0.14718867833480098,0.666687352397702,-0.474798194194555,0.36123689942370707,-0.749644060251711,-0.118369998466042,1.0974756963749799,-0.53617863044845,-1.52978310402646,-0.746114752103173,0.589642674973674,0.530555454876143,-0.467111920823001,0,0,0.607843137254902,F,0.5609756097560981,39,39,36,82,0,0.607843137254902
-0.799623243647732,0.528411385314976,0.728033462823044,0.361489785354501,-0.6776635687770238,0.493838415701196,1.42605187175243,2.04287394528756,0.159796323459965,0.762907516106775,1.1614379330326499,0.259691406895068,0.22462197572773498,-0.41331236275699695,0.525082108001296,-1.2000553159631397,0.505588366830963,-0.5705100002324169,-0.188453614570359,-0.151791148886129,0,0,0.607843137254902,F,0.566265060240964,39,39,36,83,0,0.607843137254902
1.81343677416657,-1.3852804652681001,-1.29313916743302,-1.93348186197052,0.30444997861262796,0.30172105604054605,0.1035148606198,-0.10761188716084,-2.11219115016872,-0.442183425057599,-1.5551196897946,-0.459682295652057,-1.2308431377573101,0.243831955845121,-0.463464635272376,-0.17675975349538103,-0.444899685495754,-0.47958999237676503,-0.816982460009959,-1.644526477767,0,0,0.607843137254902,F,0.5714285714285711,39,39,36,84,0,0.607843137254902
0.0802246509785487,-0.35836734479130605,0.529867530745406,-0.0445773428953353,1.68595268773261,0.938582632770035,0.0318065809037198,1.6215853028334999,-0.641118185979788,2.07140312190981,0.397775565990862,-0.527122738865484,0.305115364313735,-1.11564479611305,-0.219555842402156,-1.1401418615306298,2.58400264298385,-0.37160415837105104,-0.8098625034960641,0.0830042540413241,0,0,0.607843137254902,F,0.576470588235294,39,39,36,85,0,0.607843137254902
0.37113182565805,0.0970696663888398,-0.8556571866816222,-1.20059552239831,0.553815420576057,1.56675306472757,-0.986236935326215,0.463245628353675,-1.18274147495471,0.129886053756261,1.2870706323389298,-0.49066888582473395,0.3602506792957871,0.7701998483028459,0.8514090389735891,1.73719276966161,1.48546041831102,-0.35756800205260203,-1.01395978510199,-1.04003647959756,0,1,0.607843137254902,F,0.5697674418604649,39,39,37,86,0,0.607843137254902
1.1487737133929299,1.00199372787084,0.104630563760675,-1.3848151179985702,-0.7784034809621979,-0.437659867476279,-0.63538692155542,-0.0163732763014164,-1.80940756851128,-0.274387167453061,1.08787835794146,-0.0988728600905707,-0.6541782998228349,-0.595331862746648,-0.45884812507458,1.21234936549891,0.9388076650082501,-0.26974338141025,0.18729722015802,0.7223159481652119,0,1,0.607843137254902,F,0.563218390804598,39,39,38,87,0,0.607843137254902
-1.7476914552920702,-0.40738297822296904,-0.96159474146394,-0.583460206377233,-0.8144559395777281,-0.49206776446110495,-1.6229414301748601,-0.6378841484070971,-1.3260782359045602,-1.2499836334483,-0.871439299159133,0.8830347746693559,-0.388656714793313,0.4394383866887461,0.622928600994847,-0.9200080306032952,0.600134429680604,0.30782646099938205,-1.04217932436137,0.835979791178647,0,1,0.607843137254902,F,0.556818181818182,39,39,39,88,0,0.607843137254902
0.0771337307619923,0.519712439788984,-0.35088063037038403,0.7359764567868579,-0.115751357074375,1.7315240235476599,-0.436892638826791,0.22466356675780103,-1.0000234667391998,-1.1594531299350201,-0.0279815266874405,0.579380653288697,-0.20253966619681602,-1.01045373870872,0.143957798597431,-0.0881041756393509,0.6455106784965889,-0.200167572724098,-1.00777225799412,-0.856362657209519,0,1,0.607843137254902,F,0.5505617977528089,39,39,40,89,0,0.607843137254902
-0.429872202333817,-1.0964095370015,-1.1613064227943402,-0.0487332329810406,-0.229363397248291,-0.11371567171590302,-1.1592287511135402,0.0631157852121292,-0.8216918120070741,-0.140048511547196,0.44493488730849495,-0.237872280563538,-0.248722034986733,1.69273751871026,0.9690629972884391,0.185469557356836,1.72361743938757,-1.44993603072705,-0.21660241931302598,0.441682636792065,0,1,0.607843137254902,F,0.544444444444445,39,39,41,90,0,0.607843137254902
0.7508951271747759,0.28055348433705496,-1.7230338411195503,-0.174637871511438,-0.876765472978346,0.8034038792987719,-1.7946277642286999,-1.11882502995115,0.0763127781060746,2.168924249105,0.363960081197951,-0.27197775831061705,-1.03783191294975,-0.30473497314188297,0.652515772824372,0.28824672962236,-1.0560352198704999,-0.131630262039714,0.5095531889748449,-0.19642641813525502,0,0,0.607843137254902,F,0.549450549450549,39,39,41,91,0,0.607843137254902
-0.19685459856470303,-0.6678573052947281,-1.4859977645324098,-1.0281292683944598,2.08363268099681,0.0657544978335496,0.8906106086319978,0.220542426863413,-2.25811095598043,-0.447500181466007,-0.61526032600568,0.6470946996638129,-0.47586804592405296,0.735784642463945,-0.0274008788927703,0.554989265437448,-0.513124674433471,1.65383376928555,-0.359430033232428,-0.7261135927611201,0,1,0.607843137254902,F,0.543478260869565,39,39,42,92,0,0.607843137254902
-0.77120872738625,-0.466663656213515,-0.725323638737292,0.823886810685174,0.207378196155037,0.528347144092705,-0.64440469408737,-0.668224329058406,-1.25481508508906,0.92407237922672,0.5905090871392691,1.20385696034701,1.9406502098404,-0.705856372945908,-0.26118247854641796,-0.779279882183188,-0.8731948631048321,-0.7191088490999259,0.743239622916,0.0234669311499851,0,0,0.607843137254902,F,0.548387096774194,39,39,42,93,0,0.607843137254902
0.284941293207388,-0.26550841154092103,0.29832608739190997,-0.5770704665733629,0.696424722683069,-0.304114272523053,0.0900524747330327,1.07110025071028,-1.99398418764883,-0.9997527154559849,-0.821794225133259,-0.444968825546659,0.127901605359099,-0.06931593973703501,-0.704121402927038,-0.5703164523329239,-0.54359482910487,1.08979255323747,-0.48987310364907793,2.07925243795739,0,1,0.607843137254902,F,0.5425531914893621,39,39,43,94,0,0.607843137254902
-0.587992540383631,-1.66542106271353,-1.02279495152541,1.7108043466784297,-0.5770171373744549,0.8550737359032109,-2.52494470592782,1.01712920113197,0.5706134094903249,-0.616349237140899,0.0954062455035953,0.37421434808117404,-0.6747546756963859,-1.8029293905958799,0.0597187136116449,-0.0192610880427848,1.33014199565094,0.19538755616084502,-0.391695861946834,-1.003889875049,0,1,0.607843137254902,F,0.5368421052631579,39,39,44,95,0,0.607843137254902
-0.27759885092356,-0.0909560851059136,0.0291960831027458,-0.10012584847629198,1.92212739429766,-0.48237028507453206,0.624531777078837,0.12583071632821002,0.308903741164557,-3.0554027913577904,-0.7188988475330559,-1.5296462213477502,-0.748568706339695,0.8403683150158929,0.491183945112084,-0.40677695584703794,-1.3334291669200402,0.845060393319398,0.53250775852447,-0.8224021239646719,0,0,0.607843137254902,F,0.5416666666666671,39,39,44,96,0,0.607843137254902
-0.111284692071899,-0.26874571139876,0.208982830249964,-0.154028850237708,-1.98127574889877,-0.5861844964830749,0.343205001241083,-0.32186978598779803,-1.0988198448503401,-0.44686922176916294,-1.2266579911521298,-0.0625572771587138,-0.352471435088609,1.8350172948235401,0.21092624792269601,-1.2801629196728999,0.499901476016046,-3.40540233618295,-0.00322763208204208,-0.693648947377772,0,0,0.607843137254902,F,0.5463917525773201,39,39,44,97,0,0.607843137254902
0.476437322415006,0.110840338040982,0.616714361673241,0.23488400331250797,2.32404982863943,0.50656985473981,0.359703085081046,2.2227174410133,0.29326571198287604,0.37290919678875106,-2.09125513452129,1.7258374702086599,0.0976648031879579,-1.3800468136492199,-0.214960348940596,0.648328507087536,0.111867653311863,-0.0710355058342266,0.0599867156220757,0.5020091141360371,0,1,0.607843137254902,F,0.5408163265306121,39,39,45,98,0,0.607843137254902
-0.76416281463083,0.0905499864595863,-0.8889661881765408,0.228898610745993,1.5231295971666798,0.51789825323692,0.812836239013384,2.0906890100317903,0.0439463797156106,-1.27449464130381,-1.33108574688581,-1.0426139837496802,-0.535357270737208,0.8462042260518711,-0.5363857945358379,-1.55107883517111,-2.83283270327388,-0.2959738208657561,0.30696507287177505,0.666256999846794,0,0,0.607843137254902,F,0.545454545454545,39,39,45,99,0,0.607843137254902
0.134879528780035,-0.544005069403659,0.569960819555753,-0.334029827298686,0.78489157711238,-0.305413454868175,-0.687008746691016,-0.0652394850529188,-1.00563191762707,0.871342426003085,1.97166154494616,0.519949049537519,0.94211841581923,-0.47145232237703794,-0.49654166492397206,-1.3297065788448799,-2.21104124153321,-0.527631577399391,0.214493701143354,-0.586757844414447,0,0,0.607843137254902,F,0.55,39,39,45,100,0,0.607843137254902
1.14080891478556,-1.1899814494398602,0.215580204432281,0.0957430298175037,0.0510875529706308,0.36435210686528,0.13452052479517299,0.36784873245282895,-0.41477254041000894,-0.20194373036509397,-1.1469272206663501,-0.14220853042675,0.93627260782177,-0.747709128669189,0.727787183049535,0.9176291345062159,0.5806777720493929,-0.687807909925697,-0.41786660246706003,-0.809367343693011,0,1,0.607843137254902,F,0.544554455445545,39,39,46,101,0,0.607843137254902
1.4353816084825801,-0.598565194517212,-0.252323980022153,-1.66478936850815,0.548332625545503,1.66128916274093,-1.21617635340228,0.39784515986987895,-0.98453180029579,0.167215947571969,-0.1443093080761,-0.129177535520971,0.686853763524159,-1.07797855136495,-0.285311576773606,1.1383853132389299,0.9813965187082081,0.340749236123787,-0.8369075985972192,0.6246164188617951,0,0,0.607843137254902,F,0.549019607843137,39,39,46,102,0,0.607843137254902
0.801285401394587,-0.8840774566106311,-0.175316763921826,1.5760164538533703,0.208480575749624,-0.814773317609815,0.475983022585486,2.03852747293547,0.6790748625197309,-1.04037969439659,-1.62882672991777,-0.193698062081052,0.889683744667375,-1.25996108413197,0.30678730857687797,-1.40633025334656,-0.138793468128624,1.2856728913342,-0.8780762312419741,1.4064099681802902,0,1,0.607843137254902,F,0.543689320388349,39,39,47,103,0,0.607843137254902
-0.8620140550031049,-1.15380242898168,0.458356304866164,-0.6299906276680539,0.0462093869907341,1.5518819601579699,0.810070325507678,-0.32535616982896803,-0.20427071782804002,0.777373394174531,-0.184117306591903,-0.513377795354153,1.4059113849207,-2.1822096070659502,0.745534111828875,0.597361013680431,0.27196254712245105,-0.251969921964129,-0.985070037519448,1.20638347658062,0,1,0.607843137254902,F,0.538461538461538,39,39,48,104,0,0.607843137254902
0.178869992980057,0.20407549964302202,-1.5373424906678301,-1.2887457430873999,0.6270978888867379,-0.234687071832326,1.2602463982018999,0.9956693450666401,-0.753211145684703,-1.5273174968411,0.39797505804718203,1.69841471674793,-0.8734065423728001,-1.44084984589118,-0.9884446843409291,1.29300582296851,-0.6573817717707929,-1.75531785935453,-0.8399728738664008,0.4887792741741121,0,1,0.607843137254902,F,0.5333333333333329,39,39,49,105,0,0.607843137254902
0.46841841587349603,-0.17528642028829902,0.7977976274534141,-1.08615859886655,-0.5805054762920739,-1.2806857083663201,0.11629776107543402,-0.595342152349987,0.20029813759006698,-1.4888049988524399,0.980588137112509,-0.394512394750247,-0.518576624576187,0.76099774397735,0.40167299498548603,-0.14509287666423998,0.762458161919836,-1.3319300518319,0.579328031282578,0.27360835016665397,0,0,0.607843137254902,F,0.537735849056604,39,39,49,106,0,0.607843137254902
-0.253143131414117,0.150015391350074,-0.0513533906339581,-0.11588382585924499,2.32659279813565,-0.824898891236168,0.425639274566077,-1.65227675489557,-1.06073423834256,0.0372677071012392,-2.24064576157099,0.169007444415429,-0.483641922944565,0.9259809959231099,0.0338921168695285,0.0225763287290322,-0.8195967753963042,-0.269622316768027,0.102932445199741,-1.52545621111304,0,1,0.607843137254902,F,0.5327102803738321,39,39,50,107,0,0.607843137254902
0.45416855593395394,-0.206765223383191,-2.2370133120383997,-0.928297489214375,0.481158642404417,-0.45951781744314596,1.1344096740843401,0.407275661023084,0.0611114092808828,2.20006676167948,-0.626773658123465,-0.28748842545601194,2.87038650382434,-1.12275741787001,-0.0999824371097951,-0.266822921257943,0.44587633122807896,1.20430080834707,0.375425758640349,1.8913305310294801,0,0,0.607843137254902,F,0.537037037037037,39,39,50,108,0,0.607843137254902
-1.02259912904217,0.56973339174983,-0.186006726711167,1.2799625036058002,-0.33542338031591495,0.0230324669566758,0.581960687755855,0.0799766211648139,-0.19308093971635998,-1.53868077981384,-0.974426963211741,1.34730626284792,0.0533471157121888,0.48187281571603996,-0.291617215847918,-0.127505010492484,-0.21114407157024104,-0.5757005022880479,-0.510911002300909,-0.257121391072572,0,0,0.607843137254902,F,0.541284403669725,39,39,50,109,0,0.607843137254902
-0.536216720159019,-0.41539659675347096,-1.02954141567527,-0.0751987276346474,-1.01742834942872,0.8909998491777908,-0.19514749966872402,0.286715000611452,-1.44412550560907,0.7590210236041859,0.9979933042522829,0.251650319296597,0.443623669165835,0.6879662837489221,-0.24234832981275198,1.4677628158520202,0.883464288242223,-0.810065371397251,0.372911749663349,1.8284047088910902,0,0,0.607843137254902,F,0.545454545454545,39,39,50,110,0,0.607843137254902
0.49043071134124705,-0.73436203283046,-1.32232795204854,-1.5681888084397,-0.317021716292531,-0.6994825971085871,0.293487100106753,-0.0162214041622408,-1.75252442161115,-0.76820058140606,0.083468315836583,1.31143310081985,-0.40829135322458093,-0.8304778623595039,0.0715408644312666,1.78795891425874,0.267888846525946,-1.5741422649903203,0.039291807090464995,-1.04088394649452,0,0,0.607843137254902,F,0.549549549549549,39,39,50,111,0,0.607843137254902
1.1086435512260902,-1.36550724454252,0.000809281015272688,-1.5435993083759698,1.60459832946321,-2.33198375617906,-0.759546846168613,-0.794616103131847,-0.48955446776566,-0.652467364062823,1.3002736014162302,1.3282179146247302,1.5691544728517401,1.0690553002035101,-0.141296534499987,-0.668723118205869,-0.6826913503125489,-1.8446638313453,0.284306645208886,-0.47229282032215,0,0,0.607843137254902,F,0.5535714285714289,39,39,50,112,0,0.607843137254902
0.12600329751165099,-1.20662031634434,0.533132209500811,-0.46533979933184294,-0.239322948428285,0.733385408280315,1.63830047550919,0.826581850468045,-0.815218700884624,0.5955688923695911,0.6470562138562621,-0.882723703185002,-0.46557894086070395,1.0683548498059598,-0.5484693744521779,0.377795666450356,-0.6348098550808751,-0.132560776820086,-0.359044722855146,0.6922677241186121,0,0,0.607843137254902,F,0.5575221238938051,39,39,50,113,0,0.607843137254902
0.395477673339177,0.7920212661079441,-0.8841287374925101,1.13924059550775,0.939142612295168,-0.155802898570277,0.24527514002241,-0.14288067004188598,-0.561957790187413,1.2967794757708602,-1.86319407895031,0.217330055512333,-1.66739142265791,-0.6311987343405079,-0.152195698434409,1.1446372599366599,0.9959425098871211,-0.746266797428153,0.414947851106979,1.66185413343353,0,0,0.607843137254902,F,0.56140350877193,39,39,50,114,0,0.607843137254902
-0.5436456764422489,-0.561578226436791,1.11004576514593,-1.01758832816039,1.09998333489173,-0.33806402595148,-0.0101849779263025,-1.3467563158392,-0.836653508845,0.316958859108745,1.07889247340336,0.778137034363655,1.0515305980659,0.0664943562160369,-0.7097500822741729,0.485550571125885,-0.0254536279698082,0.35941173633025897,0.0649712516968722,0.0427469252783979,0,0,0.607843137254902,F,0.565217391304348,39,39,50,115,0,0.607843137254902
0.99726152527311,1.47221901714735,-2.9884849912195297,0.448105554897564,0.75041413127851,1.9157715419252,2.19964973959665,1.0901806703114,0.0789842815704069,-0.476780571434595,0.0784913771297159,-0.20163408842624103,-0.216179940743607,-1.2153346300833001,-0.7461729511545991,-0.4628911126358,-0.262234295743549,1.46831877021306,-0.637377539984129,-0.9619811404429258,0,1,0.607843137254902,F,0.5603448275862071,39,39,51,116,0,0.607843137254902
-0.186663288180949,0.45177595648805,-0.7543168861235771,0.165909348058396,-0.16775355755557597,1.03665109750958,0.29608246519562603,-0.26806682304328,-1.26340970522838,0.4308176498268,0.0906433579405943,-0.0257252188821999,-1.14026125045621,1.315759735946,0.46029678755311,-0.12417784678323401,-1.62169425685458,-1.01630159451974,0.680805743497611,-0.0818908750169646,0,0,0.607843137254902,F,0.564102564102564,39,39,51,117,0,0.607843137254902
0.5534309926732299,0.235822827948279,0.7132401748792622,-0.722235434268489,-0.8290176225416559,0.9532483493355429,0.7159222929196108,0.35229045366593,0.46141642737996896,-0.741281008039032,-0.572792517214566,0.41472299971421994,0.144986694658865,0.559235762614296,-1.0811521352253,0.538513198271399,0.49039475068867994,0.677910613404643,0.486983430451549,0.474560815323113,0,1,0.607843137254902,F,0.559322033898305,39,39,52,118,0,0.607843137254902
-0.126406608117381,-0.805817689584509,0.587541970480121,0.333258530814466,0.41802171262673793,-2.15262983304869,0.21931065565591298,0.0377971832198119,0.15865839900481102,-0.9911207355774281,-0.40614593305045293,2.22134931046289,-0.269681168007273,-0.5984134626340329,0.323585552623868,0.8514106169275509,0.10562352411359201,2.00681585262539,0.66513168516535,-2.51530026732969,0,1,0.607843137254902,F,0.5546218487394959,39,39,53,119,0,0.607843137254902
-0.8795710983199309,1.1036558977900701,-0.34398667934692395,0.8990869541877241,0.0965246238159809,-0.412119343063322,1.97301279057652,-3.03911277885883,-0.291520824747714,0.31952756111826397,-0.364637066352003,-0.757191644793432,-0.837076264237518,1.1469231427871298,0.118427333848644,-0.803318286807898,0.5624962212087571,1.5832020079596898,-0.9148066835983041,-0.5555223049291279,0,0,0.607843137254902,F,0.558333333333333,39,39,53,120,0,0.607843137254902
0.7459201531985171,0.25508066042370997,0.305073024003063,0.840256876574792,-1.7457868613036298,-0.637964268053781,0.512990634122353,2.2380264023601897,0.168149283134651,1.2495794582061102,1.63797005946399,-0.559247308363612,0.100605077062354,-1.1646477546620702,0.606352413067458,0.820013706796572,-0.343888935789313,0.555883175538921,0.0812045970936361,-0.361822201541057,0,0,0.607843137254902,F,0.56198347107438,39,39,53,121,0,0.607843137254902
-1.46205102156028,-0.80171329850592,0.517964110306234,-0.354736681724052,1.28684064283048,-0.6482481602450191,0.456431963877912,0.503450678567236,-0.340158165268362,0.531604645335045,1.6728727606397802,-0.600028672100048,-0.426543503134706,-1.42777671867548,-0.23220747610767603,-1.2388157942800602,1.0138802056264,-1.2551049653783999,0.9908835230677701,-1.236981491342,0,1,0.607843137254902,F,0.557377049180328,39,39,54,122,0,0.607843137254902
0.442076270278307,-1.11564466025104,-1.57013222763255,1.55697104748465,-0.352138349798019,0.5179535605279529,-1.4658110395552901,-2.2484595501927003,-0.49822399460680894,-0.551284585763043,-0.16234556888190899,-1.14679065187922,0.34097114344768203,-0.354102132878359,0.465556505209369,-1.04064717786902,-0.0583088843533191,-0.459166881127325,-0.0530599954300967,-0.0523704973940017,0,1,0.607843137254902,F,0.552845528455285,39,39,55,123,0,0.607843137254902
0.862821880593907,-1.04472956666985,0.9636484669836449,0.0119467423412239,-0.148056057763168,0.284412864335599,0.38146703597034,-0.647306436001105,-1.6852945445736798,-1.96185078483391,1.4570524042981898,0.458137073744008,0.407731717487563,-1.53453151337675,0.5001763316281099,-2.6321035409426603,1.12119659182401,0.297858177981095,-0.30869370684701,-0.462767093611459,0,0,0.607843137254902,F,0.5564516129032261,39,39,55,124,0,0.607843137254902
1.20830673176548,-1.4974899451808101,0.764769759860553,0.287337414138537,-0.331469563837559,0.209260590725996,-1.9962877535719,-1.65212119363547,0.689513350296155,-0.15219556133614,-0.5655802381404039,0.0545240880943851,1.9790643665424197,-0.7224817005156758,-0.12170161870737899,0.37912218153660604,0.9975040328425481,1.02845843303078,0.98626761319262,-0.8650767094522042,0,1,0.607843137254902,F,0.552,39,39,56,125,0,0.607843137254902
0.0526832109801955,-0.206653091067464,0.46106065973791294,-0.0275242601197846,-0.144444751681546,0.11874320654391698,-0.773064858207657,-0.596688659250716,-0.104159029571159,-0.596203481199914,0.8258555284619971,-0.266628310119789,1.02066147590568,0.34666677957355296,0.406968819599553,-1.84327942996522,-0.348385853087807,-0.8176109477286209,-0.0642244557218478,-0.0730451080639444,0,0,0.607843137254902,F,0.555555555555556,39,39,56,126,0,0.607843137254902
-0.506223370973075,0.594005120302784,-1.16932119578076,-0.81148145411799,0.7951117635774749,-0.20510277682956896,-0.15018611268913598,-0.180492919181216,-0.00309977311799026,-1.52014749445889,-1.0428786740798401,1.9764398876618001,-0.646841252354255,0.0834685638045598,0.436787237648784,-0.0260366305319522,-1.3814598279021102,-0.328917094665453,-0.335058565555631,-0.9799244876581079,0,0,0.607843137254902,F,0.5590551181102359,39,39,56,127,0,0.607843137254902
-0.0600333566475722,0.16207592190804698,-1.0506132829813,1.34662516032403,-0.212077958533528,-1.03259935617439,0.353086257133521,0.502855902034141,0.14019792658817498,-0.47429062260535704,1.5614514649849498,0.0721006410772005,0.187968771254066,0.14971722752228303,0.19713852699932602,1.03737729535883,0.882559852410208,-1.1642948625999299,-0.729458729619402,1.87032342299018,0,1,0.607843137254902,F,0.5546875,39,39,57,128,0,0.607843137254902
-1.10257579216963,-0.716002091846761,-0.0879389054831605,0.14532779986355499,-0.329694039027928,-0.42729664922593696,1.74964027325504,0.0229309271086067,-0.48379682632809295,-0.6115161740701701,1.02774084286663,0.45912003463192297,-1.6900837933431399,0.5723196145468461,-0.6014590131528249,0.6217562908102989,-0.6409453130423871,-0.239911202123605,0.8576374214847329,-1.06037206955596,0,1,0.607843137254902,F,0.550387596899225,39,39,58,129,0,0.607843137254902
0.006304000473707961,-0.6279587624552521,-0.8188711478566569,2.01003524570215,-0.563485624508704,1.3773332390454998,0.39686126842579705,1.2377593706806,-0.0945731469345609,-0.502190252064201,1.13566178846961,0.570124952391021,-0.17161535408594597,2.19077033617564,-0.382483159538499,-0.8805465927166508,-0.8637547547267529,-0.5588137846917121,-0.545231631580805,0.0151054767114251,0,0,0.607843137254902,F,0.5538461538461539,39,39,58,130,0,0.607843137254902
0.08236304145359599,-0.7709387240213381,-2.03731369236517,-0.414986273339879,-0.9241523458775799,1.8257559503493,-1.7065714020064098,-0.11667997474876199,-0.0835797094839807,-0.5698512758938679,1.47825278909275,0.7764600388053141,0.142143496715367,-0.49456756740812197,-0.644740513664673,-0.0683259432470585,-0.118716272444172,1.06120164688801,1.0963326360772,-0.454148131927138,0,1,0.607843137254902,F,0.5496183206106869,39,39,59,131,0,0.607843137254902
0.39132482763519705,-0.285944499954138,-1.27754035433125,2.42547181556075,-0.9730137455894491,0.6357267181379979,-0.599893542920589,0.5342531100711371,0.6246876618261861,-0.44708337130180603,0.13950192032972303,0.13490715712426402,-0.0171162195991753,-0.750675902258759,0.0952979779646353,0.5306911335689041,0.83941436238144,0.491126509362019,0.199658079269992,-0.754568428229682,0,0,0.607843137254902,F,0.553030303030303,39,39,59,132,0,0.607843137254902
-0.49723370206605205,-0.816730530667348,-0.15510798352223298,-0.0436355781952184,-1.93204224486967,0.684331822477124,-0.5217257475573229,1.00786810548604,0.0104165534980273,-0.373764161882005,-1.9359342471866399,-0.9486118399945199,0.0210296945083839,0.5669397789738051,-0.9890806418443749,-0.179911984988371,-0.162931623548741,0.14127662930138501,0.0687877903157058,-0.0642642186994777,0,0,0.607843137254902,F,0.556390977443609,39,39,59,133,0,0.607843137254902
-1.1249472730238899,1.7085194309457,-0.345262990035682,-2.15105127972883,0.8040436173217459,0.23903136892098498,1.5637992538177499,0.6501132588926011,-0.314155077348938,-1.9544072177294098,-0.8945483295847109,0.282008315032589,-0.25300464131630396,-0.727212486320122,-0.0410257920781595,-1.3207082528064198,1.71341564188007,-0.44971049281818004,-0.43433976328308893,-0.147054101276662,0,1,0.607843137254902,F,0.5522388059701488,39,39,60,134,0,0.607843137254902
-1.2986946076668302,0.463314046605015,0.332908978683118,0.29660971424021604,-0.39687885489534797,-0.14996371795564098,-2.76991059585864,1.1266205736666202,0.026886229513151002,0.7183612545834119,-1.4698916714363701,1.91932989758247,-0.280969054766618,-0.7640173184122341,0.33559013100653606,-0.101312845552084,0.132224637837105,0.7978321876573509,0.569965327396854,2.31437079395859,0,0,0.607843137254902,F,0.555555555555556,39,39,60,135,0,0.607843137254902
1.1259900554075402,0.404032487201666,1.32148046287692,-0.5905677576538979,1.4857539443077998,-0.133502646175694,0.330737805864184,-0.232577955316969,0.647025281796313,1.4580887350054,-0.9537837167550258,1.08691272022918,-0.33804174394419,0.298738819995024,0.586540833970595,-2.37212621395798,-0.9126732239387692,1.23246420989283,1.08332756203361,-1.11436373316431,0,0,0.607843137254902,F,0.558823529411765,39,39,60,136,0,0.607843137254902
-0.37992092454478005,-0.826677597864005,1.95903267186378,0.0240790989537175,1.8031939945788702,1.24033240574653,-0.25905198677839103,1.3162869386577198,-0.46106633397143604,-0.164153472192788,1.4535363501801597,2.24790312097136,0.830744478329739,-0.0322559089694934,-0.254850777008141,0.5330017546545031,1.9239004275982698,-1.37004634278388,1.03599313244426,0.930006921074084,0,0,0.607843137254902,F,0.562043795620438,39,39,60,137,0,0.607843137254902
0.0548775853246032,0.857775198309199,2.471286887308,-2.8607049725265004,-0.19208269667184902,0.22989954208009802,0.149980571277755,-0.277491215006755,-0.985760095872637,0.41904761867266704,0.135467477098929,-1.7321320993943998,-0.696446885890561,0.251740020270017,-0.9145380623590891,-0.7609801520062751,-0.5966409009804139,1.20665041688985,0.289139950848549,1.20546525934924,0,0,0.607843137254902,F,0.565217391304348,39,39,60,138,0,0.607843137254902
0.22979317513396602,0.18992431678445604,-0.934057970728588,0.865131228226015,0.410535812431298,0.00460234128734418,-0.9528509526431022,0.651643036993935,-0.8933375267828689,-0.168163086980456,1.6950900834003202,1.2402909795823,-0.821030115734721,2.23892460634495,0.265943005294835,-0.768627695903287,-0.789443367901407,0.129229767514558,-0.186039882087656,1.36661186488358,0,0,0.607843137254902,F,0.5683453237410071,39,39,60,139,0,0.607843137254902
-1.18584672544452,1.19750913975666,0.448167385808273,-0.581263622857578,-1.10692301783763,-0.0154901593362019,-2.06739989208159,1.5928610330904902,-1.20456239638245,-0.226634772071018,0.503627262132511,0.5544240715624661,0.47454893872409,1.41328811594756,-0.73491711802103,0.909013133344729,-1.18378434178884,-1.41518797695889,-0.9738887365545159,-1.39558066508124,0,1,0.607843137254902,F,0.564285714285714,39,39,61,140,0,0.607843137254902
-0.7896436702901078,-0.25365388120918697,-0.0680030304635524,0.0119071556526229,0.621396009053769,-0.9776805842998649,-0.0178236113006959,-0.35569027608929105,-0.499738947111807,1.5711161597094598,-0.397199087495735,-0.0877040568246336,0.505263198610674,-0.6187673452357011,0.130349721445432,-0.15771832321730803,-0.201067425768598,0.41922247259184003,0.35892249820203603,-2.02903410360051,0,0,0.607843137254902,F,0.567375886524823,39,39,61,141,0,0.607843137254902
-1.05714251116662,0.45659625897477096,-1.5301468641905098,-0.16555839651037196,0.0683918927508186,-2.00059976113202,0.415794884126349,1.27696252493075,-0.0900790202621542,-1.40321735991675,-1.13930481481117,0.43317000250431204,1.1064373621518602,1.0786850884505899,0.0341499766394024,-0.7566677583197141,0.0185848240730492,-0.322700824518383,0.5534692141617851,0.0405690700855776,0,0,0.607843137254902,F,0.570422535211268,39,39,61,142,0,0.607843137254902
-0.9183803328462801,-0.239547537239741,1.8872254445576102,0.34622182846694893,-1.35149444740042,0.415381045066961,-1.75776839694101,1.46896116760762,-1.11683819051548,1.63203010782415,-1.0913485167195,0.400073410440827,0.193577981566909,1.0755005159714,0.42714095317336703,-1.7157160551683501,0.0365755258712442,0.421148419025662,-0.32305284273416696,-0.12030468127597999,0,0,0.607843137254902,F,0.573426573426573,39,39,61,143,0,0.607843137254902
-1.2812182405755401,-1.33627750047131,-0.6845386023176551,1.16692426538458,-1.6101396297348503,-1.6635336264770202,1.26094867861465,2.4326854395879103,-0.0389985167242881,1.00184543548077,0.0416888879225083,0.799049459784953,-2.4265058873892205,-1.65129419212578,0.309369850700151,-0.29643274910484496,-0.8728620052887329,1.29276920546851,-0.541021336117845,0.887166509210672,0,1,0.607843137254902,F,0.569444444444444,39,39,62,144,0,0.607843137254902
0.44064086713471895,0.28092293752735,-0.722186229600886,-0.371037880391024,-0.230948384036182,-0.9900311442363441,0.622765717562128,-1.6809409573524698,0.37255005677832104,1.0307789722738,-1.2480186623382301,0.30483462011296003,-0.7879584767240999,0.861823046707045,0.6106842601026429,0.0675025093267021,-0.401763742015524,1.06071870463928,0.32681247190520896,1.42165977511224,0,0,0.607843137254902,F,0.572413793103448,39,39,62,145,0,0.607843137254902
0.8167712999222649,1.4504906886971203,0.009322911613557241,0.29464622597688106,0.0009653811573766151,0.82706379632488,-0.32728635665687394,0.512165231576536,0.527275726570668,-0.8942709809401809,-0.00132180377395502,0.218070873313853,-0.13564964812168698,-1.6356308433014097,-0.9777065683785741,-0.859148936267772,0.503864696927814,0.779302347831817,-0.00122426683324315,-0.23544114823318202,0,1,0.607843137254902,F,0.568493150684932,39,39,63,146,0,0.607843137254902
0.249287989392364,-0.49158746217587396,-0.0705070712804554,-0.490290967243231,-0.8595941279681221,-0.555817510624595,-2.27667075259082,-0.43954396554718894,-1.38131411079351,-1.06841214698699,-0.176108447099907,0.489373767189659,0.528965885533996,-2.19787492221989,-0.326774459153913,1.06375243345191,0.436277968097341,0.9845106783477509,-0.0179182377305782,0.15248492678105402,0,0,0.607843137254902,F,0.5714285714285711,39,39,63,147,0,0.607843137254902
1.6425079331733101,-0.650637272395971,0.733402281679547,-1.1425827109174,-0.83210950764577,-1.21505377881673,2.13117491455594,-0.817877212711881,0.14180329466289998,-0.639561522497229,-1.06723683317919,-0.0367696565554158,-1.09437968752779,-1.4451300159066498,0.432693046714095,-0.3748474720204821,0.37884159031001896,0.13838739865704802,0.6334650618313729,0.175172559014023,0,0,0.607843137254902,F,0.574324324324324,39,39,63,148,0,0.607843137254902
-0.228611270364732,1.63950577008891,-0.388639131235667,1.08158352960103,0.819715737462991,1.1250884139701498,0.193623898273963,0.8310276605954791,-2.08517436131922,-0.0125417071383369,-0.97301206078418,0.8693738684153521,-1.65247062273308,0.9235159125731541,0.0409438474813007,0.353364687038036,-0.735174779955778,-0.12188391583517999,0.285647108858195,-0.915617724462759,0,1,0.607843137254902,F,0.570469798657718,39,39,64,149,0,0.607843137254902
0.9870313113523052,-0.157231802902124,-0.125722749477581,-1.7382011769007701,0.9881616718468359,-0.0847549435195696,-2.32160835753749,-0.7205382545707629,-0.9189183448980759,-0.122375238213737,-0.311260394046201,-0.798004685972425,-0.9253471136721529,1.3923293576031202,-0.788827893386499,-0.8623006049258051,-0.623179368899581,-2.18167403258879,-0.6192520558490411,0.916465239016543,0,0,0.607843137254902,F,0.573333333333333,39,39,64,150,0,0.607843137254902
-0.0707345790537119,-0.47947797978558204,0.63957235133354,-0.270371848666003,-0.8915104408217671,1.37641490233833,0.010083946522506,-0.0441757886405625,-1.92225237506817,0.0302562348542863,-0.384794732862467,-0.530832976725832,1.49964623754225,1.55789521549697,-1.01189169044592,0.45025518870216896,0.44704297582030794,0.13531908120935798,-0.9643611782257401,1.33298263577251,1,1,0.607843137254902,F,0.573333333333333,40,40,64,150,0,0.607843137254902
-0.8033209270480409,0.7774464345403391,0.8431274967564599,-0.0421235437852919,0.29607980012039503,0.0177418007113935,-0.8598817292235191,0.156123813395527,-1.3927330501681399,-1.19950431005496,0.6501317753015889,1.7113046987608302,1.27713980834243,2.1166380276487198,-0.5393398177607629,0.4797399400677829,0.0890917911710129,-0.5405307012249481,0.35698151443355397,-0.46910772249947896,0,0,0.607843137254902,F,0.576158940397351,40,40,64,151,0,0.607843137254902
0.5783085626539269,1.20795316373296,-0.7235765260041851,0.4368819450173321,-1.9973964303491598,0.627066490251327,-1.53905024296875,-0.270929727657361,-1.5476382968494902,-1.02591991754759,-1.05443105504498,0.987363199331962,0.609126955408222,-1.3697423712014698,0.6424539858181889,1.07918587790304,-0.26232425817260296,0.22931740134142398,-0.125311954942566,0.70336133957127,0,0,0.607843137254902,F,0.578947368421053,40,40,64,152,0,0.607843137254902
-0.71618530378388,1.28121942179122,-0.654808576111981,-0.214274616625245,0.716900673554265,2.09651888295665,0.954449293044978,1.6863308749709298,-1.73610282592118,0.297460790148878,-0.45490338841766,1.20556153677492,-1.6936904909855903,0.48945966172017796,-0.19074443317465398,-1.47620050281802,0.20312552841353604,1.0933213566509201,-0.80073800336659,-0.616166850881442,0,1,0.607843137254902,F,0.5751633986928101,40,40,65,153,0,0.607843137254902
-2.1647813191305,0.450120487788001,0.25831766362872305,0.202402496374037,-0.39204856746545597,0.2056316986642,1.47707002854543,-1.41314243307853,0.616654755506112,-0.634050563985448,0.164891890400176,1.7040456653179399,1.7551559849394398,-0.9057638954614079,0.0978735221452099,0.9789537301249641,1.69638719110947,-1.00200769795872,0.67462670994702,-0.21957610170348202,0,0,0.607843137254902,F,0.577922077922078,40,40,65,154,0,0.607843137254902
-1.0294940734839,-1.27189591840454,0.267517464412386,0.266120743871004,-0.133608767245777,-0.23003547056568202,0.492721902382345,0.846408552883524,-0.330133424240739,-0.6662646599354829,-1.75032098688202,0.0872677397875518,0.9843491175988729,0.0153540212396253,-0.6438306471418349,1.28943227816412,-0.39059110208059294,0.296131369113183,-0.911602447727448,-1.4291950810268101,0,1,0.607843137254902,F,0.574193548387097,40,40,66,155,0,0.607843137254902
-1.5483401097350902,-1.4286538438299399,0.24249934757305602,0.69875192007682,-0.132440730043823,-0.5613392484746059,-1.3554011875113299,-0.0422441536155281,0.5241587455490561,-0.621340878051641,0.647274736731465,0.757806457870739,0.7987496464488621,-0.715735918445621,0.126064335961278,-0.19864383925719,0.0113351003177539,0.636581466386932,-0.171365407020353,0.7661184006622259,0,0,0.607843137254902,F,0.576923076923077,40,40,66,156,0,0.607843137254902
-0.9237421400690241,-1.27046582560962,-0.38939404061670196,-1.37437566481505,-0.8366611224127479,-0.347427518098303,0.139429091672183,-0.309925494472884,0.188050879138147,-0.42816221933820703,0.954552524828066,0.40381812011828705,1.27667802300368,-0.17255073658786302,-0.6440424169039429,0.31719250368210306,1.2561974679361498,0.38633878537094196,-0.210948438925778,0.7944167600327259,0,0,0.607843137254902,F,0.5796178343949039,40,40,66,157,0,0.607843137254902
0.36202799086040793,-0.087216215057884,0.40601429837023295,-0.26971042215832103,-0.163512650182974,-0.9245367841485359,0.15557067622076198,0.22055275014036899,-2.73103098403161,1.01789079593157,0.594549322385589,1.33684981054153,-0.314606117250912,-0.306781376484255,0.22130517918262999,-2.3433375705988704,0.536742903242378,0.9719642404043871,0.415931000867782,-0.704508003327675,0,0,0.607843137254902,F,0.582278481012658,40,40,66,158,0,0.607843137254902
-0.251696671387531,-1.97283676631926,-0.703123828487274,0.26470694230089703,0.35264459969055495,0.25567396874772,0.43338413626829997,1.9867701887213898,0.601410847485229,-0.11127827973127302,-0.0156342252526251,-1.30127392509253,-0.17793595524630498,-2.81242291479509,0.167361056263611,-0.912631380096925,0.398230591344113,0.426706244897675,0.7358794094611301,-0.120893192936646,0,0,0.607843137254902,F,0.5849056603773579,40,40,66,159,0,0.607843137254902
-0.856398079085529,-0.266870836475467,-0.635126494514851,0.17648471237604604,0.698891607529023,-0.151877062361107,0.019714274126018998,-0.325527156206848,-0.386598664271302,-0.16329292185325,-0.388100799494547,-0.815369250230213,-0.8251456325784581,1.93051500681022,0.597696032450625,0.816151898921757,0.402832690184049,0.767937669192947,0.43892192431085497,0.40124947989657395,0,0,0.607843137254902,F,0.5875,40,40,66,160,0,0.607843137254902
-2.35294289635138,1.4520994121285802,-0.6612776009997371,-0.348819476063686,1.98648237754192,-0.19401485290946302,-0.0870333511489042,-1.09795913571398,-1.1219325297048799,-0.8120279703427701,0.5537876470585389,-0.8530027720117509,0.128284524109825,-0.0055922907136738,0.551563852112202,0.0965557072669627,1.0422472783707901,-0.0447165019111777,0.670476161230473,-1.0318898286406502,0,0,0.607843137254902,F,0.5900621118012421,40,40,66,161,0,0.607843137254902
0.8090824945044839,-0.539973729631981,0.0176582157318757,-0.0807232862194535,-1.5459881712216899,-1.66367984176292,1.48742779834324,0.25779856478776003,-0.8257816243283679,-1.0378840824436601,-0.177300670211878,0.26307642145413895,0.39778271597359705,-1.37475828544667,0.782897833992639,1.04829610794312,0.322787165599558,0.5628388398188909,0.256213143299712,0.109899687791011,0,0,0.607843137254902,F,0.592592592592593,40,40,66,162,0,0.607843137254902
1.04560526933415,0.205408107666853,-0.48988288325011703,0.467771602388052,-0.5800434056474809,0.17968325290333603,-1.32687612403499,1.55945524999679,-0.071761741290675,-0.6203429333519169,1.45858637361747,-1.07938764534213,0.5216255550978309,-0.108992429661714,-0.48759584380579396,-0.6894391344589649,-0.494999226777758,0.6762721346698989,0.15277210768301502,0.951952277951316,0,1,0.607843137254902,F,0.588957055214724,40,40,67,163,0,0.607843137254902
1.60842083802359,1.77808456342828,3.32469269589692,0.6425784452636669,-0.982798064349454,-0.9741245710824681,1.89526404495033,-0.20212095331073102,-0.22964574176606,-0.12926316931192697,-0.40393487098589204,0.323890675322724,0.3094097064028711,0.5082898269449749,0.883122772423052,-0.4320300451054411,-0.603480306618106,-0.8380588482160379,0.38430950528620705,0.623600140196578,0,1,0.607843137254902,F,0.585365853658537,40,40,68,164,0,0.607843137254902
-0.7018638675513111,-0.13506964520342699,0.46075122501399607,-0.669402520232417,0.5891124515016211,-0.896791990807021,-0.113779838192406,1.7687495688193797,-0.280986035350192,2.17789785037108,-0.18328286777092498,-0.20414051674108,0.49696062508239003,-0.189862553846886,-0.664253516499781,0.882384852643223,-1.57969050288987,1.15286588157277,-0.5615762932275,-1.05883674898617,0,1,0.607843137254902,F,0.581818181818182,40,40,69,165,0,0.607843137254902
-0.6137111675007719,-0.720134003818667,-0.7627656621647539,-0.292486611680555,0.19293439806033,2.22847075416285,-1.0602709776155799,-1.0146992917484599,-1.4219576741137,-0.7168796830823659,0.00920563382390304,1.07382760182303,-1.38842821533836,1.77398920344996,-0.61975031817627,0.541585518421325,-0.287366558231767,0.211959499595284,0.45952318411079796,-0.48495741572800205,0,0,0.607843137254902,F,0.58433734939759,40,40,69,166,0,0.607843137254902
0.42211944442463206,-1.88152835771458,-1.84464524580989,0.1063386849812,-0.6194481140608891,0.8623483426233141,0.381300651164784,0.8959497167843922,0.122651826836804,-0.009929677489651071,-1.6924080792897702,-0.523792878325813,0.485782708653833,-0.0851736101936083,0.389518012921622,1.1257256741894899,-1.35007703463822,-1.5022025918469297,0.0199999304759185,0.294987130307803,0,0,0.607843137254902,F,0.5868263473053891,40,40,69,167,0,0.607843137254902
-0.25647595337664103,-1.8431023403055,-1.4040747136800802,-0.407559895383281,-1.17614785876872,-0.128174333057393,2.23386208667018,-0.339004439464233,-0.6270776058386639,0.534755051306776,1.36981600332243,0.756122347489006,-0.668884742588908,0.415415219262711,0.864197533854128,0.19072725453698397,0.23206181834276002,0.6483831051471249,0.0499420803258114,-0.262044108539255,0,0,0.607843137254902,F,0.589285714285714,40,40,69,168,0,0.607843137254902
-0.532079247455321,1.1257588558362401,0.21865771977812498,-0.39288195768217293,-0.228697265080764,-1.5762548779641898,0.16583300923702401,0.7887968149252421,-1.9618922426750498,-1.8520382433428202,1.09188661271609,0.934590855117935,-0.711785556708042,1.4430830087406101,0.752313320695942,-1.33492076682647,0.676639672330662,0.831105778131768,-0.365057444090868,0.49677024508926004,0,1,0.607843137254902,F,0.585798816568047,40,40,70,169,0,0.607843137254902
0.736746792546899,0.9960513042665079,-0.0186475502677928,0.33860079257592796,-0.765742971333389,-0.0523357103017272,0.823474603093009,-2.0929337372611103,-0.752602440888875,-1.3713788993041598,-0.5030854917416079,0.909610993563073,0.15606119396541002,0.317304228622562,-0.322112352819666,-0.0256926930205684,-1.05345104913574,-1.2472672242724399,-0.0324481013372795,-0.617269872849929,0,1,0.607843137254902,F,0.5823529411764711,40,40,71,170,0,0.607843137254902
0.5125527555446799,-1.0308614023434302,0.8692736992339108,0.057458105545567004,-0.236054326594387,0.534343884405141,0.9047930309687808,-1.75748071526795,-0.742383939879393,-0.5177258703918179,-0.171168833079398,0.25579482441899,1.15100228599446,0.38128978430159294,-0.506666823033032,-2.4614188013761003,0.459073439026178,1.24172054766485,0.115863658638296,-0.6542937466431651,0,1,0.607843137254902,F,0.578947368421053,40,40,72,171,0,0.607843137254902
-0.5053926582532849,0.6032114250083349,0.607699334967646,-0.122546645047253,0.749659479009742,0.128273531186249,-1.6477891578843897,0.574595158864775,0.647496186634837,0.6789797329208299,-0.39256560171218396,0.644909703215862,-0.292821648287097,1.0924097220993,-0.797801597258742,-0.9828378438956469,-0.659725730628572,-0.0415451018309208,0.38540922588410603,-1.10578164184617,0,0,0.607843137254902,F,0.581395348837209,40,40,72,172,0,0.607843137254902
-0.11825397523033,-0.194634283036228,0.5334374297712079,-1.54805206235739,-0.253964093973382,-1.2838699275844099,0.108561813520879,-0.506889515530034,0.441019337049252,-0.0727317008631834,0.00599368453123752,-0.178408465417252,-1.7592725705508403,-0.8325559663989369,-0.194732037990821,0.0633940681785856,-1.2515051696439998,0.6196068267740551,-0.696605301363357,-0.151012571026282,0,1,0.607843137254902,F,0.578034682080925,40,40,73,173,0,0.607843137254902
-0.6306414872222621,-1.95048172782716,0.39220893612427005,0.236935303048772,0.35802150452027,0.45522558241098404,-0.555248606765031,2.47163558193477,-0.974847384128479,-1.36992796769182,1.1421086715984599,0.7434403906696241,1.2533080785958999,-1.58597372036211,-0.730264761443111,-0.711194673756545,1.09711836303065,-0.238749020959395,0.5769849480788111,0.12048480226503099,0,0,0.607843137254902,F,0.580459770114943,40,40,73,174,0,0.607843137254902
1.56992168635026,-0.483514429570516,2.3182806638754503,-0.6673509025868389,0.160055910674722,-0.0139603700031838,0.311206295624953,0.584532456920558,-0.437474224935494,-0.520657159872994,1.27176695113708,-0.23437457606394801,0.557802017922478,0.640008589212585,0.32825771576175605,1.5797736355844798,-0.47860695466343606,-1.7662985802016002,0.306496809283068,-0.971898692599386,0,0,0.607843137254902,F,0.582857142857143,40,40,73,175,0,0.607843137254902
0.28207341020446397,-0.999977132206118,0.0756001281436341,-0.0988509564252805,-0.94086614353478,-0.5015212842067039,-0.0716221333280322,0.783430693403311,-0.222431930068875,-0.37204895821298906,-0.735655091397479,-1.03690192454155,0.008457000249632321,-1.09250362295688,0.595616757195365,-0.0370472149444702,-0.7549154843510211,2.04228183274039,0.9665923374476229,2.8509189093635694,0,0,0.607843137254902,F,0.5852272727272729,40,40,73,176,0,0.607843137254902
-1.36796422494681,1.72281475744621,-0.7796871218589921,0.426772197583151,0.487776696084591,0.526556301648312,1.19398986384707,-0.43580960077706205,0.0429885701956833,0.41204755820421,-0.689671310172177,1.00536880269474,0.0925030948963923,-0.9831830972264859,0.719591661183077,-0.392076543628017,-0.625852570218397,-0.9188441401694749,0.428217359763061,-1.3395884961131999,0,0,0.607843137254902,F,0.5875706214689269,40,40,73,177,0,0.607843137254902
-0.659505571731672,-1.5829935611238501,0.531564021205749,0.567289510184197,-1.6692192182853,-1.39253662433794,-0.248879507878047,-0.327170501348281,-0.270126447004656,0.161987791439979,2.52245194719631,-1.5957522897844898,-0.706066201455458,-1.2227715022373702,-0.76208850365878,0.329391850395156,0.0389111214687729,-0.733309259365261,0.850583271753354,-0.501560649463074,0,1,0.607843137254902,F,0.584269662921348,40,40,74,178,0,0.607843137254902
0.175776529931999,-0.130313501525438,0.33227348042969,0.35275698866665506,0.454899048881156,0.04418744494883099,0.39726208473903296,0.193319982030883,0.450222276222593,1.17917213895927,-1.4616703863635,0.5544138505907471,0.3320346940833,0.8570953626784821,1.00197469963914,1.40959539730239,1.6087335982566597,0.35779337395607,-0.8464368536325111,0.8784215670710258,0,1,0.607843137254902,F,0.5810055865921789,40,40,75,179,0,0.607843137254902
0.712227813173673,0.634947312801122,-0.7217801507799971,1.65002209428792,0.9162997683627551,-0.613848190418203,-0.970227632584529,-1.0311270636315,0.0790229942086068,-0.986677350901578,-2.10419257506868,1.05710300911364,-0.45139073629188897,0.292617754312446,-0.0202104865920638,1.24982684775245,1.73434110786392,-1.37214243814796,0.26563240868882,1.33816307409078,0,0,0.607843137254902,F,0.583333333333333,40,40,75,180,0,0.607843137254902
-0.0891890208810588,-0.5376826662022629,-0.128218128026701,1.27953560467946,-0.49347600178942097,0.266180311623965,-1.70627608085697,-0.441217570533242,0.0876297190621008,1.29050968042605,0.9960495288724549,0.925331285720608,0.279250118740116,0.6101182514900539,-0.425593440012198,-1.1027780255056001,-1.151333449555,2.9074260816377,-0.340045421103924,0.753057415976609,0,0,0.607843137254902,F,0.5856353591160219,40,40,75,181,0,0.607843137254902
0.7498621426409119,-0.226672327032382,-1.3507892053833797,0.345615700940257,1.17851315530342,-2.18959398557602,-1.3153298783579,-0.7919538196199492,-0.21367197306229896,-0.574118568291364,-0.25608973537152496,0.7557538745043809,0.686066156580812,1.47171648384498,0.8023432110289301,0.848144859276376,-0.5846387682397031,0.035525512264204,0.0833259364487878,-1.5953552071837198,0,1,0.607843137254902,F,0.582417582417582,40,40,76,182,0,0.607843137254902
0.41289030180145897,-0.672886026105714,-1.4088789403673798,0.16179423219318398,0.132999923840068,-0.18029759142218302,0.00799992806508722,0.818378718151841,-0.52251264459031,1.51652338593369,0.816749629293326,-0.22498102874521603,-0.15980786683844,0.13798763460948002,-0.120993939661282,0.941271525224516,0.8481783688130049,1.2430504619110299,0.342190035343794,-2.01219072440561,0,1,0.607843137254902,F,0.579234972677596,40,40,77,183,0,0.607843137254902
-0.5606320120197189,-0.5025012975435671,-0.43765663446869896,0.0769218281189482,-0.9144971796546508,0.948766844191347,-0.5592098187804979,0.0629566637173817,0.19440214926500599,-0.7440251492056379,-1.164413633521,-1.2671655223490401,0.426124485662966,-0.458879931138952,-0.0312243731763287,1.74051493657177,1.69871008788589,-1.93541418732319,0.545947868720135,-0.0512369359513603,0,1,0.607843137254902,F,0.576086956521739,40,40,78,184,0,0.607843137254902
-0.0262657829225661,1.6451027617596798,-0.42704092527460297,0.404063806943288,-0.429861817372905,0.3588926546072629,0.44597056407904706,-1.4932680863839098,0.432371587038617,0.572429335375996,0.29918167352908503,-0.7621338500802181,-1.0580141934873,-0.43468894704696603,0.207006754468305,-1.01265440745627,0.406943440046366,-0.959539071177675,-1.01078729961469,-0.471633379248201,0,0,0.607843137254902,F,0.5783783783783779,40,40,78,185,0,0.607843137254902
0.585434962803313,0.346472760853979,0.508187535496412,1.13291202304707,2.25672934068114,-1.5584128274075202,-1.08031177389248,-0.527723998925703,0.288858233646038,-2.48487316593289,-0.0078051468958113095,-0.66046415361604,1.70374252595889,-0.959236389821315,-0.410316022541571,0.7674010691448121,-0.772506506051042,-0.601740757444401,0.8106902827343409,-0.518620964078884,0,0,0.607843137254902,F,0.580645161290323,40,40,78,186,0,0.607843137254902
-0.116359181510827,-0.814882856753624,-1.23702005426412,1.1817227958668002,0.608220669829957,0.320455958120728,0.693287559356351,1.6949416961433101,0.611424443830224,-0.548784664957216,-0.835102861244404,-0.16470749410453,-1.3652254494807698,0.917799062416942,1.05691309006441,0.578655530803816,-0.946642299671465,-0.0243500389668788,0.49063306595802003,-0.0917005635521099,0,0,0.607843137254902,F,0.582887700534759,40,40,78,187,0,0.607843137254902
-1.8567518772220901,0.6181218113154809,-2.08550236887131,-1.1035125786576,-1.45135228287512,-1.1686049219419299,-0.0585440483188125,-0.48784065007974603,-0.861160108916962,0.153946909154083,0.8167188227722579,-0.9308860825442401,0.599608887622329,-0.0282573947417527,-0.493831107943207,0.9522827267387081,0.14551576813539402,-0.176870028682484,0.6067867731623461,0.744047399553355,0,0,0.607843137254902,F,0.5851063829787231,40,40,78,188,0,0.607843137254902
0.15436247933238198,-0.0486071749013198,-1.33590761349993,2.21909301397881,-1.80088994753823,0.740524220735732,0.11334682066675698,0.286572858754151,-0.0279373081096743,1.98606247955863,-0.8098766949201159,-0.7013588575288929,-1.08442516479315,-0.31227229870409695,0.134711656644825,-1.15185480115127,1.1366804357009899,1.7775864948358402,0.6438202078560671,1.66680758608656,0,1,0.607843137254902,F,0.582010582010582,40,40,79,189,0,0.607843137254902
1.07907291107617,1.5096000308384498,-0.3761350366645139,0.80858256860318,0.683065610287369,0.59077234018789,0.513213257512206,-0.693233001725003,0.18517876695843302,0.7665290839469742,-0.5652665288373199,0.439607961932439,-1.59260389012332,-0.987137420522817,-1.03395185801557,0.820328849937305,-0.11458051795224199,-0.33330305230769103,0.0754198893598483,-1.41746130387254,0,1,0.607843137254902,F,0.578947368421053,40,40,80,190,0,0.607843137254902
-1.05927616588455,2.56085253629352,-0.0457948915373177,0.9997418780478449,0.9999612079840359,-0.114171845598455,-0.34940717667513105,-0.259864547528537,0.346298575795558,-0.143079574902845,0.18536432437955896,-1.20344722475312,-0.0173901724024471,0.663300159240046,-0.400396618527034,-0.47492075261546796,-0.237257890812844,0.569248765501444,-0.989102014622306,-1.36267805245801,0,1,0.607843137254902,F,0.5759162303664921,40,40,81,191,0,0.607843137254902
0.933073659885318,-2.15439376542874,-0.86150532052671,-0.970287594065914,-0.837541149188964,-0.22006260587703302,1.9694316828131002,-1.6585687276110601,0.231256514185028,1.00954810319342,0.825883211978405,0.9715016820654542,-0.42057497939359,0.307242459360421,-0.858453458550739,-0.9029085316270459,0.19905182013737302,0.0423486051332333,-0.190031470391724,-1.73482289449877,0,0,0.607843137254902,F,0.578125,40,40,81,192,0,0.607843137254902
-0.7688238328736429,0.910617877314572,0.26626951925063896,-0.081252400400679,0.42009477364857895,0.8460954563265402,-0.6770155252648079,1.9734773921415099,0.637249800657943,-0.855855009693735,0.8243440270148721,0.11098760212229401,1.90690435350967,-0.350393131117204,0.0599165252857903,-0.671384695851957,-0.40618238670283796,-0.10820168738739301,-0.201091650511498,-0.588498901629648,0,1,0.607843137254902,F,0.5751295336787571,40,40,82,193,0,0.607843137254902
-0.42912016288389504,-1.41806639379817,1.0614250321455698,0.47043851427016997,0.7642534647703141,-0.23679979056404798,-0.799674639520892,0.40155922215179396,0.4999322364493579,0.7391175156368509,-0.739670395602853,-0.40782478510519105,-0.48261878344599396,-1.56669943039857,-0.33393490588344105,-0.3589157558472029,1.63855868990606,0.0078928358887644,-0.5894231709416639,1.01238936704799,0,0,0.607843137254902,F,0.577319587628866,40,40,82,194,0,0.607843137254902
-0.0444772180057552,0.285221694539321,-0.6221043170925611,-0.39632644909640996,-0.0569250987847862,-1.05339965858192,-0.33474092451271303,-0.132779968877503,-0.422491963172633,-0.19071418257113001,0.8636468428867571,-0.009993084228760659,1.2283106593312199,-0.7260360625329519,0.236990817988905,-0.19574265878371302,1.90668348591507,-0.107251676307121,0.0952292665878287,-0.45238456076497896,0,1,0.607843137254902,F,0.574358974358974,40,40,83,195,0,0.607843137254902
-0.0418652997513227,-1.8863344741341699,1.4703510789107401,-1.30180995015161,-1.07072841574297,-0.31364366848903696,-0.648706950914104,0.18964062224730105,0.378423997206795,-2.30155360048608,-0.14543459067786,1.2602206493489099,-3.12526826576873,0.611563828167074,-0.9938007988593539,0.483687220131095,1.3477924626481501,-0.9887658171797009,-0.15041851985000304,-3.13788698652943,0,1,0.607843137254902,F,0.5714285714285711,40,40,84,196,0,0.607843137254902
0.555050110636686,1.7411201872579598,0.82360277644012,0.310148349782258,0.296802047906126,0.979532396399447,-0.8215369085731329,-1.19005985196488,-0.077097131229228,-0.00698015169646337,0.540734206863284,-0.399751741756826,0.00766115002084965,0.53705853872557,1.04912177287636,-0.667366617724844,0.910398521752863,1.8693745855760602,-0.7983615917376171,0.102041520839645,0,1,0.607843137254902,F,0.568527918781726,40,40,85,197,0,0.607843137254902
-0.43116063940726207,1.1608501593483702,-0.694921404868263,0.8514788476312929,-2.1021650109656997,0.342169061251099,0.872985625994662,-1.2195482178952,-1.17471129940511,0.5001437347660279,0.35266591836543604,1.20027300107377,0.7424870235885179,-0.589999343603288,0.82287849777581,-0.40956051221646295,0.861044739837282,2.36239624355488,-0.467419121055642,0.302845750911268,0,1,0.607843137254902,F,0.565656565656566,40,40,86,198,0,0.607843137254902
1.0364980510711899,-0.26284175014182104,0.721073010618036,-1.5598671624598799,-0.23543013304282698,2.05373253609836,0.8458673752590109,0.044158194011872,-0.48807042192097905,1.28420745345291,0.933922964398063,0.324298307345389,1.1624564577346101,1.7035142475130098,0.298413292484647,-1.78860046343464,-0.518577531003939,-2.02767213311214,0.0920361874909183,0.5411718902439651,0,0,0.607843137254902,F,0.5678391959799,40,40,86,199,0,0.607843137254902
0.34773821097244895,0.256922583224217,0.6667799752740781,0.8003571103380079,-0.0811379271495827,-0.9022208182874059,-0.831135325035286,1.2231047033418798,-0.8228072255307579,-1.65328865267928,-1.35014134837931,0.5760203972183101,-0.89547878101132,1.3101293460153898,-0.267571382985189,-1.2097543837070701,-0.46481744126084096,-0.9095840427446892,1.11735786682071,-0.455394758552002,0,0,0.607843137254902,F,0.57,40,40,86,200,0,0.607843137254902
-1.04538261491006,-0.952158890364485,-0.8049608691161801,-0.282602921405171,0.0314410728320524,-1.1540674101013,0.0879612847034627,-0.10664351050827499,-0.26254117380745,0.13994974703299698,-1.53872171921666,1.29710834677603,0.7381183458122,1.44324801507025,0.0469586803586819,-0.44573691470136406,0.631886563974925,-1.42599154772477,-0.215432110381746,-0.590314674939793,0,0,0.607843137254902,F,0.572139303482587,40,40,86,201,0,0.607843137254902
0.0366048918874801,1.2234098057193799,-0.23290472511240198,-0.215686572430089,1.05759016340361,0.12396117105517501,0.573976941154941,-0.7844749798265721,0.6460992307929301,0.79347099868782,-0.7194444209160121,-0.0911712470574943,-0.6803887831547301,-0.223789636673466,0.44443832904458097,-0.6610753490119301,1.03851634987623,1.02503192305842,0.8712378684026221,-0.6060688520913249,0,1,0.607843137254902,F,0.5693069306930689,40,40,87,202,0,0.607843137254902
0.133837233696079,0.46592853933182,-0.18612598002132003,0.444438658058644,-1.2762127839238102,-1.03458464504126,-0.00214521621827772,0.376521556230836,0.301074380914764,0.186860390210464,0.37368549322330796,0.663773953518251,0.690393168798342,0.879264051248571,-0.692532470930411,-1.08016597450018,-0.6289725536473281,1.5785711803312001,-0.149898256062526,-0.627188641519237,0,0,0.607843137254902,F,0.5714285714285711,40,40,87,203,0,0.607843137254902
0.36536034257464295,-1.4037395914211201,-0.7845879478788259,2.15974240403374,-1.5479798033377998,-0.0505537259490477,1.08088073946242,-1.16865550741171,-0.44796049987045705,-0.4535956164430539,-0.5869468133760849,-0.16060687292248998,-0.39545145951337896,-0.9702931362459059,1.0439005093538,-1.05010311549449,0.6815173535595289,0.024654509800503998,0.0545503397274839,1.3444020568277202,0,0,0.607843137254902,F,0.5735294117647061,40,40,87,204,0,0.607843137254902
1.68513104753604,-1.31820312635297,-0.9922269025011601,-1.3767520602385601,0.8923602603602141,-0.487328685019094,1.2050397614966,0.356868730067338,0.00597429344947015,0.510729509651056,-0.0348165832411314,2.64802343654571,-0.463288700312101,-1.6134058094693797,0.348887702792067,-0.093980323794828,-0.764302045988784,-0.0189566411652769,-0.0271565406229838,-1.7662416910046699,0,1,0.607843137254902,F,0.570731707317073,40,40,88,205,0,0.607843137254902
-0.604777265612171,0.14019517909935,-0.849681244555655,-0.4687810147933789,-0.35407430184040295,1.94075753434746,0.21556952248293898,0.311088597899007,-0.224903712598673,0.9020821524168711,0.257740195157924,-2.05809115545874,-0.47970399397813,-2.15843042069073,0.0605233380851855,0.45357911875409795,-0.51066498945202,-1.17391501972678,0.480687744964495,-0.41096066911144896,0,0,0.607843137254902,F,0.572815533980582,40,40,88,206,0,0.607843137254902
-0.6779399950923511,0.0647787953773521,0.998161793622683,0.8332942043585829,0.492312614468565,-1.2910101083891299,0.914251912344455,0.44824139669972396,0.13888465987704998,1.36969067962397,0.225447465647032,-0.12281815202021401,-1.1801923517886102,-1.5339342779014502,-0.47770057840772895,1.0736263030855,0.22376502688918803,-1.96170575567026,-0.739186305893438,0.179486352783065,0,1,0.607843137254902,F,0.570048309178744,40,40,89,207,0,0.607843137254902
0.303990275063966,0.8827226942940749,-0.7179730384894281,0.0234881980872527,-0.20828212573025898,-0.8340955629507841,0.0937848551278633,-0.27648139386598497,-1.2461974108008202,1.71602123876373,2.43928669511221,-1.9667426454250698,-0.568625584675811,-1.31444080161637,-0.32981488968580897,-1.5146392037287302,0.26214826762765897,1.40999028516507,-1.0152775685680602,0.6238908184984661,0,1,0.607843137254902,F,0.5673076923076921,40,40,90,208,0,0.607843137254902
0.467657815824842,-0.680551421443147,0.338339208002609,-0.7828814849144771,-0.22363335839174397,-0.449871118698815,-0.9758765041049581,-0.777534118135956,-1.9626908587422498,0.836048660401913,0.512910535903248,0.107319838736374,-1.97365931876636,1.67815167342978,0.909868116529913,-0.103676948719068,0.524680538614242,1.5678715671359098,-0.0600508201631216,-2.0083521552111,0,1,0.607843137254902,F,0.564593301435407,40,40,91,209,0,0.607843137254902
-0.395973069761427,1.16372368806745,0.38395013670492106,1.3745326356332999,-0.43549817007075303,0.697569434565641,0.14885500206347,0.6178280740462171,-0.700994960244354,-0.0725330976016869,0.0299153411353711,1.48690172689944,0.501266656768111,-1.1946815698421698,-0.471767804062605,0.320037254631521,1.8416741975217,0.43194170577058794,0.8749729527593291,0.45679255333656105,0,0,0.607843137254902,F,0.566666666666667,40,40,91,210,0,0.607843137254902
0.546361452265473,-0.0133597019874591,0.169320438341889,1.20062637915288,-1.16075678962697,2.39472467709371,1.5694341425445402,1.1764969178295,-0.443753083215516,0.5455507644616671,0.7400370596019841,-0.72699000366456,-0.221425516508067,0.8125831221535981,0.80849454089501,0.0216501192402178,1.9042449146853102,-1.21356158782735,0.552814093227323,0.664800537892351,0,0,0.607843137254902,F,0.568720379146919,40,40,91,211,0,0.607843137254902
1.53375945817023,0.6703377480125949,0.712183878102874,0.7253837440694009,0.161567336494569,0.536146837369348,-0.251081339648573,-1.41439459290335,-0.48302619294115795,-0.16735676502765498,-0.553965862782386,0.686341277639741,0.00908578051308288,0.354960471132206,0.249660567804256,-0.790726946731547,-0.676842594561294,2.01125654177775,-0.00179328848257602,-0.12850990119466002,0,0,0.607843137254902,F,0.5707547169811321,40,40,91,212,0,0.607843137254902
-0.48569543064612103,-0.24531515217029698,0.906012596013196,0.191258574740845,-1.1435899970764198,0.451011468476349,0.784489771870685,0.306078233969567,0.0477704841392792,0.45361149258376005,-0.0757530144055058,0.00371045289985492,1.93168649955964,-0.0869604539037916,0.794261186141067,-0.0612180112205404,-0.143435776044655,-0.300735493749554,-0.0684513550352357,-0.29762630925496003,0,1,0.607843137254902,F,0.5680751173708921,40,40,92,213,0,0.607843137254902
0.891205310905335,-0.20408588901143,0.44205807550393,-0.9658169283828041,0.0049098617403050895,-1.5753326386849698,-0.633134413533522,-1.1419486742266498,-0.7637052684433441,0.0922440136100267,0.0596833956489075,0.250818898513521,0.6726701769632819,-0.7443243705528789,-0.9775389095897672,-1.07556168573526,0.8712667514850899,-1.90869682893915,0.9090330265814119,-0.48919906418044895,0,0,0.607843137254902,F,0.5700934579439251,40,40,92,214,0,0.607843137254902
-2.32604892353667,1.00913257635789,0.32052659783602006,-0.399626727825239,0.5803839693852171,-0.427876638276318,-1.1457787491612499,0.21822623976771302,-1.06717344383898,0.22051095115839298,-1.75256808056817,0.36353654475656705,-0.9405888784018209,1.35214866565921,0.8538380521577659,-0.33486051374191494,0.6324397858298729,1.1350806488675,0.20702001382289997,-0.0557637098798498,0,0,0.607843137254902,F,0.5720930232558139,40,40,92,215,0,0.607843137254902
-0.474789974602757,-1.1085282921228798,0.0536572162242094,0.572436916414453,1.47320709326058,-1.1557307832961001,-0.8910759790752909,1.07565803354255,-0.343369562966201,-0.5413249863112249,0.688359647421152,-0.435058504216636,0.6973541484806679,0.259044227779603,0.778991455897009,2.4744490089702498,0.8799829896848079,0.181729253106376,0.7215386877353409,-1.34701398536251,0,0,0.607843137254902,F,0.574074074074074,40,40,92,216,0,0.607843137254902
1.6854946248390001,-0.472945378947519,-1.97031776199408,-0.34598088188740095,1.64760788456451,0.32572507092034003,-0.0251008710333876,1.3194874216442098,-0.42511967535770095,0.465918738957197,0.897956679611729,-0.7153177967357659,1.12255340429832,-0.759787622219147,0.10499640230575802,0.936292835234639,-1.8874211445348201,-0.023007094282025,-0.0756457539746302,1.55960690692662,0,0,0.607843137254902,F,0.5760368663594471,40,40,92,217,0,0.607843137254902
0.600191585612952,0.0973368244779159,0.7422989384122041,0.256428975071378,0.6337938794209829,-0.100420462580373,1.1421260276013,-0.454045659541524,-0.44754474393161,-0.699734489776881,-1.82062086765898,-0.7886372724029781,-0.514851014347878,-0.8160481382909259,0.608329414938091,-0.527285736345575,1.3804647928987102,0.24686254257920898,0.656989524657126,-0.47579982122656,0,0,0.607843137254902,F,0.577981651376147,40,40,92,218,0,0.607843137254902
-0.10283891940083001,1.7846718446935401,-0.0434091876666838,-0.754592690131751,-0.831251461868614,-0.34099476841590004,-1.27472530722653,0.23915175132724698,0.508321090999473,0.74719721327968,0.49905262155775204,-0.0150283850229254,2.18448102565357,-1.8912181072606498,0.249025293752674,0.757846312039246,1.62369087059991,0.6738444935189579,0.19123804508265196,1.9783901749183799,0,0,0.607843137254902,F,0.5799086757990871,40,40,92,219,0,0.607843137254902
1.8000482123935602,0.763201327953326,-0.26428080477993104,0.994005905750173,-0.260103692929409,1.4160675118940202,-0.661714792058116,1.23150104025619,-1.1428588847973602,-1.3285414070318702,0.973032958614458,1.38147123107703,-0.365511496226556,-0.11015884705365302,0.38345444184147204,-0.911288546809842,-0.8986894030629019,0.9877599962311658,-0.0860336763515643,-1.1465843049124198,0,0,0.607843137254902,F,0.581818181818182,40,40,92,220,0,0.607843137254902
-0.7375687339554359,-0.606727145971331,-1.47804800649536,0.679312649945959,-0.28806641409038397,0.5414339636191831,-0.8818863120544201,0.62396219671049,-0.6976024694191449,1.2227239391959999,0.20259202121911202,-0.181226573248813,-0.511834622648805,0.47957949738459105,0.559566990987062,0.691284688830703,0.887407119013515,-0.418153480715258,-0.135085116025334,1.17678652323705,0,0,0.607843137254902,F,0.5837104072398189,40,40,92,221,0,0.607843137254902
0.28255080659449106,0.961775700762229,2.72262374105596,-0.720577085028331,-0.6917091232900451,-0.420025626186206,-0.48601457821929706,0.861487573890452,0.16768955411567701,0.255545832893649,-0.365241556110951,0.660853419252573,0.37027494056408705,1.94509088127793,-0.11691690705977699,-2.02778636061309,0.5704553140134251,1.61840748011073,-0.740481211182283,-0.44823036499590596,0,1,0.607843137254902,F,0.581081081081081,40,40,93,222,0,0.607843137254902
-1.54457487664752,0.52127579809033,0.7174762827885741,-0.639309277709504,0.31281922069514195,-0.4010589472617321,-1.1252536029893798,-0.5634169342555121,-0.320994723513948,1.5698034546471,-0.119780018145316,-0.330183737024176,-0.27164971081249806,-0.304157045146521,-0.0439543584021071,-0.375933115093227,0.13106471434809,-0.49380160466712497,0.235559903651531,0.549902257845991,0,0,0.607843137254902,F,0.582959641255605,40,40,93,223,0,0.607843137254902
-0.18108590708043298,-0.15324085144768498,-2.30208927490716,-1.22464371260187,-0.7722138840155358,-0.6544913362651651,0.34219581521084697,1.15980424464543,-0.608698618059672,1.29920012800456,0.29389667537531,-0.5095051776314921,-0.519693385285919,-0.0581653682331495,0.457557229026808,-2.3747644850591803,0.18238731525061605,0.253707328897453,0.0484123830041822,-0.343449950149096,0,0,0.607843137254902,F,0.5848214285714289,40,40,93,224,0,0.607843137254902
1.8702034835314598,1.10590101753217,0.8152048514049142,1.3880354834837298,1.4485325376774298,-0.649832873636772,0.728051498245584,-0.964372309387171,-0.7608181975900441,-0.447594426734753,0.7343270106581801,-1.65922178030596,-0.34766470256726195,1.1174289411698899,-0.493659517135918,-0.720701644719643,-0.5204869842569461,-0.8742436852258479,0.621763625885795,-0.304362635297536,0,0,0.607843137254902,F,0.586666666666667,40,40,93,225,0,0.607843137254902
-0.0307636470863045,1.1345013283274,2.56268055083431,-0.966051816846678,-0.256192525957567,-1.18002245787571,-1.4846608801792198,-0.854703365846351,-1.3214747256786898,1.5839771696686,0.21432844743891397,0.473399202522743,0.518766985664336,0.48137046670758704,-0.7201346751864721,0.41001850077525703,-0.0463707815725678,-1.9624674119141101,0.881288577801923,0.0741136394105013,0,1,0.607843137254902,F,0.584070796460177,40,40,94,226,0,0.607843137254902
-1.3844655270261002,1.3712663012331998,0.508299044574279,1.0746835022619199,0.295953538340911,1.6299017988103601,0.7472910404873979,0.411142815885284,-0.408858348937249,-1.1611773617090602,-0.0971836535477062,-0.665576786544871,0.8473408229776651,-1.4290649179920198,-0.452725906850503,-0.462560484791454,0.4010088864544021,0.134462898191045,1.02884058803844,2.72833075669609,0,0,0.607843137254902,F,0.5859030837004411,40,40,94,227,0,0.607843137254902
-1.0959252294853399,-0.11328700450298,0.169558680709254,-0.6950371553541911,0.651323092531414,0.13430871431893499,-2.09357575314737,-0.8314550348178421,-0.776821222576617,-0.0534314001608444,0.72578472707578,-1.2687399844345901,-0.7307908373112559,1.0259965847643102,-0.118173708070871,-0.47472824329269203,-1.4859589138678402,-0.36184130220613503,0.0724930960100066,-0.10835290877644099,0,1,0.607843137254902,F,0.583333333333333,40,40,95,228,0,0.607843137254902
0.808326065263765,0.317698159369407,-0.223206432450395,-0.40114379257032,-1.09392599214114,-2.1068557888710098,-0.267613210096389,0.43655576515436406,-0.9611218012622801,0.530087653490378,-0.35031810311840306,-2.05493813701204,-1.11919366175672,-0.7756116986714029,0.5743704270334901,-0.265860496405267,-0.9993828721318199,2.04323133467736,-0.552589772715374,-1.00523833387609,0,1,0.607843137254902,F,0.5807860262008729,40,40,96,229,0,0.607843137254902
1.3878795969907,0.54739523781236,0.20309193078596302,0.8093675734780991,-0.9998360001578531,-0.722285971968489,0.89772811906353,1.20137670187664,0.39914000771414004,-0.899960055441245,-1.38257308163891,-0.025898532306237003,-1.87295256074114,0.306811278089893,-0.636183020133311,-0.180624111447182,-1.06415880823463,1.93615023320169,0.660053901497249,-0.915994806256803,0,0,0.607843137254902,F,0.582608695652174,40,40,96,230,0,0.607843137254902
0.274041751153117,0.8672782169023959,1.40238291792335,0.654771637644613,1.11417706554136,-0.176182882956923,-0.5962359629120961,0.14461133182174302,-0.28576542082148304,-0.724317552818037,-1.26174724791755,1.1966122279573501,-0.5815639784534761,1.52441695466667,0.7963294133319629,-0.978486036012847,-0.376613510331776,0.532729563714391,0.08846625403845401,-0.291908351358257,0,0,0.607843137254902,F,0.5844155844155839,40,40,96,231,0,0.607843137254902
0.306838860846603,-0.6818503378145279,0.342277307690694,0.699801994716174,0.28667702894292896,0.19569255101419603,-0.122559071555093,-1.62856907977455,-0.7773305902456601,0.6954837282851569,1.2362027893098702,-0.36358207382602103,1.2454644014083602,-1.11719057806013,-0.362372305202914,-0.40857709491691097,1.25936209311554,0.151391156606957,-0.29345920897396194,-1.28213300733986,0,0,0.607843137254902,F,0.586206896551724,40,40,96,232,0,0.607843137254902
-0.719500545537384,-1.06486160434425,0.00079485224725501,-2.02382926804191,0.6812881644169579,-0.133919004660291,0.547418834843137,0.116628528305232,-0.765478849764243,-1.20542833577095,0.355425929366833,0.9184015717566171,-0.0918205871197226,0.23984746424959696,0.40322983662264794,0.35308702802207,1.9202858637254199,0.750898935897499,-0.720399270363598,-0.148935334601352,0,1,0.607843137254902,F,0.583690987124464,40,40,97,233,0,0.607843137254902
0.9910511410570408,-0.20445095425535803,0.22838459560543697,2.10054976975203,-1.10021436526398,-1.81857273771348,-0.45113289898724196,-0.40025225844293,-1.65264761699814,-2.4443302066709,-0.38007971277288793,1.00521558014522,-0.557990724753979,-0.823765304873488,0.0185920208719366,0.534464687366719,1.43554325223003,0.873692905409018,-0.8737725798984008,0.48725518064511897,0,1,0.607843137254902,F,0.581196581196581,40,40,98,234,0,0.607843137254902
0.737217399487491,-0.6843816547543129,0.602042656441181,-0.0280156057259702,-1.92284810638317,-1.3434146704284,-0.9121257363562509,0.513285073487976,-0.914592491489725,0.36343595808460494,0.670442590279239,1.6779569103895,2.45837794494116,-0.233969548612868,-0.5862638993043101,-0.200531494306548,-0.507723629757883,-1.59368542297992,-0.12816499547647,0.0628756666892221,0,1,0.607843137254902,F,0.578723404255319,40,40,99,235,0,0.607843137254902
0.44260325834856207,-0.0610311165049786,-0.942318178097508,-0.24328379891452398,1.35063569444138,-1.65016756241765,-1.08651466281474,0.282417392082062,-2.16015629182831,-0.312233657192886,-0.555001663682024,2.2147275791187204,-1.17831121534617,1.71763475874581,0.740325097590202,0.13001981633192,-1.68480643944905,0.6073155082362509,0.133427005974537,-2.56911107036416,0,1,0.607843137254902,F,0.576271186440678,40,40,100,236,0,0.607843137254902
1.19957613177434,-0.46824200117439896,-1.6292353918130902,1.42913081450043,0.261779022240866,-0.726967513474067,0.36265248785828397,0.40363869753242,0.101601516533706,-0.147856430160888,0.8165862039466619,-0.7211070313477328,-0.182099202841,0.286628063448152,0.124290864754453,0.7039911581287621,0.59741189372408,-1.6173474708881201,-0.14014979239755,0.014563835713516,0,0,0.607843137254902,F,0.578059071729958,40,40,100,237,0,0.607843137254902
-0.496532682494997,-0.7204087313879081,-1.8928285129098001,-0.145348628894617,-0.036154956128839,1.0208447538105898,2.16142577221404,-1.4411125883693001,0.21660358594736603,-0.00342729848509929,-0.0579701976925901,-0.49897600051292607,-0.9348725350260509,0.820712156867552,0.691179799477334,-1.55803121304396,0.513628811363699,0.198158261655324,-0.602051271087251,0.768323243736022,0,0,0.607843137254902,F,0.579831932773109,40,40,100,238,0,0.607843137254902
0.239414395083438,0.044447023221954006,0.531609522306096,-1.10996742905604,1.05088517108224,-0.9266291293940541,-0.9497935240990799,-0.166800576149979,-0.00101417503849971,-0.9539346698903101,0.0016852182889896,-0.7665278976106991,0.33175818867092,1.68428338165903,-0.106851819855283,-0.754637819984062,-0.310271467076122,-1.1077455214913798,0.597251903623835,0.18250375454970003,0,1,0.607843137254902,F,0.5774058577405861,40,40,101,239,0,0.607843137254902
1.2461090409126598,-0.503376508128935,-0.454194466393474,0.373526915026177,1.64690436071417,-0.334394321697361,-0.10198547185220301,-0.864378839318203,-0.0029015554918183,-0.555991303332386,1.9417573517087798,-0.7092722993914351,-0.107276631543382,-2.15733129792646,-0.7169620057406,-0.542797820222031,0.8157211953163891,-0.603660159439881,-0.169964811383156,0.21102701286154396,0,0,0.607843137254902,F,0.579166666666667,40,40,101,240,0,0.607843137254902
1.72524182767865,-0.8902618374178091,-0.0124750379398783,-0.649720655743854,-0.47664914621953597,-1.1603675712385901,-0.8200316909400329,0.570286594659552,-1.66583369680349,-0.11135283679893701,0.22879987816784603,-0.5011237445333749,0.65350465426296,-0.670637785114353,0.9382336552523292,0.19010393080624,0.6293375151045961,0.42550648393305296,-0.9087260883165629,-0.213413435084543,1,1,0.607843137254902,F,0.579166666666667,41,41,101,240,0,0.607843137254902
-0.595545993105506,0.906631093119513,-0.8282578164406529,-1.02107491038923,-1.56928280862457,0.30144885886487605,1.74892302477595,1.64838750785954,-0.9563660055916842,-0.114984830776904,0.88233963920448,-0.541658282872701,-1.4699117968157398,-1.3931502426467999,1.02478368442723,0.290663196026583,0.9037369284422191,0.617206758540572,0.364669381611911,-0.292676294219617,0,1,0.607843137254902,F,0.5767634854771779,41,41,102,241,0,0.607843137254902
-0.950796515893378,1.39901253724416,-1.14884208649974,-0.48896117660382105,-2.11107790003327,-0.8323732982212959,1.2639706836737,-0.0450880141455376,-0.3625548981272,-1.74902631351129,0.7946172361281991,-0.19436318033817998,-0.6786245027488421,-0.323278042431505,-1.0510322250570001,-0.8350195458171651,-0.354083254039942,1.01286194052016,0.409128770710139,-0.45630610684567696,0,0,0.607843137254902,F,0.578512396694215,41,41,102,242,0,0.607843137254902
-0.47045133929517297,0.15526166451849402,-0.360453971336144,0.47754562888498997,1.3344006737028702,1.3706156132423701,-1.05562903978596,1.1811500251457299,-2.118114878651,0.452764881221939,-0.18561354367481198,1.13454154812622,-0.643684542956087,-1.6581591523217698,0.459815088233341,-0.9298045275669978,0.0628854404602939,-1.32495151983206,-0.217480320640697,-0.32230827147155394,0,0,0.607843137254902,F,0.580246913580247,41,41,102,243,0,0.607843137254902
0.310857281965759,1.32911523858305,-0.365470527602659,1.7382689876653001,-0.0597173559354508,0.97269667016321,-0.8764742112923449,0.0486337574014736,-0.249797853561633,0.347633992168278,0.232967766819165,-0.19817946683929297,-0.18601249225920302,-0.240907673422151,-0.803562274449737,1.06341768445094,-0.511442193011761,0.296114316514786,0.790523386597821,0.106640033376049,0,1,0.607843137254902,F,0.577868852459016,41,41,103,244,0,0.607843137254902
0.495213065040985,0.137396136954216,0.741234570988227,-0.166972421910284,-0.33242657928366104,0.16472409635487198,-0.39342920111709795,-1.28794833080903,-0.8578435600196449,-0.17397599159903698,0.7953412890388979,0.5798611394024461,1.3373111352678,0.730819332834104,-0.0122802233657843,0.600990889290005,0.198020305409724,0.411110084328229,-0.696018184997797,1.83777022639725,0,0,0.607843137254902,F,0.5795918367346939,41,41,103,245,0,0.607843137254902
-0.7217289677970781,0.0731999587756841,-0.9979286101530899,1.69963231905294,-0.26282272864585804,0.40040341641184596,0.663289710795956,-0.7700860721977479,-0.160477456721905,0.0871649453385443,-0.415891410562867,0.789958119655778,-0.237366438255059,0.258609068337737,-0.0405795424257679,-2.72371175299716,-0.17862103006193802,1.24346649098497,-1.03401223109942,-1.45541275351034,0,0,0.607843137254902,F,0.58130081300813,41,41,103,246,0,0.607843137254902
2.15655626507978,0.11505529228037199,-1.88458921311183,0.202534544336347,1.36938227675507,1.04084794565784,1.22441239116737,2.76676804996,-0.0715385148828818,-2.9390828303342005,1.32182338432785,0.8542294320066149,1.87854554829683,-1.23486625784697,-0.00814455827165539,0.330373326074011,0.191336599360877,-0.317645396195768,-0.146188186045693,-0.0670633673596942,0,0,0.607843137254902,F,0.582995951417004,41,41,103,247,0,0.607843137254902
0.27926320446436403,0.354731237165677,-0.16327061057953102,1.9842225196296,1.41177341922205,-0.307678758355851,0.0832455596615725,-0.21381158346593696,-0.8753039922580741,0.6499200925124761,-0.781408323732357,-0.743488570364501,1.83765452376968,0.0386119621595807,0.5604727037242071,1.87777644847801,0.15785877456486302,0.935206879290576,0.313352448444826,-1.25565047683801,0,1,0.607843137254902,F,0.580645161290323,41,41,104,248,0,0.607843137254902
-0.252266175189108,-0.195457856174261,-2.00667433050156,-0.105453507430416,0.857436112396453,-0.0491929577552198,-0.655348000487603,0.17509304816572,-1.03282788108327,0.9259821456801608,-0.225379601430927,0.41622435984203204,0.591522512354854,-1.51600373664513,-0.33109613427105894,0.412116190029847,-0.626828192445062,0.00878105354410242,-0.8460561883302529,1.9337927171985,0,0,0.607843137254902,F,0.582329317269076,41,41,104,249,0,0.607843137254902
-0.26941884345357897,0.6260370406366701,-1.1674214050423,0.145929019193014,-0.438756384749622,2.6804467796453597,1.51170262045675,-0.4786711641465,-1.06128055887642,-1.09656562685017,-1.8880361833051003,-2.3550700070046497,-0.734506973379744,-1.4360171068723202,-0.19114493699165097,-0.6575720933084229,0.841316530314634,1.72222727829762,-0.207530948025476,1.07156884686185,0,1,0.607843137254902,F,0.58,41,41,105,250,0,0.607843137254902
-0.5397184417805979,-0.394847621760948,-0.3970557448140421,-2.24820262830323,-1.72449629851026,0.33481763056136604,-0.0722566752615146,1.35051705209502,-1.15616761427485,0.74084091331043,-0.367556574534021,0.8367539623382341,-0.31422655132614,0.275603672316226,0.9105290469671551,2.0700140105714597,-0.716538588604896,-0.9889527485291779,-0.6201767400024321,0.6653888468520579,0,0,0.607843137254902,F,0.581673306772908,41,41,105,251,0,0.607843137254902
-0.8478391352992549,0.15488146135035097,0.755509939097645,0.215776637521495,-0.202117915649093,-0.7724882812859291,-0.477089554455731,0.71595158227384,-0.7508765502558841,0.3673815238340471,0.137437711504956,-1.7382567032582,1.24052300461693,-0.18780534724596698,0.830264002065631,-0.0458513614611391,0.342231777820612,-0.14597529869710998,-0.608062212582453,-0.9808011988478679,0,1,0.607843137254902,F,0.579365079365079,41,41,106,252,0,0.607843137254902
-2.98219314939182,0.8425144744412411,-1.56761586907325,0.588714913559241,-1.21866237102773,1.1762566683005802,-1.6111913161149698,-0.726590367894382,0.654294958594119,-0.406533049695262,1.4878506472235302,-0.0421940229637182,-1.12364550761583,-0.693533780459561,0.805347947019106,0.0808804007337374,-0.9429520540436851,-1.2441625543533001,-0.677233719314264,-0.429604078170024,0,0,0.607843137254902,F,0.5810276679841899,41,41,106,253,0,0.607843137254902
0.35394168552327404,0.0190063175099213,-0.130454151190027,-0.6148918929309449,-0.6470414628938199,-0.108660134092828,-1.79715276029055,0.23787507392292898,0.44089062754545205,1.0786994680078499,2.48533910800264,-0.334741579055906,-0.8663529175810071,-0.938573189706423,0.5970530999341761,-1.0906846181487,0.286026311559098,-0.537227558688459,-0.32620150019685806,-0.00250884370416444,0,0,0.607843137254902,F,0.582677165354331,41,41,106,254,0,0.607843137254902
-1.11618870907908,-0.964459532913047,-0.8418323314624759,-0.6387273832889079,0.0758290052104332,-0.476634149106279,-2.42294833641704,-0.32746359323441304,0.47474286623092204,2.1752987128546,-1.52738977400305,1.06891369054837,0.794130985534739,-0.8592098725281919,-0.7460146761280391,-0.0735585236557678,-1.16657214603977,-1.4082269830306,-0.33615562832603807,0.35018562781413504,0,0,0.607843137254902,F,0.584313725490196,41,41,106,255,0,0.607843137254902
-0.7470723538137322,-0.0537899832780102,-0.7375511082527809,1.2711912582644198,-0.33472278626075397,1.4134135823242802,0.993011628559105,-0.54349608663484,-1.04557351385025,0.430677271777123,-0.7055726576075171,-0.366228236123573,-0.410571192236259,-0.289399553558616,-0.3803142113622971,-1.46445991824124,1.4528552586495,-1.02091604798741,-0.652857751823098,-0.509454755774972,0,0,0.607843137254902,F,0.5859375,41,41,106,256,0,0.607843137254902
1.96277257371216,-1.2034338418584198,1.32358897188246,1.03803767366539,0.295694901284714,-1.9546150561049,-1.18637560214238,0.8253648952825999,-0.311697266842224,-0.619086052272784,0.677152981643173,0.471917572404874,-0.598978742776782,-0.22036854763573496,0.9792331501289959,-1.5989927613861001,0.565074347180494,0.0567405590501468,0.0851188291629448,1.1989816232685,0,1,0.607843137254902,F,0.583657587548638,41,41,107,257,0,0.607843137254902
0.874309317526673,-0.681900531491337,0.804979763407822,0.558436639124782,-0.00907964261081858,1.0328378176342499,0.32094472231674104,-0.6872678420908871,-1.3724091538692098,1.4047671196178202,0.608186367962905,2.04659797914496,0.0368772031610738,0.121629558620012,-0.363846196966677,0.3690842596752121,-2.4224261488684,0.689542278774202,-0.3811618695022271,0.31487488080689396,0,0,0.607843137254902,F,0.585271317829457,41,41,107,258,0,0.607843137254902
-0.34040001162394606,0.203923907787908,1.25934323789557,-2.19482582953592,-0.575294812158576,-0.88554937417019,-1.572447294811,0.8081730794504459,0.656643930706583,0.516858019438965,-1.3757561610481799,-0.21164656496682602,-0.157295628898353,0.8746730213140028,0.18372370856488102,0.327691935524536,0.9835197377127629,-0.662538532055049,-0.89977862497417,-0.266460938726355,0,1,0.607843137254902,F,0.5830115830115831,41,41,108,259,0,0.607843137254902
-0.35974350573574104,-0.0163961927960362,1.5582068017994801,-0.37845664261256,0.8708415137561171,1.7741403784053502,-0.333395888944709,-1.46391388823296,-1.23880408474946,-1.60923227445035,-0.168082161751278,-0.263507895732973,-0.686652402588341,0.543560450855938,0.43934451535944397,-0.45171661431749,1.2654297915586201,-0.19975983523587498,-0.40767893706864,-0.492802504412275,0,0,0.607843137254902,F,0.584615384615385,41,41,108,260,0,0.607843137254902
0.377656771246201,-0.534971095221577,0.513855727831558,0.176420091995054,-0.617399733817562,0.275718803552335,-0.622353704753881,0.0119964459214491,0.505332065893509,-0.979768139413981,-1.04368647123335,0.5553337795233989,-0.9175864635620341,-0.0758201566510832,-1.05206057486754,-0.51523658145388,-0.44612740104762005,-1.41416362612124,-0.7226777244013621,-0.8114222668812321,0,0,0.607843137254902,F,0.586206896551724,41,41,108,261,0,0.607843137254902
1.1937322875883,-1.00057705988963,-0.258487075015536,0.42937257786661404,-2.01590775996065,0.31528082648534006,2.04353097048495,0.604678227471476,-0.275770778445028,0.32971328100956204,-0.0857351441317278,0.0326070648830597,0.353817266801283,-0.462325315475279,0.672512445334592,0.27332014395647697,-0.983672407169293,-0.215590672190382,0.938103506131086,0.435805257472065,0,1,0.607843137254902,F,0.583969465648855,41,41,109,262,0,0.607843137254902
0.20670872637739499,-0.905028099980028,0.7193438136217489,-1.35897793641557,-1.7611359981478798,-0.851019027953597,-1.32839291611544,-1.08482628881942,-2.39898375633235,0.5803400534695881,-1.62119081704552,0.42834664430329705,0.960218345956822,0.4497116963873579,-0.75507929454411,0.9529226740501929,1.6349831685223701,-1.28325840370423,0.38343929873228294,-0.6694020801482211,0,0,0.607843137254902,F,0.585551330798479,41,41,109,263,0,0.607843137254902
-0.632701368300866,-0.359526681148154,0.6374081664217499,-1.60942961232849,1.38766263814502,1.5375527217507499,-0.9825691121063741,-1.3736363597949999,-2.06849349959456,1.33354253307535,0.193057451310405,-0.844833734862039,1.30483822323026,0.649228173125619,0.94242950403857,0.879822536037842,0.119230034018384,-0.9446115413102959,-0.9774655314098101,0.921736363875503,0,1,0.607843137254902,F,0.583333333333333,41,41,110,264,0,0.607843137254902
2.0723401094885503,0.43607162352984497,1.05606317651474,0.5232423051452679,-1.05678642719461,-0.0503826746506371,1.09133952603896,-0.33475740531166304,0.0329002629795856,-1.144324366488,-0.377117606872226,-0.13037026302726099,-0.320621064736211,-0.212774883627881,-0.44546510894809904,0.126166154384239,-0.101178136015127,-0.812068179011897,-0.038523931036512,0.298070183757966,0,0,0.607843137254902,F,0.5849056603773579,41,41,110,265,0,0.607843137254902
1.0370388711918699,0.139072120418417,-0.306611808251425,-0.0612753082832544,1.01294648740851,0.7431772982827769,0.906600796316842,0.252868801930593,-1.07960194081411,1.49751042267858,-0.8608699456392671,-0.0828440130609287,-0.9745440997268441,-0.0211432869093084,0.16876520366846498,1.6204693011816103,0.42207696267710204,2.6157067815899504,-0.565480286228879,-1.6544820241370601,0,0,0.607843137254902,F,0.586466165413534,41,41,110,266,0,0.607843137254902
0.476181438717199,-0.413832208719645,-1.0718922233954,0.7576983973420541,-1.3699523066186101,0.585901721538932,-1.12237412856205,0.361349516501621,-0.305798499508233,-2.33427033699296,0.33614901075888104,-0.98953078461479,1.05818122251251,0.9522646469437,0.412924690894222,1.04178644125914,1.13498728962761,-1.10734213317358,0.769588576286292,0.15242646843410698,0,0,0.607843137254902,F,0.5880149812734079,41,41,110,267,0,0.607843137254902
1.2294282113706598,-0.7278861013439,-0.860986512025754,0.8203522723056509,-0.0256407946171218,-0.675867494213426,-2.06625828478834,0.18461154417870498,0.46489843257425106,-0.9847176925708659,0.0064159954131500704,-2.78732295722631,-0.8420239754674591,1.10859147580572,0.251140018357478,1.2059013842983601,-1.40470481824949,0.13291702558632199,-0.8239242057006279,2.42213539218694,0,1,0.607843137254902,F,0.5858208955223879,41,41,111,268,0,0.607843137254902
1.46868522331289,0.136489749652313,-0.772708791588983,0.6250014390833261,-0.190895552057894,0.0975782383315657,-1.28502845838,1.3122019492136798,0.2521443484767,0.270253962861357,-1.9605162283408002,-1.1339749567036699,0.5026742647544951,-0.138218111607565,0.782210190484323,0.0669781568822376,-0.557359895778905,-1.39500045265274,-0.105243959308596,0.530907238884783,0,0,0.607843137254902,F,0.5873605947955389,41,41,111,269,0,0.607843137254902
1.6723062553297299,0.463033780328608,-1.2772207771876698,1.7806643262760902,0.48104702252817205,-0.12418039345864,-0.9168628172098809,1.5932657018108503,0.0343496215247782,-0.33643811293784803,1.13451058563118,-0.44501409841265605,-0.400034851609689,-0.328374372917338,-0.346459962458786,0.21082654609502902,1.38445722410826,0.45513959857436204,-0.11119461543795801,-1.12476225658363,0,0,0.607843137254902,F,0.588888888888889,41,41,111,270,0,0.607843137254902
1.8498637960922801,1.74970205825884,0.267222556582442,0.6173580809437261,0.24113675965448897,-1.16861879155232,-1.66744345420894,0.948203680290359,0.662873607756604,-0.7420583382201199,0.28511564321358196,0.278916195183896,-0.529282434720758,1.0079868640257699,0.593255867092084,-0.0626116241283304,0.32613695243487606,0.9077726484438678,-0.8783434999628101,1.1314012743559398,0,1,0.607843137254902,F,0.586715867158672,41,41,112,271,0,0.607843137254902
-0.552781341559121,0.5269248672329521,0.22521021186153303,0.351945891362834,0.9769950026012472,0.3781668387837221,-0.0291415965775038,2.33122154686686,-0.8134095440882009,0.663083108266852,1.77997847214088,1.4200785480877802,1.5259897079720899,-1.10521925835962,0.6683447005634809,0.276651666792564,1.14443765093187,-0.42232584407454704,0.658114256871139,0.25031186314266396,0,0,0.607843137254902,F,0.588235294117647,41,41,112,272,0,0.607843137254902
0.8440001667439291,-1.65974597015284,0.202520054382986,1.31658348572757,0.841840000677933,-1.19185594396251,0.172359811933707,1.80392126478774,0.46179675439073,0.48197740261010497,-0.147388394411622,0.0326729131148816,-0.0566848879322916,1.66547906230925,0.0409213067615097,-0.8296489271281959,0.325389792924714,-0.40339029897042894,0.989088356655268,-1.1756577738749598,0,0,0.607843137254902,F,0.58974358974359,41,41,112,273,0,0.607843137254902
0.8593258253665,-0.130326491125208,-0.11659941000352,0.365498917867435,0.401545302407876,-1.24336169373343,-1.50918057622933,-1.6819817855921497,0.3583330648455329,0.00657131180299654,1.67825552452419,-0.326483144400617,2.3406728945369903,-0.279876794489073,-0.943736854921785,0.893166254562854,-0.810345880016713,0.296049779431646,-0.819668397412626,-1.5487106944731497,0,0,0.607843137254902,F,0.5912408759124089,41,41,112,274,0,0.607843137254902
-1.272951576221,0.268339766115935,-0.370655101527111,-1.02029546481946,0.9961628959629131,0.623662119120469,0.493072550297815,1.6842655433786597,-0.498155264757451,1.50573161769326,-0.6395734621646619,0.382231499178946,0.947321358944818,0.0628452094070198,-0.0754208251723237,0.153901788614304,-1.0934174116223299,-0.812967028104952,-0.74000434759472,-0.370687102642033,0,0,0.607843137254902,F,0.592727272727273,41,41,112,275,0,0.607843137254902
0.294683499134532,1.40325823934977,-2.00572486828693,0.573878446158674,0.6967574139292939,0.663356695672088,-0.19489471593693,0.345412446463825,-0.533282091913054,1.81855822307551,0.37714796745171597,-0.49437193222351095,-1.01830117355503,0.15995573122913,-0.15568340203113398,-1.06585510540114,0.142963919067758,1.21544375978925,0.00418924911632296,0.38838136427150005,0,0,0.607843137254902,F,0.594202898550725,41,41,112,276,0,0.607843137254902
-0.32247048607733503,-1.42325558400945,0.82686736366164,0.332770211656898,-0.99121744168865,-0.334376169133723,1.53436264197291,-0.546745124295617,-1.3438171685238502,-0.381734760547052,-1.45674519370851,0.27574089843537497,-0.9663325205525201,-0.024129377348266003,-0.36459326849718704,0.28269643967088,0.42723043163982505,0.769964539038409,-0.8909887835818521,1.16248351537986,0,0,0.607843137254902,F,0.595667870036101,41,41,112,277,0,0.607843137254902
-1.5827813065778402,0.7276533856699342,-0.364455094102084,-1.29965511930048,-0.021934560802735998,0.190364414872083,-2.18625205741501,1.6691725074443,0.639922056924266,0.49538474213517397,-0.70157245646779,-1.1092080439841998,-0.9000621129813141,-0.857535868101885,0.45830051315934295,-0.559878998592662,0.9496402551188101,-0.489036105915394,1.04327069442983,0.0334299654600759,0,0,0.607843137254902,F,0.5971223021582729,41,41,112,278,0,0.607843137254902
0.747300614595744,1.30020937629277,0.6562399784902571,1.60585745405413,-0.47398744058573,-1.75702254589243,-1.7827716063232197,-0.5796440255411379,-2.64362262866921,-1.6002717544051799,-1.3430306222970199,-1.93589463968597,0.6566128426852421,0.403087339851148,-1.05536926210447,-0.6861600066432939,1.01488214249784,0.241604493000136,0.35212132517961203,1.31082956550884,0,0,0.607843137254902,F,0.598566308243728,41,41,112,279,0,0.607843137254902
1.06644042065098,-1.13978572028001,1.04231772288302,-0.657779402956989,0.11322595385313,0.213204847038571,1.94716769513549,-1.91974401646021,-0.960890534392227,-0.18593924019144897,-0.654888013196653,-0.631390688477427,-0.456608280100442,0.22362096274616602,-0.7031806043904139,1.3503414853003401,-0.203187648212249,2.25842092318777,0.0817393764070078,-0.931514340084744,0,0,0.607843137254902,F,0.6,41,41,112,280,0,0.607843137254902
1.0188824809076802,1.1683949848669999,1.0369704606682901,1.3949251176754298,1.14236718522537,1.2607978609339399,-0.2725696997693,-1.84044484934302,0.523390890908886,-0.8012893408698321,1.4856711862662602,-0.545949312923273,0.7371614648843141,0.5698536115006889,-0.557800718416176,-0.00683517169983762,-1.34358564521901,-0.219842951699512,0.350909920470278,0.0813404871928002,0,1,0.607843137254902,F,0.597864768683274,41,41,113,281,0,0.607843137254902
-0.0831995966615018,-0.42039112799286604,-0.5826254290714901,0.7807777320614471,-1.04319003924264,0.9070204431300629,1.2780987568588,-0.11507743680927601,-0.0497251744544963,-0.653932167596898,1.11528094481741,-1.09038631194267,-0.477149190404799,-0.576820901295673,0.600909023456244,-0.0401570392423981,0.874810116390344,-0.853127267086255,0.8146037217138851,0.312401112770442,0,1,0.607843137254902,F,0.5957446808510639,41,41,114,282,0,0.607843137254902
-0.976511824764655,-0.0884636862093856,-0.0231482873316385,0.16889257687546896,1.4703947716118702,-0.574979867190033,-0.9113213989690859,-0.23133706002786897,0.0295228578239265,0.7525368216189079,-1.36448269570189,-0.47011931953290204,0.324150164957603,0.243824984228727,0.200624177703157,0.38634028194843,0.284306751779351,0.973556587832694,-0.7610624778129479,1.1345389050301,0,0,0.607843137254902,F,0.597173144876325,41,41,114,283,0,0.607843137254902
-0.385726395279359,0.21847172124702302,-2.2419437528578503,-0.9401966623122191,0.338963276987094,1.5008024854626998,-1.75933856693496,-0.0702786432358418,-0.304248979806218,0.484222240578631,0.0066718230728587,-0.6501492867008921,0.721963815061241,-1.28983610125961,0.523269201629682,0.330224306201421,-1.4266278362344798,1.30279535348145,-0.0237566723335706,-0.23577903199600303,0,1,0.607843137254902,F,0.595070422535211,41,41,115,284,0,0.607843137254902
0.437234454757649,-1.1381381210546297,1.3988610837383797,0.5694460733196031,-1.15914496063708,-0.6284613689036421,-2.3422792068062996,0.23924837848900896,-0.8635871002483991,-2.38065474976837,-1.4656615487337898,0.377074140568517,1.10127668715967,-0.97013277617367,-0.705392553218741,-2.2272266682786297,-1.08180785589798,0.8159632885644,0.51127562425933,0.39354280625780896,0,0,0.607843137254902,F,0.5964912280701761,41,41,115,285,0,0.607843137254902
-0.17613922611452199,-0.897742298202075,3.33170300315008,-0.620093161913904,-2.30298098013706,-1.8242159268228701,0.402712230516731,-0.154672440252008,-0.43557307886422997,0.0592359858274616,1.25245717398952,-0.0959601218717845,-0.8202436187028059,1.14506886567236,1.03229656661156,-0.149032689265459,0.662307969002677,-0.314094440854175,-0.9535878558880949,1.04484808220138,0,1,0.607843137254902,F,0.594405594405594,41,41,116,286,0,0.607843137254902
1.84768521334344,1.92001255840247,0.34019455069393606,1.2041675317843799,-0.8259725410290409,0.465001974931024,-1.6638998636432099,0.402789378607459,-0.700662884586045,0.22896191186436501,0.5301999845904111,0.535937517427608,0.209913210968553,1.25752489425078,-0.516466605081698,-0.741886766446946,-1.20077469298385,-0.135744862115248,-0.784751552891457,0.746258022932495,0,0,0.607843137254902,F,0.59581881533101,41,41,116,287,0,0.607843137254902
0.20068949824157603,0.6912021815308511,1.6577377300900302,0.38495046643755704,0.554492543944492,0.5076682493624071,-1.24053704091077,0.0573411261087767,0.6423041364540379,0.19200685928011899,-0.9405202358020299,1.09052476074949,1.5289381691483301,-1.0501465272416701,0.9997543616886579,-0.17053701212814004,2.0744606229383997,-0.0685343886362102,-0.0159274056242604,-1.8677076059708402,0,0,0.607843137254902,F,0.597222222222222,41,41,116,288,0,0.607843137254902
-0.400769762461752,0.413945238310851,0.384074598233404,1.12719668530983,0.25524808995237697,-0.379059639205815,1.45939452534006,-1.26509867785451,-0.0748997593582141,-0.28635747192749395,0.178766092723858,-0.0492335084500606,-0.8110962701823141,0.49304313901656205,0.138980774724594,1.13915687324987,0.0280912360364305,0.08141404978918901,-0.707497678439067,1.1234633257529099,0,0,0.607843137254902,F,0.598615916955017,41,41,116,289,0,0.607843137254902
1.94746022873409,0.193255481730116,0.521972357170121,-0.863590792419886,2.04386273259516,0.6380570986259511,-0.662442167379003,0.346771111215911,-0.535472314100348,-0.8597015141388671,-1.3094265846367,-1.82856437326143,-0.8625065289211659,1.42222015210506,0.994064499218006,-0.24999319931276395,-0.695849736415482,-0.44822493444578904,0.8645113013481359,0.331905417361699,0,0,0.607843137254902,F,0.6,41,41,116,290,0,0.607843137254902
0.17703183767024397,-0.5687582938464661,0.47248280792328295,-1.7314281780063001,-1.16175361257691,-0.709768084876961,-2.3501327199977498,-0.625117261708196,-1.14407524268884,0.444623420768341,-0.5658143367482641,1.0312319275870199,0.5192531501231129,0.4963024249972971,0.29343241094667605,0.866397546137532,0.600943353409104,0.565639113528161,0.17969430324630498,0.6252061401561421,0,0,0.607843137254902,F,0.6013745704467349,41,41,116,291,0,0.607843137254902
-0.713563673424897,-0.769730573566258,1.11364240078454,-0.0400240059768038,-2.14974878689796,-0.0949581021561868,1.0847886906172601,0.604171253441023,0.552498746017595,0.0682745460857864,0.463391252480933,1.3644888210998798,0.41373166954497204,2.0242377662813897,-0.534001607160384,-0.0882259613690962,0.279164098170127,-1.16467481573529,-0.0500718080200999,0.8178804480848041,0,1,0.607843137254902,F,0.599315068493151,41,41,117,292,0,0.607843137254902
1.52280733210846,1.2819156531122802,-0.316402820415295,-1.1419420067508899,1.47447645324996,1.22671374930592,0.124909364859875,0.5527751198372989,0.681072309195817,-1.40474440502249,0.555183442636891,-2.17454074234464,2.13280907093946,-0.9535595553363141,0.7217856349481541,0.33969003459957203,0.6361311857652939,0.6728706285918039,-0.29933750823258004,0.9229415476207471,0,1,0.607843137254902,F,0.5972696245733791,41,41,118,293,0,0.607843137254902
-0.482865228390851,-1.39351540497625,1.54469361932199,1.57522874533802,-1.9093645063971298,-0.7612905438456941,0.41801756602377704,-0.443822309456669,0.36410234446167206,-0.139161505868272,-1.1028133438826,-0.728619002348869,1.19912040937062,-1.14359722804104,-0.0723085741011209,0.9567819713825401,0.17260007751717002,-0.37639393805619104,0.47666811110551394,-1.1070142532402298,0,1,0.607843137254902,F,0.595238095238095,41,41,119,294,0,0.607843137254902
0.252200183157221,-1.11261894857433,-0.747141086691303,0.229455118017505,1.0887706909315,0.7539481967545221,-0.7409266591628821,-1.1481668767722801,-0.0718459609452145,-0.220687928871718,-0.698875608044388,-0.6926841658584809,-0.7852243568514531,-0.638066946491906,0.0160153939618888,0.5146089228062539,0.797874168298992,0.230122453760297,0.607375813546838,-1.28194078591341,0,1,0.607843137254902,F,0.593220338983051,41,41,120,295,0,0.607843137254902
1.3240754766146299,0.649215890743457,-0.159840041351319,-0.396443932399676,-1.47702948627565,-0.11668655760106302,0.417027355211524,-0.7596804145903242,0.5960675557476751,-0.607503066322424,-0.645499617801934,1.22896451642229,-0.0220217355726386,-1.57749013977676,-0.36141838799729703,-0.0542468569717644,0.477057730052751,-1.1718735711241999,-0.6398035131781229,-1.30189447664116,0,0,0.607843137254902,F,0.594594594594595,41,41,120,296,0,0.607843137254902
0.764386246845402,0.99272396644408,-0.902699317216761,-2.31180223399821,-0.571427387351118,-1.06008014190305,-0.7791331021640229,-0.167318391954088,-0.911898001940379,0.16291166665224302,1.8032640697239302,-0.25192305057701697,0.9826173811519492,1.59856981170091,-0.42897107352157793,0.8013014545995011,0.204332908104858,-0.6656935501038089,0.0246626779868923,-0.393033917919727,0,0,0.607843137254902,F,0.595959595959596,41,41,120,297,0,0.607843137254902
1.5308835833179097,0.48149465210259995,0.648767612067636,-0.260183754208024,-2.0038939327793797,0.0143544782339998,-0.6393060830787609,0.520039745815012,-0.52050497707659,0.524130565159,-0.513167375692954,0.0578935537537464,0.0960773089484252,0.246108003224153,-0.0358519561587769,2.2276824863541402,-1.1438186940932,-0.294189545209827,1.04512067184597,-0.438950123296819,0,0,0.607843137254902,F,0.597315436241611,41,41,120,298,0,0.607843137254902
-1.52499608557923,3.35083515983208,-0.890324610460397,-0.5399197353841121,-0.503401401354223,0.89665985442473,0.143003204263441,0.208943108108022,-0.538388263739064,0.999744325918017,-1.0463323119366101,0.0318750792888625,-1.35192753577582,0.240628883060362,-0.336460573721299,0.668908707132848,-0.6382564895346979,1.04376345633766,0.46792560055325605,0.44199410435099795,0,0,0.607843137254902,F,0.59866220735786,41,41,120,299,0,0.607843137254902
-2.27786514115082,0.922221652087776,0.32114981463198805,0.6875687436131359,-1.26305514938572,-0.277663622737341,1.29862324240285,0.96594896348128,-0.36490342971268697,1.88580073807597,0.11814791678783301,-0.0170136597167669,-1.4032997668772098,-0.0929835039063718,0.18415859033296303,0.0738782793854271,-0.44363878610872204,1.20948283835277,0.9227733874448499,1.6924141434021203,0,1,0.607843137254902,F,0.596666666666667,41,41,121,300,0,0.607843137254902
0.256883639626363,0.9121783137536651,-0.9830660610879979,-0.228834391700499,-0.0935961798812492,0.5080831060814509,0.668970614830563,-0.06976140839289399,-1.38811339656152,0.705331381215511,-0.768695643295513,-0.129363533450191,0.40576749637641996,-0.18636435921796898,0.340570232936239,2.3667155464243104,0.7046399087550992,0.7070326323864541,-1.04857697021397,0.181002294649662,0,0,0.607843137254902,F,0.598006644518272,41,41,121,301,0,0.607843137254902
-2.15661523798943,0.0202040047589667,0.8568170115687009,-0.115212282903643,-0.7931449528712471,-1.58087276125942,-1.3571922861186,0.82233849097685,-0.737407032323104,0.570004214690916,-0.8396488918132041,1.1109668325206499,1.54196626952829,0.27995953213366,0.48918344414888204,-0.11197484679349,-0.0460590262294382,-0.541928042636073,-0.40531399449695094,2.3925345135034504,0,0,0.607843137254902,F,0.5993377483443709,41,41,121,302,0,0.607843137254902
-1.33322533269219,-0.21591105125717897,-0.45976880334253795,-0.111555006459036,0.196850761013382,-0.574448209058818,-0.7499723128323679,-0.832903569821285,0.6533890624222509,1.5913648724473999,1.1903985039091598,0.10127239855130499,0.9286712023222159,0.15706952741931102,0.8135480743486742,0.165091069845527,3.5428552031689704,1.3670130659325799,-0.8866608549940491,-0.5539265652207199,0,0,0.607843137254902,F,0.600660066006601,41,41,121,303,0,0.607843137254902
-0.9889572776623471,-0.5828897177802329,0.0134165885392437,1.0979079676838,-0.674996319902649,-0.0888055917708686,0.27076395498841,0.491480268797604,0.289978795133281,0.8355373140946941,1.09142454255621,0.0581370808341266,-0.0433587484223334,1.3795457595981397,-0.279721223696278,-0.0322125616585915,-0.40779830851844295,0.38682075374429503,-0.0851751350472005,-0.826963214325016,0,0,0.607843137254902,F,0.601973684210526,41,41,121,304,0,0.607843137254902
1.08978940140779,-1.2643317154703702,-0.6865763197439261,0.0589801200251905,-1.29859062111711,-1.7490903576790802,-0.36037394705794795,0.17996550335524697,-0.7722100017433772,-0.0564791342229704,0.846651608228851,-1.10225620192432,-1.24176750919182,-0.332220967458741,-0.28367309635378496,-1.07150725521483,0.6952603784373,0.79444074520131,-1.0223246534733499,-1.4163761569774398,0,1,0.607843137254902,F,0.6,41,41,122,305,0,0.607843137254902
-0.8085773500993091,-1.3475819460909502,0.0739027049606708,-1.3945492725660902,0.759102577317068,-0.48288495657243996,0.14692451338028,0.0654991444163097,-0.245102693226678,0.30870787550661,0.115043754389285,-0.50369596507885,0.20843094609018697,-1.4458416475693,-0.434725980493118,0.48644917178696995,-0.557398272300879,-0.395332536371262,0.543965881792811,-1.4239992651520499,0,0,0.607843137254902,F,0.601307189542484,41,41,122,306,0,0.607843137254902
2.1415308146391396,-0.7830331671317929,-0.559772796917028,0.44912843844664296,-0.3565631948830061,1.97178302215327,-1.76918785823692,-0.744998696903161,-0.0396796287279091,-0.506833975127545,1.3143523982746201,-0.725947643647527,-0.00834659927309708,-0.495605862587728,0.490756722985529,1.2083183119413798,0.7982036891302221,-0.5325586200708929,-0.4944006256032321,-1.14090121597247,0,0,0.607843137254902,F,0.602605863192182,41,41,122,307,0,0.607843137254902
-0.0413603635445808,0.0412424793687569,-0.722857125986077,-0.6386526883575121,1.04798783748893,1.70798638902874,-1.02697659961731,-1.5213711695200003,-1.8886812754559,-0.9255610767722571,-0.35400342228585496,0.9416110368764921,1.5759988829559601,0.609400481436842,-0.35900932369298705,0.138556207603352,-0.0681462206268957,0.9767915356063901,0.6632583954665879,-2.10540179665813,0,1,0.607843137254902,F,0.6006493506493511,41,41,123,308,0,0.607843137254902
-1.51794968949078,-0.493470526582293,0.5176767335995971,0.8823203462008421,0.170917769667765,0.8522395513504509,0.0526396172313291,-0.18582596471476998,0.109447566923896,-0.44397377201013,-0.00428376192403966,0.17661236087288298,0.28376792205010903,0.0573196394380054,-0.8789815106928779,-0.929166134136051,0.172827618924017,-0.322781382207102,0.400721930912838,0.433925588187531,0,0,0.607843137254902,F,0.6019417475728149,41,41,123,309,0,0.607843137254902
0.935005371286631,-0.7701319559145581,-1.30680352896887,1.29278373318035,-1.06378054259931,-1.72119406589107,0.248965789496573,0.28382146991615603,-0.891375072207008,-0.508867605870284,-0.133671886145138,2.2385740181621,-0.000933902500413157,-0.0458226281805605,0.124161265288423,0.522535545714202,-1.32195439804445,-1.41063465701426,0.37211134017431496,-0.9803383870331178,0,1,0.607843137254902,F,0.6,41,41,124,310,0,0.607843137254902
1.77695504176298,-0.15970574518021802,0.9582880702235269,-0.295988571472435,0.4485201359283621,-1.50047575487896,0.324927224685239,-1.67675479440533,-0.552886580100134,-1.0931905226579701,-0.9134562467777209,0.080854002470133,1.69036585462909,-0.49331225171354204,0.630031729344896,-0.00266436064928879,0.844064739939534,-0.44567812672619606,-0.0262468692281172,1.9977710626288798,0,0,0.607843137254902,F,0.6012861736334411,41,41,124,311,0,0.607843137254902
-0.0495024703920935,-1.09943798507253,-1.60246190957591,0.587648973006038,1.13919072339156,-1.43112148880954,-0.0202629419667991,-0.199968751080066,0.34224129682757604,-1.4077342169933,-0.0197342548403146,1.22259268890127,-0.836825904309655,-0.3896970488939229,0.481436001620682,0.22672827038860702,0.184606510696835,-0.8176213862968621,-0.0656256075771066,-0.236714381829456,0,0,0.607843137254902,F,0.602564102564103,41,41,124,312,0,0.607843137254902
-1.37527041115726,-1.38203041042037,0.965824832996082,-1.3679960831757,-0.7033415830272051,0.417121589871315,-0.522566586534137,-1.69448822292718,0.21536631844692397,2.14746427313213,1.3733001548702197,0.446087462580622,0.44987807288738707,1.4622169298890502,0.035683259693473,0.360847829886035,-0.905219989865851,0.0508945712390151,-0.15373579333074,-1.00490133785233,0,0,0.607843137254902,F,0.603833865814696,41,41,124,313,0,0.607843137254902
-0.6778650660254221,1.40689836504953,0.7965126685771691,-0.19622115211694896,1.0053104537327,-0.454300319714363,1.28554926454914,-0.7860078076645799,-0.7090480335528649,0.5969530895585771,1.74912874471025,-0.296394970565927,-1.5392172427664599,-0.849040720860417,-0.000344523364726072,0.721741931730957,-1.8339732072706898,-1.72292088615779,0.43230849867806703,-1.07304969668084,0,0,0.607843137254902,F,0.6050955414012739,41,41,124,314,0,0.607843137254902
0.54291191073088,1.95053116540719,-0.883786341609268,-0.471678669045125,0.97743115622908,-0.55791726518672,-0.58502024407072,0.186589679824031,-1.26135460956502,-1.5702935199481898,-0.7368529100714108,-1.7094636641146201,1.2882590577169,-0.0951419153129135,0.45857198837093505,-1.18749285702269,0.38029306080927705,-0.8502382471394629,-0.859968700469338,0.9054128041890099,0,1,0.607843137254902,F,0.603174603174603,41,41,125,315,0,0.607843137254902
1.1034081364643202,0.26459096434129303,1.09408497524341,-1.08429064259703,0.40742935848563105,0.9943673213674159,-0.022161787503071,0.45581779363264896,-0.48745515390304295,0.630250232733558,0.7635985854838649,0.005159028068830371,-0.668910899099946,-0.315223994088603,0.230358387673257,-0.0358232173976785,1.36223610645431,0.183209490011198,0.0967560768326648,-0.0764678424925723,0,0,0.607843137254902,F,0.6044303797468349,41,41,125,316,0,0.607843137254902
1.22266732361223,-0.874969896140945,-0.8781437533802621,0.0265777589752009,-1.16794750567845,0.187020406022584,-0.5647333670547691,0.22674905056991398,-0.741302077388193,-1.3817940142115102,1.3635048811012,-1.00516994383741,-0.503597590913287,0.696918857078584,0.469552011081765,-1.0020199569204,0.677396466107422,1.09016125193222,-0.553054936901966,-0.319644941613182,0,0,0.607843137254902,F,0.6056782334384859,41,41,125,317,0,0.607843137254902
-0.404268925872652,0.012137830243472,-1.54875165781796,-2.5718512995237,-0.399053136352137,0.131840709916307,0.9596298188523531,-0.272602348432564,0.626056130418405,-0.11777606253935902,-1.7196126357933401,-1.11072258346234,1.63090686811279,1.30632121539245,-0.485242373359681,-1.11895263512245,0.0683859988765444,0.96987108654303,-0.31034949275599605,-0.584523523532138,0,0,0.607843137254902,F,0.606918238993711,41,41,125,318,0,0.607843137254902
-1.09933693523432,0.208051901008031,0.504149987578934,1.5719734600527902,0.591326142242707,0.592052321194437,-0.831389693992472,0.986184846649943,0.19529631686447305,0.595614663642402,1.37502723659859,0.0395475339553577,0.642645312137173,2.6660946884722003,0.104314337369814,0.518495643030421,-0.8372359737528271,1.07069500313002,0.119551797721691,0.264416927991519,0,0,0.607843137254902,F,0.608150470219436,41,41,125,319,0,0.607843137254902
0.5671150902923671,-0.13996472458721,-0.18613792540893398,-1.3629341414068503,1.05140748222181,-0.656151996116521,-0.742503481384837,-0.0416133799955992,0.429280009071526,0.40171824692547203,0.089218910996718,-0.0373230799996217,-0.9796729601951469,0.588117436402555,-0.306033932934394,0.485869153445076,1.65502461835926,-0.19349276432869603,-0.89037061933671,0.7707323857503101,0,1,0.607843137254902,F,0.60625,41,41,126,320,0,0.607843137254902
-1.3877764913436499,-1.6413815941943202,-0.0616716027566109,0.0879686072213169,-0.36138987140806705,1.73740404731057,-2.3275764245484503,2.50948838184985,-0.380927013591186,1.11613139192156,0.136952194113556,-1.2728669511081,0.886658659218823,-1.1001194077498,0.351672048001086,0.385059095886802,-1.12527228377816,0.15947063626855,0.124439763548771,0.520454486203105,0,1,0.607843137254902,F,0.604361370716511,41,41,127,321,0,0.607843137254902
1.13103624715028,0.202541392646335,0.743017266407371,-0.0619763663350063,0.0816865992590413,0.723943396560294,-1.47255883106098,0.48453337189667,0.577494054924473,-1.163691360996,0.92609130494455,1.14780473752432,-1.05048729453976,-2.78776199284455,0.307932389436997,-0.272274940528203,-2.20792176675073,0.8142666845915809,0.28179134197005296,1.88721423391197,0,0,0.607843137254902,F,0.6055900621118011,41,41,127,322,0,0.607843137254902
-0.378811797588605,0.8778763461106129,1.0076844206082298,-1.13454396488523,0.73292756395629,0.253806596140749,0.7762496988263679,0.8340626933768391,-1.09349302748236,0.429188073284661,-0.236036972741165,0.802296219585685,0.77288830964412,-0.407780891641033,0.6423616471028979,-1.17974315369957,-0.956890110620808,-0.77689091996024,0.12547451033495502,-1.3162525394153402,0,0,0.607843137254902,F,0.6068111455108361,41,41,127,323,0,0.607843137254902
0.48876275391462,-0.42201915367419607,1.16447260492357,0.6216629452942579,-0.20567616062139102,-0.395337014409239,-1.47589984776189,-1.7231029285187098,-0.51635598423191,0.7356009789950659,-1.94676277725191,-1.7200604782773403,-0.46478442770515294,2.18331169276868,-0.145698770623354,-0.6013259867586329,-0.387001861731652,0.656223619927954,-0.38242420121545395,0.346138248597322,0,0,0.607843137254902,F,0.608024691358025,41,41,127,324,0,0.607843137254902
-0.8923814311117328,-0.18855080318423603,-1.52355292702543,1.0665395094594599,1.0136765989546699,-1.03172638307577,1.4173582636584199,-0.157632365872733,0.12868409711736803,0.42833584537140795,2.10423843638094,1.65004253216653,-0.383065762034957,0.459521382772877,-0.0133478411800897,0.68927898825376,0.22993276196382395,-0.682152554477239,-0.141533810810691,1.11816705091695,0,1,0.607843137254902,F,0.606153846153846,41,41,128,325,0,0.607843137254902
0.556373101492773,-0.0789098915659428,-0.265361421699018,-2.66381529557146,1.03300164041791,0.99743973631005,-0.22232279951236103,-0.9623862750595971,-0.7635600254258679,0.8370646636338741,-0.511370083693067,-1.90568371366869,0.5703156323805689,0.452154315212974,0.30467023518784103,-0.645755319888959,-1.3205044516998201,0.289726679840549,-0.0496014166860054,-0.47913662865012696,0,0,0.607843137254902,F,0.607361963190184,41,41,128,326,0,0.607843137254902
0.48113369928257704,-0.328162206397525,-0.676480933141814,-1.19160869858267,0.826561402447912,0.5826873446569449,0.5891386802768629,-0.754975722286047,0.605520923059077,-0.35669382255734705,-0.206249399505062,-0.516263090775648,-1.28939543859576,-0.5346805381298401,0.2657068214765,0.781431350183817,-1.39277988558319,-0.861639789036508,0.320658362660332,0.0030388279856643,0,0,0.607843137254902,F,0.6085626911314991,41,41,128,327,0,0.607843137254902
-0.478883040426668,0.15765086175619,1.00467722742224,-0.158256181137698,-0.0888924693546685,-0.51583215328965,-0.288583786181081,-0.8230252523420579,-1.1494035985756899,-1.14073790689904,-0.8038951930503381,0.331748251205747,0.6408900299037379,1.5699352877361297,-0.8180301195224391,-0.539687178113183,0.45638989868537,-0.644576035314724,-0.46128611562158794,0.90073333216921,0,1,0.607843137254902,F,0.6067073170731709,41,41,129,328,0,0.607843137254902
0.989561681931576,0.559141947282498,0.844890752854635,0.40054025234276797,0.23558287316849302,1.5404967385201,-0.34828837028242104,1.25746032989554,-1.77820842256558,-1.04495364180066,0.119810209191505,1.78948857407996,0.398833424400865,-0.523625381528676,-0.5828777558802629,0.658099505637919,-0.748809575501062,1.7509816386684098,0.0503308791025358,1.46719928261972,0,1,0.607843137254902,F,0.6048632218844979,41,41,130,329,0,0.607843137254902
-1.6295850387886899,-1.0040864385761399,0.31608534689868895,-0.0202928900693107,0.599500868093518,0.444780371953286,-0.7597608092172041,0.8602612664868109,0.47809228974018,-1.3125824796769698,0.962379538565443,-1.33813841603794,-0.06661230070631201,1.2419091558358601,-0.94790846787832,0.606200798673922,0.0505232821387088,-0.25204717550154804,-0.29956013360598305,-1.7463462348354097,0,0,0.607843137254902,F,0.606060606060606,41,41,130,330,0,0.607843137254902
-0.9680739554461519,-0.768888885291861,-1.31525033057636,-1.4923491132379498,1.6317716716786799,0.23354844210839004,-0.152722305756335,1.19141153903442,-0.39701589994813397,0.9418532639276651,-0.10244726925063699,0.54258556126727,1.3123473177046598,-1.7647862130643002,-0.540775678651851,-1.7580124255323402,-1.0377724177976702,-2.7678233122972102,-0.751660913120884,-0.0346686779651453,0,1,0.607843137254902,F,0.604229607250755,41,41,131,331,0,0.607843137254902
1.66025254964522,-0.764837359960978,-1.6067498243539,2.04426593461847,-0.19460236493934802,0.8760912427300309,-1.5522209535963702,-0.17403276907111404,-0.393484786852433,0.9887251597239409,0.7975782319850659,-0.262877991880261,-1.4384013230779198,-0.0253195605658601,-0.0651798744909102,0.292262470475199,0.29735200932919803,-0.641993383206829,0.412084103640004,-0.27173647118671695,0,0,0.607843137254902,F,0.6054216867469879,41,41,131,332,0,0.607843137254902
-0.264915455948586,-0.9633898444901541,0.555775202938203,-0.130652900763055,0.455566638756219,-1.41723046085204,-1.22857190858125,1.05053042174227,0.5688245464086,0.143753815351462,0.7677097879466771,-0.9570363390876799,-0.56369713248353,0.498127754705927,-0.912494320747578,1.08237627467424,0.0300536588289163,0.0952086466862373,0.21236264712147798,0.148913168937677,0,0,0.607843137254902,F,0.606606606606607,41,41,131,333,0,0.607843137254902
1.24554484355459,-0.7797013208125849,-0.127849085799318,-0.16084741430511,-0.717387708977041,0.868286683256645,-0.0234348869265197,-0.9804740833823209,0.109863022232397,0.832082666237022,-1.7659585802159,-0.6673196399012961,0.577460806001547,0.7542020816516919,-0.352703417995269,2.02873166124791,-1.95593967970141,-0.47652753020081,-0.17160786526094002,0.8668252104258041,0,0,0.607843137254902,F,0.607784431137725,41,41,131,334,0,0.607843137254902
-0.6522043816060981,-1.91541051526028,0.627041281668775,-0.31441626014674795,-0.00457403771592885,-0.540010872824354,-0.20411974822457601,1.50311664774474,0.484706021233489,-0.8794489880822758,1.16161626901541,-0.39883261868177294,-1.64928849895639,0.28161484718464397,-0.544032913419904,-0.464223797309748,-0.0413391865640058,0.0593570652428076,-0.147345940258265,-0.572644639237475,0,0,0.607843137254902,F,0.6089552238805971,41,41,131,335,0,0.607843137254902
-0.940049713948729,-0.376174058703356,-1.8551443104834,-0.319346224874114,-1.05290740219144,-0.5800646055283221,0.39537371377137104,-1.4475816205822398,1.92871670619804,0.584842116742145,0.4533158336317629,-0.530265153761719,0.948955052048134,-1.43345300342034,1.13053338566827,-0.0221721283660753,0.6265358880150601,0.0839291088613922,0.8022088189550891,-0.257700917385053,1,1,0.6,F,0.6089552238805971,42,42,131,335,0,0.6
0.329638779477799,0.10843035751889199,1.4215310814406399,0.30515026169387,1.0971180783463101,-0.169548678314098,-1.08229494594267,-0.39085085841643796,-0.8765795226922901,-0.0561184255080434,1.6474778973807702,0.14561908583892,0.0820841091590781,-0.44217853875520297,1.15363404150639,0.28950461570805397,-0.11269220350940401,-0.95883214077283,-0.980594285892622,-1.6971516036119598,0,0,0.6,F,0.610119047619048,42,42,131,336,0,0.6
0.272482284359514,0.31803654531229497,0.385158249438885,-0.4509145183452679,-0.246543916623134,2.05618650407828,0.344835757911062,1.8626733476090198,-0.39298760470710703,-1.4384003141396697,0.697885832604901,-0.29517969004463895,-0.0604218004995699,-0.302672054603174,1.1767756606147601,-0.586191834022109,0.7689453716523621,-1.55301004479197,-0.19558119633892498,0.17974822414060498,0,1,0.6,F,0.608308605341246,42,42,132,337,0,0.6
-0.8279064467105558,1.33542560477347,-1.32399448121459,0.200528581882996,0.908032140580376,-0.445193481383517,-0.117571880043852,0.735432353399091,-0.0733458731405367,-1.9346968288282498,-1.33634752757125,1.2718670938128402,1.1485025841725,-0.26441117600430497,1.20005563072926,0.460812018235301,-1.5522287610319299,-0.0397801863251033,-1.29612943357617,-1.1299127204035,0,1,0.6,F,0.606508875739645,42,42,133,338,0,0.6
0.8165855620575029,-1.28176783974073,-0.475704398109636,-0.9512240096858969,-0.5670729738868331,0.5377979478966359,-0.18315442135357,0.19501182042207602,0.511289286831037,0.45863750073557397,-0.359719693887512,1.70871250737445,0.621387981370551,-0.33700718912940003,1.22267719483071,1.22892134941985,-0.451169943246538,0.753931434137478,-1.1200498363555602,-0.49020290070415207,0,1,0.6,F,0.6047197640117989,42,42,134,339,0,0.6
1.43843564910862,1.04160146616472,-0.15370326833563,-1.33038048816713,1.6727570620573202,-0.24622188328294198,-1.04363423916851,-1.3981938750303302,0.260163522734357,0.155570336008279,0.613828283271373,1.8516879240803001,-0.748252374774208,-0.470401872238231,1.107769660446,0.0139938687365509,-1.7655740769748203,-0.387315677502964,0.329140090762794,0.0716743340908647,0,1,0.6,F,0.602941176470588,42,42,135,340,0,0.6
0.206002929324608,-0.970028732460934,1.44031306507695,-1.68102514281385,-0.8942097583532429,-0.39896111930572703,-0.15893226950234196,-1.6189930985670302,-0.129611847261812,-0.45984028362254403,-1.6748993936607701,-0.206436147745678,-0.538790324691248,0.248736971975882,2.0213642128767697,0.18811372545706198,-1.4962001652197399,0.34690438836310605,0.7306041868063359,0.23040859111414203,1,1,0.545454545454545,F,0.602941176470588,43,43,135,340,0,0.545454545454545
-0.460545143194402,-0.0230174925817984,-0.5370152645607029,1.47651453408245,-1.1207908743593702,0.17159442202987898,-1.15543706942201,-0.946829347884533,-1.6480451625886101,0.39448150658630105,-1.62127850466259,1.3701087057162198,0.0124374363983713,-0.00544575801496674,1.95301261938762,1.05488198898235,0.8306659755187321,-0.43521545833187103,0.0215933379739527,1.5230112154950801,0,1,0.545454545454545,F,0.601173020527859,43,43,136,341,0,0.545454545454545
0.252363878703652,-0.501570343749574,0.6771420688459,0.9173606207112621,1.42685876671157,0.6420670779948691,-0.444745737600008,-0.6782717070294491,0.705892219241691,-1.2363947601571101,-1.73442615056624,-1.94488843927629,-1.0453082941231702,-1.3746398958854198,1.2913751352553797,0.7017205454896259,-1.4019125788353899,-1.4849055445411203,1.1955489592630701,-0.7792411509817159,0,1,0.545454545454545,F,0.599415204678363,43,43,137,342,0,0.545454545454545
-0.5222086413581071,0.46154510566969204,-0.0351166702184268,0.173690699976793,-1.65293176279555,0.514552113681025,-2.2235320723634304,1.08686285040948,0.7600262378349051,-0.662704787198249,-1.47302021418403,-0.7706453247757199,0.0794948467998619,0.6162791328775811,1.77404817519808,-0.581254089675166,-0.5505664520531051,-0.328023496920704,-0.27091515680918304,0.9634744041501141,1,1,0.545454545454545,F,0.599415204678363,44,44,137,342,0,0.545454545454545
1.56898487610504,1.5530847966483998,-0.8137740213769059,-0.173856172103403,-0.685827566178989,0.727268854527657,-0.276994782858857,-1.9478500918004298,0.958857572597692,0.944818195542312,1.32661643034833,-0.43976607390833505,-0.649240525824727,-0.806045137497167,-3.47667854966121,0.31846223211542896,-0.533734992136646,0.0827179328632189,0.641733170934414,0.8834900925838491,1,1,0.5,F,0.599415204678363,45,45,137,342,0,0.5
0.15178479707150902,-1.1534985382616498,-2.1636015366465,1.8059387523451,0.12134773560157001,1.46832359764843,0.36708621449940504,0.585889080664225,0.8593178856721551,-0.47371817045169207,1.03015510530107,1.4287554726951297,-0.583494352832972,0.117147622300925,-1.75998211095501,-0.28592212470842,0.42983476437471896,1.1862639955668501,0.91558603567699,-0.6113285130821811,1,1,0.5,F,0.599415204678363,46,46,137,342,0,0.5
1.3212113886071999,-1.4557638912684199,0.287332496246199,1.44882625524239,-0.144240842802993,0.512248269560744,0.477060635763177,-1.236310472496,0.598641837164277,0.31500951452045195,-2.14910026751186,0.14248990047279597,1.32261051696671,-1.1873314308307301,-1.7556615538826599,0.00314939588204747,1.9009929986648704,-1.58620423577342,-1.2752829749902301,-0.24078302928999104,0,1,0.5,F,0.597667638483965,46,46,138,343,0,0.5
0.42738448682290203,1.48354453831514,0.7285077016517719,0.531292048334084,0.0965823055688959,-1.7646586512092,1.56814729877698,0.7740445030074091,-0.48304055893971004,0.50946108780326,-0.88969818266513,0.268982626972345,1.5831273262247199,-1.12521010250396,1.3616062898210202,-0.0476325427690043,-1.0440307895351502,0.491683840158297,-1.4489978852077299,0.593771797242796,1,1,0.5,F,0.597667638483965,47,47,138,343,0,0.5
1.1982303671638999,0.0464161926213087,1.41471526110476,-0.5747922487413709,0.45886646955858296,-0.534557377608113,-0.597571230291558,-0.7836216990390459,-0.540228405538567,-1.78024748176001,0.757424826763884,-0.140122768849404,0.730454288476164,1.04027876610466,-1.78837269060851,-0.5999593639035931,-2.8450550474910097,1.23679940434068,1.0044454886093899,1.50896831220653,1,1,0.5,F,0.597667638483965,48,48,138,343,0,0.5
0.32617414886094104,-0.6026666486893311,0.59183462095768,-1.13528871082406,1.0306071706308,-1.52309385499926,-1.7466376864853501,-0.24497653513174203,2.10477342416142,-1.1082459934533,0.153704723947875,-0.008536772421930999,0.6132723713952459,2.0475013937424498,-1.5421280318261001,-0.5513624428476679,0.43678793994842896,1.5526177247400599,0.378871224498301,-0.9750980090850541,1,1,0.5,F,0.597667638483965,49,49,138,343,0,0.5
-1.01869766865786,-0.860268218433453,-0.34268133358498,0.8583385530990991,-0.0797660717162341,-0.7848112622814151,-1.80366647463729,-0.4932172310937829,-0.05766285285295901,0.125633975261549,0.250453102335056,0.16263106145214098,0.650222040066118,-0.636960514726557,-3.37354763655498,-0.418885273539917,-0.119923044644234,-1.12777494311685,-0.13836507488986902,0.23329347338816003,1,1,0.5,F,0.597667638483965,50,50,138,343,0,0.5
1.54976749934551,1.6570303095102,-0.87470457351914,-0.952302735409957,0.44675303889096996,0.568780267501972,-1.04551366435648,1.00860084773685,-1.8768811525364097,-1.1040483840053201,-0.11838286554887802,-0.671935222639454,1.14127919738384,0.729820952043817,1.32207995255354,-0.4341748730134679,1.19937937175769,0.16758766411100598,-0.6995447629690279,-1.32847008214115,1,1,0.5,F,0.597667638483965,51,51,138,343,0,0.5
-1.15940813664244,-0.149795886737611,1.76022583037817,1.13947691941538,1.21221127793355,2.0989734868237098,-0.0800604125854861,-1.2679965029711397,1.86771065315853,-0.052462535841289,-0.5264975927629871,-0.15507340895328303,-0.6021368326026479,-0.455992533645238,-2.41976413153424,-0.30506276648638897,0.109397207753287,-0.35369890894661205,-0.6884204590197951,-0.37887977272942297,1,1,0.5,F,0.597667638483965,52,52,138,343,0,0.5
-0.498791855476419,2.11596630224328,0.8805592816860061,-0.0398582161375862,0.22443320157162397,1.64073549036736,0.970913166319228,-0.790412389144626,1.42311887701285,-0.8766919949491079,2.63535880430802,1.5433215190070702,0.13858288679593697,-0.649988612194679,-1.7500290774638,-0.723324104871527,0.42968805885717,1.83651621503302,1.5851506517697298,-1.33997939790259,0,1,0.5,F,0.595930232558139,52,52,139,344,0,0.5
0.8566735686898671,0.0447583318604255,0.9307651563818629,0.838233464544172,-0.747056290424639,0.5839870602078621,-0.3875948478612561,-0.836543276915856,-0.797251793711058,0.318398932774761,2.24356034908898,0.12400131859465899,0.9821855916725041,0.145743314631263,-2.33425642052396,-0.5860372918622879,0.806620034599578,0.43562941336072897,0.9141848010082221,0.9905605448804531,0,0,0.5,F,0.597101449275362,52,52,139,345,0,0.5
0.41841832231262105,0.6875247117720761,0.717729674538872,1.02486956089591,-0.36257941502637697,1.25254770483578,0.4375784769805971,0.0731254022373704,0.0523673034289621,0.9186278741040741,-0.504106836835396,-1.36787265134964,0.302384398605427,-0.7608331101833979,-1.9953690468121397,-0.0623946174504056,-0.80243366928101,0.39146664142899396,-0.144996407466003,-0.007849906232720921,1,1,0.5,F,0.597101449275362,53,53,139,345,0,0.5
1.4639028658609,0.815901546642041,0.842139615063693,0.5751278268450761,2.8178111891119997,-0.29080665720062104,-0.16221748966263902,0.969483024468698,0.34538008614386795,0.11020590002475301,-1.1030240467961798,-0.00307882506086589,-0.0975654865209684,-2.46485018899023,1.36848923190174,0.0223679099244881,-0.178879018103713,1.19407791628142,1.07223108162381,-0.446849557017199,0,1,0.5,F,0.595375722543353,53,53,140,346,0,0.5
0.5636242485975649,-0.203604381781108,1.8500974865249602,1.0211701336938501,-1.8286021074288796,0.543125379572286,0.291839591269646,0.43383886706363894,0.751411945563764,-1.26466870202795,0.0237105364093835,-1.06349793994007,0.5348449198248829,-0.6707054514472629,-1.68655526226444,-0.0432747657166897,-1.00182681522559,-0.7626432969947571,-0.199719585927803,1.19580640119292,1,1,0.5,F,0.595375722543353,54,54,140,346,0,0.5
0.0401924133097647,0.527521449139884,1.56646398667069,-0.0962023315919804,-0.48822993677261894,1.7336333531923798,0.239379358023004,1.46508879803945,1.49060909814605,0.7988013664298008,-1.0701981940910201,-0.5333783129258161,1.6189584892299802,0.479680208372666,-1.8607202987163898,-1.25038434060715,-0.715555039979314,0.10283151607166499,0.894792555582502,-0.44600014118065795,1,1,0.5,F,0.595375722543353,55,55,140,346,0,0.5
-0.288132629133734,-0.265611041650933,-0.871389509599998,-0.39907914394718996,0.0123992090297493,-0.413044721175179,0.7525288661875892,-1.28403171648907,0.517207603291031,0.27510334410655796,-1.12392468994921,-1.12624034866179,0.655160184286419,-0.739776309245788,1.34242858316041,-0.674015923038336,-0.741782695024759,-0.022165494409266004,-0.19177131487121202,-0.6372434920337,0,1,0.5,F,0.593659942363112,55,55,141,347,0,0.5
1.11651047167465,-0.0697715897809578,0.850972066573852,-0.0561566455042354,0.0219924786797086,-2.16006721908093,-0.416062331207154,0.27599080803041304,-0.9401315200142499,-0.5876915268895451,-1.18165852207473,0.0142437936248643,2.00152586520429,0.239665395356439,-1.5817378179771298,0.420549394964034,0.34922721856386496,-0.195799049435148,0.16826856956633401,-0.5165572864509489,1,1,0.5,F,0.593659942363112,56,56,141,347,0,0.5
-2.30749567369492,0.194399420537959,1.5530537108317801,-0.0461220986512846,-0.296555449431799,-0.8735692264494449,1.8726768679565702,0.995932709535048,-1.0785255953427901,-1.9257610099032598,-0.280256154975088,-0.8840575292265941,0.7866562901265821,0.737754601260081,-1.5680396999584498,-0.752054015784586,-0.568209631575347,0.8199664523785891,1.0319262587181,0.8473874866928559,1,1,0.5,F,0.593659942363112,57,57,141,347,0,0.5
-0.9837480270564941,0.377110815696387,-0.573715874266271,0.22346617943858602,1.1893926571206899,-1.08935443262915,0.8064624946740558,1.3295814212138501,0.25124882429176504,2.51162980425162,0.54865760254426,-1.00470323783662,0.755902078078357,-1.92087840255855,-3.80385307228764,0.247543856149875,-0.265853517163602,-1.4258160938013,-0.6615975478318299,-0.836938619320557,1,1,0.5,F,0.593659942363112,58,58,141,347,0,0.5
-0.3980025581818739,0.0872102175559332,1.21504348386433,0.911905712997304,0.523150880890206,1.87124945570021,0.293602890435355,-0.25860250230530607,0.704645753284308,-1.09640450688425,-0.432801787897368,-0.7803536620869259,-1.01765387427013,0.370912199748674,-2.09583873614583,0.496511823699807,-1.00534960265085,1.27281708644678,-1.6095775426141399,0.0984743310455743,1,1,0.5,F,0.593659942363112,59,59,141,347,0,0.5
-0.972234003967027,-0.437427780763318,0.270491844986735,-0.7701937533371501,1.4776743762804698,0.0154492413257988,-1.3772547185974802,-0.74496781027808,0.250711557164446,0.719602654424943,-0.641679202938782,-0.37583878281343197,1.74748284246297,0.605720780724624,1.4024556324785102,1.3817452117667801,-2.00453536793684,-0.239125666800557,1.16766703045043,-0.263621736387425,0,0,0.5,F,0.594827586206897,59,59,141,348,0,0.5
-0.7063344280094279,1.07932046601176,0.328576619004596,-0.38099512917109296,-0.9406884649216619,-0.8422375273008751,-1.08342333200813,-0.494167749607041,-0.332902805022106,0.21427152034458202,-0.13141721015917202,-0.12748894602087102,1.24439749684632,1.77532176125689,-2.5752918102011897,0.0936686840090159,0.403545136421022,0.6555912183892759,-0.38177758403731205,1.0933352915802,1,1,0.5,F,0.594827586206897,60,60,141,348,0,0.5
-0.946081513720017,0.28100483538495297,0.601079022898202,-0.202402119799341,-0.981148563586833,-0.491383937438358,0.770012941274533,0.130989185276041,0.7383196296997191,-3.15419561847781,-0.6211738281316079,-1.8507161723507801,-0.89191862910761,1.05520762679156,-1.66508693403966,-0.889628802733154,-0.43955448750991705,-1.58194551497732,0.267712487848684,0.329916888405993,1,1,0.5,F,0.594827586206897,61,61,141,348,0,0.5
1.93867308465388,2.80317975532489,-0.159646074176577,1.6120838753059399,1.0609922690506801,-1.6867480021592098,-1.5293746671400703,-0.66347209286665,1.06523679229633,0.213045371030062,-0.11330680537167698,0.463057949219298,-0.44038010300935,1.4751044911950502,-1.77890678319675,0.5857174829325289,-0.485241566828312,0.523897791459046,-0.67397467589201,-1.42803417217208,1,1,0.5,F,0.594827586206897,62,62,141,348,0,0.5
1.5768653538525101,0.9842203008388679,-0.6799016397607329,-0.808153320307137,-1.4110695169390202,-0.0747864169148969,0.43096924576422707,0.11482391331895699,-0.36080573594813303,0.666064807668625,1.30494943346081,0.29922021223447604,-0.306392349169729,-1.40680989308244,-1.7835095791925701,0.48083126410987803,0.517585447324066,1.17247475159117,-0.00804601315514176,1.06393545047982,1,1,0.5,F,0.594827586206897,63,63,141,348,0,0.5
-0.3974217444101071,-0.44630345774645996,0.0696668122355107,0.257143080903172,0.856146086389976,-0.300015145629343,1.70315782498117,1.17250620819218,-1.31799343122221,0.6858395854118499,0.42215899301925397,-0.449580948537798,0.958012813013367,1.2124440072581,-1.6689032896803102,0.4088149468729821,-0.554675921863178,-0.287371337917384,0.6524385994450971,-0.147045410152211,1,1,0.5,F,0.594827586206897,64,64,141,348,0,0.5
0.537709571855572,-1.03023812061775,-0.318780269318916,-0.0377018921128965,0.614596654805243,0.131865182797809,-0.32955652134964897,-1.95278757339273,0.720328414924601,0.246640866904219,0.247214451997437,0.0386919103613681,0.0377734780039335,-0.19137313820933,1.2630033630697801,0.296611603496803,-0.630164384482083,-0.599198276998677,-1.04150239363548,0.196103260957096,1,1,0.5,F,0.594827586206897,65,65,141,348,0,0.5
1.86724523924701,-0.18325282580808602,0.0567447742664791,-2.40700046996345,-1.02949197378037,2.00056777278184,0.4619518294372071,-0.264857668873333,-0.968510193269734,-0.591179615379061,-0.9018918090652042,0.009275361308244159,-0.28913654897701,0.343512219804681,-1.71871292372791,-0.546071656273708,2.15083810649492,-1.30444745088903,-0.41209704900440297,0.34056477894888104,1,1,0.5,F,0.594827586206897,66,66,141,348,0,0.5
0.489770552453762,1.78246915163736,-0.173207105543091,-0.172807489014811,-1.5766093581791498,-0.23945712429505103,1.85955123699042,0.14924814456473498,-0.0134873573706733,-0.43113068805328497,0.179964220893373,1.1360091533211298,1.53284428492798,-0.30345048776591604,-1.64711539284311,-0.761504054081081,1.3900800005685099,-0.11285893226293302,0.974376752212069,0.875018097609355,1,1,0.5,F,0.594827586206897,67,67,141,348,0,0.5
0.6442601132510911,0.0883590973837099,0.7317825917722399,-0.7790760650114,-0.0661890201596982,1.14485274948489,1.4213131790021398,-1.16994472591874,0.6488242703235911,0.872404474359354,0.524258515668566,1.52489745081375,-0.173122559348989,1.8796031977510699,1.3783888447165302,0.556327211290316,-0.44891448583466,-0.138225102097285,1.89603758004423,1.14740365959601,1,1,0.5,F,0.594827586206897,68,68,141,348,0,0.5
0.38990657940150897,0.9832113146839,-0.33856981871034997,-0.326607121321432,-0.310402665663165,1.15560262983666,-1.22922163483848,-0.8808660027639058,-0.22904522133294197,0.8345898644681129,0.211018248844028,-0.19091702853559803,-1.6716929110295702,0.6082910379347349,-2.08923093262812,-0.26914133399108997,-0.734618074557928,0.30486841343325394,0.7539977384021479,-0.6678298340108879,1,1,0.5,F,0.594827586206897,69,69,141,348,0,0.5
-0.364400443987766,0.704959875805899,-0.5902565945568261,-0.8589462119426751,-2.4633560486304904,-0.28600735837395297,1.1916953898453502,-0.19001480882193,-0.9267449311747809,0.0444580436842142,0.49303546455835706,0.7411235878624359,1.4753349672842602,-1.3886435268813602,-2.01760383518751,-0.6874085762585871,0.22903980127345397,0.5384218200695279,1.23916315000506,-2.8208689574787904,1,1,0.5,F,0.594827586206897,70,70,141,348,0,0.5
-0.294202337565253,1.26510819185055,0.348084976254813,-0.7806943591139541,-0.33269962670893294,0.27115489046139696,0.506183644931844,0.569671730090907,0.738611619979496,1.27023893959582,-0.37428502236155,0.200613035961763,-0.78194594446676,0.9820356613214101,-1.8574735846708301,0.6912352262368772,-0.21931445070922098,1.71132104957904,-0.8500220639293821,-0.35148959178939193,1,1,0.5,F,0.594827586206897,71,71,141,348,0,0.5
-0.0449708927890679,0.26073590095903104,-0.193328988286644,0.97380026505029,0.5485805133863161,0.0263899464802009,0.284336280677795,0.7174937405630609,-0.22555041884250301,1.13979987376376,0.981541406856099,0.12039765684828199,-1.27496602331313,1.96100453585125,-1.79239035231383,-0.830056205946037,-0.98869777404289,-0.34202603108246105,1.00258556217287,-1.76976449769403,1,1,0.5,F,0.594827586206897,72,72,141,348,0,0.5
-0.279406671093579,-0.6952240619545689,1.21919766640793,-0.0782489003166828,0.32953198547559104,0.8245651419747031,0.016691761312436,-0.508832015247531,-1.4332673867544699,0.917415303052555,0.41373516559598106,-0.5170112946246961,0.8648275314398491,-2.06739741748504,1.38586247638984,-0.504323854146681,-0.682248076174804,-1.5377944849265701,0.204285366573192,-0.28401114815325895,1,1,0.5,F,0.594827586206897,73,73,141,348,0,0.5
0.507491938862847,-1.16408665791903,-0.11716622560055198,0.0735435693693047,1.05673725826725,-0.707167181194595,0.8988723324344922,0.116322770979813,-0.519855759293482,1.2345322633067601,-2.5093807197616202,-0.329953961569574,0.58667844077363,-0.739072532014585,-1.6518564960846103,0.520860168557058,-0.5398610149593039,0.37508598174114005,0.0326321331357395,0.469476445102197,0,0,0.5,F,0.595988538681948,73,73,141,349,0,0.5
0.312831593073834,0.44734774755575896,0.6728985752050589,-0.37286371700140797,-2.12426112293234,0.563621490222199,0.713880626195581,-0.18336615597632502,-0.868158051870162,-0.8648777085517859,-1.34356018989452,-0.20382284758265498,-0.491184931366008,0.0469080296823098,-1.12506614479459,-0.516423533048736,0.572265473668891,-0.00262038315060902,1.3002183021700702,-0.36934953629774,0,1,0.46153846153846206,F,0.594285714285714,73,73,142,350,0,0.46153846153846206
-1.5430127517580199,0.21421604633614302,0.5201027004841311,-0.606316822680356,1.2630445600309999,1.15704899873224,0.449579193941974,-0.418439023840633,-0.9888225303003628,-0.0606707142256771,-0.510212324707344,-1.1727398569955,1.5833244086935498,0.22960343742837197,-1.4944362947848502,-0.526888700243768,-1.6824039754908502,0.0859395938604976,1.74415197063237,0.768063265996369,1,1,0.46153846153846206,F,0.594285714285714,74,74,142,350,0,0.46153846153846206
-1.3550529576676003,0.9598462327505429,0.104227678177316,0.12613464895471302,1.6397686177256798,1.4080425980128601,0.0318806809890754,-1.25481438327266,0.689140395270511,-1.21717770087771,-1.1076715897379,-0.545082537546959,-1.1260075398100602,0.5579118952677591,-1.45906660825679,0.00564782540431359,-1.60661492492111,0.605092533923864,-0.795966656000928,-0.511455941264716,1,1,0.46153846153846206,F,0.594285714285714,75,75,142,350,0,0.46153846153846206
0.0191428517297898,-0.305729053525938,-1.4273858548822,-0.0926222005106502,0.375642006663355,-0.579509531441219,-0.335122356037981,0.17481993488054096,0.11266542293545802,-1.3711451030885902,-1.02801286034739,-0.93333873139834,0.1373064077809,-0.8735575576136991,-1.5172757856666899,-0.8533246420630201,1.85629955599834,-1.27084387387807,0.30490853878257895,0.153528309120728,0,1,0.46153846153846206,F,0.592592592592593,75,75,143,351,0,0.46153846153846206
-0.7740171381070771,-0.5311797457484171,-0.146965502559431,-0.6839524786150161,0.149189857908057,0.35978905480424,-1.94734594273738,-1.3287881950858,0.0135654658401868,-0.8012005953246809,0.684499542983821,-0.23101465888376002,-0.32963740858488,-0.83066124027374,-1.12223932198802,1.25648558893461,1.3732138873700002,0.0415716578116821,2.28812927432199,1.2648508768788602,0,1,0.4,F,0.590909090909091,75,75,144,352,0,0.4
1.74156999025695,0.8762500686068458,-0.0028585731195204,-0.7050903830041529,0.0797530146124343,1.01185855963578,0.6588298091272441,-0.252781288918966,-2.0309103334107803,-0.33691692350732294,-1.0269665839730502,-0.809980988640906,-1.08287238396321,0.973918475497728,-1.29853150316152,0.755610645351122,-0.742134708284734,0.10597981684773701,-0.521968806132878,0.8363205748350759,0,1,0.4,F,0.589235127478754,75,75,145,353,0,0.4
-0.47193953490363105,1.91666552043897,-0.518935106975545,0.34910539558639897,1.68436047551568,0.35396965615774395,0.544257261021899,-0.42867006580574496,-0.48664753112143205,-0.71581224824543,-0.3592513172071621,-1.06581669350182,-1.00304333089914,-0.818148890709112,-1.37210757160611,1.95211617848033,-1.95870069246582,-0.51781253307297,-0.8290518601246261,0.33404043120441695,0,0,0.4,F,0.590395480225989,75,75,145,354,0,0.4
1.68316006566567,-1.68065803357558,0.8117239621989921,-0.32470563251352097,-0.49493208481290296,0.8916820378853341,2.72678817758852,0.615039969664672,1.4788937659337402,-0.291381686121808,-1.4091404812655601,0.27365593977149805,-0.534027546561329,1.96437934448022,-1.26183667569704,0.783485224617848,0.0035971740528081,0.740807615934508,-1.66362029240783,1.18991600200256,0,1,0.4,F,0.588732394366197,75,75,146,355,0,0.4
-0.16151583518218202,-0.182926655565323,-0.904604938786675,-1.1726455249796297,-0.9178970777490629,-0.9373253278174091,0.13590367564165498,0.21044737708189604,1.29871640352704,-0.11996770982313801,1.5056808119872498,-0.605984882520826,-0.7498888922108309,0.12252482944340701,-1.4063635665893701,-0.395249184769298,0.8107302539532509,0.5276786636184649,0.0922559118785568,0.6893951022931071,0,0,0.38095238095238104,F,0.589887640449438,75,75,146,356,0,0.38095238095238104
-0.5164940920793131,-0.0520105432322225,1.53486566889926,-0.157184840574685,0.147243496820412,-0.40380159502032204,-0.44309342819464503,1.47561177309809,2.53046797707441,1.66098135494208,2.26513323371969,-0.5856958830594929,1.01052091529226,1.3167484379235102,-1.13778459672508,0.58343526187054,0.669234246963126,3.08608042628296,-0.9563612556378379,-1.404096113281,0,1,0.38095238095238104,F,0.588235294117647,75,75,147,357,0,0.38095238095238104
-0.6718889141414711,-0.22668392710142496,1.2068751060716598,-1.3184029748883,1.01634548382821,-0.485087109034083,1.18383548633527,-0.29627408510241604,-0.590194344912193,-0.157153650222936,1.03879698983082,-1.0691740770459799,1.59412243175022,-0.12405508057657902,-1.1308198468096102,-0.401447017323781,1.25427346723177,-0.0109871894097922,0.49527274058939397,1.02719498710302,0,0,0.38095238095238104,F,0.589385474860335,75,75,147,358,0,0.38095238095238104
0.782747306106313,-1.06141609058453,-0.713805565581104,-0.728297020314185,-0.42238148270575604,-0.7297515600571128,-1.10784964676617,-0.0159813254870577,1.9980880308480098,-0.482114811972289,1.25120758342797,-1.1647905057303798,0.486464436146664,-1.5516578139213502,-1.2404884871901,0.20731399410643897,-0.22394529695842103,0.606712654794709,0.7727288561895992,-0.42930358791704104,0,1,0.38095238095238104,F,0.5877437325905289,75,75,148,359,0,0.38095238095238104
0.38124060419850203,0.5969577130482661,-0.667675521883041,-0.0578752481257229,-0.23929772576213798,-0.140035675064992,0.0965869187299071,0.15377200770882501,1.24049923913292,-1.6188551187618998,2.1880106255408998,-0.29207167778465504,-0.24398577577842198,0.8209574977437819,-1.32965577148193,-0.31742388076634,0.17089731046458698,-1.83301726507043,0.342758815802323,0.10892330608502199,0,0,0.38095238095238104,F,0.588888888888889,75,75,148,360,0,0.38095238095238104
1.53962704266671,-0.886063407211802,0.9197974481017099,1.1129866541307198,2.32649218937952,-1.34949961827718,-0.17494898834892703,-1.25674118206137,1.34044870694172,-0.36967703084742404,0.8399168768982191,0.8687253128221,-1.3513229517633,0.49478840148262104,-1.37598935165625,-0.0139363815512662,-0.261273249739719,0.0110448127294793,-1.3687563230608601,-1.09526459962908,1,1,0.38095238095238104,F,0.588888888888889,76,76,148,360,0,0.38095238095238104
0.475438263218233,0.303940659842318,-0.666416899785087,1.3120236954773201,-0.265846090529868,-0.27967468373766197,1.4100154047342601,1.1750069928782299,-0.443643057166491,-1.13015811684658,0.36073880693959004,-0.88979266646495,0.14525809531433598,-1.36312138912924,-1.80088318559427,-1.8467170649048799,-0.6557344254924979,0.28255855584934597,-0.321011454578735,1.40298767366123,1,1,0.36363636363636404,F,0.588888888888889,77,77,148,360,0,0.36363636363636404
0.00826299614825912,1.78215557813892,0.7371772720244419,0.88817721160086,-0.49042637752296203,1.5200872753187902,2.2017152300693397,-0.13419524197934402,-1.4985586717088797,0.605917850549917,-0.6082817610951371,-0.291664457847541,-0.0607835404066948,-0.6824654378641601,-2.5973263936211004,1.05040625303351,0.890368487121967,1.31192302001302,-0.221130281228732,2.444236422086,1,1,0.33333333333333304,F,0.588888888888889,78,78,148,360,0,0.33333333333333304
-2.02576541317026,0.6007332837040871,-0.732875274149577,-0.180013707888667,0.0855855133962499,-0.16607990729075597,0.602910456088636,0.9515922597934058,0.144623848901471,-1.8308326052436,-0.50958361619519,0.156726674910698,0.69269189691586,-0.684745850982818,-1.62728456602999,1.16746738119523,0.79873432373769,-1.67207111506795,-0.258588823218534,-0.124630060668589,1,1,0.33333333333333304,F,0.588888888888889,79,79,148,360,0,0.33333333333333304
-1.64275391833646,1.42266730533364,-1.4632608794568402,-0.32783198086202003,0.514946933653088,1.17837404570818,0.329511334202188,-1.66204663363345,0.895118077931961,-1.70358912602453,0.164241990726999,-1.13323037718349,0.5612929987610079,1.06886138506523,-1.9974688616983403,0.793996175920632,0.17901487251934398,-1.56816699286711,2.33038883502396,-2.4786843106472203,1,1,0.33333333333333304,F,0.588888888888889,80,80,148,360,0,0.33333333333333304
-1.29774394873695,0.121744915992342,0.74164361841941,0.134387950428471,0.0870635417257137,1.6031524741057699,-0.171525136188388,1.37558731240369,-0.534189787348141,-1.35927128367979,-0.263840219915191,0.132495015914173,-2.4401695178724903,0.10621530265141801,-1.64335032607061,1.35531613740145,2.34241264073127,0.683976605342893,-3.43752926664105,0.15555759868057,1,1,0.33333333333333304,F,0.588888888888889,81,81,148,360,0,0.33333333333333304
1.57543085150892,0.8720980689549319,0.176332491324725,0.60721935782877,0.617663820914266,0.484856595980706,-0.951952918506898,0.371683655793294,-1.03284076552874,0.0516869276122833,-1.7213350756560502,-0.644341289253932,0.8692599840808491,0.531836118598668,-2.40245499118423,1.7865378492284598,-1.3337200340068,-1.19032586812956,-0.674280361330746,0.913453636370561,1,1,0.33333333333333304,F,0.588888888888889,82,82,148,360,0,0.33333333333333304
-0.8521465257501981,0.0879712734736314,0.276383721426174,-0.0483321227278894,0.649871393299937,-0.8924900500799351,0.17632033579401898,1.0558315576369899,0.377106013807558,0.9376460953423579,-0.520779841737267,-0.347724858985888,-0.19999637572070397,0.0947961651984129,-2.07666775816566,1.5890429354039999,-0.582267541459458,0.345759708255912,2.05275064397406,0.7147512225757141,1,1,0.33333333333333304,F,0.588888888888889,83,83,148,360,0,0.33333333333333304
-0.11205203085083099,-0.12813575536069802,1.80383981942229,-0.9156787554596841,0.168647120334053,-0.657639425505422,0.729056554846513,0.100468247951621,1.4278722306547702,-1.04374223891222,-1.52182407671924,0.834956780324629,-2.50976358473156,-0.7249523554779209,-1.7740274552009498,2.04361051727554,-0.588399851187417,-1.17076704561293,-1.1857272586291299,-0.5030538730779139,0,1,0.33333333333333304,F,0.5872576177285319,83,83,149,361,0,0.33333333333333304
0.6172883592238879,0.642177547743225,1.45118641740411,0.36644276899298295,0.9886975517929371,1.33318609853408,1.09682621442867,1.09545592514448,-0.257838215293262,-1.88715421710473,-0.16872780560879302,-1.66709655236895,-1.54081798488248,1.15983190052451,1.20406434718285,0.322452944422319,-1.926114528107,0.38706597071625704,0.70321312319472,-1.18470300769836,1,1,0.3125,F,0.5872576177285319,84,84,149,361,0,0.3125
0.0918583352420003,-0.44856698229273206,-0.946150108360832,-1.17367740743172,0.613910053806062,1.5824110468930601,-2.29171793681061,-1.223721434637,-1.6521787647180601,-1.39009281368767,0.5992875819896301,-1.9506109809848502,0.855132637312708,0.9924684039267309,1.10388770828526,0.516426178536862,0.706188224272127,-0.743464371282685,0.60836203712594,0.413203177630631,0,1,0.3125,F,0.5856353591160219,84,84,150,362,0,0.3125
-1.38807273946127,-0.8505764428206151,0.488566160444729,-1.41393293888189,-1.39408720438925,-0.29580000854143607,0.719253644905542,0.110186927046804,0.194310638135196,-0.6285380589708629,0.445706312050127,-1.75825292104367,-0.771370447852801,-1.3316404790146998,1.11897067390975,-3.10499325955706,-0.24592769727672603,-0.548914722030679,0.11060839199730599,-1.2347558382042099,0,0,0.3125,F,0.586776859504132,84,84,150,363,0,0.3125
0.95875211347037,-0.974341585208774,-0.23057328967866297,-1.7204907017684798,0.525605926267415,-0.19645558834955,-0.6630915474761221,2.24350709136648,-1.6271134924908,0.0541799607680102,0.816227587952046,-0.8116731167785591,2.16928662051633,0.7944497927853741,1.07827742183501,-0.649924483737432,0.49224468840499697,0.496002835586439,0.7447969510816892,-0.316435610975642,0,1,0.3125,F,0.585164835164835,84,84,151,364,0,0.3125
-0.322713999482171,0.40251410530561893,-1.7127143415830401,1.32913269677882,0.735156814693133,-0.7851699672409721,1.43592938020182,-0.572327419047239,1.9641789601895,2.88860473580436,-1.8437735679992,-0.693018130508074,1.40383855133539,-0.989967528884441,1.1359234950876298,0.12419228244842802,-1.60498456897055,1.8064036304438302,-0.315020117036502,-1.3768070511337098,0,1,0.3125,F,0.5835616438356159,84,84,152,365,0,0.3125
-1.5706038094073302,-0.308964879915917,0.6722671446812969,-0.39922192585376204,-0.8539773805044709,-0.175253139264891,-0.445102197677145,-1.4031418796158301,0.0301041788639489,-0.29335293717582894,-0.919845345271889,0.867341648998797,-0.228304913771875,0.49394448357413,1.0952314202322602,0.40538313619734007,3.0728156499632,-0.06589918716625799,-0.8777958577987289,-0.8277082377418921,0,1,0.25,F,0.5819672131147541,84,84,153,366,0,0.25
0.366928130925845,-0.18480051829482197,-0.788667626356152,-0.9439224577196759,0.8961960158495981,-1.9548575986659598,-1.5890857128560099,0.6293125316431539,-0.47852068844543605,0.6445326096687621,0.861082070841631,0.434240717439639,1.24062932158178,0.0434812132824337,1.18298092585821,-1.0251752028318102,1.08231082884027,-0.8315085860949559,-1.39333982214591,-1.06350347903778,0,1,0.25,F,0.580381471389646,84,84,154,367,0,0.25
1.27880605199473,0.669896874715692,-2.18718492508056,1.0931621388219799,-0.0460616080153983,2.22485771468661,-0.6971457170214052,-0.852460110847496,0.53270974615947,0.444907578861354,0.24319784889440899,0.1663618313512,-0.45684089389026,2.46744143690267,1.2492791208511398,0.6425773144229739,0.110779180468335,0.379665195477718,0.15303443758942098,1.3911804010021398,1,1,0.25,F,0.580381471389646,85,85,154,367,0,0.25
1.41132419576868,1.26757385585105,1.7588162028657999,-1.30611521399086,-0.515493380662879,-0.0478560033418638,0.16710081824096698,-1.8332584523253,-1.1535966054806799,0.26150488484970497,-0.5340939938976721,-0.3978517795177029,-0.359070880172137,-1.1296077877218502,1.2580397795328402,-0.441986126763765,0.20434017755755202,0.7354055152790999,-0.6704678169743579,0.41475747355740994,1,1,0.25,F,0.580381471389646,86,86,154,367,0,0.25
0.996526155829522,0.241732416975187,0.24710847759164198,0.695174372398254,0.38285113868278603,-1.76851615579341,0.7791230201092191,-0.333221368526306,-1.00608771399647,-0.7351475873327992,0.247346799244861,-0.710976851709739,-0.31559246170184,2.10196269465592,1.29734893663215,2.4557570932477204,0.146487648405641,-1.08424647098193,0.0349110715444934,0.985695686629346,0,0,0.25,F,0.581521739130435,86,86,154,368,0,0.25
0.663202917336027,0.6042353326712601,-0.8806271715058429,0.807930677254062,-0.632160628207106,0.343291189819624,1.52442678992389,-0.5181485262215021,-0.444649754447731,0.798024415185402,-1.15124101616717,-0.12088072560064599,-0.11528010862842901,0.424123005870354,1.13999902657076,1.53023558600333,0.781607998020355,1.16403714817824,-1.7101754008252201,0.458863903438236,0,0,0.25,F,0.582655826558266,86,86,154,369,0,0.25
0.3793495391302729,0.8281018910856209,-1.06711352092423,-0.46807434689788396,1.1398297222151699,-0.0688716689871137,0.8843532467474009,0.64890130706752,-0.998479864059389,-0.447556274182256,1.09683099942405,-0.132792969925758,0.0589938226311576,1.56454030241141,1.21148898033657,-1.2028101534868898,-0.595018964816449,0.399654449455553,-0.12485107433571599,-0.7509427889201079,0,1,0.25,F,0.581081081081081,86,86,155,370,0,0.25
1.50452298226143,-0.258749490101918,-0.256880973937557,-1.10573568681463,-0.7401676423071321,1.5683536924535302,-1.57235894801253,0.6092206724705821,0.90174071604715,0.887042114266254,-1.07904488455874,-0.36620294783838897,-1.6667116628138199,1.1507945624316298,1.07865401916598,-3.1235834619746,0.37145401171836706,0.31807114334869396,0.235575016217908,0.0866136607502072,0,0,0.25,F,0.5822102425876011,86,86,155,371,0,0.25
-0.263696399442271,-0.264171528663627,-0.135410419321085,0.465087917803728,-0.420706241535315,-0.0719834288618874,-1.69022311602232,1.26760784866538,-1.00158884722191,0.668038039412183,-1.15215578802899,0.307085718511781,1.7918872801516201,0.99252157052358,1.15402341365903,0.36531524776445,-0.7574426130271441,1.04621051388581,0.15566605710939202,-0.48455567848578796,0,0,0.25,F,0.583333333333333,86,86,155,372,0,0.25
0.176562269229677,-1.25668296201245,1.35588120334425,1.32034564654792,0.0784067740156828,-1.04261793063952,-2.1020327394125102,0.035948591560708,0.34821399188070096,-0.747537074167856,-0.39281704933367,-0.442248174155671,-1.41235259091726,0.796227784555995,1.305180344338,-0.11572702120921001,1.4563216745943002,0.777669101542193,0.0515754822962351,-0.3885410445900229,1,1,0.25,F,0.583333333333333,87,87,155,372,0,0.25
1.21886401814521,1.90199995591145,0.74854748649244,-0.45615023983739295,-1.6567088315007201,-0.5796920670165511,-1.4166860365883798,-0.289537916351526,-1.43498978383223,0.338982929032716,0.666639977079672,1.18460178336602,-0.436314633815543,-1.04331659806658,1.283817699908,0.920584160984246,0.915870352311978,-0.681426644748018,0.39044498519668297,-0.868541671146985,0,1,0.25,F,0.581769436997319,87,87,156,373,0,0.25
-0.40302851182952004,-0.10825435465517501,0.898241996092384,-1.17726454558749,-0.794418553523987,-0.912366686564347,1.25605281628139,0.190186545000299,0.811738076775029,-0.163917065965364,0.469020691823868,-0.0334097442501181,-1.96607385443807,-2.05867768099652,1.33297156667353,-0.333532152677008,0.20456648436783603,0.440268799251442,1.37176439751334,0.039934790803776,1,1,0.25,F,0.581769436997319,88,88,156,373,0,0.25
0.0867852767236789,-0.46645314235455604,-0.726308367083973,-2.44365828565418,0.7825199618931791,0.34780573525359304,-0.551879573848288,-0.83226404493578,0.161453173449702,-1.51955222969001,0.646731361763481,-0.409422095740476,1.5643498202123702,0.744736404110239,1.09774597964965,0.12919300707483197,0.116544765982935,0.661714329757038,1.0506046202226,2.49960630016092,0,1,0.25,F,0.5802139037433149,88,88,157,374,0,0.25
0.817104711048771,1.53233482749836,-0.0151220684393284,0.324145992143968,-1.37051973922652,-1.7863613373071299,-0.39653047302881705,0.30936261627802597,-2.4775695053105,-1.6195639899433,-0.11305895655275999,-0.645450148344962,-1.1170531294656498,2.07079828876416,1.2806909482360802,0.6734925062116229,-0.000293726862308185,0.856897221528562,0.256738507680683,0.881142247586287,1,1,0.25,F,0.5802139037433149,89,89,157,374,0,0.25
0.65132506803589,0.8593884118847058,-0.206781781501677,0.18003735096738896,-1.24409283713652,2.5760689010843,0.8905258226036941,-0.37485987409415705,-0.114696724731498,1.1700947404405801,-1.77691003557506,0.403950042106748,0.4513883607377171,0.282450942938435,1.1194741695617099,0.956730156027722,0.0854822501062491,-1.07591570738656,1.4401137895466798,0.459555343391978,0,1,0.25,F,0.578666666666667,89,89,158,375,0,0.25
-0.658520065037733,0.416819789769204,0.516370013855161,-0.000602850382125996,-0.837374315524188,-1.9780347729916599,0.9474192507809241,-1.14827649474905,-0.437624706423747,1.1595142347336298,0.35817387121791,0.3406884352822489,-1.6606591289224801,-0.467015273209027,-0.409374039677948,0.36976455417376103,0.6102760195393829,0.0892811664634201,1.4057580456785,-1.12205622105553,0,1,0.248366013071895,F,0.577127659574468,89,89,159,376,0,0.248366013071895
-1.19777849649115,1.70309635147465,-0.471079475976048,0.600582228243886,-2.14946063175453,-1.25974431083493,-0.399209594080075,1.30665082404879,2.66866754584871,0.866265078522771,-0.24064418904758103,0.870973237692988,0.5630154358293039,0.0974996934884014,-0.517287892041959,-0.14412391767586902,-0.139883946906302,-0.7625099125671941,1.9857267058344399,-1.54221372319013,0,1,0.248366013071895,F,0.5755968169761271,89,89,160,377,0,0.248366013071895
1.38789332799331,2.0472774867735497,1.24738798246632,0.3577541730069171,0.8057144667226049,-0.7545819744481509,-1.4372476706116502,-0.347980815980729,-2.2853356292094302,-0.0121954623601402,-0.502129816057343,-0.46001601682737897,0.6699076880606301,-1.5675549483072702,0.0784194512705511,1.32262774714681,1.28814427182229,-0.505645435744764,1.3755699305185902,0.212117941072672,0,1,0.248366013071895,F,0.574074074074074,89,89,161,378,0,0.248366013071895
0.7044884387891509,0.964429493650885,1.4146539086423,0.455797887607461,-1.40006931653007,-1.4050826820569797,0.0806727656733756,0.581368889038795,0.713369587096261,1.2513649736902501,-1.2281896613693701,0.441996461572967,-0.141011340151893,0.7057270023203079,-1.08887375970757,0.47062118821843796,0.213914317270322,0.3725661701084871,1.18289614905622,0.7603080913385749,0,0,0.248366013071895,F,0.5751978891820579,89,89,161,379,0,0.248366013071895
-1.47949440734904,0.14078070880454902,1.44224285194302,0.17787313067967703,0.0386429616184894,0.686164756332621,0.303467636125616,0.403076269793784,-1.94264939531481,-0.335557376789065,1.7898947583136398,1.38899619396353,0.20093241740258302,-0.0309481286495879,-0.36702144070055204,-1.3191735127826498,0.933280870529958,-0.0131407354447619,1.94284078011423,0.33945450434661895,0,1,0.248366013071895,F,0.573684210526316,89,89,162,380,0,0.248366013071895
-0.536533630673578,1.0123124884855899,-0.33026797600557894,-2.28055962752796,-0.815307907890218,-0.6128708605113741,0.912607124715213,0.267170328396996,1.01795724371574,0.18488607578307503,-0.172963072941233,0.0125341413431415,1.11808372654848,-2.00344349653815,-0.6177579365014261,0.696050787158577,-0.163434796459228,1.1899619714443501,1.14248927731037,1.47648192973452,0,0,0.248366013071895,F,0.574803149606299,89,89,162,381,0,0.248366013071895
-1.6618861561415499,-0.752330006296904,-0.856253087018757,0.00851847036526958,-1.87011635952054,0.18252444529962,2.03442106662259,1.15611891219943,-1.68492277152603,1.3659152876168101,-0.37739149104868397,0.849463291811922,-0.420549762010907,1.95123707380759,-0.243228677927768,-0.22505156306086999,0.7097721757257159,-1.6486100474805099,1.93629938199424,0.246602314134502,0,0,0.248366013071895,F,0.5759162303664921,89,89,162,382,0,0.248366013071895
1.13204676170417,0.0950664058809275,-0.69877138817746,-0.145531696650132,1.04809768485906,2.2507896778577203,-0.375002237008923,-0.007412975398197659,-0.5022552649398789,0.147062105844565,-0.6458212798137629,1.3008961814284299,0.37254750806474396,0.18106075045673697,0.285740503323855,0.152067409450206,0.836438332714526,-0.121824819296386,1.1912139837583502,-1.06791020980914,0,1,0.248366013071895,F,0.574412532637076,89,89,163,383,0,0.248366013071895
-0.556991732222972,-0.194370021427087,-2.4706985408267004,1.97166638919103,0.44138793208613003,0.22964507080866198,0.13246444732892,0.551905662599925,0.297160737995076,0.29552454708193204,-1.69491206386605,-0.6335373222447099,-0.7426493228663861,-0.233579772605476,-0.711937084321608,0.0131045462916336,0.9410075540638051,0.0673172267860977,1.3376969640243,-0.653892199342972,0,1,0.248366013071895,F,0.572916666666667,89,89,164,384,0,0.248366013071895
0.866309913583926,-0.7769494830461758,-0.824072887116211,-0.32752492270433603,-2.02335526909265,-1.34812670212093,1.3230478421520901,0.908359324751943,-0.219135373528607,1.14304388067733,-0.9027022385418509,-0.711803316124423,0.0803411187477482,0.216242601550624,0.312735276957554,-1.04946941184081,1.8909660255739098,1.03362628014852,1.4411155161015299,0.6279638635837029,0,0,0.248366013071895,F,0.574025974025974,89,89,164,385,0,0.248366013071895
-0.36798654565843203,0.284243677037569,-0.10470138365427802,0.998759166520935,-1.172337195066,0.198719840648519,-1.21040233339586,-0.727170784698247,1.8108754975495702,1.03001444816023,1.47247421948583,1.7403554136518002,0.40268431857413595,0.362690140531215,0.573291113871354,-0.5344698466627511,-1.20825658652003,0.330005831629819,1.6626346279735402,-0.5953742170773371,0,1,0.248366013071895,F,0.5725388601036271,89,89,165,386,0,0.248366013071895
-1.31080384560477,0.0754256190080117,-1.44492708276986,-0.389850542124354,-1.3310544246148999,0.798695914266765,-1.62810056962975,0.61827034475214,-0.24841254305990498,1.9172069340028899,0.541746419370362,-1.53603872787321,-0.39087902470969393,-0.6429795422504351,0.17493035638308801,-1.2148502615347199,0.7876556993679321,-1.7121618622865502,2.47700697850216,0.302778637965046,0,1,0.248366013071895,F,0.571059431524548,89,89,166,387,0,0.248366013071895
1.2214174790774899,-0.181101201980544,0.632041919581589,-0.0869647840798931,0.9080786545859151,0.629732590112873,-0.214721902937457,0.8389040440325279,0.15615708620304097,0.126102347108517,0.8607310976149741,1.35712729462739,0.481833338521024,0.613962159091903,0.70829633463956,-0.397008207551968,0.789957437884907,-1.54950933262642,2.15575784536501,-0.399782561762626,0,1,0.248366013071895,F,0.569587628865979,89,89,167,388,0,0.248366013071895
-1.76749866496617,-0.1668398108083,-0.7667786802929671,0.13892243797910198,0.518825325430546,0.578784448266804,0.189906614642809,-0.35354928081622494,-2.76944861764821,-1.31730673840531,0.508341215856188,1.79365164664466,0.576039487790908,0.63949741003764,-0.987639404803401,-0.58274870240968,1.4634108195205302,-0.48657502413914294,1.15698008238557,-1.2470432713747,1,1,0.248366013071895,F,0.569587628865979,90,90,167,388,0,0.248366013071895
0.56899834943775,0.38625609514377296,0.81880616809994,-0.7203950712627141,0.38477077559269396,-1.1624957555301798,0.377447013247718,0.204983199029647,0.0343222538328825,1.7332267153615901,-0.6317224734822751,0.46038127953386204,-1.67251598371732,1.27396958009377,0.237428748714994,-1.5870823850618,-0.20604666597413196,0.255423530921995,2.8011469610999797,0.0355512538679162,0,1,0.248366013071895,F,0.568123393316195,90,90,168,389,0,0.248366013071895
-0.189944021993515,0.6125157917283339,-0.45828542909958603,-1.4812777833097401,-0.19545997607402696,1.26041494124015,-0.7943710243225871,0.297634432934509,0.7816574754433121,-0.388376668021305,-0.786550840179485,0.29832943226304304,-0.488530639056859,0.9274347486034201,0.957611281874581,0.632948283698643,0.761404052896482,-0.0817304912633875,1.22268209828524,-0.38248548567109897,0,1,0.248366013071895,F,0.566666666666667,90,90,169,390,0,0.248366013071895
1.4952021292359599,1.2847014408589899,-1.21388866584732,1.54186543523476,-0.120367800213752,0.703234387009117,1.7569416501550401,-0.38526378567726793,-2.52776002799315,-1.16939339623134,1.06904407836656,-0.254139536183745,1.6749523445714,0.0739315620597833,1.0598570301472,-0.151356528154788,-0.26686815950019105,0.41729757702656894,1.90586364860151,-1.5469553016260902,0,0,0.248366013071895,F,0.567774936061381,90,90,169,391,0,0.248366013071895
-0.317957339464828,0.8672488776273329,0.486970779182047,1.05594707681689,1.057995616419,0.265232996596632,-0.46947432559933,-0.451646664244949,0.0947407224171094,-1.2401884346596899,0.768568440596766,0.6871798295147571,1.07048759889252,0.19700406728725198,-0.425770660253959,0.464625736921155,-0.632008442599964,-0.249964422798437,2.71095734127033,-0.0238515747007276,0,1,0.248366013071895,F,0.566326530612245,90,90,170,392,0,0.248366013071895
1.43149405029707,-0.9967069977015128,0.631129382603766,0.8971009524177199,-0.11984200725416001,1.4999331445697002,0.7898366844169259,1.24303550197771,-1.8550720901323199,-0.292340653825961,1.4972617645961397,-1.09598072999569,-0.890043503558327,-0.0781499963447274,0.475625777848605,0.0472382600720077,0.8291615186458929,-1.087365959666,1.73137481132279,-2.48787935516591,0,1,0.248366013071895,F,0.564885496183206,90,90,171,393,0,0.248366013071895
0.33123462196256603,1.20401450876567,-1.06986340006371,-0.9210591637542379,-2.13080509959988,-0.17445052608106099,-1.37026990610287,-0.7255556362605842,0.7770217341789399,0.0111198178463189,-0.901485422709009,1.1788608156754499,1.3093763657179198,-0.49099249456575794,-0.957920953033739,-0.0646096259413517,-0.16101767155087804,2.51965721458967,1.78049626629983,-1.0119864863335801,0,0,0.248366013071895,F,0.5659898477157359,90,90,171,394,0,0.248366013071895
2.1049345363533796,0.202209976745358,2.3005322766918197,-0.44058084657498703,1.10685475228309,0.270110024805726,-1.17952602809647,-0.08607493557024701,0.585509961377463,-0.33672773959376395,2.3572531156118997,-0.319090982185734,-0.16956679284648998,-0.664064808749018,-0.320133413119697,-0.004134077195388721,-1.07077159387106,0.578272002618104,2.6248376454998597,-0.889245322414435,0,1,0.248366013071895,F,0.564556962025316,90,90,172,395,0,0.248366013071895
-1.1625039666177701,0.0366598143427675,0.6172773856767779,-1.38280777105809,-1.9232966431344198,-2.0690118168724703,1.35853528737849,-1.68329970126409,0.8054715333896608,-0.27902720635532896,0.24561007037227198,-1.5411683310936002,0.5907342614157061,0.0476713453301456,0.340308746211236,0.133975919511894,1.2238977339581298,2.91874027526321,1.22457628511036,-1.93094490888573,0,0,0.248366013071895,F,0.565656565656566,90,90,172,396,0,0.248366013071895
0.5662050213890419,-1.7606644987593303,-0.0946772852311667,1.2532352586568603,0.566828605518754,-1.7361703706627198,-1.06313118023316,-0.791146588931437,0.13755904987827403,0.507904523481975,-1.28233159647151,-0.365609698725843,-0.43565271574591496,-1.57231994846158,0.209208821466754,-0.48612048467424296,-0.8454575076684999,-1.2983383222094098,1.66503989991565,-0.6497947263603261,0,1,0.248366013071895,F,0.564231738035264,90,90,173,397,0,0.248366013071895
-1.3233613391038002,1.26709636735442,1.04891824655534,0.291204612570888,0.5949133874842579,-0.251169486668327,0.0307534783571741,1.4945462388543302,-0.48126336970570505,-0.48277861063249106,-0.0322914905075566,-1.67432790253391,-0.198033113688083,1.6507510646344399,0.094952155761705,0.6291646432390141,2.1704486784005503,-0.9739735961685241,1.37460311602675,0.215145680301346,0,1,0.248366013071895,F,0.562814070351759,90,90,174,398,0,0.248366013071895
0.0614842621538404,-2.21637738823742,-1.177451119256,0.590004533754901,0.123174542906755,-0.8389898956205091,0.0587369873299445,0.725840347511519,0.5603360177248911,-1.7351892869763401,0.7658121095112729,0.458491609933841,-0.273427823608256,-0.0953555988107291,-0.33433014093762603,1.2261931615971202,-1.7432163344946299,0.274182786050375,2.03275766312844,0.36252909079064705,0,1,0.248366013071895,F,0.56140350877193,90,90,175,399,0,0.248366013071895
-2.3741023466409503,0.470868023088464,-0.479002998070575,-2.27633211747856,-0.221811646962458,0.36975634729802204,-0.3729087545807629,1.24430329229395,-1.12321121776218,-0.376999640565805,-1.5306832390278,1.28982578800754,0.236011622237424,1.24790364446678,0.31520770930209396,0.33782083187060497,-0.11596209380220801,0.42213377780528905,2.53510151172379,-1.2721865968093502,0,1,0.248366013071895,F,0.56,90,90,176,400,0,0.248366013071895
-0.0512329492474354,-0.8902782068706758,0.9477978304310459,-0.00642431417917846,0.480373366780287,-1.81647769839638,0.586159854996218,-0.539683911439307,-1.31191854011475,-1.9119760533066898,-0.0717664055737788,-0.314562185047812,-0.499843696722154,0.523370477931669,0.7233341387193639,-1.5385255092594499,1.45763015755676,0.8572693614975,2.20060956513926,0.279266093159728,0,1,0.248366013071895,F,0.5586034912718211,90,90,177,401,0,0.248366013071895
-0.0667858018535838,-0.22134462877713895,0.33139153641011,0.312738237845197,-1.07758409987369,-0.258362934551278,-1.0999383254263202,-0.0692465804328217,-0.426381895650231,1.03976766507591,-1.4021027192059299,-1.58377598180574,-0.261935395007407,1.37100735044698,0.7387826917022421,0.42903248006273004,-0.0626662223336003,0.9539962474926221,1.4991957459166798,-0.452272577973937,0,1,0.248366013071895,F,0.5572139303482591,90,90,178,402,0,0.248366013071895
1.3952777010656598,-0.291224331331536,0.103663722230893,-0.0025117220894904802,2.03484710266372,0.25493046075624803,-1.03847440081544,-0.386076696651114,0.13534431955528,0.6974064318853271,-0.25118124308776396,-0.318185590928431,0.38084444073132395,-0.6510742486696589,-0.37206541299613105,0.5044970498487701,-0.742466594809,-1.26315293184703,1.77460333315806,0.11904562905741699,0,1,0.248366013071895,F,0.555831265508685,90,90,179,403,0,0.248366013071895
-1.5937828899304098,0.344919762511073,0.35073038879622304,0.796424937279759,-0.614302780542218,-0.5417851796887581,0.247674648501603,0.0312326426527545,-0.990850624660822,-0.6980126948436409,0.307054723950344,1.41257097413055,-1.07490332579257,-0.807302265786744,-0.9774905259767019,-0.746814667404049,0.25858446936546503,-0.338079340581111,1.5005116967108998,0.776384803227055,0,0,0.248366013071895,F,0.556930693069307,90,90,179,404,0,0.248366013071895
-0.25219793539679003,-1.99901810582411,1.02651017892647,0.312080349049512,0.11134819516731599,0.134253913611135,-0.718708153141396,-1.16303455100932,-0.8277272287679058,-0.9027521309696451,-0.257813634560517,-0.313880498734552,1.06204370894901,-0.21324466514208604,-0.5987182127086751,-0.41390917417372897,-0.462862941966305,0.153582697741475,1.14727586212092,-0.271316918998258,0,0,0.248366013071895,F,0.558024691358025,90,90,179,405,0,0.248366013071895
-1.88771228403385,2.1195024514719,0.458588919922029,-0.21375277424706302,-1.02490383693245,1.079544751387,-1.33491998835342,-0.7170508561681801,1.84891246194466,-0.2987681954742,1.6242862040388102,-0.23662303788779102,-0.27792153072195397,0.36662088540710597,0.567368075009104,-0.0818075115801287,-0.48072896511816204,-0.30499618579294396,1.2446167444601202,0.37844986006526,0,1,0.248366013071895,F,0.5566502463054189,90,90,180,406,0,0.248366013071895
-0.0708590284099591,-0.0891699501792497,2.5429426707606404,-0.538043383983975,1.6596622172174702,0.898183710290502,-0.0492790139376192,0.656937160134824,0.52542659478417,2.07728817191008,-0.386699034669475,-0.14413212533560502,-0.9551214487190419,0.5100899201679889,0.735309533543629,0.291245057565658,0.30236016101869395,0.00623434121481889,1.76683936611195,1.19393837661543,0,0,0.248366013071895,F,0.557739557739558,90,90,180,407,0,0.248366013071895
0.6369429327555041,-1.05454602758446,1.3154261410306298,0.917175865968752,-0.949037626946065,0.486185617476152,-1.07411957882183,-0.511453055384399,1.2528389875561499,0.522757247256228,1.0968947734618,-1.2267168129944799,-0.6863033689641871,-0.135076085357865,-0.392512079506753,-0.758584877455402,0.954061697213715,-1.41780705522596,1.96757428991303,0.286374173611202,0,1,0.248366013071895,F,0.5563725490196079,90,90,181,408,0,0.248366013071895
-0.553363843904338,-0.818396732391359,2.25970153281644,-2.4984866390797498,1.1324605543905901,1.2398229230330802,0.482896084603974,0.497798469643691,0.416763150706303,1.4151153705041701,-0.537081289382098,1.27737265293664,1.1305732987661499,0.329405180410423,0.256743347977984,0.929922001248792,-0.14493915263302404,-0.945976309721953,1.89087262936012,-0.261987466842,0,1,0.248366013071895,F,0.555012224938875,90,90,182,409,0,0.248366013071895
1.35150427128692,0.12373561421238301,1.20060275956598,-0.619921417624833,-0.492208178682631,-0.865112089074077,1.13264122486313,-1.91263114452693,0.336014471500797,1.56130794405307,-0.151114934662194,3.0533606915706097,-0.6764608018268521,0.655285037150476,0.7367811430446841,0.357806315366831,0.0029229071869253604,-0.2812334897983089,2.09207686031885,0.807235185565281,0,0,0.248366013071895,F,0.55609756097561,90,90,182,410,0,0.248366013071895
-1.06385335118852,-1.21643379476985,0.6325203653531469,-0.348738514812248,-0.0241122280843654,-0.142800572759491,0.232272999584028,0.9396361894056401,-0.834427921726432,-0.11280670601182001,-0.185827231848715,0.6993015802097728,0.22471561635273798,-0.448400686194981,0.619109337550147,1.39821639205204,-0.7957980019238101,-1.4765151143463502,2.3573716565005203,0.51416257011919,0,1,0.248366013071895,F,0.554744525547445,90,90,183,411,0,0.248366013071895
-0.59447987431537,0.30775434457878104,1.06278858624998,-1.9303266219912698,0.0965115993224543,0.5789815079875489,0.312885185459805,-0.13407674075668,-0.487803934073062,-1.37070669034812,0.33479201858181296,-0.626607320753652,0.443019155403791,0.0468157805225197,-0.9257222800507591,1.21320914941126,-1.0199175999407,2.3746840811599,1.5721707455246001,1.65283064342157,0,1,0.248366013071895,F,0.5533980582524269,90,90,184,412,0,0.248366013071895
1.74538188640613,-0.6358604922038629,1.8175904629705,-0.320075008138772,0.45750263779604705,1.3278315060018302,0.41658208034118704,1.8863868718938799,-0.490381196963479,1.4922202163730902,0.409647300961483,1.43881227033209,0.712446788399157,-0.0428035906364871,0.237938369122542,-0.38629758993999896,1.68711423531349,0.868346454700458,1.3492036026061898,0.126779980214308,0,1,0.248366013071895,F,0.552058111380145,90,90,185,413,0,0.248366013071895
-1.4722394884663998,-1.42529645964142,-2.13850501050479,-0.185388104498601,-1.29460573223457,0.453209546627904,-0.586542302483743,0.15155136310557998,0.36780907593635,0.5926644553870429,2.1216037547324897,-0.264368657151351,0.287926626688644,-1.20091522355902,0.157714074335978,0.600435853954169,1.33965989331285,1.08054219625173,1.2881573041122,0.25993917999539895,0,1,0.248366013071895,F,0.550724637681159,90,90,186,414,0,0.248366013071895
-0.15777105164595903,-0.885186983088363,-0.329064822931025,-0.30102469063032106,0.9637948828973859,-0.9052156319913299,-1.42866749149721,0.57094025117081,0.5039423206281349,0.12127608968853,-0.23484932959301896,0.9032429481467921,-1.9820742121621497,-1.08687918379951,-0.10212008043022301,0.7522821027810659,-0.6213244025337309,2.30902237274257,2.0750090964171397,2.3412813465517597,0,1,0.248366013071895,F,0.5493975903614461,90,90,187,415,0,0.248366013071895
0.42296108060021603,7.950520382507701e-05,-0.236222722811874,1.10128607044401,-0.581110443942658,-0.580024571653991,0.9738069384315121,0.0890973437166997,0.902844153390753,-1.7484607812005402,-0.59161190994484,1.6092506842028302,-0.3696589158141311,0.140719429285095,0.593808247958309,0.842554855821362,-0.282872221659716,0.31530434545626396,1.2671507363035202,-0.7388287126928259,0,1,0.248366013071895,F,0.548076923076923,90,90,188,416,0,0.248366013071895
-0.8251632482814559,0.49727304648937704,-0.7832196399569058,-0.9068970465795309,0.301480692528301,0.0748385086577122,-0.645368810514803,-0.47049137600024105,1.0162903869738198,-0.048642533638762,2.4625554588188,0.545822690531379,0.9992043272275161,0.35141137643102305,0.47609407203192705,0.19667985411626998,-0.463404495740322,-1.49881969791377,2.15117641079034,-1.50899898343415,0,1,0.248366013071895,F,0.5467625899280569,90,90,189,417,0,0.248366013071895
0.72448625670617,1.1590979636029,-0.20021539018700302,-1.1928460579867,0.458860305380877,-0.420867067004498,2.05227228004039,-0.00200795348470242,-0.20398975697757396,-1.9636939033068601,3.02396297450098,1.40695378819478,-0.45346957697856605,0.380755670707541,0.00550516770874798,-0.754216481493387,0.414073686996763,-0.21945878346061398,1.38528989482874,0.9276828036542009,0,1,0.248366013071895,F,0.545454545454545,90,90,190,418,0,0.248366013071895
0.00314104477232037,0.7092309650022142,0.8878028100564879,0.14377137598453302,-0.341563954344645,-0.804038044678843,0.49154724605979905,0.425822093936302,-0.182161705818891,-0.740490169502022,0.7487884798849019,-0.689900075954945,-1.3617609683657899,0.9246236259401199,0.15316125267028302,-1.23362522410558,0.35886159173796206,0.9613413581469141,1.3192127827970201,0.519690571933067,0,1,0.248366013071895,F,0.544152744630072,90,90,191,419,0,0.248366013071895
-2.02011225519846,-0.49944695046082505,-0.0680541956539552,0.256411358994282,-2.10454974447731,0.0612804558008947,1.91698203349608,1.31544207389373,0.17372654393929998,1.79051664843498,0.446881372442515,1.68022982763536,-1.89583309812807,0.18091449289318398,0.769352944115619,-0.7891122318351691,0.36818188425795795,-0.0849972336064238,1.33175485142546,0.636481171915509,0,1,0.248366013071895,F,0.5428571428571429,90,90,192,420,0,0.248366013071895
-1.6835251204050703,-0.430510975016248,0.543362014050346,1.93036545153303,0.5649551002741179,-1.13220501381404,1.04912893734339,0.605601936594337,0.623515188911504,-2.19810748343412,-0.39925960193578997,-0.009625617544337009,0.423852866146248,0.4909842025395829,-0.927504034556442,-0.20330343170847898,0.0298040637668954,-1.512018922987,1.6042424543290401,0.808837288716483,0,1,0.248366013071895,F,0.5415676959619949,90,90,193,421,0,0.248366013071895
-3.4257515056655894,-0.7336369711387859,0.34418464553080497,-1.6472185960268402,0.811969567191322,-1.16353596691829,-0.413938307061909,0.0352971285603854,0.38996576903684205,0.5569768506889891,1.7013769933441898,-0.3860184457114729,0.4677138502615061,1.22868002005531,0.9092038544396421,0.8094658064832141,1.53961865040806,1.09711263017058,-1.84705605375172,0.20888324965366398,0,1,0.201219512195122,F,0.540284360189573,90,90,194,422,0,0.201219512195122
1.0529508593936099,0.0503359538797983,-1.16910519793342,-0.028602117251141,1.85689682766469,1.35715931932829,1.71818145682569,-0.258099861307017,-0.41298591566353404,0.160021807128857,0.362970843642763,1.4202012485672701,-1.57323035960583,-0.24135783828087098,-1.04680629082147,2.40046564684307,0.9216810812779901,-1.74616330290471,-1.19881114857522,1.4169897707202699,0,1,0.201219512195122,F,0.5390070921985821,90,90,195,423,0,0.201219512195122
2.15050481846685,0.174129014925452,0.0283231997335478,1.24241348403679,1.70981401194636,1.15908631585776,1.14590382230622,-1.39180590659985,-0.207564251486775,0.41561489607609997,0.6930509964443161,-0.108823305920786,1.07112546583193,-0.34010645497568703,0.40923552041922706,1.78835659905759,-0.757285441015686,1.07844739718608,-1.22253937544346,-2.09300961999665,0,0,0.201219512195122,F,0.540094339622642,90,90,195,424,0,0.201219512195122
0.359115825756385,0.900555837229427,1.5102661056859898,-0.10517628163956098,0.614517961271229,1.5715227305085502,1.12467460186782,1.00179180317102,2.5752925470578703,-0.115708258882815,-0.151510220822969,-1.40166512756263,0.211647693865456,-1.54305892805594,-0.405160149959549,2.26708481186697,0.8203228228067041,-1.32701858491226,-1.31768733333832,-0.6572242026762221,0,0,0.201219512195122,F,0.5411764705882349,90,90,195,425,0,0.201219512195122
0.24521593334508898,-1.39241099628573,1.19410567999,0.7011542298120961,-0.43071582954568605,0.143568790143729,-0.264652947056035,-1.16888639446072,-0.5739056323174621,1.23853535904244,-1.52758957296112,-1.60863456952393,-2.37373934252363,1.01353900770402,-0.8237389622369631,0.27201466821555603,0.8706907991466629,1.02434275512135,-1.06423199495754,0.0516949361209972,0,0,0.201219512195122,F,0.542253521126761,90,90,195,426,0,0.201219512195122
-1.00838979822007,2.5911789135481205,0.0217694002060502,-1.00972891891774,1.37482307292972,-2.5177490846662502,-0.544538303963359,1.19247321511724,-1.31178483669929,-0.00634037936489261,0.5874114380199069,0.11856255801368401,1.5315315708844297,-0.37200659137322606,0.0527498229189223,-0.231991692290524,-0.11683430027717,-0.274994794077965,-1.07281850936349,3.04779545767577,0,1,0.201219512195122,F,0.540983606557377,90,90,196,427,0,0.201219512195122
-0.0320362408480429,0.133600454038084,-0.6576274435956451,-1.8455019047316998,0.567538398707136,-1.6727742667849197,-0.476595702671904,0.215996206258042,-0.9436083956627821,0.350399627154432,1.63279764227762,1.39981791988488,1.1373284886377801,0.511765920388053,0.231900878767135,-2.32435705340504,-1.23600876120245,0.454665691363561,-2.25929617265579,0.8905793541586179,0,1,0.201219512195122,F,0.539719626168224,90,90,197,428,0,0.201219512195122
-1.08144312606042,-0.35983126685353206,0.8698534831961271,-1.3455788594308897,1.63010185860092,0.240249037035411,-0.7979241040498259,1.5379017054226398,-0.8029353621328679,1.94530728967653,-0.634975859345719,-0.187604006915526,1.7247867556669099,-0.512503386037276,0.20878445451340696,0.0510849233308001,0.40344243968679205,2.20229345217084,-2.13122606017175,-1.24303030415694,0,1,0.201219512195122,F,0.538461538461538,90,90,198,429,0,0.201219512195122
-1.51014013619066,-1.42685896469035,-0.3751545941951429,-0.5631891427223771,0.60901103240326,0.21586958455687102,-1.0333469432901,-0.40169000214769296,0.830479732601631,-0.7746936933110671,-0.0931883559184897,0.866118373682703,-0.6859805621398871,0.161603398718151,-0.3572161103757971,-0.35707253935197,0.2793918863679,1.39891541498765,-1.22121387432137,0.4938440165620329,0,1,0.201219512195122,F,0.5372093023255811,90,90,199,430,0,0.201219512195122
-0.540002157717714,0.813921821214535,-1.1954428956468601,-0.7608820634932261,-1.46283191974146,-0.784975743548343,-0.8152868231726659,-0.432862524543882,-0.640282993904439,0.319965923029387,-0.286728053381271,-1.48508561715767,0.749631739841022,0.225998509720525,-0.685183519864759,0.42628953274887604,-0.253354944060534,0.577518483770114,-1.21837221907051,1.68864457749118,0,1,0.201219512195122,F,0.5359628770301621,90,90,200,431,0,0.201219512195122
1.08901770707392,1.08364277608236,0.90175048142278,-1.8214453483299398,-1.24008145423217,-0.535370281657369,2.5211357714841003,-0.8163545268302751,0.552664531545448,-0.9802629865211759,1.05643473445501,-0.5095941065762329,0.0692547246011467,-1.33164676358248,-0.24760865371119198,-1.01999409376092,-0.14807302280204,-0.470155274175661,-1.09570732537808,-0.751123844707669,0,1,0.201219512195122,F,0.534722222222222,90,90,201,432,0,0.201219512195122
0.83705552337503,1.3301573312173898,0.285758578675118,-1.63601654197581,-1.56987064446118,-0.42817881314866796,-1.3177605376485901,-2.22791282389496,-0.0033873085681025,0.485295067933024,0.270464090370162,-0.319612385848062,-0.397415736492885,0.263692563102038,0.6152811345156259,1.03671768723338,-0.20680786305958104,-0.14909465233425,-2.61332040724992,0.44596764156313895,0,1,0.201219512195122,F,0.533487297921478,90,90,202,433,0,0.201219512195122
1.4423540072270602,-0.321033414961261,0.34586206676224795,0.007454245403168791,2.6347646659914,0.7668254881399101,-0.12258590125155301,-1.2548342977351201,-0.849818160152835,0.23859762084176198,-0.6360719125440439,-0.8400282466769251,-0.722102323851507,-0.31958117161029903,0.586218305662736,-0.0745132265305762,-0.23479328175136605,0.5317159810442199,-1.90902088225321,2.34231050275961,0,0,0.201219512195122,F,0.534562211981567,90,90,202,434,0,0.201219512195122
-0.27610887343838303,0.7840537137788549,0.836734451509442,2.05624412696376,-0.41415912538664706,0.47043363403356103,0.7072896154016372,-0.137163299135231,-0.8906892027969879,-0.794417872616103,-0.0924556652438156,1.1521899059755,2.18327844946227,0.266881014327021,0.833032200896532,0.894544634346623,0.7869992214260949,-0.5206595828143711,-1.1925118871685099,0.7851825481781008,0,0,0.201219512195122,F,0.535632183908046,90,90,202,435,0,0.201219512195122
-0.0044996379040962205,-0.344432703399529,-1.03212743277863,-0.695425747796676,0.924712904945923,-1.33834266710047,-0.9847401293276559,0.33880506945917505,-0.11639426660346601,0.465106511340669,-0.5271882009251471,2.2231922343664,-1.2506779964601598,3.33753648513453,-0.902813131534962,1.15423462531519,0.5486397517115279,0.204081238160805,-1.4454385301666697,0.29506707670051097,0,1,0.201219512195122,F,0.534403669724771,90,90,203,436,0,0.201219512195122
-0.524615966445129,1.0181387962683501,2.24313143316057,0.112040518193601,-0.0644885955419789,1.4355660872253102,0.510534184240439,-1.10492762865592,-1.43402031990487,0.467233632027784,-0.9262606276664641,-0.476982423373053,0.0438127295812345,0.218183830676313,0.8525900226693341,0.7615442255339729,-1.14373613640266,-0.435018500332118,-1.7868007896353102,-1.52783594998418,0,1,0.201219512195122,F,0.533180778032037,90,90,204,437,0,0.201219512195122
1.3006214796346,1.5940768150185,-1.00294925954417,0.522968460365941,-1.8061089830826798,0.850280650295662,-0.8590452092166321,0.626184670143557,0.17270628666278198,-1.5472586940235702,0.32955938227184,-0.578389530807401,1.31511771849632,1.3766816144698302,0.773819991184984,-1.07377481517715,0.181870278384158,-1.17933803625726,-1.67092005751463,-1.04657833695079,0,1,0.201219512195122,F,0.531963470319635,90,90,205,438,0,0.201219512195122
-0.831322312423274,0.39990929247935497,-0.43116504426805896,-0.8079289994525891,-0.0647682182855622,0.500030252970596,-0.628398824296739,0.9738343365557851,-1.73936319710518,-2.08446602622539,0.7924727891347649,-0.139287399392647,1.21472942351245,0.117335439675471,-0.5099435937837971,-1.5761804527289098,0.41936020601458796,0.11284862777144801,-1.67875856201038,0.28426738959857106,0,1,0.201219512195122,F,0.530751708428246,90,90,206,439,0,0.201219512195122
-0.7919238396842,2.00178321712459,-1.26490752032344,0.24996211562495702,0.22334678975907601,0.18212540713625,0.0160744147908711,0.538149459513082,-0.208603911311771,0.0308179051517526,-0.0162963448754712,-0.3946569947868939,-1.69142221081188,-0.575647105931314,0.33765806164189005,-0.41358795443055896,1.05301216268086,-0.9536551134192071,-1.18102625226873,0.44196067072750606,0,1,0.201219512195122,F,0.5295454545454551,90,90,207,440,0,0.201219512195122
0.7524226098474759,-0.153760661313435,0.315904148914788,-1.2366666662406203,1.3913933075844198,0.916776873182455,0.253085915048182,0.28348249888549104,0.67475087135372,1.45511871580695,-1.02018275827686,0.33967090727078103,1.21062223363404,0.19721014687956895,0.573440625025827,0.0680073177231204,1.8076623642975802,-0.661223030240506,-1.38668150005782,-0.0464104616301583,0,0,0.201219512195122,F,0.530612244897959,90,90,207,441,0,0.201219512195122
-0.0505611025242028,0.168232284749191,-0.11164174152132599,-0.959756952995978,1.1222163355180401,-0.7907739623013671,0.655734902963176,-0.509419051348225,-1.2662659553531599,1.4007559177283897,-1.60287702115614,-0.285884846001507,0.571563893546735,-2.18362767980843,0.460777171328957,-0.508348556493052,1.7324389852039999,-0.0814876972541947,-2.18746634893793,0.536616733948375,0,1,0.201219512195122,F,0.529411764705882,90,90,208,442,0,0.201219512195122
0.344803130962346,-0.228091072935729,1.52546038367414,-0.5061668202146989,-0.0225573122068976,-2.26096900423685,0.253620915383157,-0.0817142720809723,0.250377225989653,-1.0706626332297602,-1.75533134084984,0.7998154581421371,1.19028273151179,0.702798052074661,-0.68908295268787,-0.141827446118859,0.32679465763180604,-0.37378940093043106,-1.18805517931963,1.13086442105091,0,1,0.201219512195122,F,0.528216704288939,90,90,209,443,0,0.201219512195122
0.5882301760448609,1.3134370859503202,1.1333094562689099,-0.42029245930659703,0.971218131417042,-0.7854870049911271,1.4830097942033502,-0.988060694883402,-0.16049796655389098,-0.80881209231965,-1.5993319784805602,-1.19748047941263,2.96565782686642,-0.0851994689132033,-0.413112805857016,-1.00786220766444,2.89073976924222,-1.2325405159963798,-1.3315854987854,-0.807325262747988,0,1,0.201219512195122,F,0.527027027027027,90,90,210,444,0,0.201219512195122
0.0438099192395649,0.9145148782419309,-2.05313362353053,-0.40053702986042405,0.593976649897794,-0.996788092322751,0.729681887259966,0.22610143913263,0.5641700941772471,0.658651700644207,0.5058022018913689,1.72796739128068,-0.7788862053196279,-0.610922060898571,0.752856720722292,0.7383480290326578,0.294971769574072,0.701904678656685,-1.17824753433732,-0.550526589976791,0,1,0.201219512195122,F,0.5258426966292129,90,90,211,445,0,0.201219512195122
1.39168202416792,-0.342128625399367,-0.0236050577340279,1.21968783601311,-2.14764357638813,1.9783749400448,0.1413028571456,-0.22315748009902697,0.119608320721468,-0.8973692684341908,2.59998827545841,-0.163575478704455,0.8787321803069781,-0.36572107455253294,-0.888296515798239,1.0577374048303199,0.31218943084407696,0.5723352916215539,-1.4571784549018,-0.5405583185723,0,0,0.201219512195122,F,0.526905829596413,90,90,211,446,0,0.201219512195122
-0.16859631122743698,-2.5026071673879904,0.835079227947644,0.882719943739025,0.29385856833887497,-1.8250654171848602,-1.29549102278952,-2.29590533319677,1.98221761306934,2.4881748881292203,-0.15849381665517903,0.9539068544657651,-1.50035599382348,0.166925288940457,-0.8227159001085509,0.596526856561837,-0.24342475540622197,-2.3121147439308,-2.1571376386528502,-1.32258261667499,0,1,0.201219512195122,F,0.5257270693512299,90,90,212,447,0,0.201219512195122
1.4217276939897001,-0.0222987589816634,0.42835511729539605,-1.5526320710877601,1.04861965855393,-0.142138016170879,-0.357757038858354,-0.6547741842071529,-0.652732670065435,1.5296034631737598,0.21375828162327698,0.19426682612871804,0.8808148835773499,-0.39367622720518997,0.15957208000587697,0.27192171771236,-0.622868341799547,2.0224069038121,-2.12619069009267,-1.94569726483983,0,1,0.201219512195122,F,0.5245535714285711,90,90,213,448,0,0.201219512195122
-0.249982948273295,-0.22993556811451105,-0.9706662620231329,0.0477443351336569,-0.0167334227828006,-0.756541488955574,1.1431205986293898,0.8142116267765291,0.8005621585850641,0.9090317455849871,0.9371785169981791,-0.9333131316334341,0.385016684402836,0.226145063620751,-0.27967696605508896,-1.53594909550754,-0.46030092164104,-1.3102288415832901,-1.1467233052283798,0.365947514866379,0,1,0.201219512195122,F,0.523385300668151,90,90,214,449,0,0.201219512195122
-0.348592973033243,-0.7736199084251658,-1.18677289772136,-0.8215279275083821,-1.4929103853166399,0.0311743002184534,-0.16039274100752102,1.5720446098490302,0.7968777983346279,-0.991385773018198,0.25736656741999303,1.02753201331751,-1.53109596474049,0.0988781396486201,0.89687384140916,0.39086228529555606,2.0468974898803403,-1.9054473072224598,-1.44223764653615,-0.272300324571068,0,1,0.201219512195122,F,0.522222222222222,90,90,215,450,0,0.201219512195122
-1.4610303901335502,-1.69443236472547,0.63382438004373,-1.04116802523321,-1.7968014423834802,1.3512511576942599,-0.83308655008156,-0.40514584875829207,-0.619719034798716,-1.48662815780064,1.06585826429452,-0.0294867994892265,-0.37170569516112106,-0.151384725296461,-0.5774585995072691,-0.0419451068010714,0.73104524565364,0.6303954331010699,-1.09988499415701,0.9928521447901649,0,1,0.201219512195122,F,0.521064301552106,90,90,216,451,0,0.201219512195122
-0.137965165830737,1.40898645136881,1.6048061904782098,0.803000434471484,0.40295760967546596,0.836436474441851,0.30713016283863803,-0.18808344598980398,-0.7031104332145539,0.619216239751103,-0.5881419083894079,-0.115499310831593,0.452453448661529,-1.35431682664808,0.42930775354590706,0.38258819411512895,-1.20170250162013,-0.212979855756334,-2.3414803014067203,2.00785525926379,0,1,0.201219512195122,F,0.519911504424779,90,90,217,452,0,0.201219512195122
0.571235369011285,-0.767565478672678,-1.5324077956400202,-1.4913056299644099,-0.0557322338682932,0.49516420924562604,0.634723860145597,-1.0603865853277301,-0.053769792570858996,-0.0919374707510175,-1.23337445891653,0.23686040251169801,-1.6410469040578601,2.15807629102651,0.9663802421034169,0.288182113005575,0.220433768839827,1.87273881380025,-2.59444910601504,-0.226025596920245,0,1,0.201219512195122,F,0.518763796909492,90,90,218,453,0,0.201219512195122
-0.384526395998157,0.0904906881731989,0.179131143156927,-0.513004795505804,0.5651089928682211,2.25284047799971,-0.904210681677528,-0.5541746888228779,1.1975229001340502,2.05812409332525,0.0342646584542799,-1.1160049970689598,-1.71774159315561,-0.877037368118649,0.48399843667836395,-0.645905817025903,-0.7846863791894171,-1.12430579041426,-1.16556609681131,1.15289733641142,0,0,0.201219512195122,F,0.5198237885462561,90,90,218,454,0,0.201219512195122
-0.823788475249738,0.680879042819436,0.470229402694494,1.44658176578083,-0.49539531624308003,-0.9023647170062521,1.16037172654585,-0.37653469414309704,-1.27747865431424,1.23326156125117,0.5149195670146289,0.487012432964665,0.331165498906871,-0.156433797275007,-0.246807415812901,0.5983594051581489,0.33871900971073404,1.6443480873610499,-2.03850038824009,0.28151194446658695,0,1,0.201219512195122,F,0.518681318681319,90,90,219,455,0,0.201219512195122
0.6996106130797879,1.78566986162929,-1.3953698373494898,1.0011133191150898,0.630736720473242,0.927526615236432,0.587188934926998,-1.1934939016735,-1.0938058073909398,-0.87427798343912,-0.0784903069899284,0.671786639520569,0.353865644815989,0.918194904934603,-0.263162629379062,0.8703792647967289,0.28574730796538106,1.6431377098336202,-1.2988921065694399,-0.31478706608713203,0,0,0.201219512195122,F,0.5197368421052629,90,90,219,456,0,0.201219512195122
-0.895054072601626,-2.6586323490974397,0.340406461598633,-1.1086984255993102,-0.505983017240233,-0.8144796573622199,0.44137123615159995,1.23631422410974,0.128109822404919,-1.18020325244036,-1.40292740952564,0.140213814611585,0.971480206902904,0.194609259280656,-1.01783686573891,-2.64197405654213,-0.869264517852407,3.28971448587357,-2.16136990802385,-1.5044208971373,0,1,0.201219512195122,F,0.518599562363238,90,90,220,457,0,0.201219512195122
2.61981051051046,1.5266631844340899,-0.175631262960292,-0.729610362867561,0.600455276485536,-0.0703403971249829,0.623510548165185,-0.588941160141549,-0.472192294968695,0.752200796936489,0.9932284382513721,-0.307904513755338,0.00328248630481565,-0.896761806677626,0.00665856974978735,-1.31460839967662,1.9738764936921498,-0.9007728431158308,-2.2776305486249,0.0268493156968882,0,1,0.201219512195122,F,0.5174672489082971,90,90,221,458,0,0.201219512195122
0.20085382381091396,1.41741806455438,-1.2000320706958,1.25698274143587,0.9639936454814442,0.649732007954631,0.7008246838993489,-0.0651969342493109,0.44887005158468296,-0.829468160186907,-1.8840148619727501,1.9933121684356698,-0.5854638038828671,1.94837694791567,-0.116999492117413,-0.0446405511299257,-0.362249097945226,-0.181422309833353,-1.27962340320468,-0.0778413096012707,0,0,0.201219512195122,F,0.5185185185185189,90,90,221,459,0,0.201219512195122
-1.7992796689734798,-0.06893669963754501,0.7427173928733091,-1.6123018925033301,-1.23386294473856,-0.5567058079563879,0.220363613528617,0.164218439559715,0.0771940347995927,0.312655872827185,-0.894139741109813,0.160955560386366,-1.0684917708711401,1.23765213251752,-0.734021859711032,-1.23582465116912,-1.44990055586799,-0.7299971896861508,-1.18695489970899,-0.5582835599386321,0,1,0.201219512195122,F,0.517391304347826,90,90,222,460,0,0.201219512195122
0.8581934316883199,-1.0509754634105,-1.4889296515093202,-0.9674218468540551,1.1953337203751,-1.1792965482330602,-0.7556291845468991,-1.2402646855421202,-0.3166196608561311,-0.839056498753216,0.36016894660091603,0.363753745598863,0.278834221154651,0.0615407293019335,-0.322422171868967,-0.566142864428297,0.22805264140285297,-0.0239034860098002,-2.32927198774338,-0.7478484911303729,0,1,0.201219512195122,F,0.5162689804772229,90,90,223,461,0,0.201219512195122
1.13345191400786,-1.40465246858439,-0.43895432500780396,-1.05999279150752,-0.10472411540406501,0.0400743309621306,-0.20229179202995,0.9321013183968091,-0.0095824691424291,0.272912226088881,0.0148280179934889,1.8984021517729,0.40545718015946397,0.514508151447442,0.220048105759103,0.57380234530984,0.29000190838694895,-0.7323342660003058,-1.2306898132938502,1.23387791263957,0,1,0.201219512195122,F,0.515151515151515,90,90,224,462,0,0.201219512195122
0.0219095302113901,-1.4168434732780302,-0.647747320662794,-0.035687886928752,-1.09945568824779,-0.185550754185685,1.49951552350934,-1.63579802443317,0.257826797347305,0.24337795196093898,-0.382424497814614,0.24417209606747303,-0.636840312684908,-0.698696089224025,-0.8071792091362441,0.070270727586916,-0.0200765039406486,-0.196211911004989,-2.28888772261198,-0.16167217546574403,0,1,0.201219512195122,F,0.5140388768898491,90,90,225,463,0,0.201219512195122
-0.804670330509904,-0.901106943522713,-1.6693006436222,-0.5991547129300551,-0.549462349426613,-0.989943417994107,-0.7833353170579129,1.18424427582707,0.34318886103878105,0.879656490182229,0.24000426458532398,0.334608523761145,-2.03196727611671,-2.97785439589206,0.0525344648016362,1.30917978967671,-1.12052548706691,0.7805224001111859,-2.69218728647039,-2.2065111645099,0,1,0.201219512195122,F,0.5129310344827589,90,90,226,464,0,0.201219512195122
-0.59561698538243,-0.661282485351449,-1.07400969829349,0.102708246696673,-1.53123609095446,0.410931988678149,0.42192623374424704,-0.0921891558377276,0.00288181607553275,0.466151811266977,-0.560115087730905,-1.1035936857081499,1.43643980587639,0.272492315148119,0.575911260585046,-2.15674796414919,-1.1185568214236798,-0.24911308627848897,-1.5588800705013002,2.5510710478391,0,1,0.201219512195122,F,0.511827956989247,90,90,227,465,0,0.201219512195122
-0.52283279821706,-1.38611314685996,0.149396409918335,-1.42894163777816,-0.466414076209718,-0.160769064002395,-2.23617897325743,-0.409395571708567,0.698835364786331,2.24131020058114,-0.41494518243012396,1.52956026173073,-0.0643901815396047,0.0068247821634324106,-0.989437467556668,-0.0398222397087795,0.49827734357290604,1.50775471887065,-1.6250304576072099,-0.4309748142649289,0,1,0.201219512195122,F,0.510729613733906,90,90,228,466,0,0.201219512195122
-0.8837868365976441,-0.818726868741418,-0.11328757884000201,-1.1611688655594499,-1.1799525279607799,0.290598553904633,0.20399350893815196,-0.6218301379972679,-1.9541029958462501,-0.31986020729275705,-0.4345073773794821,-0.0225069923695101,-1.84746937399066,-0.4547538634713521,0.49855530988132296,-0.269333434148433,-0.5907965875665511,0.8485042819723779,-1.0910817736031702,0.112477029248949,0,1,0.201219512195122,F,0.5096359743040689,90,90,229,467,0,0.201219512195122
-0.50958309001551,-0.0375740790575847,-0.6583832395604561,1.3616335072727501,-0.0613381612402778,1.40011459463689,-0.0418277114164377,0.8844831589497479,1.7491991292244398,-0.374910537078423,-1.71489505882296,0.8626416572923871,0.624423331325756,0.386787557625014,-0.598366709215827,-1.3598577300038301,0.119188927692489,0.22787718831393697,-1.88160335637996,0.595403635368947,0,1,0.201219512195122,F,0.508547008547009,90,90,230,468,0,0.201219512195122
1.14999372732809,-1.64801282313072,-0.20114572783602697,-0.752519258704973,0.0348892071447521,-0.94555515214543,-0.25081697660434904,-0.871863069795307,1.06007769313887,0.653795136872294,0.0221558907620329,-0.19093648432844396,-0.0271730347624096,0.0362526114747896,-1.03276154571091,1.16964492264595,-0.9192055978086309,-0.716370077470302,-1.9636489986659,-0.7949772565890041,0,1,0.201219512195122,F,0.507462686567164,90,90,231,469,0,0.201219512195122
-0.171326554286535,-1.4568856922873703,0.49801957256680196,1.18173084510299,-1.21395622660425,1.77863984626845,0.41258824609019706,1.3537943759044497,-0.7827881483274358,2.08085194804756,-0.7300168264434129,-1.7783296159932,1.2290359127889499,0.9857305728996422,0.0914922864795391,0.44347161106931604,0.6367428793542671,1.1104196342521102,-1.29509879260579,0.645136822611322,0,1,0.201219512195122,F,0.506382978723404,90,90,232,470,0,0.201219512195122
0.10988498911544699,0.275760027370354,2.05334000657179,-0.127076922805117,-0.0348824888153578,-0.5564596570653431,-0.367795751117019,1.9774744487869298,0.0237615359303027,-0.267058340777366,0.9469323440994508,0.28628636512494,-0.34081803235693,-2.17395680074614,0.377648483914748,0.321110128841655,-0.28136615146320804,1.41853366657031,-1.37377351902737,0.412375055607936,0,1,0.201219512195122,F,0.5053078556263271,90,90,233,471,0,0.201219512195122
1.05618728559723,1.96001393979186,-0.5817173451125861,0.8227743572537242,-0.627061916270551,-0.740590083108467,0.9081204726365291,0.7347183515085551,2.57276554475835,-0.29174775976538597,-1.3863695633953899,-0.9238322693416341,-1.3553797202634401,-0.898470266844924,-0.7867042812993761,-0.429339058459736,0.94381486034612,-0.0921425040562873,-2.1965282085629196,-1.2812900244085001,0,1,0.201219512195122,F,0.504237288135593,90,90,234,472,0,0.201219512195122
-0.24338212675175896,-2.05361298620382,-1.0861634798164899,1.43742192458921,-2.27449027171838,-0.18530854859049398,1.0557769467867901,-0.169462776180532,2.35329837644162,-2.02824930170569,-1.66152293087917,0.47460921193721706,-0.163141445306074,-0.7811415367257349,0.7804086940539839,-0.6421514641703089,-1.2226602910033502,-0.8240760634618871,-1.54356758379658,-2.33839396321089,0,1,0.201219512195122,F,0.503171247357294,90,90,235,473,0,0.201219512195122
-1.19416136546327,-0.13571590141124001,0.509268838050952,-0.35850549509416707,1.6069045342214998,0.654383164919126,-1.55302270986579,0.718034382544213,-1.29356365453275,0.26467055690039004,0.127699210590912,0.83167652260526,-0.207500806945686,-0.228025842994737,-0.334161009946517,0.0869985165685833,0.616936756266583,-2.69794185001166,-1.10268697306681,0.0859565651548704,0,1,0.201219512195122,F,0.50210970464135,90,90,236,474,0,0.201219512195122
-2.6479778720859,-0.69565928398661,-1.05930301663313,-0.0896460890331535,1.33945997078951,1.2355482220061,0.9944597062142941,0.17329821444998403,-0.43682780410977706,1.5352869791294301,-1.13110054706446,-1.47963379892469,1.65825637242127,-0.6382218633175569,-0.60328198729291,-0.9591251243792991,1.2241521805509998,-0.5495435723906961,-1.5740283841322402,-0.898704751667647,0,1,0.201219512195122,F,0.501052631578947,90,90,237,475,0,0.201219512195122
0.9046148813288779,-1.4526843942420602,0.40078384923431704,1.15252874030049,-0.460671156295823,-0.812104288742247,-0.0923729126083948,-0.528377402023942,0.867338576965978,0.119775602917262,0.6244649233738511,-1.10640202040101,-0.0948932145589835,0.43678981452772797,-0.48987845255452794,-0.7728297647685219,0.11112516427256401,-0.5371876812002321,-2.2780144868899903,-1.00717242465581,0,1,0.201219512195122,F,0.5,90,90,238,476,0,0.201219512195122
0.34867879494840304,-0.28361412102690003,-0.236187942235738,-1.2678744295637299,0.107258865656852,-1.6843080909051102,-0.182948927540534,0.372570206336683,0.352507363482782,0.360557702475967,0.8742711823806949,-0.800832651318571,0.23265704174566199,0.32649845715878806,-0.686924488283595,0.342663542219683,-0.553689687005102,1.0229954186697499,-1.7387305412412801,0.32355902009815196,0,1,0.201219512195122,F,0.49895178197065004,90,90,239,477,0,0.201219512195122
0.536608167474015,1.03844907794758,-0.7328584113791781,0.861203851949119,0.47737424045906396,-0.26915809903798604,-0.7455571664350401,-0.6869827491803872,-0.164479257789667,1.32825480439698,1.0801549273506,0.701187181683154,-1.60293768569015,-0.793464970734316,-0.306270225763078,1.5963358144087902,1.2167174157104599,0.12096074196332698,-1.7534458421096701,0.927081595917745,0,1,0.201219512195122,F,0.497907949790795,90,90,240,478,0,0.201219512195122
-0.422601311006081,0.451832250817921,0.0630248038526476,-0.852467823099785,1.41076317606277,-0.44582959821069895,0.6924756709012709,-2.52622473887231,-0.6446827030372679,1.8823877249198797,-0.46276088014253103,-0.0616455081664785,-0.9441389986480659,-0.28231923462208397,0.10534113676228501,1.6721306148005102,0.936131484069452,0.240478690902945,-2.12905447032656,0.908528333900688,0,1,0.201219512195122,F,0.49686847599164896,90,90,241,479,0,0.201219512195122
-0.34193424271541806,1.2868457176172499,-0.0971208700210979,-0.136764754985621,1.1311470963251202,-0.220358057778228,1.5843751190656299,0.641184655037884,-0.22857963769788395,1.9265232044378302,-0.837088254090895,0.199780515580195,0.87086819811451,1.3600650160149101,-0.6668234924867521,0.29474128870859695,-0.37723952152704204,0.36338836692743,-1.18791467280989,-0.27369020646326103,0,1,0.201219512195122,F,0.4958333333333329,90,90,242,480,0,0.201219512195122
-0.177669183630183,0.795871761032562,0.8629876981553609,-0.21242425174965898,-1.05136475679158,0.664036816393256,0.7253507574832522,0.6079322357167889,-0.297113339478935,1.1398671349209097,1.2938840424017601,0.13490193787929597,-0.0833072305919724,0.7647285601058109,-0.496241049294253,0.65532752074252,-0.0682546735499325,0.38376481538472706,-1.25754970388241,-0.0409593600933034,0,0,0.201219512195122,F,0.49688149688149696,90,90,242,481,0,0.201219512195122
-0.32378874517814504,0.5918965041368499,0.058750962672279014,-0.18620577910507397,0.419306755954059,0.22621780512039003,-0.209991767990774,0.29364716024118603,-0.415545180674807,0.185960468106638,0.11151537091240801,-1.7028566727317802,-0.621554160181266,0.0647790988080928,0.6593468103600649,-0.730593233433744,-3.25064238823098,0.6038030023121129,-1.26140935602891,1.35597214943534,0,1,0.201219512195122,F,0.495850622406639,90,90,243,482,0,0.201219512195122
0.671626839102865,-0.493165469687101,-0.254457512272431,-0.34641615944770393,0.283329128168971,1.1348411533228602,0.864004022832203,0.291084178932646,-0.5957853704463559,-1.9973562972417802,0.34722415139557006,-0.40059531730753295,2.0832452453294,0.191237866115435,0.9567695299228969,-1.08589832961329,-2.25218607222535,-1.28607680304383,-1.68691356784951,1.3527343262629898,0,1,0.201219512195122,F,0.494824016563147,90,90,244,483,0,0.201219512195122
0.12274596612717599,0.24813500318377696,-1.08887056485891,0.145539956662833,-0.6186540068768249,-1.02341962376266,1.4442790227802602,-0.90744290239908,1.88653628899564,1.07651566148027,-0.5255662340357,-0.866473435292871,-0.344488988375627,1.18925182815422,-0.550883832296142,-0.8989236093501879,-0.273423688899492,-0.296804571230415,-1.07572851387328,-0.5842130557361429,0,1,0.201219512195122,F,0.493801652892562,90,90,245,484,0,0.201219512195122
1.04906996554758,0.761184138548898,2.2555499092306404,0.8922304934152471,0.600715446955585,-0.229152434849682,-1.21401271472969,1.6284031953568199,-0.7639438931925631,1.00725696703821,1.31646435113422,0.393880098937682,-1.1657748093323899,0.696942019088963,2.46434297637983,-0.18986716322773398,0.22980526275733199,-0.8065393191725129,0.54836971100554,1.31837086300431,1,1,0.0833333333333334,F,0.493801652892562,91,91,245,484,0,0.0833333333333334
1.10688830274427,0.34409793142341194,0.215236596031425,-0.0345536541125608,0.7672290495960699,-0.788020688829215,-1.09734796151815,1.0056597753763599,1.21425576702849,0.24133838364620203,3.00001473413998,-0.47346197283052704,-1.92022428351859,-0.84206302425613,1.8623456345653897,1.25324086901504,-0.638954755776495,1.8444686342118202,0.0514166295737779,-1.1926300108266699,0,0,0.0833333333333334,F,0.494845360824742,91,91,245,485,0,0.0833333333333334
-2.2962113261666803,1.20015609001532,0.6805029128657221,0.15383258494846,-0.45613191936235203,-1.33332712090355,-0.832636557843495,-1.31603751657775,-0.0416643117969211,-1.15578170616144,1.65565179867895,0.7300738981102979,0.9526926438962309,-0.844580192170251,1.32693918510438,-0.945664148061411,0.141603473134925,-1.2061472120058,0.15305645608225,-1.60678204091372,0,1,0.0833333333333334,F,0.493827160493827,91,91,246,486,0,0.0833333333333334
0.423567181850622,0.516822427121546,0.841184295647019,-0.170529563565536,2.14754062320438,-1.98114674790364,-0.343213249795338,3.5633586771813603,0.27666624556487895,-0.212699768438051,1.2265363204877,0.7933836233444069,1.0585818029590501,-1.6164071449320099,1.5226529087060099,-1.3384208740609198,0.481436475756188,0.0389937105927951,-0.8140584461960358,0.37291520533471206,0,1,0.0833333333333334,F,0.49281314168377793,91,91,247,487,0,0.0833333333333334
0.539910023015643,-0.7874334665058291,-1.6438802741526801,0.09685645210971901,1.06122341643008,-1.58569609442467,0.10254657678151,1.13168934386164,-0.5338665719632371,0.714904257534915,1.19543123692247,-0.261251301633786,-2.0317056911442397,1.32867892500025,1.70256864867475,0.5541572422812371,-1.68060300398431,-0.454553131904834,-0.859003497613506,0.388905212956002,1,1,0.0833333333333334,F,0.49281314168377793,92,92,247,487,0,0.0833333333333334
0.5788891208535429,1.01758099216432,-0.05772726163118799,-0.703134498381768,1.3948268598908897,-2.1406838772529797,-1.04193791944933,0.858148893467245,-0.16780853865349502,0.12522301249204598,1.29241573116623,0.13902762785732298,0.053295297926487996,1.03566130097264,1.486405334327,-0.219825090098293,-0.463864026816361,2.35660112936756,-0.30986291593187704,0.0641012009375131,0,1,0.0833333333333334,F,0.491803278688525,92,92,248,488,0,0.0833333333333334
1.3007328339129198,0.0740521112183126,1.67763351216939,0.480233516229567,-1.0032030323766898,-0.263363391975757,0.0138314775859934,-0.7041564937954641,-1.12426698177461,-2.30663063202128,0.301354543035318,0.9278845679032249,1.09508794076114,-1.28461317130806,-1.26473023468694,-0.40627082345376203,-2.54050578725942,-0.17935950246086702,1.2173500349881299,1.46384087962334,1,1,0.0,F,0.49079754601227,92,92,249,489,0,0.0
0.8838931126173459,0.19586502203764497,0.35753651588528707,-2.34326190564021,-1.08483258731733,0.5596962894039179,0.939469349856078,-0.9784810421186949,0.503096840109191,0.406414468894801,0.32346100991564297,-0.49341088190888005,-0.792016790777182,-0.842367934138484,-1.2795026616706,0.245715169511233,-0.0441948006836175,1.56763255289031,1.05110867961318,0.406368425631714,1,1,0.0,F,0.48979591836734704,92,92,250,490,0,0.0
0.246943778817227,-1.08111289203208,0.40130421928639703,1.74909492947844,1.56752430455647,-1.7610079218224202,-1.20162582785288,0.155771582389155,1.0276099937364,0.414725680319755,-0.765224069212711,2.0303325003599,-1.29297883586092,-0.7271320741966751,-1.2546220939288502,-0.26489581256845,1.86246264970304,0.510979477312118,0.162694856265275,-1.08818121298219,1,1,0.0,F,0.48879837067209797,92,92,251,491,0,0.0
-0.5077704031800551,-1.6769724917680902,1.13296717688791,0.48351499647730106,1.0431416377273102,1.01000945354303,0.6236979885541479,0.42495806385616797,-0.704269062209445,-0.411723838184421,-1.49827762209106,0.839970744723482,-1.0814634676269201,0.7322039634039141,-1.27557229465337,-0.35990159984848,0.0679013421261514,0.300341485218599,0.573521356971832,-0.41475063702794107,0,0,0.0,F,0.47804568250005497,92,93,251,491,0,0.0
-0.526172808524488,0.9883651076594331,-0.6668731243004189,-1.1251021399426002,0.783271445565078,1.7688071710638003,1.8072547111530102,-0.7676027190039151,-0.2678443957919,-0.3548773447839171,0.10928112585642802,0.88929001058531,0.5535803469667969,2.25775613135012,-1.14455799471024,-0.317776207694663,0.783679036798413,0.5701713503713511,0.77384727080608,-0.85343501170073,1,1,0.0,F,0.4770521898767371,92,93,252,492,0,0.0
1.47281439973094,1.94946569801084,-0.635118254470586,0.25813991620193305,1.03032380042888,0.894973389698993,0.14181317589352,0.312532127814324,-2.0003755805398797,0.417020080362041,0.614946688559611,1.7562799784081498,0.33342032870176097,-1.21859588925603,-1.1533405007491102,0.41456859217428105,-0.4396006426243211,-0.43496480904254603,0.184529626885272,0.5241184464465971,1,1,0.0,F,0.47606272764945795,92,93,253,493,0,0.0
-1.0155882920169599,-1.1389494318387499,0.8542742411021109,3.06794064386167,0.257830969956748,-0.6594132297167571,-0.539353400502533,0.768452537088326,-0.30252146111178496,-0.33815931181767406,0.0435689083296594,1.5989176128934899,0.0394032892107445,-0.8864018148281899,-1.39880692224518,-1.3203054181015301,0.30688157694912893,-0.853536999631666,0.123694874962701,-0.36833960448457004,0,1,0.0,F,0.476177117949161,93,94,253,493,0,0.0
-0.965900269926047,-0.60411525799157,-0.7120384073103629,-0.7556612362420021,0.9693472440467141,0.518363889707516,0.277279181949966,0.8992530977200429,-0.20919057593127102,3.40914906333263,-0.540746157091574,0.41497655538247996,0.41614197476964004,-1.001943836508,-1.28546339870742,0.249466780333779,-0.695854301144898,1.73558785051704,1.1929778874609198,-1.55847333860651,1,1,0.0,F,0.47519166164182997,93,94,254,494,0,0.0
1.29518830275383,-0.541979593407028,-0.711428636226413,1.48759345088078,0.14981524770563198,-0.360048531430391,-1.6650588242597602,0.3747486021833621,-0.29523472413494894,-0.4511815491322271,0.26254226958967997,-0.167045809860837,-1.33245770973585,-1.8704574712287598,-1.4788322909750802,0.244725853387768,-0.0544320067327697,-0.5955966457541719,0.66902426982963,0.731589221428778,1,1,0.0,F,0.47421018697614403,93,94,255,495,0,0.0
0.6135895058325961,0.26158068709348803,-0.50206537300935,1.3767391035018601,0.163227252505314,-1.6277909608178502,0.499259331933922,0.640857753124376,1.5235864899416998,-0.195535205378779,-0.347100843063014,-0.481565855318914,-0.0429715424904826,-0.160426384029237,-1.1530205371349198,-0.464180052352887,-0.5319688086241471,0.119772952734334,0.33979629446882503,-1.75351816254781,1,1,0.0,F,0.47323266986959495,93,94,256,496,0,0.0
1.4836150760597802,-0.731147893493484,1.2767880379058998,-0.511863943284829,0.8086422156753079,0.292685546149525,-0.220306928399393,-0.291066323284274,-1.31323612420745,-0.427284853901265,0.13473052739337402,-0.12213266627502099,-1.4312841324245,0.5769698543795649,-1.15619793118404,0.599825307029999,-0.156510359983322,0.11873055893320199,-1.33564884177988,-0.583435117686102,1,1,0.0,F,0.472259086433495,93,94,257,497,0,0.0
-1.21196556781548,-0.88876615686914,-0.18320844911067397,-0.190237899372845,-0.17973631954072303,-0.0216094246948621,-0.67430684641158,-1.4495716735510302,0.123097731902116,0.9951413749291609,-0.38890937972306805,0.43228996384725504,1.5233761870081801,-0.712681536324279,-1.4601337410361102,-1.00271729664735,0.275451433508849,-0.17031241320454502,0.583489678359522,-1.52743749097427,1,1,0.0,F,0.47128941297103294,93,94,258,498,0,0.0
0.126527826020208,1.4129490443244197,-0.48981495065622704,1.69958751430289,0.33756267325792,-1.2457540458611598,-0.332154663410947,0.8158771263012421,-0.0606124116713941,0.5766367505898149,-2.40510905725531,1.8222396562464398,-2.3486250356533502,-0.527060353233526,-1.2672483525820901,-0.354949432592514,-1.04021011786065,-0.83448291912781,-1.3080146670930501,-0.844006445471083,0,1,0.0,F,0.47140139505390005,94,95,258,498,0,0.0
-0.9063452618904259,0.0350970909618892,2.6897654263978703,0.6236178697434289,0.23268118844308897,1.21377030500953,0.345352426617512,0.821208381496835,-0.433881335347057,1.38483244856216,0.0499218169708379,0.7065367157872321,-0.317416240984993,0.374366199808147,-1.1764720665211599,-2.57937606310663,-1.03113542826391,-0.251863791423221,0.669816869488162,-0.692871663918155,0,1,0.0,F,0.47151104417670703,95,96,258,498,0,0.0
-1.20218407214095,1.14181765787799,-0.41785138459987997,-0.5727597836934311,0.149228291890005,0.5886564700953871,-1.63264585215805,2.2297334338305497,-0.892490538951402,-0.9323175629140219,0.585337260757433,-0.864689547673668,0.593131137505435,-0.925009343124672,-1.39609246780388,-0.0665586240072443,-0.5247322527600731,1.31435689627116,1.02290888894797,1.2124265181412,1,1,0.0,F,0.470545257181029,95,96,259,499,0,0.0
-0.12261165443550501,-0.7994392402021719,-0.5806219611220279,-0.040140457129862,0.113244483428328,1.1384925413856102,-0.8876740667316421,-0.6127739996661811,1.85672987782468,0.17145788662664402,-1.9874735467013898,0.65282920696063,-0.21224644664716602,-0.37853319686790704,-1.1548446736429498,-0.15348520127165,-0.43921168533714705,0.46313639100966497,0.97629432523368,0.231248940863651,0,1,0.0,F,0.47065264549718,96,97,259,499,0,0.0
0.301840143273716,-1.608942928646,-0.7686555581977191,-0.5481914181772399,0.38210247754913895,1.58377685181106,-1.4157761538295799,-0.474626635172467,0.6816028570525439,-0.13128157513202401,-0.592763053998686,1.52269467266337,-0.27750359132055397,-1.42839662999416,-1.46546765769483,-0.38624653870019304,-0.513472238913469,1.74883554380292,0.20566039508241502,0.6321711189547939,1,1,0.0,F,0.469690721649485,96,97,260,500,0,0.0
-0.517763422607783,-0.0556772584562357,0.781190098974053,0.149873524771855,0.189124473508691,-0.15661963986244298,0.37294771759957296,-0.431931405491113,-0.33662194057171196,1.01919410047869,-1.96299834090229,1.08960122114111,-0.0106904902832504,1.43374580552625,-1.21130952380687,-1.55764828586028,1.34930226734571,1.15660037622133,-1.1266374731300102,1.7795057581920701,0,0,0.0,F,0.45959183673469395,96,98,260,500,0,0.0
0.319176589637438,1.5433110564439498,-0.08581572304965401,0.7224193842842759,-0.680595623072045,-1.3299242283903,0.356664856213094,-1.80051865637815,-1.18969747938471,1.21805064994491,-1.67041782286272,0.567423709221379,-0.9968149011490279,-0.8792405065576601,-1.3155432877333402,-1.6453759987134298,0.183364280407595,0.0861671958876533,1.5041785438228499,-0.12024405090510498,0,1,0.0,F,0.45979797979798,97,99,260,500,0,0.0
-1.2606030746461498,-0.104513224892663,-1.5168266630917702,0.964154990336217,1.13209778622133,0.695862428755652,-0.9137012956324259,0.635872617914674,0.673570547013143,2.0870311899765603,0.175391256265411,0.385081306297352,0.8992483734568331,-0.20917448214324602,-1.3433707335662601,-0.523667275274478,0.0415418167367769,-0.5325325443628189,-0.758494657694529,0.0465342252510205,1,1,0.0,F,0.45883989596564395,97,99,261,501,0,0.0
