X0,X1,X2,X3,X4,X5,X6,X7,X8,X9,X10,X11,X12,X13,X14,X15,X16,X17,X18,X19,X20,X21,X22,X23,X24,X25,X26,X27,X28,X29,X30,X31,X32,X33,X34,X35,X36,X37,X38,X39,X40,X41,X42,X43,X44,X45,X46,X47,X48,X49,F,Y,Improvement,TREATMENT_NAME,MinTreatment,FollowRec,GroupId,ABS_Improvement,Total_Nbr_Follow_Rec,Total_Y_Follow_Rec,Total_Nbr_Not_Follow_Rec,Total_Y_Not_Follow_Rec,UPLIFT
50.0,8.0,33.0,75.0,71.0,79.0,42.0,48.0,50.0,1.0,12.0,73.0,71.0,53.0,74.0,71.0,30.0,49.0,69.0,9.0,62.0,69.0,46.0,72.0,55.0,3.0,76.0,25.0,61.0,47.0,57.0,42.0,15.0,64.0,2.0,60.0,16.0,30.0,13.0,20.0,59.0,6.0,30.0,8.0,35.0,32.0,25.0,69.0,84.0,26.0,9.0,1,0.5368797133711154,F,1.5,1.0,5,0.5368797133711154,1.0,1.0,0.0,0.0,1.0
7.0,75.0,29.0,86.0,71.0,13.0,27.0,73.0,52.0,31.0,12.0,84.0,65.0,61.0,48.0,76.0,12.0,69.0,63.0,11.0,37.0,44.0,67.0,19.0,45.0,47.0,55.0,15.0,72.0,43.0,73.0,79.0,27.0,52.0,46.0,56.0,72.0,21.0,41.0,26.0,44.0,46.0,34.0,34.0,2.0,69.0,64.0,75.0,67.0,26.0,1.0,0,0.5368797133711154,F,1.5,0.0,5,0.5368797133711154,1.0,1.0,1.0,0.0,1.0
43.0,17.0,47.0,87.0,57.0,80.0,77.0,84.0,59.0,81.0,16.0,70.0,69.0,53.0,71.0,50.0,47.0,83.0,5.0,52.0,87.0,18.0,4.0,68.0,8.0,73.0,28.0,53.0,54.0,74.0,61.0,32.0,14.0,66.0,54.0,29.0,83.0,89.0,41.0,20.0,54.0,54.0,45.0,5.0,14.0,69.0,14.0,4.0,1.0,24.0,13.0,1,0.5368797133711154,F,1.5,1.0,5,0.5368797133711154,2.0,2.0,1.0,0.0,1.0
40.0,48.0,96.0,81.0,32.0,22.0,80.0,56.0,76.0,11.0,46.0,13.0,16.0,74.0,62.0,34.0,67.0,69.0,56.0,13.0,33.0,44.0,48.0,59.0,11.0,79.0,49.0,61.0,71.0,8.0,79.0,79.0,2.0,49.0,11.0,50.0,71.0,37.0,38.0,20.0,49.0,41.0,55.0,31.0,30.0,59.0,25.0,14.0,22.0,32.0,4.0,1,0.5368797133711154,F,1.5,1.0,5,0.5368797133711154,3.0,3.0,1.0,0.0,1.0
69.0,4.0,88.0,86.0,36.0,20.0,27.0,84.0,42.0,33.0,82.0,29.0,34.0,49.0,61.0,16.0,36.0,5.0,65.0,78.0,63.0,70.0,21.0,68.0,79.0,11.0,74.0,70.0,42.0,68.0,3.0,34.0,17.0,60.0,23.0,58.0,75.0,26.0,4.0,65.0,8.0,58.0,29.0,41.0,73.0,48.0,25.0,75.0,75.0,38.0,4.0,1,0.5368797133711154,F,1.5,1.0,5,0.5368797133711154,4.0,4.0,1.0,0.0,1.0
23.0,22.0,70.0,68.0,17.0,75.0,28.0,5.0,72.0,17.0,61.0,8.0,14.0,69.0,76.0,68.0,24.0,11.0,41.0,32.0,54.0,63.0,55.0,59.0,32.0,23.0,52.0,47.0,50.0,36.0,3.0,51.0,15.0,1.0,65.0,6.0,56.0,50.0,6.0,19.0,7.0,52.0,8.0,36.0,54.0,43.0,63.0,25.0,78.0,19.0,8.0,0,0.5368797133711154,F,1.5,1.0,5,0.5368797133711154,5.0,4.0,1.0,0.0,0.8
81.0,33.0,43.0,61.0,61.0,42.0,22.0,33.0,74.0,53.0,41.0,55.0,71.0,11.0,7.0,73.0,52.0,64.0,58.0,11.0,61.0,55.0,30.0,88.0,22.0,77.0,26.0,9.0,48.0,52.0,6.0,2.0,4.0,64.0,67.0,39.0,65.0,27.0,21.0,22.0,31.0,58.0,81.0,3.0,21.0,24.0,49.0,75.0,13.0,79.0,1.0,0,0.5368797133711154,F,1.5,0.0,5,0.5368797133711154,5.0,4.0,2.0,0.0,0.8
50.0,30.0,84.0,65.0,28.0,89.0,15.0,25.0,26.0,11.0,37.0,35.0,74.0,21.0,35.0,57.0,30.0,69.0,38.0,48.0,65.0,63.0,73.0,23.0,54.0,67.0,54.0,9.0,70.0,20.0,17.0,14.0,15.0,17.0,30.0,87.0,71.0,55.0,56.0,47.0,3.0,79.0,81.0,63.0,55.0,58.0,7.0,68.0,65.0,45.0,6.0,1,0.5368797133711154,F,1.5,1.0,5,0.5368797133711154,6.0,5.0,2.0,0.0,0.8333333333333334
52.0,38.0,43.0,79.0,18.0,28.0,74.0,47.0,71.0,3.0,16.0,86.0,31.0,46.0,60.0,74.0,35.0,69.0,67.0,25.0,75.0,79.0,60.0,27.0,34.0,39.0,6.0,5.0,54.0,41.0,34.0,53.0,27.0,36.0,34.0,91.0,65.0,89.0,9.0,20.0,23.0,39.0,31.0,4.0,30.0,32.0,66.0,79.0,37.0,24.0,1.0,0,0.5368797133711154,F,1.5,0.0,5,0.5368797133711154,6.0,5.0,3.0,0.0,0.8333333333333334
79.0,37.0,29.0,87.0,18.0,63.0,74.0,88.0,21.0,33.0,3.0,1.0,71.0,27.0,25.0,44.0,61.0,5.0,28.0,1.0,77.0,59.0,21.0,90.0,43.0,6.0,33.0,47.0,65.0,29.0,40.0,57.0,1.0,78.0,26.0,85.0,74.0,50.0,32.0,43.0,35.0,75.0,75.0,20.0,12.0,28.0,33.0,67.0,68.0,32.0,13.0,1,0.5368797133711154,F,1.5,1.0,5,0.5368797133711154,7.0,6.0,3.0,0.0,0.8571428571428571
58.0,51.0,38.0,66.0,35.0,8.0,21.0,3.0,72.0,29.0,2.0,86.0,21.0,27.0,78.0,44.0,39.0,17.0,10.0,24.0,65.0,18.0,47.0,59.0,66.0,46.0,69.0,32.0,60.0,15.0,79.0,31.0,62.0,64.0,53.0,81.0,27.0,10.0,65.0,87.0,66.0,58.0,40.0,14.0,33.0,74.0,46.0,33.0,60.0,45.0,1.0,0,0.5368797133711154,F,1.5,0.0,5,0.5368797133711154,7.0,6.0,4.0,0.0,0.8571428571428571
43.0,75.0,29.0,70.0,24.0,59.0,32.0,36.0,48.0,15.0,58.0,76.0,52.0,69.0,1.0,9.0,50.0,36.0,11.0,86.0,65.0,26.0,1.0,35.0,61.0,63.0,15.0,25.0,72.0,41.0,72.0,79.0,61.0,50.0,65.0,85.0,37.0,52.0,17.0,50.0,19.0,45.0,81.0,31.0,86.0,77.0,12.0,29.0,11.0,19.0,4.0,1,0.5368797133711154,F,1.5,1.0,5,0.5368797133711154,8.0,7.0,4.0,0.0,0.875
43.0,75.0,96.0,72.0,80.0,11.0,32.0,35.0,5.0,68.0,48.0,37.0,43.0,29.0,28.0,44.0,53.0,36.0,63.0,44.0,67.0,63.0,35.0,76.0,54.0,31.0,5.0,25.0,24.0,56.0,34.0,90.0,39.0,64.0,54.0,3.0,37.0,63.0,17.0,30.0,35.0,48.0,52.0,63.0,28.0,74.0,17.0,69.0,33.0,2.0,3.0,0,0.5368797133711154,F,1.5,1.0,5,0.5368797133711154,9.0,7.0,4.0,0.0,0.7777777777777778
23.0,45.0,70.0,74.0,59.0,65.0,84.0,25.0,20.0,11.0,70.0,65.0,31.0,63.0,38.0,43.0,67.0,17.0,66.0,44.0,77.0,71.0,31.0,13.0,28.0,66.0,51.0,70.0,60.0,10.0,6.0,90.0,52.0,65.0,68.0,22.0,10.0,39.0,6.0,50.0,18.0,44.0,76.0,26.0,1.0,72.0,55.0,25.0,73.0,56.0,8.0,0,0.5368797133711154,F,1.5,1.0,5,0.5368797133711154,10.0,7.0,4.0,0.0,0.7
69.0,4.0,61.0,82.0,74.0,11.0,52.0,88.0,59.0,56.0,37.0,50.0,39.0,69.0,38.0,22.0,53.0,36.0,60.0,18.0,35.0,42.0,42.0,80.0,41.0,51.0,52.0,53.0,53.0,67.0,72.0,43.0,63.0,64.0,18.0,87.0,43.0,41.0,43.0,82.0,40.0,16.0,49.0,39.0,86.0,42.0,18.0,74.0,50.0,66.0,5.0,1,0.5368797133711154,F,1.5,1.0,5,0.5368797133711154,11.0,8.0,4.0,0.0,0.7272727272727273
41.0,48.0,88.0,66.0,3.0,16.0,7.0,88.0,58.0,3.0,14.0,37.0,71.0,11.0,68.0,35.0,71.0,43.0,22.0,46.0,79.0,14.0,80.0,55.0,16.0,32.0,73.0,32.0,56.0,65.0,71.0,88.0,83.0,1.0,6.0,25.0,84.0,21.0,50.0,18.0,58.0,24.0,38.0,7.0,30.0,21.0,31.0,39.0,15.0,17.0,13.0,1,0.5368797133711154,F,1.5,1.0,5,0.5368797133711154,12.0,9.0,4.0,0.0,0.75
23.0,75.0,72.0,64.0,89.0,13.0,36.0,42.0,31.0,41.0,41.0,5.0,31.0,48.0,10.0,40.0,24.0,1.0,23.0,77.0,39.0,26.0,53.0,69.0,73.0,67.0,18.0,9.0,25.0,68.0,16.0,79.0,15.0,30.0,47.0,87.0,16.0,82.0,24.0,62.0,14.0,23.0,52.0,14.0,52.0,68.0,43.0,40.0,42.0,13.0,3.0,0,0.5368797133711154,F,1.5,1.0,5,0.5368797133711154,13.0,9.0,4.0,0.0,0.6923076923076923
57.0,54.0,50.0,70.0,81.0,8.0,60.0,60.0,39.0,13.0,75.0,12.0,50.0,46.0,38.0,61.0,47.0,69.0,27.0,44.0,13.0,35.0,68.0,28.0,72.0,76.0,58.0,16.0,32.0,20.0,75.0,31.0,35.0,3.0,54.0,87.0,9.0,58.0,13.0,43.0,31.0,38.0,52.0,11.0,30.0,82.0,60.0,64.0,22.0,56.0,1.0,1,0.5368797133711154,F,1.5,0.0,5,0.5368797133711154,13.0,9.0,5.0,1.0,0.4923076923076923
21.0,54.0,61.0,61.0,23.0,40.0,88.0,48.0,78.0,32.0,83.0,54.0,10.0,30.0,16.0,21.0,67.0,36.0,52.0,26.0,83.0,26.0,56.0,59.0,91.0,73.0,33.0,7.0,19.0,47.0,19.0,20.0,17.0,33.0,54.0,48.0,34.0,61.0,4.0,87.0,32.0,46.0,31.0,65.0,63.0,56.0,44.0,70.0,42.0,67.0,1.0,0,0.5368797133711154,F,1.5,0.0,5,0.5368797133711154,13.0,9.0,6.0,1.0,0.5256410256410257
38.0,62.0,13.0,86.0,23.0,18.0,6.0,46.0,12.0,87.0,3.0,42.0,8.0,63.0,78.0,44.0,12.0,1.0,25.0,94.0,77.0,39.0,19.0,70.0,67.0,49.0,58.0,5.0,73.0,32.0,34.0,79.0,15.0,1.0,43.0,41.0,22.0,12.0,4.0,80.0,41.0,16.0,76.0,39.0,86.0,72.0,18.0,63.0,69.0,45.0,4.0,1,0.5368797133711154,F,1.5,1.0,5,0.5368797133711154,14.0,10.0,6.0,1.0,0.5476190476190477
39.0,22.0,67.0,85.0,70.0,24.0,22.0,84.0,64.0,37.0,3.0,12.0,53.0,59.0,18.0,22.0,18.0,91.0,56.0,85.0,11.0,10.0,55.0,76.0,73.0,77.0,17.0,67.0,54.0,26.0,24.0,71.0,56.0,29.0,13.0,62.0,1.0,45.0,17.0,27.0,65.0,36.0,56.0,63.0,27.0,42.0,64.0,17.0,42.0,33.0,4.0,0,0.5368797133711154,F,1.5,1.0,5,0.5368797133711154,15.0,10.0,6.0,1.0,0.5
26.0,22.0,74.0,61.0,34.0,89.0,15.0,79.0,76.0,47.0,84.0,86.0,63.0,21.0,28.0,77.0,40.0,53.0,13.0,32.0,1.0,71.0,21.0,68.0,69.0,59.0,46.0,29.0,49.0,33.0,5.0,67.0,1.0,61.0,63.0,32.0,38.0,46.0,38.0,19.0,40.0,22.0,9.0,8.0,64.0,82.0,68.0,69.0,81.0,54.0,13.0,1,0.5368797133711154,F,1.5,1.0,5,0.5368797133711154,16.0,11.0,6.0,1.0,0.5208333333333334
43.0,29.0,70.0,91.0,10.0,40.0,42.0,9.0,64.0,84.0,72.0,81.0,71.0,75.0,46.0,24.0,50.0,65.0,38.0,21.0,67.0,1.0,82.0,49.0,32.0,36.0,76.0,23.0,22.0,11.0,5.0,90.0,27.0,64.0,46.0,54.0,16.0,37.0,24.0,87.0,49.0,73.0,41.0,14.0,34.0,65.0,21.0,38.0,84.0,64.0,14.0,0,0.5368797133711154,F,1.5,1.0,5,0.5368797133711154,17.0,11.0,6.0,1.0,0.48039215686274517
43.0,51.0,36.0,74.0,26.0,58.0,5.0,16.0,66.0,78.0,61.0,76.0,38.0,38.0,18.0,53.0,56.0,88.0,45.0,65.0,89.0,4.0,55.0,76.0,30.0,10.0,33.0,5.0,36.0,68.0,68.0,7.0,60.0,70.0,23.0,17.0,38.0,30.0,56.0,43.0,52.0,10.0,34.0,47.0,27.0,27.0,38.0,37.0,1.0,11.0,11.0,1,0.5368797133711154,F,1.5,1.0,5,0.5368797133711154,18.0,12.0,6.0,1.0,0.5
58.0,26.0,56.0,81.0,10.0,67.0,65.0,49.0,39.0,64.0,28.0,75.0,8.0,63.0,78.0,58.0,65.0,69.0,71.0,24.0,68.0,3.0,2.0,78.0,45.0,6.0,33.0,5.0,54.0,74.0,26.0,13.0,43.0,31.0,65.0,28.0,5.0,24.0,41.0,30.0,14.0,70.0,56.0,36.0,37.0,53.0,37.0,66.0,60.0,24.0,13.0,0,0.5368797133711154,F,1.5,1.0,5,0.5368797133711154,19.0,12.0,6.0,1.0,0.4649122807017544
15.0,17.0,96.0,70.0,47.0,95.0,42.0,61.0,27.0,39.0,59.0,34.0,72.0,9.0,71.0,44.0,34.0,33.0,24.0,10.0,53.0,49.0,77.0,103.0,32.0,13.0,58.0,70.0,48.0,34.0,15.0,79.0,22.0,29.0,66.0,65.0,7.0,35.0,54.0,50.0,54.0,54.0,12.0,3.0,57.0,10.0,18.0,2.0,30.0,45.0,5.0,1,0.5368797133711154,F,1.5,1.0,5,0.5368797133711154,20.0,13.0,6.0,1.0,0.4833333333333334
69.0,45.0,13.0,66.0,24.0,58.0,69.0,25.0,3.0,33.0,85.0,56.0,77.0,27.0,70.0,59.0,16.0,52.0,50.0,40.0,92.0,26.0,40.0,30.0,34.0,41.0,10.0,49.0,81.0,17.0,36.0,21.0,10.0,72.0,54.0,60.0,63.0,85.0,50.0,26.0,10.0,37.0,8.0,63.0,76.0,70.0,13.0,52.0,62.0,33.0,3.0,1,0.5368797133711154,F,1.5,1.0,5,0.5368797133711154,21.0,14.0,6.0,1.0,0.5
50.0,1.0,38.0,72.0,5.0,59.0,83.0,77.0,25.0,4.0,52.0,56.0,12.0,14.0,44.0,73.0,24.0,22.0,56.0,17.0,63.0,75.0,55.0,66.0,32.0,73.0,58.0,48.0,24.0,57.0,10.0,87.0,79.0,29.0,28.0,85.0,24.0,55.0,13.0,7.0,46.0,58.0,37.0,15.0,17.0,81.0,9.0,69.0,54.0,2.0,1.0,1,0.5368797133711154,F,1.5,0.0,5,0.5368797133711154,21.0,14.0,7.0,2.0,0.38095238095238093
35.0,84.0,101.0,64.0,61.0,80.0,27.0,33.0,59.0,6.0,22.0,13.0,39.0,3.0,23.0,13.0,43.0,3.0,56.0,47.0,51.0,20.0,63.0,14.0,36.0,2.0,76.0,29.0,70.0,51.0,76.0,6.0,19.0,6.0,6.0,3.0,54.0,45.0,2.0,20.0,14.0,3.0,69.0,11.0,27.0,2.0,18.0,44.0,50.0,45.0,11.0,1,0.5368797133711154,F,1.5,1.0,5,0.5368797133711154,22.0,15.0,7.0,2.0,0.39610389610389607
54.0,54.0,91.0,72.0,5.0,44.0,84.0,36.0,20.0,13.0,48.0,45.0,32.0,24.0,39.0,73.0,33.0,48.0,18.0,69.0,11.0,72.0,5.0,56.0,70.0,94.0,64.0,19.0,73.0,45.0,10.0,50.0,9.0,69.0,65.0,73.0,16.0,64.0,54.0,84.0,40.0,48.0,59.0,27.0,10.0,32.0,36.0,37.0,24.0,37.0,5.0,0,0.5368797133711154,F,1.5,1.0,5,0.5368797133711154,23.0,15.0,7.0,2.0,0.36645962732919257
75.0,54.0,99.0,90.0,4.0,21.0,42.0,8.0,13.0,47.0,9.0,73.0,77.0,27.0,50.0,6.0,35.0,46.0,11.0,3.0,1.0,84.0,55.0,87.0,85.0,58.0,14.0,1.0,31.0,69.0,28.0,34.0,66.0,73.0,65.0,46.0,71.0,35.0,48.0,69.0,11.0,11.0,41.0,20.0,21.0,32.0,67.0,33.0,76.0,24.0,8.0,1,0.5368797133711154,F,1.5,1.0,5,0.5368797133711154,24.0,16.0,7.0,2.0,0.38095238095238093
73.0,54.0,57.0,61.0,47.0,75.0,80.0,7.0,15.0,56.0,47.0,84.0,8.0,58.0,28.0,61.0,15.0,35.0,67.0,66.0,83.0,53.0,2.0,82.0,61.0,41.0,68.0,70.0,51.0,6.0,27.0,79.0,49.0,33.0,7.0,50.0,50.0,65.0,44.0,43.0,52.0,20.0,8.0,77.0,71.0,32.0,62.0,78.0,75.0,58.0,5.0,1,0.5368797133711154,F,1.5,1.0,5,0.5368797133711154,25.0,17.0,7.0,2.0,0.39428571428571435
79.0,87.0,37.0,70.0,39.0,75.0,34.0,49.0,72.0,79.0,22.0,21.0,18.0,27.0,67.0,44.0,30.0,36.0,50.0,8.0,1.0,67.0,34.0,46.0,39.0,84.0,1.0,67.0,44.0,20.0,34.0,79.0,30.0,73.0,46.0,28.0,71.0,46.0,11.0,74.0,52.0,72.0,10.0,11.0,23.0,82.0,43.0,75.0,54.0,1.0,2.0,1,0.5368797133711154,F,1.5,1.0,5,0.5368797133711154,26.0,18.0,7.0,2.0,0.4065934065934066
7.0,8.0,30.0,87.0,38.0,6.0,80.0,41.0,74.0,2.0,16.0,17.0,71.0,9.0,34.0,45.0,55.0,69.0,23.0,78.0,39.0,20.0,19.0,102.0,32.0,46.0,55.0,70.0,37.0,50.0,8.0,79.0,21.0,9.0,47.0,9.0,5.0,70.0,4.0,69.0,52.0,4.0,4.0,67.0,25.0,87.0,59.0,39.0,15.0,26.0,5.0,0,0.5368797133711154,F,1.5,1.0,5,0.5368797133711154,27.0,18.0,7.0,2.0,0.38095238095238093
45.0,26.0,38.0,91.0,20.0,81.0,7.0,93.0,38.0,22.0,39.0,13.0,65.0,63.0,59.0,61.0,53.0,18.0,50.0,52.0,90.0,43.0,55.0,78.0,87.0,79.0,58.0,11.0,81.0,50.0,79.0,57.0,43.0,9.0,14.0,50.0,16.0,41.0,8.0,17.0,23.0,2.0,57.0,2.0,82.0,32.0,16.0,64.0,45.0,24.0,1.0,0,0.5368797133711154,F,1.5,0.0,5,0.5368797133711154,27.0,18.0,8.0,2.0,0.41666666666666663
79.0,73.0,101.0,85.0,83.0,23.0,76.0,75.0,34.0,11.0,12.0,47.0,19.0,75.0,4.0,6.0,53.0,82.0,16.0,48.0,33.0,5.0,1.0,21.0,31.0,9.0,33.0,47.0,81.0,75.0,38.0,48.0,15.0,2.0,54.0,50.0,56.0,63.0,41.0,83.0,27.0,54.0,60.0,8.0,52.0,16.0,43.0,75.0,7.0,26.0,1.0,0,0.5368797133711154,F,1.5,0.0,5,0.5368797133711154,27.0,18.0,9.0,2.0,0.4444444444444444
27.0,24.0,79.0,66.0,39.0,35.0,71.0,3.0,76.0,39.0,66.0,15.0,71.0,21.0,34.0,52.0,19.0,7.0,50.0,17.0,37.0,16.0,46.0,87.0,60.0,90.0,74.0,64.0,81.0,51.0,18.0,53.0,43.0,69.0,65.0,1.0,83.0,21.0,67.0,62.0,17.0,11.0,12.0,20.0,35.0,38.0,38.0,56.0,1.0,24.0,14.0,0,0.5368797133711154,F,1.5,1.0,5,0.5368797133711154,28.0,18.0,9.0,2.0,0.4206349206349207
12.0,67.0,43.0,64.0,77.0,62.0,92.0,41.0,23.0,13.0,3.0,83.0,67.0,21.0,27.0,62.0,10.0,6.0,46.0,24.0,55.0,66.0,47.0,28.0,26.0,31.0,25.0,66.0,54.0,68.0,66.0,11.0,12.0,69.0,52.0,62.0,16.0,61.0,4.0,9.0,8.0,70.0,49.0,63.0,60.0,77.0,7.0,18.0,27.0,59.0,1.0,1,0.5368797133711154,F,1.5,0.0,5,0.5368797133711154,28.0,18.0,10.0,3.0,0.3428571428571429
65.0,54.0,96.0,70.0,41.0,73.0,52.0,64.0,26.0,84.0,29.0,77.0,22.0,11.0,21.0,73.0,30.0,48.0,20.0,62.0,63.0,30.0,75.0,86.0,52.0,79.0,32.0,7.0,81.0,20.0,44.0,49.0,43.0,4.0,28.0,28.0,24.0,35.0,65.0,80.0,52.0,18.0,18.0,11.0,30.0,86.0,60.0,31.0,82.0,73.0,9.0,1,0.5368797133711154,F,1.5,1.0,5,0.5368797133711154,29.0,19.0,10.0,3.0,0.35517241379310344
63.0,75.0,65.0,87.0,20.0,90.0,77.0,6.0,32.0,33.0,83.0,54.0,10.0,15.0,76.0,3.0,71.0,61.0,24.0,89.0,27.0,18.0,8.0,78.0,53.0,31.0,68.0,13.0,36.0,26.0,55.0,2.0,15.0,64.0,6.0,81.0,66.0,46.0,6.0,65.0,14.0,47.0,75.0,63.0,85.0,18.0,33.0,55.0,72.0,17.0,4.0,1,0.5368797133711154,F,1.5,1.0,5,0.5368797133711154,30.0,20.0,10.0,3.0,0.36666666666666664
3.0,54.0,75.0,75.0,47.0,2.0,28.0,84.0,47.0,39.0,12.0,24.0,38.0,27.0,78.0,22.0,30.0,17.0,59.0,90.0,61.0,85.0,73.0,43.0,32.0,70.0,12.0,44.0,22.0,66.0,13.0,80.0,19.0,69.0,23.0,78.0,10.0,10.0,67.0,27.0,68.0,76.0,69.0,44.0,35.0,82.0,38.0,25.0,81.0,9.0,1.0,0,0.5368797133711154,F,1.5,0.0,5,0.5368797133711154,30.0,20.0,11.0,3.0,0.3939393939393939
84.0,48.0,50.0,63.0,18.0,93.0,44.0,37.0,15.0,29.0,83.0,86.0,53.0,56.0,48.0,16.0,7.0,85.0,52.0,25.0,61.0,52.0,30.0,90.0,67.0,41.0,55.0,56.0,19.0,68.0,61.0,56.0,43.0,22.0,63.0,17.0,71.0,70.0,24.0,5.0,3.0,6.0,47.0,7.0,35.0,38.0,58.0,39.0,77.0,25.0,1.0,1,0.5368797133711154,F,1.5,0.0,5,0.5368797133711154,30.0,20.0,12.0,4.0,0.3333333333333333
2.0,32.0,16.0,69.0,3.0,16.0,5.0,43.0,14.0,52.0,69.0,69.0,52.0,46.0,29.0,62.0,67.0,55.0,27.0,78.0,35.0,7.0,62.0,42.0,79.0,3.0,54.0,15.0,31.0,49.0,65.0,2.0,43.0,64.0,13.0,25.0,60.0,45.0,6.0,48.0,52.0,36.0,59.0,17.0,16.0,58.0,7.0,58.0,58.0,54.0,2.0,1,0.5368797133711154,F,1.5,1.0,5,0.5368797133711154,31.0,21.0,12.0,4.0,0.3440860215053763
79.0,16.0,79.0,72.0,5.0,75.0,92.0,29.0,68.0,37.0,9.0,65.0,8.0,27.0,50.0,39.0,67.0,82.0,49.0,89.0,16.0,30.0,14.0,18.0,81.0,41.0,7.0,9.0,29.0,55.0,72.0,49.0,12.0,54.0,72.0,21.0,61.0,44.0,13.0,41.0,62.0,60.0,42.0,22.0,10.0,66.0,43.0,75.0,75.0,61.0,2.0,1,0.5368797133711154,F,1.5,1.0,5,0.5368797133711154,32.0,22.0,12.0,4.0,0.3541666666666667
23.0,38.0,100.0,86.0,24.0,11.0,69.0,16.0,42.0,13.0,72.0,69.0,30.0,17.0,17.0,14.0,36.0,68.0,61.0,40.0,33.0,79.0,67.0,16.0,52.0,43.0,22.0,15.0,65.0,50.0,14.0,90.0,67.0,46.0,18.0,68.0,24.0,61.0,43.0,65.0,58.0,29.0,45.0,34.0,45.0,68.0,7.0,75.0,3.0,56.0,1.0,1,0.5368797133711154,F,1.5,0.0,5,0.5368797133711154,32.0,22.0,13.0,5.0,0.30288461538461536
81.0,56.0,47.0,87.0,15.0,96.0,11.0,17.0,12.0,60.0,81.0,73.0,52.0,25.0,41.0,2.0,35.0,46.0,46.0,90.0,24.0,9.0,47.0,9.0,73.0,28.0,46.0,33.0,39.0,49.0,45.0,33.0,52.0,5.0,23.0,66.0,21.0,35.0,50.0,9.0,62.0,45.0,57.0,25.0,14.0,19.0,43.0,65.0,81.0,74.0,1.0,0,0.5368797133711154,F,1.5,0.0,5,0.5368797133711154,32.0,22.0,14.0,5.0,0.33035714285714285
79.0,38.0,29.0,90.0,75.0,89.0,15.0,33.0,48.0,8.0,50.0,3.0,27.0,46.0,35.0,53.0,64.0,3.0,46.0,42.0,43.0,10.0,79.0,20.0,54.0,73.0,78.0,9.0,56.0,45.0,15.0,48.0,16.0,42.0,34.0,71.0,18.0,44.0,61.0,28.0,42.0,17.0,20.0,27.0,30.0,54.0,34.0,38.0,39.0,38.0,9.0,1,0.5368797133711154,F,1.5,1.0,5,0.5368797133711154,33.0,23.0,14.0,5.0,0.33982683982683987
12.0,36.0,29.0,86.0,56.0,80.0,40.0,33.0,71.0,23.0,75.0,66.0,8.0,4.0,24.0,59.0,35.0,18.0,18.0,73.0,5.0,73.0,35.0,6.0,12.0,3.0,40.0,5.0,42.0,34.0,34.0,46.0,39.0,59.0,54.0,30.0,23.0,67.0,32.0,35.0,1.0,39.0,34.0,43.0,27.0,59.0,18.0,85.0,21.0,33.0,9.0,0,0.5368797133711154,F,1.5,1.0,5,0.5368797133711154,34.0,23.0,14.0,5.0,0.319327731092437
45.0,13.0,13.0,66.0,81.0,30.0,5.0,46.0,44.0,13.0,61.0,53.0,71.0,57.0,29.0,54.0,71.0,80.0,20.0,44.0,81.0,27.0,64.0,78.0,45.0,34.0,22.0,59.0,47.0,55.0,22.0,92.0,72.0,17.0,54.0,54.0,9.0,58.0,17.0,46.0,31.0,1.0,8.0,17.0,30.0,69.0,45.0,75.0,1.0,5.0,1.0,0,0.5368797133711154,F,1.5,0.0,5,0.5368797133711154,34.0,23.0,15.0,5.0,0.34313725490196084
32.0,86.0,87.0,89.0,47.0,78.0,64.0,61.0,38.0,29.0,68.0,86.0,71.0,67.0,53.0,61.0,46.0,54.0,52.0,38.0,84.0,67.0,64.0,43.0,85.0,17.0,69.0,47.0,73.0,32.0,52.0,49.0,10.0,66.0,65.0,4.0,48.0,31.0,32.0,70.0,18.0,17.0,17.0,49.0,27.0,37.0,68.0,85.0,50.0,26.0,1.0,0,0.5368797133711154,F,1.5,0.0,5,0.5368797133711154,34.0,23.0,16.0,5.0,0.36397058823529416
45.0,12.0,74.0,90.0,75.0,67.0,85.0,40.0,19.0,59.0,63.0,84.0,8.0,58.0,17.0,73.0,71.0,1.0,33.0,73.0,51.0,69.0,21.0,68.0,71.0,6.0,22.0,53.0,55.0,26.0,1.0,88.0,22.0,3.0,60.0,78.0,7.0,31.0,1.0,69.0,23.0,39.0,58.0,41.0,72.0,32.0,66.0,44.0,33.0,13.0,13.0,1,0.5368797133711154,F,1.5,1.0,5,0.5368797133711154,35.0,24.0,16.0,5.0,0.3732142857142857
32.0,54.0,46.0,72.0,3.0,94.0,12.0,22.0,30.0,19.0,13.0,77.0,16.0,61.0,23.0,76.0,19.0,58.0,5.0,28.0,38.0,73.0,80.0,8.0,92.0,34.0,22.0,51.0,36.0,54.0,71.0,60.0,17.0,78.0,6.0,69.0,65.0,4.0,4.0,29.0,39.0,52.0,12.0,3.0,17.0,68.0,14.0,69.0,42.0,76.0,10.0,1,0.5368797133711154,F,1.5,1.0,5,0.5368797133711154,36.0,25.0,16.0,5.0,0.3819444444444444
50.0,36.0,101.0,87.0,59.0,62.0,45.0,3.0,75.0,30.0,16.0,32.0,76.0,59.0,41.0,68.0,18.0,60.0,52.0,20.0,51.0,71.0,67.0,86.0,30.0,86.0,8.0,53.0,81.0,39.0,34.0,66.0,15.0,48.0,43.0,83.0,61.0,42.0,49.0,17.0,2.0,18.0,12.0,34.0,5.0,59.0,68.0,75.0,3.0,72.0,5.0,1,0.5368797133711154,F,1.5,1.0,5,0.5368797133711154,37.0,26.0,16.0,5.0,0.39020270270270274
21.0,77.0,27.0,61.0,20.0,51.0,48.0,16.0,48.0,69.0,50.0,39.0,11.0,62.0,23.0,16.0,12.0,22.0,3.0,27.0,73.0,63.0,23.0,76.0,48.0,95.0,1.0,61.0,68.0,26.0,57.0,79.0,4.0,11.0,54.0,46.0,26.0,70.0,13.0,50.0,24.0,70.0,9.0,4.0,30.0,32.0,25.0,25.0,64.0,64.0,11.0,1,0.5368797133711154,F,1.5,1.0,5,0.5368797133711154,38.0,27.0,16.0,5.0,0.3980263157894737
21.0,69.0,38.0,81.0,68.0,38.0,88.0,46.0,22.0,6.0,16.0,77.0,31.0,2.0,70.0,16.0,53.0,55.0,50.0,24.0,19.0,7.0,35.0,78.0,5.0,74.0,52.0,34.0,43.0,45.0,41.0,9.0,67.0,32.0,65.0,9.0,16.0,43.0,8.0,20.0,42.0,22.0,38.0,81.0,67.0,26.0,65.0,54.0,69.0,22.0,1.0,0,0.5368797133711154,F,1.5,0.0,5,0.5368797133711154,38.0,27.0,17.0,5.0,0.41640866873065013
54.0,77.0,84.0,70.0,3.0,48.0,26.0,84.0,31.0,64.0,12.0,77.0,50.0,25.0,53.0,40.0,30.0,98.0,13.0,44.0,6.0,68.0,35.0,12.0,45.0,49.0,1.0,70.0,60.0,54.0,16.0,11.0,14.0,17.0,51.0,24.0,71.0,30.0,58.0,40.0,54.0,57.0,57.0,70.0,86.0,67.0,66.0,29.0,70.0,1.0,1.0,0,0.5368797133711154,F,1.5,0.0,5,0.5368797133711154,38.0,27.0,18.0,5.0,0.4327485380116959
54.0,19.0,16.0,77.0,80.0,13.0,76.0,42.0,29.0,85.0,3.0,39.0,57.0,67.0,34.0,7.0,77.0,7.0,75.0,24.0,61.0,43.0,1.0,8.0,52.0,58.0,7.0,25.0,22.0,55.0,38.0,92.0,52.0,64.0,43.0,49.0,16.0,58.0,3.0,60.0,54.0,70.0,8.0,43.0,2.0,87.0,68.0,42.0,84.0,19.0,13.0,0,0.5368797133711154,F,1.5,1.0,5,0.5368797133711154,39.0,27.0,18.0,5.0,0.4145299145299145
69.0,50.0,14.0,72.0,39.0,44.0,56.0,84.0,32.0,87.0,26.0,73.0,4.0,27.0,55.0,44.0,65.0,97.0,6.0,1.0,57.0,52.0,80.0,105.0,60.0,41.0,47.0,32.0,54.0,43.0,80.0,23.0,25.0,64.0,4.0,87.0,37.0,46.0,22.0,27.0,40.0,17.0,60.0,45.0,68.0,12.0,38.0,75.0,73.0,33.0,13.0,1,0.5368797133711154,F,1.5,1.0,5,0.5368797133711154,40.0,28.0,18.0,5.0,0.42222222222222217
48.0,83.0,91.0,66.0,80.0,10.0,11.0,29.0,38.0,22.0,12.0,9.0,43.0,53.0,68.0,44.0,65.0,60.0,49.0,54.0,33.0,9.0,79.0,84.0,6.0,9.0,1.0,22.0,35.0,64.0,57.0,88.0,19.0,60.0,50.0,85.0,16.0,2.0,17.0,59.0,31.0,39.0,47.0,77.0,35.0,35.0,37.0,69.0,64.0,9.0,5.0,1,0.5368797133711154,F,1.5,1.0,5,0.5368797133711154,41.0,29.0,18.0,5.0,0.4295392953929539
35.0,4.0,24.0,82.0,82.0,30.0,88.0,62.0,72.0,59.0,74.0,56.0,65.0,75.0,23.0,35.0,50.0,92.0,31.0,97.0,41.0,48.0,67.0,30.0,64.0,73.0,22.0,23.0,33.0,68.0,58.0,56.0,79.0,58.0,54.0,46.0,74.0,32.0,23.0,22.0,1.0,17.0,18.0,15.0,67.0,32.0,66.0,62.0,67.0,24.0,1.0,1,0.5368797133711154,F,1.5,0.0,5,0.5368797133711154,41.0,29.0,19.0,6.0,0.39152759948652116
73.0,83.0,67.0,66.0,18.0,77.0,77.0,9.0,26.0,30.0,73.0,15.0,71.0,31.0,79.0,6.0,42.0,36.0,69.0,48.0,63.0,84.0,71.0,80.0,32.0,9.0,36.0,9.0,41.0,11.0,38.0,90.0,43.0,24.0,47.0,26.0,52.0,13.0,22.0,58.0,16.0,8.0,47.0,67.0,63.0,46.0,20.0,31.0,42.0,24.0,8.0,1,0.5368797133711154,F,1.5,1.0,5,0.5368797133711154,42.0,30.0,19.0,6.0,0.3984962406015038
79.0,22.0,79.0,66.0,18.0,44.0,11.0,36.0,59.0,41.0,76.0,58.0,32.0,63.0,34.0,40.0,65.0,67.0,8.0,78.0,11.0,63.0,67.0,30.0,30.0,57.0,27.0,22.0,41.0,45.0,59.0,83.0,19.0,10.0,65.0,1.0,18.0,82.0,22.0,21.0,14.0,13.0,8.0,51.0,73.0,77.0,55.0,60.0,60.0,11.0,5.0,0,0.5368797133711154,F,1.5,1.0,5,0.5368797133711154,43.0,30.0,19.0,6.0,0.38188494492044067
62.0,10.0,58.0,77.0,3.0,36.0,11.0,21.0,54.0,9.0,74.0,56.0,67.0,26.0,66.0,10.0,65.0,5.0,63.0,97.0,63.0,63.0,67.0,90.0,21.0,38.0,40.0,70.0,73.0,64.0,16.0,88.0,19.0,20.0,37.0,48.0,14.0,2.0,55.0,36.0,28.0,43.0,8.0,7.0,86.0,68.0,34.0,42.0,24.0,58.0,9.0,1,0.5368797133711154,F,1.5,1.0,5,0.5368797133711154,44.0,31.0,19.0,6.0,0.3887559808612441
79.0,77.0,96.0,87.0,20.0,94.0,10.0,25.0,78.0,33.0,66.0,42.0,21.0,4.0,1.0,6.0,30.0,68.0,60.0,18.0,73.0,44.0,83.0,94.0,41.0,91.0,58.0,25.0,41.0,26.0,30.0,82.0,22.0,52.0,28.0,21.0,83.0,56.0,47.0,44.0,35.0,38.0,8.0,79.0,21.0,77.0,2.0,42.0,72.0,76.0,14.0,1,0.5368797133711154,F,1.5,1.0,5,0.5368797133711154,45.0,32.0,19.0,6.0,0.39532163742690063
55.0,52.0,59.0,77.0,33.0,78.0,3.0,77.0,21.0,56.0,16.0,56.0,63.0,73.0,55.0,49.0,55.0,31.0,50.0,102.0,30.0,18.0,67.0,26.0,12.0,79.0,48.0,27.0,54.0,32.0,8.0,42.0,37.0,74.0,48.0,69.0,18.0,34.0,17.0,54.0,50.0,25.0,45.0,45.0,45.0,68.0,64.0,64.0,60.0,15.0,1.0,0,0.5368797133711154,F,1.5,0.0,5,0.5368797133711154,45.0,32.0,20.0,6.0,0.41111111111111115
24.0,75.0,45.0,66.0,64.0,78.0,55.0,51.0,59.0,56.0,42.0,3.0,8.0,3.0,61.0,44.0,38.0,57.0,42.0,101.0,67.0,30.0,35.0,65.0,53.0,9.0,12.0,11.0,75.0,24.0,13.0,84.0,43.0,64.0,18.0,24.0,12.0,90.0,24.0,84.0,12.0,52.0,12.0,14.0,54.0,57.0,18.0,39.0,74.0,33.0,13.0,1,0.5368797133711154,F,1.5,1.0,5,0.5368797133711154,46.0,33.0,20.0,6.0,0.41739130434782606
58.0,12.0,96.0,77.0,47.0,52.0,84.0,49.0,76.0,45.0,47.0,17.0,1.0,11.0,39.0,51.0,28.0,91.0,28.0,78.0,32.0,53.0,35.0,87.0,65.0,51.0,60.0,29.0,62.0,1.0,69.0,92.0,12.0,6.0,28.0,5.0,56.0,69.0,60.0,28.0,35.0,4.0,18.0,25.0,30.0,48.0,13.0,35.0,16.0,66.0,13.0,0,0.5368797133711154,F,1.5,1.0,5,0.5368797133711154,47.0,33.0,20.0,6.0,0.4021276595744681
45.0,22.0,91.0,72.0,39.0,37.0,11.0,66.0,72.0,29.0,83.0,70.0,27.0,6.0,28.0,33.0,26.0,69.0,43.0,40.0,55.0,56.0,55.0,75.0,77.0,37.0,38.0,27.0,58.0,8.0,17.0,74.0,37.0,64.0,46.0,3.0,42.0,24.0,10.0,88.0,5.0,16.0,31.0,28.0,31.0,53.0,18.0,7.0,50.0,66.0,3.0,1,0.5368797133711154,F,1.5,1.0,5,0.5368797133711154,48.0,34.0,20.0,6.0,0.4083333333333334
28.0,51.0,13.0,66.0,20.0,40.0,33.0,84.0,28.0,66.0,48.0,26.0,74.0,65.0,60.0,50.0,18.0,53.0,50.0,102.0,20.0,81.0,46.0,5.0,73.0,9.0,65.0,21.0,52.0,34.0,10.0,58.0,52.0,46.0,26.0,32.0,24.0,43.0,20.0,25.0,52.0,47.0,51.0,31.0,49.0,69.0,12.0,64.0,34.0,56.0,5.0,1,0.5368797133711154,F,1.5,1.0,5,0.5368797133711154,49.0,35.0,20.0,6.0,0.4142857142857143
28.0,4.0,22.0,77.0,75.0,44.0,80.0,48.0,5.0,74.0,32.0,36.0,63.0,56.0,33.0,44.0,43.0,46.0,23.0,67.0,67.0,24.0,59.0,55.0,16.0,9.0,12.0,5.0,54.0,30.0,16.0,91.0,35.0,38.0,23.0,71.0,48.0,10.0,65.0,22.0,30.0,16.0,14.0,52.0,35.0,72.0,55.0,75.0,84.0,33.0,3.0,1,0.5368797133711154,F,1.5,1.0,5,0.5368797133711154,50.0,36.0,20.0,6.0,0.42
3.0,54.0,88.0,66.0,89.0,49.0,32.0,48.0,3.0,57.0,15.0,3.0,64.0,28.0,36.0,33.0,36.0,97.0,50.0,24.0,80.0,26.0,2.0,70.0,32.0,28.0,36.0,33.0,41.0,26.0,22.0,18.0,30.0,36.0,43.0,50.0,27.0,42.0,37.0,50.0,67.0,49.0,82.0,37.0,69.0,68.0,58.0,4.0,17.0,60.0,1.0,1,0.5368797133711154,F,1.5,0.0,5,0.5368797133711154,50.0,36.0,21.0,7.0,0.38666666666666666
79.0,40.0,101.0,66.0,7.0,15.0,3.0,77.0,20.0,39.0,17.0,86.0,67.0,52.0,34.0,45.0,52.0,61.0,65.0,17.0,87.0,68.0,67.0,29.0,32.0,47.0,74.0,25.0,50.0,10.0,30.0,82.0,75.0,29.0,8.0,86.0,60.0,88.0,61.0,30.0,8.0,8.0,8.0,49.0,57.0,86.0,63.0,75.0,84.0,72.0,9.0,1,0.5368797133711154,F,1.5,1.0,5,0.5368797133711154,51.0,37.0,21.0,7.0,0.39215686274509803
18.0,17.0,95.0,61.0,35.0,49.0,80.0,73.0,39.0,25.0,36.0,8.0,47.0,25.0,30.0,27.0,30.0,48.0,3.0,24.0,61.0,67.0,2.0,72.0,40.0,56.0,8.0,7.0,32.0,72.0,65.0,46.0,75.0,66.0,23.0,57.0,27.0,76.0,13.0,22.0,14.0,72.0,81.0,3.0,28.0,39.0,30.0,44.0,73.0,26.0,1.0,0,0.5368797133711154,F,1.5,0.0,5,0.5368797133711154,51.0,37.0,22.0,7.0,0.40730837789661317
65.0,49.0,82.0,88.0,28.0,13.0,42.0,41.0,59.0,39.0,84.0,21.0,35.0,58.0,48.0,50.0,22.0,82.0,12.0,85.0,6.0,66.0,57.0,58.0,39.0,82.0,32.0,11.0,44.0,64.0,32.0,66.0,69.0,35.0,33.0,87.0,10.0,10.0,37.0,80.0,31.0,68.0,38.0,51.0,27.0,77.0,20.0,75.0,78.0,55.0,6.0,1,0.5368797133711154,F,1.5,1.0,5,0.5368797133711154,52.0,38.0,22.0,7.0,0.41258741258741255
28.0,54.0,72.0,70.0,13.0,25.0,58.0,73.0,21.0,72.0,77.0,13.0,10.0,29.0,12.0,35.0,43.0,85.0,50.0,48.0,65.0,79.0,55.0,51.0,30.0,28.0,10.0,9.0,29.0,8.0,65.0,79.0,22.0,60.0,63.0,65.0,50.0,76.0,22.0,31.0,31.0,38.0,20.0,44.0,30.0,68.0,36.0,18.0,14.0,81.0,3.0,0,0.5368797133711154,F,1.5,1.0,5,0.5368797133711154,53.0,38.0,22.0,7.0,0.3987993138936535
81.0,54.0,98.0,91.0,55.0,34.0,60.0,41.0,53.0,13.0,12.0,64.0,34.0,21.0,56.0,51.0,68.0,69.0,56.0,24.0,6.0,18.0,1.0,88.0,61.0,21.0,45.0,14.0,73.0,26.0,40.0,48.0,11.0,29.0,9.0,21.0,5.0,55.0,24.0,59.0,3.0,39.0,2.0,61.0,30.0,8.0,66.0,4.0,64.0,18.0,13.0,0,0.5368797133711154,F,1.5,1.0,5,0.5368797133711154,54.0,38.0,22.0,7.0,0.38552188552188554
77.0,49.0,67.0,66.0,18.0,15.0,25.0,29.0,58.0,29.0,24.0,68.0,48.0,75.0,80.0,39.0,73.0,95.0,27.0,93.0,75.0,26.0,25.0,78.0,61.0,37.0,8.0,13.0,75.0,68.0,79.0,7.0,43.0,82.0,6.0,76.0,24.0,37.0,24.0,34.0,22.0,67.0,47.0,6.0,64.0,52.0,46.0,72.0,57.0,19.0,1.0,1,0.5368797133711154,F,1.5,0.0,5,0.5368797133711154,54.0,38.0,23.0,8.0,0.355877616747182
63.0,26.0,95.0,85.0,75.0,11.0,70.0,68.0,72.0,6.0,49.0,5.0,30.0,4.0,46.0,3.0,65.0,1.0,50.0,17.0,9.0,1.0,55.0,9.0,24.0,39.0,22.0,70.0,22.0,41.0,45.0,50.0,70.0,27.0,34.0,5.0,16.0,70.0,26.0,67.0,29.0,4.0,17.0,8.0,34.0,8.0,18.0,13.0,26.0,24.0,14.0,0,0.5368797133711154,F,1.5,1.0,5,0.5368797133711154,55.0,38.0,23.0,8.0,0.3430830039525692
42.0,54.0,27.0,87.0,26.0,42.0,11.0,77.0,40.0,29.0,39.0,3.0,71.0,55.0,38.0,73.0,35.0,3.0,60.0,94.0,79.0,18.0,65.0,39.0,12.0,32.0,53.0,25.0,29.0,17.0,38.0,11.0,9.0,29.0,43.0,70.0,7.0,51.0,8.0,41.0,1.0,58.0,78.0,25.0,69.0,68.0,35.0,70.0,71.0,16.0,8.0,0,0.5368797133711154,F,1.5,1.0,5,0.5368797133711154,56.0,38.0,23.0,8.0,0.3307453416149069
58.0,34.0,99.0,77.0,3.0,67.0,54.0,66.0,66.0,6.0,39.0,13.0,63.0,21.0,4.0,50.0,19.0,26.0,33.0,89.0,26.0,50.0,65.0,103.0,7.0,60.0,58.0,9.0,58.0,20.0,61.0,84.0,4.0,64.0,46.0,15.0,16.0,56.0,32.0,28.0,20.0,6.0,39.0,6.0,27.0,46.0,2.0,39.0,67.0,81.0,2.0,1,0.5368797133711154,F,1.5,1.0,5,0.5368797133711154,57.0,39.0,23.0,8.0,0.33638443935926776
79.0,48.0,13.0,63.0,44.0,81.0,52.0,89.0,32.0,15.0,82.0,36.0,70.0,75.0,71.0,61.0,35.0,83.0,32.0,54.0,63.0,75.0,47.0,87.0,57.0,79.0,28.0,41.0,79.0,45.0,48.0,47.0,25.0,1.0,71.0,79.0,70.0,47.0,54.0,9.0,53.0,12.0,32.0,61.0,45.0,26.0,18.0,69.0,73.0,15.0,4.0,1,0.5368797133711154,F,1.5,1.0,5,0.5368797133711154,58.0,40.0,23.0,8.0,0.3418290854572714
66.0,21.0,13.0,66.0,49.0,84.0,78.0,67.0,61.0,64.0,9.0,35.0,17.0,11.0,6.0,65.0,43.0,16.0,50.0,70.0,69.0,22.0,71.0,17.0,59.0,92.0,22.0,39.0,44.0,48.0,13.0,88.0,49.0,23.0,63.0,65.0,72.0,37.0,69.0,23.0,3.0,16.0,63.0,13.0,30.0,56.0,14.0,64.0,66.0,19.0,9.0,0,0.5368797133711154,F,1.5,1.0,5,0.5368797133711154,59.0,40.0,23.0,8.0,0.3301400147383935
75.0,26.0,38.0,77.0,39.0,44.0,46.0,36.0,41.0,51.0,70.0,59.0,62.0,27.0,67.0,70.0,14.0,48.0,36.0,91.0,69.0,30.0,10.0,72.0,79.0,3.0,5.0,13.0,41.0,26.0,34.0,83.0,74.0,73.0,58.0,78.0,19.0,43.0,38.0,7.0,41.0,48.0,40.0,20.0,73.0,65.0,36.0,60.0,10.0,74.0,13.0,0,0.5368797133711154,F,1.5,1.0,5,0.5368797133711154,60.0,40.0,23.0,8.0,0.3188405797101449
14.0,51.0,72.0,66.0,5.0,96.0,11.0,30.0,59.0,81.0,75.0,64.0,53.0,58.0,9.0,27.0,73.0,17.0,16.0,78.0,5.0,14.0,6.0,21.0,71.0,53.0,7.0,70.0,67.0,26.0,47.0,42.0,54.0,32.0,34.0,3.0,37.0,5.0,11.0,9.0,15.0,45.0,23.0,43.0,71.0,48.0,25.0,51.0,54.0,35.0,9.0,0,0.5368797133711154,F,1.5,1.0,5,0.5368797133711154,61.0,40.0,23.0,8.0,0.307911617961511
46.0,10.0,76.0,66.0,12.0,23.0,15.0,56.0,44.0,51.0,23.0,55.0,10.0,64.0,1.0,33.0,13.0,72.0,39.0,93.0,9.0,18.0,61.0,106.0,1.0,41.0,12.0,9.0,58.0,50.0,75.0,17.0,31.0,58.0,33.0,46.0,77.0,13.0,30.0,9.0,1.0,45.0,16.0,5.0,50.0,78.0,18.0,58.0,81.0,5.0,1.0,0,0.5368797133711154,F,1.5,0.0,5,0.5368797133711154,61.0,40.0,24.0,8.0,0.3224043715846994
47.0,29.0,98.0,86.0,40.0,75.0,52.0,11.0,12.0,60.0,52.0,13.0,29.0,37.0,32.0,73.0,39.0,19.0,24.0,9.0,22.0,24.0,36.0,72.0,40.0,90.0,78.0,1.0,47.0,32.0,53.0,1.0,33.0,52.0,23.0,50.0,10.0,82.0,17.0,84.0,1.0,16.0,38.0,64.0,69.0,10.0,64.0,63.0,1.0,76.0,8.0,0,0.5368797133711154,F,1.5,1.0,5,0.5368797133711154,62.0,40.0,24.0,8.0,0.3118279569892473
7.0,54.0,95.0,87.0,82.0,58.0,37.0,92.0,75.0,6.0,12.0,54.0,6.0,37.0,1.0,11.0,2.0,33.0,54.0,66.0,64.0,20.0,48.0,15.0,38.0,63.0,64.0,23.0,81.0,4.0,48.0,33.0,46.0,64.0,65.0,77.0,61.0,13.0,52.0,74.0,29.0,72.0,57.0,54.0,14.0,65.0,33.0,71.0,26.0,72.0,8.0,0,0.5368797133711154,F,1.5,1.0,5,0.5368797133711154,63.0,40.0,24.0,8.0,0.30158730158730157
12.0,31.0,99.0,75.0,82.0,88.0,48.0,91.0,75.0,81.0,75.0,15.0,39.0,27.0,30.0,6.0,51.0,59.0,58.0,24.0,2.0,31.0,35.0,6.0,23.0,47.0,58.0,53.0,42.0,68.0,72.0,33.0,41.0,29.0,72.0,3.0,51.0,83.0,54.0,56.0,52.0,57.0,47.0,11.0,6.0,64.0,18.0,42.0,3.0,35.0,9.0,1,0.5368797133711154,F,1.5,1.0,5,0.5368797133711154,64.0,41.0,24.0,8.0,0.3072916666666667
33.0,54.0,89.0,87.0,80.0,80.0,27.0,89.0,68.0,14.0,77.0,57.0,54.0,46.0,18.0,22.0,39.0,69.0,71.0,25.0,73.0,56.0,67.0,17.0,5.0,26.0,1.0,60.0,41.0,29.0,71.0,71.0,2.0,73.0,54.0,3.0,37.0,81.0,22.0,22.0,8.0,53.0,8.0,5.0,10.0,38.0,68.0,72.0,54.0,17.0,9.0,1,0.5368797133711154,F,1.5,1.0,5,0.5368797133711154,65.0,42.0,24.0,8.0,0.3128205128205129
45.0,38.0,57.0,82.0,3.0,59.0,71.0,5.0,61.0,49.0,3.0,30.0,43.0,39.0,32.0,12.0,34.0,19.0,8.0,67.0,58.0,20.0,1.0,73.0,84.0,82.0,12.0,44.0,72.0,64.0,31.0,13.0,43.0,73.0,2.0,3.0,61.0,43.0,6.0,62.0,49.0,1.0,35.0,63.0,41.0,54.0,23.0,42.0,48.0,50.0,8.0,0,0.5368797133711154,F,1.5,1.0,5,0.5368797133711154,66.0,42.0,24.0,8.0,0.30303030303030304
45.0,36.0,40.0,72.0,75.0,8.0,60.0,31.0,75.0,39.0,5.0,30.0,10.0,17.0,8.0,66.0,30.0,46.0,50.0,30.0,1.0,86.0,10.0,9.0,16.0,6.0,45.0,47.0,71.0,34.0,59.0,2.0,82.0,57.0,72.0,79.0,69.0,78.0,13.0,62.0,5.0,64.0,50.0,60.0,79.0,30.0,61.0,65.0,71.0,26.0,1.0,0,0.5368797133711154,F,1.5,0.0,5,0.5368797133711154,66.0,42.0,25.0,8.0,0.31636363636363635
84.0,32.0,51.0,64.0,31.0,1.0,82.0,73.0,66.0,33.0,7.0,54.0,21.0,64.0,26.0,14.0,65.0,82.0,59.0,98.0,63.0,19.0,64.0,85.0,79.0,39.0,10.0,53.0,22.0,44.0,13.0,34.0,83.0,65.0,57.0,50.0,71.0,37.0,49.0,10.0,69.0,7.0,49.0,45.0,52.0,32.0,44.0,79.0,84.0,36.0,1.0,0,0.5368797133711154,F,1.5,0.0,5,0.5368797133711154,66.0,42.0,26.0,8.0,0.32867132867132864
36.0,77.0,67.0,86.0,24.0,42.0,29.0,41.0,40.0,33.0,61.0,76.0,72.0,27.0,54.0,16.0,67.0,86.0,23.0,32.0,37.0,49.0,84.0,78.0,54.0,83.0,12.0,5.0,69.0,53.0,15.0,32.0,62.0,3.0,58.0,56.0,69.0,11.0,11.0,4.0,52.0,46.0,15.0,34.0,86.0,4.0,36.0,4.0,46.0,67.0,9.0,1,0.5368797133711154,F,1.5,1.0,5,0.5368797133711154,67.0,43.0,26.0,8.0,0.33409873708381166
69.0,3.0,65.0,70.0,78.0,73.0,11.0,29.0,52.0,72.0,38.0,54.0,38.0,46.0,77.0,70.0,78.0,82.0,43.0,102.0,25.0,72.0,72.0,39.0,32.0,6.0,5.0,68.0,19.0,47.0,27.0,89.0,30.0,73.0,47.0,87.0,24.0,55.0,27.0,74.0,54.0,34.0,38.0,3.0,21.0,59.0,52.0,20.0,26.0,81.0,10.0,1,0.5368797133711154,F,1.5,1.0,5,0.5368797133711154,68.0,44.0,26.0,8.0,0.3393665158371041
58.0,52.0,70.0,80.0,86.0,8.0,11.0,29.0,59.0,1.0,39.0,20.0,76.0,15.0,27.0,73.0,26.0,33.0,56.0,31.0,77.0,18.0,27.0,73.0,53.0,3.0,78.0,56.0,71.0,57.0,34.0,18.0,8.0,40.0,26.0,44.0,37.0,43.0,23.0,56.0,13.0,47.0,32.0,20.0,86.0,20.0,48.0,58.0,69.0,1.0,13.0,1,0.5368797133711154,F,1.5,1.0,5,0.5368797133711154,69.0,45.0,26.0,8.0,0.34448160535117056
7.0,13.0,84.0,75.0,83.0,39.0,15.0,22.0,52.0,39.0,3.0,73.0,16.0,51.0,36.0,9.0,38.0,36.0,58.0,77.0,69.0,26.0,71.0,35.0,51.0,32.0,22.0,58.0,38.0,43.0,49.0,59.0,88.0,29.0,54.0,79.0,76.0,37.0,10.0,43.0,27.0,16.0,8.0,11.0,81.0,32.0,3.0,75.0,45.0,41.0,3.0,1,0.5368797133711154,F,1.5,1.0,5,0.5368797133711154,70.0,46.0,26.0,8.0,0.34945054945054943
84.0,8.0,32.0,84.0,36.0,73.0,56.0,68.0,3.0,3.0,52.0,56.0,16.0,45.0,50.0,51.0,77.0,18.0,67.0,79.0,86.0,1.0,62.0,38.0,11.0,11.0,26.0,15.0,68.0,53.0,17.0,12.0,65.0,46.0,32.0,46.0,79.0,11.0,22.0,5.0,8.0,5.0,64.0,34.0,41.0,81.0,68.0,29.0,24.0,27.0,9.0,1,0.5368797133711154,F,1.5,1.0,5,0.5368797133711154,71.0,47.0,26.0,8.0,0.3542795232936078
7.0,53.0,45.0,72.0,47.0,14.0,11.0,29.0,74.0,10.0,38.0,56.0,39.0,12.0,18.0,2.0,65.0,82.0,38.0,40.0,79.0,22.0,82.0,9.0,61.0,82.0,6.0,61.0,27.0,50.0,71.0,88.0,11.0,19.0,63.0,77.0,18.0,37.0,54.0,56.0,15.0,36.0,47.0,78.0,60.0,32.0,6.0,60.0,52.0,52.0,11.0,0,0.5368797133711154,F,1.5,1.0,5,0.5368797133711154,72.0,47.0,26.0,8.0,0.3450854700854701
30.0,79.0,13.0,82.0,4.0,14.0,11.0,92.0,59.0,68.0,38.0,73.0,62.0,33.0,10.0,59.0,6.0,46.0,67.0,95.0,26.0,12.0,23.0,2.0,16.0,7.0,5.0,1.0,81.0,37.0,77.0,90.0,9.0,29.0,63.0,87.0,37.0,41.0,37.0,40.0,31.0,9.0,4.0,22.0,13.0,16.0,9.0,40.0,71.0,11.0,13.0,0,0.5368797133711154,F,1.5,1.0,5,0.5368797133711154,73.0,47.0,26.0,8.0,0.3361433087460485
23.0,1.0,43.0,77.0,75.0,44.0,74.0,31.0,27.0,53.0,86.0,19.0,6.0,37.0,51.0,56.0,47.0,22.0,28.0,78.0,33.0,62.0,82.0,32.0,20.0,79.0,60.0,1.0,37.0,10.0,81.0,62.0,70.0,5.0,23.0,45.0,56.0,13.0,56.0,68.0,49.0,22.0,60.0,48.0,71.0,10.0,3.0,64.0,16.0,58.0,1.0,0,0.5368797133711154,F,1.5,0.0,5,0.5368797133711154,73.0,47.0,27.0,8.0,0.3475393201420599
23.0,12.0,40.0,81.0,18.0,16.0,33.0,34.0,20.0,23.0,18.0,25.0,71.0,14.0,70.0,39.0,43.0,8.0,16.0,65.0,79.0,69.0,71.0,62.0,30.0,61.0,37.0,45.0,47.0,43.0,69.0,63.0,53.0,64.0,49.0,3.0,67.0,36.0,13.0,20.0,41.0,20.0,27.0,81.0,81.0,88.0,40.0,21.0,48.0,66.0,1.0,0,0.5368797133711154,F,1.5,0.0,5,0.5368797133711154,73.0,47.0,28.0,8.0,0.3581213307240705
79.0,77.0,13.0,65.0,3.0,76.0,15.0,73.0,57.0,4.0,49.0,24.0,73.0,65.0,66.0,18.0,50.0,15.0,4.0,21.0,81.0,36.0,25.0,6.0,53.0,59.0,22.0,39.0,57.0,68.0,72.0,54.0,73.0,73.0,18.0,22.0,50.0,43.0,56.0,27.0,35.0,64.0,50.0,20.0,58.0,58.0,31.0,36.0,51.0,72.0,1.0,0,0.5368797133711154,F,1.5,0.0,5,0.5368797133711154,73.0,47.0,29.0,8.0,0.36797354747283895
12.0,11.0,99.0,82.0,3.0,40.0,52.0,90.0,70.0,87.0,79.0,84.0,31.0,55.0,16.0,39.0,53.0,58.0,38.0,89.0,67.0,75.0,10.0,7.0,60.0,39.0,56.0,53.0,33.0,60.0,40.0,33.0,52.0,69.0,2.0,54.0,39.0,14.0,41.0,74.0,56.0,46.0,23.0,17.0,62.0,84.0,64.0,85.0,30.0,22.0,1.0,0,0.5368797133711154,F,1.5,0.0,5,0.5368797133711154,73.0,47.0,30.0,8.0,0.3771689497716895
18.0,32.0,84.0,72.0,55.0,58.0,20.0,40.0,17.0,27.0,32.0,63.0,10.0,43.0,71.0,6.0,77.0,98.0,50.0,28.0,65.0,30.0,35.0,17.0,82.0,9.0,35.0,7.0,61.0,64.0,15.0,88.0,73.0,6.0,68.0,50.0,52.0,37.0,61.0,65.0,7.0,24.0,78.0,52.0,21.0,83.0,46.0,32.0,65.0,24.0,11.0,1,0.5368797133711154,F,1.5,1.0,5,0.5368797133711154,74.0,48.0,30.0,8.0,0.381981981981982
50.0,77.0,47.0,70.0,17.0,10.0,56.0,3.0,18.0,79.0,3.0,69.0,12.0,19.0,7.0,6.0,50.0,58.0,68.0,48.0,24.0,7.0,11.0,78.0,31.0,36.0,33.0,34.0,31.0,32.0,49.0,48.0,10.0,46.0,2.0,57.0,83.0,51.0,23.0,50.0,2.0,31.0,10.0,20.0,18.0,32.0,5.0,33.0,10.0,9.0,9.0,0,0.5368797133711154,F,1.5,1.0,5,0.5368797133711154,75.0,48.0,30.0,8.0,0.37333333333333335
69.0,40.0,99.0,91.0,20.0,75.0,52.0,48.0,59.0,29.0,87.0,45.0,50.0,21.0,31.0,53.0,30.0,64.0,33.0,65.0,59.0,59.0,51.0,103.0,30.0,23.0,12.0,19.0,22.0,64.0,65.0,11.0,37.0,6.0,5.0,48.0,61.0,44.0,17.0,28.0,49.0,56.0,37.0,7.0,5.0,87.0,44.0,39.0,77.0,50.0,5.0,1,0.5368797133711154,F,1.5,1.0,5,0.5368797133711154,76.0,49.0,30.0,8.0,0.3780701754385965
23.0,60.0,101.0,69.0,20.0,73.0,63.0,34.0,10.0,22.0,3.0,30.0,22.0,7.0,16.0,70.0,22.0,80.0,5.0,52.0,39.0,54.0,80.0,26.0,3.0,27.0,75.0,7.0,42.0,47.0,49.0,92.0,12.0,1.0,18.0,52.0,24.0,43.0,55.0,19.0,7.0,13.0,47.0,41.0,57.0,82.0,46.0,68.0,30.0,64.0,5.0,1,0.5368797133711154,F,1.5,1.0,5,0.5368797133711154,77.0,50.0,30.0,8.0,0.3826839826839827
61.0,36.0,45.0,64.0,89.0,8.0,11.0,40.0,72.0,65.0,41.0,15.0,55.0,63.0,34.0,28.0,53.0,69.0,4.0,100.0,26.0,26.0,73.0,85.0,85.0,49.0,74.0,56.0,29.0,68.0,38.0,28.0,33.0,3.0,47.0,79.0,34.0,82.0,48.0,7.0,56.0,42.0,30.0,80.0,27.0,58.0,63.0,5.0,44.0,74.0,1.0,0,0.5368797133711154,F,1.5,0.0,5,0.5368797133711154,77.0,50.0,31.0,8.0,0.3912861332216171
48.0,77.0,67.0,72.0,80.0,96.0,52.0,12.0,78.0,40.0,38.0,2.0,48.0,41.0,74.0,47.0,38.0,69.0,58.0,38.0,26.0,44.0,46.0,87.0,61.0,25.0,78.0,40.0,35.0,51.0,26.0,89.0,22.0,66.0,10.0,54.0,18.0,10.0,60.0,6.0,52.0,13.0,30.0,54.0,30.0,2.0,9.0,73.0,50.0,1.0,13.0,1,0.5368797133711154,F,1.5,1.0,5,0.5368797133711154,78.0,51.0,31.0,8.0,0.3957816377171216
32.0,60.0,80.0,87.0,47.0,40.0,80.0,29.0,61.0,33.0,22.0,54.0,71.0,33.0,34.0,39.0,55.0,1.0,39.0,27.0,47.0,13.0,67.0,46.0,23.0,10.0,15.0,5.0,63.0,64.0,12.0,10.0,22.0,35.0,6.0,87.0,10.0,2.0,42.0,30.0,49.0,70.0,28.0,41.0,10.0,36.0,36.0,75.0,84.0,66.0,8.0,1,0.5368797133711154,F,1.5,1.0,5,0.5368797133711154,79.0,52.0,31.0,8.0,0.4001633319722335
55.0,22.0,25.0,61.0,47.0,87.0,15.0,6.0,78.0,3.0,15.0,46.0,29.0,26.0,56.0,24.0,47.0,57.0,25.0,24.0,61.0,7.0,35.0,59.0,26.0,73.0,15.0,15.0,42.0,43.0,64.0,84.0,65.0,46.0,58.0,24.0,53.0,29.0,24.0,9.0,8.0,68.0,34.0,19.0,75.0,31.0,38.0,65.0,26.0,37.0,5.0,1,0.5368797133711154,F,1.5,1.0,5,0.5368797133711154,80.0,53.0,31.0,8.0,0.4044354838709677
35.0,84.0,57.0,70.0,39.0,11.0,18.0,33.0,71.0,79.0,39.0,35.0,74.0,61.0,7.0,77.0,17.0,82.0,32.0,24.0,79.0,44.0,41.0,59.0,68.0,49.0,32.0,25.0,24.0,48.0,5.0,7.0,10.0,36.0,9.0,87.0,2.0,7.0,35.0,16.0,40.0,3.0,38.0,34.0,30.0,19.0,36.0,33.0,84.0,33.0,1.0,0,0.5368797133711154,F,1.5,0.0,5,0.5368797133711154,80.0,53.0,32.0,8.0,0.4125
85.0,67.0,56.0,64.0,47.0,44.0,36.0,89.0,12.0,58.0,15.0,86.0,21.0,21.0,30.0,57.0,22.0,72.0,65.0,77.0,37.0,81.0,55.0,38.0,3.0,49.0,22.0,9.0,55.0,34.0,6.0,66.0,2.0,62.0,43.0,83.0,5.0,2.0,43.0,72.0,27.0,39.0,39.0,42.0,64.0,77.0,18.0,75.0,45.0,49.0,4.0,1,0.5368797133711154,F,1.5,1.0,5,0.5368797133711154,81.0,54.0,32.0,8.0,0.41666666666666663
40.0,13.0,99.0,79.0,10.0,31.0,63.0,57.0,51.0,56.0,83.0,77.0,29.0,7.0,32.0,52.0,6.0,87.0,6.0,34.0,22.0,20.0,46.0,66.0,87.0,70.0,12.0,25.0,75.0,8.0,16.0,85.0,35.0,77.0,65.0,44.0,20.0,63.0,16.0,28.0,2.0,24.0,12.0,14.0,81.0,58.0,5.0,69.0,68.0,2.0,9.0,0,0.5368797133711154,F,1.5,1.0,5,0.5368797133711154,82.0,54.0,32.0,8.0,0.4085365853658537
34.0,45.0,25.0,86.0,10.0,42.0,5.0,9.0,59.0,33.0,62.0,54.0,67.0,57.0,38.0,53.0,8.0,74.0,29.0,9.0,1.0,30.0,67.0,8.0,67.0,34.0,1.0,25.0,49.0,3.0,52.0,45.0,15.0,65.0,23.0,58.0,61.0,17.0,56.0,5.0,23.0,28.0,50.0,45.0,30.0,1.0,53.0,75.0,64.0,22.0,8.0,0,0.5368797133711154,F,1.5,1.0,5,0.5368797133711154,83.0,54.0,32.0,8.0,0.4006024096385542
7.0,2.0,75.0,62.0,6.0,27.0,76.0,56.0,59.0,79.0,25.0,56.0,71.0,65.0,16.0,13.0,73.0,81.0,67.0,58.0,13.0,20.0,71.0,76.0,9.0,64.0,23.0,52.0,29.0,68.0,13.0,26.0,13.0,52.0,16.0,52.0,18.0,66.0,31.0,40.0,18.0,67.0,14.0,34.0,57.0,68.0,24.0,58.0,24.0,19.0,5.0,1,0.5368797133711154,F,1.5,1.0,5,0.5368797133711154,84.0,55.0,32.0,8.0,0.40476190476190477
84.0,2.0,61.0,70.0,57.0,65.0,57.0,9.0,78.0,13.0,20.0,81.0,8.0,71.0,68.0,61.0,6.0,46.0,20.0,95.0,8.0,2.0,37.0,59.0,75.0,41.0,47.0,14.0,45.0,26.0,8.0,85.0,15.0,73.0,50.0,66.0,38.0,6.0,6.0,50.0,1.0,71.0,75.0,20.0,17.0,32.0,65.0,69.0,60.0,82.0,13.0,0,0.5368797133711154,F,1.5,1.0,5,0.5368797133711154,85.0,55.0,32.0,8.0,0.3970588235294118
38.0,84.0,38.0,66.0,80.0,28.0,74.0,33.0,4.0,64.0,34.0,86.0,35.0,41.0,60.0,44.0,75.0,48.0,50.0,82.0,58.0,79.0,67.0,2.0,26.0,79.0,15.0,57.0,54.0,10.0,40.0,56.0,59.0,52.0,33.0,77.0,24.0,24.0,54.0,74.0,68.0,38.0,45.0,43.0,44.0,10.0,19.0,65.0,50.0,22.0,1.0,0,0.5368797133711154,F,1.5,0.0,5,0.5368797133711154,85.0,55.0,33.0,8.0,0.40463458110516937
70.0,22.0,25.0,70.0,4.0,94.0,9.0,73.0,3.0,19.0,3.0,75.0,62.0,65.0,28.0,2.0,53.0,65.0,30.0,52.0,18.0,15.0,71.0,34.0,51.0,60.0,35.0,17.0,31.0,60.0,15.0,26.0,25.0,24.0,68.0,33.0,83.0,86.0,32.0,81.0,1.0,4.0,12.0,8.0,75.0,71.0,68.0,75.0,24.0,47.0,5.0,1,0.5368797133711154,F,1.5,1.0,5,0.5368797133711154,86.0,56.0,33.0,8.0,0.40873854827343203
17.0,22.0,82.0,90.0,26.0,58.0,57.0,9.0,54.0,10.0,44.0,32.0,8.0,21.0,70.0,17.0,5.0,64.0,67.0,40.0,61.0,71.0,30.0,55.0,55.0,12.0,74.0,27.0,41.0,32.0,61.0,92.0,10.0,9.0,63.0,78.0,71.0,10.0,61.0,28.0,23.0,45.0,60.0,65.0,10.0,35.0,43.0,69.0,6.0,22.0,9.0,1,0.5368797133711154,F,1.5,1.0,5,0.5368797133711154,87.0,57.0,33.0,8.0,0.412748171368861
54.0,10.0,89.0,87.0,5.0,98.0,11.0,73.0,7.0,1.0,3.0,56.0,17.0,63.0,80.0,44.0,6.0,48.0,65.0,40.0,35.0,71.0,65.0,78.0,71.0,77.0,1.0,65.0,54.0,6.0,57.0,7.0,12.0,23.0,11.0,11.0,45.0,28.0,39.0,41.0,51.0,38.0,56.0,25.0,73.0,69.0,17.0,34.0,39.0,24.0,8.0,0,0.5368797133711154,F,1.5,1.0,5,0.5368797133711154,88.0,57.0,33.0,8.0,0.4053030303030303
26.0,12.0,29.0,64.0,39.0,10.0,57.0,40.0,23.0,64.0,52.0,64.0,29.0,53.0,64.0,33.0,4.0,60.0,72.0,51.0,24.0,72.0,62.0,20.0,93.0,9.0,15.0,15.0,50.0,74.0,41.0,33.0,25.0,73.0,43.0,75.0,18.0,2.0,8.0,35.0,49.0,39.0,8.0,17.0,65.0,85.0,13.0,85.0,31.0,74.0,6.0,0,0.5368797133711154,F,1.5,1.0,5,0.5368797133711154,89.0,57.0,33.0,8.0,0.39802519577800477
12.0,75.0,51.0,61.0,3.0,17.0,64.0,36.0,76.0,29.0,32.0,32.0,39.0,46.0,33.0,45.0,26.0,88.0,23.0,54.0,58.0,14.0,49.0,21.0,52.0,85.0,33.0,15.0,41.0,68.0,11.0,2.0,43.0,5.0,43.0,87.0,61.0,43.0,37.0,62.0,56.0,4.0,14.0,68.0,16.0,26.0,28.0,75.0,55.0,1.0,1.0,0,0.5368797133711154,F,1.5,0.0,5,0.5368797133711154,89.0,57.0,34.0,8.0,0.4051553205551884
3.0,48.0,38.0,72.0,70.0,14.0,63.0,33.0,59.0,2.0,57.0,68.0,3.0,46.0,74.0,32.0,30.0,87.0,53.0,55.0,28.0,68.0,43.0,90.0,40.0,82.0,44.0,27.0,60.0,32.0,14.0,65.0,68.0,38.0,9.0,27.0,67.0,45.0,54.0,1.0,16.0,3.0,12.0,67.0,8.0,25.0,21.0,5.0,55.0,45.0,5.0,0,0.5368797133711154,F,1.5,1.0,5,0.5368797133711154,90.0,57.0,34.0,8.0,0.3980392156862745
85.0,34.0,65.0,74.0,10.0,59.0,64.0,31.0,20.0,56.0,60.0,3.0,22.0,58.0,16.0,16.0,47.0,3.0,11.0,13.0,73.0,10.0,35.0,76.0,65.0,7.0,1.0,25.0,45.0,65.0,34.0,18.0,22.0,1.0,54.0,16.0,43.0,27.0,54.0,67.0,8.0,38.0,47.0,61.0,79.0,58.0,17.0,52.0,76.0,10.0,1.0,0,0.5368797133711154,F,1.5,0.0,5,0.5368797133711154,90.0,57.0,35.0,8.0,0.40476190476190477
12.0,77.0,61.0,77.0,69.0,70.0,52.0,16.0,70.0,56.0,16.0,54.0,43.0,56.0,71.0,66.0,25.0,82.0,18.0,19.0,9.0,45.0,54.0,69.0,9.0,73.0,46.0,29.0,54.0,64.0,71.0,41.0,43.0,54.0,23.0,1.0,67.0,37.0,9.0,69.0,67.0,39.0,34.0,31.0,65.0,26.0,40.0,77.0,84.0,24.0,6.0,0,0.5368797133711154,F,1.5,1.0,5,0.5368797133711154,91.0,57.0,35.0,8.0,0.39780219780219783
71.0,65.0,21.0,79.0,87.0,78.0,37.0,33.0,71.0,6.0,22.0,28.0,19.0,4.0,71.0,7.0,65.0,31.0,4.0,73.0,84.0,75.0,58.0,78.0,65.0,23.0,58.0,53.0,35.0,36.0,71.0,28.0,43.0,46.0,2.0,49.0,75.0,69.0,6.0,74.0,68.0,9.0,57.0,34.0,71.0,67.0,7.0,46.0,26.0,9.0,13.0,0,0.5368797133711154,F,1.5,1.0,5,0.5368797133711154,92.0,57.0,35.0,8.0,0.3909937888198758
12.0,13.0,40.0,73.0,39.0,21.0,3.0,29.0,44.0,44.0,47.0,54.0,65.0,24.0,1.0,36.0,38.0,16.0,35.0,61.0,65.0,72.0,44.0,55.0,63.0,32.0,64.0,70.0,31.0,28.0,43.0,67.0,53.0,48.0,70.0,50.0,83.0,53.0,24.0,11.0,60.0,38.0,17.0,50.0,8.0,73.0,9.0,20.0,15.0,2.0,9.0,1,0.5368797133711154,F,1.5,1.0,5,0.5368797133711154,93.0,58.0,35.0,8.0,0.3950844854070661
12.0,2.0,67.0,66.0,22.0,27.0,3.0,77.0,59.0,68.0,1.0,48.0,67.0,66.0,56.0,75.0,43.0,64.0,46.0,1.0,13.0,3.0,82.0,40.0,7.0,39.0,28.0,57.0,54.0,34.0,32.0,86.0,60.0,73.0,23.0,78.0,49.0,2.0,17.0,18.0,33.0,22.0,3.0,59.0,28.0,70.0,13.0,69.0,1.0,47.0,3.0,1,0.5368797133711154,F,1.5,1.0,5,0.5368797133711154,94.0,59.0,35.0,8.0,0.39908814589665653
65.0,84.0,99.0,87.0,10.0,65.0,57.0,77.0,71.0,84.0,43.0,74.0,32.0,75.0,71.0,2.0,43.0,36.0,18.0,52.0,89.0,26.0,67.0,41.0,73.0,75.0,12.0,70.0,55.0,50.0,14.0,36.0,6.0,3.0,46.0,72.0,75.0,43.0,6.0,74.0,35.0,8.0,62.0,31.0,24.0,55.0,59.0,64.0,60.0,12.0,1.0,0,0.5368797133711154,F,1.5,0.0,5,0.5368797133711154,94.0,59.0,36.0,8.0,0.40543735224586286
45.0,54.0,70.0,62.0,39.0,13.0,62.0,3.0,21.0,84.0,83.0,15.0,70.0,65.0,43.0,77.0,71.0,8.0,45.0,61.0,35.0,17.0,19.0,106.0,79.0,10.0,42.0,46.0,54.0,50.0,80.0,47.0,43.0,4.0,48.0,91.0,77.0,63.0,52.0,83.0,40.0,32.0,20.0,77.0,28.0,73.0,58.0,69.0,55.0,19.0,5.0,1,0.5368797133711154,F,1.5,1.0,5,0.5368797133711154,95.0,60.0,36.0,8.0,0.4093567251461988
26.0,43.0,15.0,63.0,57.0,58.0,89.0,48.0,23.0,16.0,15.0,77.0,76.0,1.0,71.0,18.0,30.0,63.0,56.0,32.0,26.0,44.0,77.0,72.0,81.0,3.0,78.0,39.0,42.0,6.0,49.0,15.0,47.0,44.0,10.0,26.0,38.0,67.0,30.0,29.0,14.0,11.0,37.0,11.0,65.0,52.0,17.0,85.0,73.0,82.0,9.0,1,0.5368797133711154,F,1.5,1.0,5,0.5368797133711154,96.0,61.0,36.0,8.0,0.4131944444444444
48.0,74.0,100.0,86.0,18.0,10.0,11.0,46.0,28.0,16.0,3.0,75.0,32.0,46.0,66.0,62.0,53.0,38.0,69.0,54.0,9.0,71.0,25.0,84.0,87.0,88.0,51.0,9.0,37.0,35.0,37.0,92.0,79.0,3.0,23.0,85.0,18.0,12.0,55.0,27.0,33.0,73.0,28.0,34.0,14.0,53.0,43.0,4.0,45.0,71.0,11.0,1,0.5368797133711154,F,1.5,1.0,5,0.5368797133711154,97.0,62.0,36.0,8.0,0.4169530355097365
12.0,24.0,70.0,70.0,82.0,77.0,15.0,19.0,52.0,39.0,22.0,26.0,77.0,27.0,32.0,33.0,35.0,18.0,50.0,20.0,82.0,26.0,35.0,78.0,54.0,23.0,58.0,55.0,81.0,13.0,36.0,34.0,65.0,74.0,28.0,50.0,53.0,90.0,37.0,67.0,68.0,34.0,57.0,60.0,78.0,68.0,68.0,70.0,54.0,45.0,9.0,1,0.5368797133711154,F,1.5,1.0,5,0.5368797133711154,98.0,63.0,36.0,8.0,0.4206349206349207
12.0,46.0,52.0,86.0,69.0,28.0,23.0,68.0,1.0,68.0,41.0,39.0,77.0,46.0,39.0,44.0,31.0,98.0,20.0,46.0,63.0,59.0,35.0,84.0,66.0,31.0,58.0,70.0,42.0,62.0,57.0,86.0,35.0,3.0,47.0,25.0,26.0,6.0,3.0,75.0,5.0,23.0,12.0,25.0,71.0,14.0,63.0,25.0,77.0,37.0,1.0,0,0.5368797133711154,F,1.5,0.0,5,0.5368797133711154,98.0,63.0,37.0,8.0,0.4266409266409267
83.0,9.0,77.0,85.0,75.0,85.0,52.0,10.0,43.0,74.0,11.0,65.0,24.0,39.0,66.0,70.0,43.0,93.0,55.0,32.0,39.0,86.0,6.0,59.0,85.0,15.0,74.0,27.0,59.0,14.0,25.0,66.0,60.0,66.0,54.0,6.0,59.0,8.0,13.0,20.0,18.0,72.0,15.0,81.0,2.0,32.0,9.0,29.0,17.0,66.0,9.0,1,0.5368797133711154,F,1.5,1.0,5,0.5368797133711154,99.0,64.0,37.0,8.0,0.4302484302484303
52.0,67.0,87.0,61.0,71.0,31.0,84.0,49.0,61.0,55.0,52.0,74.0,76.0,27.0,67.0,70.0,18.0,72.0,54.0,55.0,26.0,49.0,46.0,45.0,77.0,72.0,78.0,25.0,54.0,57.0,59.0,18.0,14.0,33.0,6.0,90.0,43.0,37.0,17.0,28.0,38.0,71.0,43.0,81.0,18.0,74.0,66.0,57.0,73.0,38.0,2.0,0,0.5368797133711154,F,1.5,1.0,5,0.5368797133711154,100.0,64.0,37.0,8.0,0.4237837837837838
8.0,22.0,88.0,62.0,39.0,32.0,11.0,3.0,38.0,13.0,3.0,37.0,45.0,18.0,16.0,52.0,47.0,36.0,63.0,44.0,8.0,7.0,11.0,23.0,41.0,31.0,24.0,15.0,35.0,64.0,79.0,60.0,63.0,41.0,2.0,87.0,16.0,35.0,19.0,44.0,49.0,10.0,25.0,41.0,27.0,82.0,25.0,49.0,54.0,21.0,5.0,0,0.5368797133711154,F,1.5,1.0,5,0.5368797133711154,101.0,64.0,37.0,8.0,0.41744715012041744
41.0,53.0,99.0,77.0,61.0,52.0,69.0,3.0,59.0,68.0,54.0,73.0,67.0,26.0,49.0,54.0,19.0,32.0,70.0,30.0,86.0,2.0,35.0,35.0,73.0,13.0,16.0,54.0,31.0,34.0,34.0,7.0,35.0,82.0,28.0,52.0,7.0,37.0,48.0,70.0,35.0,38.0,68.0,17.0,8.0,68.0,18.0,75.0,1.0,46.0,8.0,0,0.5368797133711154,F,1.5,1.0,5,0.5368797133711154,102.0,64.0,37.0,8.0,0.4112347641759406
79.0,61.0,27.0,62.0,75.0,52.0,52.0,75.0,51.0,33.0,23.0,78.0,71.0,11.0,62.0,59.0,65.0,82.0,11.0,67.0,40.0,69.0,67.0,43.0,68.0,9.0,12.0,13.0,47.0,10.0,6.0,8.0,22.0,46.0,43.0,56.0,59.0,43.0,60.0,26.0,69.0,23.0,39.0,1.0,71.0,25.0,16.0,42.0,69.0,43.0,2.0,0,0.5368797133711154,F,1.5,1.0,5,0.5368797133711154,103.0,64.0,37.0,8.0,0.4051430070847546
50.0,43.0,59.0,49.0,80.0,6.0,27.0,33.0,46.0,13.0,12.0,35.0,67.0,20.0,4.0,33.0,36.0,74.0,43.0,44.0,39.0,62.0,61.0,62.0,60.0,9.0,56.0,2.0,35.0,23.0,32.0,92.0,7.0,49.0,6.0,87.0,3.0,46.0,59.0,12.0,52.0,10.0,49.0,24.0,14.0,55.0,38.0,25.0,11.0,11.0,1.0,0,0.4117222881516764,F,1.5,0.0,4,0.4117222881516764,103.0,64.0,38.0,8.0,0.41083290751149715
32.0,70.0,31.0,19.0,24.0,9.0,89.0,85.0,72.0,71.0,3.0,9.0,20.0,7.0,28.0,33.0,30.0,47.0,58.0,62.0,86.0,29.0,63.0,97.0,47.0,68.0,33.0,48.0,42.0,6.0,45.0,26.0,27.0,78.0,52.0,32.0,38.0,37.0,37.0,48.0,29.0,39.0,82.0,3.0,28.0,68.0,7.0,20.0,67.0,56.0,13.0,1,0.4117222881516764,F,1.5,1.0,4,0.4117222881516764,104.0,65.0,38.0,8.0,0.4144736842105263
40.0,4.0,63.0,35.0,3.0,27.0,54.0,16.0,13.0,45.0,66.0,35.0,62.0,19.0,1.0,21.0,39.0,57.0,61.0,98.0,79.0,18.0,58.0,30.0,32.0,79.0,55.0,32.0,37.0,60.0,26.0,50.0,11.0,26.0,16.0,1.0,24.0,7.0,61.0,22.0,54.0,65.0,8.0,11.0,69.0,74.0,7.0,33.0,67.0,24.0,1.0,0,0.4117222881516764,F,1.5,0.0,4,0.4117222881516764,104.0,65.0,39.0,8.0,0.4198717948717949
83.0,74.0,57.0,40.0,17.0,94.0,20.0,7.0,72.0,34.0,47.0,26.0,71.0,27.0,74.0,23.0,79.0,34.0,67.0,61.0,56.0,34.0,11.0,104.0,11.0,32.0,71.0,25.0,60.0,36.0,15.0,33.0,12.0,29.0,68.0,87.0,48.0,65.0,56.0,38.0,71.0,72.0,45.0,63.0,21.0,80.0,61.0,19.0,15.0,5.0,1.0,0,0.4117222881516764,F,1.5,0.0,4,0.4117222881516764,104.0,65.0,40.0,8.0,0.425
79.0,54.0,82.0,7.0,20.0,61.0,11.0,77.0,12.0,20.0,47.0,15.0,72.0,59.0,70.0,44.0,4.0,10.0,25.0,24.0,25.0,26.0,25.0,76.0,53.0,41.0,22.0,47.0,31.0,42.0,43.0,31.0,17.0,64.0,56.0,30.0,45.0,24.0,13.0,9.0,62.0,28.0,51.0,11.0,58.0,86.0,38.0,6.0,60.0,6.0,1.0,1,0.4117222881516764,F,1.5,0.0,4,0.4117222881516764,104.0,65.0,41.0,9.0,0.4054878048780488
21.0,45.0,15.0,27.0,26.0,96.0,52.0,61.0,39.0,71.0,47.0,3.0,29.0,3.0,39.0,64.0,30.0,15.0,50.0,35.0,25.0,20.0,43.0,93.0,7.0,6.0,77.0,2.0,49.0,29.0,68.0,10.0,51.0,5.0,4.0,87.0,37.0,76.0,54.0,54.0,65.0,37.0,51.0,47.0,86.0,59.0,61.0,85.0,84.0,79.0,9.0,1,0.4117222881516764,F,1.5,1.0,4,0.4117222881516764,105.0,66.0,41.0,9.0,0.40905923344947737
7.0,22.0,43.0,49.0,41.0,21.0,63.0,59.0,59.0,31.0,3.0,86.0,56.0,37.0,34.0,37.0,71.0,19.0,38.0,77.0,62.0,18.0,55.0,2.0,54.0,79.0,68.0,69.0,58.0,47.0,8.0,90.0,19.0,15.0,54.0,85.0,10.0,13.0,37.0,12.0,54.0,22.0,37.0,20.0,20.0,70.0,46.0,10.0,48.0,9.0,1.0,0,0.4117222881516764,F,1.5,0.0,4,0.4117222881516764,105.0,66.0,42.0,9.0,0.41428571428571426
48.0,47.0,43.0,27.0,75.0,33.0,42.0,28.0,28.0,4.0,12.0,37.0,6.0,27.0,47.0,35.0,52.0,26.0,4.0,32.0,22.0,65.0,9.0,82.0,48.0,59.0,67.0,47.0,60.0,6.0,59.0,53.0,80.0,3.0,23.0,41.0,59.0,61.0,15.0,59.0,23.0,54.0,31.0,20.0,71.0,74.0,46.0,67.0,42.0,26.0,8.0,0,0.4117222881516764,F,1.5,1.0,4,0.4117222881516764,106.0,66.0,42.0,9.0,0.40835579514824794
29.0,67.0,96.0,22.0,83.0,14.0,78.0,29.0,26.0,62.0,39.0,82.0,48.0,75.0,56.0,47.0,71.0,59.0,75.0,86.0,26.0,21.0,19.0,26.0,3.0,79.0,71.0,47.0,73.0,49.0,8.0,37.0,19.0,42.0,65.0,1.0,16.0,61.0,3.0,69.0,62.0,47.0,67.0,54.0,86.0,32.0,44.0,4.0,55.0,70.0,2.0,0,0.4117222881516764,F,1.5,1.0,4,0.4117222881516764,107.0,66.0,42.0,9.0,0.4025367156208277
54.0,38.0,101.0,3.0,51.0,75.0,86.0,76.0,57.0,86.0,66.0,86.0,63.0,51.0,34.0,52.0,65.0,69.0,63.0,89.0,67.0,61.0,65.0,60.0,34.0,28.0,78.0,21.0,73.0,10.0,13.0,79.0,61.0,28.0,54.0,50.0,19.0,2.0,56.0,72.0,31.0,23.0,45.0,11.0,30.0,86.0,18.0,33.0,58.0,24.0,13.0,0,0.4117222881516764,F,1.5,1.0,4,0.4117222881516764,108.0,66.0,42.0,9.0,0.39682539682539686
50.0,29.0,38.0,51.0,62.0,80.0,36.0,40.0,1.0,56.0,13.0,81.0,64.0,4.0,4.0,56.0,67.0,98.0,12.0,8.0,51.0,62.0,67.0,87.0,85.0,41.0,78.0,49.0,63.0,26.0,71.0,62.0,79.0,46.0,43.0,75.0,6.0,61.0,50.0,13.0,56.0,70.0,8.0,1.0,54.0,42.0,3.0,74.0,56.0,79.0,13.0,1,0.4117222881516764,F,1.5,1.0,4,0.4117222881516764,109.0,67.0,42.0,9.0,0.4003931847968545
28.0,30.0,70.0,33.0,57.0,44.0,52.0,33.0,66.0,56.0,60.0,3.0,67.0,11.0,38.0,16.0,74.0,35.0,60.0,62.0,16.0,38.0,48.0,29.0,68.0,47.0,1.0,11.0,22.0,40.0,61.0,11.0,17.0,69.0,34.0,28.0,6.0,35.0,38.0,36.0,49.0,30.0,60.0,47.0,66.0,68.0,9.0,42.0,16.0,6.0,4.0,1,0.4117222881516764,F,1.5,1.0,4,0.4117222881516764,110.0,68.0,42.0,9.0,0.40389610389610386
17.0,42.0,14.0,51.0,80.0,66.0,69.0,91.0,50.0,6.0,3.0,13.0,26.0,59.0,23.0,6.0,1.0,43.0,46.0,76.0,70.0,19.0,40.0,93.0,77.0,32.0,58.0,1.0,56.0,60.0,30.0,13.0,14.0,73.0,43.0,3.0,5.0,28.0,7.0,67.0,33.0,16.0,55.0,59.0,5.0,28.0,48.0,70.0,73.0,9.0,4.0,1,0.4117222881516764,F,1.5,1.0,4,0.4117222881516764,111.0,69.0,42.0,9.0,0.4073359073359073
75.0,22.0,61.0,27.0,69.0,35.0,11.0,31.0,59.0,79.0,38.0,84.0,67.0,56.0,66.0,77.0,33.0,46.0,50.0,75.0,30.0,19.0,5.0,78.0,48.0,41.0,78.0,39.0,66.0,68.0,17.0,92.0,15.0,69.0,14.0,79.0,26.0,39.0,54.0,34.0,27.0,22.0,6.0,33.0,61.0,2.0,25.0,75.0,8.0,19.0,4.0,0,0.4117222881516764,F,1.5,1.0,4,0.4117222881516764,112.0,69.0,42.0,9.0,0.4017857142857143
43.0,11.0,13.0,59.0,55.0,56.0,74.0,46.0,74.0,64.0,36.0,51.0,62.0,51.0,71.0,47.0,2.0,47.0,36.0,44.0,83.0,30.0,64.0,78.0,28.0,3.0,22.0,50.0,37.0,26.0,72.0,11.0,35.0,18.0,42.0,39.0,81.0,69.0,58.0,48.0,43.0,2.0,3.0,3.0,55.0,81.0,58.0,75.0,30.0,47.0,1.0,0,0.4117222881516764,F,1.5,0.0,4,0.4117222881516764,112.0,69.0,43.0,9.0,0.4067691029900332
61.0,70.0,96.0,49.0,78.0,32.0,77.0,41.0,78.0,31.0,24.0,9.0,39.0,63.0,62.0,20.0,60.0,91.0,4.0,75.0,51.0,10.0,71.0,16.0,73.0,21.0,54.0,47.0,44.0,48.0,10.0,66.0,1.0,1.0,65.0,36.0,12.0,71.0,54.0,19.0,31.0,39.0,15.0,81.0,27.0,32.0,18.0,85.0,60.0,27.0,1.0,1,0.4117222881516764,F,1.5,0.0,4,0.4117222881516764,112.0,69.0,44.0,10.0,0.3887987012987013
19.0,13.0,70.0,24.0,83.0,40.0,28.0,33.0,76.0,33.0,12.0,36.0,51.0,61.0,55.0,54.0,69.0,33.0,50.0,32.0,92.0,2.0,35.0,89.0,34.0,49.0,22.0,47.0,61.0,47.0,56.0,92.0,27.0,27.0,67.0,92.0,5.0,67.0,19.0,73.0,31.0,32.0,8.0,68.0,86.0,36.0,61.0,4.0,45.0,24.0,1.0,0,0.4117222881516764,F,1.5,0.0,4,0.4117222881516764,112.0,69.0,45.0,10.0,0.3938492063492064
77.0,54.0,72.0,2.0,40.0,31.0,69.0,92.0,10.0,43.0,38.0,7.0,31.0,27.0,34.0,24.0,77.0,53.0,3.0,30.0,24.0,61.0,47.0,78.0,58.0,53.0,74.0,9.0,22.0,26.0,71.0,51.0,19.0,77.0,34.0,9.0,83.0,34.0,30.0,74.0,29.0,72.0,20.0,20.0,8.0,57.0,46.0,75.0,16.0,33.0,1.0,0,0.4117222881516764,F,1.5,0.0,4,0.4117222881516764,112.0,69.0,46.0,10.0,0.39868012422360255
51.0,80.0,74.0,41.0,80.0,98.0,69.0,47.0,61.0,2.0,51.0,65.0,8.0,44.0,32.0,33.0,52.0,82.0,72.0,45.0,64.0,26.0,67.0,84.0,59.0,39.0,20.0,59.0,79.0,49.0,3.0,88.0,27.0,73.0,59.0,66.0,34.0,69.0,48.0,50.0,49.0,11.0,20.0,24.0,30.0,76.0,55.0,44.0,40.0,18.0,4.0,0,0.4117222881516764,F,1.5,1.0,4,0.4117222881516764,113.0,69.0,46.0,10.0,0.39322816467872257
79.0,62.0,36.0,27.0,75.0,11.0,80.0,35.0,20.0,86.0,37.0,65.0,16.0,7.0,5.0,52.0,67.0,82.0,33.0,53.0,47.0,46.0,79.0,8.0,73.0,67.0,10.0,36.0,34.0,68.0,15.0,68.0,52.0,64.0,46.0,87.0,71.0,10.0,59.0,31.0,14.0,73.0,16.0,20.0,79.0,54.0,63.0,26.0,78.0,56.0,8.0,1,0.4117222881516764,F,1.5,1.0,4,0.4117222881516764,114.0,70.0,46.0,10.0,0.3966437833714722
77.0,32.0,47.0,27.0,80.0,58.0,57.0,84.0,74.0,81.0,67.0,9.0,22.0,52.0,56.0,63.0,9.0,60.0,50.0,77.0,22.0,18.0,18.0,46.0,48.0,14.0,33.0,58.0,70.0,8.0,61.0,53.0,26.0,42.0,62.0,78.0,84.0,37.0,21.0,22.0,51.0,39.0,60.0,17.0,27.0,87.0,18.0,63.0,22.0,9.0,13.0,1,0.4117222881516764,F,1.5,1.0,4,0.4117222881516764,115.0,71.0,46.0,10.0,0.4
28.0,12.0,17.0,41.0,44.0,33.0,11.0,3.0,36.0,37.0,82.0,21.0,10.0,6.0,1.0,50.0,42.0,30.0,15.0,44.0,6.0,74.0,45.0,80.0,30.0,7.0,40.0,68.0,53.0,64.0,15.0,88.0,15.0,48.0,6.0,62.0,43.0,26.0,21.0,60.0,30.0,76.0,20.0,78.0,35.0,82.0,58.0,62.0,43.0,35.0,3.0,1,0.4117222881516764,F,1.5,1.0,4,0.4117222881516764,116.0,72.0,46.0,10.0,0.40329835082458776
38.0,43.0,44.0,24.0,14.0,21.0,1.0,63.0,59.0,7.0,82.0,50.0,43.0,67.0,4.0,22.0,47.0,95.0,28.0,95.0,8.0,2.0,8.0,70.0,54.0,47.0,78.0,11.0,54.0,11.0,16.0,92.0,39.0,1.0,63.0,90.0,33.0,10.0,61.0,72.0,68.0,58.0,67.0,63.0,35.0,4.0,61.0,33.0,54.0,72.0,6.0,1,0.4117222881516764,F,1.5,1.0,4,0.4117222881516764,117.0,73.0,46.0,10.0,0.4065403195837979
61.0,31.0,56.0,7.0,20.0,33.0,78.0,77.0,59.0,22.0,24.0,17.0,76.0,37.0,7.0,22.0,12.0,36.0,13.0,55.0,35.0,66.0,55.0,81.0,40.0,49.0,68.0,47.0,72.0,18.0,53.0,60.0,6.0,10.0,10.0,46.0,9.0,39.0,11.0,13.0,49.0,45.0,12.0,57.0,30.0,63.0,43.0,45.0,60.0,58.0,10.0,1,0.4117222881516764,F,1.5,1.0,4,0.4117222881516764,118.0,74.0,46.0,10.0,0.40972733971997055
23.0,4.0,38.0,49.0,3.0,75.0,3.0,16.0,76.0,83.0,87.0,35.0,76.0,6.0,71.0,54.0,30.0,46.0,18.0,74.0,51.0,20.0,14.0,3.0,33.0,6.0,78.0,9.0,75.0,45.0,15.0,7.0,83.0,60.0,71.0,28.0,37.0,46.0,60.0,20.0,6.0,39.0,82.0,11.0,86.0,45.0,62.0,58.0,15.0,74.0,6.0,1,0.4117222881516764,F,1.5,1.0,4,0.4117222881516764,119.0,75.0,46.0,10.0,0.41286079649251006
7.0,46.0,57.0,37.0,18.0,65.0,65.0,33.0,30.0,56.0,17.0,12.0,6.0,56.0,54.0,50.0,11.0,69.0,18.0,16.0,29.0,14.0,14.0,9.0,18.0,88.0,54.0,53.0,58.0,61.0,22.0,7.0,85.0,64.0,58.0,8.0,84.0,37.0,43.0,26.0,14.0,38.0,47.0,17.0,65.0,25.0,32.0,82.0,42.0,81.0,8.0,1,0.4117222881516764,F,1.5,1.0,4,0.4117222881516764,120.0,76.0,46.0,10.0,0.41594202898550725
11.0,22.0,43.0,2.0,42.0,79.0,52.0,3.0,69.0,29.0,61.0,84.0,71.0,33.0,26.0,66.0,47.0,27.0,62.0,92.0,83.0,59.0,80.0,103.0,47.0,34.0,29.0,7.0,75.0,31.0,71.0,25.0,59.0,61.0,13.0,3.0,52.0,38.0,14.0,41.0,2.0,39.0,45.0,81.0,85.0,40.0,20.0,56.0,1.0,62.0,6.0,1,0.4117222881516764,F,1.5,1.0,4,0.4117222881516764,121.0,77.0,46.0,10.0,0.4189723320158103
58.0,15.0,20.0,54.0,64.0,61.0,11.0,84.0,72.0,33.0,22.0,7.0,71.0,53.0,66.0,44.0,24.0,69.0,50.0,77.0,26.0,26.0,33.0,8.0,34.0,32.0,76.0,33.0,27.0,64.0,16.0,86.0,70.0,73.0,65.0,74.0,83.0,35.0,13.0,47.0,55.0,39.0,31.0,10.0,82.0,80.0,10.0,4.0,13.0,45.0,5.0,1,0.4117222881516764,F,1.5,1.0,4,0.4117222881516764,122.0,78.0,46.0,10.0,0.42195295794725596
53.0,77.0,99.0,39.0,85.0,11.0,72.0,65.0,39.0,29.0,79.0,86.0,71.0,49.0,47.0,6.0,8.0,5.0,61.0,1.0,54.0,56.0,46.0,46.0,3.0,25.0,58.0,29.0,58.0,17.0,38.0,69.0,32.0,51.0,18.0,65.0,37.0,89.0,11.0,26.0,8.0,39.0,59.0,45.0,17.0,65.0,42.0,50.0,1.0,45.0,1.0,0,0.4117222881516764,F,1.5,0.0,4,0.4117222881516764,122.0,78.0,47.0,10.0,0.4265783048482735
45.0,22.0,71.0,34.0,71.0,33.0,19.0,41.0,21.0,70.0,83.0,67.0,71.0,27.0,26.0,10.0,3.0,35.0,45.0,30.0,33.0,44.0,67.0,13.0,48.0,6.0,33.0,31.0,71.0,6.0,32.0,43.0,41.0,1.0,21.0,9.0,22.0,67.0,64.0,60.0,3.0,52.0,57.0,20.0,65.0,42.0,20.0,46.0,48.0,64.0,8.0,1,0.4117222881516764,F,1.5,1.0,4,0.4117222881516764,123.0,79.0,47.0,10.0,0.4295104653174192
43.0,42.0,64.0,52.0,18.0,33.0,43.0,1.0,23.0,37.0,56.0,78.0,11.0,69.0,38.0,70.0,47.0,48.0,32.0,68.0,92.0,12.0,37.0,14.0,41.0,27.0,77.0,53.0,17.0,39.0,15.0,39.0,11.0,52.0,41.0,3.0,38.0,51.0,15.0,19.0,40.0,73.0,72.0,24.0,57.0,59.0,66.0,37.0,53.0,33.0,9.0,1,0.4117222881516764,F,1.5,1.0,4,0.4117222881516764,124.0,80.0,47.0,10.0,0.43239533287577214
58.0,40.0,56.0,48.0,3.0,75.0,22.0,31.0,68.0,33.0,2.0,68.0,62.0,53.0,61.0,63.0,30.0,80.0,45.0,21.0,79.0,10.0,71.0,59.0,49.0,95.0,13.0,67.0,37.0,45.0,49.0,92.0,43.0,46.0,15.0,25.0,4.0,37.0,65.0,69.0,27.0,52.0,78.0,25.0,55.0,68.0,52.0,33.0,72.0,23.0,9.0,1,0.4117222881516764,F,1.5,1.0,4,0.4117222881516764,125.0,81.0,47.0,10.0,0.43523404255319154
46.0,38.0,67.0,58.0,3.0,37.0,56.0,33.0,35.0,1.0,24.0,6.0,74.0,20.0,35.0,75.0,55.0,81.0,50.0,48.0,46.0,71.0,21.0,78.0,61.0,23.0,24.0,48.0,65.0,44.0,34.0,2.0,53.0,78.0,24.0,50.0,18.0,56.0,32.0,67.0,52.0,39.0,9.0,1.0,71.0,68.0,7.0,44.0,60.0,43.0,3.0,1,0.4117222881516764,F,1.5,1.0,4,0.4117222881516764,126.0,82.0,47.0,10.0,0.43802769334684233
3.0,22.0,46.0,53.0,49.0,75.0,7.0,7.0,26.0,79.0,3.0,82.0,21.0,43.0,21.0,65.0,52.0,36.0,23.0,11.0,39.0,10.0,48.0,46.0,34.0,85.0,51.0,16.0,24.0,26.0,79.0,29.0,11.0,38.0,68.0,65.0,45.0,21.0,49.0,50.0,15.0,31.0,52.0,41.0,6.0,16.0,68.0,42.0,1.0,37.0,1.0,0,0.4117222881516764,F,1.5,0.0,4,0.4117222881516764,126.0,82.0,48.0,10.0,0.44246031746031744
39.0,77.0,65.0,31.0,43.0,65.0,9.0,31.0,39.0,29.0,20.0,35.0,48.0,67.0,71.0,44.0,58.0,52.0,50.0,76.0,51.0,79.0,71.0,106.0,81.0,85.0,1.0,22.0,77.0,8.0,32.0,53.0,11.0,82.0,31.0,85.0,1.0,14.0,41.0,1.0,62.0,36.0,8.0,20.0,33.0,5.0,3.0,67.0,84.0,56.0,9.0,0,0.4117222881516764,F,1.5,1.0,4,0.4117222881516764,127.0,82.0,48.0,10.0,0.43733595800524927
54.0,12.0,79.0,16.0,20.0,4.0,46.0,84.0,23.0,19.0,32.0,78.0,76.0,30.0,71.0,50.0,52.0,36.0,41.0,24.0,11.0,76.0,62.0,11.0,7.0,33.0,7.0,7.0,75.0,60.0,59.0,79.0,11.0,81.0,63.0,7.0,37.0,30.0,46.0,44.0,49.0,9.0,75.0,51.0,14.0,32.0,1.0,62.0,22.0,1.0,1.0,0,0.4117222881516764,F,1.5,0.0,4,0.4117222881516764,127.0,82.0,49.0,10.0,0.4415876586855214
51.0,42.0,34.0,7.0,88.0,3.0,3.0,88.0,30.0,33.0,3.0,60.0,56.0,53.0,77.0,39.0,77.0,55.0,67.0,48.0,20.0,78.0,43.0,68.0,69.0,41.0,74.0,70.0,67.0,62.0,43.0,84.0,49.0,66.0,54.0,50.0,27.0,16.0,56.0,26.0,58.0,34.0,19.0,13.0,14.0,68.0,39.0,22.0,75.0,24.0,2.0,1,0.4117222881516764,F,1.5,1.0,4,0.4117222881516764,128.0,83.0,49.0,10.0,0.44435586734693877
69.0,77.0,13.0,27.0,5.0,88.0,70.0,30.0,54.0,31.0,50.0,90.0,48.0,50.0,62.0,52.0,75.0,94.0,6.0,40.0,5.0,2.0,17.0,2.0,81.0,72.0,60.0,9.0,70.0,66.0,11.0,2.0,51.0,41.0,6.0,57.0,32.0,70.0,61.0,41.0,49.0,42.0,63.0,39.0,84.0,57.0,37.0,31.0,50.0,9.0,1.0,0,0.4117222881516764,F,1.5,0.0,4,0.4117222881516764,128.0,83.0,50.0,10.0,0.4484375
69.0,48.0,43.0,49.0,75.0,27.0,85.0,84.0,73.0,40.0,5.0,54.0,76.0,27.0,14.0,32.0,47.0,48.0,28.0,52.0,13.0,18.0,47.0,87.0,73.0,7.0,52.0,56.0,41.0,25.0,56.0,6.0,43.0,64.0,4.0,3.0,12.0,6.0,65.0,84.0,10.0,59.0,60.0,45.0,10.0,58.0,33.0,44.0,24.0,59.0,1.0,0,0.4117222881516764,F,1.5,0.0,4,0.4117222881516764,128.0,83.0,51.0,10.0,0.452359068627451
26.0,36.0,50.0,7.0,3.0,28.0,42.0,10.0,28.0,44.0,9.0,17.0,43.0,61.0,80.0,44.0,5.0,69.0,52.0,64.0,61.0,20.0,66.0,16.0,78.0,6.0,1.0,25.0,81.0,14.0,47.0,51.0,69.0,78.0,4.0,24.0,58.0,83.0,46.0,18.0,36.0,22.0,62.0,6.0,84.0,82.0,42.0,39.0,83.0,4.0,9.0,1,0.4117222881516764,F,1.5,1.0,4,0.4117222881516764,129.0,84.0,51.0,10.0,0.4550843593251255
69.0,8.0,82.0,51.0,29.0,64.0,92.0,91.0,56.0,33.0,38.0,58.0,52.0,3.0,75.0,58.0,28.0,98.0,25.0,77.0,92.0,10.0,21.0,46.0,3.0,18.0,6.0,48.0,41.0,31.0,8.0,92.0,19.0,42.0,44.0,44.0,12.0,51.0,61.0,40.0,27.0,38.0,17.0,35.0,17.0,32.0,18.0,61.0,22.0,29.0,13.0,1,0.4117222881516764,F,1.5,1.0,4,0.4117222881516764,130.0,85.0,51.0,10.0,0.45776772247360487
27.0,50.0,47.0,7.0,3.0,58.0,52.0,84.0,57.0,62.0,69.0,58.0,16.0,11.0,78.0,2.0,47.0,98.0,20.0,90.0,1.0,71.0,27.0,39.0,11.0,48.0,54.0,25.0,75.0,72.0,66.0,85.0,43.0,17.0,42.0,3.0,48.0,11.0,30.0,66.0,49.0,36.0,80.0,33.0,67.0,68.0,18.0,73.0,81.0,43.0,1.0,0,0.4117222881516764,F,1.5,0.0,4,0.4117222881516764,130.0,85.0,52.0,10.0,0.46153846153846156
69.0,45.0,38.0,3.0,78.0,44.0,74.0,88.0,39.0,6.0,3.0,39.0,34.0,59.0,7.0,15.0,30.0,3.0,8.0,38.0,82.0,2.0,82.0,90.0,3.0,82.0,78.0,11.0,71.0,26.0,68.0,68.0,25.0,70.0,26.0,3.0,61.0,37.0,41.0,40.0,46.0,33.0,17.0,67.0,45.0,81.0,48.0,75.0,55.0,79.0,9.0,1,0.4117222881516764,F,1.5,1.0,4,0.4117222881516764,131.0,86.0,52.0,10.0,0.4641808573106283
9.0,45.0,56.0,1.0,58.0,58.0,76.0,46.0,76.0,83.0,61.0,63.0,4.0,58.0,65.0,72.0,16.0,69.0,20.0,24.0,77.0,52.0,4.0,103.0,40.0,47.0,32.0,23.0,47.0,57.0,68.0,65.0,88.0,29.0,21.0,60.0,13.0,76.0,50.0,58.0,20.0,20.0,32.0,7.0,28.0,2.0,43.0,29.0,84.0,43.0,14.0,1,0.4117222881516764,F,1.5,1.0,4,0.4117222881516764,132.0,87.0,52.0,10.0,0.46678321678321677
85.0,28.0,14.0,20.0,61.0,11.0,54.0,29.0,38.0,39.0,19.0,30.0,11.0,39.0,14.0,75.0,36.0,67.0,5.0,77.0,77.0,52.0,61.0,84.0,38.0,86.0,66.0,13.0,54.0,71.0,71.0,66.0,52.0,48.0,58.0,17.0,11.0,73.0,60.0,46.0,71.0,27.0,4.0,15.0,86.0,82.0,18.0,85.0,48.0,9.0,9.0,1,0.4117222881516764,F,1.5,1.0,4,0.4117222881516764,133.0,88.0,52.0,10.0,0.46934644303065354
61.0,51.0,69.0,30.0,3.0,45.0,11.0,19.0,38.0,60.0,58.0,40.0,72.0,8.0,47.0,16.0,67.0,98.0,1.0,28.0,34.0,26.0,40.0,66.0,79.0,34.0,12.0,11.0,22.0,51.0,57.0,41.0,37.0,54.0,30.0,44.0,18.0,81.0,50.0,1.0,27.0,72.0,37.0,76.0,17.0,68.0,33.0,33.0,48.0,47.0,1.0,1,0.4117222881516764,F,1.5,0.0,4,0.4117222881516764,133.0,88.0,53.0,11.0,0.45410696552702506
42.0,65.0,91.0,22.0,53.0,31.0,11.0,49.0,43.0,1.0,38.0,68.0,63.0,37.0,55.0,73.0,46.0,45.0,60.0,28.0,79.0,71.0,9.0,29.0,21.0,23.0,78.0,70.0,37.0,11.0,57.0,46.0,80.0,9.0,21.0,6.0,45.0,28.0,41.0,9.0,58.0,32.0,18.0,60.0,57.0,46.0,55.0,13.0,65.0,45.0,9.0,0,0.4117222881516764,F,1.5,1.0,4,0.4117222881516764,134.0,88.0,53.0,11.0,0.449169248099127
84.0,11.0,29.0,31.0,56.0,58.0,80.0,11.0,72.0,84.0,50.0,86.0,8.0,75.0,23.0,32.0,38.0,41.0,56.0,44.0,54.0,18.0,80.0,46.0,39.0,21.0,78.0,11.0,17.0,26.0,49.0,92.0,9.0,29.0,4.0,87.0,10.0,34.0,54.0,43.0,6.0,78.0,23.0,7.0,8.0,2.0,20.0,17.0,45.0,79.0,4.0,0,0.4117222881516764,F,1.5,1.0,4,0.4117222881516764,135.0,88.0,53.0,11.0,0.44430468204053114
28.0,43.0,36.0,49.0,53.0,33.0,25.0,79.0,72.0,60.0,22.0,30.0,74.0,24.0,79.0,33.0,50.0,98.0,45.0,99.0,63.0,9.0,67.0,104.0,79.0,41.0,10.0,70.0,76.0,52.0,49.0,11.0,22.0,73.0,43.0,19.0,61.0,37.0,7.0,40.0,49.0,13.0,59.0,60.0,15.0,86.0,18.0,69.0,10.0,81.0,9.0,1,0.4117222881516764,F,1.5,1.0,4,0.4117222881516764,136.0,89.0,53.0,11.0,0.4468645948945616
4.0,58.0,51.0,39.0,3.0,31.0,33.0,84.0,26.0,56.0,41.0,56.0,34.0,75.0,19.0,23.0,55.0,27.0,52.0,38.0,63.0,51.0,67.0,70.0,79.0,32.0,37.0,70.0,22.0,32.0,55.0,7.0,9.0,32.0,46.0,41.0,14.0,37.0,56.0,26.0,37.0,36.0,34.0,43.0,82.0,76.0,3.0,75.0,1.0,58.0,1.0,0,0.4117222881516764,F,1.5,0.0,4,0.4117222881516764,136.0,89.0,54.0,11.0,0.45070806100217864
54.0,72.0,96.0,27.0,82.0,33.0,27.0,47.0,39.0,79.0,41.0,36.0,35.0,62.0,66.0,46.0,50.0,14.0,42.0,50.0,20.0,30.0,41.0,2.0,89.0,39.0,54.0,32.0,73.0,49.0,41.0,79.0,49.0,72.0,48.0,89.0,47.0,54.0,30.0,69.0,12.0,51.0,14.0,27.0,2.0,46.0,46.0,4.0,61.0,74.0,4.0,1,0.4117222881516764,F,1.5,1.0,4,0.4117222881516764,137.0,90.0,54.0,11.0,0.4532306028656393
48.0,38.0,13.0,29.0,4.0,62.0,71.0,73.0,21.0,23.0,39.0,73.0,32.0,43.0,66.0,77.0,71.0,79.0,67.0,55.0,61.0,44.0,55.0,90.0,7.0,45.0,67.0,13.0,62.0,3.0,6.0,7.0,13.0,19.0,54.0,15.0,61.0,81.0,6.0,26.0,35.0,39.0,8.0,34.0,28.0,53.0,66.0,29.0,35.0,33.0,9.0,1,0.4117222881516764,F,1.5,1.0,4,0.4117222881516764,138.0,91.0,54.0,11.0,0.4557165861513688
34.0,10.0,65.0,33.0,57.0,13.0,42.0,31.0,44.0,37.0,44.0,17.0,32.0,43.0,56.0,52.0,4.0,33.0,4.0,9.0,9.0,18.0,72.0,75.0,61.0,16.0,51.0,23.0,21.0,40.0,51.0,78.0,17.0,29.0,4.0,78.0,24.0,37.0,29.0,10.0,46.0,1.0,47.0,75.0,24.0,49.0,46.0,70.0,50.0,69.0,1.0,1,0.4117222881516764,F,1.5,0.0,4,0.4117222881516764,138.0,91.0,55.0,12.0,0.44123847167325436
41.0,16.0,47.0,25.0,20.0,87.0,87.0,3.0,70.0,39.0,39.0,39.0,71.0,37.0,59.0,57.0,1.0,19.0,33.0,11.0,9.0,18.0,53.0,87.0,16.0,43.0,72.0,70.0,49.0,76.0,3.0,92.0,57.0,29.0,32.0,68.0,71.0,82.0,17.0,65.0,31.0,28.0,43.0,31.0,69.0,32.0,7.0,62.0,11.0,5.0,13.0,1,0.4117222881516764,F,1.5,1.0,4,0.4117222881516764,139.0,92.0,55.0,12.0,0.44368868541530415
82.0,45.0,72.0,43.0,55.0,21.0,13.0,7.0,35.0,72.0,62.0,13.0,63.0,58.0,23.0,44.0,18.0,5.0,75.0,50.0,93.0,22.0,67.0,62.0,67.0,72.0,76.0,33.0,80.0,68.0,48.0,11.0,15.0,15.0,45.0,84.0,69.0,37.0,48.0,35.0,54.0,72.0,75.0,81.0,41.0,32.0,68.0,69.0,81.0,56.0,1.0,0,0.4117222881516764,F,1.5,0.0,4,0.4117222881516764,139.0,92.0,56.0,12.0,0.447584789311408
32.0,54.0,58.0,21.0,5.0,13.0,80.0,50.0,26.0,35.0,3.0,17.0,14.0,33.0,67.0,63.0,10.0,7.0,45.0,24.0,35.0,26.0,71.0,80.0,60.0,40.0,71.0,21.0,73.0,36.0,8.0,90.0,52.0,65.0,48.0,73.0,59.0,15.0,59.0,80.0,28.0,73.0,35.0,31.0,20.0,71.0,63.0,64.0,52.0,33.0,5.0,0,0.4117222881516764,F,1.5,1.0,4,0.4117222881516764,140.0,92.0,56.0,12.0,0.44285714285714284
16.0,67.0,99.0,24.0,18.0,1.0,34.0,49.0,22.0,13.0,3.0,15.0,43.0,27.0,56.0,35.0,50.0,27.0,65.0,61.0,20.0,64.0,41.0,27.0,5.0,32.0,46.0,65.0,24.0,36.0,81.0,60.0,54.0,73.0,26.0,87.0,83.0,10.0,41.0,48.0,6.0,36.0,51.0,1.0,28.0,17.0,33.0,43.0,37.0,26.0,5.0,0,0.4117222881516764,F,1.5,1.0,4,0.4117222881516764,141.0,92.0,56.0,12.0,0.43819655521783185
12.0,4.0,45.0,27.0,20.0,33.0,80.0,83.0,5.0,56.0,59.0,56.0,72.0,7.0,31.0,44.0,67.0,85.0,1.0,42.0,26.0,79.0,67.0,52.0,78.0,29.0,74.0,13.0,23.0,57.0,79.0,39.0,8.0,17.0,42.0,74.0,3.0,2.0,48.0,17.0,31.0,6.0,47.0,70.0,12.0,86.0,46.0,75.0,22.0,81.0,3.0,1,0.4117222881516764,F,1.5,1.0,4,0.4117222881516764,142.0,93.0,56.0,12.0,0.44064386317907445
31.0,1.0,25.0,51.0,55.0,56.0,57.0,91.0,62.0,35.0,39.0,9.0,35.0,1.0,47.0,22.0,53.0,69.0,55.0,48.0,68.0,71.0,31.0,97.0,60.0,82.0,32.0,53.0,19.0,49.0,26.0,86.0,79.0,19.0,62.0,21.0,78.0,24.0,32.0,18.0,5.0,67.0,8.0,20.0,17.0,25.0,1.0,75.0,22.0,45.0,3.0,1,0.4117222881516764,F,1.5,1.0,4,0.4117222881516764,143.0,94.0,56.0,12.0,0.443056943056943
85.0,38.0,43.0,55.0,61.0,33.0,91.0,88.0,39.0,33.0,38.0,77.0,35.0,11.0,32.0,61.0,55.0,82.0,3.0,77.0,81.0,27.0,47.0,18.0,64.0,73.0,2.0,53.0,74.0,64.0,3.0,82.0,84.0,22.0,10.0,32.0,71.0,76.0,6.0,30.0,4.0,22.0,62.0,1.0,57.0,12.0,17.0,4.0,46.0,26.0,5.0,1,0.4117222881516764,F,1.5,1.0,4,0.4117222881516764,144.0,95.0,56.0,12.0,0.4454365079365079
39.0,77.0,101.0,29.0,55.0,33.0,62.0,20.0,30.0,52.0,41.0,35.0,10.0,27.0,61.0,70.0,41.0,60.0,68.0,3.0,63.0,65.0,32.0,99.0,47.0,41.0,1.0,25.0,48.0,32.0,26.0,31.0,86.0,10.0,50.0,17.0,83.0,61.0,6.0,65.0,59.0,16.0,47.0,17.0,86.0,42.0,30.0,64.0,26.0,50.0,1.0,0,0.4117222881516764,F,1.5,0.0,4,0.4117222881516764,144.0,95.0,57.0,12.0,0.44919590643274854
84.0,45.0,51.0,53.0,5.0,67.0,10.0,15.0,33.0,3.0,78.0,17.0,39.0,13.0,43.0,61.0,71.0,1.0,18.0,52.0,79.0,32.0,67.0,44.0,32.0,45.0,67.0,53.0,47.0,6.0,65.0,31.0,35.0,61.0,66.0,15.0,7.0,37.0,1.0,3.0,1.0,38.0,55.0,4.0,12.0,32.0,43.0,60.0,50.0,45.0,9.0,1,0.4117222881516764,F,1.5,1.0,4,0.4117222881516764,145.0,96.0,57.0,12.0,0.4515426497277677
3.0,71.0,74.0,49.0,55.0,16.0,48.0,7.0,66.0,66.0,21.0,77.0,12.0,7.0,16.0,68.0,35.0,36.0,50.0,3.0,33.0,63.0,64.0,21.0,30.0,23.0,22.0,41.0,56.0,49.0,71.0,92.0,84.0,77.0,23.0,3.0,18.0,84.0,41.0,7.0,58.0,58.0,38.0,31.0,32.0,88.0,35.0,78.0,13.0,52.0,4.0,0,0.4117222881516764,F,1.5,1.0,4,0.4117222881516764,146.0,96.0,57.0,12.0,0.44700793078586876
54.0,36.0,38.0,49.0,10.0,11.0,65.0,49.0,52.0,2.0,9.0,30.0,65.0,33.0,26.0,55.0,36.0,33.0,4.0,18.0,60.0,18.0,51.0,53.0,89.0,88.0,78.0,5.0,68.0,47.0,32.0,62.0,43.0,64.0,31.0,23.0,65.0,65.0,37.0,27.0,23.0,7.0,14.0,39.0,36.0,55.0,17.0,24.0,45.0,1.0,1.0,0,0.4117222881516764,F,1.5,0.0,4,0.4117222881516764,146.0,96.0,58.0,12.0,0.45063769485120453
59.0,36.0,57.0,27.0,78.0,33.0,11.0,83.0,69.0,12.0,73.0,37.0,32.0,56.0,34.0,10.0,55.0,53.0,50.0,82.0,79.0,49.0,69.0,86.0,32.0,23.0,15.0,7.0,74.0,43.0,34.0,28.0,35.0,1.0,33.0,87.0,79.0,63.0,38.0,20.0,31.0,44.0,73.0,34.0,57.0,66.0,25.0,68.0,6.0,38.0,5.0,1,0.4117222881516764,F,1.5,1.0,4,0.4117222881516764,147.0,97.0,58.0,12.0,0.45296739385409335
58.0,23.0,69.0,51.0,44.0,53.0,11.0,33.0,39.0,56.0,52.0,17.0,47.0,49.0,66.0,39.0,52.0,72.0,56.0,24.0,30.0,44.0,35.0,97.0,73.0,30.0,26.0,20.0,36.0,26.0,71.0,11.0,35.0,1.0,25.0,39.0,61.0,20.0,61.0,22.0,16.0,16.0,75.0,43.0,71.0,58.0,53.0,35.0,38.0,1.0,4.0,1,0.4117222881516764,F,1.5,1.0,4,0.4117222881516764,148.0,98.0,58.0,12.0,0.45526561043802427
59.0,60.0,99.0,27.0,52.0,62.0,29.0,73.0,58.0,87.0,15.0,84.0,51.0,46.0,80.0,73.0,53.0,84.0,13.0,40.0,11.0,21.0,30.0,90.0,18.0,22.0,33.0,48.0,47.0,57.0,71.0,86.0,59.0,51.0,45.0,50.0,18.0,82.0,32.0,4.0,56.0,29.0,57.0,81.0,53.0,55.0,25.0,75.0,42.0,46.0,1.0,0,0.4117222881516764,F,1.5,0.0,4,0.4117222881516764,148.0,98.0,59.0,12.0,0.4587723316536876
34.0,67.0,61.0,16.0,58.0,97.0,29.0,11.0,72.0,33.0,5.0,24.0,72.0,21.0,76.0,23.0,47.0,82.0,39.0,76.0,75.0,36.0,11.0,88.0,68.0,32.0,55.0,27.0,34.0,40.0,13.0,20.0,56.0,19.0,65.0,50.0,71.0,43.0,37.0,72.0,33.0,58.0,40.0,26.0,30.0,68.0,40.0,69.0,54.0,10.0,2.0,0,0.4117222881516764,F,1.5,1.0,4,0.4117222881516764,149.0,98.0,59.0,12.0,0.4543282902968946
7.0,10.0,71.0,25.0,85.0,20.0,15.0,61.0,57.0,6.0,83.0,45.0,34.0,64.0,64.0,76.0,12.0,83.0,50.0,11.0,81.0,38.0,48.0,29.0,68.0,41.0,56.0,5.0,54.0,34.0,38.0,17.0,63.0,29.0,2.0,66.0,20.0,23.0,61.0,47.0,31.0,39.0,9.0,65.0,24.0,58.0,18.0,75.0,30.0,26.0,1.0,0,0.4117222881516764,F,1.5,0.0,4,0.4117222881516764,149.0,98.0,60.0,12.0,0.45771812080536917
79.0,56.0,84.0,59.0,18.0,73.0,80.0,80.0,76.0,29.0,16.0,35.0,47.0,56.0,6.0,63.0,35.0,78.0,11.0,52.0,67.0,20.0,25.0,103.0,12.0,59.0,42.0,54.0,37.0,36.0,52.0,42.0,39.0,36.0,28.0,1.0,61.0,37.0,61.0,74.0,31.0,48.0,45.0,68.0,41.0,1.0,61.0,35.0,69.0,45.0,9.0,0,0.4117222881516764,F,1.5,1.0,4,0.4117222881516764,150.0,98.0,60.0,12.0,0.4533333333333333
65.0,17.0,99.0,20.0,78.0,32.0,80.0,40.0,18.0,29.0,9.0,7.0,6.0,46.0,53.0,29.0,53.0,58.0,61.0,46.0,9.0,7.0,33.0,55.0,36.0,13.0,33.0,33.0,47.0,66.0,14.0,92.0,84.0,64.0,54.0,87.0,43.0,10.0,28.0,10.0,50.0,62.0,8.0,78.0,20.0,10.0,63.0,46.0,54.0,74.0,1.0,0,0.4117222881516764,F,1.5,0.0,4,0.4117222881516764,150.0,98.0,61.0,12.0,0.4566120218579235
21.0,65.0,70.0,45.0,75.0,75.0,42.0,15.0,59.0,82.0,83.0,24.0,62.0,59.0,59.0,12.0,67.0,18.0,33.0,64.0,83.0,9.0,79.0,50.0,73.0,3.0,51.0,3.0,42.0,68.0,57.0,63.0,10.0,26.0,24.0,65.0,37.0,44.0,3.0,40.0,42.0,47.0,23.0,34.0,20.0,75.0,68.0,2.0,22.0,26.0,5.0,1,0.4117222881516764,F,1.5,1.0,4,0.4117222881516764,151.0,99.0,61.0,12.0,0.45890782759743787
32.0,84.0,61.0,8.0,77.0,6.0,72.0,61.0,30.0,33.0,73.0,86.0,69.0,43.0,44.0,68.0,31.0,36.0,28.0,81.0,67.0,4.0,25.0,46.0,47.0,39.0,12.0,20.0,42.0,14.0,68.0,36.0,43.0,27.0,71.0,40.0,71.0,69.0,41.0,38.0,69.0,36.0,38.0,1.0,14.0,87.0,46.0,42.0,17.0,21.0,9.0,0,0.4117222881516764,F,1.5,1.0,4,0.4117222881516764,152.0,99.0,61.0,12.0,0.45459447799827435
21.0,24.0,13.0,2.0,64.0,78.0,84.0,74.0,59.0,86.0,58.0,18.0,17.0,37.0,66.0,70.0,66.0,60.0,75.0,24.0,8.0,77.0,4.0,21.0,33.0,17.0,7.0,67.0,58.0,68.0,16.0,67.0,33.0,54.0,72.0,48.0,37.0,72.0,11.0,50.0,6.0,73.0,67.0,15.0,20.0,72.0,48.0,29.0,17.0,66.0,13.0,0,0.4117222881516764,F,1.5,1.0,4,0.4117222881516764,153.0,99.0,61.0,12.0,0.45033751205400196
31.0,79.0,13.0,29.0,75.0,94.0,64.0,55.0,58.0,6.0,44.0,9.0,57.0,63.0,56.0,22.0,72.0,65.0,50.0,12.0,18.0,42.0,80.0,90.0,34.0,79.0,22.0,70.0,61.0,43.0,43.0,85.0,78.0,50.0,58.0,87.0,12.0,41.0,8.0,55.0,8.0,78.0,64.0,25.0,86.0,68.0,14.0,58.0,76.0,5.0,13.0,1,0.4117222881516764,F,1.5,1.0,4,0.4117222881516764,154.0,100.0,61.0,12.0,0.4526293378752395
37.0,84.0,53.0,45.0,47.0,66.0,11.0,6.0,59.0,13.0,69.0,20.0,34.0,69.0,33.0,6.0,35.0,18.0,24.0,41.0,33.0,16.0,80.0,56.0,78.0,61.0,32.0,18.0,56.0,22.0,34.0,92.0,9.0,9.0,49.0,9.0,56.0,72.0,58.0,43.0,17.0,72.0,7.0,34.0,14.0,58.0,32.0,50.0,13.0,38.0,13.0,1,0.4117222881516764,F,1.5,1.0,4,0.4117222881516764,155.0,101.0,61.0,12.0,0.4548915917503966
81.0,45.0,56.0,29.0,78.0,58.0,40.0,13.0,21.0,3.0,58.0,36.0,63.0,37.0,29.0,53.0,40.0,52.0,56.0,24.0,44.0,26.0,74.0,93.0,18.0,51.0,8.0,49.0,32.0,68.0,71.0,7.0,43.0,3.0,68.0,1.0,16.0,21.0,22.0,22.0,62.0,72.0,79.0,67.0,34.0,30.0,18.0,4.0,56.0,24.0,8.0,1,0.4117222881516764,F,1.5,1.0,4,0.4117222881516764,156.0,102.0,61.0,12.0,0.457124842370744
1.0,45.0,99.0,45.0,28.0,18.0,88.0,84.0,20.0,2.0,25.0,15.0,67.0,58.0,6.0,24.0,30.0,82.0,61.0,78.0,65.0,86.0,57.0,106.0,65.0,9.0,58.0,57.0,81.0,26.0,71.0,44.0,29.0,59.0,55.0,87.0,24.0,11.0,54.0,25.0,14.0,4.0,50.0,76.0,50.0,10.0,11.0,29.0,46.0,42.0,1.0,0,0.4117222881516764,F,1.5,0.0,4,0.4117222881516764,156.0,102.0,62.0,12.0,0.46029776674937967
85.0,37.0,67.0,1.0,20.0,65.0,11.0,5.0,41.0,43.0,48.0,47.0,29.0,27.0,15.0,58.0,61.0,43.0,61.0,24.0,61.0,59.0,73.0,106.0,54.0,9.0,24.0,25.0,71.0,8.0,34.0,92.0,51.0,22.0,9.0,84.0,75.0,37.0,24.0,43.0,56.0,52.0,55.0,36.0,4.0,21.0,37.0,67.0,55.0,66.0,1.0,0,0.4117222881516764,F,1.5,0.0,4,0.4117222881516764,156.0,102.0,63.0,12.0,0.4633699633699634
37.0,42.0,61.0,49.0,77.0,94.0,77.0,32.0,76.0,66.0,82.0,33.0,77.0,11.0,16.0,18.0,55.0,46.0,39.0,89.0,67.0,62.0,37.0,79.0,54.0,39.0,76.0,56.0,73.0,60.0,74.0,14.0,32.0,69.0,46.0,85.0,10.0,37.0,24.0,65.0,39.0,78.0,53.0,8.0,52.0,38.0,68.0,21.0,72.0,9.0,7.0,1,0.4117222881516764,F,1.5,1.0,4,0.4117222881516764,157.0,103.0,63.0,12.0,0.46557476493782224
75.0,42.0,25.0,43.0,76.0,97.0,27.0,43.0,30.0,44.0,15.0,84.0,57.0,46.0,51.0,54.0,67.0,49.0,64.0,21.0,63.0,62.0,67.0,52.0,90.0,3.0,28.0,70.0,53.0,35.0,71.0,84.0,88.0,3.0,68.0,5.0,61.0,43.0,17.0,50.0,70.0,65.0,49.0,11.0,73.0,68.0,39.0,4.0,46.0,65.0,8.0,1,0.4117222881516764,F,1.5,1.0,4,0.4117222881516764,158.0,104.0,63.0,12.0,0.4677516576250753
23.0,1.0,57.0,3.0,58.0,74.0,3.0,12.0,74.0,66.0,68.0,77.0,10.0,64.0,26.0,23.0,58.0,69.0,54.0,26.0,65.0,44.0,27.0,35.0,59.0,32.0,12.0,53.0,25.0,43.0,42.0,7.0,9.0,67.0,14.0,54.0,59.0,55.0,17.0,69.0,16.0,52.0,48.0,34.0,17.0,2.0,59.0,18.0,30.0,68.0,8.0,0,0.4117222881516764,F,1.5,1.0,4,0.4117222881516764,159.0,104.0,63.0,12.0,0.4636118598382749
28.0,4.0,99.0,35.0,75.0,47.0,5.0,63.0,35.0,66.0,16.0,12.0,50.0,26.0,9.0,39.0,53.0,8.0,75.0,79.0,11.0,82.0,80.0,27.0,26.0,58.0,33.0,47.0,73.0,45.0,24.0,36.0,37.0,3.0,62.0,73.0,37.0,43.0,39.0,62.0,30.0,72.0,55.0,5.0,5.0,68.0,66.0,50.0,84.0,58.0,11.0,1,0.4117222881516764,F,1.5,1.0,4,0.4117222881516764,160.0,105.0,63.0,12.0,0.46577380952380953
21.0,7.0,99.0,35.0,82.0,92.0,54.0,40.0,59.0,11.0,75.0,81.0,46.0,9.0,18.0,35.0,30.0,54.0,3.0,42.0,79.0,39.0,26.0,34.0,32.0,82.0,67.0,25.0,49.0,60.0,47.0,12.0,19.0,29.0,4.0,27.0,43.0,67.0,58.0,41.0,42.0,38.0,47.0,11.0,86.0,4.0,68.0,42.0,1.0,58.0,13.0,0,0.4117222881516764,F,1.5,1.0,4,0.4117222881516764,161.0,105.0,63.0,12.0,0.4616977225672878
3.0,11.0,50.0,24.0,29.0,40.0,90.0,77.0,57.0,84.0,53.0,13.0,8.0,67.0,29.0,25.0,65.0,8.0,26.0,68.0,28.0,71.0,71.0,30.0,85.0,32.0,37.0,67.0,75.0,65.0,55.0,84.0,84.0,45.0,65.0,72.0,80.0,19.0,42.0,50.0,35.0,62.0,64.0,56.0,32.0,82.0,42.0,75.0,26.0,70.0,9.0,0,0.4117222881516764,F,1.5,1.0,4,0.4117222881516764,162.0,105.0,63.0,12.0,0.4576719576719577
26.0,76.0,19.0,7.0,10.0,83.0,19.0,46.0,52.0,68.0,41.0,73.0,1.0,21.0,19.0,68.0,10.0,43.0,13.0,26.0,51.0,77.0,37.0,50.0,79.0,47.0,58.0,13.0,60.0,61.0,16.0,50.0,17.0,37.0,50.0,22.0,71.0,74.0,56.0,23.0,5.0,72.0,51.0,22.0,57.0,70.0,66.0,25.0,24.0,45.0,8.0,1,0.4117222881516764,F,1.5,1.0,4,0.4117222881516764,163.0,106.0,63.0,12.0,0.4598305579900672
45.0,54.0,57.0,60.0,23.0,24.0,11.0,84.0,66.0,14.0,50.0,36.0,58.0,13.0,29.0,33.0,35.0,69.0,8.0,32.0,51.0,71.0,64.0,87.0,47.0,46.0,68.0,57.0,75.0,52.0,15.0,91.0,88.0,1.0,58.0,62.0,5.0,42.0,2.0,22.0,52.0,16.0,7.0,69.0,41.0,10.0,43.0,63.0,30.0,1.0,9.0,1,0.4117222881516764,F,1.5,1.0,4,0.4117222881516764,164.0,107.0,63.0,12.0,0.46196283391405346
75.0,54.0,73.0,37.0,18.0,42.0,80.0,62.0,80.0,44.0,24.0,56.0,40.0,43.0,38.0,2.0,4.0,26.0,1.0,38.0,20.0,26.0,37.0,52.0,30.0,70.0,20.0,25.0,54.0,43.0,45.0,31.0,63.0,66.0,13.0,6.0,16.0,13.0,48.0,22.0,49.0,38.0,47.0,3.0,71.0,38.0,31.0,42.0,65.0,23.0,8.0,1,0.4117222881516764,F,1.5,1.0,4,0.4117222881516764,165.0,108.0,63.0,12.0,0.4640692640692641
21.0,1.0,29.0,27.0,76.0,31.0,79.0,3.0,54.0,13.0,13.0,9.0,22.0,53.0,34.0,49.0,35.0,86.0,35.0,28.0,61.0,6.0,78.0,87.0,39.0,35.0,12.0,33.0,25.0,26.0,9.0,55.0,52.0,29.0,69.0,76.0,27.0,82.0,13.0,27.0,52.0,22.0,47.0,70.0,57.0,87.0,10.0,75.0,11.0,7.0,1.0,1,0.4117222881516764,F,1.5,0.0,4,0.4117222881516764,165.0,108.0,64.0,13.0,0.45142045454545454
62.0,75.0,78.0,11.0,68.0,33.0,86.0,32.0,66.0,1.0,59.0,15.0,32.0,27.0,21.0,71.0,52.0,44.0,38.0,67.0,87.0,28.0,19.0,8.0,68.0,95.0,18.0,37.0,19.0,71.0,13.0,12.0,52.0,77.0,4.0,50.0,83.0,30.0,23.0,53.0,28.0,54.0,8.0,53.0,55.0,1.0,24.0,69.0,1.0,11.0,1.0,1,0.4117222881516764,F,1.5,0.0,4,0.4117222881516764,165.0,108.0,65.0,14.0,0.43916083916083914
34.0,73.0,81.0,10.0,28.0,35.0,86.0,25.0,5.0,60.0,48.0,53.0,25.0,63.0,33.0,73.0,71.0,5.0,45.0,42.0,92.0,30.0,39.0,103.0,54.0,6.0,57.0,9.0,73.0,1.0,58.0,11.0,10.0,49.0,33.0,82.0,37.0,70.0,13.0,34.0,31.0,73.0,75.0,76.0,69.0,70.0,58.0,30.0,13.0,58.0,13.0,0,0.4117222881516764,F,1.5,1.0,4,0.4117222881516764,166.0,108.0,65.0,14.0,0.4352177942539388
54.0,26.0,55.0,31.0,38.0,61.0,20.0,29.0,12.0,66.0,5.0,15.0,58.0,53.0,41.0,8.0,28.0,82.0,18.0,82.0,26.0,61.0,1.0,26.0,30.0,23.0,71.0,9.0,54.0,66.0,54.0,64.0,51.0,64.0,72.0,7.0,16.0,37.0,24.0,27.0,54.0,17.0,47.0,48.0,57.0,10.0,35.0,4.0,69.0,45.0,2.0,0,0.4117222881516764,F,1.5,1.0,4,0.4117222881516764,167.0,108.0,65.0,14.0,0.4313219714417319
12.0,45.0,99.0,25.0,20.0,33.0,80.0,21.0,59.0,10.0,12.0,24.0,49.0,56.0,16.0,44.0,10.0,8.0,50.0,74.0,91.0,42.0,35.0,26.0,73.0,9.0,55.0,70.0,41.0,6.0,20.0,92.0,43.0,7.0,20.0,3.0,61.0,63.0,48.0,87.0,56.0,17.0,8.0,73.0,14.0,7.0,43.0,63.0,22.0,22.0,1.0,0,0.4117222881516764,F,1.5,0.0,4,0.4117222881516764,167.0,108.0,66.0,14.0,0.43458537470513514
50.0,1.0,65.0,21.0,57.0,73.0,54.0,47.0,5.0,82.0,39.0,41.0,21.0,46.0,23.0,68.0,12.0,52.0,60.0,7.0,83.0,18.0,71.0,62.0,32.0,51.0,12.0,30.0,68.0,17.0,34.0,28.0,88.0,54.0,4.0,17.0,23.0,8.0,42.0,41.0,49.0,9.0,4.0,26.0,57.0,37.0,9.0,29.0,13.0,59.0,1.0,0,0.4117222881516764,F,1.5,0.0,4,0.4117222881516764,167.0,108.0,67.0,14.0,0.4377513629457503
37.0,1.0,13.0,17.0,47.0,67.0,19.0,83.0,59.0,29.0,56.0,59.0,77.0,24.0,1.0,63.0,5.0,18.0,5.0,18.0,51.0,33.0,71.0,31.0,55.0,23.0,21.0,34.0,60.0,6.0,62.0,37.0,72.0,32.0,37.0,19.0,7.0,43.0,36.0,30.0,42.0,1.0,50.0,39.0,73.0,59.0,29.0,16.0,75.0,47.0,13.0,1,0.4117222881516764,F,1.5,1.0,4,0.4117222881516764,168.0,109.0,67.0,14.0,0.43985429992892683
59.0,47.0,99.0,7.0,60.0,59.0,88.0,84.0,25.0,47.0,3.0,13.0,48.0,21.0,71.0,10.0,38.0,36.0,27.0,24.0,35.0,34.0,71.0,62.0,28.0,50.0,23.0,70.0,62.0,10.0,8.0,17.0,62.0,49.0,61.0,5.0,24.0,55.0,63.0,46.0,30.0,67.0,37.0,41.0,28.0,60.0,59.0,85.0,45.0,82.0,1.0,0,0.4117222881516764,F,1.5,0.0,4,0.4117222881516764,168.0,109.0,68.0,14.0,0.4429271708683474
79.0,37.0,51.0,27.0,41.0,77.0,25.0,7.0,76.0,79.0,84.0,84.0,7.0,54.0,23.0,73.0,9.0,59.0,20.0,67.0,57.0,48.0,26.0,11.0,21.0,86.0,10.0,11.0,47.0,67.0,68.0,20.0,25.0,16.0,6.0,88.0,37.0,67.0,54.0,26.0,59.0,31.0,28.0,25.0,30.0,49.0,61.0,75.0,30.0,72.0,5.0,1,0.4117222881516764,F,1.5,1.0,4,0.4117222881516764,169.0,110.0,68.0,14.0,0.4450052210233206
51.0,65.0,13.0,27.0,77.0,42.0,70.0,75.0,21.0,29.0,74.0,40.0,44.0,69.0,71.0,16.0,30.0,69.0,36.0,25.0,19.0,84.0,55.0,52.0,67.0,86.0,69.0,9.0,79.0,68.0,61.0,51.0,10.0,48.0,48.0,52.0,71.0,68.0,24.0,45.0,31.0,1.0,30.0,1.0,14.0,48.0,13.0,85.0,46.0,4.0,1.0,1,0.4117222881516764,F,1.5,0.0,4,0.4117222881516764,169.0,110.0,69.0,15.0,0.433496269616671
85.0,48.0,87.0,9.0,39.0,69.0,42.0,1.0,40.0,41.0,5.0,47.0,62.0,67.0,29.0,61.0,75.0,98.0,56.0,32.0,77.0,39.0,67.0,61.0,3.0,3.0,31.0,19.0,54.0,74.0,65.0,65.0,37.0,3.0,16.0,23.0,23.0,24.0,32.0,23.0,29.0,53.0,30.0,70.0,79.0,46.0,18.0,62.0,12.0,31.0,9.0,0,0.4117222881516764,F,1.5,1.0,4,0.4117222881516764,170.0,110.0,69.0,15.0,0.42966751918158574
84.0,17.0,84.0,1.0,83.0,17.0,11.0,33.0,48.0,47.0,64.0,86.0,43.0,50.0,37.0,73.0,35.0,72.0,50.0,24.0,51.0,49.0,41.0,8.0,21.0,13.0,58.0,53.0,45.0,34.0,79.0,28.0,19.0,23.0,68.0,87.0,61.0,10.0,29.0,67.0,54.0,25.0,60.0,39.0,12.0,65.0,42.0,75.0,58.0,58.0,6.0,0,0.4117222881516764,F,1.5,1.0,4,0.4117222881516764,171.0,110.0,69.0,15.0,0.4258835494533435
65.0,45.0,84.0,43.0,69.0,14.0,45.0,69.0,43.0,47.0,61.0,26.0,35.0,53.0,36.0,24.0,22.0,46.0,22.0,30.0,86.0,61.0,67.0,78.0,85.0,53.0,62.0,67.0,26.0,47.0,57.0,58.0,42.0,30.0,38.0,81.0,25.0,55.0,63.0,29.0,28.0,6.0,45.0,17.0,86.0,26.0,44.0,85.0,71.0,48.0,1.0,0,0.4117222881516764,F,1.5,0.0,4,0.4117222881516764,171.0,110.0,70.0,15.0,0.42898913951545525
51.0,54.0,47.0,49.0,10.0,31.0,45.0,77.0,38.0,33.0,39.0,54.0,63.0,61.0,7.0,59.0,77.0,38.0,4.0,17.0,1.0,60.0,61.0,76.0,60.0,51.0,33.0,67.0,54.0,57.0,81.0,13.0,10.0,69.0,22.0,37.0,47.0,35.0,19.0,50.0,41.0,76.0,32.0,73.0,58.0,86.0,63.0,50.0,45.0,28.0,5.0,1,0.4117222881516764,F,1.5,1.0,4,0.4117222881516764,172.0,111.0,70.0,15.0,0.43106312292358806
3.0,1.0,23.0,7.0,34.0,27.0,69.0,88.0,39.0,74.0,68.0,59.0,63.0,51.0,80.0,11.0,72.0,43.0,18.0,43.0,5.0,59.0,47.0,39.0,73.0,86.0,33.0,11.0,49.0,10.0,65.0,79.0,62.0,77.0,54.0,37.0,10.0,35.0,50.0,40.0,41.0,17.0,12.0,3.0,18.0,16.0,20.0,75.0,26.0,9.0,1.0,0,0.4117222881516764,F,1.5,0.0,4,0.4117222881516764,172.0,111.0,71.0,15.0,0.43408123157549955
50.0,54.0,89.0,49.0,47.0,21.0,54.0,88.0,78.0,22.0,77.0,45.0,10.0,56.0,55.0,16.0,48.0,52.0,33.0,81.0,67.0,7.0,25.0,76.0,78.0,13.0,11.0,59.0,29.0,68.0,34.0,56.0,25.0,41.0,50.0,20.0,16.0,85.0,30.0,26.0,17.0,3.0,9.0,17.0,10.0,21.0,25.0,69.0,84.0,38.0,9.0,0,0.4117222881516764,F,1.5,1.0,4,0.4117222881516764,173.0,111.0,71.0,15.0,0.43035089147602373
30.0,67.0,13.0,16.0,71.0,18.0,57.0,91.0,74.0,81.0,11.0,57.0,14.0,68.0,11.0,35.0,12.0,62.0,60.0,62.0,39.0,70.0,82.0,46.0,30.0,16.0,46.0,17.0,41.0,26.0,57.0,72.0,43.0,26.0,16.0,87.0,7.0,37.0,23.0,27.0,23.0,58.0,73.0,30.0,30.0,77.0,56.0,13.0,75.0,61.0,11.0,1,0.4117222881516764,F,1.5,1.0,4,0.4117222881516764,174.0,112.0,71.0,15.0,0.4324105552857374
28.0,86.0,13.0,7.0,31.0,42.0,74.0,92.0,39.0,6.0,12.0,58.0,31.0,4.0,38.0,5.0,26.0,32.0,23.0,26.0,60.0,49.0,47.0,81.0,9.0,37.0,1.0,29.0,41.0,26.0,43.0,2.0,39.0,6.0,31.0,75.0,81.0,7.0,26.0,65.0,8.0,46.0,40.0,34.0,25.0,11.0,13.0,56.0,19.0,59.0,13.0,0,0.4117222881516764,F,1.5,1.0,4,0.4117222881516764,175.0,112.0,71.0,15.0,0.4287323943661972
77.0,12.0,13.0,18.0,39.0,89.0,14.0,84.0,28.0,15.0,26.0,3.0,43.0,65.0,50.0,65.0,26.0,19.0,63.0,40.0,55.0,26.0,21.0,50.0,59.0,17.0,54.0,25.0,42.0,26.0,14.0,82.0,83.0,38.0,32.0,78.0,59.0,37.0,27.0,19.0,14.0,16.0,19.0,1.0,10.0,72.0,18.0,29.0,46.0,53.0,3.0,1,0.4117222881516764,F,1.5,1.0,4,0.4117222881516764,176.0,113.0,71.0,15.0,0.4307778489116518
75.0,29.0,80.0,51.0,33.0,48.0,11.0,73.0,69.0,29.0,79.0,13.0,62.0,3.0,56.0,71.0,47.0,48.0,65.0,45.0,59.0,9.0,74.0,84.0,32.0,47.0,32.0,7.0,27.0,68.0,8.0,6.0,1.0,69.0,14.0,57.0,69.0,73.0,13.0,40.0,69.0,17.0,18.0,27.0,69.0,10.0,21.0,5.0,77.0,43.0,6.0,1,0.4117222881516764,F,1.5,1.0,4,0.4117222881516764,177.0,114.0,71.0,15.0,0.4328001909763666
29.0,54.0,39.0,7.0,80.0,13.0,80.0,63.0,50.0,52.0,61.0,87.0,32.0,53.0,56.0,56.0,18.0,5.0,20.0,94.0,33.0,70.0,44.0,46.0,73.0,9.0,30.0,23.0,38.0,17.0,12.0,91.0,17.0,35.0,34.0,21.0,61.0,8.0,56.0,2.0,62.0,46.0,81.0,43.0,79.0,25.0,55.0,39.0,72.0,69.0,9.0,1,0.4117222881516764,F,1.5,1.0,4,0.4117222881516764,178.0,115.0,71.0,15.0,0.4347998100965343
21.0,60.0,26.0,5.0,39.0,1.0,69.0,10.0,26.0,44.0,48.0,73.0,67.0,53.0,18.0,32.0,67.0,5.0,9.0,73.0,20.0,79.0,55.0,68.0,32.0,63.0,32.0,5.0,46.0,20.0,4.0,29.0,2.0,43.0,65.0,50.0,79.0,43.0,24.0,83.0,62.0,20.0,12.0,54.0,71.0,38.0,55.0,78.0,9.0,28.0,1.0,1,0.4117222881516764,F,1.5,0.0,4,0.4117222881516764,178.0,115.0,72.0,16.0,0.4238451935081149
63.0,21.0,56.0,27.0,37.0,51.0,50.0,36.0,76.0,38.0,8.0,69.0,4.0,65.0,14.0,6.0,19.0,59.0,45.0,32.0,79.0,1.0,62.0,64.0,32.0,88.0,1.0,15.0,54.0,33.0,24.0,92.0,25.0,1.0,13.0,80.0,71.0,37.0,28.0,45.0,58.0,39.0,8.0,34.0,86.0,83.0,68.0,43.0,32.0,43.0,11.0,1,0.4117222881516764,F,1.5,1.0,4,0.4117222881516764,179.0,116.0,72.0,16.0,0.42582247051520794
12.0,24.0,54.0,7.0,57.0,11.0,71.0,64.0,20.0,31.0,43.0,2.0,22.0,53.0,79.0,21.0,30.0,96.0,58.0,24.0,67.0,49.0,21.0,92.0,91.0,10.0,58.0,29.0,81.0,3.0,26.0,60.0,35.0,73.0,62.0,50.0,80.0,76.0,61.0,50.0,49.0,17.0,3.0,14.0,79.0,27.0,16.0,54.0,84.0,47.0,13.0,0,0.4117222881516764,F,1.5,1.0,4,0.4117222881516764,180.0,116.0,72.0,16.0,0.4222222222222223
58.0,26.0,63.0,49.0,47.0,8.0,75.0,47.0,72.0,39.0,43.0,77.0,63.0,4.0,62.0,73.0,57.0,91.0,58.0,93.0,33.0,82.0,48.0,86.0,47.0,79.0,71.0,15.0,56.0,47.0,57.0,2.0,9.0,67.0,9.0,12.0,14.0,61.0,61.0,49.0,69.0,58.0,8.0,13.0,8.0,52.0,56.0,33.0,42.0,63.0,13.0,1,0.4117222881516764,F,1.5,1.0,4,0.4117222881516764,181.0,117.0,72.0,16.0,0.42418661755678333
26.0,22.0,99.0,51.0,11.0,94.0,64.0,9.0,53.0,60.0,38.0,46.0,39.0,49.0,61.0,2.0,30.0,3.0,25.0,67.0,30.0,70.0,69.0,29.0,87.0,83.0,78.0,2.0,31.0,43.0,65.0,51.0,39.0,68.0,65.0,65.0,15.0,21.0,18.0,45.0,49.0,4.0,77.0,24.0,82.0,48.0,58.0,75.0,82.0,45.0,4.0,1,0.4117222881516764,F,1.5,1.0,4,0.4117222881516764,182.0,118.0,72.0,16.0,0.42612942612942617
45.0,75.0,13.0,60.0,3.0,94.0,88.0,51.0,59.0,33.0,58.0,24.0,67.0,61.0,16.0,10.0,30.0,59.0,66.0,28.0,61.0,52.0,8.0,59.0,38.0,17.0,20.0,33.0,81.0,36.0,74.0,90.0,52.0,49.0,28.0,1.0,41.0,24.0,29.0,32.0,6.0,72.0,67.0,59.0,71.0,10.0,5.0,78.0,41.0,45.0,1.0,1,0.4117222881516764,F,1.5,0.0,4,0.4117222881516764,182.0,118.0,73.0,17.0,0.41547493602288127
7.0,54.0,91.0,19.0,15.0,3.0,11.0,79.0,60.0,55.0,74.0,17.0,63.0,35.0,6.0,77.0,67.0,86.0,3.0,28.0,26.0,14.0,64.0,36.0,18.0,3.0,56.0,27.0,47.0,45.0,40.0,92.0,64.0,26.0,42.0,6.0,10.0,69.0,43.0,67.0,8.0,22.0,81.0,69.0,47.0,4.0,7.0,78.0,72.0,79.0,9.0,1,0.4117222881516764,F,1.5,1.0,4,0.4117222881516764,183.0,119.0,73.0,17.0,0.4173965117149487
48.0,76.0,32.0,1.0,77.0,28.0,72.0,61.0,14.0,39.0,64.0,26.0,43.0,37.0,6.0,6.0,73.0,64.0,16.0,21.0,43.0,52.0,58.0,10.0,73.0,79.0,54.0,49.0,52.0,44.0,57.0,50.0,35.0,48.0,34.0,18.0,83.0,41.0,1.0,27.0,2.0,10.0,45.0,14.0,14.0,78.0,43.0,75.0,67.0,1.0,6.0,0,0.4117222881516764,F,1.5,1.0,4,0.4117222881516764,184.0,119.0,73.0,17.0,0.4138624181060155
35.0,55.0,91.0,29.0,28.0,33.0,22.0,85.0,68.0,15.0,43.0,10.0,4.0,58.0,16.0,56.0,35.0,79.0,20.0,30.0,51.0,73.0,16.0,106.0,31.0,26.0,60.0,33.0,23.0,28.0,10.0,57.0,35.0,22.0,65.0,87.0,10.0,30.0,52.0,50.0,45.0,38.0,23.0,8.0,23.0,77.0,9.0,18.0,61.0,21.0,7.0,1,0.4117222881516764,F,1.5,1.0,4,0.4117222881516764,185.0,120.0,73.0,17.0,0.4157719363198816
63.0,67.0,70.0,25.0,31.0,98.0,5.0,86.0,38.0,13.0,9.0,13.0,8.0,28.0,7.0,39.0,28.0,47.0,75.0,78.0,54.0,20.0,71.0,21.0,43.0,75.0,78.0,63.0,47.0,26.0,58.0,65.0,73.0,81.0,7.0,78.0,35.0,50.0,70.0,15.0,5.0,17.0,6.0,72.0,82.0,82.0,44.0,4.0,24.0,43.0,1.0,0,0.4117222881516764,F,1.5,0.0,4,0.4117222881516764,185.0,120.0,74.0,17.0,0.41891891891891897
38.0,38.0,43.0,42.0,57.0,13.0,28.0,31.0,76.0,6.0,56.0,86.0,71.0,51.0,56.0,28.0,53.0,11.0,50.0,60.0,37.0,9.0,67.0,99.0,18.0,3.0,12.0,32.0,73.0,48.0,34.0,58.0,43.0,42.0,72.0,17.0,57.0,4.0,13.0,40.0,1.0,42.0,20.0,63.0,41.0,56.0,16.0,42.0,50.0,4.0,9.0,0,0.4117222881516764,F,1.5,1.0,4,0.4117222881516764,186.0,120.0,74.0,17.0,0.4154315605928509
50.0,1.0,84.0,27.0,54.0,10.0,8.0,73.0,2.0,16.0,40.0,5.0,77.0,53.0,56.0,44.0,55.0,77.0,50.0,68.0,84.0,79.0,65.0,87.0,13.0,10.0,40.0,37.0,17.0,1.0,15.0,63.0,6.0,17.0,42.0,17.0,13.0,75.0,42.0,41.0,35.0,62.0,83.0,1.0,30.0,60.0,40.0,42.0,17.0,47.0,6.0,1,0.4117222881516764,F,1.5,1.0,4,0.4117222881516764,187.0,121.0,74.0,17.0,0.4173290937996821
37.0,45.0,13.0,21.0,3.0,11.0,52.0,25.0,70.0,19.0,12.0,76.0,67.0,41.0,52.0,50.0,22.0,60.0,6.0,17.0,67.0,82.0,77.0,106.0,32.0,60.0,46.0,20.0,54.0,28.0,7.0,41.0,87.0,69.0,29.0,52.0,17.0,45.0,56.0,60.0,54.0,42.0,60.0,50.0,20.0,21.0,3.0,18.0,25.0,13.0,11.0,1,0.4117222881516764,F,1.5,1.0,4,0.4117222881516764,188.0,122.0,74.0,17.0,0.41920644048303624
54.0,2.0,76.0,21.0,26.0,96.0,52.0,88.0,60.0,68.0,12.0,30.0,30.0,73.0,74.0,4.0,65.0,69.0,11.0,64.0,51.0,2.0,39.0,8.0,28.0,84.0,2.0,45.0,47.0,40.0,22.0,53.0,43.0,1.0,4.0,9.0,85.0,38.0,32.0,87.0,16.0,6.0,12.0,39.0,55.0,81.0,38.0,54.0,3.0,26.0,13.0,1,0.4117222881516764,F,1.5,1.0,4,0.4117222881516764,189.0,123.0,74.0,17.0,0.4210639210639211
49.0,4.0,96.0,3.0,59.0,28.0,36.0,85.0,48.0,68.0,41.0,33.0,76.0,37.0,29.0,73.0,65.0,75.0,3.0,17.0,11.0,62.0,12.0,94.0,81.0,21.0,76.0,25.0,54.0,14.0,70.0,88.0,31.0,60.0,54.0,26.0,28.0,37.0,41.0,15.0,58.0,28.0,8.0,44.0,14.0,21.0,25.0,75.0,46.0,19.0,11.0,1,0.4117222881516764,F,1.5,1.0,4,0.4117222881516764,190.0,124.0,74.0,17.0,0.42290184921763874
69.0,75.0,61.0,49.0,33.0,31.0,70.0,33.0,41.0,79.0,3.0,39.0,31.0,43.0,38.0,3.0,19.0,76.0,75.0,45.0,51.0,2.0,30.0,34.0,32.0,26.0,33.0,14.0,44.0,75.0,3.0,46.0,37.0,1.0,65.0,87.0,53.0,55.0,42.0,70.0,8.0,62.0,34.0,81.0,17.0,26.0,65.0,78.0,15.0,1.0,1.0,0,0.4117222881516764,F,1.5,0.0,4,0.4117222881516764,190.0,124.0,75.0,17.0,0.42596491228070177
12.0,37.0,70.0,49.0,5.0,59.0,70.0,88.0,5.0,72.0,73.0,13.0,9.0,31.0,16.0,48.0,56.0,69.0,69.0,87.0,73.0,73.0,67.0,68.0,71.0,41.0,22.0,9.0,24.0,49.0,61.0,33.0,15.0,1.0,34.0,59.0,1.0,55.0,24.0,18.0,17.0,60.0,9.0,81.0,12.0,21.0,36.0,35.0,11.0,19.0,1.0,0,0.4117222881516764,F,1.5,0.0,4,0.4117222881516764,190.0,124.0,76.0,17.0,0.42894736842105263
50.0,75.0,13.0,20.0,3.0,38.0,9.0,21.0,68.0,39.0,11.0,84.0,73.0,27.0,16.0,49.0,37.0,100.0,70.0,22.0,62.0,14.0,19.0,59.0,78.0,63.0,46.0,25.0,60.0,5.0,13.0,33.0,80.0,66.0,61.0,43.0,10.0,78.0,11.0,10.0,69.0,52.0,64.0,50.0,14.0,50.0,61.0,42.0,48.0,9.0,11.0,0,0.4117222881516764,F,1.5,1.0,4,0.4117222881516764,191.0,124.0,76.0,17.0,0.4255304491595481
30.0,38.0,58.0,27.0,75.0,33.0,52.0,32.0,30.0,24.0,30.0,28.0,4.0,7.0,71.0,39.0,6.0,35.0,13.0,95.0,37.0,42.0,44.0,70.0,85.0,77.0,23.0,27.0,29.0,29.0,72.0,57.0,51.0,60.0,43.0,50.0,68.0,69.0,22.0,67.0,41.0,36.0,55.0,15.0,25.0,10.0,18.0,68.0,7.0,1.0,4.0,1,0.4117222881516764,F,1.5,1.0,4,0.4117222881516764,192.0,125.0,76.0,17.0,0.4273574561403508
14.0,54.0,47.0,7.0,82.0,20.0,92.0,91.0,47.0,84.0,11.0,86.0,48.0,49.0,52.0,20.0,65.0,69.0,24.0,67.0,37.0,32.0,5.0,84.0,28.0,69.0,32.0,9.0,23.0,69.0,13.0,66.0,81.0,64.0,1.0,24.0,24.0,49.0,6.0,48.0,27.0,39.0,38.0,8.0,12.0,25.0,32.0,87.0,30.0,28.0,5.0,1,0.4117222881516764,F,1.5,1.0,4,0.4117222881516764,193.0,126.0,76.0,17.0,0.42916553040632666
52.0,54.0,57.0,5.0,67.0,8.0,11.0,54.0,65.0,86.0,60.0,90.0,10.0,52.0,71.0,16.0,8.0,82.0,44.0,38.0,65.0,28.0,36.0,68.0,34.0,11.0,71.0,15.0,52.0,68.0,16.0,84.0,1.0,62.0,11.0,52.0,24.0,89.0,13.0,41.0,49.0,71.0,8.0,72.0,71.0,85.0,57.0,42.0,83.0,62.0,14.0,0,0.4117222881516764,F,1.5,1.0,4,0.4117222881516764,194.0,126.0,76.0,17.0,0.42580032555615843
43.0,20.0,87.0,27.0,78.0,8.0,10.0,84.0,12.0,39.0,27.0,13.0,50.0,46.0,29.0,44.0,47.0,1.0,49.0,26.0,22.0,77.0,12.0,41.0,60.0,86.0,1.0,1.0,42.0,68.0,53.0,90.0,40.0,58.0,7.0,66.0,14.0,43.0,11.0,75.0,18.0,36.0,46.0,73.0,37.0,68.0,59.0,60.0,30.0,77.0,9.0,1,0.4117222881516764,F,1.5,1.0,4,0.4117222881516764,195.0,127.0,76.0,17.0,0.4275978407557355
75.0,11.0,31.0,21.0,88.0,62.0,11.0,79.0,20.0,5.0,1.0,30.0,36.0,56.0,41.0,18.0,12.0,97.0,50.0,67.0,82.0,66.0,41.0,72.0,85.0,13.0,32.0,70.0,42.0,6.0,24.0,41.0,15.0,60.0,68.0,81.0,49.0,45.0,67.0,71.0,15.0,9.0,28.0,45.0,71.0,65.0,33.0,58.0,42.0,4.0,6.0,1,0.4117222881516764,F,1.5,1.0,4,0.4117222881516764,196.0,128.0,76.0,17.0,0.42937701396348005
7.0,36.0,59.0,16.0,18.0,96.0,64.0,92.0,76.0,76.0,80.0,82.0,10.0,62.0,26.0,73.0,56.0,2.0,8.0,32.0,46.0,22.0,69.0,76.0,55.0,41.0,12.0,33.0,18.0,61.0,79.0,66.0,34.0,30.0,13.0,64.0,80.0,73.0,37.0,18.0,31.0,39.0,34.0,27.0,30.0,66.0,22.0,74.0,67.0,26.0,7.0,1,0.4117222881516764,F,1.5,1.0,4,0.4117222881516764,197.0,129.0,76.0,17.0,0.43113812449906486
54.0,84.0,87.0,26.0,78.0,16.0,11.0,42.0,43.0,56.0,24.0,7.0,27.0,21.0,66.0,73.0,65.0,31.0,20.0,78.0,82.0,67.0,35.0,25.0,52.0,9.0,58.0,25.0,22.0,45.0,18.0,33.0,35.0,22.0,33.0,63.0,25.0,67.0,60.0,23.0,49.0,58.0,47.0,81.0,18.0,42.0,45.0,58.0,22.0,4.0,1.0,0,0.4117222881516764,F,1.5,0.0,4,0.4117222881516764,197.0,129.0,77.0,17.0,0.43404311424615993
75.0,6.0,96.0,49.0,46.0,93.0,58.0,41.0,10.0,60.0,16.0,75.0,50.0,61.0,66.0,10.0,38.0,30.0,31.0,40.0,25.0,28.0,55.0,56.0,67.0,63.0,53.0,29.0,54.0,10.0,7.0,58.0,22.0,59.0,46.0,75.0,69.0,21.0,22.0,41.0,31.0,52.0,39.0,61.0,57.0,84.0,32.0,29.0,15.0,62.0,11.0,1,0.4117222881516764,F,1.5,1.0,4,0.4117222881516764,198.0,130.0,77.0,17.0,0.43578643578643583
72.0,58.0,45.0,13.0,20.0,75.0,54.0,33.0,76.0,60.0,56.0,83.0,67.0,46.0,74.0,16.0,18.0,96.0,35.0,52.0,37.0,31.0,41.0,42.0,32.0,73.0,78.0,53.0,44.0,68.0,71.0,82.0,35.0,66.0,43.0,87.0,56.0,14.0,41.0,67.0,58.0,45.0,28.0,81.0,79.0,46.0,20.0,13.0,9.0,10.0,1.0,1,0.4117222881516764,F,1.5,0.0,4,0.4117222881516764,198.0,130.0,78.0,18.0,0.4257964257964258
80.0,8.0,82.0,20.0,11.0,29.0,15.0,32.0,76.0,31.0,15.0,14.0,72.0,75.0,33.0,22.0,65.0,48.0,22.0,31.0,39.0,15.0,65.0,54.0,61.0,6.0,6.0,58.0,58.0,45.0,61.0,17.0,19.0,64.0,11.0,81.0,43.0,43.0,41.0,43.0,49.0,68.0,8.0,61.0,44.0,10.0,43.0,25.0,73.0,37.0,9.0,1,0.4117222881516764,F,1.5,1.0,4,0.4117222881516764,199.0,131.0,78.0,18.0,0.42752222651720134
7.0,71.0,13.0,29.0,80.0,75.0,24.0,84.0,76.0,19.0,24.0,86.0,62.0,14.0,35.0,46.0,52.0,69.0,67.0,67.0,59.0,52.0,6.0,87.0,87.0,39.0,32.0,56.0,37.0,66.0,13.0,11.0,79.0,42.0,65.0,8.0,55.0,6.0,2.0,41.0,3.0,38.0,8.0,19.0,45.0,46.0,46.0,49.0,60.0,19.0,4.0,1,0.4117222881516764,F,1.5,1.0,4,0.4117222881516764,200.0,132.0,78.0,18.0,0.42923076923076925
11.0,45.0,52.0,20.0,18.0,13.0,25.0,35.0,38.0,13.0,44.0,42.0,76.0,6.0,7.0,54.0,38.0,64.0,39.0,37.0,92.0,14.0,29.0,102.0,17.0,85.0,12.0,40.0,75.0,14.0,59.0,42.0,11.0,73.0,6.0,16.0,64.0,73.0,14.0,29.0,18.0,32.0,12.0,22.0,10.0,77.0,3.0,75.0,26.0,45.0,13.0,1,0.4117222881516764,F,1.5,1.0,4,0.4117222881516764,201.0,133.0,78.0,18.0,0.4309223115193264
5.0,22.0,36.0,29.0,86.0,64.0,80.0,84.0,12.0,47.0,16.0,14.0,20.0,65.0,1.0,54.0,26.0,82.0,33.0,25.0,66.0,57.0,20.0,63.0,32.0,46.0,50.0,47.0,58.0,1.0,34.0,12.0,4.0,5.0,32.0,78.0,43.0,46.0,13.0,58.0,1.0,14.0,9.0,77.0,52.0,82.0,51.0,75.0,15.0,25.0,13.0,1,0.4117222881516764,F,1.5,1.0,4,0.4117222881516764,202.0,134.0,78.0,18.0,0.4325971058644326
51.0,22.0,72.0,49.0,60.0,98.0,57.0,79.0,76.0,13.0,9.0,73.0,52.0,21.0,51.0,24.0,30.0,98.0,34.0,42.0,11.0,18.0,61.0,90.0,36.0,28.0,56.0,3.0,54.0,68.0,5.0,21.0,15.0,64.0,63.0,70.0,16.0,43.0,50.0,67.0,54.0,38.0,17.0,41.0,81.0,84.0,5.0,43.0,45.0,58.0,13.0,1,0.4117222881516764,F,1.5,1.0,4,0.4117222881516764,203.0,135.0,78.0,18.0,0.4342553997726411
65.0,35.0,27.0,35.0,7.0,20.0,29.0,84.0,59.0,29.0,12.0,15.0,8.0,7.0,70.0,18.0,30.0,24.0,45.0,60.0,65.0,26.0,80.0,76.0,68.0,20.0,12.0,70.0,81.0,6.0,34.0,66.0,22.0,36.0,68.0,11.0,83.0,26.0,41.0,28.0,29.0,47.0,38.0,47.0,82.0,76.0,54.0,2.0,23.0,1.0,13.0,1,0.4117222881516764,F,1.5,1.0,4,0.4117222881516764,204.0,136.0,78.0,18.0,0.43589743589743585
48.0,36.0,44.0,37.0,5.0,56.0,3.0,79.0,38.0,62.0,1.0,54.0,61.0,56.0,62.0,2.0,67.0,42.0,32.0,48.0,84.0,26.0,67.0,106.0,16.0,61.0,67.0,10.0,47.0,57.0,81.0,31.0,7.0,11.0,63.0,65.0,11.0,76.0,29.0,50.0,58.0,38.0,75.0,70.0,86.0,50.0,63.0,4.0,18.0,56.0,9.0,1,0.4117222881516764,F,1.5,1.0,4,0.4117222881516764,205.0,137.0,78.0,18.0,0.4375234521575985
28.0,48.0,94.0,52.0,13.0,65.0,90.0,92.0,28.0,27.0,3.0,65.0,6.0,11.0,41.0,73.0,36.0,8.0,50.0,24.0,76.0,79.0,32.0,67.0,67.0,32.0,56.0,49.0,51.0,52.0,39.0,8.0,2.0,29.0,65.0,88.0,61.0,70.0,58.0,66.0,18.0,70.0,47.0,60.0,82.0,21.0,20.0,6.0,71.0,19.0,9.0,1,0.4117222881516764,F,1.5,1.0,4,0.4117222881516764,206.0,138.0,78.0,18.0,0.4391336818521285
74.0,60.0,95.0,51.0,39.0,90.0,42.0,84.0,37.0,1.0,30.0,37.0,50.0,26.0,29.0,68.0,14.0,3.0,69.0,94.0,26.0,7.0,47.0,18.0,25.0,3.0,60.0,67.0,44.0,43.0,2.0,68.0,37.0,72.0,65.0,17.0,29.0,86.0,49.0,80.0,28.0,75.0,78.0,15.0,35.0,74.0,25.0,75.0,75.0,21.0,13.0,1,0.4117222881516764,F,1.5,1.0,4,0.4117222881516764,207.0,139.0,78.0,18.0,0.440728353771832
4.0,67.0,36.0,6.0,77.0,32.0,90.0,28.0,75.0,74.0,60.0,57.0,28.0,65.0,46.0,6.0,57.0,80.0,68.0,44.0,37.0,24.0,44.0,52.0,16.0,28.0,21.0,34.0,54.0,6.0,36.0,22.0,19.0,47.0,43.0,82.0,16.0,27.0,65.0,43.0,1.0,56.0,31.0,22.0,14.0,46.0,21.0,68.0,73.0,45.0,8.0,0,0.4117222881516764,F,1.5,1.0,4,0.4117222881516764,208.0,139.0,78.0,18.0,0.43749999999999994
63.0,6.0,72.0,43.0,71.0,23.0,34.0,69.0,59.0,13.0,68.0,8.0,60.0,75.0,48.0,56.0,68.0,33.0,37.0,39.0,77.0,73.0,35.0,104.0,26.0,26.0,56.0,70.0,41.0,47.0,59.0,17.0,17.0,1.0,18.0,23.0,75.0,84.0,22.0,36.0,66.0,15.0,39.0,2.0,25.0,52.0,61.0,58.0,45.0,45.0,1.0,0,0.4117222881516764,F,1.5,0.0,4,0.4117222881516764,208.0,139.0,79.0,18.0,0.44042112950340795
65.0,62.0,25.0,28.0,6.0,80.0,42.0,3.0,50.0,47.0,70.0,65.0,69.0,16.0,66.0,44.0,10.0,60.0,52.0,32.0,62.0,19.0,41.0,90.0,32.0,6.0,14.0,50.0,57.0,28.0,56.0,84.0,55.0,41.0,47.0,85.0,16.0,27.0,17.0,84.0,45.0,55.0,47.0,47.0,8.0,68.0,17.0,75.0,84.0,38.0,1.0,0,0.4117222881516764,F,1.5,0.0,4,0.4117222881516764,208.0,139.0,80.0,18.0,0.44326923076923075
54.0,21.0,65.0,24.0,31.0,31.0,11.0,19.0,5.0,69.0,54.0,54.0,4.0,69.0,67.0,47.0,59.0,98.0,39.0,3.0,36.0,52.0,43.0,89.0,15.0,49.0,7.0,15.0,79.0,65.0,75.0,92.0,61.0,60.0,54.0,25.0,10.0,55.0,64.0,23.0,32.0,39.0,14.0,17.0,75.0,86.0,10.0,5.0,1.0,12.0,3.0,0,0.4117222881516764,F,1.5,1.0,4,0.4117222881516764,209.0,139.0,80.0,18.0,0.4400717703349283
14.0,43.0,30.0,49.0,28.0,8.0,11.0,85.0,34.0,41.0,82.0,45.0,76.0,46.0,39.0,44.0,30.0,22.0,70.0,50.0,73.0,18.0,41.0,62.0,45.0,4.0,1.0,27.0,26.0,47.0,8.0,88.0,12.0,29.0,23.0,67.0,43.0,6.0,56.0,18.0,35.0,22.0,1.0,81.0,19.0,65.0,64.0,78.0,35.0,82.0,1.0,0,0.4117222881516764,F,1.5,0.0,4,0.4117222881516764,209.0,139.0,81.0,18.0,0.44284954811270605
27.0,80.0,45.0,49.0,52.0,24.0,77.0,61.0,73.0,37.0,26.0,43.0,43.0,37.0,78.0,35.0,65.0,60.0,46.0,1.0,26.0,7.0,23.0,87.0,63.0,32.0,5.0,55.0,57.0,19.0,61.0,48.0,3.0,1.0,7.0,51.0,71.0,45.0,33.0,54.0,63.0,36.0,29.0,70.0,10.0,71.0,61.0,79.0,72.0,9.0,9.0,0,0.4117222881516764,F,1.5,1.0,4,0.4117222881516764,210.0,139.0,81.0,18.0,0.4396825396825397
43.0,77.0,29.0,49.0,67.0,33.0,34.0,82.0,46.0,37.0,12.0,62.0,43.0,53.0,51.0,52.0,35.0,16.0,45.0,61.0,35.0,14.0,2.0,26.0,20.0,23.0,49.0,70.0,32.0,32.0,49.0,53.0,11.0,46.0,16.0,85.0,12.0,50.0,42.0,5.0,19.0,27.0,73.0,51.0,28.0,43.0,64.0,39.0,46.0,69.0,8.0,0,0.4117222881516764,F,1.5,1.0,4,0.4117222881516764,211.0,139.0,81.0,18.0,0.43654555028962616
65.0,38.0,93.0,27.0,49.0,89.0,57.0,3.0,52.0,15.0,8.0,86.0,31.0,6.0,80.0,61.0,43.0,56.0,75.0,57.0,33.0,48.0,25.0,46.0,18.0,70.0,14.0,5.0,54.0,32.0,34.0,17.0,26.0,69.0,46.0,56.0,73.0,35.0,48.0,50.0,15.0,67.0,50.0,32.0,73.0,9.0,66.0,4.0,41.0,81.0,13.0,1,0.4117222881516764,F,1.5,1.0,4,0.4117222881516764,212.0,140.0,81.0,18.0,0.4381551362683438
9.0,36.0,16.0,37.0,79.0,1.0,71.0,25.0,74.0,71.0,56.0,9.0,11.0,67.0,48.0,44.0,67.0,3.0,39.0,91.0,55.0,69.0,24.0,15.0,11.0,23.0,40.0,56.0,20.0,68.0,19.0,89.0,63.0,22.0,46.0,17.0,52.0,76.0,37.0,58.0,53.0,34.0,28.0,63.0,14.0,21.0,20.0,33.0,46.0,61.0,3.0,1,0.4117222881516764,F,1.5,1.0,4,0.4117222881516764,213.0,141.0,81.0,18.0,0.4397496087636933
50.0,22.0,13.0,7.0,4.0,73.0,7.0,84.0,5.0,6.0,78.0,3.0,71.0,6.0,45.0,6.0,31.0,46.0,63.0,56.0,6.0,1.0,53.0,33.0,73.0,70.0,32.0,47.0,17.0,32.0,68.0,67.0,72.0,1.0,7.0,52.0,61.0,35.0,60.0,18.0,3.0,76.0,20.0,73.0,27.0,32.0,9.0,17.0,59.0,69.0,8.0,1,0.4117222881516764,F,1.5,1.0,4,0.4117222881516764,214.0,142.0,81.0,18.0,0.44132917964693663
43.0,38.0,29.0,49.0,3.0,55.0,84.0,49.0,68.0,36.0,68.0,58.0,28.0,53.0,73.0,65.0,75.0,55.0,60.0,48.0,51.0,9.0,82.0,66.0,85.0,79.0,22.0,42.0,17.0,54.0,57.0,18.0,11.0,48.0,23.0,35.0,16.0,69.0,32.0,16.0,13.0,36.0,41.0,3.0,39.0,65.0,3.0,48.0,22.0,19.0,1.0,0,0.4117222881516764,F,1.5,0.0,4,0.4117222881516764,214.0,142.0,82.0,18.0,0.44403920674720765
65.0,74.0,59.0,29.0,64.0,50.0,80.0,46.0,76.0,13.0,14.0,75.0,32.0,45.0,6.0,63.0,53.0,33.0,50.0,56.0,10.0,19.0,67.0,59.0,21.0,9.0,76.0,18.0,62.0,66.0,55.0,53.0,33.0,73.0,72.0,73.0,72.0,70.0,26.0,12.0,5.0,48.0,41.0,60.0,30.0,32.0,38.0,29.0,55.0,72.0,1.0,0,0.4117222881516764,F,1.5,0.0,4,0.4117222881516764,214.0,142.0,83.0,18.0,0.44668393198964074
22.0,45.0,96.0,45.0,56.0,27.0,3.0,36.0,29.0,47.0,70.0,59.0,8.0,6.0,58.0,56.0,58.0,47.0,32.0,65.0,77.0,63.0,84.0,95.0,55.0,63.0,37.0,47.0,55.0,52.0,15.0,22.0,43.0,2.0,26.0,52.0,61.0,37.0,24.0,19.0,27.0,15.0,57.0,25.0,56.0,48.0,58.0,69.0,46.0,29.0,1.0,0,0.4117222881516764,F,1.5,0.0,4,0.4117222881516764,214.0,142.0,84.0,18.0,0.44926568758344454
75.0,77.0,43.0,43.0,74.0,11.0,76.0,7.0,5.0,50.0,83.0,71.0,50.0,65.0,34.0,45.0,72.0,98.0,39.0,95.0,1.0,25.0,61.0,93.0,61.0,95.0,40.0,27.0,60.0,42.0,49.0,79.0,28.0,36.0,65.0,52.0,43.0,10.0,46.0,27.0,61.0,70.0,31.0,50.0,17.0,86.0,40.0,4.0,41.0,79.0,13.0,1,0.4117222881516764,F,1.5,1.0,4,0.4117222881516764,215.0,143.0,84.0,18.0,0.45083056478405314
50.0,4.0,86.0,31.0,20.0,49.0,69.0,3.0,5.0,29.0,15.0,73.0,76.0,41.0,79.0,44.0,33.0,40.0,38.0,82.0,68.0,36.0,46.0,21.0,86.0,3.0,12.0,5.0,40.0,43.0,13.0,2.0,79.0,59.0,34.0,60.0,71.0,62.0,32.0,50.0,6.0,33.0,53.0,78.0,82.0,69.0,55.0,85.0,69.0,79.0,5.0,1,0.4117222881516764,F,1.5,1.0,4,0.4117222881516764,216.0,144.0,84.0,18.0,0.45238095238095233
69.0,73.0,96.0,33.0,34.0,65.0,70.0,5.0,76.0,47.0,85.0,13.0,72.0,11.0,48.0,7.0,8.0,29.0,61.0,32.0,65.0,81.0,1.0,59.0,40.0,74.0,76.0,47.0,57.0,17.0,34.0,79.0,10.0,75.0,6.0,91.0,5.0,37.0,35.0,34.0,14.0,36.0,12.0,43.0,71.0,43.0,68.0,67.0,67.0,24.0,1.0,0,0.4117222881516764,F,1.5,0.0,4,0.4117222881516764,216.0,144.0,85.0,18.0,0.45490196078431366
43.0,65.0,99.0,27.0,83.0,65.0,82.0,77.0,65.0,79.0,13.0,52.0,65.0,27.0,33.0,66.0,30.0,73.0,16.0,48.0,92.0,48.0,76.0,76.0,15.0,28.0,37.0,15.0,19.0,47.0,79.0,74.0,10.0,77.0,52.0,46.0,16.0,83.0,37.0,29.0,58.0,28.0,23.0,25.0,30.0,59.0,66.0,67.0,45.0,9.0,13.0,1,0.4117222881516764,F,1.5,1.0,4,0.4117222881516764,217.0,145.0,85.0,18.0,0.45643805909460555
24.0,22.0,88.0,53.0,88.0,59.0,54.0,92.0,26.0,6.0,38.0,12.0,76.0,53.0,38.0,16.0,60.0,5.0,39.0,78.0,24.0,71.0,75.0,95.0,30.0,72.0,54.0,45.0,81.0,40.0,72.0,2.0,25.0,73.0,72.0,75.0,71.0,8.0,8.0,45.0,17.0,56.0,82.0,31.0,57.0,68.0,5.0,67.0,77.0,44.0,13.0,1,0.4117222881516764,F,1.5,1.0,4,0.4117222881516764,218.0,146.0,85.0,18.0,0.45796006475984885
23.0,54.0,13.0,19.0,80.0,40.0,3.0,84.0,60.0,1.0,15.0,5.0,21.0,63.0,66.0,50.0,43.0,53.0,64.0,73.0,63.0,63.0,21.0,68.0,84.0,3.0,16.0,25.0,40.0,16.0,53.0,53.0,79.0,73.0,48.0,91.0,56.0,21.0,56.0,38.0,18.0,3.0,39.0,78.0,21.0,86.0,47.0,75.0,83.0,32.0,6.0,1,0.4117222881516764,F,1.5,1.0,4,0.4117222881516764,219.0,147.0,85.0,18.0,0.4594681708299758
68.0,17.0,16.0,27.0,3.0,2.0,26.0,31.0,61.0,56.0,53.0,80.0,74.0,27.0,68.0,62.0,67.0,91.0,32.0,24.0,49.0,20.0,21.0,37.0,32.0,9.0,74.0,47.0,51.0,68.0,34.0,61.0,43.0,29.0,63.0,46.0,28.0,65.0,37.0,74.0,3.0,46.0,78.0,1.0,14.0,32.0,65.0,75.0,75.0,1.0,1.0,0,0.4117222881516764,F,1.5,0.0,4,0.4117222881516764,219.0,147.0,86.0,18.0,0.4619305511309334
43.0,54.0,27.0,4.0,44.0,44.0,82.0,52.0,35.0,13.0,38.0,90.0,71.0,4.0,1.0,7.0,22.0,8.0,56.0,28.0,65.0,25.0,67.0,84.0,34.0,38.0,40.0,26.0,41.0,8.0,65.0,11.0,48.0,41.0,72.0,1.0,5.0,44.0,48.0,30.0,1.0,38.0,31.0,20.0,69.0,63.0,55.0,4.0,30.0,35.0,1.0,0,0.4117222881516764,F,1.5,0.0,4,0.4117222881516764,219.0,147.0,87.0,18.0,0.4643363249881909
11.0,24.0,99.0,11.0,56.0,52.0,40.0,68.0,2.0,11.0,56.0,42.0,76.0,33.0,66.0,32.0,28.0,98.0,50.0,32.0,63.0,7.0,78.0,38.0,41.0,11.0,60.0,16.0,47.0,29.0,34.0,66.0,14.0,73.0,48.0,66.0,7.0,84.0,61.0,64.0,8.0,46.0,64.0,3.0,64.0,59.0,3.0,46.0,75.0,9.0,13.0,1,0.4117222881516764,F,1.5,1.0,4,0.4117222881516764,220.0,148.0,87.0,18.0,0.46583072100313483
13.0,28.0,57.0,11.0,55.0,96.0,22.0,16.0,76.0,59.0,35.0,77.0,35.0,75.0,31.0,22.0,22.0,60.0,8.0,32.0,65.0,18.0,40.0,79.0,73.0,39.0,46.0,22.0,36.0,26.0,33.0,11.0,88.0,29.0,26.0,28.0,71.0,2.0,47.0,46.0,54.0,36.0,3.0,57.0,86.0,12.0,8.0,23.0,22.0,6.0,13.0,1,0.4117222881516764,F,1.5,1.0,4,0.4117222881516764,221.0,149.0,87.0,18.0,0.46731159307224224
43.0,35.0,45.0,11.0,13.0,31.0,33.0,87.0,28.0,13.0,8.0,11.0,64.0,27.0,35.0,45.0,51.0,85.0,16.0,48.0,43.0,68.0,52.0,41.0,67.0,86.0,12.0,5.0,81.0,55.0,66.0,20.0,17.0,70.0,19.0,6.0,52.0,65.0,45.0,75.0,18.0,54.0,8.0,17.0,67.0,68.0,66.0,42.0,17.0,33.0,2.0,1,0.4117222881516764,F,1.5,1.0,4,0.4117222881516764,222.0,150.0,87.0,18.0,0.46877912395153776
19.0,77.0,20.0,31.0,4.0,37.0,22.0,24.0,21.0,56.0,27.0,22.0,22.0,58.0,11.0,77.0,53.0,84.0,14.0,86.0,11.0,22.0,37.0,78.0,47.0,73.0,66.0,1.0,56.0,55.0,72.0,20.0,51.0,46.0,26.0,79.0,9.0,37.0,58.0,26.0,18.0,26.0,36.0,46.0,71.0,32.0,18.0,65.0,43.0,14.0,5.0,1,0.4117222881516764,F,1.5,1.0,4,0.4117222881516764,223.0,151.0,87.0,18.0,0.4702334931189114
17.0,22.0,28.0,46.0,3.0,95.0,19.0,1.0,80.0,60.0,38.0,35.0,74.0,70.0,18.0,35.0,77.0,98.0,52.0,60.0,35.0,44.0,37.0,105.0,49.0,95.0,56.0,7.0,55.0,65.0,40.0,79.0,17.0,73.0,36.0,46.0,71.0,61.0,63.0,9.0,69.0,60.0,50.0,7.0,25.0,1.0,61.0,75.0,84.0,45.0,9.0,1,0.4117222881516764,F,1.5,1.0,4,0.4117222881516764,224.0,152.0,87.0,18.0,0.4716748768472907
53.0,44.0,21.0,24.0,18.0,49.0,63.0,88.0,66.0,62.0,59.0,39.0,35.0,4.0,55.0,63.0,47.0,8.0,73.0,48.0,58.0,62.0,47.0,83.0,5.0,70.0,60.0,48.0,50.0,68.0,15.0,79.0,19.0,46.0,46.0,17.0,71.0,56.0,67.0,63.0,8.0,72.0,8.0,78.0,65.0,10.0,3.0,29.0,57.0,66.0,9.0,1,0.4117222881516764,F,1.5,1.0,4,0.4117222881516764,225.0,153.0,87.0,18.0,0.47310344827586215
63.0,75.0,45.0,11.0,57.0,32.0,90.0,43.0,39.0,2.0,87.0,86.0,31.0,51.0,37.0,24.0,55.0,46.0,67.0,82.0,12.0,9.0,67.0,106.0,18.0,79.0,3.0,25.0,43.0,32.0,40.0,84.0,37.0,17.0,50.0,9.0,83.0,39.0,61.0,66.0,59.0,5.0,31.0,16.0,41.0,21.0,26.0,29.0,75.0,56.0,4.0,0,0.4117222881516764,F,1.5,1.0,4,0.4117222881516764,226.0,153.0,87.0,18.0,0.47009459871834003
31.0,1.0,88.0,56.0,47.0,52.0,18.0,9.0,23.0,13.0,28.0,35.0,71.0,34.0,21.0,37.0,31.0,60.0,63.0,42.0,67.0,81.0,9.0,78.0,18.0,90.0,46.0,25.0,33.0,22.0,14.0,90.0,51.0,69.0,16.0,14.0,74.0,35.0,6.0,12.0,62.0,25.0,20.0,45.0,86.0,38.0,32.0,29.0,48.0,22.0,1.0,0,0.4117222881516764,F,1.5,0.0,4,0.4117222881516764,226.0,153.0,88.0,18.0,0.47244569589702334
28.0,38.0,75.0,35.0,65.0,44.0,88.0,20.0,54.0,26.0,26.0,64.0,16.0,23.0,16.0,22.0,4.0,82.0,4.0,42.0,61.0,75.0,48.0,93.0,81.0,17.0,23.0,27.0,24.0,32.0,43.0,11.0,24.0,46.0,7.0,23.0,21.0,37.0,11.0,41.0,21.0,73.0,55.0,63.0,71.0,72.0,1.0,66.0,78.0,33.0,1.0,0,0.4117222881516764,F,1.5,0.0,4,0.4117222881516764,226.0,153.0,89.0,18.0,0.474743959431242
70.0,75.0,84.0,36.0,73.0,10.0,31.0,77.0,76.0,84.0,24.0,75.0,29.0,26.0,11.0,59.0,65.0,15.0,42.0,24.0,84.0,72.0,44.0,55.0,79.0,43.0,31.0,53.0,73.0,50.0,66.0,53.0,62.0,3.0,26.0,50.0,38.0,8.0,38.0,74.0,25.0,38.0,3.0,1.0,14.0,46.0,12.0,34.0,84.0,40.0,5.0,1,0.4117222881516764,F,1.5,1.0,4,0.4117222881516764,227.0,154.0,89.0,18.0,0.47616690590506366
23.0,52.0,67.0,45.0,43.0,27.0,86.0,70.0,12.0,33.0,74.0,30.0,28.0,37.0,1.0,50.0,18.0,52.0,45.0,43.0,67.0,82.0,67.0,21.0,57.0,41.0,78.0,25.0,25.0,37.0,20.0,51.0,63.0,22.0,65.0,75.0,10.0,30.0,61.0,46.0,33.0,27.0,69.0,11.0,2.0,86.0,55.0,13.0,64.0,45.0,1.0,0,0.4117222881516764,F,1.5,0.0,4,0.4117222881516764,227.0,154.0,90.0,18.0,0.4784140969162996
7.0,23.0,67.0,21.0,35.0,33.0,54.0,36.0,48.0,69.0,66.0,51.0,70.0,59.0,18.0,69.0,34.0,22.0,18.0,65.0,92.0,46.0,70.0,65.0,2.0,23.0,64.0,47.0,67.0,64.0,10.0,82.0,20.0,38.0,18.0,5.0,24.0,21.0,59.0,32.0,14.0,20.0,60.0,65.0,73.0,46.0,9.0,4.0,84.0,33.0,1.0,1,0.4117222881516764,F,1.5,0.0,4,0.4117222881516764,227.0,154.0,91.0,19.0,0.4696228881250908
3.0,45.0,79.0,45.0,18.0,52.0,42.0,9.0,28.0,33.0,38.0,77.0,55.0,53.0,56.0,65.0,74.0,29.0,46.0,30.0,65.0,59.0,66.0,84.0,90.0,39.0,28.0,20.0,36.0,26.0,39.0,43.0,57.0,60.0,7.0,41.0,11.0,39.0,24.0,69.0,4.0,6.0,30.0,76.0,69.0,68.0,33.0,75.0,81.0,24.0,3.0,1,0.4117222881516764,F,1.5,1.0,4,0.4117222881516764,228.0,155.0,91.0,19.0,0.47103335261229995
23.0,45.0,87.0,42.0,39.0,29.0,32.0,18.0,20.0,10.0,12.0,59.0,64.0,69.0,16.0,33.0,55.0,31.0,25.0,82.0,79.0,30.0,48.0,106.0,9.0,32.0,5.0,9.0,25.0,32.0,59.0,87.0,37.0,10.0,26.0,30.0,16.0,79.0,65.0,68.0,1.0,56.0,14.0,30.0,44.0,46.0,49.0,75.0,51.0,1.0,1.0,0,0.4117222881516764,F,1.5,0.0,4,0.4117222881516764,228.0,155.0,92.0,19.0,0.47330282227307396
31.0,22.0,72.0,49.0,7.0,58.0,33.0,6.0,26.0,56.0,56.0,31.0,32.0,56.0,18.0,44.0,47.0,38.0,4.0,97.0,73.0,37.0,68.0,26.0,47.0,49.0,58.0,7.0,57.0,64.0,38.0,63.0,28.0,17.0,68.0,78.0,61.0,37.0,32.0,19.0,69.0,45.0,8.0,63.0,62.0,59.0,39.0,75.0,84.0,64.0,7.0,1,0.4117222881516764,F,1.5,1.0,4,0.4117222881516764,229.0,156.0,92.0,19.0,0.474700968293146
30.0,80.0,46.0,49.0,57.0,8.0,27.0,43.0,13.0,49.0,3.0,45.0,11.0,27.0,56.0,33.0,1.0,29.0,1.0,68.0,65.0,19.0,33.0,15.0,78.0,6.0,1.0,47.0,77.0,47.0,33.0,92.0,19.0,27.0,4.0,52.0,37.0,43.0,18.0,40.0,59.0,52.0,26.0,73.0,50.0,42.0,3.0,49.0,35.0,52.0,8.0,1,0.4117222881516764,F,1.5,1.0,4,0.4117222881516764,230.0,157.0,92.0,19.0,0.47608695652173905
50.0,12.0,45.0,51.0,57.0,27.0,5.0,56.0,60.0,79.0,56.0,35.0,8.0,63.0,67.0,44.0,35.0,60.0,28.0,82.0,22.0,2.0,48.0,87.0,30.0,32.0,22.0,18.0,69.0,50.0,72.0,84.0,56.0,10.0,60.0,60.0,45.0,2.0,37.0,40.0,9.0,45.0,69.0,7.0,44.0,42.0,14.0,29.0,75.0,23.0,8.0,1,0.4117222881516764,F,1.5,1.0,4,0.4117222881516764,231.0,158.0,92.0,19.0,0.4774609448522492
50.0,22.0,101.0,58.0,75.0,33.0,11.0,79.0,71.0,29.0,38.0,86.0,71.0,11.0,26.0,43.0,47.0,69.0,11.0,13.0,12.0,26.0,35.0,60.0,14.0,51.0,1.0,45.0,47.0,46.0,61.0,34.0,2.0,66.0,23.0,82.0,26.0,55.0,60.0,58.0,39.0,73.0,47.0,69.0,7.0,30.0,18.0,85.0,84.0,12.0,13.0,0,0.4117222881516764,F,1.5,1.0,4,0.4117222881516764,232.0,158.0,92.0,19.0,0.47451274362818585
81.0,21.0,13.0,42.0,18.0,58.0,69.0,9.0,76.0,34.0,78.0,77.0,58.0,37.0,51.0,56.0,34.0,64.0,45.0,47.0,2.0,12.0,67.0,43.0,59.0,35.0,14.0,56.0,33.0,26.0,13.0,88.0,39.0,32.0,1.0,70.0,71.0,2.0,35.0,18.0,31.0,72.0,8.0,5.0,54.0,46.0,30.0,25.0,42.0,31.0,6.0,1,0.4117222881516764,F,1.5,1.0,4,0.4117222881516764,233.0,159.0,92.0,19.0,0.47588169434596006
7.0,36.0,19.0,38.0,31.0,73.0,43.0,77.0,24.0,82.0,73.0,39.0,16.0,53.0,29.0,68.0,69.0,82.0,32.0,55.0,18.0,29.0,35.0,93.0,18.0,6.0,74.0,23.0,37.0,6.0,53.0,65.0,11.0,39.0,65.0,60.0,61.0,66.0,24.0,54.0,54.0,20.0,52.0,62.0,54.0,82.0,59.0,73.0,69.0,13.0,5.0,0,0.4117222881516764,F,1.5,1.0,4,0.4117222881516764,234.0,159.0,92.0,19.0,0.4729654403567447
79.0,71.0,67.0,30.0,53.0,41.0,54.0,88.0,38.0,47.0,53.0,17.0,8.0,21.0,7.0,44.0,12.0,86.0,63.0,35.0,63.0,64.0,67.0,59.0,60.0,32.0,56.0,23.0,22.0,43.0,13.0,34.0,79.0,41.0,43.0,78.0,31.0,23.0,56.0,2.0,12.0,10.0,64.0,62.0,50.0,46.0,50.0,63.0,78.0,9.0,1.0,1,0.4117222881516764,F,1.5,0.0,4,0.4117222881516764,234.0,159.0,93.0,20.0,0.46443341604631927
23.0,74.0,70.0,39.0,64.0,37.0,84.0,48.0,78.0,58.0,47.0,84.0,42.0,4.0,66.0,53.0,18.0,15.0,28.0,40.0,20.0,22.0,21.0,59.0,47.0,49.0,78.0,48.0,17.0,77.0,79.0,68.0,25.0,22.0,48.0,57.0,83.0,43.0,13.0,18.0,64.0,33.0,36.0,71.0,2.0,86.0,40.0,44.0,50.0,13.0,3.0,1,0.4117222881516764,F,1.5,1.0,4,0.4117222881516764,235.0,160.0,93.0,20.0,0.46579730038892697
51.0,71.0,96.0,16.0,85.0,31.0,33.0,58.0,20.0,81.0,79.0,24.0,6.0,58.0,70.0,39.0,22.0,14.0,3.0,7.0,28.0,39.0,26.0,61.0,60.0,70.0,67.0,19.0,75.0,17.0,38.0,68.0,60.0,37.0,16.0,50.0,18.0,37.0,41.0,29.0,65.0,79.0,67.0,60.0,8.0,66.0,63.0,69.0,68.0,59.0,1.0,1,0.4117222881516764,F,1.5,0.0,4,0.4117222881516764,235.0,160.0,94.0,21.0,0.4574468085106383
19.0,17.0,91.0,45.0,3.0,42.0,77.0,73.0,61.0,40.0,53.0,84.0,60.0,74.0,24.0,48.0,52.0,15.0,39.0,78.0,33.0,10.0,35.0,29.0,32.0,5.0,22.0,49.0,38.0,47.0,34.0,60.0,83.0,36.0,4.0,85.0,29.0,24.0,41.0,41.0,49.0,39.0,1.0,46.0,4.0,46.0,55.0,18.0,24.0,59.0,3.0,1,0.4117222881516764,F,1.5,1.0,4,0.4117222881516764,236.0,161.0,94.0,21.0,0.4587991345113595
29.0,67.0,13.0,24.0,55.0,16.0,70.0,19.0,72.0,49.0,3.0,75.0,18.0,58.0,36.0,1.0,67.0,1.0,67.0,10.0,39.0,61.0,44.0,84.0,34.0,41.0,46.0,29.0,74.0,71.0,57.0,20.0,47.0,70.0,52.0,65.0,37.0,65.0,24.0,43.0,31.0,36.0,12.0,23.0,85.0,57.0,3.0,77.0,26.0,64.0,12.0,1,0.4117222881516764,F,1.5,1.0,4,0.4117222881516764,237.0,162.0,94.0,21.0,0.4601400484783194
50.0,22.0,43.0,49.0,3.0,95.0,69.0,33.0,70.0,33.0,3.0,54.0,62.0,56.0,71.0,53.0,67.0,82.0,56.0,89.0,5.0,20.0,49.0,73.0,27.0,39.0,1.0,60.0,58.0,40.0,71.0,11.0,88.0,26.0,43.0,54.0,83.0,2.0,15.0,34.0,16.0,22.0,20.0,41.0,21.0,82.0,29.0,85.0,50.0,12.0,5.0,1,0.4117222881516764,F,1.5,1.0,4,0.4117222881516764,238.0,163.0,94.0,21.0,0.461469694260683
7.0,1.0,91.0,13.0,52.0,11.0,6.0,5.0,37.0,6.0,56.0,45.0,53.0,27.0,18.0,61.0,38.0,46.0,45.0,2.0,58.0,70.0,71.0,59.0,11.0,86.0,67.0,25.0,43.0,45.0,72.0,2.0,14.0,52.0,18.0,90.0,71.0,1.0,54.0,59.0,1.0,39.0,73.0,2.0,45.0,43.0,20.0,69.0,22.0,40.0,2.0,0,0.4117222881516764,F,1.5,1.0,4,0.4117222881516764,239.0,163.0,94.0,21.0,0.45860411288168784
7.0,32.0,40.0,7.0,56.0,33.0,20.0,63.0,70.0,87.0,38.0,40.0,44.0,51.0,2.0,58.0,27.0,91.0,50.0,24.0,67.0,27.0,67.0,39.0,44.0,63.0,60.0,19.0,62.0,61.0,22.0,31.0,19.0,29.0,32.0,53.0,71.0,79.0,27.0,27.0,69.0,76.0,47.0,71.0,17.0,68.0,5.0,67.0,24.0,45.0,10.0,1,0.4117222881516764,F,1.5,1.0,4,0.4117222881516764,240.0,164.0,94.0,21.0,0.4599290780141844
69.0,42.0,84.0,7.0,85.0,77.0,15.0,84.0,74.0,62.0,82.0,86.0,56.0,9.0,34.0,27.0,65.0,16.0,41.0,99.0,65.0,71.0,82.0,87.0,81.0,3.0,68.0,67.0,31.0,45.0,68.0,1.0,32.0,50.0,48.0,48.0,37.0,55.0,22.0,35.0,60.0,63.0,18.0,3.0,60.0,64.0,36.0,75.0,75.0,6.0,13.0,1,0.4117222881516764,F,1.5,1.0,4,0.4117222881516764,241.0,165.0,94.0,21.0,0.4612430475854154
73.0,22.0,43.0,20.0,13.0,89.0,5.0,9.0,43.0,5.0,46.0,65.0,42.0,65.0,65.0,6.0,9.0,75.0,27.0,66.0,9.0,18.0,64.0,9.0,9.0,34.0,62.0,34.0,49.0,26.0,57.0,3.0,15.0,5.0,65.0,1.0,32.0,30.0,40.0,12.0,58.0,6.0,21.0,11.0,35.0,57.0,29.0,75.0,46.0,45.0,9.0,1,0.4117222881516764,F,1.5,1.0,4,0.4117222881516764,242.0,166.0,94.0,21.0,0.4625461579039916
9.0,2.0,73.0,31.0,44.0,62.0,42.0,73.0,70.0,72.0,73.0,73.0,12.0,33.0,48.0,50.0,2.0,19.0,69.0,75.0,9.0,26.0,30.0,73.0,7.0,56.0,12.0,63.0,78.0,35.0,17.0,9.0,4.0,29.0,54.0,72.0,43.0,4.0,1.0,38.0,3.0,58.0,25.0,50.0,73.0,70.0,1.0,69.0,79.0,9.0,9.0,1,0.4117222881516764,F,1.5,1.0,4,0.4117222881516764,243.0,167.0,94.0,21.0,0.4638385430347605
54.0,36.0,24.0,27.0,88.0,31.0,14.0,77.0,57.0,81.0,73.0,65.0,12.0,67.0,1.0,24.0,39.0,96.0,37.0,85.0,43.0,1.0,55.0,106.0,39.0,58.0,68.0,24.0,51.0,60.0,16.0,2.0,19.0,5.0,23.0,11.0,18.0,75.0,8.0,26.0,23.0,26.0,17.0,34.0,86.0,59.0,29.0,78.0,78.0,4.0,9.0,1,0.4117222881516764,F,1.5,1.0,4,0.4117222881516764,244.0,168.0,94.0,21.0,0.4651203348447855
69.0,30.0,65.0,49.0,79.0,13.0,80.0,3.0,30.0,70.0,77.0,17.0,32.0,26.0,71.0,5.0,22.0,69.0,20.0,62.0,51.0,77.0,46.0,57.0,28.0,37.0,8.0,4.0,55.0,43.0,7.0,17.0,29.0,52.0,21.0,17.0,52.0,46.0,15.0,5.0,68.0,8.0,16.0,22.0,27.0,8.0,20.0,69.0,45.0,66.0,1.0,0,0.4117222881516764,F,1.5,0.0,4,0.4117222881516764,244.0,168.0,95.0,21.0,0.467471958584987
43.0,85.0,61.0,27.0,25.0,78.0,3.0,88.0,59.0,47.0,3.0,27.0,58.0,37.0,16.0,22.0,18.0,98.0,17.0,24.0,6.0,26.0,2.0,68.0,60.0,86.0,15.0,1.0,64.0,64.0,16.0,88.0,54.0,65.0,6.0,91.0,24.0,64.0,37.0,20.0,58.0,58.0,8.0,20.0,81.0,50.0,36.0,42.0,48.0,69.0,1.0,0,0.4117222881516764,F,1.5,0.0,4,0.4117222881516764,244.0,168.0,96.0,21.0,0.4697745901639344
69.0,77.0,38.0,28.0,18.0,5.0,61.0,5.0,7.0,79.0,38.0,88.0,21.0,59.0,1.0,23.0,22.0,36.0,41.0,92.0,62.0,25.0,35.0,21.0,34.0,11.0,12.0,47.0,57.0,68.0,53.0,53.0,67.0,55.0,69.0,43.0,75.0,2.0,58.0,29.0,62.0,28.0,62.0,34.0,63.0,12.0,3.0,35.0,1.0,52.0,1.0,0,0.4117222881516764,F,1.5,0.0,4,0.4117222881516764,244.0,168.0,97.0,21.0,0.47202974480310966
38.0,81.0,66.0,17.0,47.0,88.0,19.0,16.0,59.0,47.0,9.0,13.0,16.0,30.0,38.0,16.0,47.0,51.0,32.0,56.0,7.0,77.0,67.0,101.0,47.0,30.0,60.0,5.0,41.0,26.0,79.0,86.0,25.0,22.0,7.0,65.0,16.0,14.0,17.0,80.0,38.0,69.0,26.0,73.0,40.0,48.0,5.0,75.0,76.0,33.0,1.0,1,0.4117222881516764,F,1.5,0.0,4,0.4117222881516764,244.0,168.0,98.0,22.0,0.46403479424556704
8.0,13.0,51.0,90.0,17.0,2.0,43.0,84.0,71.0,70.0,12.0,77.0,77.0,7.0,70.0,81.0,71.0,19.0,73.0,9.0,67.0,72.0,48.0,104.0,39.0,82.0,22.0,3.0,49.0,50.0,40.0,92.0,3.0,36.0,42.0,23.0,27.0,76.0,17.0,46.0,3.0,40.0,67.0,20.0,84.0,81.0,4.0,75.0,21.0,49.0,13.0,0,0.3792118119657411,F,7.5,1.0,6,0.3792118119657411,245.0,168.0,98.0,22.0,0.46122448979591835
3.0,22.0,23.0,37.0,15.0,44.0,71.0,46.0,76.0,20.0,7.0,90.0,32.0,49.0,71.0,85.0,24.0,11.0,37.0,83.0,6.0,26.0,38.0,106.0,67.0,73.0,1.0,5.0,42.0,66.0,55.0,45.0,2.0,15.0,63.0,65.0,79.0,82.0,22.0,5.0,27.0,7.0,35.0,40.0,18.0,43.0,18.0,75.0,42.0,9.0,1.0,0,0.3792118119657411,F,7.5,0.0,6,0.3792118119657411,245.0,168.0,99.0,22.0,0.4634920634920635
12.0,18.0,67.0,50.0,57.0,41.0,50.0,73.0,60.0,27.0,39.0,3.0,31.0,1.0,45.0,90.0,71.0,88.0,3.0,44.0,6.0,2.0,35.0,87.0,72.0,88.0,60.0,51.0,56.0,32.0,7.0,17.0,12.0,22.0,23.0,11.0,71.0,35.0,67.0,22.0,69.0,38.0,8.0,71.0,30.0,70.0,26.0,69.0,67.0,9.0,4.0,1,0.3792118119657411,F,7.5,0.0,6,0.3792118119657411,245.0,168.0,100.0,23.0,0.45571428571428574
3.0,45.0,34.0,66.0,10.0,44.0,5.0,10.0,20.0,56.0,3.0,17.0,40.0,21.0,34.0,79.0,51.0,82.0,34.0,67.0,24.0,14.0,45.0,93.0,39.0,23.0,41.0,24.0,31.0,40.0,49.0,66.0,85.0,64.0,15.0,19.0,47.0,10.0,50.0,56.0,36.0,56.0,81.0,45.0,58.0,21.0,2.0,61.0,65.0,30.0,5.0,1,0.3792118119657411,F,7.5,0.0,6,0.3792118119657411,245.0,168.0,101.0,24.0,0.4480905233380481
75.0,54.0,94.0,70.0,75.0,75.0,36.0,50.0,30.0,56.0,65.0,15.0,32.0,61.0,19.0,85.0,5.0,29.0,43.0,82.0,1.0,26.0,67.0,8.0,8.0,47.0,58.0,18.0,42.0,16.0,79.0,82.0,71.0,9.0,68.0,28.0,14.0,44.0,6.0,54.0,1.0,47.0,37.0,41.0,81.0,51.0,31.0,41.0,26.0,66.0,1.0,1,0.3792118119657411,F,7.5,0.0,6,0.3792118119657411,245.0,168.0,102.0,25.0,0.44061624649859943
21.0,40.0,24.0,68.0,10.0,13.0,89.0,91.0,24.0,9.0,61.0,7.0,58.0,46.0,63.0,90.0,34.0,49.0,43.0,44.0,67.0,24.0,29.0,70.0,55.0,23.0,56.0,8.0,79.0,68.0,79.0,79.0,50.0,53.0,2.0,1.0,83.0,50.0,54.0,40.0,13.0,6.0,37.0,17.0,14.0,21.0,7.0,42.0,74.0,82.0,1.0,1,0.3792118119657411,F,7.5,0.0,6,0.3792118119657411,245.0,168.0,103.0,26.0,0.4332871012482663
85.0,20.0,56.0,70.0,58.0,13.0,52.0,79.0,38.0,47.0,64.0,82.0,56.0,58.0,44.0,85.0,28.0,43.0,35.0,52.0,65.0,26.0,16.0,86.0,9.0,64.0,8.0,45.0,36.0,3.0,53.0,17.0,88.0,68.0,50.0,80.0,73.0,12.0,56.0,43.0,49.0,10.0,7.0,76.0,30.0,68.0,7.0,4.0,30.0,22.0,7.0,1,0.3792118119657411,F,7.5,0.0,6,0.3792118119657411,245.0,168.0,104.0,27.0,0.4260989010989011
49.0,48.0,87.0,70.0,39.0,33.0,52.0,92.0,76.0,65.0,80.0,13.0,64.0,61.0,34.0,84.0,65.0,91.0,3.0,40.0,84.0,14.0,21.0,56.0,62.0,42.0,64.0,9.0,77.0,2.0,59.0,57.0,50.0,52.0,56.0,17.0,22.0,58.0,45.0,5.0,15.0,48.0,19.0,67.0,21.0,84.0,18.0,18.0,10.0,8.0,14.0,1,0.3792118119657411,F,7.5,1.0,6,0.3792118119657411,246.0,169.0,104.0,27.0,0.42737648530331457
23.0,9.0,17.0,56.0,76.0,52.0,15.0,79.0,38.0,31.0,3.0,81.0,11.0,46.0,79.0,85.0,53.0,86.0,67.0,86.0,1.0,80.0,27.0,54.0,85.0,79.0,32.0,47.0,24.0,64.0,13.0,88.0,10.0,66.0,9.0,70.0,18.0,10.0,13.0,43.0,3.0,6.0,24.0,20.0,67.0,60.0,10.0,39.0,71.0,17.0,13.0,1,0.3792118119657411,F,7.5,1.0,6,0.3792118119657411,247.0,170.0,104.0,27.0,0.4286437246963562
50.0,50.0,87.0,46.0,88.0,33.0,3.0,29.0,24.0,12.0,11.0,81.0,71.0,25.0,77.0,90.0,71.0,61.0,50.0,45.0,33.0,40.0,62.0,87.0,28.0,83.0,68.0,17.0,66.0,65.0,30.0,51.0,55.0,46.0,28.0,23.0,14.0,37.0,17.0,12.0,9.0,34.0,79.0,70.0,27.0,8.0,44.0,39.0,83.0,26.0,5.0,1,0.3792118119657411,F,7.5,0.0,6,0.3792118119657411,247.0,170.0,105.0,28.0,0.4215924426450742
3.0,62.0,70.0,43.0,36.0,29.0,54.0,9.0,61.0,79.0,39.0,84.0,54.0,10.0,60.0,79.0,26.0,82.0,20.0,48.0,7.0,50.0,61.0,1.0,67.0,62.0,33.0,7.0,72.0,3.0,30.0,12.0,65.0,77.0,54.0,67.0,71.0,75.0,68.0,67.0,18.0,6.0,36.0,14.0,78.0,32.0,7.0,29.0,75.0,66.0,13.0,1,0.3792118119657411,F,7.5,1.0,6,0.3792118119657411,248.0,171.0,105.0,28.0,0.42284946236559146
23.0,30.0,47.0,87.0,47.0,73.0,42.0,88.0,59.0,13.0,16.0,61.0,8.0,63.0,36.0,85.0,4.0,82.0,41.0,67.0,29.0,20.0,79.0,46.0,26.0,39.0,15.0,11.0,58.0,68.0,61.0,48.0,43.0,62.0,43.0,7.0,22.0,69.0,50.0,9.0,58.0,27.0,73.0,26.0,32.0,10.0,9.0,25.0,73.0,33.0,2.0,0,0.3792118119657411,F,7.5,0.0,6,0.3792118119657411,248.0,171.0,106.0,28.0,0.4253651856360317
43.0,55.0,29.0,62.0,10.0,3.0,55.0,88.0,25.0,53.0,9.0,68.0,62.0,37.0,18.0,79.0,19.0,100.0,67.0,50.0,43.0,20.0,67.0,26.0,51.0,19.0,60.0,9.0,75.0,41.0,16.0,84.0,19.0,65.0,63.0,50.0,43.0,17.0,56.0,8.0,69.0,34.0,37.0,60.0,41.0,68.0,48.0,69.0,73.0,18.0,1.0,0,0.3792118119657411,F,7.5,0.0,6,0.3792118119657411,248.0,171.0,107.0,28.0,0.42783388604160394
7.0,50.0,43.0,20.0,34.0,27.0,88.0,40.0,70.0,6.0,12.0,13.0,58.0,12.0,39.0,79.0,30.0,47.0,11.0,25.0,79.0,73.0,28.0,99.0,30.0,13.0,71.0,1.0,29.0,1.0,77.0,33.0,3.0,19.0,50.0,69.0,18.0,74.0,25.0,5.0,42.0,58.0,38.0,17.0,57.0,47.0,6.0,17.0,14.0,56.0,12.0,0,0.3792118119657411,F,7.5,1.0,6,0.3792118119657411,249.0,171.0,107.0,28.0,0.42506474496115304
84.0,36.0,72.0,82.0,76.0,89.0,61.0,78.0,23.0,79.0,81.0,84.0,32.0,11.0,71.0,80.0,47.0,72.0,52.0,11.0,65.0,1.0,82.0,23.0,72.0,54.0,60.0,53.0,36.0,64.0,49.0,11.0,19.0,58.0,2.0,5.0,59.0,73.0,24.0,59.0,31.0,13.0,39.0,15.0,30.0,30.0,53.0,69.0,78.0,76.0,1.0,0,0.3792118119657411,F,7.5,0.0,6,0.3792118119657411,249.0,171.0,108.0,28.0,0.427487728692548
18.0,2.0,33.0,27.0,78.0,86.0,51.0,84.0,20.0,29.0,79.0,58.0,72.0,28.0,75.0,81.0,79.0,54.0,12.0,28.0,44.0,42.0,14.0,97.0,34.0,41.0,15.0,41.0,78.0,36.0,57.0,79.0,1.0,31.0,68.0,6.0,83.0,6.0,31.0,71.0,68.0,28.0,25.0,11.0,55.0,62.0,16.0,64.0,75.0,59.0,1.0,1,0.3792118119657411,F,7.5,0.0,6,0.3792118119657411,249.0,171.0,109.0,29.0,0.42069194208024757
59.0,22.0,67.0,49.0,26.0,27.0,85.0,7.0,72.0,29.0,3.0,86.0,6.0,63.0,1.0,85.0,51.0,64.0,8.0,38.0,47.0,28.0,55.0,76.0,7.0,36.0,66.0,9.0,22.0,10.0,34.0,7.0,65.0,13.0,34.0,48.0,61.0,51.0,35.0,5.0,27.0,1.0,15.0,33.0,30.0,22.0,49.0,50.0,65.0,43.0,9.0,0,0.3792118119657411,F,7.5,1.0,6,0.3792118119657411,250.0,171.0,109.0,29.0,0.4179449541284404
76.0,4.0,38.0,27.0,75.0,83.0,57.0,51.0,13.0,79.0,74.0,17.0,76.0,28.0,71.0,80.0,67.0,18.0,75.0,13.0,68.0,1.0,67.0,13.0,79.0,41.0,47.0,32.0,47.0,65.0,5.0,51.0,53.0,65.0,7.0,17.0,18.0,43.0,59.0,18.0,20.0,72.0,14.0,11.0,55.0,25.0,63.0,29.0,81.0,56.0,10.0,1,0.3792118119657411,F,7.5,1.0,6,0.3792118119657411,251.0,172.0,109.0,29.0,0.4192039182718666
30.0,50.0,96.0,49.0,77.0,13.0,18.0,71.0,68.0,6.0,5.0,50.0,32.0,27.0,16.0,82.0,75.0,52.0,18.0,55.0,16.0,68.0,29.0,46.0,79.0,47.0,24.0,33.0,41.0,45.0,49.0,3.0,60.0,49.0,22.0,17.0,48.0,43.0,36.0,55.0,35.0,22.0,18.0,3.0,30.0,65.0,61.0,58.0,64.0,54.0,5.0,1,0.3792118119657411,F,7.5,0.0,6,0.3792118119657411,251.0,172.0,110.0,30.0,0.41253169141615353
79.0,77.0,98.0,82.0,80.0,89.0,7.0,88.0,14.0,81.0,3.0,7.0,47.0,26.0,16.0,85.0,30.0,98.0,46.0,34.0,43.0,14.0,19.0,6.0,32.0,32.0,3.0,9.0,54.0,57.0,49.0,43.0,18.0,29.0,54.0,30.0,75.0,2.0,46.0,40.0,31.0,13.0,8.0,56.0,52.0,82.0,46.0,69.0,58.0,30.0,1.0,0,0.3792118119657411,F,7.5,0.0,6,0.3792118119657411,251.0,172.0,111.0,30.0,0.41498869387315596
33.0,54.0,54.0,66.0,3.0,97.0,52.0,3.0,56.0,36.0,12.0,90.0,10.0,58.0,34.0,78.0,65.0,36.0,20.0,14.0,87.0,18.0,56.0,67.0,79.0,91.0,32.0,67.0,62.0,10.0,34.0,51.0,39.0,5.0,2.0,87.0,9.0,89.0,13.0,42.0,58.0,73.0,33.0,2.0,15.0,65.0,58.0,17.0,30.0,58.0,1.0,1,0.3792118119657411,F,7.5,0.0,6,0.3792118119657411,251.0,172.0,112.0,31.0,0.40847324985771194
3.0,60.0,84.0,8.0,24.0,38.0,12.0,25.0,66.0,6.0,3.0,81.0,46.0,46.0,74.0,83.0,47.0,10.0,53.0,17.0,16.0,21.0,14.0,78.0,9.0,41.0,1.0,51.0,22.0,26.0,20.0,92.0,37.0,72.0,23.0,54.0,48.0,70.0,2.0,40.0,54.0,38.0,75.0,54.0,14.0,59.0,43.0,80.0,48.0,64.0,1.0,1,0.3792118119657411,F,7.5,0.0,6,0.3792118119657411,251.0,172.0,113.0,32.0,0.40207312343546164
21.0,60.0,99.0,8.0,77.0,75.0,22.0,92.0,55.0,33.0,44.0,12.0,3.0,73.0,44.0,84.0,53.0,75.0,56.0,32.0,79.0,79.0,28.0,63.0,5.0,34.0,58.0,65.0,67.0,26.0,23.0,79.0,11.0,19.0,58.0,44.0,37.0,37.0,37.0,7.0,7.0,76.0,15.0,36.0,58.0,52.0,7.0,42.0,38.0,11.0,3.0,1,0.3792118119657411,F,7.5,0.0,6,0.3792118119657411,251.0,172.0,114.0,33.0,0.3957852799328999
77.0,54.0,96.0,86.0,82.0,86.0,19.0,25.0,76.0,84.0,75.0,47.0,25.0,11.0,62.0,79.0,26.0,22.0,11.0,30.0,7.0,14.0,26.0,73.0,73.0,10.0,64.0,70.0,42.0,61.0,21.0,57.0,41.0,19.0,58.0,6.0,16.0,37.0,41.0,80.0,62.0,48.0,45.0,63.0,28.0,19.0,17.0,35.0,2.0,77.0,1.0,1,0.3792118119657411,F,7.5,0.0,6,0.3792118119657411,251.0,172.0,115.0,34.0,0.38960679023038275
7.0,54.0,14.0,45.0,57.0,23.0,15.0,92.0,75.0,84.0,60.0,7.0,69.0,21.0,53.0,88.0,41.0,18.0,3.0,102.0,33.0,20.0,21.0,90.0,22.0,39.0,76.0,28.0,41.0,46.0,77.0,52.0,39.0,32.0,43.0,18.0,52.0,87.0,63.0,67.0,69.0,16.0,73.0,61.0,30.0,67.0,48.0,29.0,30.0,26.0,9.0,0,0.3792118119657411,F,7.5,1.0,6,0.3792118119657411,252.0,172.0,115.0,34.0,0.38688750862663907
32.0,32.0,63.0,27.0,75.0,11.0,84.0,49.0,1.0,6.0,2.0,86.0,76.0,21.0,6.0,81.0,36.0,72.0,18.0,24.0,47.0,18.0,1.0,72.0,45.0,9.0,12.0,29.0,60.0,15.0,20.0,92.0,27.0,65.0,4.0,52.0,75.0,41.0,59.0,43.0,18.0,23.0,81.0,81.0,60.0,83.0,7.0,10.0,71.0,5.0,6.0,0,0.3792118119657411,F,7.5,0.0,6,0.3792118119657411,252.0,172.0,116.0,34.0,0.3894362342638205
74.0,22.0,66.0,91.0,80.0,81.0,85.0,29.0,76.0,29.0,9.0,56.0,67.0,11.0,68.0,85.0,5.0,35.0,68.0,28.0,60.0,26.0,21.0,104.0,47.0,34.0,12.0,32.0,48.0,17.0,14.0,53.0,6.0,11.0,43.0,46.0,15.0,46.0,65.0,82.0,5.0,32.0,45.0,67.0,82.0,26.0,55.0,33.0,50.0,27.0,13.0,1,0.3792118119657411,F,7.5,1.0,6,0.3792118119657411,253.0,173.0,116.0,34.0,0.39069101812730006
28.0,67.0,38.0,87.0,31.0,37.0,66.0,3.0,78.0,47.0,73.0,15.0,67.0,53.0,10.0,83.0,65.0,19.0,67.0,24.0,47.0,71.0,53.0,86.0,52.0,28.0,23.0,52.0,44.0,28.0,41.0,36.0,12.0,23.0,63.0,5.0,14.0,55.0,32.0,52.0,20.0,78.0,8.0,81.0,17.0,82.0,48.0,60.0,6.0,45.0,13.0,0,0.3792118119657411,F,7.5,1.0,6,0.3792118119657411,254.0,173.0,116.0,34.0,0.3879989139288624
41.0,38.0,40.0,35.0,57.0,89.0,52.0,31.0,66.0,60.0,70.0,64.0,25.0,37.0,71.0,88.0,13.0,36.0,3.0,34.0,33.0,71.0,80.0,87.0,30.0,93.0,1.0,7.0,54.0,64.0,61.0,18.0,43.0,41.0,7.0,59.0,45.0,76.0,54.0,27.0,2.0,38.0,30.0,34.0,49.0,58.0,55.0,67.0,75.0,59.0,1.0,0,0.3792118119657411,F,7.5,0.0,6,0.3792118119657411,254.0,173.0,117.0,34.0,0.3905040716064338
52.0,75.0,14.0,47.0,4.0,42.0,42.0,41.0,34.0,33.0,10.0,75.0,32.0,61.0,23.0,90.0,34.0,52.0,1.0,80.0,89.0,52.0,46.0,46.0,5.0,51.0,58.0,45.0,71.0,30.0,19.0,69.0,3.0,2.0,16.0,37.0,41.0,2.0,6.0,10.0,41.0,58.0,38.0,20.0,52.0,38.0,5.0,54.0,33.0,33.0,1.0,0,0.3792118119657411,F,7.5,0.0,6,0.3792118119657411,254.0,173.0,118.0,34.0,0.39296676898438543
7.0,54.0,38.0,59.0,83.0,16.0,7.0,7.0,66.0,68.0,48.0,5.0,17.0,26.0,56.0,85.0,12.0,36.0,52.0,47.0,28.0,79.0,36.0,9.0,9.0,32.0,22.0,70.0,49.0,57.0,14.0,67.0,86.0,31.0,25.0,87.0,16.0,21.0,18.0,18.0,54.0,22.0,8.0,17.0,28.0,54.0,36.0,33.0,46.0,45.0,1.0,0,0.3792118119657411,F,7.5,0.0,6,0.3792118119657411,254.0,173.0,119.0,34.0,0.3953880764904387
69.0,4.0,13.0,64.0,78.0,56.0,17.0,84.0,71.0,13.0,20.0,64.0,60.0,53.0,59.0,90.0,67.0,64.0,52.0,76.0,61.0,82.0,55.0,2.0,87.0,88.0,12.0,32.0,75.0,6.0,75.0,19.0,85.0,46.0,72.0,9.0,46.0,83.0,23.0,67.0,23.0,62.0,3.0,81.0,25.0,57.0,68.0,75.0,37.0,56.0,1.0,0,0.3792118119657411,F,7.5,0.0,6,0.3792118119657411,254.0,173.0,120.0,34.0,0.3977690288713911
39.0,2.0,71.0,58.0,26.0,8.0,52.0,77.0,62.0,25.0,56.0,85.0,67.0,63.0,32.0,78.0,30.0,44.0,37.0,99.0,22.0,20.0,79.0,59.0,67.0,39.0,46.0,7.0,22.0,26.0,59.0,34.0,67.0,52.0,58.0,58.0,71.0,14.0,41.0,30.0,33.0,76.0,3.0,5.0,49.0,77.0,18.0,29.0,73.0,82.0,1.0,1,0.3792118119657411,F,7.5,0.0,6,0.3792118119657411,254.0,173.0,121.0,35.0,0.391846163857617
3.0,30.0,60.0,61.0,49.0,35.0,63.0,35.0,56.0,13.0,20.0,3.0,62.0,19.0,51.0,85.0,30.0,99.0,71.0,53.0,77.0,46.0,33.0,106.0,52.0,49.0,58.0,70.0,34.0,13.0,34.0,7.0,81.0,9.0,22.0,19.0,16.0,43.0,41.0,28.0,33.0,23.0,36.0,41.0,35.0,78.0,32.0,63.0,67.0,43.0,5.0,1,0.3792118119657411,F,7.5,0.0,6,0.3792118119657411,254.0,173.0,122.0,36.0,0.38602039499160967
31.0,79.0,96.0,5.0,76.0,21.0,11.0,31.0,59.0,58.0,1.0,13.0,69.0,27.0,62.0,78.0,67.0,69.0,32.0,52.0,25.0,9.0,46.0,45.0,11.0,49.0,65.0,13.0,61.0,57.0,72.0,47.0,19.0,22.0,7.0,41.0,24.0,76.0,32.0,60.0,35.0,14.0,39.0,77.0,14.0,43.0,54.0,62.0,43.0,19.0,4.0,1,0.3792118119657411,F,7.5,0.0,6,0.3792118119657411,254.0,173.0,123.0,37.0,0.3802893540746431
12.0,32.0,52.0,82.0,47.0,29.0,28.0,85.0,76.0,76.0,83.0,65.0,52.0,27.0,18.0,79.0,49.0,90.0,69.0,38.0,43.0,61.0,11.0,87.0,79.0,39.0,67.0,48.0,70.0,39.0,61.0,88.0,83.0,64.0,2.0,3.0,5.0,70.0,43.0,67.0,40.0,47.0,13.0,20.0,86.0,72.0,5.0,20.0,6.0,52.0,8.0,1,0.3792118119657411,F,7.5,1.0,6,0.3792118119657411,255.0,174.0,123.0,37.0,0.3815399330463893
7.0,74.0,97.0,19.0,18.0,47.0,52.0,7.0,23.0,11.0,50.0,90.0,68.0,6.0,34.0,78.0,18.0,2.0,63.0,89.0,24.0,63.0,81.0,98.0,91.0,32.0,78.0,25.0,54.0,68.0,22.0,71.0,22.0,42.0,72.0,76.0,20.0,74.0,43.0,82.0,54.0,25.0,31.0,61.0,25.0,68.0,9.0,13.0,34.0,6.0,8.0,1,0.3792118119657411,F,7.5,1.0,6,0.3792118119657411,256.0,175.0,123.0,37.0,0.3827807418699187
45.0,14.0,70.0,82.0,1.0,96.0,42.0,84.0,59.0,22.0,3.0,21.0,52.0,69.0,27.0,83.0,67.0,69.0,5.0,53.0,63.0,59.0,73.0,8.0,18.0,65.0,22.0,43.0,45.0,8.0,34.0,42.0,45.0,66.0,7.0,78.0,59.0,37.0,54.0,47.0,49.0,56.0,43.0,27.0,73.0,77.0,33.0,51.0,76.0,45.0,1.0,1,0.3792118119657411,F,7.5,0.0,6,0.3792118119657411,256.0,175.0,124.0,38.0,0.3771421370967742
83.0,77.0,54.0,21.0,80.0,33.0,54.0,49.0,13.0,50.0,77.0,77.0,6.0,10.0,7.0,78.0,59.0,64.0,67.0,91.0,77.0,79.0,21.0,104.0,32.0,34.0,71.0,56.0,25.0,4.0,45.0,8.0,59.0,62.0,46.0,56.0,17.0,71.0,32.0,20.0,62.0,58.0,34.0,15.0,27.0,84.0,63.0,29.0,50.0,21.0,13.0,1,0.3792118119657411,F,7.5,1.0,6,0.3792118119657411,257.0,176.0,124.0,38.0,0.3783732898205096
50.0,82.0,95.0,21.0,18.0,78.0,77.0,82.0,71.0,3.0,53.0,82.0,62.0,9.0,26.0,81.0,28.0,48.0,52.0,38.0,9.0,57.0,16.0,35.0,34.0,75.0,51.0,39.0,19.0,68.0,22.0,87.0,31.0,1.0,14.0,23.0,71.0,50.0,58.0,43.0,31.0,39.0,67.0,2.0,23.0,74.0,30.0,75.0,76.0,74.0,13.0,0,0.3792118119657411,F,7.5,1.0,6,0.3792118119657411,258.0,176.0,124.0,38.0,0.3757189297324331
38.0,45.0,99.0,76.0,47.0,34.0,22.0,49.0,59.0,74.0,36.0,88.0,63.0,7.0,66.0,80.0,77.0,3.0,50.0,48.0,61.0,10.0,28.0,21.0,41.0,17.0,58.0,53.0,45.0,45.0,40.0,58.0,19.0,1.0,54.0,3.0,24.0,46.0,15.0,50.0,68.0,72.0,67.0,50.0,52.0,1.0,9.0,67.0,1.0,64.0,1.0,0,0.3792118119657411,F,7.5,0.0,6,0.3792118119657411,258.0,176.0,125.0,38.0,0.3781705426356589
14.0,75.0,38.0,1.0,53.0,52.0,33.0,4.0,72.0,83.0,30.0,3.0,63.0,53.0,71.0,79.0,65.0,83.0,46.0,86.0,35.0,59.0,59.0,3.0,37.0,86.0,1.0,27.0,18.0,61.0,76.0,13.0,17.0,3.0,6.0,66.0,61.0,43.0,56.0,50.0,68.0,11.0,47.0,1.0,17.0,78.0,2.0,12.0,65.0,59.0,13.0,1,0.3792118119657411,F,7.5,1.0,6,0.3792118119657411,259.0,177.0,125.0,38.0,0.37939768339768337
26.0,22.0,13.0,46.0,80.0,75.0,32.0,36.0,23.0,47.0,11.0,1.0,62.0,27.0,28.0,89.0,38.0,98.0,3.0,41.0,29.0,54.0,67.0,27.0,85.0,88.0,56.0,36.0,73.0,43.0,55.0,81.0,39.0,50.0,27.0,21.0,13.0,70.0,11.0,38.0,46.0,22.0,47.0,45.0,23.0,52.0,32.0,58.0,84.0,43.0,1.0,1,0.3792118119657411,F,7.5,0.0,6,0.3792118119657411,259.0,177.0,126.0,39.0,0.37387387387387383
79.0,40.0,75.0,85.0,3.0,33.0,3.0,63.0,76.0,50.0,45.0,86.0,43.0,56.0,11.0,90.0,71.0,36.0,24.0,98.0,43.0,67.0,16.0,47.0,20.0,41.0,32.0,56.0,33.0,60.0,28.0,73.0,15.0,77.0,46.0,91.0,72.0,61.0,4.0,9.0,56.0,45.0,10.0,69.0,69.0,69.0,64.0,21.0,16.0,12.0,7.0,0,0.3792118119657411,F,7.5,0.0,6,0.3792118119657411,259.0,177.0,127.0,39.0,0.376311069224455
76.0,65.0,29.0,74.0,56.0,37.0,11.0,63.0,55.0,41.0,61.0,88.0,51.0,36.0,32.0,90.0,48.0,86.0,65.0,39.0,49.0,26.0,43.0,90.0,71.0,72.0,41.0,9.0,71.0,49.0,36.0,20.0,43.0,32.0,16.0,69.0,85.0,91.0,65.0,20.0,71.0,73.0,35.0,11.0,12.0,58.0,37.0,81.0,57.0,43.0,13.0,0,0.3792118119657411,F,7.5,1.0,6,0.3792118119657411,260.0,177.0,127.0,39.0,0.37368261659600244
12.0,24.0,99.0,7.0,85.0,28.0,54.0,27.0,59.0,2.0,38.0,63.0,62.0,46.0,31.0,80.0,36.0,54.0,50.0,13.0,28.0,42.0,6.0,68.0,43.0,3.0,26.0,48.0,50.0,68.0,75.0,28.0,55.0,9.0,54.0,21.0,24.0,37.0,56.0,66.0,12.0,4.0,10.0,47.0,33.0,26.0,29.0,69.0,15.0,26.0,4.0,0,0.3792118119657411,F,7.5,0.0,6,0.3792118119657411,260.0,177.0,128.0,39.0,0.3760817307692308
85.0,36.0,84.0,31.0,10.0,81.0,54.0,73.0,12.0,26.0,61.0,77.0,34.0,46.0,7.0,90.0,67.0,38.0,37.0,89.0,5.0,59.0,62.0,70.0,79.0,77.0,44.0,9.0,75.0,53.0,6.0,15.0,56.0,48.0,54.0,65.0,16.0,69.0,49.0,10.0,56.0,7.0,35.0,72.0,16.0,71.0,36.0,44.0,41.0,1.0,1.0,0,0.3792118119657411,F,7.5,0.0,6,0.3792118119657411,260.0,177.0,129.0,39.0,0.378443649373882
3.0,54.0,19.0,56.0,78.0,36.0,35.0,32.0,28.0,31.0,20.0,77.0,45.0,11.0,68.0,81.0,30.0,58.0,67.0,24.0,65.0,39.0,35.0,59.0,13.0,3.0,24.0,33.0,70.0,45.0,32.0,88.0,14.0,66.0,4.0,7.0,4.0,37.0,67.0,38.0,42.0,72.0,31.0,20.0,68.0,57.0,3.0,75.0,46.0,17.0,8.0,1,0.3792118119657411,F,7.5,1.0,6,0.3792118119657411,261.0,178.0,129.0,39.0,0.3796667557694021
61.0,80.0,99.0,51.0,75.0,21.0,28.0,6.0,26.0,72.0,81.0,37.0,32.0,11.0,18.0,85.0,8.0,78.0,58.0,81.0,17.0,26.0,2.0,92.0,79.0,1.0,56.0,42.0,50.0,44.0,34.0,34.0,15.0,17.0,47.0,16.0,85.0,59.0,42.0,21.0,2.0,17.0,55.0,25.0,39.0,57.0,20.0,4.0,40.0,37.0,6.0,0,0.3792118119657411,F,7.5,0.0,6,0.3792118119657411,261.0,178.0,130.0,39.0,0.38199233716475095
54.0,60.0,95.0,6.0,5.0,54.0,18.0,77.0,74.0,29.0,22.0,51.0,65.0,63.0,18.0,81.0,51.0,3.0,30.0,40.0,55.0,21.0,1.0,93.0,80.0,28.0,33.0,69.0,45.0,17.0,14.0,92.0,19.0,7.0,26.0,9.0,45.0,43.0,24.0,31.0,52.0,72.0,61.0,81.0,30.0,46.0,18.0,29.0,84.0,36.0,13.0,0,0.3792118119657411,F,7.5,1.0,6,0.3792118119657411,262.0,178.0,130.0,39.0,0.37938931297709927
26.0,63.0,43.0,51.0,39.0,1.0,36.0,84.0,20.0,6.0,44.0,54.0,32.0,7.0,34.0,88.0,17.0,43.0,65.0,48.0,90.0,42.0,77.0,37.0,78.0,70.0,1.0,34.0,81.0,26.0,43.0,71.0,19.0,60.0,65.0,17.0,43.0,35.0,58.0,18.0,18.0,44.0,10.0,41.0,28.0,86.0,7.0,58.0,69.0,79.0,1.0,0,0.3792118119657411,F,7.5,0.0,6,0.3792118119657411,262.0,178.0,131.0,39.0,0.3816793893129771
56.0,45.0,84.0,70.0,10.0,8.0,92.0,85.0,76.0,87.0,61.0,46.0,10.0,37.0,28.0,78.0,31.0,11.0,50.0,42.0,73.0,39.0,48.0,86.0,54.0,6.0,1.0,5.0,31.0,44.0,49.0,90.0,39.0,33.0,52.0,14.0,18.0,70.0,22.0,63.0,59.0,62.0,71.0,34.0,53.0,67.0,26.0,67.0,30.0,45.0,9.0,0,0.3792118119657411,F,7.5,1.0,6,0.3792118119657411,263.0,178.0,131.0,39.0,0.379096159986068
65.0,36.0,24.0,61.0,68.0,18.0,13.0,54.0,80.0,34.0,9.0,13.0,65.0,69.0,6.0,81.0,71.0,32.0,14.0,42.0,58.0,34.0,56.0,92.0,38.0,73.0,53.0,13.0,54.0,26.0,71.0,3.0,52.0,52.0,18.0,75.0,79.0,45.0,13.0,79.0,45.0,42.0,8.0,10.0,17.0,68.0,68.0,69.0,73.0,45.0,1.0,0,0.3792118119657411,F,7.5,0.0,6,0.3792118119657411,263.0,178.0,132.0,39.0,0.38135153819564466
64.0,58.0,13.0,29.0,22.0,40.0,57.0,58.0,10.0,46.0,61.0,17.0,6.0,69.0,70.0,79.0,30.0,3.0,18.0,30.0,50.0,26.0,80.0,94.0,84.0,17.0,74.0,56.0,44.0,43.0,38.0,84.0,21.0,65.0,54.0,77.0,69.0,37.0,56.0,7.0,24.0,72.0,70.0,25.0,27.0,46.0,9.0,18.0,46.0,25.0,9.0,1,0.3792118119657411,F,7.5,1.0,6,0.3792118119657411,264.0,179.0,132.0,39.0,0.3825757575757575
81.0,3.0,57.0,51.0,3.0,24.0,52.0,92.0,13.0,13.0,44.0,65.0,5.0,66.0,72.0,88.0,23.0,64.0,39.0,92.0,80.0,37.0,19.0,29.0,30.0,89.0,62.0,70.0,23.0,28.0,15.0,41.0,55.0,52.0,71.0,50.0,52.0,72.0,61.0,65.0,35.0,23.0,74.0,76.0,76.0,86.0,34.0,75.0,39.0,13.0,5.0,1,0.3792118119657411,F,7.5,0.0,6,0.3792118119657411,264.0,179.0,133.0,40.0,0.3772784233310549
7.0,22.0,38.0,89.0,5.0,33.0,19.0,16.0,78.0,41.0,83.0,14.0,72.0,56.0,43.0,84.0,55.0,40.0,56.0,7.0,11.0,28.0,10.0,68.0,7.0,41.0,60.0,18.0,75.0,73.0,81.0,20.0,41.0,73.0,43.0,5.0,66.0,43.0,32.0,30.0,44.0,22.0,50.0,11.0,65.0,51.0,31.0,63.0,22.0,32.0,13.0,1,0.3792118119657411,F,7.5,1.0,6,0.3792118119657411,265.0,180.0,133.0,40.0,0.3784934033196198
64.0,40.0,99.0,35.0,55.0,44.0,71.0,93.0,21.0,62.0,22.0,73.0,10.0,46.0,62.0,79.0,18.0,33.0,19.0,61.0,79.0,82.0,43.0,67.0,38.0,63.0,1.0,5.0,40.0,61.0,26.0,2.0,12.0,74.0,34.0,65.0,52.0,45.0,63.0,50.0,31.0,73.0,31.0,67.0,76.0,84.0,48.0,44.0,7.0,21.0,3.0,1,0.3792118119657411,F,7.5,0.0,6,0.3792118119657411,265.0,180.0,134.0,41.0,0.37327513376513655
8.0,19.0,68.0,42.0,34.0,91.0,64.0,46.0,59.0,79.0,3.0,88.0,6.0,37.0,71.0,86.0,31.0,42.0,67.0,83.0,64.0,10.0,16.0,21.0,41.0,77.0,56.0,67.0,31.0,8.0,15.0,66.0,75.0,36.0,68.0,77.0,1.0,51.0,13.0,39.0,5.0,26.0,60.0,1.0,61.0,36.0,49.0,17.0,67.0,56.0,1.0,0,0.3792118119657411,F,7.5,0.0,6,0.3792118119657411,265.0,180.0,135.0,41.0,0.3755415793151642
75.0,37.0,24.0,82.0,4.0,87.0,7.0,85.0,28.0,49.0,54.0,73.0,30.0,8.0,79.0,81.0,55.0,77.0,60.0,24.0,5.0,28.0,48.0,102.0,63.0,79.0,33.0,48.0,48.0,8.0,43.0,33.0,67.0,6.0,18.0,87.0,61.0,2.0,11.0,29.0,17.0,22.0,39.0,17.0,12.0,35.0,28.0,68.0,11.0,26.0,8.0,1,0.3792118119657411,F,7.5,1.0,6,0.3792118119657411,266.0,181.0,135.0,41.0,0.37674742411584516
79.0,19.0,95.0,27.0,72.0,58.0,35.0,35.0,12.0,29.0,43.0,41.0,8.0,54.0,11.0,70.0,37.0,59.0,6.0,30.0,67.0,21.0,36.0,14.0,82.0,41.0,10.0,25.0,10.0,36.0,1.0,84.0,61.0,60.0,58.0,90.0,37.0,15.0,6.0,80.0,3.0,72.0,23.0,31.0,35.0,82.0,18.0,25.0,46.0,56.0,13.0,1,0.3087108039922007,F,4.5,1.0,2,0.3087108039922007,267.0,182.0,135.0,41.0,0.37794423637120267
21.0,61.0,30.0,25.0,61.0,96.0,61.0,86.0,20.0,6.0,9.0,82.0,71.0,53.0,51.0,40.0,31.0,32.0,30.0,65.0,79.0,59.0,21.0,19.0,50.0,6.0,15.0,32.0,14.0,54.0,71.0,34.0,53.0,64.0,7.0,70.0,70.0,50.0,1.0,34.0,54.0,23.0,1.0,11.0,48.0,71.0,21.0,38.0,76.0,34.0,1.0,0,0.3087108039922007,F,4.5,0.0,2,0.3087108039922007,267.0,182.0,136.0,41.0,0.38017735183961227
38.0,63.0,56.0,3.0,77.0,44.0,40.0,27.0,3.0,20.0,24.0,30.0,43.0,58.0,38.0,65.0,67.0,3.0,9.0,67.0,37.0,1.0,55.0,52.0,5.0,23.0,17.0,27.0,16.0,60.0,34.0,79.0,9.0,15.0,42.0,84.0,74.0,2.0,32.0,48.0,59.0,17.0,35.0,15.0,67.0,43.0,25.0,75.0,13.0,31.0,1.0,0,0.3087108039922007,F,4.5,0.0,2,0.3087108039922007,267.0,182.0,137.0,41.0,0.3823778670822056
7.0,75.0,38.0,27.0,47.0,72.0,6.0,92.0,22.0,13.0,59.0,15.0,63.0,17.0,7.0,48.0,30.0,93.0,60.0,89.0,73.0,44.0,80.0,35.0,85.0,63.0,1.0,32.0,7.0,35.0,68.0,2.0,41.0,82.0,26.0,17.0,37.0,20.0,68.0,47.0,7.0,45.0,3.0,26.0,41.0,28.0,66.0,69.0,35.0,19.0,1.0,1,0.3087108039922007,F,4.5,0.0,2,0.3087108039922007,267.0,182.0,138.0,42.0,0.3773001139879498
7.0,87.0,99.0,27.0,47.0,27.0,11.0,61.0,26.0,67.0,24.0,57.0,67.0,54.0,7.0,38.0,53.0,46.0,50.0,28.0,11.0,73.0,79.0,11.0,30.0,85.0,46.0,3.0,10.0,6.0,34.0,42.0,13.0,49.0,41.0,17.0,74.0,69.0,56.0,67.0,56.0,16.0,47.0,41.0,30.0,8.0,20.0,14.0,13.0,47.0,8.0,1,0.3087108039922007,F,4.5,1.0,2,0.3087108039922007,268.0,183.0,138.0,42.0,0.3784879948085659
72.0,4.0,92.0,49.0,82.0,67.0,80.0,43.0,58.0,29.0,83.0,58.0,21.0,18.0,23.0,39.0,75.0,35.0,39.0,30.0,22.0,71.0,71.0,14.0,61.0,2.0,68.0,47.0,10.0,26.0,19.0,45.0,17.0,64.0,69.0,54.0,69.0,89.0,24.0,5.0,8.0,36.0,57.0,22.0,79.0,88.0,55.0,69.0,16.0,37.0,8.0,1,0.3087108039922007,F,4.5,1.0,2,0.3087108039922007,269.0,184.0,138.0,42.0,0.3796670438015193
53.0,22.0,13.0,5.0,10.0,16.0,33.0,3.0,33.0,3.0,50.0,45.0,5.0,64.0,55.0,75.0,39.0,98.0,24.0,27.0,33.0,4.0,19.0,50.0,75.0,39.0,67.0,9.0,14.0,39.0,55.0,18.0,83.0,48.0,65.0,17.0,38.0,35.0,32.0,6.0,60.0,10.0,8.0,81.0,64.0,88.0,9.0,75.0,13.0,82.0,6.0,1,0.3087108039922007,F,4.5,1.0,2,0.3087108039922007,270.0,185.0,138.0,42.0,0.3808373590982287
12.0,25.0,60.0,47.0,55.0,40.0,63.0,8.0,40.0,59.0,44.0,73.0,32.0,5.0,18.0,79.0,39.0,46.0,75.0,88.0,26.0,14.0,37.0,26.0,32.0,32.0,22.0,70.0,10.0,36.0,34.0,33.0,19.0,60.0,46.0,81.0,22.0,37.0,58.0,54.0,1.0,62.0,30.0,8.0,16.0,26.0,61.0,4.0,28.0,79.0,3.0,1,0.3087108039922007,F,4.5,0.0,2,0.3087108039922007,270.0,185.0,139.0,43.0,0.3758326671995737
81.0,4.0,51.0,87.0,5.0,52.0,34.0,82.0,21.0,74.0,53.0,3.0,65.0,22.0,12.0,51.0,71.0,48.0,69.0,100.0,65.0,84.0,21.0,41.0,77.0,25.0,19.0,36.0,12.0,8.0,16.0,4.0,90.0,45.0,51.0,6.0,56.0,21.0,17.0,67.0,58.0,77.0,8.0,20.0,4.0,36.0,26.0,13.0,75.0,74.0,1.0,0,0.3087108039922007,F,4.5,0.0,2,0.3087108039922007,270.0,185.0,140.0,43.0,0.37804232804232807
28.0,77.0,45.0,49.0,57.0,33.0,80.0,73.0,77.0,11.0,13.0,9.0,10.0,30.0,62.0,58.0,43.0,100.0,4.0,10.0,39.0,44.0,65.0,52.0,77.0,76.0,12.0,9.0,10.0,36.0,19.0,34.0,97.0,48.0,54.0,76.0,61.0,43.0,56.0,9.0,69.0,46.0,45.0,35.0,49.0,28.0,33.0,33.0,42.0,9.0,13.0,1,0.3087108039922007,F,4.5,1.0,2,0.3087108039922007,271.0,186.0,140.0,43.0,0.37920400632577755
43.0,54.0,39.0,70.0,39.0,95.0,24.0,54.0,21.0,9.0,38.0,70.0,34.0,14.0,45.0,48.0,65.0,47.0,12.0,24.0,26.0,77.0,26.0,50.0,72.0,93.0,68.0,70.0,5.0,48.0,26.0,88.0,4.0,64.0,32.0,3.0,50.0,76.0,17.0,22.0,58.0,38.0,37.0,3.0,77.0,86.0,5.0,7.0,46.0,30.0,4.0,1,0.3087108039922007,F,4.5,0.0,2,0.3087108039922007,271.0,186.0,141.0,44.0,0.3742901258799822
68.0,4.0,13.0,79.0,6.0,11.0,64.0,61.0,23.0,33.0,61.0,56.0,39.0,9.0,12.0,33.0,73.0,82.0,62.0,59.0,67.0,21.0,29.0,52.0,40.0,91.0,3.0,27.0,5.0,54.0,5.0,44.0,90.0,29.0,43.0,39.0,12.0,76.0,41.0,76.0,52.0,11.0,15.0,62.0,71.0,32.0,43.0,75.0,64.0,80.0,1.0,0,0.3087108039922007,F,4.5,0.0,2,0.3087108039922007,271.0,186.0,142.0,44.0,0.3764877085390573
28.0,65.0,42.0,77.0,39.0,36.0,63.0,5.0,68.0,72.0,9.0,30.0,16.0,75.0,62.0,25.0,30.0,69.0,20.0,77.0,77.0,71.0,32.0,55.0,22.0,8.0,73.0,34.0,5.0,33.0,15.0,9.0,62.0,3.0,65.0,81.0,27.0,70.0,37.0,50.0,49.0,41.0,6.0,78.0,49.0,11.0,14.0,67.0,60.0,1.0,1.0,0,0.3087108039922007,F,4.5,0.0,2,0.3087108039922007,271.0,186.0,143.0,44.0,0.378654555776327
77.0,8.0,29.0,12.0,80.0,90.0,33.0,53.0,61.0,71.0,24.0,7.0,61.0,46.0,19.0,79.0,36.0,49.0,22.0,30.0,25.0,14.0,2.0,25.0,28.0,24.0,8.0,25.0,2.0,43.0,20.0,70.0,22.0,1.0,43.0,4.0,60.0,37.0,49.0,41.0,14.0,58.0,47.0,20.0,82.0,69.0,63.0,42.0,32.0,41.0,5.0,1,0.3087108039922007,F,4.5,1.0,2,0.3087108039922007,272.0,187.0,143.0,44.0,0.3798076923076923
81.0,77.0,69.0,83.0,4.0,38.0,64.0,84.0,71.0,74.0,73.0,36.0,19.0,75.0,12.0,6.0,28.0,89.0,8.0,26.0,83.0,62.0,6.0,19.0,32.0,46.0,56.0,3.0,12.0,30.0,71.0,44.0,49.0,29.0,59.0,50.0,28.0,69.0,6.0,73.0,58.0,17.0,16.0,1.0,30.0,86.0,63.0,4.0,45.0,21.0,9.0,0,0.3087108039922007,F,4.5,1.0,2,0.3087108039922007,273.0,187.0,143.0,44.0,0.3772893772893773
36.0,22.0,82.0,86.0,70.0,35.0,78.0,84.0,23.0,41.0,65.0,46.0,45.0,6.0,1.0,24.0,30.0,79.0,41.0,78.0,88.0,78.0,8.0,41.0,32.0,39.0,26.0,16.0,14.0,57.0,68.0,7.0,81.0,54.0,65.0,24.0,52.0,37.0,61.0,18.0,56.0,22.0,38.0,50.0,34.0,59.0,11.0,65.0,74.0,47.0,1.0,1,0.3087108039922007,F,4.5,0.0,2,0.3087108039922007,273.0,187.0,144.0,45.0,0.372481684981685
47.0,45.0,84.0,30.0,47.0,57.0,19.0,91.0,3.0,2.0,64.0,86.0,32.0,65.0,26.0,53.0,48.0,82.0,45.0,71.0,87.0,46.0,73.0,29.0,67.0,17.0,13.0,33.0,1.0,57.0,16.0,33.0,76.0,26.0,17.0,49.0,52.0,55.0,37.0,2.0,52.0,32.0,78.0,26.0,60.0,26.0,14.0,14.0,68.0,72.0,5.0,1,0.3087108039922007,F,4.5,1.0,2,0.3087108039922007,274.0,188.0,144.0,45.0,0.3736313868613139
72.0,22.0,98.0,27.0,26.0,98.0,86.0,58.0,12.0,29.0,47.0,84.0,56.0,53.0,30.0,54.0,62.0,33.0,33.0,11.0,13.0,71.0,78.0,47.0,34.0,86.0,56.0,25.0,7.0,11.0,68.0,6.0,19.0,55.0,34.0,35.0,14.0,8.0,17.0,62.0,40.0,70.0,43.0,7.0,35.0,63.0,20.0,67.0,1.0,17.0,1.0,1,0.3087108039922007,F,4.5,0.0,2,0.3087108039922007,274.0,188.0,145.0,46.0,0.36889000755096907
79.0,43.0,47.0,70.0,20.0,73.0,42.0,63.0,14.0,37.0,61.0,20.0,48.0,26.0,7.0,35.0,12.0,19.0,58.0,24.0,61.0,18.0,48.0,26.0,30.0,49.0,46.0,50.0,9.0,47.0,54.0,28.0,55.0,77.0,9.0,59.0,75.0,82.0,2.0,12.0,68.0,31.0,34.0,17.0,14.0,28.0,48.0,69.0,81.0,17.0,1.0,0,0.3087108039922007,F,4.5,0.0,2,0.3087108039922007,274.0,188.0,146.0,46.0,0.371062893710629
7.0,4.0,74.0,16.0,3.0,89.0,15.0,33.0,28.0,5.0,73.0,46.0,31.0,37.0,23.0,50.0,65.0,80.0,11.0,85.0,33.0,30.0,39.0,21.0,13.0,39.0,1.0,47.0,2.0,32.0,48.0,88.0,97.0,29.0,49.0,85.0,22.0,67.0,56.0,80.0,59.0,32.0,83.0,20.0,27.0,10.0,20.0,69.0,27.0,21.0,7.0,1,0.3087108039922007,F,4.5,1.0,2,0.3087108039922007,275.0,189.0,146.0,46.0,0.37220423412204234
31.0,26.0,94.0,61.0,57.0,32.0,86.0,9.0,45.0,15.0,73.0,43.0,22.0,21.0,76.0,68.0,53.0,69.0,20.0,26.0,26.0,73.0,37.0,45.0,80.0,42.0,70.0,25.0,4.0,50.0,34.0,7.0,25.0,29.0,63.0,69.0,39.0,84.0,65.0,86.0,27.0,42.0,15.0,41.0,54.0,38.0,59.0,13.0,65.0,5.0,1.0,0,0.3087108039922007,F,4.5,0.0,2,0.3087108039922007,275.0,189.0,147.0,46.0,0.37434755720470003
61.0,54.0,14.0,72.0,18.0,59.0,84.0,29.0,32.0,68.0,5.0,41.0,37.0,53.0,71.0,85.0,65.0,89.0,4.0,67.0,67.0,20.0,65.0,35.0,73.0,79.0,58.0,30.0,15.0,48.0,58.0,60.0,1.0,46.0,9.0,91.0,24.0,62.0,20.0,67.0,33.0,27.0,10.0,31.0,69.0,68.0,44.0,75.0,46.0,33.0,13.0,0,0.3087108039922007,F,4.5,1.0,2,0.3087108039922007,276.0,189.0,147.0,46.0,0.371857438627625
65.0,22.0,51.0,13.0,29.0,80.0,52.0,49.0,61.0,47.0,16.0,84.0,8.0,21.0,8.0,39.0,67.0,36.0,64.0,92.0,35.0,20.0,44.0,8.0,78.0,21.0,1.0,57.0,14.0,64.0,40.0,42.0,24.0,73.0,43.0,61.0,12.0,61.0,50.0,7.0,34.0,58.0,57.0,60.0,41.0,47.0,9.0,1.0,42.0,56.0,9.0,0,0.3087108039922007,F,4.5,1.0,2,0.3087108039922007,277.0,189.0,147.0,46.0,0.36938529924605223
81.0,3.0,36.0,7.0,85.0,52.0,57.0,80.0,53.0,47.0,38.0,17.0,51.0,73.0,70.0,90.0,6.0,74.0,60.0,46.0,11.0,88.0,21.0,7.0,53.0,77.0,27.0,9.0,10.0,14.0,72.0,19.0,52.0,32.0,6.0,30.0,74.0,70.0,60.0,28.0,39.0,50.0,20.0,31.0,35.0,28.0,63.0,13.0,3.0,79.0,1.0,0,0.3087108039922007,F,4.5,0.0,2,0.3087108039922007,277.0,189.0,148.0,46.0,0.37149965850326866
51.0,77.0,89.0,27.0,44.0,40.0,92.0,36.0,20.0,11.0,3.0,30.0,62.0,46.0,56.0,3.0,30.0,98.0,22.0,59.0,67.0,75.0,67.0,7.0,79.0,34.0,55.0,70.0,8.0,30.0,1.0,90.0,45.0,73.0,6.0,3.0,7.0,81.0,49.0,22.0,8.0,36.0,14.0,31.0,16.0,69.0,58.0,52.0,83.0,22.0,1.0,0,0.3087108039922007,F,4.5,0.0,2,0.3087108039922007,277.0,189.0,149.0,46.0,0.37358563709931436
39.0,12.0,70.0,7.0,23.0,90.0,7.0,46.0,72.0,54.0,61.0,46.0,71.0,51.0,68.0,89.0,79.0,36.0,67.0,14.0,87.0,60.0,35.0,52.0,52.0,41.0,71.0,70.0,8.0,9.0,3.0,63.0,19.0,78.0,2.0,55.0,13.0,58.0,48.0,65.0,1.0,16.0,12.0,17.0,45.0,61.0,26.0,63.0,45.0,9.0,1.0,1,0.3087108039922007,F,4.5,0.0,2,0.3087108039922007,277.0,189.0,150.0,47.0,0.3689771359807461
33.0,2.0,47.0,21.0,5.0,44.0,55.0,26.0,3.0,56.0,20.0,64.0,6.0,51.0,71.0,75.0,18.0,36.0,20.0,68.0,43.0,79.0,46.0,6.0,54.0,17.0,77.0,15.0,14.0,32.0,43.0,66.0,67.0,62.0,13.0,73.0,82.0,37.0,43.0,59.0,18.0,8.0,81.0,49.0,7.0,18.0,28.0,18.0,79.0,69.0,9.0,1,0.3087108039922007,F,4.5,1.0,2,0.3087108039922007,278.0,190.0,150.0,47.0,0.37011990407673856
37.0,10.0,59.0,27.0,55.0,65.0,57.0,79.0,39.0,56.0,30.0,50.0,67.0,55.0,41.0,39.0,22.0,61.0,18.0,28.0,27.0,26.0,44.0,8.0,75.0,9.0,78.0,53.0,10.0,38.0,5.0,51.0,15.0,64.0,2.0,6.0,18.0,37.0,50.0,87.0,45.0,45.0,8.0,34.0,86.0,86.0,42.0,74.0,65.0,52.0,9.0,1,0.3087108039922007,F,4.5,1.0,2,0.3087108039922007,279.0,191.0,150.0,47.0,0.37125448028673835
51.0,67.0,99.0,43.0,62.0,93.0,78.0,84.0,80.0,35.0,37.0,7.0,50.0,7.0,28.0,90.0,67.0,8.0,7.0,26.0,63.0,28.0,72.0,40.0,34.0,92.0,33.0,31.0,8.0,16.0,61.0,91.0,12.0,14.0,13.0,78.0,53.0,58.0,12.0,36.0,25.0,39.0,79.0,22.0,71.0,86.0,25.0,6.0,11.0,4.0,4.0,1,0.3087108039922007,F,4.5,0.0,2,0.3087108039922007,279.0,191.0,151.0,48.0,0.36670701891808494
17.0,55.0,50.0,70.0,58.0,73.0,59.0,73.0,21.0,7.0,44.0,17.0,63.0,60.0,54.0,73.0,30.0,83.0,69.0,17.0,20.0,18.0,42.0,15.0,14.0,51.0,50.0,19.0,3.0,32.0,26.0,51.0,2.0,29.0,52.0,39.0,18.0,69.0,13.0,41.0,58.0,4.0,8.0,12.0,78.0,73.0,43.0,4.0,38.0,26.0,4.0,1,0.3087108039922007,F,4.5,0.0,2,0.3087108039922007,279.0,191.0,152.0,49.0,0.3622193925674401
79.0,45.0,93.0,82.0,77.0,60.0,57.0,56.0,34.0,74.0,22.0,73.0,48.0,61.0,22.0,5.0,66.0,5.0,6.0,28.0,86.0,30.0,71.0,15.0,83.0,7.0,42.0,37.0,14.0,71.0,41.0,79.0,88.0,41.0,66.0,91.0,10.0,12.0,22.0,39.0,54.0,36.0,8.0,13.0,49.0,56.0,63.0,25.0,10.0,4.0,11.0,0,0.3087108039922007,F,4.5,1.0,2,0.3087108039922007,280.0,191.0,152.0,49.0,0.3597744360902256
60.0,11.0,18.0,11.0,18.0,89.0,15.0,46.0,40.0,33.0,58.0,86.0,62.0,40.0,27.0,52.0,71.0,3.0,43.0,23.0,77.0,22.0,46.0,33.0,48.0,41.0,1.0,39.0,11.0,68.0,72.0,85.0,40.0,73.0,4.0,46.0,48.0,50.0,49.0,75.0,22.0,38.0,82.0,3.0,65.0,84.0,68.0,4.0,64.0,56.0,11.0,1,0.3087108039922007,F,4.5,1.0,2,0.3087108039922007,281.0,192.0,152.0,49.0,0.3609056002996816
2.0,1.0,87.0,35.0,10.0,8.0,34.0,73.0,57.0,34.0,9.0,15.0,12.0,75.0,11.0,22.0,28.0,69.0,24.0,44.0,65.0,63.0,67.0,34.0,41.0,9.0,44.0,67.0,2.0,43.0,15.0,2.0,35.0,77.0,64.0,43.0,81.0,79.0,37.0,84.0,54.0,6.0,4.0,45.0,30.0,59.0,44.0,85.0,71.0,82.0,1.0,0,0.3087108039922007,F,4.5,0.0,2,0.3087108039922007,281.0,192.0,153.0,49.0,0.3630125834438165
65.0,51.0,44.0,30.0,5.0,3.0,33.0,66.0,21.0,58.0,24.0,3.0,10.0,21.0,59.0,41.0,19.0,98.0,23.0,23.0,87.0,9.0,10.0,6.0,55.0,51.0,46.0,29.0,2.0,29.0,8.0,33.0,10.0,56.0,23.0,46.0,24.0,30.0,17.0,6.0,69.0,4.0,57.0,25.0,26.0,77.0,68.0,69.0,81.0,26.0,1.0,1,0.3087108039922007,F,4.5,0.0,2,0.3087108039922007,281.0,192.0,154.0,50.0,0.3585986966769885
41.0,22.0,63.0,55.0,75.0,13.0,84.0,3.0,72.0,59.0,16.0,30.0,31.0,44.0,7.0,33.0,75.0,30.0,56.0,78.0,87.0,44.0,42.0,27.0,89.0,39.0,12.0,66.0,10.0,52.0,15.0,23.0,12.0,48.0,52.0,46.0,1.0,10.0,50.0,70.0,39.0,38.0,58.0,47.0,23.0,57.0,22.0,75.0,82.0,27.0,1.0,1,0.3087108039922007,F,4.5,0.0,2,0.3087108039922007,281.0,192.0,155.0,51.0,0.35424176328779705
53.0,77.0,71.0,72.0,4.0,65.0,17.0,85.0,21.0,35.0,1.0,18.0,11.0,37.0,71.0,81.0,67.0,61.0,27.0,93.0,15.0,7.0,80.0,31.0,30.0,11.0,72.0,20.0,8.0,17.0,24.0,2.0,91.0,66.0,2.0,1.0,37.0,67.0,50.0,62.0,31.0,72.0,10.0,41.0,8.0,68.0,55.0,18.0,70.0,32.0,1.0,1,0.3087108039922007,F,4.5,0.0,2,0.3087108039922007,281.0,192.0,156.0,52.0,0.3499406880189799
30.0,43.0,1.0,49.0,3.0,89.0,92.0,77.0,1.0,45.0,39.0,27.0,44.0,26.0,62.0,60.0,38.0,13.0,43.0,40.0,67.0,77.0,79.0,43.0,32.0,41.0,22.0,68.0,57.0,32.0,60.0,65.0,51.0,82.0,65.0,44.0,63.0,55.0,32.0,81.0,59.0,52.0,37.0,65.0,57.0,82.0,26.0,75.0,12.0,28.0,1.0,0,0.09280046261005126,F,4.5,0.0,1,0.09280046261005126,281.0,192.0,157.0,52.0,0.35206383026951066
20.0,8.0,11.0,57.0,3.0,59.0,11.0,36.0,66.0,49.0,20.0,45.0,47.0,46.0,48.0,61.0,79.0,58.0,45.0,90.0,20.0,81.0,32.0,80.0,73.0,59.0,78.0,32.0,62.0,54.0,12.0,56.0,24.0,73.0,18.0,52.0,23.0,80.0,38.0,84.0,58.0,19.0,25.0,45.0,86.0,57.0,46.0,69.0,50.0,47.0,1.0,0,0.09280046261005126,F,4.5,0.0,1,0.09280046261005126,281.0,192.0,158.0,52.0,0.3541600973016803
40.0,13.0,11.0,49.0,12.0,78.0,11.0,19.0,35.0,33.0,53.0,49.0,67.0,61.0,60.0,22.0,36.0,8.0,6.0,30.0,75.0,57.0,82.0,63.0,33.0,15.0,33.0,41.0,22.0,26.0,34.0,11.0,33.0,9.0,48.0,87.0,37.0,13.0,54.0,29.0,33.0,32.0,57.0,8.0,57.0,55.0,66.0,75.0,24.0,28.0,2.0,0,0.09280046261005126,F,4.5,0.0,1,0.09280046261005126,281.0,192.0,159.0,52.0,0.3562299961950805
72.0,33.0,3.0,82.0,75.0,78.0,42.0,92.0,76.0,56.0,39.0,37.0,25.0,53.0,48.0,24.0,68.0,81.0,50.0,75.0,87.0,67.0,1.0,78.0,16.0,91.0,33.0,13.0,73.0,65.0,19.0,56.0,10.0,69.0,42.0,76.0,12.0,29.0,2.0,30.0,5.0,58.0,35.0,31.0,10.0,77.0,66.0,76.0,26.0,9.0,11.0,1,0.09280046261005126,F,4.5,1.0,1,0.09280046261005126,282.0,193.0,159.0,52.0,0.35735313796333473
12.0,23.0,11.0,37.0,55.0,37.0,31.0,77.0,66.0,86.0,12.0,13.0,71.0,67.0,39.0,84.0,65.0,27.0,24.0,24.0,67.0,70.0,41.0,76.0,67.0,37.0,33.0,9.0,47.0,26.0,42.0,66.0,10.0,60.0,14.0,87.0,7.0,29.0,41.0,7.0,69.0,39.0,10.0,60.0,30.0,60.0,5.0,78.0,17.0,33.0,1.0,1,0.09280046261005126,F,4.5,0.0,1,0.09280046261005126,282.0,193.0,160.0,53.0,0.35314716312056743
13.0,31.0,4.0,37.0,61.0,44.0,88.0,3.0,28.0,6.0,3.0,23.0,67.0,37.0,6.0,6.0,68.0,44.0,51.0,91.0,26.0,49.0,67.0,27.0,18.0,54.0,71.0,9.0,11.0,36.0,30.0,65.0,86.0,34.0,65.0,73.0,36.0,29.0,6.0,71.0,52.0,6.0,25.0,63.0,52.0,53.0,58.0,44.0,42.0,69.0,1.0,1,0.09280046261005126,F,4.5,0.0,1,0.09280046261005126,282.0,193.0,161.0,54.0,0.34899343641249286
21.0,47.0,1.0,56.0,77.0,58.0,3.0,88.0,59.0,39.0,34.0,75.0,31.0,52.0,34.0,62.0,29.0,72.0,58.0,11.0,67.0,4.0,67.0,104.0,30.0,49.0,62.0,46.0,67.0,68.0,31.0,84.0,5.0,74.0,23.0,87.0,47.0,41.0,2.0,18.0,31.0,40.0,4.0,20.0,29.0,74.0,61.0,39.0,77.0,56.0,1.0,1,0.09280046261005126,F,4.5,0.0,1,0.09280046261005126,282.0,193.0,162.0,55.0,0.34489099028106124
50.0,77.0,3.0,66.0,67.0,73.0,36.0,62.0,30.0,84.0,51.0,28.0,11.0,46.0,33.0,18.0,48.0,91.0,39.0,67.0,6.0,79.0,6.0,46.0,64.0,82.0,55.0,3.0,67.0,6.0,48.0,11.0,66.0,69.0,2.0,76.0,48.0,6.0,67.0,2.0,35.0,65.0,81.0,25.0,17.0,70.0,55.0,69.0,55.0,72.0,9.0,1,0.09280046261005126,F,4.5,1.0,1,0.09280046261005126,283.0,194.0,162.0,55.0,0.3460061946516599
79.0,56.0,9.0,19.0,69.0,8.0,18.0,33.0,23.0,79.0,64.0,56.0,74.0,27.0,2.0,5.0,35.0,69.0,39.0,49.0,60.0,66.0,47.0,72.0,11.0,10.0,53.0,47.0,75.0,48.0,57.0,75.0,83.0,65.0,69.0,75.0,56.0,55.0,13.0,50.0,23.0,22.0,41.0,18.0,30.0,21.0,9.0,62.0,52.0,11.0,1.0,0,0.09280046261005126,F,4.5,0.0,1,0.09280046261005126,283.0,194.0,163.0,55.0,0.3480890546077305
23.0,8.0,3.0,49.0,5.0,87.0,11.0,88.0,7.0,49.0,71.0,40.0,48.0,58.0,7.0,59.0,51.0,99.0,24.0,66.0,38.0,24.0,2.0,69.0,87.0,68.0,32.0,1.0,30.0,11.0,10.0,49.0,97.0,15.0,30.0,8.0,79.0,51.0,18.0,18.0,52.0,38.0,60.0,43.0,17.0,57.0,17.0,40.0,48.0,69.0,7.0,1,0.09280046261005126,F,4.5,1.0,1,0.09280046261005126,284.0,195.0,163.0,55.0,0.34919640542642355
57.0,54.0,2.0,21.0,61.0,33.0,25.0,91.0,32.0,13.0,11.0,17.0,31.0,14.0,69.0,90.0,65.0,23.0,50.0,5.0,12.0,62.0,35.0,61.0,63.0,91.0,12.0,23.0,72.0,60.0,49.0,20.0,41.0,80.0,18.0,4.0,37.0,6.0,61.0,43.0,35.0,61.0,31.0,14.0,49.0,16.0,63.0,29.0,22.0,7.0,1.0,0,0.09280046261005126,F,4.5,0.0,1,0.09280046261005126,284.0,195.0,164.0,55.0,0.3512538646513225
31.0,82.0,9.0,21.0,60.0,96.0,11.0,16.0,79.0,56.0,81.0,86.0,31.0,7.0,18.0,73.0,18.0,91.0,23.0,18.0,65.0,82.0,46.0,64.0,79.0,45.0,32.0,13.0,47.0,68.0,55.0,28.0,88.0,69.0,34.0,73.0,2.0,62.0,6.0,22.0,8.0,54.0,31.0,73.0,30.0,56.0,48.0,58.0,44.0,4.0,1.0,0,0.09280046261005126,F,4.5,0.0,1,0.09280046261005126,284.0,195.0,165.0,55.0,0.3532863849765258
75.0,21.0,12.0,27.0,20.0,44.0,11.0,29.0,1.0,36.0,22.0,35.0,71.0,53.0,26.0,78.0,43.0,5.0,60.0,53.0,54.0,9.0,39.0,78.0,32.0,34.0,1.0,15.0,14.0,68.0,19.0,13.0,80.0,40.0,71.0,35.0,26.0,37.0,63.0,9.0,15.0,53.0,31.0,20.0,67.0,17.0,13.0,35.0,16.0,13.0,1.0,0,0.09280046261005126,F,4.5,0.0,1,0.09280046261005126,284.0,195.0,166.0,55.0,0.35529441710503984
26.0,5.0,3.0,77.0,10.0,31.0,55.0,19.0,21.0,60.0,80.0,15.0,71.0,51.0,38.0,39.0,18.0,69.0,63.0,80.0,55.0,10.0,67.0,27.0,65.0,75.0,20.0,58.0,58.0,38.0,68.0,16.0,90.0,37.0,66.0,19.0,38.0,6.0,30.0,74.0,62.0,32.0,52.0,60.0,21.0,35.0,66.0,85.0,56.0,65.0,10.0,1,0.09280046261005126,F,4.5,1.0,1,0.09280046261005126,285.0,196.0,166.0,55.0,0.3563939970407948
30.0,17.0,8.0,61.0,75.0,65.0,4.0,20.0,74.0,39.0,36.0,18.0,6.0,21.0,48.0,44.0,39.0,74.0,38.0,40.0,73.0,63.0,36.0,8.0,56.0,95.0,44.0,32.0,35.0,43.0,47.0,6.0,83.0,64.0,59.0,54.0,37.0,76.0,37.0,43.0,23.0,42.0,25.0,54.0,10.0,63.0,34.0,75.0,26.0,80.0,1.0,0,0.09280046261005126,F,4.5,0.0,1,0.09280046261005126,285.0,196.0,167.0,55.0,0.3583779808803446
21.0,11.0,12.0,66.0,47.0,3.0,5.0,36.0,48.0,33.0,53.0,17.0,9.0,7.0,30.0,25.0,52.0,54.0,3.0,24.0,52.0,77.0,35.0,26.0,48.0,91.0,53.0,3.0,47.0,15.0,14.0,51.0,15.0,6.0,45.0,3.0,8.0,48.0,61.0,50.0,49.0,4.0,23.0,45.0,86.0,68.0,18.0,75.0,59.0,45.0,9.0,0,0.09280046261005126,F,4.5,1.0,1,0.09280046261005126,286.0,196.0,167.0,55.0,0.35597336794941586
28.0,36.0,9.0,43.0,13.0,92.0,84.0,25.0,34.0,50.0,34.0,39.0,3.0,11.0,18.0,29.0,53.0,88.0,21.0,90.0,61.0,22.0,31.0,59.0,61.0,3.0,49.0,39.0,47.0,32.0,81.0,33.0,43.0,64.0,63.0,68.0,3.0,81.0,56.0,83.0,58.0,36.0,12.0,52.0,50.0,65.0,33.0,50.0,65.0,79.0,5.0,1,0.09280046261005126,F,4.5,1.0,1,0.09280046261005126,287.0,197.0,167.0,55.0,0.35706983246051455
26.0,15.0,9.0,27.0,5.0,8.0,71.0,37.0,59.0,58.0,47.0,18.0,3.0,26.0,79.0,63.0,30.0,69.0,68.0,26.0,51.0,1.0,61.0,87.0,39.0,95.0,10.0,32.0,75.0,33.0,75.0,26.0,49.0,29.0,26.0,11.0,62.0,74.0,57.0,27.0,31.0,72.0,7.0,15.0,20.0,82.0,63.0,4.0,65.0,11.0,6.0,1,0.09280046261005126,F,4.5,1.0,1,0.09280046261005126,288.0,198.0,167.0,55.0,0.35815868263473055
7.0,50.0,5.0,45.0,72.0,33.0,36.0,84.0,22.0,6.0,61.0,52.0,71.0,60.0,51.0,48.0,71.0,19.0,43.0,38.0,51.0,68.0,71.0,52.0,12.0,13.0,66.0,55.0,54.0,35.0,75.0,7.0,37.0,60.0,54.0,6.0,63.0,10.0,53.0,47.0,62.0,38.0,47.0,7.0,57.0,1.0,61.0,33.0,55.0,43.0,2.0,1,0.09280046261005126,F,4.5,0.0,1,0.09280046261005126,288.0,198.0,168.0,56.0,0.3541666666666667
77.0,22.0,3.0,49.0,55.0,97.0,15.0,77.0,76.0,30.0,61.0,22.0,54.0,11.0,1.0,8.0,7.0,86.0,28.0,76.0,88.0,49.0,35.0,41.0,61.0,47.0,64.0,1.0,2.0,24.0,62.0,64.0,97.0,6.0,28.0,10.0,23.0,66.0,12.0,49.0,31.0,74.0,35.0,16.0,17.0,38.0,8.0,62.0,64.0,59.0,1.0,1,0.09280046261005126,F,4.5,0.0,1,0.09280046261005126,288.0,198.0,169.0,57.0,0.35022189349112426
48.0,4.0,10.0,49.0,48.0,2.0,11.0,73.0,65.0,70.0,53.0,58.0,21.0,65.0,31.0,40.0,72.0,89.0,26.0,20.0,62.0,18.0,48.0,11.0,4.0,3.0,15.0,41.0,36.0,68.0,17.0,84.0,15.0,62.0,65.0,91.0,71.0,30.0,22.0,12.0,5.0,38.0,8.0,76.0,4.0,10.0,28.0,75.0,45.0,11.0,1.0,0,0.09280046261005126,F,4.5,0.0,1,0.09280046261005126,288.0,198.0,170.0,57.0,0.3522058823529412
70.0,22.0,1.0,27.0,59.0,47.0,48.0,85.0,76.0,50.0,22.0,65.0,74.0,10.0,72.0,33.0,22.0,100.0,75.0,52.0,77.0,31.0,67.0,76.0,54.0,37.0,72.0,43.0,12.0,52.0,79.0,63.0,50.0,11.0,19.0,3.0,70.0,30.0,16.0,67.0,7.0,38.0,70.0,51.0,30.0,56.0,5.0,78.0,68.0,13.0,9.0,1,0.09280046261005126,F,4.5,1.0,1,0.09280046261005126,289.0,199.0,170.0,57.0,0.35328719723183394
43.0,4.0,9.0,7.0,79.0,18.0,42.0,46.0,76.0,70.0,38.0,65.0,6.0,46.0,70.0,87.0,47.0,5.0,43.0,7.0,79.0,22.0,82.0,50.0,21.0,41.0,75.0,22.0,37.0,45.0,1.0,62.0,15.0,69.0,35.0,3.0,37.0,10.0,17.0,17.0,18.0,18.0,47.0,47.0,45.0,41.0,36.0,44.0,11.0,38.0,3.0,1,0.09280046261005126,F,4.5,0.0,1,0.09280046261005126,289.0,199.0,171.0,58.0,0.34940002832918515
7.0,6.0,1.0,39.0,5.0,63.0,20.0,49.0,59.0,59.0,85.0,36.0,55.0,11.0,45.0,70.0,71.0,86.0,67.0,62.0,61.0,20.0,47.0,80.0,62.0,41.0,74.0,22.0,67.0,64.0,61.0,18.0,44.0,64.0,24.0,78.0,71.0,90.0,14.0,19.0,46.0,39.0,34.0,18.0,23.0,48.0,4.0,62.0,60.0,66.0,8.0,1,0.09280046261005126,F,4.5,1.0,1,0.09280046261005126,290.0,200.0,171.0,58.0,0.35047388586408557
85.0,32.0,5.0,49.0,47.0,40.0,56.0,84.0,40.0,33.0,46.0,81.0,32.0,22.0,26.0,13.0,12.0,69.0,9.0,78.0,51.0,12.0,67.0,2.0,41.0,47.0,2.0,45.0,60.0,17.0,22.0,79.0,15.0,36.0,39.0,48.0,56.0,30.0,56.0,18.0,1.0,45.0,37.0,15.0,35.0,85.0,9.0,45.0,59.0,66.0,8.0,1,0.09280046261005126,F,4.5,1.0,1,0.09280046261005126,291.0,201.0,171.0,58.0,0.3515403629348285
82.0,87.0,10.0,66.0,20.0,3.0,40.0,33.0,59.0,29.0,38.0,7.0,65.0,37.0,18.0,22.0,53.0,69.0,16.0,83.0,84.0,48.0,16.0,41.0,40.0,60.0,50.0,70.0,12.0,44.0,6.0,82.0,14.0,75.0,70.0,87.0,37.0,55.0,28.0,67.0,6.0,5.0,47.0,51.0,73.0,86.0,43.0,71.0,7.0,66.0,7.0,0,0.09280046261005126,F,4.5,1.0,1,0.09280046261005126,292.0,201.0,171.0,58.0,0.34917487783385404
29.0,38.0,3.0,8.0,71.0,31.0,20.0,20.0,37.0,25.0,3.0,10.0,76.0,56.0,27.0,18.0,50.0,100.0,13.0,67.0,43.0,82.0,82.0,87.0,53.0,5.0,46.0,18.0,47.0,65.0,30.0,33.0,19.0,69.0,2.0,1.0,61.0,30.0,22.0,6.0,1.0,20.0,47.0,4.0,71.0,18.0,24.0,56.0,60.0,53.0,13.0,1,0.09280046261005126,F,4.5,1.0,1,0.09280046261005126,293.0,202.0,171.0,58.0,0.35023850867213546
58.0,76.0,6.0,43.0,13.0,56.0,53.0,77.0,38.0,1.0,74.0,56.0,77.0,26.0,56.0,69.0,47.0,64.0,13.0,78.0,26.0,48.0,26.0,41.0,30.0,58.0,69.0,58.0,11.0,16.0,13.0,53.0,12.0,38.0,48.0,54.0,43.0,10.0,62.0,38.0,42.0,34.0,45.0,39.0,12.0,68.0,66.0,58.0,11.0,4.0,2.0,1,0.09280046261005126,F,4.5,0.0,1,0.09280046261005126,293.0,202.0,172.0,59.0,0.34639653940788956
12.0,24.0,11.0,32.0,5.0,33.0,40.0,83.0,31.0,49.0,52.0,29.0,70.0,7.0,7.0,71.0,51.0,98.0,39.0,92.0,26.0,61.0,65.0,78.0,47.0,46.0,33.0,33.0,24.0,29.0,19.0,13.0,81.0,3.0,69.0,17.0,43.0,30.0,62.0,50.0,31.0,22.0,38.0,15.0,14.0,32.0,16.0,69.0,73.0,44.0,13.0,1,0.09280046261005126,F,4.5,1.0,1,0.09280046261005126,294.0,203.0,172.0,59.0,0.347452934662237
11.0,54.0,7.0,41.0,45.0,4.0,57.0,84.0,43.0,6.0,5.0,65.0,71.0,63.0,38.0,24.0,45.0,42.0,50.0,52.0,67.0,49.0,67.0,6.0,16.0,9.0,58.0,33.0,8.0,49.0,81.0,56.0,25.0,26.0,58.0,62.0,83.0,82.0,61.0,28.0,29.0,76.0,39.0,52.0,27.0,82.0,63.0,38.0,45.0,19.0,5.0,1,0.09280046261005126,F,4.5,1.0,1,0.09280046261005126,295.0,204.0,172.0,59.0,0.34850216791486005
61.0,22.0,1.0,21.0,5.0,61.0,13.0,77.0,59.0,29.0,18.0,86.0,51.0,26.0,16.0,33.0,67.0,62.0,18.0,52.0,33.0,79.0,47.0,102.0,39.0,79.0,15.0,34.0,32.0,26.0,30.0,34.0,57.0,1.0,43.0,85.0,16.0,37.0,23.0,40.0,2.0,70.0,8.0,76.0,57.0,32.0,44.0,25.0,79.0,9.0,3.0,1,0.09280046261005126,F,4.5,0.0,1,0.09280046261005126,295.0,204.0,173.0,60.0,0.34470461448025863
19.0,77.0,9.0,14.0,85.0,59.0,69.0,27.0,36.0,52.0,53.0,81.0,72.0,14.0,68.0,35.0,32.0,82.0,67.0,47.0,13.0,12.0,15.0,23.0,32.0,17.0,58.0,53.0,33.0,4.0,48.0,31.0,15.0,58.0,48.0,35.0,9.0,43.0,56.0,1.0,20.0,69.0,30.0,25.0,25.0,6.0,9.0,75.0,45.0,1.0,4.0,1,0.09280046261005126,F,4.5,0.0,1,0.09280046261005126,295.0,204.0,174.0,61.0,0.34095071108513536
7.0,38.0,1.0,64.0,71.0,41.0,19.0,73.0,26.0,25.0,3.0,73.0,63.0,11.0,32.0,44.0,30.0,16.0,32.0,18.0,29.0,62.0,10.0,106.0,45.0,86.0,42.0,41.0,73.0,10.0,34.0,29.0,2.0,1.0,71.0,85.0,4.0,86.0,67.0,40.0,35.0,72.0,75.0,1.0,40.0,2.0,46.0,60.0,50.0,43.0,6.0,1,0.09280046261005126,F,4.5,1.0,1,0.09280046261005126,296.0,205.0,174.0,61.0,0.34199285492388937
63.0,6.0,8.0,72.0,58.0,44.0,52.0,21.0,39.0,74.0,61.0,86.0,29.0,73.0,16.0,68.0,71.0,29.0,50.0,11.0,51.0,69.0,48.0,93.0,78.0,13.0,58.0,21.0,75.0,45.0,34.0,53.0,35.0,26.0,33.0,77.0,61.0,80.0,41.0,5.0,70.0,38.0,50.0,81.0,10.0,43.0,1.0,29.0,13.0,45.0,1.0,0,0.09280046261005126,F,4.5,0.0,1,0.09280046261005126,296.0,205.0,175.0,61.0,0.34399613899613896
69.0,54.0,7.0,3.0,5.0,78.0,84.0,3.0,65.0,85.0,44.0,50.0,32.0,58.0,76.0,9.0,30.0,21.0,24.0,84.0,43.0,1.0,11.0,72.0,73.0,28.0,54.0,57.0,49.0,12.0,81.0,92.0,85.0,29.0,33.0,73.0,10.0,74.0,19.0,46.0,58.0,54.0,31.0,16.0,52.0,48.0,36.0,4.0,40.0,70.0,1.0,0,0.09280046261005126,F,4.5,0.0,1,0.09280046261005126,296.0,205.0,176.0,61.0,0.3459766584766584
31.0,16.0,5.0,87.0,26.0,51.0,88.0,63.0,56.0,37.0,48.0,19.0,12.0,35.0,42.0,89.0,56.0,95.0,7.0,78.0,9.0,68.0,21.0,50.0,81.0,63.0,58.0,9.0,24.0,64.0,34.0,66.0,33.0,52.0,23.0,78.0,43.0,61.0,22.0,19.0,6.0,32.0,35.0,77.0,81.0,87.0,66.0,54.0,45.0,47.0,13.0,1,0.09280046261005126,F,4.5,1.0,1,0.09280046261005126,297.0,206.0,176.0,61.0,0.34701178451178444
78.0,36.0,1.0,7.0,26.0,38.0,11.0,7.0,53.0,41.0,38.0,68.0,3.0,4.0,23.0,2.0,44.0,31.0,50.0,67.0,61.0,63.0,77.0,4.0,81.0,73.0,64.0,2.0,75.0,36.0,82.0,13.0,9.0,29.0,65.0,24.0,61.0,37.0,29.0,20.0,41.0,38.0,30.0,39.0,69.0,5.0,66.0,21.0,50.0,13.0,8.0,0,0.09280046261005126,F,4.5,1.0,1,0.09280046261005126,298.0,206.0,176.0,61.0,0.3446842586943258
7.0,11.0,11.0,7.0,73.0,69.0,70.0,84.0,78.0,15.0,15.0,73.0,67.0,21.0,44.0,10.0,35.0,1.0,75.0,60.0,5.0,19.0,64.0,6.0,73.0,82.0,64.0,7.0,67.0,30.0,79.0,88.0,35.0,49.0,63.0,16.0,24.0,37.0,22.0,74.0,52.0,45.0,37.0,45.0,45.0,68.0,63.0,69.0,83.0,66.0,14.0,0,0.09280046261005126,F,4.5,1.0,1,0.09280046261005126,299.0,206.0,176.0,61.0,0.342372301611432
7.0,77.0,11.0,27.0,75.0,79.0,71.0,84.0,10.0,3.0,52.0,19.0,8.0,46.0,44.0,44.0,43.0,82.0,24.0,93.0,73.0,30.0,41.0,63.0,41.0,77.0,64.0,67.0,54.0,5.0,19.0,6.0,68.0,42.0,19.0,21.0,37.0,77.0,23.0,6.0,27.0,22.0,73.0,81.0,49.0,1.0,1.0,8.0,82.0,72.0,9.0,1,0.09280046261005126,F,4.5,1.0,1,0.09280046261005126,300.0,207.0,176.0,61.0,0.34340909090909083
33.0,2.0,11.0,3.0,12.0,37.0,11.0,9.0,48.0,60.0,41.0,84.0,16.0,30.0,1.0,22.0,43.0,18.0,41.0,35.0,37.0,79.0,16.0,78.0,90.0,26.0,32.0,49.0,57.0,63.0,54.0,31.0,64.0,53.0,18.0,58.0,18.0,43.0,49.0,18.0,7.0,54.0,10.0,32.0,14.0,32.0,20.0,8.0,24.0,17.0,3.0,1,0.09280046261005126,F,4.5,0.0,1,0.09280046261005126,300.0,207.0,177.0,62.0,0.33971751412429374
7.0,54.0,10.0,82.0,75.0,58.0,18.0,84.0,54.0,58.0,15.0,13.0,1.0,6.0,54.0,79.0,73.0,86.0,8.0,94.0,83.0,81.0,21.0,26.0,48.0,59.0,55.0,41.0,58.0,26.0,31.0,71.0,97.0,66.0,2.0,46.0,26.0,58.0,3.0,46.0,52.0,75.0,34.0,15.0,30.0,32.0,57.0,75.0,83.0,24.0,9.0,0,0.09280046261005126,F,4.5,1.0,1,0.09280046261005126,301.0,207.0,177.0,62.0,0.33742515532030704
52.0,54.0,11.0,90.0,3.0,13.0,66.0,70.0,59.0,67.0,38.0,84.0,31.0,63.0,67.0,85.0,5.0,86.0,10.0,102.0,26.0,21.0,1.0,92.0,38.0,3.0,33.0,47.0,31.0,21.0,10.0,58.0,30.0,62.0,65.0,40.0,7.0,34.0,65.0,40.0,54.0,64.0,30.0,64.0,30.0,28.0,20.0,75.0,37.0,34.0,12.0,0,0.09280046261005126,F,4.5,1.0,1,0.09280046261005126,302.0,207.0,177.0,62.0,0.3351479777004527
69.0,87.0,3.0,20.0,75.0,48.0,33.0,73.0,1.0,29.0,86.0,13.0,67.0,7.0,66.0,78.0,65.0,64.0,50.0,52.0,69.0,30.0,67.0,106.0,30.0,51.0,74.0,70.0,47.0,44.0,57.0,80.0,10.0,66.0,33.0,21.0,81.0,8.0,21.0,54.0,52.0,38.0,48.0,58.0,28.0,77.0,7.0,81.0,67.0,9.0,1.0,0,0.09280046261005126,F,4.5,0.0,1,0.09280046261005126,302.0,207.0,178.0,62.0,0.33711585683458584
75.0,60.0,4.0,7.0,6.0,91.0,25.0,84.0,59.0,53.0,24.0,32.0,47.0,41.0,10.0,78.0,53.0,19.0,45.0,77.0,61.0,69.0,55.0,51.0,31.0,39.0,58.0,9.0,57.0,17.0,57.0,18.0,52.0,52.0,7.0,85.0,27.0,74.0,60.0,19.0,41.0,11.0,8.0,1.0,17.0,68.0,3.0,69.0,57.0,79.0,3.0,0,0.09280046261005126,F,4.5,0.0,1,0.09280046261005126,302.0,207.0,179.0,62.0,0.33906174849236
46.0,77.0,12.0,82.0,75.0,73.0,65.0,41.0,59.0,13.0,3.0,86.0,23.0,73.0,34.0,50.0,34.0,47.0,8.0,48.0,84.0,27.0,81.0,44.0,41.0,79.0,71.0,49.0,45.0,64.0,52.0,28.0,70.0,64.0,65.0,33.0,83.0,75.0,24.0,68.0,31.0,6.0,80.0,70.0,30.0,42.0,46.0,33.0,75.0,11.0,6.0,0,0.09280046261005126,F,4.5,1.0,1,0.09280046261005126,303.0,207.0,179.0,62.0,0.3367996017478843
27.0,24.0,10.0,72.0,79.0,40.0,84.0,77.0,51.0,29.0,39.0,56.0,45.0,21.0,30.0,85.0,52.0,92.0,4.0,67.0,54.0,41.0,33.0,55.0,79.0,17.0,67.0,55.0,12.0,64.0,55.0,13.0,39.0,13.0,28.0,52.0,46.0,82.0,32.0,48.0,59.0,73.0,77.0,55.0,14.0,69.0,28.0,75.0,30.0,28.0,6.0,0,0.09280046261005126,F,4.5,1.0,1,0.09280046261005126,304.0,207.0,179.0,62.0,0.3345523375477801
75.0,4.0,1.0,35.0,72.0,48.0,54.0,16.0,26.0,21.0,47.0,73.0,51.0,73.0,66.0,13.0,17.0,44.0,27.0,64.0,81.0,42.0,43.0,7.0,65.0,23.0,6.0,63.0,22.0,64.0,15.0,20.0,93.0,46.0,34.0,8.0,37.0,37.0,32.0,62.0,50.0,68.0,44.0,61.0,40.0,8.0,54.0,49.0,17.0,57.0,9.0,1,0.09280046261005126,F,4.5,1.0,1,0.09280046261005126,305.0,208.0,179.0,62.0,0.33559849803095515
35.0,21.0,10.0,7.0,29.0,90.0,7.0,31.0,50.0,24.0,13.0,57.0,43.0,14.0,29.0,69.0,39.0,98.0,56.0,32.0,1.0,12.0,44.0,65.0,34.0,7.0,20.0,46.0,75.0,65.0,41.0,31.0,94.0,33.0,70.0,85.0,47.0,26.0,22.0,36.0,1.0,48.0,34.0,42.0,8.0,10.0,68.0,46.0,20.0,47.0,1.0,1,0.09280046261005126,F,4.5,0.0,1,0.09280046261005126,305.0,208.0,180.0,63.0,0.3319672131147541
1.0,11.0,11.0,33.0,10.0,78.0,53.0,29.0,70.0,55.0,30.0,50.0,47.0,26.0,23.0,25.0,14.0,98.0,37.0,26.0,73.0,14.0,67.0,92.0,73.0,82.0,76.0,2.0,48.0,46.0,24.0,29.0,52.0,60.0,72.0,67.0,61.0,11.0,35.0,22.0,31.0,6.0,16.0,50.0,86.0,1.0,7.0,64.0,69.0,10.0,13.0,0,0.09280046261005126,F,4.5,1.0,1,0.09280046261005126,306.0,208.0,180.0,63.0,0.3297385620915033
21.0,45.0,7.0,77.0,49.0,87.0,19.0,84.0,66.0,74.0,12.0,3.0,76.0,27.0,71.0,36.0,11.0,100.0,20.0,60.0,2.0,20.0,56.0,41.0,35.0,27.0,40.0,56.0,50.0,27.0,3.0,8.0,15.0,3.0,58.0,1.0,7.0,37.0,39.0,69.0,25.0,46.0,52.0,67.0,14.0,32.0,3.0,75.0,60.0,4.0,8.0,1,0.09280046261005126,F,4.5,1.0,1,0.09280046261005126,307.0,209.0,180.0,63.0,0.3307817589576547
25.0,21.0,5.0,12.0,36.0,11.0,33.0,45.0,72.0,29.0,39.0,17.0,76.0,52.0,41.0,18.0,53.0,48.0,64.0,89.0,68.0,77.0,44.0,67.0,54.0,3.0,78.0,41.0,12.0,68.0,34.0,41.0,39.0,62.0,50.0,56.0,56.0,88.0,2.0,59.0,69.0,72.0,32.0,51.0,86.0,77.0,39.0,64.0,60.0,26.0,5.0,1,0.09280046261005126,F,4.5,1.0,1,0.09280046261005126,308.0,210.0,180.0,63.0,0.3318181818181818
84.0,13.0,10.0,72.0,20.0,75.0,22.0,3.0,23.0,53.0,34.0,22.0,27.0,58.0,64.0,29.0,67.0,37.0,4.0,78.0,37.0,69.0,67.0,70.0,42.0,90.0,8.0,47.0,62.0,36.0,5.0,67.0,97.0,64.0,2.0,50.0,75.0,2.0,44.0,84.0,67.0,72.0,3.0,47.0,35.0,88.0,53.0,29.0,19.0,26.0,1.0,0,0.09280046261005126,F,4.5,0.0,1,0.09280046261005126,308.0,210.0,181.0,63.0,0.33375188347564033
10.0,36.0,9.0,51.0,4.0,44.0,53.0,1.0,12.0,62.0,75.0,46.0,77.0,37.0,13.0,77.0,76.0,91.0,16.0,64.0,59.0,72.0,35.0,103.0,65.0,52.0,40.0,53.0,73.0,51.0,16.0,60.0,53.0,29.0,66.0,83.0,14.0,67.0,41.0,34.0,3.0,52.0,34.0,57.0,60.0,25.0,9.0,39.0,49.0,66.0,8.0,1,0.09280046261005126,F,4.5,1.0,1,0.09280046261005126,309.0,211.0,181.0,63.0,0.334781598097588
81.0,40.0,1.0,64.0,35.0,33.0,52.0,61.0,30.0,11.0,19.0,17.0,10.0,54.0,75.0,73.0,51.0,85.0,28.0,94.0,1.0,42.0,69.0,72.0,30.0,70.0,12.0,19.0,4.0,32.0,45.0,11.0,43.0,4.0,46.0,13.0,43.0,48.0,24.0,62.0,54.0,23.0,18.0,47.0,75.0,59.0,17.0,4.0,41.0,24.0,9.0,1,0.09280046261005126,F,4.5,1.0,1,0.09280046261005126,310.0,212.0,181.0,63.0,0.335804669399394
3.0,67.0,1.0,27.0,57.0,23.0,32.0,77.0,57.0,29.0,10.0,13.0,63.0,3.0,29.0,3.0,67.0,46.0,24.0,89.0,5.0,39.0,41.0,104.0,53.0,6.0,35.0,47.0,40.0,66.0,49.0,53.0,97.0,42.0,30.0,87.0,10.0,62.0,52.0,65.0,2.0,33.0,18.0,17.0,27.0,50.0,41.0,13.0,73.0,37.0,8.0,0,0.09280046261005126,F,4.5,1.0,1,0.09280046261005126,311.0,212.0,181.0,63.0,0.3336057273809312
26.0,38.0,7.0,1.0,24.0,52.0,73.0,35.0,65.0,35.0,3.0,12.0,76.0,65.0,26.0,16.0,47.0,86.0,28.0,30.0,4.0,44.0,35.0,34.0,47.0,55.0,56.0,70.0,30.0,14.0,66.0,58.0,30.0,73.0,38.0,70.0,61.0,29.0,50.0,17.0,33.0,6.0,17.0,22.0,30.0,81.0,49.0,75.0,73.0,45.0,1.0,1,0.09280046261005126,F,4.5,0.0,1,0.09280046261005126,311.0,212.0,182.0,64.0,0.33002367407512095
49.0,22.0,11.0,13.0,69.0,33.0,22.0,85.0,59.0,22.0,9.0,71.0,22.0,75.0,38.0,24.0,66.0,33.0,56.0,54.0,26.0,79.0,80.0,87.0,79.0,49.0,20.0,53.0,38.0,68.0,62.0,33.0,23.0,24.0,32.0,74.0,9.0,21.0,48.0,22.0,58.0,58.0,47.0,10.0,37.0,38.0,36.0,42.0,31.0,33.0,7.0,1,0.09280046261005126,F,4.5,1.0,1,0.09280046261005126,312.0,213.0,182.0,64.0,0.33104395604395603
12.0,24.0,9.0,69.0,57.0,89.0,40.0,43.0,78.0,67.0,55.0,42.0,65.0,46.0,71.0,16.0,65.0,22.0,8.0,68.0,26.0,14.0,6.0,56.0,58.0,9.0,26.0,5.0,41.0,50.0,71.0,33.0,37.0,64.0,65.0,3.0,61.0,14.0,34.0,31.0,51.0,45.0,51.0,32.0,21.0,74.0,55.0,38.0,39.0,37.0,9.0,1,0.09280046261005126,F,4.5,1.0,1,0.09280046261005126,313.0,214.0,182.0,64.0,0.33205771863918826
7.0,77.0,2.0,85.0,75.0,29.0,54.0,25.0,10.0,52.0,47.0,30.0,2.0,45.0,16.0,24.0,35.0,44.0,4.0,49.0,35.0,76.0,46.0,106.0,60.0,74.0,12.0,33.0,58.0,61.0,61.0,19.0,43.0,59.0,54.0,46.0,52.0,1.0,1.0,35.0,58.0,59.0,81.0,41.0,4.0,32.0,55.0,69.0,46.0,12.0,12.0,0,0.09280046261005126,F,4.5,1.0,1,0.09280046261005126,314.0,214.0,182.0,64.0,0.32988031077203045
12.0,73.0,2.0,53.0,13.0,60.0,56.0,31.0,7.0,79.0,38.0,86.0,44.0,19.0,1.0,81.0,31.0,29.0,52.0,11.0,67.0,27.0,46.0,86.0,49.0,30.0,74.0,70.0,57.0,68.0,3.0,79.0,15.0,73.0,57.0,9.0,57.0,2.0,65.0,18.0,1.0,17.0,18.0,20.0,7.0,68.0,43.0,54.0,64.0,76.0,8.0,0,0.09280046261005126,F,4.5,1.0,1,0.09280046261005126,315.0,214.0,182.0,64.0,0.3277167277167277
53.0,54.0,3.0,77.0,2.0,56.0,12.0,62.0,72.0,59.0,83.0,22.0,76.0,30.0,51.0,63.0,55.0,75.0,50.0,25.0,67.0,14.0,48.0,46.0,79.0,81.0,78.0,9.0,54.0,41.0,68.0,14.0,96.0,65.0,21.0,1.0,24.0,70.0,25.0,23.0,22.0,10.0,38.0,51.0,82.0,18.0,14.0,75.0,38.0,22.0,6.0,1,0.09280046261005126,F,4.5,1.0,1,0.09280046261005126,316.0,215.0,182.0,64.0,0.3287313951870913
31.0,17.0,1.0,51.0,84.0,73.0,57.0,33.0,57.0,33.0,7.0,30.0,60.0,49.0,61.0,44.0,77.0,30.0,65.0,20.0,77.0,64.0,71.0,78.0,52.0,55.0,71.0,9.0,22.0,68.0,12.0,1.0,85.0,36.0,71.0,42.0,43.0,41.0,13.0,45.0,1.0,30.0,34.0,31.0,52.0,65.0,58.0,69.0,75.0,2.0,13.0,1,0.09280046261005126,F,4.5,1.0,1,0.09280046261005126,317.0,216.0,182.0,64.0,0.32973966096994484
40.0,14.0,10.0,44.0,5.0,44.0,13.0,41.0,37.0,24.0,83.0,79.0,57.0,32.0,34.0,84.0,55.0,38.0,18.0,73.0,63.0,42.0,69.0,6.0,85.0,28.0,44.0,46.0,2.0,63.0,68.0,51.0,86.0,46.0,68.0,28.0,4.0,65.0,20.0,18.0,64.0,12.0,20.0,39.0,57.0,68.0,61.0,4.0,38.0,50.0,13.0,1,0.09280046261005126,F,4.5,1.0,1,0.09280046261005126,318.0,217.0,182.0,64.0,0.3307415854585665
51.0,37.0,9.0,37.0,3.0,62.0,64.0,68.0,59.0,30.0,6.0,17.0,58.0,61.0,47.0,15.0,53.0,81.0,50.0,29.0,35.0,38.0,75.0,63.0,32.0,82.0,66.0,7.0,29.0,65.0,55.0,90.0,30.0,70.0,18.0,56.0,27.0,38.0,61.0,11.0,8.0,58.0,69.0,34.0,79.0,84.0,24.0,44.0,55.0,9.0,8.0,1,0.09280046261005126,F,4.5,1.0,1,0.09280046261005126,319.0,218.0,182.0,64.0,0.3317372282889524
31.0,75.0,1.0,37.0,20.0,37.0,25.0,3.0,61.0,87.0,41.0,58.0,32.0,11.0,7.0,64.0,14.0,66.0,41.0,79.0,63.0,9.0,83.0,59.0,28.0,24.0,64.0,18.0,72.0,34.0,72.0,48.0,8.0,11.0,43.0,70.0,64.0,10.0,36.0,27.0,1.0,39.0,55.0,67.0,27.0,42.0,42.0,75.0,84.0,56.0,1.0,1,0.09280046261005126,F,4.5,0.0,1,0.09280046261005126,319.0,218.0,183.0,65.0,0.328194323106703
42.0,10.0,11.0,64.0,30.0,24.0,80.0,73.0,68.0,71.0,84.0,86.0,6.0,74.0,56.0,69.0,65.0,98.0,56.0,64.0,20.0,49.0,1.0,88.0,78.0,88.0,26.0,41.0,57.0,45.0,10.0,11.0,99.0,22.0,9.0,75.0,16.0,38.0,38.0,50.0,18.0,32.0,4.0,17.0,23.0,62.0,52.0,45.0,1.0,69.0,13.0,1,0.09280046261005126,F,4.5,1.0,1,0.09280046261005126,320.0,219.0,183.0,65.0,0.32918374316939886
75.0,51.0,1.0,3.0,70.0,75.0,32.0,24.0,59.0,84.0,53.0,23.0,76.0,17.0,68.0,12.0,56.0,42.0,20.0,97.0,18.0,74.0,80.0,87.0,30.0,28.0,32.0,22.0,35.0,31.0,34.0,51.0,73.0,64.0,19.0,87.0,16.0,35.0,37.0,75.0,41.0,36.0,60.0,57.0,34.0,77.0,36.0,63.0,36.0,82.0,1.0,1,0.09280046261005126,F,4.5,0.0,1,0.09280046261005126,320.0,219.0,184.0,66.0,0.32567934782608693
84.0,77.0,9.0,49.0,71.0,89.0,54.0,41.0,76.0,31.0,47.0,45.0,68.0,58.0,49.0,22.0,10.0,42.0,54.0,51.0,51.0,14.0,37.0,46.0,89.0,41.0,42.0,25.0,73.0,43.0,34.0,92.0,15.0,22.0,65.0,6.0,79.0,37.0,43.0,68.0,1.0,70.0,31.0,31.0,8.0,29.0,64.0,50.0,17.0,64.0,8.0,0,0.09280046261005126,F,4.5,1.0,1,0.09280046261005126,321.0,219.0,184.0,66.0,0.32354733848029255
57.0,54.0,1.0,82.0,61.0,37.0,6.0,5.0,32.0,50.0,22.0,73.0,77.0,11.0,72.0,20.0,75.0,60.0,50.0,54.0,1.0,63.0,1.0,78.0,68.0,9.0,74.0,9.0,47.0,10.0,77.0,68.0,19.0,15.0,45.0,87.0,83.0,78.0,61.0,81.0,39.0,6.0,78.0,11.0,79.0,28.0,63.0,44.0,1.0,5.0,9.0,0,0.09280046261005126,F,4.5,1.0,1,0.09280046261005126,322.0,219.0,184.0,66.0,0.32142857142857145
67.0,66.0,5.0,49.0,73.0,1.0,62.0,19.0,57.0,6.0,48.0,13.0,3.0,27.0,23.0,6.0,65.0,36.0,56.0,40.0,30.0,18.0,67.0,101.0,47.0,47.0,1.0,39.0,14.0,45.0,34.0,63.0,14.0,29.0,65.0,87.0,1.0,9.0,22.0,56.0,23.0,15.0,15.0,17.0,54.0,42.0,39.0,35.0,1.0,17.0,13.0,1,0.09280046261005126,F,4.5,1.0,1,0.09280046261005126,323.0,220.0,184.0,66.0,0.3224188989096783
28.0,35.0,11.0,25.0,23.0,31.0,3.0,88.0,28.0,69.0,11.0,84.0,43.0,37.0,25.0,6.0,20.0,69.0,56.0,30.0,73.0,59.0,67.0,52.0,28.0,63.0,47.0,1.0,47.0,47.0,36.0,34.0,19.0,70.0,4.0,48.0,7.0,62.0,47.0,69.0,38.0,11.0,82.0,12.0,10.0,84.0,48.0,73.0,16.0,33.0,3.0,1,0.09280046261005126,F,4.5,0.0,1,0.09280046261005126,323.0,220.0,185.0,67.0,0.31895238892142913
72.0,43.0,11.0,87.0,3.0,20.0,11.0,33.0,72.0,3.0,48.0,14.0,10.0,11.0,29.0,20.0,34.0,48.0,56.0,24.0,22.0,59.0,79.0,77.0,18.0,35.0,74.0,25.0,10.0,45.0,71.0,76.0,14.0,52.0,33.0,52.0,7.0,69.0,42.0,38.0,44.0,10.0,13.0,3.0,73.0,39.0,7.0,72.0,45.0,47.0,13.0,1,0.09280046261005126,F,4.5,1.0,1,0.09280046261005126,324.0,221.0,185.0,67.0,0.3199366032699366
14.0,75.0,6.0,7.0,71.0,32.0,41.0,41.0,59.0,31.0,24.0,51.0,12.0,6.0,17.0,78.0,65.0,94.0,48.0,42.0,9.0,44.0,48.0,21.0,81.0,3.0,76.0,70.0,31.0,15.0,49.0,48.0,52.0,36.0,50.0,82.0,61.0,10.0,46.0,36.0,49.0,53.0,31.0,63.0,56.0,69.0,55.0,44.0,83.0,11.0,5.0,0,0.09280046261005126,F,4.5,1.0,1,0.09280046261005126,325.0,221.0,185.0,67.0,0.31783783783783787
1.0,26.0,11.0,35.0,39.0,33.0,65.0,79.0,69.0,3.0,48.0,68.0,76.0,52.0,34.0,33.0,77.0,31.0,45.0,21.0,94.0,64.0,67.0,2.0,20.0,49.0,33.0,25.0,57.0,50.0,79.0,88.0,97.0,64.0,2.0,44.0,9.0,37.0,56.0,60.0,1.0,22.0,18.0,4.0,27.0,46.0,47.0,78.0,81.0,43.0,1.0,1,0.09280046261005126,F,4.5,0.0,1,0.09280046261005126,325.0,221.0,186.0,68.0,0.3144086021505377
42.0,13.0,3.0,87.0,15.0,42.0,48.0,29.0,59.0,31.0,47.0,33.0,31.0,51.0,38.0,79.0,35.0,79.0,50.0,5.0,54.0,29.0,11.0,84.0,89.0,58.0,1.0,47.0,33.0,30.0,36.0,34.0,22.0,73.0,26.0,89.0,37.0,35.0,49.0,29.0,8.0,1.0,47.0,10.0,25.0,26.0,46.0,75.0,50.0,9.0,3.0,0,0.09280046261005126,F,4.5,0.0,1,0.09280046261005126,325.0,221.0,187.0,68.0,0.3163636363636364
85.0,54.0,1.0,49.0,78.0,11.0,40.0,43.0,59.0,84.0,41.0,56.0,32.0,21.0,16.0,73.0,67.0,42.0,4.0,13.0,77.0,24.0,35.0,11.0,33.0,17.0,56.0,3.0,58.0,59.0,49.0,92.0,51.0,48.0,44.0,66.0,3.0,60.0,24.0,80.0,49.0,32.0,8.0,63.0,12.0,82.0,33.0,58.0,16.0,5.0,2.0,1,0.09280046261005126,F,4.5,0.0,1,0.09280046261005126,325.0,221.0,188.0,69.0,0.31297872340425537
45.0,75.0,1.0,68.0,84.0,37.0,7.0,73.0,61.0,3.0,52.0,12.0,48.0,21.0,7.0,18.0,53.0,78.0,58.0,75.0,6.0,79.0,21.0,29.0,53.0,6.0,43.0,7.0,77.0,26.0,44.0,11.0,60.0,72.0,46.0,13.0,35.0,52.0,58.0,2.0,67.0,54.0,4.0,15.0,62.0,69.0,5.0,44.0,74.0,39.0,9.0,1,0.09280046261005126,F,4.5,1.0,1,0.09280046261005126,326.0,222.0,188.0,69.0,0.3139603184962798
1.0,36.0,1.0,4.0,40.0,96.0,15.0,63.0,71.0,34.0,5.0,68.0,71.0,61.0,56.0,9.0,8.0,81.0,28.0,28.0,4.0,24.0,77.0,80.0,34.0,41.0,1.0,33.0,57.0,37.0,65.0,90.0,3.0,44.0,65.0,23.0,3.0,10.0,22.0,74.0,49.0,54.0,80.0,27.0,4.0,59.0,58.0,73.0,22.0,61.0,5.0,0,0.09280046261005126,F,4.5,1.0,1,0.09280046261005126,327.0,222.0,188.0,69.0,0.3118778059730627
21.0,37.0,9.0,73.0,13.0,6.0,15.0,6.0,38.0,47.0,3.0,10.0,20.0,41.0,26.0,2.0,12.0,86.0,58.0,28.0,43.0,56.0,80.0,87.0,21.0,82.0,74.0,57.0,57.0,68.0,8.0,45.0,37.0,58.0,23.0,9.0,82.0,85.0,41.0,18.0,1.0,9.0,25.0,3.0,34.0,82.0,16.0,75.0,71.0,33.0,9.0,1,0.09280046261005126,F,4.5,1.0,1,0.09280046261005126,328.0,223.0,188.0,69.0,0.31285677218474317
25.0,25.0,8.0,53.0,28.0,89.0,11.0,12.0,38.0,72.0,5.0,86.0,70.0,50.0,79.0,29.0,33.0,82.0,56.0,102.0,33.0,69.0,79.0,50.0,74.0,6.0,14.0,5.0,42.0,45.0,8.0,86.0,3.0,41.0,48.0,3.0,81.0,81.0,48.0,67.0,42.0,36.0,41.0,17.0,75.0,16.0,35.0,39.0,48.0,33.0,13.0,0,0.09280046261005126,F,4.5,1.0,1,0.09280046261005126,329.0,223.0,188.0,69.0,0.310790273556231
50.0,2.0,7.0,34.0,15.0,86.0,20.0,7.0,22.0,60.0,22.0,86.0,63.0,11.0,47.0,50.0,70.0,36.0,50.0,34.0,16.0,18.0,21.0,94.0,28.0,45.0,12.0,22.0,34.0,34.0,13.0,43.0,12.0,69.0,26.0,3.0,37.0,43.0,37.0,38.0,39.0,3.0,8.0,15.0,75.0,62.0,7.0,42.0,50.0,30.0,2.0,1,0.09280046261005126,F,4.5,0.0,1,0.09280046261005126,329.0,223.0,189.0,70.0,0.30744117978160534
65.0,10.0,11.0,27.0,28.0,13.0,15.0,35.0,68.0,29.0,37.0,13.0,63.0,27.0,23.0,73.0,30.0,57.0,39.0,82.0,92.0,19.0,37.0,7.0,61.0,23.0,1.0,1.0,19.0,64.0,15.0,58.0,6.0,64.0,65.0,46.0,56.0,43.0,13.0,17.0,49.0,58.0,24.0,11.0,42.0,21.0,46.0,63.0,60.0,59.0,1.0,1,0.09280046261005126,F,4.5,0.0,1,0.09280046261005126,329.0,223.0,190.0,71.0,0.3041273396256599
60.0,32.0,5.0,44.0,33.0,73.0,90.0,9.0,20.0,3.0,24.0,73.0,76.0,1.0,7.0,39.0,24.0,86.0,41.0,50.0,21.0,42.0,35.0,35.0,1.0,32.0,38.0,53.0,55.0,61.0,3.0,11.0,43.0,7.0,16.0,46.0,59.0,21.0,65.0,22.0,52.0,22.0,39.0,30.0,31.0,63.0,58.0,37.0,73.0,81.0,9.0,1,0.09280046261005126,F,4.5,1.0,1,0.09280046261005126,330.0,224.0,190.0,71.0,0.30510366826156304
28.0,75.0,4.0,7.0,31.0,33.0,57.0,58.0,26.0,72.0,58.0,25.0,65.0,22.0,35.0,19.0,47.0,76.0,69.0,46.0,9.0,79.0,69.0,93.0,39.0,77.0,56.0,56.0,1.0,32.0,72.0,42.0,94.0,73.0,33.0,65.0,24.0,43.0,58.0,48.0,35.0,11.0,35.0,31.0,80.0,28.0,15.0,3.0,84.0,29.0,1.0,0,0.09280046261005126,F,4.5,0.0,1,0.09280046261005126,330.0,224.0,191.0,71.0,0.30706013009677935
35.0,50.0,1.0,35.0,67.0,11.0,84.0,79.0,76.0,33.0,74.0,82.0,74.0,7.0,26.0,79.0,77.0,8.0,63.0,4.0,26.0,59.0,20.0,27.0,30.0,82.0,8.0,9.0,75.0,20.0,79.0,57.0,12.0,62.0,23.0,46.0,69.0,6.0,62.0,87.0,1.0,32.0,32.0,60.0,86.0,81.0,54.0,75.0,64.0,33.0,1.0,1,0.09280046261005126,F,4.5,0.0,1,0.09280046261005126,330.0,224.0,192.0,72.0,0.30378787878787883
41.0,26.0,5.0,27.0,55.0,33.0,77.0,14.0,19.0,56.0,82.0,84.0,50.0,54.0,66.0,47.0,18.0,80.0,67.0,48.0,37.0,46.0,64.0,43.0,2.0,49.0,40.0,27.0,69.0,57.0,34.0,82.0,61.0,66.0,65.0,44.0,12.0,44.0,60.0,27.0,58.0,17.0,12.0,27.0,17.0,8.0,18.0,75.0,81.0,38.0,1.0,1,0.09280046261005126,F,4.5,0.0,1,0.09280046261005126,330.0,224.0,193.0,73.0,0.3005495368189669
63.0,29.0,1.0,72.0,2.0,28.0,37.0,64.0,65.0,81.0,30.0,74.0,16.0,41.0,47.0,26.0,68.0,22.0,41.0,30.0,51.0,14.0,51.0,62.0,36.0,59.0,8.0,70.0,60.0,55.0,55.0,58.0,11.0,56.0,7.0,28.0,45.0,82.0,47.0,7.0,50.0,33.0,30.0,17.0,20.0,46.0,5.0,4.0,78.0,30.0,6.0,1,0.09280046261005126,F,4.5,1.0,1,0.09280046261005126,331.0,225.0,193.0,73.0,0.30151996618818777
56.0,10.0,11.0,77.0,84.0,37.0,22.0,71.0,5.0,72.0,9.0,88.0,18.0,46.0,62.0,22.0,38.0,82.0,53.0,91.0,83.0,64.0,1.0,68.0,85.0,9.0,1.0,1.0,14.0,47.0,41.0,82.0,81.0,11.0,7.0,44.0,59.0,45.0,56.0,50.0,8.0,49.0,81.0,67.0,21.0,85.0,18.0,70.0,20.0,64.0,13.0,1,0.09280046261005126,F,4.5,1.0,1,0.09280046261005126,332.0,226.0,193.0,73.0,0.30248454959735316
4.0,74.0,36.0,28.0,39.0,44.0,80.0,77.0,37.0,86.0,47.0,15.0,65.0,19.0,53.0,14.0,30.0,98.0,28.0,95.0,81.0,38.0,79.0,103.0,73.0,41.0,59.0,52.0,12.0,68.0,54.0,79.0,22.0,31.0,68.0,33.0,5.0,37.0,24.0,10.0,49.0,22.0,39.0,15.0,41.0,72.0,55.0,69.0,16.0,21.0,13.0,0,0.05935597539636883,F,4.5,1.0,3,0.05935597539636883,333.0,226.0,193.0,73.0,0.3004403367097668
41.0,36.0,61.0,75.0,83.0,16.0,64.0,38.0,60.0,58.0,3.0,88.0,43.0,55.0,30.0,44.0,71.0,96.0,75.0,78.0,14.0,44.0,3.0,87.0,60.0,25.0,58.0,25.0,14.0,14.0,34.0,29.0,49.0,15.0,23.0,21.0,39.0,28.0,41.0,34.0,39.0,73.0,4.0,76.0,73.0,68.0,55.0,25.0,76.0,66.0,8.0,0,0.05935597539636883,F,4.5,1.0,3,0.05935597539636883,334.0,226.0,193.0,73.0,0.2984083646179144
81.0,87.0,40.0,64.0,84.0,6.0,28.0,51.0,61.0,60.0,3.0,75.0,65.0,70.0,36.0,16.0,79.0,57.0,13.0,102.0,47.0,22.0,20.0,67.0,81.0,67.0,16.0,11.0,14.0,71.0,26.0,26.0,14.0,1.0,54.0,88.0,80.0,82.0,38.0,62.0,62.0,36.0,43.0,15.0,66.0,46.0,20.0,84.0,67.0,24.0,1.0,1,0.05935597539636883,F,4.5,0.0,3,0.05935597539636883,334.0,226.0,194.0,74.0,0.2952034076177542
58.0,83.0,101.0,10.0,10.0,31.0,70.0,84.0,71.0,6.0,61.0,86.0,8.0,65.0,60.0,18.0,79.0,29.0,52.0,2.0,51.0,57.0,35.0,62.0,52.0,11.0,28.0,56.0,5.0,57.0,3.0,92.0,74.0,78.0,54.0,38.0,10.0,43.0,56.0,3.0,17.0,4.0,31.0,31.0,12.0,32.0,3.0,37.0,84.0,45.0,6.0,0,0.05935597539636883,F,4.5,1.0,3,0.05935597539636883,335.0,226.0,194.0,74.0,0.2931835667025696
84.0,25.0,20.0,33.0,5.0,18.0,31.0,84.0,79.0,50.0,3.0,62.0,67.0,63.0,59.0,56.0,34.0,19.0,46.0,44.0,62.0,67.0,2.0,73.0,53.0,91.0,62.0,55.0,9.0,11.0,49.0,31.0,50.0,62.0,65.0,50.0,38.0,37.0,24.0,44.0,49.0,25.0,48.0,8.0,44.0,88.0,58.0,42.0,80.0,74.0,13.0,0,0.05935597539636883,F,4.5,1.0,3,0.05935597539636883,336.0,226.0,194.0,74.0,0.29117574864997553
79.0,29.0,65.0,3.0,3.0,93.0,84.0,24.0,59.0,50.0,56.0,6.0,27.0,55.0,4.0,61.0,12.0,28.0,39.0,30.0,61.0,65.0,72.0,72.0,75.0,23.0,1.0,67.0,10.0,26.0,34.0,36.0,35.0,49.0,32.0,62.0,71.0,10.0,61.0,19.0,48.0,3.0,44.0,81.0,81.0,68.0,61.0,28.0,30.0,57.0,13.0,1,0.05935597539636883,F,4.5,1.0,3,0.05935597539636883,337.0,227.0,194.0,74.0,0.2921472054819665
85.0,20.0,84.0,11.0,75.0,33.0,55.0,8.0,26.0,79.0,41.0,14.0,32.0,40.0,79.0,34.0,30.0,22.0,62.0,102.0,51.0,9.0,16.0,65.0,79.0,19.0,54.0,59.0,4.0,16.0,72.0,86.0,13.0,1.0,2.0,48.0,69.0,35.0,54.0,18.0,52.0,51.0,39.0,6.0,34.0,82.0,68.0,4.0,52.0,59.0,11.0,1,0.05935597539636883,F,4.5,1.0,3,0.05935597539636883,338.0,228.0,194.0,74.0,0.29311291404867934
31.0,60.0,38.0,43.0,57.0,75.0,30.0,93.0,59.0,77.0,61.0,81.0,16.0,71.0,21.0,70.0,34.0,69.0,24.0,28.0,35.0,28.0,65.0,88.0,28.0,91.0,53.0,18.0,10.0,68.0,49.0,90.0,79.0,57.0,42.0,11.0,21.0,10.0,48.0,22.0,27.0,53.0,12.0,14.0,69.0,82.0,17.0,65.0,5.0,5.0,1.0,0,0.05935597539636883,F,4.5,0.0,3,0.05935597539636883,338.0,228.0,195.0,74.0,0.295069033530572
31.0,8.0,70.0,44.0,75.0,43.0,13.0,10.0,59.0,83.0,53.0,58.0,11.0,24.0,52.0,16.0,30.0,17.0,11.0,16.0,27.0,5.0,65.0,106.0,23.0,9.0,60.0,25.0,1.0,32.0,70.0,90.0,1.0,61.0,6.0,33.0,65.0,37.0,18.0,67.0,62.0,72.0,37.0,41.0,42.0,4.0,29.0,45.0,56.0,2.0,13.0,1,0.05935597539636883,F,4.5,1.0,3,0.05935597539636883,339.0,229.0,195.0,74.0,0.29602904470161107
43.0,53.0,55.0,49.0,25.0,62.0,38.0,91.0,61.0,47.0,38.0,1.0,72.0,61.0,26.0,61.0,12.0,98.0,50.0,65.0,23.0,67.0,5.0,59.0,56.0,41.0,5.0,45.0,14.0,57.0,32.0,48.0,99.0,64.0,48.0,44.0,18.0,5.0,13.0,5.0,23.0,17.0,80.0,45.0,28.0,36.0,44.0,71.0,60.0,46.0,13.0,0,0.05935597539636883,F,4.5,1.0,3,0.05935597539636883,340.0,229.0,195.0,74.0,0.29404223227752646
40.0,70.0,34.0,7.0,44.0,11.0,9.0,84.0,66.0,39.0,54.0,15.0,6.0,11.0,71.0,63.0,22.0,82.0,50.0,30.0,63.0,10.0,5.0,68.0,71.0,68.0,58.0,17.0,10.0,43.0,1.0,66.0,49.0,61.0,58.0,87.0,5.0,41.0,56.0,18.0,66.0,9.0,81.0,62.0,30.0,32.0,51.0,75.0,14.0,72.0,9.0,0,0.05935597539636883,F,4.5,1.0,3,0.05935597539636883,341.0,229.0,195.0,74.0,0.292067072712234
24.0,36.0,84.0,27.0,23.0,44.0,15.0,58.0,40.0,33.0,77.0,36.0,6.0,46.0,7.0,59.0,6.0,98.0,50.0,24.0,6.0,57.0,56.0,87.0,30.0,26.0,52.0,33.0,14.0,26.0,52.0,90.0,12.0,19.0,9.0,18.0,52.0,35.0,61.0,64.0,42.0,38.0,47.0,11.0,17.0,68.0,61.0,63.0,22.0,82.0,1.0,1,0.05935597539636883,F,4.5,0.0,3,0.05935597539636883,341.0,229.0,196.0,75.0,0.28890119097492367
31.0,32.0,64.0,29.0,20.0,96.0,64.0,84.0,55.0,81.0,12.0,26.0,6.0,37.0,71.0,13.0,10.0,72.0,3.0,67.0,25.0,18.0,43.0,63.0,39.0,26.0,13.0,70.0,13.0,28.0,41.0,74.0,59.0,66.0,18.0,50.0,5.0,46.0,20.0,72.0,49.0,22.0,49.0,43.0,35.0,53.0,7.0,29.0,59.0,24.0,3.0,1,0.05935597539636883,F,4.5,0.0,3,0.05935597539636883,341.0,229.0,197.0,76.0,0.2857674501689566
69.0,65.0,99.0,66.0,70.0,35.0,82.0,33.0,34.0,77.0,20.0,32.0,72.0,53.0,29.0,33.0,30.0,36.0,39.0,89.0,39.0,46.0,11.0,78.0,18.0,76.0,34.0,53.0,14.0,26.0,5.0,64.0,15.0,9.0,6.0,21.0,7.0,21.0,43.0,54.0,24.0,39.0,12.0,21.0,58.0,32.0,63.0,1.0,78.0,59.0,5.0,1,0.05935597539636883,F,4.5,1.0,3,0.05935597539636883,342.0,230.0,197.0,76.0,0.2867278178525841
81.0,54.0,61.0,75.0,75.0,6.0,6.0,44.0,68.0,13.0,79.0,3.0,76.0,26.0,71.0,59.0,55.0,15.0,73.0,59.0,60.0,18.0,67.0,67.0,83.0,92.0,74.0,5.0,4.0,26.0,1.0,92.0,79.0,65.0,54.0,70.0,16.0,2.0,48.0,88.0,31.0,16.0,23.0,25.0,78.0,67.0,66.0,75.0,54.0,10.0,1.0,0,0.05935597539636883,F,4.5,0.0,3,0.05935597539636883,342.0,230.0,198.0,76.0,0.28867623604465714
28.0,36.0,81.0,51.0,79.0,13.0,5.0,21.0,34.0,29.0,2.0,15.0,32.0,46.0,79.0,54.0,35.0,15.0,24.0,52.0,67.0,88.0,21.0,106.0,30.0,41.0,32.0,21.0,4.0,64.0,30.0,30.0,27.0,29.0,63.0,41.0,37.0,12.0,54.0,70.0,69.0,38.0,8.0,24.0,28.0,58.0,9.0,69.0,75.0,45.0,1.0,0,0.05935597539636883,F,4.5,0.0,3,0.05935597539636883,342.0,230.0,199.0,76.0,0.2906050721443475
29.0,54.0,61.0,54.0,3.0,52.0,63.0,66.0,39.0,81.0,9.0,9.0,24.0,19.0,18.0,77.0,43.0,83.0,16.0,30.0,63.0,59.0,10.0,101.0,71.0,9.0,1.0,16.0,7.0,36.0,34.0,79.0,91.0,3.0,58.0,1.0,5.0,56.0,56.0,80.0,8.0,39.0,26.0,34.0,86.0,68.0,68.0,63.0,73.0,22.0,3.0,1,0.05935597539636883,F,4.5,0.0,3,0.05935597539636883,342.0,230.0,200.0,77.0,0.28751461988304094
56.0,4.0,42.0,49.0,80.0,44.0,17.0,43.0,78.0,2.0,79.0,7.0,56.0,35.0,31.0,8.0,34.0,8.0,49.0,55.0,44.0,68.0,26.0,84.0,3.0,89.0,22.0,70.0,11.0,6.0,34.0,35.0,83.0,9.0,23.0,92.0,16.0,46.0,6.0,22.0,58.0,6.0,12.0,67.0,21.0,57.0,29.0,64.0,33.0,45.0,2.0,1,0.05935597539636883,F,4.5,0.0,3,0.05935597539636883,342.0,230.0,201.0,78.0,0.28445491839050363
4.0,7.0,45.0,7.0,75.0,52.0,82.0,92.0,59.0,29.0,3.0,52.0,56.0,57.0,16.0,35.0,71.0,36.0,28.0,91.0,79.0,28.0,47.0,78.0,54.0,44.0,78.0,36.0,14.0,30.0,65.0,34.0,39.0,58.0,47.0,37.0,72.0,21.0,48.0,84.0,6.0,22.0,8.0,8.0,75.0,21.0,37.0,69.0,42.0,48.0,4.0,0,0.05935597539636883,F,4.5,0.0,3,0.05935597539636883,342.0,230.0,202.0,78.0,0.2863760060216548
7.0,77.0,70.0,78.0,55.0,94.0,68.0,64.0,34.0,8.0,38.0,20.0,67.0,7.0,26.0,35.0,53.0,60.0,61.0,102.0,3.0,24.0,6.0,68.0,50.0,63.0,78.0,49.0,8.0,8.0,20.0,18.0,85.0,23.0,16.0,7.0,7.0,8.0,48.0,84.0,33.0,71.0,34.0,20.0,12.0,58.0,55.0,17.0,84.0,58.0,1.0,0,0.05935597539636883,F,4.5,0.0,3,0.05935597539636883,342.0,230.0,203.0,78.0,0.28827816668107054
25.0,36.0,13.0,62.0,14.0,36.0,57.0,73.0,76.0,29.0,13.0,9.0,11.0,58.0,18.0,71.0,46.0,69.0,28.0,77.0,26.0,82.0,18.0,59.0,85.0,23.0,67.0,45.0,14.0,63.0,57.0,92.0,9.0,52.0,47.0,87.0,45.0,2.0,55.0,70.0,49.0,40.0,34.0,17.0,25.0,32.0,56.0,49.0,27.0,17.0,9.0,1,0.05935597539636883,F,4.5,1.0,3,0.05935597539636883,343.0,231.0,203.0,78.0,0.2892329345531316
4.0,22.0,98.0,85.0,75.0,75.0,22.0,78.0,26.0,33.0,16.0,82.0,76.0,46.0,2.0,63.0,71.0,33.0,67.0,44.0,26.0,2.0,57.0,68.0,58.0,59.0,20.0,70.0,16.0,10.0,71.0,82.0,90.0,3.0,16.0,21.0,72.0,37.0,50.0,43.0,59.0,62.0,26.0,60.0,28.0,16.0,38.0,64.0,10.0,9.0,9.0,0,0.05935597539636883,F,4.5,1.0,3,0.05935597539636883,344.0,231.0,203.0,78.0,0.2872751747050063
66.0,86.0,29.0,74.0,57.0,60.0,22.0,85.0,28.0,79.0,60.0,86.0,27.0,53.0,46.0,22.0,65.0,29.0,65.0,62.0,26.0,62.0,79.0,59.0,60.0,68.0,71.0,13.0,14.0,34.0,61.0,71.0,57.0,5.0,48.0,24.0,78.0,66.0,37.0,54.0,33.0,39.0,8.0,47.0,10.0,11.0,5.0,75.0,71.0,24.0,1.0,0,0.05935597539636883,F,4.5,0.0,3,0.05935597539636883,344.0,231.0,204.0,78.0,0.28915868673050615
7.0,54.0,49.0,7.0,48.0,27.0,11.0,33.0,72.0,62.0,47.0,84.0,3.0,27.0,62.0,90.0,75.0,69.0,26.0,102.0,63.0,10.0,1.0,63.0,7.0,17.0,48.0,56.0,10.0,34.0,53.0,34.0,21.0,46.0,23.0,50.0,52.0,19.0,65.0,66.0,7.0,58.0,83.0,43.0,86.0,54.0,66.0,60.0,75.0,79.0,9.0,0,0.05935597539636883,F,4.5,1.0,3,0.05935597539636883,345.0,231.0,204.0,78.0,0.2872122762148338
75.0,17.0,43.0,49.0,24.0,75.0,11.0,11.0,35.0,39.0,12.0,54.0,71.0,63.0,48.0,79.0,60.0,98.0,28.0,28.0,63.0,79.0,75.0,87.0,30.0,37.0,78.0,20.0,12.0,26.0,15.0,92.0,75.0,73.0,65.0,39.0,65.0,36.0,43.0,62.0,16.0,74.0,7.0,68.0,6.0,2.0,58.0,75.0,69.0,58.0,5.0,1,0.05935597539636883,F,4.5,1.0,3,0.05935597539636883,346.0,232.0,204.0,78.0,0.28816729003740227
81.0,8.0,19.0,70.0,61.0,30.0,29.0,6.0,74.0,54.0,9.0,90.0,40.0,63.0,68.0,46.0,35.0,46.0,50.0,47.0,57.0,12.0,45.0,84.0,34.0,28.0,32.0,49.0,15.0,10.0,17.0,79.0,12.0,1.0,47.0,46.0,38.0,2.0,41.0,43.0,30.0,45.0,9.0,3.0,55.0,10.0,32.0,48.0,41.0,79.0,1.0,1,0.05935597539636883,F,4.5,0.0,3,0.05935597539636883,346.0,232.0,205.0,79.0,0.28515437755533624
57.0,26.0,57.0,35.0,20.0,13.0,65.0,73.0,40.0,64.0,85.0,77.0,74.0,10.0,56.0,2.0,41.0,3.0,30.0,30.0,68.0,18.0,48.0,103.0,85.0,3.0,32.0,39.0,13.0,36.0,40.0,58.0,53.0,14.0,54.0,74.0,71.0,67.0,32.0,74.0,44.0,36.0,81.0,25.0,84.0,70.0,7.0,60.0,82.0,13.0,1.0,1,0.05935597539636883,F,4.5,0.0,3,0.05935597539636883,346.0,232.0,206.0,80.0,0.28217071665076604
12.0,26.0,14.0,87.0,79.0,40.0,78.0,90.0,59.0,28.0,47.0,66.0,43.0,4.0,34.0,49.0,21.0,8.0,23.0,21.0,54.0,9.0,21.0,78.0,88.0,13.0,18.0,25.0,6.0,26.0,57.0,51.0,14.0,36.0,65.0,3.0,12.0,51.0,2.0,30.0,18.0,78.0,8.0,80.0,69.0,58.0,5.0,69.0,50.0,1.0,1.0,0,0.05935597539636883,F,4.5,0.0,3,0.05935597539636883,346.0,232.0,207.0,80.0,0.284046801262182
1.0,77.0,28.0,31.0,13.0,63.0,61.0,36.0,21.0,83.0,61.0,63.0,48.0,27.0,54.0,53.0,73.0,18.0,24.0,67.0,63.0,61.0,2.0,62.0,53.0,41.0,74.0,25.0,14.0,45.0,79.0,11.0,89.0,35.0,43.0,41.0,45.0,35.0,61.0,69.0,49.0,5.0,5.0,69.0,79.0,8.0,40.0,44.0,17.0,76.0,5.0,1,0.05935597539636883,F,4.5,1.0,3,0.05935597539636883,347.0,233.0,207.0,80.0,0.28499631068231496
3.0,4.0,56.0,16.0,5.0,72.0,89.0,79.0,57.0,47.0,47.0,31.0,16.0,52.0,62.0,50.0,47.0,82.0,45.0,68.0,22.0,2.0,6.0,93.0,67.0,21.0,74.0,53.0,5.0,43.0,57.0,2.0,11.0,3.0,50.0,66.0,75.0,2.0,22.0,5.0,54.0,54.0,23.0,25.0,49.0,57.0,20.0,63.0,67.0,56.0,13.0,1,0.05935597539636883,F,4.5,1.0,3,0.05935597539636883,348.0,234.0,207.0,80.0,0.28594036315175747
21.0,65.0,14.0,3.0,57.0,86.0,78.0,66.0,12.0,68.0,12.0,68.0,32.0,1.0,35.0,15.0,50.0,88.0,67.0,102.0,67.0,42.0,21.0,90.0,92.0,51.0,32.0,56.0,14.0,36.0,68.0,43.0,39.0,50.0,43.0,87.0,22.0,68.0,13.0,30.0,58.0,52.0,41.0,75.0,30.0,68.0,9.0,64.0,37.0,45.0,9.0,1,0.05935597539636883,F,4.5,1.0,3,0.05935597539636883,349.0,235.0,207.0,80.0,0.28687900557839513
42.0,74.0,27.0,78.0,20.0,8.0,42.0,25.0,30.0,37.0,32.0,54.0,29.0,11.0,69.0,81.0,52.0,52.0,8.0,81.0,91.0,75.0,54.0,60.0,7.0,73.0,22.0,13.0,12.0,52.0,34.0,58.0,19.0,10.0,4.0,87.0,67.0,30.0,37.0,78.0,45.0,39.0,47.0,61.0,57.0,87.0,20.0,59.0,67.0,45.0,2.0,0,0.05935597539636883,F,4.5,0.0,3,0.05935597539636883,349.0,235.0,208.0,80.0,0.2887370509147013
45.0,75.0,91.0,9.0,80.0,49.0,52.0,75.0,59.0,76.0,38.0,56.0,32.0,50.0,16.0,86.0,35.0,59.0,50.0,13.0,58.0,14.0,40.0,78.0,73.0,75.0,74.0,25.0,11.0,8.0,72.0,53.0,73.0,22.0,72.0,58.0,83.0,55.0,24.0,22.0,42.0,20.0,75.0,34.0,54.0,82.0,46.0,49.0,22.0,81.0,9.0,1,0.05935597539636883,F,4.5,1.0,3,0.05935597539636883,350.0,236.0,208.0,80.0,0.28967032967032963
48.0,75.0,94.0,12.0,33.0,28.0,57.0,3.0,21.0,42.0,30.0,65.0,72.0,58.0,68.0,26.0,70.0,1.0,3.0,54.0,55.0,68.0,41.0,82.0,53.0,7.0,58.0,1.0,81.0,26.0,4.0,31.0,97.0,34.0,7.0,91.0,53.0,10.0,51.0,83.0,2.0,62.0,14.0,81.0,84.0,30.0,66.0,46.0,71.0,13.0,13.0,1,-0.049949041813980966,F,7.5,0.0,7,0.049949041813980966,350.0,236.0,209.0,81.0,0.28672590567327405
28.0,54.0,22.0,27.0,75.0,11.0,65.0,25.0,35.0,47.0,11.0,62.0,10.0,63.0,34.0,7.0,47.0,69.0,41.0,21.0,62.0,10.0,10.0,59.0,30.0,47.0,5.0,23.0,77.0,52.0,34.0,79.0,95.0,5.0,48.0,7.0,71.0,74.0,18.0,67.0,33.0,62.0,45.0,26.0,61.0,48.0,13.0,75.0,84.0,37.0,3.0,0,-0.049949041813980966,F,7.5,1.0,7,0.049949041813980966,351.0,236.0,209.0,81.0,0.28480486375223213
42.0,85.0,99.0,82.0,47.0,52.0,52.0,64.0,41.0,71.0,38.0,20.0,35.0,37.0,41.0,62.0,67.0,22.0,35.0,9.0,65.0,42.0,29.0,87.0,45.0,70.0,60.0,11.0,81.0,57.0,16.0,8.0,91.0,3.0,54.0,88.0,52.0,67.0,26.0,22.0,52.0,16.0,38.0,34.0,72.0,68.0,25.0,42.0,46.0,79.0,6.0,1,-0.049949041813980966,F,7.5,1.0,7,0.049949041813980966,352.0,237.0,209.0,81.0,0.28573564593301437
40.0,81.0,62.0,21.0,35.0,38.0,82.0,9.0,20.0,65.0,29.0,57.0,67.0,52.0,48.0,41.0,36.0,8.0,39.0,13.0,51.0,82.0,46.0,106.0,92.0,23.0,33.0,29.0,70.0,61.0,34.0,84.0,93.0,82.0,32.0,74.0,71.0,8.0,22.0,45.0,65.0,28.0,20.0,73.0,76.0,44.0,46.0,42.0,37.0,23.0,11.0,1,-0.049949041813980966,F,7.5,0.0,7,0.049949041813980966,352.0,237.0,210.0,82.0,0.2828192640692641
21.0,67.0,57.0,70.0,3.0,37.0,3.0,84.0,7.0,70.0,38.0,3.0,62.0,49.0,62.0,45.0,48.0,36.0,43.0,46.0,28.0,10.0,75.0,93.0,73.0,94.0,78.0,26.0,20.0,20.0,13.0,56.0,90.0,35.0,49.0,82.0,50.0,83.0,35.0,37.0,19.0,73.0,18.0,25.0,36.0,25.0,18.0,75.0,17.0,72.0,6.0,0,-0.049949041813980966,F,7.5,1.0,7,0.049949041813980966,353.0,237.0,210.0,82.0,0.28091191150681233
84.0,75.0,39.0,24.0,39.0,59.0,72.0,60.0,58.0,29.0,53.0,13.0,77.0,10.0,62.0,61.0,67.0,64.0,64.0,31.0,61.0,58.0,40.0,105.0,84.0,34.0,44.0,27.0,19.0,57.0,16.0,26.0,97.0,49.0,54.0,88.0,47.0,70.0,43.0,11.0,53.0,8.0,58.0,61.0,65.0,31.0,39.0,4.0,22.0,49.0,9.0,1,-0.049949041813980966,F,7.5,0.0,7,0.049949041813980966,353.0,237.0,211.0,83.0,0.2780231730730502
50.0,1.0,16.0,82.0,4.0,33.0,83.0,73.0,58.0,54.0,53.0,75.0,76.0,22.0,4.0,54.0,71.0,14.0,6.0,77.0,29.0,86.0,66.0,29.0,5.0,47.0,1.0,5.0,61.0,11.0,79.0,29.0,97.0,33.0,51.0,85.0,56.0,88.0,22.0,76.0,49.0,72.0,53.0,33.0,52.0,38.0,68.0,75.0,79.0,41.0,1.0,1,-0.049949041813980966,F,7.5,1.0,7,0.049949041813980966,354.0,238.0,211.0,83.0,0.27895145527083837
69.0,36.0,14.0,87.0,70.0,77.0,9.0,9.0,20.0,39.0,12.0,37.0,39.0,43.0,62.0,20.0,43.0,40.0,24.0,94.0,35.0,39.0,64.0,33.0,48.0,39.0,32.0,47.0,54.0,5.0,2.0,51.0,90.0,32.0,18.0,62.0,63.0,35.0,54.0,50.0,13.0,73.0,19.0,41.0,57.0,38.0,18.0,67.0,22.0,9.0,9.0,1,-0.049949041813980966,F,7.5,0.0,7,0.049949041813980966,354.0,238.0,212.0,84.0,0.27608996908645134
20.0,80.0,91.0,9.0,5.0,29.0,58.0,49.0,29.0,47.0,24.0,35.0,12.0,63.0,75.0,40.0,28.0,96.0,50.0,71.0,63.0,2.0,11.0,8.0,24.0,26.0,33.0,67.0,22.0,10.0,71.0,58.0,95.0,35.0,65.0,46.0,52.0,30.0,5.0,35.0,14.0,48.0,34.0,31.0,30.0,55.0,46.0,75.0,30.0,72.0,1.0,0,-0.049949041813980966,F,7.5,1.0,7,0.049949041813980966,355.0,238.0,212.0,84.0,0.27419612011692795
79.0,54.0,81.0,66.0,57.0,42.0,19.0,10.0,48.0,79.0,45.0,46.0,31.0,2.0,48.0,40.0,67.0,98.0,54.0,38.0,73.0,71.0,14.0,87.0,40.0,83.0,12.0,38.0,44.0,29.0,17.0,54.0,90.0,1.0,65.0,25.0,63.0,28.0,65.0,14.0,2.0,75.0,80.0,50.0,43.0,32.0,25.0,42.0,26.0,26.0,1.0,0,-0.049949041813980966,F,7.5,1.0,7,0.049949041813980966,356.0,238.0,212.0,84.0,0.27231291074835695
28.0,60.0,29.0,21.0,2.0,33.0,80.0,36.0,21.0,39.0,53.0,75.0,74.0,9.0,1.0,26.0,51.0,72.0,65.0,1.0,74.0,37.0,42.0,73.0,60.0,9.0,1.0,2.0,54.0,42.0,79.0,36.0,99.0,35.0,10.0,78.0,16.0,52.0,17.0,7.0,5.0,38.0,11.0,3.0,73.0,68.0,5.0,4.0,30.0,45.0,5.0,1,-0.049949041813980966,F,7.5,1.0,7,0.049949041813980966,357.0,239.0,212.0,84.0,0.27324137202050625
3.0,1.0,96.0,79.0,26.0,47.0,22.0,73.0,46.0,82.0,38.0,38.0,71.0,58.0,5.0,38.0,22.0,35.0,22.0,46.0,4.0,62.0,25.0,41.0,82.0,32.0,10.0,56.0,46.0,68.0,49.0,48.0,97.0,52.0,65.0,3.0,18.0,54.0,37.0,40.0,69.0,45.0,45.0,34.0,17.0,76.0,66.0,69.0,73.0,28.0,13.0,1,-0.049949041813980966,F,7.5,0.0,7,0.049949041813980966,357.0,239.0,213.0,85.0,0.27040675425099614
75.0,43.0,99.0,69.0,78.0,9.0,69.0,19.0,60.0,70.0,73.0,84.0,68.0,53.0,68.0,79.0,43.0,86.0,52.0,45.0,90.0,68.0,80.0,88.0,30.0,27.0,28.0,56.0,46.0,3.0,45.0,56.0,90.0,61.0,4.0,35.0,53.0,77.0,13.0,56.0,62.0,58.0,8.0,31.0,65.0,10.0,26.0,4.0,13.0,64.0,5.0,1,-0.049949041813980966,F,7.5,1.0,7,0.049949041813980966,358.0,240.0,213.0,85.0,0.2713300285886642
57.0,26.0,23.0,3.0,47.0,67.0,47.0,33.0,77.0,38.0,73.0,86.0,76.0,26.0,1.0,16.0,9.0,31.0,9.0,50.0,26.0,79.0,21.0,104.0,18.0,73.0,76.0,49.0,46.0,70.0,14.0,34.0,90.0,64.0,58.0,65.0,61.0,10.0,41.0,40.0,27.0,39.0,57.0,49.0,21.0,38.0,13.0,62.0,48.0,59.0,9.0,1,-0.049949041813980966,F,7.5,0.0,7,0.049949041813980966,358.0,240.0,214.0,86.0,0.26852190257400926
58.0,4.0,36.0,35.0,70.0,58.0,29.0,36.0,35.0,13.0,42.0,1.0,76.0,3.0,22.0,58.0,51.0,22.0,46.0,40.0,51.0,86.0,35.0,73.0,71.0,47.0,62.0,56.0,77.0,17.0,16.0,86.0,95.0,66.0,43.0,15.0,24.0,55.0,13.0,26.0,49.0,69.0,82.0,49.0,35.0,75.0,59.0,63.0,9.0,66.0,9.0,1,-0.049949041813980966,F,7.5,0.0,7,0.049949041813980966,358.0,240.0,215.0,87.0,0.26573989866181624
4.0,51.0,82.0,72.0,46.0,78.0,61.0,36.0,52.0,63.0,22.0,56.0,76.0,6.0,45.0,13.0,22.0,55.0,4.0,87.0,83.0,53.0,21.0,17.0,25.0,27.0,32.0,61.0,51.0,26.0,43.0,46.0,89.0,16.0,32.0,14.0,9.0,46.0,23.0,27.0,58.0,36.0,47.0,20.0,27.0,31.0,26.0,33.0,71.0,45.0,6.0,1,-0.049949041813980966,F,7.5,1.0,7,0.049949041813980966,359.0,241.0,215.0,87.0,0.2666580294098594
12.0,60.0,14.0,49.0,11.0,11.0,92.0,61.0,62.0,11.0,50.0,9.0,6.0,27.0,35.0,79.0,46.0,15.0,8.0,91.0,5.0,72.0,39.0,76.0,48.0,4.0,19.0,15.0,60.0,59.0,36.0,84.0,90.0,82.0,19.0,87.0,32.0,35.0,11.0,29.0,45.0,70.0,38.0,44.0,70.0,8.0,18.0,40.0,58.0,9.0,1.0,0,-0.049949041813980966,F,7.5,1.0,7,0.049949041813980966,360.0,241.0,215.0,87.0,0.2647932816537467
43.0,74.0,58.0,37.0,22.0,97.0,24.0,25.0,7.0,60.0,3.0,89.0,39.0,52.0,60.0,2.0,67.0,69.0,28.0,36.0,35.0,72.0,21.0,27.0,21.0,73.0,53.0,47.0,67.0,57.0,72.0,34.0,91.0,58.0,72.0,83.0,1.0,10.0,13.0,38.0,45.0,60.0,39.0,26.0,17.0,25.0,18.0,72.0,82.0,6.0,1.0,1,-0.049949041813980966,F,7.5,1.0,7,0.049949041813980966,361.0,242.0,215.0,87.0,0.26570894801262646
80.0,40.0,59.0,49.0,47.0,80.0,70.0,9.0,26.0,84.0,87.0,20.0,57.0,41.0,5.0,75.0,67.0,51.0,33.0,16.0,77.0,62.0,35.0,59.0,75.0,39.0,4.0,65.0,62.0,45.0,16.0,42.0,97.0,80.0,18.0,35.0,69.0,75.0,22.0,13.0,54.0,62.0,51.0,17.0,25.0,81.0,9.0,51.0,81.0,40.0,13.0,1,-0.049949041813980966,F,7.5,0.0,7,0.049949041813980966,361.0,242.0,216.0,88.0,0.26295270339591675
23.0,54.0,72.0,43.0,70.0,51.0,6.0,73.0,66.0,62.0,22.0,73.0,32.0,63.0,17.0,20.0,30.0,53.0,50.0,20.0,71.0,68.0,49.0,2.0,32.0,39.0,62.0,32.0,61.0,53.0,49.0,3.0,91.0,29.0,26.0,6.0,47.0,81.0,19.0,30.0,54.0,22.0,53.0,11.0,55.0,78.0,2.0,60.0,75.0,66.0,10.0,1,-0.049949041813980966,F,7.5,0.0,7,0.049949041813980966,361.0,242.0,217.0,89.0,0.26022186195539787
45.0,1.0,46.0,19.0,28.0,26.0,87.0,5.0,72.0,49.0,75.0,7.0,17.0,11.0,6.0,56.0,57.0,8.0,67.0,67.0,28.0,20.0,16.0,62.0,7.0,58.0,58.0,29.0,45.0,53.0,21.0,11.0,93.0,58.0,54.0,1.0,10.0,37.0,6.0,87.0,40.0,6.0,47.0,8.0,76.0,35.0,26.0,69.0,15.0,49.0,8.0,1,-0.049949041813980966,F,7.5,0.0,7,0.049949041813980966,361.0,242.0,218.0,90.0,0.2575160741060764
70.0,51.0,91.0,87.0,55.0,7.0,22.0,3.0,53.0,58.0,3.0,17.0,6.0,5.0,59.0,58.0,35.0,8.0,18.0,58.0,35.0,57.0,48.0,63.0,18.0,14.0,1.0,53.0,68.0,35.0,27.0,62.0,97.0,52.0,68.0,52.0,83.0,37.0,17.0,64.0,69.0,20.0,57.0,62.0,86.0,38.0,32.0,4.0,44.0,4.0,1.0,1,-0.049949041813980966,F,7.5,1.0,7,0.049949041813980966,362.0,243.0,218.0,90.0,0.2584266815347965
12.0,44.0,56.0,51.0,57.0,40.0,69.0,92.0,78.0,58.0,26.0,84.0,72.0,8.0,21.0,54.0,4.0,22.0,51.0,29.0,7.0,61.0,67.0,27.0,85.0,83.0,1.0,20.0,48.0,73.0,5.0,90.0,95.0,36.0,48.0,87.0,37.0,55.0,22.0,20.0,8.0,17.0,18.0,81.0,86.0,82.0,55.0,60.0,72.0,30.0,5.0,1,-0.049949041813980966,F,7.5,1.0,7,0.049949041813980966,363.0,244.0,218.0,90.0,0.2593322718426972
63.0,45.0,84.0,17.0,10.0,10.0,29.0,31.0,61.0,84.0,16.0,37.0,22.0,63.0,28.0,2.0,30.0,48.0,33.0,9.0,74.0,39.0,5.0,70.0,39.0,73.0,13.0,13.0,56.0,61.0,78.0,33.0,98.0,25.0,43.0,50.0,53.0,63.0,23.0,26.0,62.0,36.0,49.0,54.0,55.0,84.0,20.0,4.0,57.0,11.0,13.0,1,-0.049949041813980966,F,7.5,0.0,7,0.049949041813980966,363.0,244.0,219.0,91.0,0.2566511943846938
7.0,22.0,24.0,60.0,5.0,49.0,55.0,55.0,13.0,29.0,3.0,13.0,71.0,41.0,18.0,50.0,55.0,64.0,20.0,58.0,61.0,67.0,31.0,59.0,54.0,35.0,58.0,70.0,69.0,27.0,10.0,1.0,93.0,73.0,54.0,6.0,18.0,6.0,50.0,38.0,35.0,22.0,8.0,76.0,25.0,30.0,58.0,22.0,54.0,13.0,1.0,1,-0.049949041813980966,F,7.5,1.0,7,0.049949041813980966,364.0,245.0,219.0,91.0,0.257551808921672
60.0,70.0,71.0,19.0,39.0,18.0,11.0,58.0,59.0,33.0,52.0,37.0,16.0,39.0,19.0,3.0,67.0,60.0,60.0,52.0,28.0,71.0,68.0,104.0,60.0,3.0,23.0,60.0,17.0,57.0,15.0,13.0,93.0,58.0,65.0,62.0,83.0,10.0,24.0,41.0,42.0,20.0,7.0,67.0,49.0,46.0,63.0,75.0,5.0,58.0,1.0,1,-0.049949041813980966,F,7.5,1.0,7,0.049949041813980966,365.0,246.0,219.0,91.0,0.2584474885844749
7.0,54.0,38.0,27.0,8.0,64.0,50.0,62.0,74.0,33.0,78.0,73.0,48.0,69.0,29.0,50.0,12.0,8.0,39.0,11.0,31.0,7.0,10.0,50.0,37.0,16.0,56.0,62.0,31.0,36.0,57.0,92.0,97.0,26.0,52.0,79.0,69.0,35.0,41.0,69.0,54.0,58.0,51.0,45.0,31.0,74.0,54.0,33.0,65.0,77.0,9.0,1,-0.049949041813980966,F,7.5,0.0,7,0.049949041813980966,365.0,246.0,220.0,92.0,0.2557907845579079
30.0,84.0,99.0,7.0,54.0,76.0,74.0,40.0,21.0,74.0,34.0,75.0,48.0,52.0,30.0,39.0,34.0,86.0,18.0,32.0,79.0,61.0,67.0,46.0,39.0,16.0,62.0,67.0,56.0,15.0,57.0,92.0,90.0,64.0,43.0,63.0,27.0,37.0,67.0,22.0,14.0,11.0,33.0,53.0,57.0,65.0,4.0,68.0,1.0,45.0,1.0,0,-0.049949041813980966,F,7.5,1.0,7,0.049949041813980966,366.0,246.0,220.0,92.0,0.2539493293591654
38.0,67.0,27.0,49.0,26.0,33.0,54.0,85.0,15.0,56.0,47.0,76.0,34.0,56.0,1.0,24.0,75.0,12.0,4.0,13.0,69.0,60.0,11.0,11.0,65.0,94.0,50.0,22.0,32.0,68.0,31.0,62.0,90.0,1.0,21.0,15.0,5.0,69.0,54.0,54.0,5.0,36.0,32.0,63.0,49.0,66.0,60.0,33.0,22.0,26.0,5.0,1,-0.049949041813980966,F,7.5,1.0,7,0.049949041813980966,367.0,247.0,220.0,92.0,0.25484270497894473
76.0,25.0,36.0,49.0,33.0,5.0,55.0,18.0,25.0,19.0,3.0,9.0,69.0,46.0,14.0,33.0,18.0,3.0,27.0,75.0,20.0,10.0,35.0,10.0,28.0,32.0,46.0,25.0,49.0,30.0,68.0,69.0,90.0,41.0,18.0,60.0,75.0,57.0,30.0,65.0,3.0,16.0,8.0,47.0,4.0,83.0,40.0,25.0,76.0,9.0,4.0,0,-0.049949041813980966,F,7.5,1.0,7,0.049949041813980966,368.0,247.0,220.0,92.0,0.2530138339920949
83.0,27.0,68.0,27.0,18.0,78.0,3.0,78.0,54.0,33.0,61.0,82.0,16.0,59.0,1.0,73.0,52.0,82.0,41.0,63.0,11.0,2.0,35.0,92.0,54.0,34.0,32.0,30.0,54.0,68.0,30.0,48.0,97.0,29.0,58.0,46.0,61.0,6.0,13.0,81.0,1.0,9.0,34.0,45.0,14.0,12.0,29.0,35.0,67.0,24.0,1.0,0,-0.049949041813980966,F,7.5,1.0,7,0.049949041813980966,369.0,247.0,220.0,92.0,0.2511948755851195
21.0,63.0,13.0,37.0,13.0,21.0,57.0,6.0,76.0,87.0,83.0,13.0,62.0,5.0,54.0,42.0,16.0,9.0,48.0,40.0,58.0,60.0,44.0,93.0,90.0,95.0,71.0,9.0,17.0,55.0,42.0,66.0,90.0,29.0,34.0,53.0,63.0,89.0,55.0,15.0,5.0,16.0,37.0,3.0,12.0,82.0,38.0,38.0,73.0,28.0,1.0,1,-0.049949041813980966,F,7.5,1.0,7,0.049949041813980966,370.0,248.0,220.0,92.0,0.25208845208845215
28.0,6.0,83.0,57.0,10.0,33.0,84.0,28.0,12.0,29.0,3.0,58.0,12.0,41.0,29.0,59.0,55.0,82.0,14.0,89.0,49.0,52.0,27.0,43.0,43.0,9.0,28.0,29.0,31.0,36.0,65.0,51.0,90.0,22.0,46.0,44.0,83.0,37.0,39.0,27.0,40.0,17.0,16.0,8.0,71.0,58.0,7.0,75.0,75.0,30.0,1.0,0,-0.049949041813980966,F,7.5,1.0,7,0.049949041813980966,371.0,248.0,220.0,92.0,0.2502817936780201
8.0,67.0,13.0,68.0,11.0,35.0,89.0,84.0,66.0,81.0,72.0,80.0,67.0,65.0,29.0,55.0,47.0,34.0,56.0,75.0,33.0,44.0,28.0,90.0,70.0,38.0,1.0,2.0,52.0,68.0,69.0,84.0,91.0,65.0,38.0,50.0,16.0,24.0,50.0,5.0,49.0,39.0,35.0,55.0,30.0,59.0,59.0,85.0,1.0,54.0,3.0,0,-0.049949041813980966,F,7.5,1.0,7,0.049949041813980966,372.0,248.0,220.0,92.0,0.24848484848484848
81.0,79.0,101.0,68.0,10.0,13.0,88.0,36.0,39.0,34.0,22.0,59.0,56.0,53.0,67.0,35.0,30.0,22.0,50.0,76.0,23.0,18.0,71.0,90.0,9.0,34.0,71.0,14.0,17.0,55.0,50.0,90.0,97.0,23.0,11.0,78.0,25.0,41.0,65.0,50.0,40.0,38.0,71.0,53.0,86.0,76.0,32.0,72.0,57.0,19.0,6.0,0,-0.049949041813980966,F,7.5,1.0,7,0.049949041813980966,373.0,248.0,220.0,92.0,0.24669753838654646
75.0,43.0,43.0,63.0,4.0,28.0,57.0,55.0,72.0,47.0,46.0,86.0,44.0,74.0,56.0,39.0,75.0,53.0,57.0,44.0,92.0,49.0,47.0,46.0,68.0,39.0,13.0,25.0,79.0,43.0,40.0,51.0,90.0,1.0,58.0,85.0,83.0,30.0,24.0,41.0,42.0,48.0,8.0,20.0,30.0,29.0,20.0,4.0,63.0,56.0,1.0,1,-0.049949041813980966,F,7.5,1.0,7,0.049949041813980966,374.0,249.0,220.0,92.0,0.24759358288770056
12.0,22.0,63.0,5.0,55.0,33.0,92.0,91.0,14.0,84.0,20.0,56.0,43.0,21.0,7.0,10.0,21.0,69.0,8.0,3.0,43.0,5.0,80.0,46.0,26.0,73.0,33.0,25.0,17.0,37.0,50.0,79.0,90.0,73.0,7.0,66.0,61.0,14.0,33.0,54.0,8.0,36.0,8.0,67.0,75.0,21.0,66.0,46.0,50.0,47.0,8.0,0,-0.049949041813980966,F,7.5,0.0,7,0.049949041813980966,374.0,249.0,221.0,92.0,0.2494858083093377
71.0,36.0,70.0,81.0,75.0,94.0,70.0,29.0,39.0,36.0,57.0,90.0,37.0,46.0,56.0,35.0,35.0,22.0,20.0,48.0,63.0,10.0,77.0,52.0,18.0,41.0,33.0,54.0,54.0,68.0,49.0,88.0,96.0,54.0,33.0,1.0,8.0,27.0,11.0,26.0,21.0,62.0,34.0,20.0,17.0,77.0,46.0,27.0,5.0,9.0,9.0,0,-0.049949041813980966,F,7.5,0.0,7,0.049949041813980966,374.0,249.0,222.0,92.0,0.2513609866551043
18.0,54.0,99.0,67.0,39.0,94.0,67.0,60.0,38.0,29.0,65.0,15.0,44.0,21.0,79.0,90.0,38.0,10.0,45.0,65.0,73.0,2.0,44.0,46.0,21.0,82.0,52.0,25.0,45.0,64.0,71.0,90.0,90.0,14.0,7.0,1.0,22.0,82.0,56.0,50.0,16.0,9.0,8.0,14.0,68.0,33.0,44.0,69.0,77.0,47.0,1.0,1,-0.049949041813980966,F,7.5,1.0,7,0.049949041813980966,375.0,250.0,222.0,92.0,0.25225225225225223
60.0,49.0,13.0,27.0,39.0,75.0,42.0,19.0,42.0,87.0,3.0,13.0,16.0,27.0,71.0,16.0,43.0,42.0,58.0,61.0,16.0,18.0,16.0,90.0,21.0,37.0,78.0,55.0,47.0,18.0,75.0,29.0,90.0,46.0,65.0,8.0,9.0,42.0,56.0,22.0,41.0,39.0,38.0,26.0,35.0,58.0,54.0,69.0,41.0,66.0,1.0,1,-0.049949041813980966,F,7.5,1.0,7,0.049949041813980966,376.0,251.0,222.0,92.0,0.25313877707494725
26.0,77.0,50.0,48.0,10.0,43.0,58.0,88.0,8.0,29.0,73.0,54.0,32.0,40.0,68.0,73.0,67.0,64.0,11.0,93.0,21.0,39.0,20.0,59.0,51.0,88.0,58.0,70.0,29.0,8.0,59.0,84.0,90.0,26.0,60.0,46.0,61.0,67.0,22.0,40.0,67.0,36.0,39.0,17.0,6.0,10.0,24.0,71.0,45.0,50.0,9.0,1,-0.049949041813980966,F,7.5,0.0,7,0.049949041813980966,376.0,251.0,223.0,93.0,0.25051283274496705
12.0,54.0,72.0,75.0,78.0,21.0,7.0,38.0,38.0,32.0,2.0,33.0,16.0,19.0,70.0,90.0,30.0,60.0,13.0,65.0,33.0,69.0,21.0,104.0,47.0,37.0,58.0,67.0,57.0,26.0,19.0,26.0,97.0,3.0,26.0,46.0,41.0,41.0,37.0,74.0,49.0,75.0,37.0,41.0,48.0,68.0,7.0,29.0,60.0,21.0,1.0,0,-0.049949041813980966,F,7.5,1.0,7,0.049949041813980966,377.0,251.0,223.0,93.0,0.2487421346243056
